car -1 -1 0.00 0.00 0.00 100.00 100.00 -1000 1.60 3.42 -16.89 -1000 23.32 1.60 996.458
car -1 -1 0.00 0.00 0.00 100.00 100.00 -1000 1.61 3.70 -15.01 -1000 42.65 1.59 989.868
car -1 -1 0.00 0.00 0.00 100.00 100.00 -1000 1.58 3.35 16.42 -1000 41.31 1.64 976.360
car -1 -1 0.00 0.00 0.00 100.00 100.00 -1000 1.57 3.58 9.87 -1000 37.98 1.70 973.688
car -1 -1 0.00 0.00 0.00 100.00 100.00 -1000 1.57 3.81 -16.73 -1000 22.49 0.03 967.657
car -1 -1 0.00 0.00 0.00 100.00 100.00 -1000 1.82 4.84 -15.28 -1000 43.83 1.64 946.788
car -1 -1 0.00 0.00 0.00 100.00 100.00 -1000 1.49 3.20 17.96 -1000 47.73 1.66 945.057
car -1 -1 0.00 0.00 0.00 100.00 100.00 -1000 1.64 4.22 15.78 -1000 35.21 1.61 942.704
car -1 -1 0.00 0.00 0.00 100.00 100.00 -1000 1.67 4.44 15.73 -1000 36.13 1.61 924.649
car -1 -1 0.00 0.00 0.00 100.00 100.00 -1000 1.54 3.27 -16.92 -1000 37.21 1.59 921.628
car -1 -1 0.00 0.00 0.00 100.00 100.00 -1000 2.67 10.10 13.38 -1000 40.96 1.47 911.867
car -1 -1 0.00 0.00 0.00 100.00 100.00 -1000 1.62 3.59 15.84 -1000 41.95 1.51 910.411
car -1 -1 0.00 0.00 0.00 100.00 100.00 -1000 1.60 3.62 -14.79 -1000 41.68 1.58 905.649
car -1 -1 0.00 0.00 0.00 100.00 100.00 -1000 1.56 3.48 10.58 -1000 37.34 1.71 894.431
car -1 -1 0.00 0.00 0.00 100.00 100.00 -1000 1.57 3.77 -3.04 -1000 43.02 1.61 892.998
car -1 -1 0.00 0.00 0.00 100.00 100.00 -1000 1.53 3.52 8.60 -1000 27.42 1.65 888.962
car -1 -1 0.00 0.00 0.00 100.00 100.00 -1000 1.61 3.68 8.96 -1000 38.53 1.55 867.301
car -1 -1 0.00 0.00 0.00 100.00 100.00 -1000 1.72 4.24 15.23 -1000 26.74 1.61 859.523
car -1 -1 0.00 0.00 0.00 100.00 100.00 -1000 1.59 3.55 -0.62 -1000 42.14 1.62 858.622
car -1 -1 0.00 0.00 0.00 100.00 100.00 -1000 2.09 6.28 14.24 -1000 41.54 1.48 858.003
car -1 -1 0.00 0.00 0.00 100.00 100.00 -1000 1.57 3.70 6.09 -1000 43.61 1.61 853.315
car -1 -1 0.00 0.00 0.00 100.00 100.00 -1000 1.82 4.98 16.22 -1000 39.84 1.57 852.056
car -1 -1 0.00 0.00 0.00 100.00 100.00 -1000 2.16 7.76 -15.34 -1000 44.70 1.50 843.815
car -1 -1 0.00 0.00 0.00 100.00 100.00 -1000 1.72 4.14 8.02 -1000 39.14 1.59 843.793
car -1 -1 0.00 0.00 0.00 100.00 100.00 -1000 1.55 3.54 14.75 -1000 18.41 0.04 832.809
car -1 -1 0.00 0.00 0.00 100.00 100.00 -1000 1.71 4.34 16.80 -1000 42.59 1.58 820.472
car -1 -1 0.00 0.00 0.00 100.00 100.00 -1000 1.81 4.38 13.89 -1000 42.69 1.49 818.600
car -1 -1 0.00 0.00 0.00 100.00 100.00 -1000 1.55 3.47 -15.43 -1000 36.41 1.52 811.090
car -1 -1 0.00 0.00 0.00 100.00 100.00 -1000 2.41 10.12 13.00 -1000 39.83 1.45 807.975
car -1 -1 0.00 0.00 0.00 100.00 100.00 -1000 2.82 16.77 -13.88 -1000 45.66 1.26 807.330
car -1 -1 0.00 0.00 0.00 100.00 100.00 -1000 1.78 5.02 11.86 -1000 37.80 1.58 806.062
car -1 -1 0.00 0.00 0.00 100.00 100.00 -1000 1.51 3.48 -1.98 -1000 42.41 1.57 800.141
car -1 -1 0.00 0.00 0.00 100.00 100.00 -1000 1.94 5.48 15.55 -1000 40.66 1.46 797.795
car -1 -1 0.00 0.00 0.00 100.00 100.00 -1000 1.72 4.20 15.93 -1000 37.85 1.50 794.206
car -1 -1 0.00 0.00 0.00 100.00 100.00 -1000 1.54 3.43 -5.07 -1000 17.57 1.62 789.034
car -1 -1 0.00 0.00 0.00 100.00 100.00 -1000 1.74 4.33 -17.40 -1000 24.05 1.49 780.019
car -1 -1 0.00 0.00 0.00 100.00 100.00 -1000 1.68 4.49 14.78 -1000 19.28 1.60 778.780
car -1 -1 0.00 0.00 0.00 100.00 100.00 -1000 1.70 4.36 15.71 -1000 33.88 1.61 770.807
car -1 -1 0.00 0.00 0.00 100.00 100.00 -1000 2.05 7.57 16.31 -1000 43.13 1.71 769.920
car -1 -1 0.00 0.00 0.00 100.00 100.00 -1000 1.79 4.88 15.32 -1000 27.79 1.61 765.233
car -1 -1 0.00 0.00 0.00 100.00 100.00 -1000 1.51 3.50 -4.40 -1000 28.14 1.66 764.851
car -1 -1 0.00 0.00 0.00 100.00 100.00 -1000 1.54 3.72 -4.50 -1000 38.27 1.59 764.788
car -1 -1 0.00 0.00 0.00 100.00 100.00 -1000 1.53 3.65 7.46 -1000 23.76 1.63 752.671
car -1 -1 0.00 0.00 0.00 100.00 100.00 -1000 2.10 7.33 -16.62 -1000 25.38 1.51 738.655
car -1 -1 0.00 0.00 0.00 100.00 100.00 -1000 2.05 6.35 16.19 -1000 39.06 1.49 736.404
car -1 -1 0.00 0.00 0.00 100.00 100.00 -1000 1.70 3.99 -5.21 -1000 16.78 -0.01 734.903
car -1 -1 0.00 0.00 0.00 100.00 100.00 -1000 1.65 3.76 17.38 -1000 46.87 -0.13 731.022
car -1 -1 0.00 0.00 0.00 100.00 100.00 -1000 1.53 3.60 8.97 -1000 37.44 0.10 718.205
car -1 -1 0.00 0.00 0.00 100.00 100.00 -1000 1.78 4.77 15.28 -1000 29.70 1.55 712.477
car -1 -1 0.00 0.00 0.00 100.00 100.00 -1000 1.94 6.05 11.32 -1000 28.79 1.52 710.424
car -1 -1 0.00 0.00 0.00 100.00 100.00 -1000 2.44 7.14 -17.20 -1000 45.83 1.52 676.633
car -1 -1 0.00 0.00 0.00 100.00 100.00 -1000 2.07 7.20 14.78 -1000 21.47 1.59 675.627
car -1 -1 0.00 0.00 0.00 100.00 100.00 -1000 2.54 13.51 -13.28 -1000 44.09 1.33 671.123
car -1 -1 0.00 0.00 0.00 100.00 100.00 -1000 1.61 3.82 0.63 -1000 42.57 1.62 670.497
car -1 -1 0.00 0.00 0.00 100.00 100.00 -1000 1.59 3.87 7.60 -1000 44.00 1.61 656.195
car -1 -1 0.00 0.00 0.00 100.00 100.00 -1000 2.00 6.76 11.29 -1000 38.50 1.55 644.231
car -1 -1 0.00 0.00 0.00 100.00 100.00 -1000 1.91 6.61 16.95 -1000 41.57 1.68 643.776
car -1 -1 0.00 0.00 0.00 100.00 100.00 -1000 1.47 3.36 6.58 -1000 23.00 0.03 630.693
car -1 -1 0.00 0.00 0.00 100.00 100.00 -1000 2.36 10.94 -12.54 -1000 26.89 1.46 630.091
car -1 -1 0.00 0.00 0.00 100.00 100.00 -1000 1.69 4.06 -18.17 -1000 22.90 0.17 615.238
car -1 -1 0.00 0.00 0.00 100.00 100.00 -1000 1.77 4.90 8.31 -1000 44.72 1.50 614.258
car -1 -1 0.00 0.00 0.00 100.00 100.00 -1000 1.72 4.64 15.52 -1000 33.01 1.59 599.521
car -1 -1 0.00 0.00 0.00 100.00 100.00 -1000 1.54 3.50 -4.88 -1000 37.41 0.15 598.018
car -1 -1 0.00 0.00 0.00 100.00 100.00 -1000 1.52 3.58 -17.22 -1000 36.38 -0.01 593.639
car -1 -1 0.00 0.00 0.00 100.00 100.00 -1000 1.69 4.09 15.16 -1000 37.09 1.50 592.829
car -1 -1 0.00 0.00 0.00 100.00 100.00 -1000 1.85 4.59 -14.80 -1000 40.89 1.56 591.754
car -1 -1 0.00 0.00 0.00 100.00 100.00 -1000 1.58 3.60 -1.26 -1000 41.37 0.01 587.501
car -1 -1 0.00 0.00 0.00 100.00 100.00 -1000 1.70 4.13 11.43 -1000 36.36 1.55 583.933
car -1 -1 0.00 0.00 0.00 100.00 100.00 -1000 1.91 5.85 14.76 -1000 20.11 1.59 582.528
car -1 -1 0.00 0.00 0.00 100.00 100.00 -1000 1.99 6.94 -13.14 -1000 24.61 1.49 579.419
car -1 -1 0.00 0.00 0.00 100.00 100.00 -1000 1.57 3.83 2.96 -1000 43.07 1.58 577.398
car -1 -1 0.00 0.00 0.00 100.00 100.00 -1000 2.27 9.67 -9.29 -1000 39.84 1.53 574.877
car -1 -1 0.00 0.00 0.00 100.00 100.00 -1000 2.05 6.18 12.33 -1000 42.35 1.45 570.518
car -1 -1 0.00 0.00 0.00 100.00 100.00 -1000 1.82 5.09 -14.27 -1000 23.32 1.56 569.305
car -1 -1 0.00 0.00 0.00 100.00 100.00 -1000 2.46 12.18 -11.00 -1000 46.39 1.40 567.905
car -1 -1 0.00 0.00 0.00 100.00 100.00 -1000 1.94 5.79 15.44 -1000 28.64 1.54 565.155
car -1 -1 0.00 0.00 0.00 100.00 100.00 -1000 2.75 12.20 10.17 -1000 41.44 1.37 565.125
car -1 -1 0.00 0.00 0.00 100.00 100.00 -1000 1.73 4.31 14.10 -1000 35.60 1.50 562.465
car -1 -1 0.00 0.00 0.00 100.00 100.00 -1000 1.93 6.23 13.72 -1000 43.77 1.51 560.342
car -1 -1 0.00 0.00 0.00 100.00 100.00 -1000 1.69 4.59 -0.90 -1000 43.06 1.56 557.790
car -1 -1 0.00 0.00 0.00 100.00 100.00 -1000 2.56 13.01 -13.28 -1000 47.16 1.33 555.055
car -1 -1 0.00 0.00 0.00 100.00 100.00 -1000 1.84 5.62 13.21 -1000 37.10 1.52 535.226
car -1 -1 0.00 0.00 0.00 100.00 100.00 -1000 1.74 4.93 -13.48 -1000 42.00 1.56 534.554
car -1 -1 0.00 0.00 0.00 100.00 100.00 -1000 2.40 9.04 12.01 -1000 29.60 1.51 533.128
car -1 -1 0.00 0.00 0.00 100.00 100.00 -1000 2.01 6.75 -13.65 -1000 43.11 1.50 525.997
car -1 -1 0.00 0.00 0.00 100.00 100.00 -1000 2.29 10.85 16.45 -1000 43.99 1.36 524.996
car -1 -1 0.00 0.00 0.00 100.00 100.00 -1000 2.00 5.09 -16.49 -1000 21.48 1.60 521.720
car -1 -1 0.00 0.00 0.00 100.00 100.00 -1000 1.73 4.65 12.68 -1000 28.15 1.57 515.510
car -1 -1 0.00 0.00 0.00 100.00 100.00 -1000 1.53 3.41 -3.71 -1000 42.33 0.09 507.655
car -1 -1 0.00 0.00 0.00 100.00 100.00 -1000 2.06 6.65 13.04 -1000 30.63 1.53 504.040
car -1 -1 0.00 0.00 0.00 100.00 100.00 -1000 2.41 10.94 0.20 -1000 46.23 1.47 503.135
car -1 -1 0.00 0.00 0.00 100.00 100.00 -1000 1.76 4.48 8.31 -1000 16.27 1.64 499.122
car -1 -1 0.00 0.00 0.00 100.00 100.00 -1000 2.04 7.04 -17.97 -1000 24.50 1.50 498.684
car -1 -1 0.00 0.00 0.00 100.00 100.00 -1000 2.14 7.87 13.81 -1000 38.19 1.47 491.457
car -1 -1 0.00 0.00 0.00 100.00 100.00 -1000 1.90 5.94 -17.80 -1000 44.32 1.49 488.772
car -1 -1 0.00 0.00 0.00 100.00 100.00 -1000 1.58 3.74 1.77 -1000 42.02 -0.01 488.312
car -1 -1 0.00 0.00 0.00 100.00 100.00 -1000 1.61 3.95 9.31 -1000 26.71 1.73 483.140
car -1 -1 0.00 0.00 0.00 100.00 100.00 -1000 1.63 4.11 -5.02 -1000 43.25 1.55 473.847
car -1 -1 0.00 0.00 0.00 100.00 100.00 -1000 1.83 5.11 14.79 -1000 17.83 1.57 468.784
car -1 -1 0.00 0.00 0.00 100.00 100.00 -1000 1.60 4.04 4.64 -1000 43.43 1.59 465.036
car -1 -1 0.00 0.00 0.00 100.00 100.00 -1000 2.21 9.48 -11.13 -1000 42.40 1.42 464.484
car -1 -1 0.00 0.00 0.00 100.00 100.00 -1000 1.71 4.75 17.20 -1000 40.41 1.61 463.926
car -1 -1 0.00 0.00 0.00 100.00 100.00 -1000 2.06 7.36 -6.49 -1000 40.66 1.48 453.257
car -1 -1 0.00 0.00 0.00 100.00 100.00 -1000 2.40 11.75 -10.13 -1000 44.70 1.44 448.076
car -1 -1 0.00 0.00 0.00 100.00 100.00 -1000 1.79 4.93 11.28 -1000 23.64 1.57 446.239
car -1 -1 0.00 0.00 0.00 100.00 100.00 -1000 2.03 5.21 -17.62 -1000 46.67 1.62 444.656
car -1 -1 0.00 0.00 0.00 100.00 100.00 -1000 2.55 9.79 -17.21 -1000 26.21 1.50 443.410
car -1 -1 0.00 0.00 0.00 100.00 100.00 -1000 1.57 3.68 5.60 -1000 42.80 0.02 441.403
car -1 -1 0.00 0.00 0.00 100.00 100.00 -1000 1.96 5.49 16.99 -1000 43.83 1.47 439.128
car -1 -1 0.00 0.00 0.00 100.00 100.00 -1000 1.85 5.27 -16.88 -1000 38.02 1.50 430.494
car -1 -1 0.00 0.00 0.00 100.00 100.00 -1000 1.93 5.43 -14.68 -1000 37.46 1.52 430.261
car -1 -1 0.00 0.00 0.00 100.00 100.00 -1000 1.68 4.19 9.33 -1000 43.67 1.51 416.672
car -1 -1 0.00 0.00 0.00 100.00 100.00 -1000 1.67 4.31 -2.42 -1000 37.90 1.60 414.166
car -1 -1 0.00 0.00 0.00 100.00 100.00 -1000 2.10 8.76 -9.66 -1000 43.61 1.47 413.908
car -1 -1 0.00 0.00 0.00 100.00 100.00 -1000 2.06 6.22 8.62 -1000 39.78 1.54 403.968
car -1 -1 0.00 0.00 0.00 100.00 100.00 -1000 2.06 6.82 14.75 -1000 23.41 1.58 401.537
car -1 -1 0.00 0.00 0.00 100.00 100.00 -1000 2.14 6.37 -15.42 -1000 29.07 1.61 399.632
car -1 -1 0.00 0.00 0.00 100.00 100.00 -1000 1.78 4.70 6.49 -1000 29.70 1.59 396.247
car -1 -1 0.00 0.00 0.00 100.00 100.00 -1000 2.19 8.41 -7.69 -1000 19.29 1.60 396.223
car -1 -1 0.00 0.00 0.00 100.00 100.00 -1000 2.16 8.39 -11.25 -1000 30.66 1.55 394.566
car -1 -1 0.00 0.00 0.00 100.00 100.00 -1000 1.71 4.39 7.90 -1000 28.04 1.53 393.963
car -1 -1 0.00 0.00 0.00 100.00 100.00 -1000 1.72 4.09 -5.06 -1000 27.55 1.48 393.113
car -1 -1 0.00 0.00 0.00 100.00 100.00 -1000 1.80 4.74 12.09 -1000 43.21 1.46 392.706
car -1 -1 0.00 0.00 0.00 100.00 100.00 -1000 1.82 4.74 -14.06 -1000 36.09 1.64 391.815
car -1 -1 0.00 0.00 0.00 100.00 100.00 -1000 2.21 9.96 -10.88 -1000 40.76 1.42 389.652
car -1 -1 0.00 0.00 0.00 100.00 100.00 -1000 2.22 6.92 -15.53 -1000 39.85 1.47 388.793
car -1 -1 0.00 0.00 0.00 100.00 100.00 -1000 1.72 4.67 -2.74 -1000 34.52 1.60 388.322
car -1 -1 0.00 0.00 0.00 100.00 100.00 -1000 1.93 5.00 -16.21 -1000 20.36 1.63 388.167
car -1 -1 0.00 0.00 0.00 100.00 100.00 -1000 1.79 5.03 11.47 -1000 27.46 1.53 386.693
car -1 -1 0.00 0.00 0.00 100.00 100.00 -1000 2.24 7.65 15.10 -1000 25.31 1.48 380.754
car -1 -1 0.00 0.00 0.00 100.00 100.00 -1000 1.70 4.18 -15.92 -1000 35.68 1.49 380.408
car -1 -1 0.00 0.00 0.00 100.00 100.00 -1000 1.82 5.01 13.66 -1000 31.42 1.53 376.498
car -1 -1 0.00 0.00 0.00 100.00 100.00 -1000 2.31 9.71 -6.54 -1000 30.46 1.56 375.580
car -1 -1 0.00 0.00 0.00 100.00 100.00 -1000 2.17 8.36 5.70 -1000 46.66 1.52 374.494
car -1 -1 0.00 0.00 0.00 100.00 100.00 -1000 2.20 9.35 -10.76 -1000 38.79 1.44 368.681
car -1 -1 0.00 0.00 0.00 100.00 100.00 -1000 2.19 8.90 -12.68 -1000 25.74 1.46 367.476
car -1 -1 0.00 0.00 0.00 100.00 100.00 -1000 1.99 6.05 -5.42 -1000 41.43 1.46 366.192
car -1 -1 0.00 0.00 0.00 100.00 100.00 -1000 1.71 4.35 7.50 -1000 42.92 1.61 365.636
car -1 -1 0.00 0.00 0.00 100.00 100.00 -1000 1.92 5.37 -2.67 -1000 43.92 1.56 359.247
car -1 -1 0.00 0.00 0.00 100.00 100.00 -1000 1.82 5.73 4.15 -1000 25.01 1.57 357.554
car -1 -1 0.00 0.00 0.00 100.00 100.00 -1000 1.81 5.38 13.43 -1000 28.91 1.57 356.172
car -1 -1 0.00 0.00 0.00 100.00 100.00 -1000 3.64 14.03 5.95 -1000 5.86 2.02 350.929
car -1 -1 0.00 0.00 0.00 100.00 100.00 -1000 1.76 4.57 6.13 -1000 39.08 1.50 347.984
car -1 -1 0.00 0.00 0.00 100.00 100.00 -1000 2.24 7.12 -17.19 -1000 26.96 1.43 344.440
car -1 -1 0.00 0.00 0.00 100.00 100.00 -1000 2.08 7.67 16.61 -1000 37.54 1.55 343.687
car -1 -1 0.00 0.00 0.00 100.00 100.00 -1000 1.73 4.76 -4.80 -1000 18.22 1.55 342.547
car -1 -1 0.00 0.00 0.00 100.00 100.00 -1000 1.85 5.49 6.52 -1000 32.16 1.54 337.760
car -1 -1 0.00 0.00 0.00 100.00 100.00 -1000 1.79 4.85 -14.99 -1000 22.62 1.58 336.772
car -1 -1 0.00 0.00 0.00 100.00 100.00 -1000 1.79 4.80 10.13 -1000 44.38 1.59 333.981
car -1 -1 0.00 0.00 0.00 100.00 100.00 -1000 2.23 10.16 17.97 -1000 42.10 1.43 333.601
car -1 -1 0.00 0.00 0.00 100.00 100.00 -1000 1.73 4.71 13.64 -1000 26.56 1.51 332.635
car -1 -1 0.00 0.00 0.00 100.00 100.00 -1000 2.38 12.34 -12.27 -1000 31.82 1.44 329.119
car -1 -1 0.00 0.00 0.00 100.00 100.00 -1000 1.80 5.32 9.39 -1000 24.06 1.54 326.997
car -1 -1 0.00 0.00 0.00 100.00 100.00 -1000 1.84 5.56 6.90 -1000 28.60 1.56 326.883
car -1 -1 0.00 0.00 0.00 100.00 100.00 -1000 2.09 9.07 -10.89 -1000 37.55 1.43 323.219
car -1 -1 0.00 0.00 0.00 100.00 100.00 -1000 1.59 3.94 13.98 -1000 27.37 0.01 320.010
car -1 -1 0.00 0.00 0.00 100.00 100.00 -1000 1.76 5.04 11.27 -1000 26.40 1.58 319.498
car -1 -1 0.00 0.00 0.00 100.00 100.00 -1000 1.75 4.59 4.66 -1000 38.72 1.55 313.417
car -1 -1 0.00 0.00 0.00 100.00 100.00 -1000 1.96 6.07 8.33 -1000 45.56 1.58 312.437
car -1 -1 0.00 0.00 0.00 100.00 100.00 -1000 1.77 4.65 7.47 -1000 22.47 -0.06 309.697
car -1 -1 0.00 0.00 0.00 100.00 100.00 -1000 1.90 5.66 -6.53 -1000 29.80 1.53 308.987
car -1 -1 0.00 0.00 0.00 100.00 100.00 -1000 2.36 10.76 -6.55 -1000 31.69 1.54 304.349
car -1 -1 0.00 0.00 0.00 100.00 100.00 -1000 2.28 7.86 15.41 -1000 31.06 1.53 304.230
car -1 -1 0.00 0.00 0.00 100.00 100.00 -1000 1.84 4.73 9.44 -1000 25.83 1.60 299.680
car -1 -1 0.00 0.00 0.00 100.00 100.00 -1000 2.28 7.84 18.10 -1000 44.98 1.55 298.002
car -1 -1 0.00 0.00 0.00 100.00 100.00 -1000 1.88 5.72 12.80 -1000 32.22 1.55 292.842
car -1 -1 0.00 0.00 0.00 100.00 100.00 -1000 1.69 4.37 0.47 -1000 41.35 1.62 291.201
car -1 -1 0.00 0.00 0.00 100.00 100.00 -1000 1.88 5.20 6.60 -1000 42.01 1.55 289.950
car -1 -1 0.00 0.00 0.00 100.00 100.00 -1000 1.73 4.95 7.58 -1000 35.87 1.52 282.472
car -1 -1 0.00 0.00 0.00 100.00 100.00 -1000 1.88 5.62 12.25 -1000 44.27 1.55 280.378
car -1 -1 0.00 0.00 0.00 100.00 100.00 -1000 1.76 4.43 14.50 -1000 17.00 1.65 279.373
car -1 -1 0.00 0.00 0.00 100.00 100.00 -1000 1.91 6.32 -5.22 -1000 43.85 1.50 275.777
car -1 -1 0.00 0.00 0.00 100.00 100.00 -1000 1.69 4.32 -19.43 -1000 44.05 1.57 275.164
car -1 -1 0.00 0.00 0.00 100.00 100.00 -1000 1.99 7.47 18.50 -1000 41.04 1.52 273.642
car -1 -1 0.00 0.00 0.00 100.00 100.00 -1000 1.80 5.37 13.97 -1000 34.76 1.51 273.626
car -1 -1 0.00 0.00 0.00 100.00 100.00 -1000 1.74 4.47 -3.50 -1000 33.89 1.51 270.148
car -1 -1 0.00 0.00 0.00 100.00 100.00 -1000 1.85 4.96 7.10 -1000 38.49 1.51 269.491
car -1 -1 0.00 0.00 0.00 100.00 100.00 -1000 2.15 8.16 -6.76 -1000 39.41 1.50 266.128
car -1 -1 0.00 0.00 0.00 100.00 100.00 -1000 1.94 6.66 -13.93 -1000 29.75 1.59 265.282
car -1 -1 0.00 0.00 0.00 100.00 100.00 -1000 2.41 10.74 10.11 -1000 40.27 1.37 265.038
car -1 -1 0.00 0.00 0.00 100.00 100.00 -1000 2.38 11.19 17.27 -1000 38.28 1.44 264.628
car -1 -1 0.00 0.00 0.00 100.00 100.00 -1000 2.12 9.13 -11.99 -1000 22.51 1.65 260.714
car -1 -1 0.00 0.00 0.00 100.00 100.00 -1000 2.61 8.53 6.35 -1000 5.64 1.77 258.973
car -1 -1 0.00 0.00 0.00 100.00 100.00 -1000 2.14 9.37 4.40 -1000 45.84 1.47 257.809
car -1 -1 0.00 0.00 0.00 100.00 100.00 -1000 4.60 19.17 4.56 -1000 9.45 2.51 255.564
car -1 -1 0.00 0.00 0.00 100.00 100.00 -1000 1.76 4.97 12.41 -1000 25.80 1.59 254.999
car -1 -1 0.00 0.00 0.00 100.00 100.00 -1000 1.87 5.69 6.61 -1000 24.42 1.52 253.055
car -1 -1 0.00 0.00 0.00 100.00 100.00 -1000 2.34 6.36 -2.99 -1000 18.15 2.03 249.139
car -1 -1 0.00 0.00 0.00 100.00 100.00 -1000 2.28 6.27 -13.97 -1000 34.93 1.68 247.348
car -1 -1 0.00 0.00 0.00 100.00 100.00 -1000 1.87 5.59 11.89 -1000 22.66 1.52 246.327
car -1 -1 0.00 0.00 0.00 100.00 100.00 -1000 2.01 5.96 11.28 -1000 35.53 1.50 241.193
car -1 -1 0.00 0.00 0.00 100.00 100.00 -1000 2.02 6.70 -13.00 -1000 39.57 1.45 237.813
car -1 -1 0.00 0.00 0.00 100.00 100.00 -1000 2.58 13.28 18.20 -1000 39.92 1.38 237.238
car -1 -1 0.00 0.00 0.00 100.00 100.00 -1000 2.27 7.55 9.76 -1000 42.39 1.46 237.094
car -1 -1 0.00 0.00 0.00 100.00 100.00 -1000 2.29 9.25 14.85 -1000 45.03 1.46 235.589
car -1 -1 0.00 0.00 0.00 100.00 100.00 -1000 2.84 9.03 4.28 -1000 10.15 2.04 233.132
car -1 -1 0.00 0.00 0.00 100.00 100.00 -1000 2.03 5.22 18.11 -1000 46.01 1.58 231.969
car -1 -1 0.00 0.00 0.00 100.00 100.00 -1000 1.78 4.62 3.48 -1000 42.17 1.59 229.936
car -1 -1 0.00 0.00 0.00 100.00 100.00 -1000 2.45 11.19 0.68 -1000 45.11 1.42 228.706
car -1 -1 0.00 0.00 0.00 100.00 100.00 -1000 2.07 6.58 4.50 -1000 29.58 1.51 226.524
car -1 -1 0.00 0.00 0.00 100.00 100.00 -1000 1.59 3.87 15.65 -1000 38.63 0.01 223.971
car -1 -1 0.00 0.00 0.00 100.00 100.00 -1000 2.10 9.41 -11.98 -1000 28.64 1.43 223.074
car -1 -1 0.00 0.00 0.00 100.00 100.00 -1000 1.86 6.18 -7.81 -1000 18.53 1.58 221.816
car -1 -1 0.00 0.00 0.00 100.00 100.00 -1000 1.70 4.74 8.71 -1000 15.40 1.61 221.151
car -1 -1 0.00 0.00 0.00 100.00 100.00 -1000 2.12 6.45 16.09 -1000 32.34 1.55 219.813
car -1 -1 0.00 0.00 0.00 100.00 100.00 -1000 2.15 8.15 8.59 -1000 31.06 1.40 218.947
car -1 -1 0.00 0.00 0.00 100.00 100.00 -1000 1.60 3.51 -5.76 -1000 42.45 0.10 215.050
car -1 -1 0.00 0.00 0.00 100.00 100.00 -1000 1.95 8.03 -10.83 -1000 36.35 1.50 214.644
car -1 -1 0.00 0.00 0.00 100.00 100.00 -1000 2.08 8.07 3.79 -1000 25.73 1.56 211.725
car -1 -1 0.00 0.00 0.00 100.00 100.00 -1000 1.91 5.28 7.33 -1000 26.66 1.52 208.451
car -1 -1 0.00 0.00 0.00 100.00 100.00 -1000 1.77 5.72 9.97 -1000 34.36 1.45 207.304
car -1 -1 0.00 0.00 0.00 100.00 100.00 -1000 1.97 6.79 -3.95 -1000 19.82 1.47 206.685
car -1 -1 0.00 0.00 0.00 100.00 100.00 -1000 2.03 6.95 6.82 -1000 30.50 1.54 206.042
car -1 -1 0.00 0.00 0.00 100.00 100.00 -1000 2.16 6.95 -16.04 -1000 30.63 1.54 203.270
car -1 -1 0.00 0.00 0.00 100.00 100.00 -1000 2.25 8.18 15.34 -1000 22.55 1.51 202.460
car -1 -1 0.00 0.00 0.00 100.00 100.00 -1000 2.23 10.68 17.15 -1000 36.72 1.50 199.927
car -1 -1 0.00 0.00 0.00 100.00 100.00 -1000 1.87 5.75 7.53 -1000 37.09 1.51 199.749
car -1 -1 0.00 0.00 0.00 100.00 100.00 -1000 1.98 8.77 -10.75 -1000 29.41 1.49 197.478
car -1 -1 0.00 0.00 0.00 100.00 100.00 -1000 2.00 6.31 -2.03 -1000 28.86 1.51 196.414
car -1 -1 0.00 0.00 0.00 100.00 100.00 -1000 2.05 8.82 -1.07 -1000 31.02 1.41 195.397
car -1 -1 0.00 0.00 0.00 100.00 100.00 -1000 1.95 6.68 4.22 -1000 27.36 1.55 194.896
car -1 -1 0.00 0.00 0.00 100.00 100.00 -1000 2.17 9.96 14.08 -1000 46.27 1.41 194.362
car -1 -1 0.00 0.00 0.00 100.00 100.00 -1000 1.85 6.75 -15.79 -1000 32.20 1.58 194.269
car -1 -1 0.00 0.00 0.00 100.00 100.00 -1000 1.66 4.17 8.60 -1000 23.30 1.66 193.564
car -1 -1 0.00 0.00 0.00 100.00 100.00 -1000 2.13 7.27 -12.41 -1000 23.69 1.41 193.408
car -1 -1 0.00 0.00 0.00 100.00 100.00 -1000 1.69 4.40 15.26 -1000 24.46 -0.27 192.219
car -1 -1 0.00 0.00 0.00 100.00 100.00 -1000 2.30 8.48 6.38 -1000 25.41 1.52 191.732
car -1 -1 0.00 0.00 0.00 100.00 100.00 -1000 2.35 12.48 -9.34 -1000 41.63 1.49 184.016
car -1 -1 0.00 0.00 0.00 100.00 100.00 -1000 2.00 6.45 11.45 -1000 21.32 1.49 182.975
car -1 -1 0.00 0.00 0.00 100.00 100.00 -1000 1.93 6.21 -7.52 -1000 29.02 1.51 182.347
car -1 -1 0.00 0.00 0.00 100.00 100.00 -1000 2.32 13.15 -10.82 -1000 27.95 1.60 181.212
car -1 -1 0.00 0.00 0.00 100.00 100.00 -1000 2.34 7.87 -15.52 -1000 27.88 1.66 178.900
car -1 -1 0.00 0.00 0.00 100.00 100.00 -1000 1.85 4.87 10.34 -1000 28.03 1.55 178.517
car -1 -1 0.00 0.00 0.00 100.00 100.00 -1000 1.90 5.55 -4.00 -1000 29.50 1.44 178.173
car -1 -1 0.00 0.00 0.00 100.00 100.00 -1000 2.01 5.97 -2.76 -1000 41.07 1.51 177.298
car -1 -1 0.00 0.00 0.00 100.00 100.00 -1000 1.89 6.61 -16.68 -1000 43.19 1.47 175.696
car -1 -1 0.00 0.00 0.00 100.00 100.00 -1000 1.76 5.90 9.21 -1000 35.17 1.43 172.488
car -1 -1 0.00 0.00 0.00 100.00 100.00 -1000 1.92 6.06 11.61 -1000 32.96 1.52 170.484
car -1 -1 0.00 0.00 0.00 100.00 100.00 -1000 5.72 30.04 4.61 -1000 5.83 2.40 168.882
car -1 -1 0.00 0.00 0.00 100.00 100.00 -1000 1.96 6.67 0.98 -1000 43.40 1.47 168.775
car -1 -1 0.00 0.00 0.00 100.00 100.00 -1000 2.12 7.19 8.62 -1000 29.78 1.51 168.203
car -1 -1 0.00 0.00 0.00 100.00 100.00 -1000 2.04 6.66 -1.92 -1000 38.58 1.59 165.993
car -1 -1 0.00 0.00 0.00 100.00 100.00 -1000 1.86 5.67 13.51 -1000 24.23 1.49 165.961
car -1 -1 0.00 0.00 0.00 100.00 100.00 -1000 3.25 11.69 3.81 -1000 11.21 2.10 163.558
car -1 -1 0.00 0.00 0.00 100.00 100.00 -1000 2.14 6.94 10.01 -1000 45.09 1.57 163.311
car -1 -1 0.00 0.00 0.00 100.00 100.00 -1000 2.25 11.27 -12.01 -1000 33.38 1.44 163.305
car -1 -1 0.00 0.00 0.00 100.00 100.00 -1000 1.96 6.03 2.56 -1000 41.14 1.52 163.176
car -1 -1 0.00 0.00 0.00 100.00 100.00 -1000 1.81 5.27 -1.58 -1000 34.03 1.58 161.816
car -1 -1 0.00 0.00 0.00 100.00 100.00 -1000 2.24 7.67 7.61 -1000 41.01 1.51 158.945
car -1 -1 0.00 0.00 0.00 100.00 100.00 -1000 2.12 7.45 11.52 -1000 31.40 1.52 158.378
car -1 -1 0.00 0.00 0.00 100.00 100.00 -1000 2.20 11.55 -3.93 -1000 45.49 1.55 158.287
car -1 -1 0.00 0.00 0.00 100.00 100.00 -1000 2.01 6.31 12.00 -1000 25.01 1.53 157.849
