car -1 -1 0.00 0.00 0.00 100.00 100.00 -1000 1.62 3.46 3.33 -1000 33.09 1.60 995.598
car -1 -1 0.00 0.00 0.00 100.00 100.00 -1000 1.63 3.71 -18.60 -1000 33.70 1.60 994.310
car -1 -1 0.00 0.00 0.00 100.00 100.00 -1000 1.93 5.39 2.69 -1000 33.94 1.59 960.579
car -1 -1 0.00 0.00 0.00 100.00 100.00 -1000 1.54 3.30 3.77 -1000 32.28 1.54 959.756
car -1 -1 0.00 0.00 0.00 100.00 100.00 -1000 1.55 3.33 2.93 -1000 41.67 1.62 946.091
car -1 -1 0.00 0.00 0.00 100.00 100.00 -1000 1.72 4.35 -18.98 -1000 32.87 -0.01 930.308
car -1 -1 0.00 0.00 0.00 100.00 100.00 -1000 1.61 3.78 -17.39 -1000 33.27 1.63 928.778
car -1 -1 0.00 0.00 0.00 100.00 100.00 -1000 1.91 5.08 -11.60 -1000 44.67 1.61 927.844
car -1 -1 0.00 0.00 0.00 100.00 100.00 -1000 1.73 4.01 -15.79 -1000 33.10 1.57 918.774
car -1 -1 0.00 0.00 0.00 100.00 100.00 -1000 1.74 4.37 -17.11 -1000 34.18 1.59 915.351
car -1 -1 0.00 0.00 0.00 100.00 100.00 -1000 1.58 3.69 -8.48 -1000 36.18 1.57 914.978
car -1 -1 0.00 0.00 0.00 100.00 100.00 -1000 2.05 5.38 -7.04 -1000 9.08 1.73 914.421
car -1 -1 0.00 0.00 0.00 100.00 100.00 -1000 1.56 3.82 -8.12 -1000 40.92 1.63 906.489
car -1 -1 0.00 0.00 0.00 100.00 100.00 -1000 1.84 4.88 2.86 -1000 42.23 1.68 894.972
car -1 -1 0.00 0.00 0.00 100.00 100.00 -1000 1.84 4.93 4.26 -1000 25.27 1.53 890.725
car -1 -1 0.00 0.00 0.00 100.00 100.00 -1000 2.33 7.32 2.74 -1000 35.31 1.46 886.867
car -1 -1 0.00 0.00 0.00 100.00 100.00 -1000 1.67 4.07 -5.59 -1000 21.17 1.65 882.933
car -1 -1 0.00 0.00 0.00 100.00 100.00 -1000 3.29 10.54 -8.34 -1000 38.63 1.66 880.007
car -1 -1 0.00 0.00 0.00 100.00 100.00 -1000 1.76 4.26 3.92 -1000 31.47 1.60 878.629
car -1 -1 0.00 0.00 0.00 100.00 100.00 -1000 1.91 4.84 4.16 -1000 30.61 1.54 872.783
car -1 -1 0.00 0.00 0.00 100.00 100.00 -1000 1.73 4.41 4.26 -1000 18.10 1.51 870.950
car -1 -1 0.00 0.00 0.00 100.00 100.00 -1000 3.04 18.64 3.54 -1000 36.00 1.23 865.858
car -1 -1 0.00 0.00 0.00 100.00 100.00 -1000 2.31 6.72 3.32 -1000 36.62 1.45 833.723
car -1 -1 0.00 0.00 0.00 100.00 100.00 -1000 1.60 4.00 -6.85 -1000 47.17 1.59 816.196
car -1 -1 0.00 0.00 0.00 100.00 100.00 -1000 1.78 4.44 -6.73 -1000 41.66 1.59 814.852
car -1 -1 0.00 0.00 0.00 100.00 100.00 -1000 1.98 5.31 -18.06 -1000 34.86 1.48 810.260
car -1 -1 0.00 0.00 0.00 100.00 100.00 -1000 2.09 5.18 4.31 -1000 11.77 1.58 797.076
car -1 -1 0.00 0.00 0.00 100.00 100.00 -1000 1.67 4.20 4.66 -1000 24.15 1.61 794.045
car -1 -1 0.00 0.00 0.00 100.00 100.00 -1000 2.11 5.95 -18.63 -1000 36.64 1.54 788.217
car -1 -1 0.00 0.00 0.00 100.00 100.00 -1000 1.66 4.01 -5.84 -1000 20.13 -0.16 782.612
car -1 -1 0.00 0.00 0.00 100.00 100.00 -1000 1.70 4.25 -10.23 -1000 41.55 1.64 780.346
car -1 -1 0.00 0.00 0.00 100.00 100.00 -1000 2.79 15.42 4.15 -1000 34.43 1.31 777.136
car -1 -1 0.00 0.00 0.00 100.00 100.00 -1000 1.84 4.47 4.22 -1000 15.32 1.63 776.351
car -1 -1 0.00 0.00 0.00 100.00 100.00 -1000 2.14 6.63 -15.29 -1000 35.27 1.43 773.992
car -1 -1 0.00 0.00 0.00 100.00 100.00 -1000 1.63 3.81 3.76 -1000 23.26 1.55 752.326
car -1 -1 0.00 0.00 0.00 100.00 100.00 -1000 1.85 4.87 4.17 -1000 19.25 1.50 746.728
car -1 -1 0.00 0.00 0.00 100.00 100.00 -1000 1.65 3.86 -6.80 -1000 34.76 1.58 740.760
car -1 -1 0.00 0.00 0.00 100.00 100.00 -1000 1.94 5.94 4.15 -1000 32.61 1.61 731.589
car -1 -1 0.00 0.00 0.00 100.00 100.00 -1000 1.62 4.00 -7.41 -1000 35.51 1.65 730.718
car -1 -1 0.00 0.00 0.00 100.00 100.00 -1000 1.96 6.41 -5.06 -1000 42.01 1.57 725.654
car -1 -1 0.00 0.00 0.00 100.00 100.00 -1000 2.53 8.66 -15.34 -1000 36.58 1.39 709.044
car -1 -1 0.00 0.00 0.00 100.00 100.00 -1000 1.62 3.83 -16.25 -1000 32.36 0.09 694.807
car -1 -1 0.00 0.00 0.00 100.00 100.00 -1000 1.76 4.35 -11.80 -1000 33.87 1.56 692.176
car -1 -1 0.00 0.00 0.00 100.00 100.00 -1000 2.51 12.04 6.89 -1000 35.09 1.37 684.050
car -1 -1 0.00 0.00 0.00 100.00 100.00 -1000 2.26 7.24 1.21 -1000 36.17 1.47 682.716
car -1 -1 0.00 0.00 0.00 100.00 100.00 -1000 1.80 4.54 -14.34 -1000 31.01 1.51 666.455
car -1 -1 0.00 0.00 0.00 100.00 100.00 -1000 2.55 12.60 6.53 -1000 33.54 1.34 663.644
car -1 -1 0.00 0.00 0.00 100.00 100.00 -1000 1.54 3.41 3.37 -1000 40.97 1.62 650.286
car -1 -1 0.00 0.00 0.00 100.00 100.00 -1000 2.12 5.39 4.24 -1000 14.17 1.59 642.249
car -1 -1 0.00 0.00 0.00 100.00 100.00 -1000 2.15 6.32 -11.50 -1000 43.50 1.60 636.929
car -1 -1 0.00 0.00 0.00 100.00 100.00 -1000 3.02 9.88 4.72 -1000 11.79 1.90 631.726
car -1 -1 0.00 0.00 0.00 100.00 100.00 -1000 2.02 5.86 -5.66 -1000 21.92 1.62 626.713
car -1 -1 0.00 0.00 0.00 100.00 100.00 -1000 1.94 5.16 4.86 -1000 22.51 1.61 622.965
car -1 -1 0.00 0.00 0.00 100.00 100.00 -1000 1.55 3.56 -9.84 -1000 40.80 1.54 622.920
car -1 -1 0.00 0.00 0.00 100.00 100.00 -1000 1.65 4.11 -8.58 -1000 34.70 1.64 619.473
car -1 -1 0.00 0.00 0.00 100.00 100.00 -1000 2.74 8.47 -16.12 -1000 37.80 1.62 617.029
car -1 -1 0.00 0.00 0.00 100.00 100.00 -1000 2.06 5.98 5.23 -1000 17.42 1.69 615.504
car -1 -1 0.00 0.00 0.00 100.00 100.00 -1000 2.20 7.41 -18.32 -1000 35.80 1.50 615.107
car -1 -1 0.00 0.00 0.00 100.00 100.00 -1000 1.79 4.66 -10.91 -1000 45.56 1.59 614.495
car -1 -1 0.00 0.00 0.00 100.00 100.00 -1000 2.59 7.39 4.80 -1000 12.89 1.75 608.986
car -1 -1 0.00 0.00 0.00 100.00 100.00 -1000 1.61 3.83 1.99 -1000 41.12 0.13 603.965
car -1 -1 0.00 0.00 0.00 100.00 100.00 -1000 2.58 12.66 6.55 -1000 27.88 1.34 589.522
car -1 -1 0.00 0.00 0.00 100.00 100.00 -1000 1.95 5.94 3.95 -1000 26.11 1.64 588.063
car -1 -1 0.00 0.00 0.00 100.00 100.00 -1000 2.09 6.18 4.35 -1000 29.39 1.48 580.711
car -1 -1 0.00 0.00 0.00 100.00 100.00 -1000 1.95 5.49 -15.28 -1000 34.21 1.55 580.280
car -1 -1 0.00 0.00 0.00 100.00 100.00 -1000 1.83 5.19 -7.76 -1000 42.19 1.52 575.623
car -1 -1 0.00 0.00 0.00 100.00 100.00 -1000 1.79 4.58 -5.64 -1000 35.15 1.57 574.235
car -1 -1 0.00 0.00 0.00 100.00 100.00 -1000 1.89 4.97 -10.80 -1000 37.15 1.61 573.741
car -1 -1 0.00 0.00 0.00 100.00 100.00 -1000 1.71 3.91 -7.47 -1000 10.17 1.55 572.618
car -1 -1 0.00 0.00 0.00 100.00 100.00 -1000 2.48 11.42 6.46 -1000 37.47 1.39 562.467
car -1 -1 0.00 0.00 0.00 100.00 100.00 -1000 2.47 11.46 6.85 -1000 31.93 1.37 561.069
car -1 -1 0.00 0.00 0.00 100.00 100.00 -1000 2.40 11.49 6.20 -1000 44.76 1.40 558.005
car -1 -1 0.00 0.00 0.00 100.00 100.00 -1000 2.53 12.32 6.52 -1000 26.29 1.34 552.709
car -1 -1 0.00 0.00 0.00 100.00 100.00 -1000 1.77 4.21 -14.11 -1000 33.06 1.63 539.954
car -1 -1 0.00 0.00 0.00 100.00 100.00 -1000 1.87 5.24 -8.65 -1000 45.56 1.55 531.069
car -1 -1 0.00 0.00 0.00 100.00 100.00 -1000 1.86 5.06 3.83 -1000 20.88 1.46 529.302
car -1 -1 0.00 0.00 0.00 100.00 100.00 -1000 2.34 10.30 8.08 -1000 25.42 1.40 527.672
car -1 -1 0.00 0.00 0.00 100.00 100.00 -1000 2.16 7.03 -12.58 -1000 38.20 1.52 527.578
car -1 -1 0.00 0.00 0.00 100.00 100.00 -1000 2.15 6.36 -11.58 -1000 39.96 1.58 509.877
car -1 -1 0.00 0.00 0.00 100.00 100.00 -1000 1.73 4.11 4.11 -1000 16.89 1.57 509.325
car -1 -1 0.00 0.00 0.00 100.00 100.00 -1000 2.52 8.85 -8.95 -1000 44.12 1.52 507.794
car -1 -1 0.00 0.00 0.00 100.00 100.00 -1000 1.77 4.55 -7.98 -1000 46.51 1.57 504.238
car -1 -1 0.00 0.00 0.00 100.00 100.00 -1000 1.92 5.51 5.17 -1000 16.06 1.63 497.469
car -1 -1 0.00 0.00 0.00 100.00 100.00 -1000 2.28 10.06 8.50 -1000 29.43 1.42 497.188
car -1 -1 0.00 0.00 0.00 100.00 100.00 -1000 2.58 12.45 6.24 -1000 43.62 1.36 496.177
car -1 -1 0.00 0.00 0.00 100.00 100.00 -1000 2.27 9.89 8.58 -1000 31.04 1.43 495.991
car -1 -1 0.00 0.00 0.00 100.00 100.00 -1000 1.94 5.33 -7.23 -1000 36.84 1.56 490.705
car -1 -1 0.00 0.00 0.00 100.00 100.00 -1000 2.31 9.94 9.11 -1000 32.65 1.43 489.760
car -1 -1 0.00 0.00 0.00 100.00 100.00 -1000 1.72 4.22 2.10 -1000 32.59 0.16 483.746
car -1 -1 0.00 0.00 0.00 100.00 100.00 -1000 1.83 5.45 3.38 -1000 24.55 1.51 483.422
car -1 -1 0.00 0.00 0.00 100.00 100.00 -1000 2.13 6.79 2.78 -1000 45.40 1.59 480.012
car -1 -1 0.00 0.00 0.00 100.00 100.00 -1000 2.26 9.03 2.80 -1000 26.91 1.53 473.776
car -1 -1 0.00 0.00 0.00 100.00 100.00 -1000 2.38 11.45 7.87 -1000 36.31 1.42 468.805
car -1 -1 0.00 0.00 0.00 100.00 100.00 -1000 2.22 7.64 0.22 -1000 35.00 1.44 465.234
car -1 -1 0.00 0.00 0.00 100.00 100.00 -1000 1.72 4.60 0.28 -1000 42.33 1.55 450.527
car -1 -1 0.00 0.00 0.00 100.00 100.00 -1000 2.51 7.59 3.24 -1000 18.45 1.90 441.095
car -1 -1 0.00 0.00 0.00 100.00 100.00 -1000 2.35 10.54 7.91 -1000 20.59 1.38 438.854
car -1 -1 0.00 0.00 0.00 100.00 100.00 -1000 2.40 10.65 8.28 -1000 24.24 1.38 435.486
car -1 -1 0.00 0.00 0.00 100.00 100.00 -1000 2.26 10.17 9.32 -1000 19.72 1.43 430.101
car -1 -1 0.00 0.00 0.00 100.00 100.00 -1000 1.78 4.45 -7.50 -1000 34.08 1.62 425.912
car -1 -1 0.00 0.00 0.00 100.00 100.00 -1000 2.18 6.78 -13.05 -1000 35.08 1.57 410.416
car -1 -1 0.00 0.00 0.00 100.00 100.00 -1000 2.40 7.50 2.53 -1000 19.97 1.80 409.705
car -1 -1 0.00 0.00 0.00 100.00 100.00 -1000 2.41 8.11 3.44 -1000 38.16 1.46 407.041
car -1 -1 0.00 0.00 0.00 100.00 100.00 -1000 2.17 9.52 9.40 -1000 18.12 1.43 404.258
car -1 -1 0.00 0.00 0.00 100.00 100.00 -1000 2.10 6.32 5.21 -1000 21.46 1.63 399.019
car -1 -1 0.00 0.00 0.00 100.00 100.00 -1000 3.70 26.23 6.37 -1000 5.50 1.68 398.044
car -1 -1 0.00 0.00 0.00 100.00 100.00 -1000 2.25 10.05 9.34 -1000 15.71 1.43 396.814
car -1 -1 0.00 0.00 0.00 100.00 100.00 -1000 2.34 8.61 -6.65 -1000 43.53 1.44 387.557
car -1 -1 0.00 0.00 0.00 100.00 100.00 -1000 1.76 4.48 -2.05 -1000 47.71 1.63 383.477
car -1 -1 0.00 0.00 0.00 100.00 100.00 -1000 2.45 8.49 -12.38 -1000 21.86 1.70 378.524
car -1 -1 0.00 0.00 0.00 100.00 100.00 -1000 2.28 6.66 -3.13 -1000 20.69 1.83 372.005
car -1 -1 0.00 0.00 0.00 100.00 100.00 -1000 2.28 9.70 8.27 -1000 23.02 1.39 363.676
car -1 -1 0.00 0.00 0.00 100.00 100.00 -1000 2.00 6.03 6.00 -1000 12.14 1.68 358.952
car -1 -1 0.00 0.00 0.00 100.00 100.00 -1000 2.15 9.15 8.05 -1000 42.79 1.46 358.065
car -1 -1 0.00 0.00 0.00 100.00 100.00 -1000 2.90 9.42 4.52 -1000 14.22 1.93 357.911
car -1 -1 0.00 0.00 0.00 100.00 100.00 -1000 2.28 7.57 -13.65 -1000 39.03 1.45 355.862
car -1 -1 0.00 0.00 0.00 100.00 100.00 -1000 2.33 8.47 1.37 -1000 37.38 1.43 355.101
car -1 -1 0.00 0.00 0.00 100.00 100.00 -1000 1.95 5.86 4.21 -1000 28.23 1.64 349.846
car -1 -1 0.00 0.00 0.00 100.00 100.00 -1000 2.19 9.37 9.59 -1000 14.58 1.47 346.854
car -1 -1 0.00 0.00 0.00 100.00 100.00 -1000 2.03 5.52 -12.64 -1000 31.22 1.55 345.933
car -1 -1 0.00 0.00 0.00 100.00 100.00 -1000 2.01 5.80 -10.77 -1000 28.84 1.56 344.603
car -1 -1 0.00 0.00 0.00 100.00 100.00 -1000 1.90 5.25 -10.49 -1000 34.38 1.59 344.425
car -1 -1 0.00 0.00 0.00 100.00 100.00 -1000 2.13 8.88 9.67 -1000 16.98 1.46 342.445
car -1 -1 0.00 0.00 0.00 100.00 100.00 -1000 2.10 6.36 2.84 -1000 21.54 1.64 334.879
car -1 -1 0.00 0.00 0.00 100.00 100.00 -1000 2.28 10.29 9.52 -1000 22.14 1.43 334.602
car -1 -1 0.00 0.00 0.00 100.00 100.00 -1000 2.30 7.17 -13.76 -1000 37.45 1.41 332.445
car -1 -1 0.00 0.00 0.00 100.00 100.00 -1000 2.13 5.51 -7.91 -1000 40.15 1.63 331.855
car -1 -1 0.00 0.00 0.00 100.00 100.00 -1000 2.48 12.24 9.28 -1000 34.28 1.49 329.136
car -1 -1 0.00 0.00 0.00 100.00 100.00 -1000 2.06 6.46 -11.67 -1000 41.09 1.53 328.946
car -1 -1 0.00 0.00 0.00 100.00 100.00 -1000 2.27 8.10 -6.25 -1000 37.48 1.54 328.713
car -1 -1 0.00 0.00 0.00 100.00 100.00 -1000 2.21 9.67 8.01 -1000 41.51 1.44 325.091
car -1 -1 0.00 0.00 0.00 100.00 100.00 -1000 2.46 6.84 -6.83 -1000 10.57 1.84 324.828
car -1 -1 0.00 0.00 0.00 100.00 100.00 -1000 2.05 8.93 -4.23 -1000 38.64 1.41 324.468
car -1 -1 0.00 0.00 0.00 100.00 100.00 -1000 1.79 4.74 -17.43 -1000 22.26 1.48 320.947
car -1 -1 0.00 0.00 0.00 100.00 100.00 -1000 2.09 6.62 3.07 -1000 22.88 1.56 315.277
car -1 -1 0.00 0.00 0.00 100.00 100.00 -1000 2.09 6.81 -12.51 -1000 41.89 1.58 311.081
car -1 -1 0.00 0.00 0.00 100.00 100.00 -1000 2.00 5.56 2.04 -1000 43.07 1.46 307.549
car -1 -1 0.00 0.00 0.00 100.00 100.00 -1000 2.07 6.29 -10.11 -1000 46.36 1.51 302.375
car -1 -1 0.00 0.00 0.00 100.00 100.00 -1000 2.20 9.34 7.06 -1000 39.12 1.40 298.519
car -1 -1 0.00 0.00 0.00 100.00 100.00 -1000 2.47 11.49 7.03 -1000 18.96 1.37 298.475
car -1 -1 0.00 0.00 0.00 100.00 100.00 -1000 2.19 10.28 7.00 -1000 46.39 1.40 295.440
car -1 -1 0.00 0.00 0.00 100.00 100.00 -1000 2.19 5.91 3.59 -1000 39.45 1.56 295.413
car -1 -1 0.00 0.00 0.00 100.00 100.00 -1000 2.25 8.31 1.68 -1000 25.72 1.51 293.685
car -1 -1 0.00 0.00 0.00 100.00 100.00 -1000 2.00 5.13 -15.89 -1000 31.55 1.53 286.063
car -1 -1 0.00 0.00 0.00 100.00 100.00 -1000 2.37 10.12 6.76 -1000 30.25 1.41 285.991
car -1 -1 0.00 0.00 0.00 100.00 100.00 -1000 1.90 5.38 -4.09 -1000 34.73 1.51 285.222
car -1 -1 0.00 0.00 0.00 100.00 100.00 -1000 1.89 5.59 5.59 -1000 23.42 1.54 282.187
car -1 -1 0.00 0.00 0.00 100.00 100.00 -1000 2.01 6.23 5.08 -1000 20.20 1.59 281.804
car -1 -1 0.00 0.00 0.00 100.00 100.00 -1000 1.93 5.24 0.60 -1000 47.40 1.52 279.540
car -1 -1 0.00 0.00 0.00 100.00 100.00 -1000 2.00 6.03 -1.36 -1000 46.99 1.64 278.301
car -1 -1 0.00 0.00 0.00 100.00 100.00 -1000 2.24 7.56 -8.05 -1000 47.36 1.48 273.368
car -1 -1 0.00 0.00 0.00 100.00 100.00 -1000 2.12 9.47 9.39 -1000 13.29 1.43 270.892
car -1 -1 0.00 0.00 0.00 100.00 100.00 -1000 2.24 9.07 -11.63 -1000 23.85 1.68 270.675
car -1 -1 0.00 0.00 0.00 100.00 100.00 -1000 1.99 6.41 0.20 -1000 33.89 1.46 263.174
car -1 -1 0.00 0.00 0.00 100.00 100.00 -1000 2.00 7.48 -2.85 -1000 37.80 1.47 256.456
car -1 -1 0.00 0.00 0.00 100.00 100.00 -1000 1.96 5.14 -5.05 -1000 19.48 1.72 255.670
car -1 -1 0.00 0.00 0.00 100.00 100.00 -1000 1.99 6.03 -17.30 -1000 23.02 1.60 248.325
car -1 -1 0.00 0.00 0.00 100.00 100.00 -1000 1.98 6.42 5.73 -1000 18.46 1.54 247.584
car -1 -1 0.00 0.00 0.00 100.00 100.00 -1000 2.23 10.22 8.13 -1000 40.37 1.43 244.241
car -1 -1 0.00 0.00 0.00 100.00 100.00 -1000 1.90 4.93 2.59 -1000 40.22 0.16 243.913
car -1 -1 0.00 0.00 0.00 100.00 100.00 -1000 2.06 5.71 -8.99 -1000 37.49 1.56 243.266
car -1 -1 0.00 0.00 0.00 100.00 100.00 -1000 1.92 5.16 -9.56 -1000 35.66 1.51 239.627
car -1 -1 0.00 0.00 0.00 100.00 100.00 -1000 2.94 10.59 2.68 -1000 17.35 1.99 231.621
car -1 -1 0.00 0.00 0.00 100.00 100.00 -1000 1.90 5.73 0.19 -1000 41.26 1.53 229.243
car -1 -1 0.00 0.00 0.00 100.00 100.00 -1000 2.07 6.36 -12.85 -1000 45.84 1.56 228.859
car -1 -1 0.00 0.00 0.00 100.00 100.00 -1000 1.98 5.32 -14.43 -1000 31.95 1.60 227.233
car -1 -1 0.00 0.00 0.00 100.00 100.00 -1000 7.16 34.61 -2.13 -1000 7.00 2.31 227.060
car -1 -1 0.00 0.00 0.00 100.00 100.00 -1000 1.97 4.87 -17.95 -1000 32.01 1.53 225.861
car -1 -1 0.00 0.00 0.00 100.00 100.00 -1000 1.91 4.56 -3.91 -1000 47.41 0.10 223.950
car -1 -1 0.00 0.00 0.00 100.00 100.00 -1000 2.02 6.43 1.27 -1000 24.85 1.53 217.561
car -1 -1 0.00 0.00 0.00 100.00 100.00 -1000 2.12 7.66 4.72 -1000 42.65 1.46 212.666
car -1 -1 0.00 0.00 0.00 100.00 100.00 -1000 2.44 8.87 2.99 -1000 46.31 1.51 208.259
car -1 -1 0.00 0.00 0.00 100.00 100.00 -1000 1.73 4.42 -5.35 -1000 34.29 0.18 207.405
car -1 -1 0.00 0.00 0.00 100.00 100.00 -1000 1.88 5.56 4.56 -1000 40.50 1.57 206.291
car -1 -1 0.00 0.00 0.00 100.00 100.00 -1000 2.20 6.69 -11.62 -1000 35.90 1.59 205.997
car -1 -1 0.00 0.00 0.00 100.00 100.00 -1000 2.25 8.21 1.80 -1000 28.56 1.50 205.601
car -1 -1 0.00 0.00 0.00 100.00 100.00 -1000 2.12 6.79 -15.13 -1000 39.91 1.51 203.613
car -1 -1 0.00 0.00 0.00 100.00 100.00 -1000 2.05 6.59 -10.55 -1000 42.68 1.50 202.452
car -1 -1 0.00 0.00 0.00 100.00 100.00 -1000 1.91 5.69 -5.65 -1000 46.61 1.60 201.983
car -1 -1 0.00 0.00 0.00 100.00 100.00 -1000 2.10 8.23 -2.90 -1000 41.24 1.52 198.131
car -1 -1 0.00 0.00 0.00 100.00 100.00 -1000 2.03 5.80 3.25 -1000 44.47 1.65 196.783
car -1 -1 0.00 0.00 0.00 100.00 100.00 -1000 1.71 4.27 -11.69 -1000 36.48 -0.23 194.035
car -1 -1 0.00 0.00 0.00 100.00 100.00 -1000 1.97 6.27 0.21 -1000 32.72 1.50 193.062
car -1 -1 0.00 0.00 0.00 100.00 100.00 -1000 1.89 5.32 -1.57 -1000 42.14 1.54 192.551
car -1 -1 0.00 0.00 0.00 100.00 100.00 -1000 2.06 7.13 1.31 -1000 31.87 1.49 188.628
car -1 -1 0.00 0.00 0.00 100.00 100.00 -1000 2.39 12.15 9.52 -1000 26.94 1.41 186.362
car -1 -1 0.00 0.00 0.00 100.00 100.00 -1000 2.03 6.92 5.78 -1000 41.12 1.47 185.901
car -1 -1 0.00 0.00 0.00 100.00 100.00 -1000 4.20 16.27 4.31 -1000 12.10 2.30 184.503
car -1 -1 0.00 0.00 0.00 100.00 100.00 -1000 2.00 6.08 -13.82 -1000 29.96 1.57 183.390
car -1 -1 0.00 0.00 0.00 100.00 100.00 -1000 2.13 9.16 9.67 -1000 12.13 1.45 182.998
car -1 -1 0.00 0.00 0.00 100.00 100.00 -1000 2.33 7.89 -12.52 -1000 17.75 1.63 175.763
car -1 -1 0.00 0.00 0.00 100.00 100.00 -1000 2.02 6.00 -6.27 -1000 40.85 1.55 173.967
car -1 -1 0.00 0.00 0.00 100.00 100.00 -1000 2.12 6.60 5.90 -1000 8.19 1.68 171.681
car -1 -1 0.00 0.00 0.00 100.00 100.00 -1000 2.31 7.13 -7.45 -1000 20.90 1.70 168.821
car -1 -1 0.00 0.00 0.00 100.00 100.00 -1000 2.06 6.92 -8.51 -1000 29.05 1.57 167.372
car -1 -1 0.00 0.00 0.00 100.00 100.00 -1000 2.02 7.93 -1.80 -1000 34.31 1.45 165.402
car -1 -1 0.00 0.00 0.00 100.00 100.00 -1000 2.12 6.95 -5.24 -1000 36.30 1.55 165.006
car -1 -1 0.00 0.00 0.00 100.00 100.00 -1000 2.26 7.16 -6.92 -1000 45.16 1.58 161.707
car -1 -1 0.00 0.00 0.00 100.00 100.00 -1000 2.10 6.70 -3.29 -1000 42.64 1.52 160.334
car -1 -1 0.00 0.00 0.00 100.00 100.00 -1000 2.20 9.76 -0.78 -1000 38.62 1.42 159.272
car -1 -1 0.00 0.00 0.00 100.00 100.00 -1000 2.29 7.71 5.99 -1000 10.92 1.46 157.824
car -1 -1 0.00 0.00 0.00 100.00 100.00 -1000 2.44 13.10 8.64 -1000 38.38 1.52 142.797
car -1 -1 0.00 0.00 0.00 100.00 100.00 -1000 2.12 7.46 -3.42 -1000 35.85 1.47 142.005
car -1 -1 0.00 0.00 0.00 100.00 100.00 -1000 2.06 5.68 -15.79 -1000 38.79 1.61 140.075
car -1 -1 0.00 0.00 0.00 100.00 100.00 -1000 3.75 13.60 3.88 -1000 15.74 2.24 139.784
car -1 -1 0.00 0.00 0.00 100.00 100.00 -1000 2.72 10.83 -3.38 -1000 22.14 1.73 139.755
car -1 -1 0.00 0.00 0.00 100.00 100.00 -1000 2.11 8.88 -0.93 -1000 45.56 1.52 135.030
car -1 -1 0.00 0.00 0.00 100.00 100.00 -1000 2.20 10.45 0.19 -1000 39.94 1.51 134.106
car -1 -1 0.00 0.00 0.00 100.00 100.00 -1000 2.29 8.75 -16.33 -1000 31.10 1.56 133.076
car -1 -1 0.00 0.00 0.00 100.00 100.00 -1000 2.05 6.81 -5.88 -1000 39.46 1.54 128.767
car -1 -1 0.00 0.00 0.00 100.00 100.00 -1000 2.24 7.72 -17.32 -1000 24.12 1.55 127.793
car -1 -1 0.00 0.00 0.00 100.00 100.00 -1000 1.68 4.41 5.45 -1000 24.84 -0.40 126.949
car -1 -1 0.00 0.00 0.00 100.00 100.00 -1000 2.27 7.22 -12.13 -1000 29.44 1.52 125.318
car -1 -1 0.00 0.00 0.00 100.00 100.00 -1000 2.16 11.02 -4.57 -1000 44.31 1.40 124.530
car -1 -1 0.00 0.00 0.00 100.00 100.00 -1000 2.32 6.55 -8.44 -1000 39.17 -0.33 122.915
car -1 -1 0.00 0.00 0.00 100.00 100.00 -1000 2.25 10.56 9.60 -1000 10.83 1.42 121.655
car -1 -1 0.00 0.00 0.00 100.00 100.00 -1000 2.17 8.10 0.96 -1000 44.25 1.49 120.680
car -1 -1 0.00 0.00 0.00 100.00 100.00 -1000 2.27 9.86 -14.40 -1000 26.51 1.56 119.031
car -1 -1 0.00 0.00 0.00 100.00 100.00 -1000 1.69 4.11 -12.40 -1000 33.14 -0.18 118.695
car -1 -1 0.00 0.00 0.00 100.00 100.00 -1000 2.36 13.17 9.51 -1000 28.56 1.37 117.636
car -1 -1 0.00 0.00 0.00 100.00 100.00 -1000 2.37 8.11 -12.89 -1000 19.31 1.64 117.346
car -1 -1 0.00 0.00 0.00 100.00 100.00 -1000 1.91 6.23 -0.94 -1000 35.92 1.39 115.119
car -1 -1 0.00 0.00 0.00 100.00 100.00 -1000 2.11 6.21 -12.98 -1000 44.05 1.55 113.808
