car -1 -1 0.00 0.00 0.00 100.00 100.00 -1000 1.55 3.33 -6.91 -1000 26.48 1.69 998.085
car -1 -1 0.00 0.00 0.00 100.00 100.00 -1000 1.52 3.20 -15.73 -1000 38.76 1.66 993.735
car -1 -1 0.00 0.00 0.00 100.00 100.00 -1000 1.61 4.00 -7.73 -1000 25.75 -0.04 993.710
car -1 -1 0.00 0.00 0.00 100.00 100.00 -1000 1.60 3.87 7.09 -1000 46.70 1.70 992.624
car -1 -1 0.00 0.00 0.00 100.00 100.00 -1000 1.74 4.36 -15.79 -1000 37.92 0.01 990.161
car -1 -1 0.00 0.00 0.00 100.00 100.00 -1000 1.68 4.15 -15.39 -1000 43.13 -0.01 989.886
car -1 -1 0.00 0.00 0.00 100.00 100.00 -1000 1.57 3.57 -7.90 -1000 38.71 1.67 987.715
car -1 -1 0.00 0.00 0.00 100.00 100.00 -1000 1.63 3.91 -9.13 -1000 25.38 0.09 977.246
car -1 -1 0.00 0.00 0.00 100.00 100.00 -1000 1.57 3.36 -14.28 -1000 43.63 1.77 969.204
car -1 -1 0.00 0.00 0.00 100.00 100.00 -1000 1.68 4.43 -7.35 -1000 27.17 1.62 965.247
car -1 -1 0.00 0.00 0.00 100.00 100.00 -1000 1.56 3.41 -8.79 -1000 26.23 1.60 963.083
car -1 -1 0.00 0.00 0.00 100.00 100.00 -1000 1.68 4.05 -17.00 -1000 39.04 1.53 957.405
car -1 -1 0.00 0.00 0.00 100.00 100.00 -1000 1.58 3.17 -15.52 -1000 43.86 1.65 946.440
car -1 -1 0.00 0.00 0.00 100.00 100.00 -1000 1.62 3.69 -14.97 -1000 20.11 1.63 937.403
car -1 -1 0.00 0.00 0.00 100.00 100.00 -1000 1.56 3.81 -16.52 -1000 24.25 -0.08 934.621
car -1 -1 0.00 0.00 0.00 100.00 100.00 -1000 1.52 3.55 -16.62 -1000 43.45 0.04 912.216
car -1 -1 0.00 0.00 0.00 100.00 100.00 -1000 2.46 9.41 -15.44 -1000 41.53 1.40 887.913
car -1 -1 0.00 0.00 0.00 100.00 100.00 -1000 2.32 7.85 -7.69 -1000 27.61 1.54 885.698
car -1 -1 0.00 0.00 0.00 100.00 100.00 -1000 3.01 18.26 -6.58 -1000 29.45 1.29 875.497
car -1 -1 0.00 0.00 0.00 100.00 100.00 -1000 1.62 3.89 -14.49 -1000 38.54 1.76 874.973
car -1 -1 0.00 0.00 0.00 100.00 100.00 -1000 1.61 3.57 -13.81 -1000 42.91 1.73 872.760
car -1 -1 0.00 0.00 0.00 100.00 100.00 -1000 1.53 3.30 -6.98 -1000 47.40 1.68 871.255
car -1 -1 0.00 0.00 0.00 100.00 100.00 -1000 1.65 3.84 -7.02 -1000 38.17 1.75 862.830
car -1 -1 0.00 0.00 0.00 100.00 100.00 -1000 1.71 3.99 -14.90 -1000 19.23 1.63 855.257
car -1 -1 0.00 0.00 0.00 100.00 100.00 -1000 1.49 3.39 5.25 -1000 46.50 1.63 849.081
car -1 -1 0.00 0.00 0.00 100.00 100.00 -1000 2.55 10.81 -8.65 -1000 30.06 1.44 847.397
car -1 -1 0.00 0.00 0.00 100.00 100.00 -1000 1.97 5.23 -18.48 -1000 42.31 1.62 846.604
car -1 -1 0.00 0.00 0.00 100.00 100.00 -1000 1.48 3.23 -17.21 -1000 24.81 1.63 846.339
car -1 -1 0.00 0.00 0.00 100.00 100.00 -1000 2.63 10.44 -8.87 -1000 28.83 1.44 843.880
car -1 -1 0.00 0.00 0.00 100.00 100.00 -1000 1.75 4.25 -8.03 -1000 37.55 -0.08 836.095
car -1 -1 0.00 0.00 0.00 100.00 100.00 -1000 2.62 11.73 -12.04 -1000 41.03 1.37 821.097
car -1 -1 0.00 0.00 0.00 100.00 100.00 -1000 1.50 3.54 6.94 -1000 31.44 1.68 820.543
car -1 -1 0.00 0.00 0.00 100.00 100.00 -1000 1.78 5.21 -15.24 -1000 39.36 1.57 806.063
car -1 -1 0.00 0.00 0.00 100.00 100.00 -1000 1.52 3.59 6.99 -1000 45.90 -0.11 805.325
car -1 -1 0.00 0.00 0.00 100.00 100.00 -1000 2.15 5.58 -18.65 -1000 41.04 1.61 799.990
car -1 -1 0.00 0.00 0.00 100.00 100.00 -1000 1.46 3.20 3.96 -1000 45.98 1.62 799.563
car -1 -1 0.00 0.00 0.00 100.00 100.00 -1000 1.64 3.66 -6.83 -1000 25.26 1.73 798.047
car -1 -1 0.00 0.00 0.00 100.00 100.00 -1000 2.47 9.62 -5.94 -1000 29.58 1.48 793.342
car -1 -1 0.00 0.00 0.00 100.00 100.00 -1000 1.95 5.26 -14.07 -1000 41.96 1.59 792.626
car -1 -1 0.00 0.00 0.00 100.00 100.00 -1000 3.27 10.62 5.48 -1000 5.12 1.61 790.246
car -1 -1 0.00 0.00 0.00 100.00 100.00 -1000 1.60 3.91 -17.33 -1000 38.18 0.11 784.327
car -1 -1 0.00 0.00 0.00 100.00 100.00 -1000 1.92 5.35 -17.76 -1000 39.78 1.50 780.700
car -1 -1 0.00 0.00 0.00 100.00 100.00 -1000 1.59 4.13 6.03 -1000 47.13 1.56 780.114
car -1 -1 0.00 0.00 0.00 100.00 100.00 -1000 1.60 3.73 18.80 -1000 34.73 1.54 760.789
car -1 -1 0.00 0.00 0.00 100.00 100.00 -1000 1.63 3.67 -7.56 -1000 46.60 0.02 754.484
car -1 -1 0.00 0.00 0.00 100.00 100.00 -1000 1.61 3.90 -5.82 -1000 26.04 1.74 753.186
car -1 -1 0.00 0.00 0.00 100.00 100.00 -1000 2.18 8.08 6.63 -1000 47.35 1.54 741.712
car -1 -1 0.00 0.00 0.00 100.00 100.00 -1000 2.49 9.76 -10.35 -1000 40.15 1.43 740.077
car -1 -1 0.00 0.00 0.00 100.00 100.00 -1000 1.57 3.77 6.85 -1000 41.03 1.67 737.811
car -1 -1 0.00 0.00 0.00 100.00 100.00 -1000 3.15 18.17 -5.93 -1000 27.81 1.30 722.085
car -1 -1 0.00 0.00 0.00 100.00 100.00 -1000 2.60 13.34 -6.41 -1000 41.52 1.33 721.269
car -1 -1 0.00 0.00 0.00 100.00 100.00 -1000 1.71 4.34 -15.73 -1000 44.50 1.56 709.878
car -1 -1 0.00 0.00 0.00 100.00 100.00 -1000 1.80 4.94 -13.97 -1000 44.23 1.63 699.099
car -1 -1 0.00 0.00 0.00 100.00 100.00 -1000 1.54 3.73 -17.62 -1000 42.99 -0.11 693.474
car -1 -1 0.00 0.00 0.00 100.00 100.00 -1000 2.22 8.25 -5.55 -1000 26.93 1.50 691.099
car -1 -1 0.00 0.00 0.00 100.00 100.00 -1000 1.59 3.98 8.44 -1000 46.16 1.73 686.213
car -1 -1 0.00 0.00 0.00 100.00 100.00 -1000 1.87 5.43 -9.49 -1000 26.87 1.50 683.124
car -1 -1 0.00 0.00 0.00 100.00 100.00 -1000 2.23 7.07 -14.34 -1000 27.18 1.55 677.290
car -1 -1 0.00 0.00 0.00 100.00 100.00 -1000 1.99 5.96 -14.67 -1000 25.60 1.54 675.921
car -1 -1 0.00 0.00 0.00 100.00 100.00 -1000 1.85 5.61 -8.13 -1000 39.41 1.50 672.795
car -1 -1 0.00 0.00 0.00 100.00 100.00 -1000 1.91 4.86 -15.90 -1000 42.32 1.64 663.309
car -1 -1 0.00 0.00 0.00 100.00 100.00 -1000 2.31 9.64 -3.03 -1000 28.58 1.42 661.789
car -1 -1 0.00 0.00 0.00 100.00 100.00 -1000 2.28 8.31 -10.59 -1000 28.08 1.46 645.935
car -1 -1 0.00 0.00 0.00 100.00 100.00 -1000 2.41 10.33 -10.88 -1000 30.93 1.42 639.134
car -1 -1 0.00 0.00 0.00 100.00 100.00 -1000 1.72 4.10 -14.88 -1000 37.26 1.69 635.931
car -1 -1 0.00 0.00 0.00 100.00 100.00 -1000 2.77 12.92 -15.54 -1000 40.59 1.40 635.497
car -1 -1 0.00 0.00 0.00 100.00 100.00 -1000 2.28 9.02 -14.95 -1000 39.79 1.47 635.241
car -1 -1 0.00 0.00 0.00 100.00 100.00 -1000 1.77 5.32 8.92 -1000 47.13 1.60 632.699
car -1 -1 0.00 0.00 0.00 100.00 100.00 -1000 1.62 4.48 -18.54 -1000 25.39 1.62 630.913
car -1 -1 0.00 0.00 0.00 100.00 100.00 -1000 2.45 10.46 -9.09 -1000 42.13 1.43 619.555
car -1 -1 0.00 0.00 0.00 100.00 100.00 -1000 1.86 4.90 -15.04 -1000 20.84 1.66 617.777
car -1 -1 0.00 0.00 0.00 100.00 100.00 -1000 1.61 3.78 -6.99 -1000 18.34 1.55 605.784
car -1 -1 0.00 0.00 0.00 100.00 100.00 -1000 2.66 13.20 -5.39 -1000 40.42 1.35 601.157
car -1 -1 0.00 0.00 0.00 100.00 100.00 -1000 1.60 3.66 -18.36 -1000 24.37 -0.07 600.935
car -1 -1 0.00 0.00 0.00 100.00 100.00 -1000 1.77 4.60 5.58 -1000 41.94 1.55 550.339
car -1 -1 0.00 0.00 0.00 100.00 100.00 -1000 1.68 4.16 18.20 -1000 35.49 1.44 547.066
car -1 -1 0.00 0.00 0.00 100.00 100.00 -1000 2.00 5.65 -14.25 -1000 31.42 1.58 545.384
car -1 -1 0.00 0.00 0.00 100.00 100.00 -1000 1.73 4.72 3.91 -1000 47.14 1.63 541.907
car -1 -1 0.00 0.00 0.00 100.00 100.00 -1000 2.62 13.82 -3.09 -1000 30.18 1.47 535.919
car -1 -1 0.00 0.00 0.00 100.00 100.00 -1000 1.92 5.72 -13.29 -1000 28.23 1.60 530.829
car -1 -1 0.00 0.00 0.00 100.00 100.00 -1000 1.61 3.53 -10.16 -1000 25.95 1.44 516.709
car -1 -1 0.00 0.00 0.00 100.00 100.00 -1000 2.06 7.10 -5.76 -1000 39.02 1.50 508.517
car -1 -1 0.00 0.00 0.00 100.00 100.00 -1000 1.57 3.85 7.65 -1000 40.47 1.70 508.265
car -1 -1 0.00 0.00 0.00 100.00 100.00 -1000 1.81 4.64 17.42 -1000 37.12 1.53 495.491
car -1 -1 0.00 0.00 0.00 100.00 100.00 -1000 1.95 6.10 -7.88 -1000 18.96 1.51 470.481
car -1 -1 0.00 0.00 0.00 100.00 100.00 -1000 2.19 8.66 -10.53 -1000 43.08 1.45 459.097
car -1 -1 0.00 0.00 0.00 100.00 100.00 -1000 1.90 5.81 -4.58 -1000 38.31 1.55 458.047
car -1 -1 0.00 0.00 0.00 100.00 100.00 -1000 1.81 4.78 -13.11 -1000 20.11 1.61 457.604
car -1 -1 0.00 0.00 0.00 100.00 100.00 -1000 1.52 3.99 7.19 -1000 30.68 -0.14 452.056
car -1 -1 0.00 0.00 0.00 100.00 100.00 -1000 2.20 9.99 -11.09 -1000 32.67 1.41 443.077
car -1 -1 0.00 0.00 0.00 100.00 100.00 -1000 1.75 5.07 -13.23 -1000 37.76 1.54 435.391
car -1 -1 0.00 0.00 0.00 100.00 100.00 -1000 2.35 11.37 -6.52 -1000 31.00 1.46 434.576
car -1 -1 0.00 0.00 0.00 100.00 100.00 -1000 1.76 4.82 -5.98 -1000 37.28 1.56 425.185
car -1 -1 0.00 0.00 0.00 100.00 100.00 -1000 1.87 5.87 -3.37 -1000 25.80 1.60 421.249
car -1 -1 0.00 0.00 0.00 100.00 100.00 -1000 1.59 3.71 5.65 -1000 45.59 -0.13 418.167
car -1 -1 0.00 0.00 0.00 100.00 100.00 -1000 1.79 4.86 3.39 -1000 38.69 1.49 416.767
car -1 -1 0.00 0.00 0.00 100.00 100.00 -1000 1.63 3.96 -17.59 -1000 44.03 1.53 410.706
car -1 -1 0.00 0.00 0.00 100.00 100.00 -1000 1.71 4.57 10.88 -1000 46.01 1.51 407.160
car -1 -1 0.00 0.00 0.00 100.00 100.00 -1000 2.33 9.85 -3.38 -1000 39.52 1.44 406.075
car -1 -1 0.00 0.00 0.00 100.00 100.00 -1000 2.34 10.11 -2.63 -1000 27.40 1.43 404.875
car -1 -1 0.00 0.00 0.00 100.00 100.00 -1000 1.58 3.73 -15.86 -1000 24.98 1.61 402.787
car -1 -1 0.00 0.00 0.00 100.00 100.00 -1000 1.78 4.59 -17.25 -1000 23.50 1.64 399.929
car -1 -1 0.00 0.00 0.00 100.00 100.00 -1000 1.67 4.33 5.28 -1000 31.42 1.54 399.424
car -1 -1 0.00 0.00 0.00 100.00 100.00 -1000 1.91 5.03 -14.97 -1000 18.35 1.60 394.067
car -1 -1 0.00 0.00 0.00 100.00 100.00 -1000 1.61 3.75 -10.66 -1000 25.09 0.06 394.002
car -1 -1 0.00 0.00 0.00 100.00 100.00 -1000 1.82 4.67 -5.08 -1000 25.16 1.66 393.481
car -1 -1 0.00 0.00 0.00 100.00 100.00 -1000 1.68 3.84 -8.01 -1000 24.90 -0.13 390.215
car -1 -1 0.00 0.00 0.00 100.00 100.00 -1000 2.02 6.94 -2.65 -1000 38.71 1.46 380.428
car -1 -1 0.00 0.00 0.00 100.00 100.00 -1000 1.68 4.26 16.59 -1000 36.34 1.53 377.719
car -1 -1 0.00 0.00 0.00 100.00 100.00 -1000 2.01 6.93 -3.67 -1000 37.59 1.54 372.159
car -1 -1 0.00 0.00 0.00 100.00 100.00 -1000 1.70 4.31 4.10 -1000 45.35 1.48 371.858
car -1 -1 0.00 0.00 0.00 100.00 100.00 -1000 1.90 5.26 15.93 -1000 20.49 1.52 371.548
car -1 -1 0.00 0.00 0.00 100.00 100.00 -1000 2.04 7.21 -0.16 -1000 29.75 1.51 371.189
car -1 -1 0.00 0.00 0.00 100.00 100.00 -1000 1.74 4.61 8.20 -1000 31.15 1.63 361.680
car -1 -1 0.00 0.00 0.00 100.00 100.00 -1000 1.98 6.33 -6.57 -1000 33.75 1.68 361.038
car -1 -1 0.00 0.00 0.00 100.00 100.00 -1000 1.98 7.06 -12.57 -1000 38.65 1.47 360.983
car -1 -1 0.00 0.00 0.00 100.00 100.00 -1000 1.82 5.16 8.29 -1000 41.49 1.51 360.930
car -1 -1 0.00 0.00 0.00 100.00 100.00 -1000 2.25 8.30 -8.63 -1000 41.01 1.43 360.535
car -1 -1 0.00 0.00 0.00 100.00 100.00 -1000 1.76 4.71 -5.92 -1000 46.61 1.59 358.541
car -1 -1 0.00 0.00 0.00 100.00 100.00 -1000 1.68 4.56 17.25 -1000 26.44 1.57 355.770
car -1 -1 0.00 0.00 0.00 100.00 100.00 -1000 1.66 4.46 7.95 -1000 45.43 1.66 352.700
car -1 -1 0.00 0.00 0.00 100.00 100.00 -1000 2.30 10.02 -12.12 -1000 44.80 1.39 348.784
car -1 -1 0.00 0.00 0.00 100.00 100.00 -1000 1.85 4.93 -14.56 -1000 36.31 1.54 346.092
car -1 -1 0.00 0.00 0.00 100.00 100.00 -1000 2.08 7.37 -0.12 -1000 31.37 1.53 345.432
car -1 -1 0.00 0.00 0.00 100.00 100.00 -1000 1.86 5.60 10.84 -1000 34.50 1.58 343.937
car -1 -1 0.00 0.00 0.00 100.00 100.00 -1000 2.27 10.09 -10.92 -1000 19.62 1.46 340.379
car -1 -1 0.00 0.00 0.00 100.00 100.00 -1000 1.93 5.02 -5.34 -1000 18.44 1.86 339.416
car -1 -1 0.00 0.00 0.00 100.00 100.00 -1000 2.00 7.67 -14.99 -1000 35.50 1.55 338.193
car -1 -1 0.00 0.00 0.00 100.00 100.00 -1000 1.93 6.08 -13.54 -1000 29.39 1.54 334.158
car -1 -1 0.00 0.00 0.00 100.00 100.00 -1000 1.84 5.49 9.82 -1000 41.89 1.60 331.709
car -1 -1 0.00 0.00 0.00 100.00 100.00 -1000 1.95 4.75 -16.58 -1000 37.21 1.50 322.208
car -1 -1 0.00 0.00 0.00 100.00 100.00 -1000 1.70 4.71 -9.02 -1000 38.08 1.48 321.368
car -1 -1 0.00 0.00 0.00 100.00 100.00 -1000 2.10 7.57 0.40 -1000 40.97 1.56 319.921
car -1 -1 0.00 0.00 0.00 100.00 100.00 -1000 2.22 5.56 -7.40 -1000 36.81 1.56 316.746
car -1 -1 0.00 0.00 0.00 100.00 100.00 -1000 2.23 8.41 -11.33 -1000 29.68 1.45 309.678
car -1 -1 0.00 0.00 0.00 100.00 100.00 -1000 1.96 6.27 7.86 -1000 32.13 1.56 303.088
car -1 -1 0.00 0.00 0.00 100.00 100.00 -1000 2.02 6.61 10.90 -1000 46.73 1.51 302.610
car -1 -1 0.00 0.00 0.00 100.00 100.00 -1000 2.23 6.39 -16.37 -1000 22.50 1.64 297.988
car -1 -1 0.00 0.00 0.00 100.00 100.00 -1000 1.97 6.75 -0.11 -1000 34.62 1.57 294.221
car -1 -1 0.00 0.00 0.00 100.00 100.00 -1000 2.01 4.54 -6.16 -1000 24.30 1.76 292.047
car -1 -1 0.00 0.00 0.00 100.00 100.00 -1000 1.80 5.18 2.95 -1000 40.33 1.63 291.095
car -1 -1 0.00 0.00 0.00 100.00 100.00 -1000 1.92 6.53 -10.51 -1000 39.11 1.47 288.274
car -1 -1 0.00 0.00 0.00 100.00 100.00 -1000 2.04 5.83 11.53 -1000 45.16 1.61 283.530
car -1 -1 0.00 0.00 0.00 100.00 100.00 -1000 1.75 4.94 -8.70 -1000 47.22 1.50 281.852
car -1 -1 0.00 0.00 0.00 100.00 100.00 -1000 1.93 5.71 5.27 -1000 40.81 1.53 281.192
car -1 -1 0.00 0.00 0.00 100.00 100.00 -1000 1.72 4.63 16.23 -1000 25.86 0.04 278.095
car -1 -1 0.00 0.00 0.00 100.00 100.00 -1000 1.84 5.67 5.90 -1000 32.59 1.58 275.762
car -1 -1 0.00 0.00 0.00 100.00 100.00 -1000 2.05 5.78 3.16 -1000 32.25 1.60 273.979
car -1 -1 0.00 0.00 0.00 100.00 100.00 -1000 2.24 5.88 -8.12 -1000 24.31 1.62 273.221
car -1 -1 0.00 0.00 0.00 100.00 100.00 -1000 1.99 6.61 0.03 -1000 28.55 1.47 270.143
car -1 -1 0.00 0.00 0.00 100.00 100.00 -1000 1.95 4.84 -6.52 -1000 17.49 1.66 268.155
car -1 -1 0.00 0.00 0.00 100.00 100.00 -1000 2.10 7.11 -15.03 -1000 23.91 1.48 265.175
car -1 -1 0.00 0.00 0.00 100.00 100.00 -1000 1.89 5.47 2.54 -1000 34.60 1.52 264.704
car -1 -1 0.00 0.00 0.00 100.00 100.00 -1000 1.94 6.60 -9.56 -1000 46.51 1.46 263.653
car -1 -1 0.00 0.00 0.00 100.00 100.00 -1000 1.99 6.54 16.71 -1000 22.50 1.57 262.180
car -1 -1 0.00 0.00 0.00 100.00 100.00 -1000 1.92 5.43 -3.44 -1000 24.18 1.67 261.875
car -1 -1 0.00 0.00 0.00 100.00 100.00 -1000 2.00 5.78 -17.62 -1000 44.83 1.56 259.843
car -1 -1 0.00 0.00 0.00 100.00 100.00 -1000 1.97 7.78 -0.55 -1000 39.06 1.54 259.280
car -1 -1 0.00 0.00 0.00 100.00 100.00 -1000 1.80 4.66 7.63 -1000 39.60 1.63 257.858
car -1 -1 0.00 0.00 0.00 100.00 100.00 -1000 2.41 12.70 -10.58 -1000 33.54 1.47 255.751
car -1 -1 0.00 0.00 0.00 100.00 100.00 -1000 1.80 4.65 15.93 -1000 19.39 1.64 252.642
car -1 -1 0.00 0.00 0.00 100.00 100.00 -1000 2.22 8.55 2.92 -1000 24.55 1.43 247.191
car -1 -1 0.00 0.00 0.00 100.00 100.00 -1000 2.12 6.35 -14.24 -1000 30.27 1.46 245.892
car -1 -1 0.00 0.00 0.00 100.00 100.00 -1000 1.82 5.15 18.64 -1000 25.93 1.59 245.628
car -1 -1 0.00 0.00 0.00 100.00 100.00 -1000 1.73 4.84 9.54 -1000 40.42 1.58 245.408
car -1 -1 0.00 0.00 0.00 100.00 100.00 -1000 1.86 6.17 -12.02 -1000 37.21 1.47 243.186
car -1 -1 0.00 0.00 0.00 100.00 100.00 -1000 2.25 10.53 -0.68 -1000 35.46 1.50 242.928
car -1 -1 0.00 0.00 0.00 100.00 100.00 -1000 2.00 8.44 -10.76 -1000 20.56 1.44 242.904
car -1 -1 0.00 0.00 0.00 100.00 100.00 -1000 2.06 8.12 0.03 -1000 32.70 1.48 241.134
car -1 -1 0.00 0.00 0.00 100.00 100.00 -1000 1.81 5.32 15.66 -1000 35.58 1.53 241.062
car -1 -1 0.00 0.00 0.00 100.00 100.00 -1000 2.08 7.19 -10.26 -1000 18.55 1.52 239.487
car -1 -1 0.00 0.00 0.00 100.00 100.00 -1000 1.95 5.93 11.98 -1000 25.75 1.56 237.850
car -1 -1 0.00 0.00 0.00 100.00 100.00 -1000 2.00 6.51 5.34 -1000 33.82 1.58 233.901
car -1 -1 0.00 0.00 0.00 100.00 100.00 -1000 1.72 4.66 18.47 -1000 34.02 1.50 233.105
car -1 -1 0.00 0.00 0.00 100.00 100.00 -1000 1.96 4.93 7.34 -1000 44.29 1.53 233.023
car -1 -1 0.00 0.00 0.00 100.00 100.00 -1000 1.99 6.27 4.31 -1000 43.48 1.51 232.734
car -1 -1 0.00 0.00 0.00 100.00 100.00 -1000 1.96 5.97 -6.28 -1000 35.86 1.50 232.591
car -1 -1 0.00 0.00 0.00 100.00 100.00 -1000 2.72 8.38 -14.48 -1000 45.49 1.57 232.293
car -1 -1 0.00 0.00 0.00 100.00 100.00 -1000 1.95 6.14 11.61 -1000 23.14 1.51 230.713
car -1 -1 0.00 0.00 0.00 100.00 100.00 -1000 2.08 6.62 4.69 -1000 37.43 1.42 230.613
car -1 -1 0.00 0.00 0.00 100.00 100.00 -1000 2.22 7.17 -14.90 -1000 21.76 1.58 230.076
car -1 -1 0.00 0.00 0.00 100.00 100.00 -1000 1.85 6.43 -16.97 -1000 21.36 1.45 227.256
car -1 -1 0.00 0.00 0.00 100.00 100.00 -1000 1.98 6.35 5.67 -1000 42.62 1.58 225.581
car -1 -1 0.00 0.00 0.00 100.00 100.00 -1000 2.00 6.28 2.62 -1000 30.57 1.47 225.579
car -1 -1 0.00 0.00 0.00 100.00 100.00 -1000 2.21 6.09 -4.65 -1000 23.42 1.81 220.903
car -1 -1 0.00 0.00 0.00 100.00 100.00 -1000 2.12 6.62 3.74 -1000 35.43 1.62 219.861
car -1 -1 0.00 0.00 0.00 100.00 100.00 -1000 2.30 10.65 0.11 -1000 41.84 1.55 217.960
car -1 -1 0.00 0.00 0.00 100.00 100.00 -1000 2.09 8.88 -0.76 -1000 37.05 1.47 215.749
car -1 -1 0.00 0.00 0.00 100.00 100.00 -1000 1.89 6.41 0.65 -1000 36.23 1.49 214.464
car -1 -1 0.00 0.00 0.00 100.00 100.00 -1000 2.14 7.52 9.12 -1000 34.03 1.42 213.479
car -1 -1 0.00 0.00 0.00 100.00 100.00 -1000 1.54 3.87 -8.83 -1000 18.19 -0.03 213.297
car -1 -1 0.00 0.00 0.00 100.00 100.00 -1000 2.26 9.11 -4.06 -1000 19.31 1.73 211.599
car -1 -1 0.00 0.00 0.00 100.00 100.00 -1000 1.98 6.21 15.96 -1000 26.95 1.52 211.123
car -1 -1 0.00 0.00 0.00 100.00 100.00 -1000 2.37 12.21 -10.73 -1000 45.70 1.39 210.494
car -1 -1 0.00 0.00 0.00 100.00 100.00 -1000 1.75 4.91 15.32 -1000 18.62 1.65 209.988
car -1 -1 0.00 0.00 0.00 100.00 100.00 -1000 1.90 6.73 1.79 -1000 22.61 1.51 209.300
car -1 -1 0.00 0.00 0.00 100.00 100.00 -1000 1.88 4.78 -6.61 -1000 45.71 1.53 208.985
car -1 -1 0.00 0.00 0.00 100.00 100.00 -1000 1.94 6.04 3.65 -1000 44.33 1.51 208.012
car -1 -1 0.00 0.00 0.00 100.00 100.00 -1000 2.04 9.76 -9.79 -1000 44.08 1.34 202.540
car -1 -1 0.00 0.00 0.00 100.00 100.00 -1000 2.17 9.62 13.88 -1000 42.40 1.45 199.205
car -1 -1 0.00 0.00 0.00 100.00 100.00 -1000 1.90 5.81 2.68 -1000 37.86 1.51 197.331
car -1 -1 0.00 0.00 0.00 100.00 100.00 -1000 2.26 11.61 14.66 -1000 40.33 1.39 194.849
car -1 -1 0.00 0.00 0.00 100.00 100.00 -1000 1.92 5.57 18.59 -1000 47.33 1.61 194.614
car -1 -1 0.00 0.00 0.00 100.00 100.00 -1000 2.07 6.81 13.02 -1000 20.77 1.52 191.657
car -1 -1 0.00 0.00 0.00 100.00 100.00 -1000 1.70 5.44 -17.34 -1000 20.20 1.50 191.346
car -1 -1 0.00 0.00 0.00 100.00 100.00 -1000 1.84 6.07 -4.55 -1000 46.03 1.49 190.329
car -1 -1 0.00 0.00 0.00 100.00 100.00 -1000 2.09 7.58 9.85 -1000 42.60 1.58 189.643
car -1 -1 0.00 0.00 0.00 100.00 100.00 -1000 2.09 7.06 6.40 -1000 34.57 1.51 189.454
car -1 -1 0.00 0.00 0.00 100.00 100.00 -1000 1.78 5.36 8.95 -1000 30.43 1.53 189.410
car -1 -1 0.00 0.00 0.00 100.00 100.00 -1000 2.42 7.74 -13.68 -1000 46.97 1.66 189.017
car -1 -1 0.00 0.00 0.00 100.00 100.00 -1000 2.21 12.18 -1.29 -1000 40.37 1.41 187.359
car -1 -1 0.00 0.00 0.00 100.00 100.00 -1000 1.90 5.59 -2.66 -1000 25.02 1.64 187.188
car -1 -1 0.00 0.00 0.00 100.00 100.00 -1000 2.47 10.80 9.79 -1000 47.51 1.42 186.349
car -1 -1 0.00 0.00 0.00 100.00 100.00 -1000 1.92 6.54 -12.58 -1000 19.07 1.55 184.388
car -1 -1 0.00 0.00 0.00 100.00 100.00 -1000 2.01 6.06 -12.60 -1000 25.11 1.54 183.906
car -1 -1 0.00 0.00 0.00 100.00 100.00 -1000 2.25 7.46 2.86 -1000 33.35 1.42 183.010
car -1 -1 0.00 0.00 0.00 100.00 100.00 -1000 2.15 10.45 -9.90 -1000 31.87 1.35 181.184
car -1 -1 0.00 0.00 0.00 100.00 100.00 -1000 2.08 6.84 17.66 -1000 37.70 1.63 180.156
car -1 -1 0.00 0.00 0.00 100.00 100.00 -1000 2.10 6.54 4.57 -1000 39.40 1.60 179.172
car -1 -1 0.00 0.00 0.00 100.00 100.00 -1000 1.94 5.51 10.81 -1000 41.18 1.60 179.028
car -1 -1 0.00 0.00 0.00 100.00 100.00 -1000 1.75 5.12 -4.99 -1000 47.38 1.54 177.412
car -1 -1 0.00 0.00 0.00 100.00 100.00 -1000 1.93 6.96 -0.22 -1000 37.87 1.54 177.009
car -1 -1 0.00 0.00 0.00 100.00 100.00 -1000 1.99 6.39 2.52 -1000 28.11 1.50 175.821
car -1 -1 0.00 0.00 0.00 100.00 100.00 -1000 1.87 5.54 -13.44 -1000 26.34 1.50 175.525
car -1 -1 0.00 0.00 0.00 100.00 100.00 -1000 2.23 11.17 13.36 -1000 41.47 1.43 172.253
car -1 -1 0.00 0.00 0.00 100.00 100.00 -1000 2.07 6.12 3.70 -1000 18.09 1.61 170.603
car -1 -1 0.00 0.00 0.00 100.00 100.00 -1000 2.08 6.73 7.80 -1000 20.89 1.57 165.515
car -1 -1 0.00 0.00 0.00 100.00 100.00 -1000 2.01 6.63 -11.51 -1000 26.59 1.45 165.083
car -1 -1 0.00 0.00 0.00 100.00 100.00 -1000 1.98 8.48 15.28 -1000 30.61 1.62 162.740
car -1 -1 0.00 0.00 0.00 100.00 100.00 -1000 2.10 6.80 12.70 -1000 18.43 1.55 161.860
car -1 -1 0.00 0.00 0.00 100.00 100.00 -1000 2.07 9.60 14.36 -1000 43.64 1.41 161.363
car -1 -1 0.00 0.00 0.00 100.00 100.00 -1000 2.06 6.46 6.18 -1000 36.31 1.55 160.747
car -1 -1 0.00 0.00 0.00 100.00 100.00 -1000 2.27 7.23 -6.91 -1000 45.13 1.57 160.177
car -1 -1 0.00 0.00 0.00 100.00 100.00 -1000 2.09 6.63 6.21 -1000 28.89 1.60 159.100
car -1 -1 0.00 0.00 0.00 100.00 100.00 -1000 1.91 7.77 12.11 -1000 32.23 1.42 158.882
car -1 -1 0.00 0.00 0.00 100.00 100.00 -1000 2.26 6.75 4.92 -1000 8.78 1.77 157.377
car -1 -1 0.00 0.00 0.00 100.00 100.00 -1000 2.18 8.40 14.75 -1000 39.37 1.50 155.194
car -1 -1 0.00 0.00 0.00 100.00 100.00 -1000 2.51 12.59 -12.19 -1000 21.38 1.61 154.605
car -1 -1 0.00 0.00 0.00 100.00 100.00 -1000 2.13 7.53 7.59 -1000 22.90 1.48 153.144
car -1 -1 0.00 0.00 0.00 100.00 100.00 -1000 1.88 6.42 -11.16 -1000 38.00 1.45 152.294
car -1 -1 0.00 0.00 0.00 100.00 100.00 -1000 2.24 8.73 8.37 -1000 33.05 1.48 151.821
car -1 -1 0.00 0.00 0.00 100.00 100.00 -1000 2.12 8.43 -4.93 -1000 33.02 1.60 150.985
car -1 -1 0.00 0.00 0.00 100.00 100.00 -1000 2.09 7.31 14.84 -1000 36.74 1.50 150.970
car -1 -1 0.00 0.00 0.00 100.00 100.00 -1000 1.94 6.24 -1.02 -1000 25.76 1.53 150.438
car -1 -1 0.00 0.00 0.00 100.00 100.00 -1000 1.91 5.14 5.87 -1000 44.82 1.58 149.787
car -1 -1 0.00 0.00 0.00 100.00 100.00 -1000 2.37 8.91 -16.13 -1000 36.85 1.53 149.422
car -1 -1 0.00 0.00 0.00 100.00 100.00 -1000 2.20 7.44 4.27 -1000 18.99 1.47 147.783
car -1 -1 0.00 0.00 0.00 100.00 100.00 -1000 2.25 6.34 -4.19 -1000 17.81 1.91 147.372
car -1 -1 0.00 0.00 0.00 100.00 100.00 -1000 2.02 6.88 0.36 -1000 24.17 1.59 146.575
car -1 -1 0.00 0.00 0.00 100.00 100.00 -1000 2.01 6.84 1.65 -1000 25.89 1.50 146.079
car -1 -1 0.00 0.00 0.00 100.00 100.00 -1000 2.13 8.34 -4.73 -1000 36.84 1.51 144.598
car -1 -1 0.00 0.00 0.00 100.00 100.00 -1000 2.26 7.71 2.80 -1000 36.61 1.43 143.564
car -1 -1 0.00 0.00 0.00 100.00 100.00 -1000 1.93 6.47 0.98 -1000 33.90 1.50 143.255
car -1 -1 0.00 0.00 0.00 100.00 100.00 -1000 2.28 8.39 9.44 -1000 35.12 1.44 139.172
car -1 -1 0.00 0.00 0.00 100.00 100.00 -1000 1.96 6.62 2.98 -1000 45.96 1.48 138.044
car -1 -1 0.00 0.00 0.00 100.00 100.00 -1000 2.08 7.19 4.06 -1000 20.94 1.48 137.365
car -1 -1 0.00 0.00 0.00 100.00 100.00 -1000 1.92 5.60 -18.36 -1000 32.15 1.66 136.339
car -1 -1 0.00 0.00 0.00 100.00 100.00 -1000 2.11 7.25 13.99 -1000 23.24 1.55 136.306
car -1 -1 0.00 0.00 0.00 100.00 100.00 -1000 1.91 8.37 -6.40 -1000 34.63 1.48 135.932
car -1 -1 0.00 0.00 0.00 100.00 100.00 -1000 2.52 16.26 -4.06 -1000 42.49 1.48 135.500
car -1 -1 0.00 0.00 0.00 100.00 100.00 -1000 2.36 12.17 0.72 -1000 43.01 1.47 134.654
car -1 -1 0.00 0.00 0.00 100.00 100.00 -1000 2.22 8.66 -5.78 -1000 44.31 1.59 133.556
car -1 -1 0.00 0.00 0.00 100.00 100.00 -1000 2.11 7.76 6.41 -1000 25.60 1.51 133.159
car -1 -1 0.00 0.00 0.00 100.00 100.00 -1000 2.10 6.66 3.74 -1000 41.43 1.47 132.819
car -1 -1 0.00 0.00 0.00 100.00 100.00 -1000 1.92 6.38 18.40 -1000 45.89 1.53 130.961
car -1 -1 0.00 0.00 0.00 100.00 100.00 -1000 1.97 7.40 9.11 -1000 36.22 1.45 130.413
car -1 -1 0.00 0.00 0.00 100.00 100.00 -1000 1.96 6.42 1.79 -1000 29.02 1.48 129.240
