car -1 -1 0.00 0.00 0.00 100.00 100.00 -1000 1.61 3.83 7.28 -1000 27.88 1.72 999.391
car -1 -1 0.00 0.00 0.00 100.00 100.00 -1000 1.64 4.10 6.70 -1000 27.05 -0.05 997.530
car -1 -1 0.00 0.00 0.00 100.00 100.00 -1000 1.54 3.28 13.48 -1000 41.15 1.77 996.860
car -1 -1 0.00 0.00 0.00 100.00 100.00 -1000 1.68 4.05 6.59 -1000 28.76 1.62 989.703
car -1 -1 0.00 0.00 0.00 100.00 100.00 -1000 1.91 4.84 6.68 -1000 30.17 1.51 988.580
car -1 -1 0.00 0.00 0.00 100.00 100.00 -1000 1.57 3.31 12.95 -1000 41.86 1.60 985.831
car -1 -1 0.00 0.00 0.00 100.00 100.00 -1000 2.77 12.71 5.54 -1000 31.29 1.25 985.806
car -1 -1 0.00 0.00 0.00 100.00 100.00 -1000 3.54 20.62 4.99 -1000 30.55 1.19 982.386
car -1 -1 0.00 0.00 0.00 100.00 100.00 -1000 2.34 6.91 7.14 -1000 30.90 1.44 982.240
car -1 -1 0.00 0.00 0.00 100.00 100.00 -1000 2.18 7.07 7.83 -1000 31.99 1.41 980.170
car -1 -1 0.00 0.00 0.00 100.00 100.00 -1000 2.13 6.74 5.16 -1000 31.31 1.63 970.135
car -1 -1 0.00 0.00 0.00 100.00 100.00 -1000 2.52 10.40 5.01 -1000 29.50 1.51 967.743
car -1 -1 0.00 0.00 0.00 100.00 100.00 -1000 1.55 3.74 13.18 -1000 40.27 -0.07 966.671
car -1 -1 0.00 0.00 0.00 100.00 100.00 -1000 1.70 4.20 1.05 -1000 31.67 1.67 962.778
car -1 -1 0.00 0.00 0.00 100.00 100.00 -1000 2.16 6.52 3.39 -1000 30.56 1.55 944.564
car -1 -1 0.00 0.00 0.00 100.00 100.00 -1000 2.58 11.42 13.06 -1000 44.12 1.27 938.656
car -1 -1 0.00 0.00 0.00 100.00 100.00 -1000 2.77 11.73 7.83 -1000 30.34 1.31 929.996
car -1 -1 0.00 0.00 0.00 100.00 100.00 -1000 1.85 4.97 12.45 -1000 42.46 1.59 925.660
car -1 -1 0.00 0.00 0.00 100.00 100.00 -1000 1.55 3.30 18.39 -1000 38.82 1.60 925.459
car -1 -1 0.00 0.00 0.00 100.00 100.00 -1000 1.89 4.90 10.25 -1000 32.09 1.53 925.261
car -1 -1 0.00 0.00 0.00 100.00 100.00 -1000 1.67 3.99 1.30 -1000 30.70 1.67 913.734
car -1 -1 0.00 0.00 0.00 100.00 100.00 -1000 2.03 5.21 -2.38 -1000 10.45 1.72 896.037
car -1 -1 0.00 0.00 0.00 100.00 100.00 -1000 2.41 9.72 12.68 -1000 42.74 1.39 877.133
car -1 -1 0.00 0.00 0.00 100.00 100.00 -1000 1.53 3.37 8.34 -1000 26.91 1.74 876.224
car -1 -1 0.00 0.00 0.00 100.00 100.00 -1000 1.54 3.54 12.21 -1000 16.30 -0.08 871.213
car -1 -1 0.00 0.00 0.00 100.00 100.00 -1000 2.09 6.52 9.64 -1000 31.14 1.51 868.633
car -1 -1 0.00 0.00 0.00 100.00 100.00 -1000 1.53 3.28 -0.27 -1000 31.34 1.61 867.370
car -1 -1 0.00 0.00 0.00 100.00 100.00 -1000 1.61 3.95 7.30 -1000 26.37 -0.27 862.927
car -1 -1 0.00 0.00 0.00 100.00 100.00 -1000 1.61 3.55 10.55 -1000 26.28 1.56 862.538
car -1 -1 0.00 0.00 0.00 100.00 100.00 -1000 1.75 4.39 15.15 -1000 41.12 1.59 856.769
car -1 -1 0.00 0.00 0.00 100.00 100.00 -1000 1.53 3.55 -9.26 -1000 45.82 1.58 850.811
car -1 -1 0.00 0.00 0.00 100.00 100.00 -1000 1.62 3.79 -9.90 -1000 44.89 0.06 847.913
car -1 -1 0.00 0.00 0.00 100.00 100.00 -1000 3.22 20.93 6.76 -1000 29.31 1.22 839.426
car -1 -1 0.00 0.00 0.00 100.00 100.00 -1000 1.51 3.67 11.39 -1000 25.40 -0.19 839.023
car -1 -1 0.00 0.00 0.00 100.00 100.00 -1000 1.55 3.66 -7.93 -1000 46.04 1.60 817.972
car -1 -1 0.00 0.00 0.00 100.00 100.00 -1000 1.71 4.12 9.96 -1000 27.03 1.60 808.340
car -1 -1 0.00 0.00 0.00 100.00 100.00 -1000 1.53 3.72 14.84 -1000 40.25 -0.11 794.908
car -1 -1 0.00 0.00 0.00 100.00 100.00 -1000 1.58 3.86 -8.25 -1000 45.20 -0.12 789.276
car -1 -1 0.00 0.00 0.00 100.00 100.00 -1000 1.60 3.68 16.99 -1000 40.32 1.50 788.256
car -1 -1 0.00 0.00 0.00 100.00 100.00 -1000 2.47 11.20 7.85 -1000 28.77 1.41 786.010
car -1 -1 0.00 0.00 0.00 100.00 100.00 -1000 1.48 3.34 18.13 -1000 38.03 -0.03 775.755
car -1 -1 0.00 0.00 0.00 100.00 100.00 -1000 1.55 3.61 -10.54 -1000 45.61 1.58 774.444
car -1 -1 0.00 0.00 0.00 100.00 100.00 -1000 1.54 3.64 -3.47 -1000 47.22 1.60 758.390
car -1 -1 0.00 0.00 0.00 100.00 100.00 -1000 2.40 9.43 2.55 -1000 34.02 1.41 757.100
car -1 -1 0.00 0.00 0.00 100.00 100.00 -1000 1.60 3.79 -6.61 -1000 46.50 1.62 752.526
car -1 -1 0.00 0.00 0.00 100.00 100.00 -1000 1.46 3.05 -2.88 -1000 9.86 1.63 750.751
car -1 -1 0.00 0.00 0.00 100.00 100.00 -1000 2.29 8.25 4.54 -1000 32.52 1.45 735.738
car -1 -1 0.00 0.00 0.00 100.00 100.00 -1000 1.64 4.06 -3.76 -1000 46.41 0.02 723.734
car -1 -1 0.00 0.00 0.00 100.00 100.00 -1000 1.67 3.83 17.81 -1000 39.53 1.53 694.347
car -1 -1 0.00 0.00 0.00 100.00 100.00 -1000 2.29 7.65 9.84 -1000 32.80 1.43 684.909
car -1 -1 0.00 0.00 0.00 100.00 100.00 -1000 1.56 3.72 8.90 -1000 26.20 -0.05 669.320
car -1 -1 0.00 0.00 0.00 100.00 100.00 -1000 1.51 3.48 13.25 -1000 25.13 -0.09 663.362
car -1 -1 0.00 0.00 0.00 100.00 100.00 -1000 2.26 8.41 14.80 -1000 42.04 1.51 657.461
car -1 -1 0.00 0.00 0.00 100.00 100.00 -1000 1.49 3.40 10.81 -1000 24.81 -0.00 653.940
car -1 -1 0.00 0.00 0.00 100.00 100.00 -1000 1.71 3.92 12.21 -1000 40.87 1.46 653.902
car -1 -1 0.00 0.00 0.00 100.00 100.00 -1000 1.54 3.76 -6.74 -1000 45.62 -0.20 651.430
car -1 -1 0.00 0.00 0.00 100.00 100.00 -1000 1.60 3.52 0.37 -1000 29.94 1.57 636.675
car -1 -1 0.00 0.00 0.00 100.00 100.00 -1000 1.63 3.87 -18.11 -1000 38.38 1.58 620.503
car -1 -1 0.00 0.00 0.00 100.00 100.00 -1000 1.66 3.97 -4.70 -1000 46.95 1.57 617.169
car -1 -1 0.00 0.00 0.00 100.00 100.00 -1000 1.64 3.98 15.91 -1000 39.72 1.55 605.446
car -1 -1 0.00 0.00 0.00 100.00 100.00 -1000 1.58 3.73 -5.63 -1000 46.06 -0.18 598.940
car -1 -1 0.00 0.00 0.00 100.00 100.00 -1000 2.05 7.59 9.32 -1000 44.23 1.51 588.635
car -1 -1 0.00 0.00 0.00 100.00 100.00 -1000 1.84 5.08 5.42 -1000 28.33 1.46 588.622
car -1 -1 0.00 0.00 0.00 100.00 100.00 -1000 2.05 6.95 9.32 -1000 27.82 1.48 585.078
car -1 -1 0.00 0.00 0.00 100.00 100.00 -1000 1.85 5.04 -14.09 -1000 23.89 1.60 584.222
car -1 -1 0.00 0.00 0.00 100.00 100.00 -1000 1.76 4.60 2.38 -1000 29.95 1.50 581.076
car -1 -1 0.00 0.00 0.00 100.00 100.00 -1000 1.80 4.58 12.33 -1000 26.29 1.59 575.388
car -1 -1 0.00 0.00 0.00 100.00 100.00 -1000 2.43 9.19 11.18 -1000 45.02 1.44 571.697
car -1 -1 0.00 0.00 0.00 100.00 100.00 -1000 1.67 3.95 12.12 -1000 15.42 1.56 569.288
car -1 -1 0.00 0.00 0.00 100.00 100.00 -1000 1.72 4.48 12.12 -1000 32.29 1.59 562.836
car -1 -1 0.00 0.00 0.00 100.00 100.00 -1000 1.78 4.81 -15.93 -1000 39.38 1.61 556.316
car -1 -1 0.00 0.00 0.00 100.00 100.00 -1000 1.56 3.67 -11.45 -1000 44.79 0.07 552.397
car -1 -1 0.00 0.00 0.00 100.00 100.00 -1000 1.60 3.82 11.46 -1000 31.64 1.65 552.298
car -1 -1 0.00 0.00 0.00 100.00 100.00 -1000 2.34 8.85 4.07 -1000 34.96 1.40 550.133
car -1 -1 0.00 0.00 0.00 100.00 100.00 -1000 2.29 8.10 10.59 -1000 43.47 1.44 539.038
car -1 -1 0.00 0.00 0.00 100.00 100.00 -1000 2.08 7.12 10.91 -1000 30.38 1.39 538.935
car -1 -1 0.00 0.00 0.00 100.00 100.00 -1000 1.68 4.14 -0.48 -1000 32.17 1.47 538.350
car -1 -1 0.00 0.00 0.00 100.00 100.00 -1000 3.10 11.04 -1.93 -1000 10.30 2.11 523.765
car -1 -1 0.00 0.00 0.00 100.00 100.00 -1000 2.79 12.98 15.19 -1000 44.97 1.32 522.020
car -1 -1 0.00 0.00 0.00 100.00 100.00 -1000 1.68 4.18 -7.82 -1000 39.92 1.56 521.065
car -1 -1 0.00 0.00 0.00 100.00 100.00 -1000 1.68 4.09 9.99 -1000 25.63 1.50 513.335
car -1 -1 0.00 0.00 0.00 100.00 100.00 -1000 1.73 4.52 12.04 -1000 17.20 1.55 495.294
car -1 -1 0.00 0.00 0.00 100.00 100.00 -1000 2.42 6.62 7.00 -1000 25.91 1.60 479.984
car -1 -1 0.00 0.00 0.00 100.00 100.00 -1000 2.49 11.28 10.91 -1000 29.41 1.34 475.928
car -1 -1 0.00 0.00 0.00 100.00 100.00 -1000 1.63 4.15 14.66 -1000 24.83 0.08 438.250
car -1 -1 0.00 0.00 0.00 100.00 100.00 -1000 2.06 6.70 -1.90 -1000 33.70 1.52 422.003
car -1 -1 0.00 0.00 0.00 100.00 100.00 -1000 1.75 4.10 13.81 -1000 39.34 1.59 416.736
car -1 -1 0.00 0.00 0.00 100.00 100.00 -1000 2.23 7.38 17.42 -1000 40.64 1.51 410.601
car -1 -1 0.00 0.00 0.00 100.00 100.00 -1000 1.58 3.84 -8.16 -1000 39.15 -0.03 408.112
car -1 -1 0.00 0.00 0.00 100.00 100.00 -1000 2.36 8.74 7.50 -1000 34.54 1.47 407.882
car -1 -1 0.00 0.00 0.00 100.00 100.00 -1000 1.93 6.35 -3.82 -1000 32.86 1.54 403.228
car -1 -1 0.00 0.00 0.00 100.00 100.00 -1000 1.66 4.22 -1.89 -1000 47.24 1.63 402.153
car -1 -1 0.00 0.00 0.00 100.00 100.00 -1000 1.67 4.24 12.50 -1000 31.22 1.55 398.385
car -1 -1 0.00 0.00 0.00 100.00 100.00 -1000 1.86 5.12 14.15 -1000 26.16 1.55 382.140
car -1 -1 0.00 0.00 0.00 100.00 100.00 -1000 2.06 7.37 14.80 -1000 45.71 1.28 374.336
car -1 -1 0.00 0.00 0.00 100.00 100.00 -1000 1.70 3.73 -0.39 -1000 30.49 0.06 365.486
car -1 -1 0.00 0.00 0.00 100.00 100.00 -1000 1.88 6.17 9.37 -1000 45.49 1.45 361.281
car -1 -1 0.00 0.00 0.00 100.00 100.00 -1000 2.05 8.06 11.79 -1000 46.37 1.41 360.649
car -1 -1 0.00 0.00 0.00 100.00 100.00 -1000 2.14 7.51 17.89 -1000 47.27 1.74 353.757
car -1 -1 0.00 0.00 0.00 100.00 100.00 -1000 1.71 4.30 -17.06 -1000 38.86 1.69 346.944
car -1 -1 0.00 0.00 0.00 100.00 100.00 -1000 1.82 5.49 -1.76 -1000 32.71 1.52 346.839
car -1 -1 0.00 0.00 0.00 100.00 100.00 -1000 2.23 7.49 5.72 -1000 33.69 1.51 342.912
car -1 -1 0.00 0.00 0.00 100.00 100.00 -1000 1.72 4.06 5.15 -1000 26.94 0.14 329.102
car -1 -1 0.00 0.00 0.00 100.00 100.00 -1000 1.92 5.26 10.93 -1000 24.24 1.48 328.766
car -1 -1 0.00 0.00 0.00 100.00 100.00 -1000 1.66 4.18 -18.85 -1000 37.55 1.67 328.462
car -1 -1 0.00 0.00 0.00 100.00 100.00 -1000 1.84 4.87 -6.29 -1000 40.36 1.56 328.380
car -1 -1 0.00 0.00 0.00 100.00 100.00 -1000 1.78 4.96 16.99 -1000 38.42 1.51 327.150
car -1 -1 0.00 0.00 0.00 100.00 100.00 -1000 1.86 4.93 8.19 -1000 25.08 1.53 326.403
car -1 -1 0.00 0.00 0.00 100.00 100.00 -1000 1.69 3.97 14.49 -1000 31.90 0.01 313.154
car -1 -1 0.00 0.00 0.00 100.00 100.00 -1000 1.67 4.25 3.03 -1000 47.14 0.12 312.784
car -1 -1 0.00 0.00 0.00 100.00 100.00 -1000 2.32 8.38 0.97 -1000 35.01 1.43 312.196
car -1 -1 0.00 0.00 0.00 100.00 100.00 -1000 2.58 9.18 6.38 -1000 5.67 1.94 311.941
car -1 -1 0.00 0.00 0.00 100.00 100.00 -1000 1.92 5.67 13.55 -1000 32.66 1.46 304.947
car -1 -1 0.00 0.00 0.00 100.00 100.00 -1000 1.94 6.41 11.03 -1000 41.93 1.45 301.545
car -1 -1 0.00 0.00 0.00 100.00 100.00 -1000 2.04 6.72 -2.67 -1000 34.53 1.55 284.088
car -1 -1 0.00 0.00 0.00 100.00 100.00 -1000 1.81 4.81 -4.95 -1000 40.76 1.53 283.699
car -1 -1 0.00 0.00 0.00 100.00 100.00 -1000 1.83 5.03 1.69 -1000 47.64 1.58 281.669
car -1 -1 0.00 0.00 0.00 100.00 100.00 -1000 2.11 9.45 15.56 -1000 18.08 1.42 280.444
car -1 -1 0.00 0.00 0.00 100.00 100.00 -1000 2.34 9.07 2.03 -1000 32.92 1.43 279.511
car -1 -1 0.00 0.00 0.00 100.00 100.00 -1000 1.84 5.91 -10.84 -1000 46.25 1.52 279.066
car -1 -1 0.00 0.00 0.00 100.00 100.00 -1000 2.06 7.56 7.08 -1000 35.77 1.48 271.358
car -1 -1 0.00 0.00 0.00 100.00 100.00 -1000 1.83 5.15 15.44 -1000 25.50 1.58 266.999
car -1 -1 0.00 0.00 0.00 100.00 100.00 -1000 2.19 6.43 13.99 -1000 38.73 1.58 263.178
car -1 -1 0.00 0.00 0.00 100.00 100.00 -1000 2.06 6.68 -15.84 -1000 40.07 1.54 251.151
car -1 -1 0.00 0.00 0.00 100.00 100.00 -1000 1.64 4.00 -9.38 -1000 38.74 -0.11 250.825
car -1 -1 0.00 0.00 0.00 100.00 100.00 -1000 1.71 4.05 7.79 -1000 47.31 0.16 244.314
car -1 -1 0.00 0.00 0.00 100.00 100.00 -1000 1.91 6.52 4.44 -1000 27.47 1.49 244.287
car -1 -1 0.00 0.00 0.00 100.00 100.00 -1000 2.05 6.90 -14.28 -1000 41.92 1.55 243.952
car -1 -1 0.00 0.00 0.00 100.00 100.00 -1000 1.75 4.56 18.17 -1000 37.28 1.52 241.831
car -1 -1 0.00 0.00 0.00 100.00 100.00 -1000 2.45 11.30 14.98 -1000 19.32 1.48 241.099
car -1 -1 0.00 0.00 0.00 100.00 100.00 -1000 2.30 8.51 9.97 -1000 19.21 1.53 235.796
car -1 -1 0.00 0.00 0.00 100.00 100.00 -1000 2.02 9.11 14.61 -1000 29.04 1.41 234.089
car -1 -1 0.00 0.00 0.00 100.00 100.00 -1000 2.46 9.98 9.44 -1000 33.77 1.39 232.258
car -1 -1 0.00 0.00 0.00 100.00 100.00 -1000 1.97 6.09 3.39 -1000 28.68 1.46 229.053
car -1 -1 0.00 0.00 0.00 100.00 100.00 -1000 2.22 11.40 12.27 -1000 34.97 1.41 229.052
car -1 -1 0.00 0.00 0.00 100.00 100.00 -1000 1.78 5.00 -12.68 -1000 45.61 1.46 222.886
car -1 -1 0.00 0.00 0.00 100.00 100.00 -1000 2.13 8.84 8.02 -1000 18.43 1.61 222.417
car -1 -1 0.00 0.00 0.00 100.00 100.00 -1000 1.83 5.06 -1.94 -1000 30.98 1.49 220.273
car -1 -1 0.00 0.00 0.00 100.00 100.00 -1000 1.92 6.49 -6.91 -1000 46.96 1.51 220.261
car -1 -1 0.00 0.00 0.00 100.00 100.00 -1000 1.95 7.70 5.33 -1000 37.06 1.67 218.708
car -1 -1 0.00 0.00 0.00 100.00 100.00 -1000 1.99 8.16 8.53 -1000 24.59 1.51 218.465
car -1 -1 0.00 0.00 0.00 100.00 100.00 -1000 1.86 6.02 -12.46 -1000 42.69 1.63 218.459
car -1 -1 0.00 0.00 0.00 100.00 100.00 -1000 1.91 5.21 8.93 -1000 46.38 1.50 217.301
car -1 -1 0.00 0.00 0.00 100.00 100.00 -1000 1.76 4.47 -2.23 -1000 46.19 1.66 213.676
car -1 -1 0.00 0.00 0.00 100.00 100.00 -1000 1.99 7.98 16.05 -1000 16.97 1.45 213.389
car -1 -1 0.00 0.00 0.00 100.00 100.00 -1000 1.68 3.85 -5.16 -1000 39.78 -0.09 213.272
car -1 -1 0.00 0.00 0.00 100.00 100.00 -1000 1.84 5.43 -14.08 -1000 46.48 1.56 209.522
car -1 -1 0.00 0.00 0.00 100.00 100.00 -1000 1.93 8.15 2.37 -1000 37.37 1.43 206.575
car -1 -1 0.00 0.00 0.00 100.00 100.00 -1000 2.57 9.12 17.33 -1000 41.57 1.42 203.419
car -1 -1 0.00 0.00 0.00 100.00 100.00 -1000 1.73 4.51 5.04 -1000 47.25 0.08 200.579
car -1 -1 0.00 0.00 0.00 100.00 100.00 -1000 1.88 6.31 14.62 -1000 15.83 1.49 200.548
car -1 -1 0.00 0.00 0.00 100.00 100.00 -1000 1.82 5.28 16.63 -1000 32.08 1.58 200.537
car -1 -1 0.00 0.00 0.00 100.00 100.00 -1000 2.19 6.65 -0.13 -1000 34.22 1.49 199.171
car -1 -1 0.00 0.00 0.00 100.00 100.00 -1000 2.13 6.56 -13.57 -1000 36.26 1.65 197.033
car -1 -1 0.00 0.00 0.00 100.00 100.00 -1000 2.19 7.45 -13.47 -1000 31.42 1.64 195.491
car -1 -1 0.00 0.00 0.00 100.00 100.00 -1000 1.92 5.66 7.13 -1000 41.16 1.59 194.870
car -1 -1 0.00 0.00 0.00 100.00 100.00 -1000 2.03 6.56 -12.53 -1000 37.86 1.63 194.309
car -1 -1 0.00 0.00 0.00 100.00 100.00 -1000 2.12 10.51 17.09 -1000 27.45 1.38 191.866
car -1 -1 0.00 0.00 0.00 100.00 100.00 -1000 2.00 6.27 -17.25 -1000 32.28 1.66 189.704
car -1 -1 0.00 0.00 0.00 100.00 100.00 -1000 2.05 6.30 8.16 -1000 41.84 1.55 185.749
car -1 -1 0.00 0.00 0.00 100.00 100.00 -1000 2.06 6.73 -12.28 -1000 29.75 1.59 184.936
car -1 -1 0.00 0.00 0.00 100.00 100.00 -1000 1.86 5.79 15.18 -1000 38.01 1.51 183.990
car -1 -1 0.00 0.00 0.00 100.00 100.00 -1000 2.18 7.67 -16.70 -1000 33.52 1.59 182.951
car -1 -1 0.00 0.00 0.00 100.00 100.00 -1000 2.06 6.35 5.66 -1000 41.72 1.57 180.780
car -1 -1 0.00 0.00 0.00 100.00 100.00 -1000 1.77 4.87 10.78 -1000 15.88 1.48 179.865
car -1 -1 0.00 0.00 0.00 100.00 100.00 -1000 2.15 6.43 -18.68 -1000 36.86 1.66 176.259
car -1 -1 0.00 0.00 0.00 100.00 100.00 -1000 2.36 8.80 12.68 -1000 33.43 1.43 175.117
car -1 -1 0.00 0.00 0.00 100.00 100.00 -1000 4.75 19.13 -0.29 -1000 11.06 2.66 173.719
car -1 -1 0.00 0.00 0.00 100.00 100.00 -1000 2.21 8.24 -8.87 -1000 43.07 1.55 173.338
car -1 -1 0.00 0.00 0.00 100.00 100.00 -1000 2.24 7.62 -14.06 -1000 29.01 1.50 173.206
car -1 -1 0.00 0.00 0.00 100.00 100.00 -1000 1.88 6.14 11.90 -1000 14.63 1.57 173.055
car -1 -1 0.00 0.00 0.00 100.00 100.00 -1000 2.29 7.91 13.26 -1000 26.79 1.49 171.431
car -1 -1 0.00 0.00 0.00 100.00 100.00 -1000 2.16 7.46 0.88 -1000 36.14 1.48 170.547
car -1 -1 0.00 0.00 0.00 100.00 100.00 -1000 3.08 10.59 4.59 -1000 10.89 2.12 169.149
car -1 -1 0.00 0.00 0.00 100.00 100.00 -1000 2.06 8.86 -7.87 -1000 32.57 1.53 169.054
car -1 -1 0.00 0.00 0.00 100.00 100.00 -1000 2.08 6.34 1.83 -1000 41.88 1.52 167.605
car -1 -1 0.00 0.00 0.00 100.00 100.00 -1000 1.92 4.97 -7.42 -1000 44.49 1.59 164.840
car -1 -1 0.00 0.00 0.00 100.00 100.00 -1000 2.05 5.70 -2.99 -1000 45.25 1.55 161.160
car -1 -1 0.00 0.00 0.00 100.00 100.00 -1000 2.18 9.59 -18.55 -1000 41.85 1.47 160.519
car -1 -1 0.00 0.00 0.00 100.00 100.00 -1000 1.85 4.17 1.81 -1000 46.69 -0.02 159.613
car -1 -1 0.00 0.00 0.00 100.00 100.00 -1000 2.26 13.20 13.95 -1000 36.03 1.53 158.358
car -1 -1 0.00 0.00 0.00 100.00 100.00 -1000 1.91 6.10 -0.45 -1000 41.53 1.46 156.884
car -1 -1 0.00 0.00 0.00 100.00 100.00 -1000 1.93 6.36 -14.07 -1000 38.69 1.54 155.533
car -1 -1 0.00 0.00 0.00 100.00 100.00 -1000 2.27 6.63 5.57 -1000 10.15 1.88 155.225
car -1 -1 0.00 0.00 0.00 100.00 100.00 -1000 2.65 9.75 17.42 -1000 42.93 1.43 154.687
car -1 -1 0.00 0.00 0.00 100.00 100.00 -1000 1.98 6.49 14.16 -1000 30.74 1.54 153.093
car -1 -1 0.00 0.00 0.00 100.00 100.00 -1000 1.95 5.58 -13.19 -1000 22.69 1.61 152.759
car -1 -1 0.00 0.00 0.00 100.00 100.00 -1000 2.04 6.75 -16.79 -1000 24.91 1.64 152.532
car -1 -1 0.00 0.00 0.00 100.00 100.00 -1000 1.96 5.74 3.87 -1000 47.81 1.60 150.970
car -1 -1 0.00 0.00 0.00 100.00 100.00 -1000 2.00 7.65 -0.72 -1000 37.78 1.61 150.557
car -1 -1 0.00 0.00 0.00 100.00 100.00 -1000 2.03 7.01 -16.18 -1000 31.37 1.58 149.881
car -1 -1 0.00 0.00 0.00 100.00 100.00 -1000 1.91 6.44 11.50 -1000 23.42 1.55 149.866
car -1 -1 0.00 0.00 0.00 100.00 100.00 -1000 2.06 6.92 7.03 -1000 6.81 1.79 148.613
car -1 -1 0.00 0.00 0.00 100.00 100.00 -1000 2.03 6.58 -2.27 -1000 41.09 1.58 147.866
car -1 -1 0.00 0.00 0.00 100.00 100.00 -1000 2.19 8.89 9.52 -1000 35.40 1.45 147.834
car -1 -1 0.00 0.00 0.00 100.00 100.00 -1000 2.31 7.49 18.06 -1000 45.79 1.65 147.638
car -1 -1 0.00 0.00 0.00 100.00 100.00 -1000 1.89 7.53 -0.95 -1000 43.52 1.43 146.665
car -1 -1 0.00 0.00 0.00 100.00 100.00 -1000 1.91 5.32 -6.01 -1000 44.95 1.58 145.766
car -1 -1 0.00 0.00 0.00 100.00 100.00 -1000 2.11 7.62 4.40 -1000 36.27 1.56 145.742
car -1 -1 0.00 0.00 0.00 100.00 100.00 -1000 1.89 5.00 -9.64 -1000 44.13 1.60 144.798
car -1 -1 0.00 0.00 0.00 100.00 100.00 -1000 2.04 7.14 9.23 -1000 42.70 1.45 144.518
car -1 -1 0.00 0.00 0.00 100.00 100.00 -1000 2.11 6.60 -14.36 -1000 47.59 1.63 143.663
car -1 -1 0.00 0.00 0.00 100.00 100.00 -1000 2.60 11.90 11.60 -1000 28.27 1.36 143.392
car -1 -1 0.00 0.00 0.00 100.00 100.00 -1000 2.00 6.47 -14.55 -1000 24.67 1.55 142.709
car -1 -1 0.00 0.00 0.00 100.00 100.00 -1000 2.09 8.38 13.31 -1000 29.90 1.46 142.475
car -1 -1 0.00 0.00 0.00 100.00 100.00 -1000 2.06 7.04 -9.05 -1000 46.64 1.50 141.763
car -1 -1 0.00 0.00 0.00 100.00 100.00 -1000 1.85 5.52 15.84 -1000 24.26 1.47 141.183
car -1 -1 0.00 0.00 0.00 100.00 100.00 -1000 2.13 6.87 -10.08 -1000 39.15 1.48 140.131
car -1 -1 0.00 0.00 0.00 100.00 100.00 -1000 2.79 8.38 -1.90 -1000 7.94 1.96 139.820
car -1 -1 0.00 0.00 0.00 100.00 100.00 -1000 1.98 8.17 -6.75 -1000 27.35 1.42 139.747
car -1 -1 0.00 0.00 0.00 100.00 100.00 -1000 2.05 7.32 -7.64 -1000 35.52 1.64 139.546
car -1 -1 0.00 0.00 0.00 100.00 100.00 -1000 1.93 6.23 10.38 -1000 16.67 1.50 139.285
car -1 -1 0.00 0.00 0.00 100.00 100.00 -1000 1.93 7.11 7.99 -1000 16.88 1.57 138.672
car -1 -1 0.00 0.00 0.00 100.00 100.00 -1000 1.92 5.68 7.88 -1000 40.43 1.52 135.061
car -1 -1 0.00 0.00 0.00 100.00 100.00 -1000 2.01 8.41 17.41 -1000 26.60 1.41 133.662
car -1 -1 0.00 0.00 0.00 100.00 100.00 -1000 1.85 5.96 16.06 -1000 37.23 1.56 133.365
car -1 -1 0.00 0.00 0.00 100.00 100.00 -1000 1.97 6.77 12.06 -1000 39.66 1.48 131.215
car -1 -1 0.00 0.00 0.00 100.00 100.00 -1000 2.63 10.38 18.52 -1000 44.19 1.53 131.197
car -1 -1 0.00 0.00 0.00 100.00 100.00 -1000 2.02 5.80 18.29 -1000 44.93 1.47 130.886
car -1 -1 0.00 0.00 0.00 100.00 100.00 -1000 2.48 6.93 0.98 -1000 29.03 1.57 130.258
car -1 -1 0.00 0.00 0.00 100.00 100.00 -1000 1.88 6.62 -2.62 -1000 36.09 1.52 129.790
car -1 -1 0.00 0.00 0.00 100.00 100.00 -1000 1.72 7.73 -1.40 -1000 44.40 1.40 128.162
car -1 -1 0.00 0.00 0.00 100.00 100.00 -1000 3.88 17.48 5.60 -1000 5.74 2.25 127.725
car -1 -1 0.00 0.00 0.00 100.00 100.00 -1000 1.87 7.56 -5.76 -1000 25.30 1.43 125.154
car -1 -1 0.00 0.00 0.00 100.00 100.00 -1000 1.86 4.86 -14.78 -1000 23.15 -0.02 124.028
car -1 -1 0.00 0.00 0.00 100.00 100.00 -1000 2.03 6.55 -6.93 -1000 43.52 1.53 121.311
car -1 -1 0.00 0.00 0.00 100.00 100.00 -1000 2.02 9.15 18.32 -1000 36.85 1.57 117.709
car -1 -1 0.00 0.00 0.00 100.00 100.00 -1000 1.85 5.98 9.54 -1000 17.77 1.49 117.189
car -1 -1 0.00 0.00 0.00 100.00 100.00 -1000 2.08 7.69 18.38 -1000 24.95 1.54 116.615
car -1 -1 0.00 0.00 0.00 100.00 100.00 -1000 1.87 5.62 -5.59 -1000 38.79 1.55 115.090
car -1 -1 0.00 0.00 0.00 100.00 100.00 -1000 2.19 6.16 -16.17 -1000 37.86 1.65 114.554
car -1 -1 0.00 0.00 0.00 100.00 100.00 -1000 2.33 8.49 -12.21 -1000 32.62 1.54 113.881
car -1 -1 0.00 0.00 0.00 100.00 100.00 -1000 1.82 5.62 9.17 -1000 40.96 1.42 113.378
car -1 -1 0.00 0.00 0.00 100.00 100.00 -1000 1.75 4.29 3.32 -1000 40.86 0.17 113.275
car -1 -1 0.00 0.00 0.00 100.00 100.00 -1000 1.90 5.92 -3.76 -1000 40.15 1.56 113.219
car -1 -1 0.00 0.00 0.00 100.00 100.00 -1000 1.81 8.54 5.78 -1000 24.41 1.52 113.111
car -1 -1 0.00 0.00 0.00 100.00 100.00 -1000 2.01 7.65 -2.79 -1000 30.35 1.56 112.805
car -1 -1 0.00 0.00 0.00 100.00 100.00 -1000 1.91 6.63 17.84 -1000 31.47 1.56 112.505
car -1 -1 0.00 0.00 0.00 100.00 100.00 -1000 2.11 7.42 -10.53 -1000 27.42 1.57 112.226
car -1 -1 0.00 0.00 0.00 100.00 100.00 -1000 2.18 11.91 13.72 -1000 38.32 1.56 111.932
car -1 -1 0.00 0.00 0.00 100.00 100.00 -1000 1.68 5.14 15.86 -1000 31.24 1.50 111.755
car -1 -1 0.00 0.00 0.00 100.00 100.00 -1000 2.43 9.08 7.03 -1000 7.62 1.87 111.116
car -1 -1 0.00 0.00 0.00 100.00 100.00 -1000 1.72 4.29 1.41 -1000 40.85 0.20 110.568
car -1 -1 0.00 0.00 0.00 100.00 100.00 -1000 2.27 8.13 -17.03 -1000 28.99 1.61 110.168
car -1 -1 0.00 0.00 0.00 100.00 100.00 -1000 2.02 7.04 10.68 -1000 40.40 1.47 109.477
car -1 -1 0.00 0.00 0.00 100.00 100.00 -1000 2.14 7.95 -8.64 -1000 31.48 1.50 109.226
car -1 -1 0.00 0.00 0.00 100.00 100.00 -1000 2.01 8.29 15.90 -1000 32.89 1.42 109.040
car -1 -1 0.00 0.00 0.00 100.00 100.00 -1000 2.02 6.43 -11.32 -1000 23.23 1.53 108.889
car -1 -1 0.00 0.00 0.00 100.00 100.00 -1000 2.20 10.95 7.49 -1000 36.56 1.40 107.141
car -1 -1 0.00 0.00 0.00 100.00 100.00 -1000 2.16 7.93 -15.34 -1000 34.34 1.50 105.507
car -1 -1 0.00 0.00 0.00 100.00 100.00 -1000 2.27 11.49 9.15 -1000 20.06 1.61 105.209
car -1 -1 0.00 0.00 0.00 100.00 100.00 -1000 1.91 6.70 5.18 -1000 46.58 1.58 105.085
car -1 -1 0.00 0.00 0.00 100.00 100.00 -1000 2.33 7.96 16.68 -1000 46.53 1.58 104.458
car -1 -1 0.00 0.00 0.00 100.00 100.00 -1000 1.70 4.37 -12.25 -1000 44.21 0.05 104.295
car -1 -1 0.00 0.00 0.00 100.00 100.00 -1000 1.86 5.45 -0.55 -1000 46.66 1.64 103.876
car -1 -1 0.00 0.00 0.00 100.00 100.00 -1000 2.30 7.63 4.30 -1000 15.64 1.73 103.007
car -1 -1 0.00 0.00 0.00 100.00 100.00 -1000 2.17 7.47 -1.95 -1000 37.02 1.55 101.817
car -1 -1 0.00 0.00 0.00 100.00 100.00 -1000 1.96 8.16 4.80 -1000 26.40 1.50 101.759
car -1 -1 0.00 0.00 0.00 100.00 100.00 -1000 1.95 7.22 -7.20 -1000 29.45 1.38 101.733
car -1 -1 0.00 0.00 0.00 100.00 100.00 -1000 2.12 8.78 -10.70 -1000 41.88 1.46 101.453
car -1 -1 0.00 0.00 0.00 100.00 100.00 -1000 2.08 7.05 -11.07 -1000 34.39 1.44 101.177
car -1 -1 0.00 0.00 0.00 100.00 100.00 -1000 1.69 4.44 11.06 -1000 41.29 0.20 100.906
car -1 -1 0.00 0.00 0.00 100.00 100.00 -1000 1.96 6.47 3.74 -1000 46.01 1.55 100.775
car -1 -1 0.00 0.00 0.00 100.00 100.00 -1000 2.12 11.79 2.50 -1000 27.86 1.52 100.177
car -1 -1 0.00 0.00 0.00 100.00 100.00 -1000 2.05 11.17 15.83 -1000 15.39 1.36 100.042
car -1 -1 0.00 0.00 0.00 100.00 100.00 -1000 2.34 9.07 12.08 -1000 17.91 1.46 99.793
car -1 -1 0.00 0.00 0.00 100.00 100.00 -1000 1.85 9.02 -5.37 -1000 36.43 1.37 99.333
