car -1 -1 0.00 0.00 0.00 100.00 100.00 -1000 1.57 3.26 16.97 -1000 23.58 1.67 997.366
car -1 -1 0.00 0.00 0.00 100.00 100.00 -1000 1.55 3.27 0.77 -1000 37.16 1.69 993.586
car -1 -1 0.00 0.00 0.00 100.00 100.00 -1000 1.93 5.44 13.55 -1000 25.46 1.58 990.491
car -1 -1 0.00 0.00 0.00 100.00 100.00 -1000 1.85 4.93 18.05 -1000 24.46 1.60 988.461
car -1 -1 0.00 0.00 0.00 100.00 100.00 -1000 1.65 4.06 0.61 -1000 36.35 -0.01 987.488
car -1 -1 0.00 0.00 0.00 100.00 100.00 -1000 2.05 5.31 4.43 -1000 8.28 1.60 986.004
car -1 -1 0.00 0.00 0.00 100.00 100.00 -1000 1.59 3.56 13.76 -1000 24.11 1.60 978.922
car -1 -1 0.00 0.00 0.00 100.00 100.00 -1000 1.56 3.75 4.95 -1000 7.24 -0.09 978.275
car -1 -1 0.00 0.00 0.00 100.00 100.00 -1000 1.50 3.57 6.89 -1000 33.11 -0.21 977.239
car -1 -1 0.00 0.00 0.00 100.00 100.00 -1000 2.23 7.28 14.43 -1000 26.79 1.57 968.269
car -1 -1 0.00 0.00 0.00 100.00 100.00 -1000 1.67 4.28 15.48 -1000 24.41 1.61 963.628
car -1 -1 0.00 0.00 0.00 100.00 100.00 -1000 2.04 5.81 4.93 -1000 39.51 1.45 962.738
car -1 -1 0.00 0.00 0.00 100.00 100.00 -1000 1.65 3.85 3.83 -1000 9.66 1.66 959.860
car -1 -1 0.00 0.00 0.00 100.00 100.00 -1000 2.22 7.75 16.45 -1000 25.45 1.43 958.108
car -1 -1 0.00 0.00 0.00 100.00 100.00 -1000 1.58 3.44 6.54 -1000 33.91 1.55 957.451
car -1 -1 0.00 0.00 0.00 100.00 100.00 -1000 1.66 3.98 8.86 -1000 34.59 1.59 956.722
car -1 -1 0.00 0.00 0.00 100.00 100.00 -1000 1.62 3.81 16.56 -1000 22.84 0.00 954.577
car -1 -1 0.00 0.00 0.00 100.00 100.00 -1000 1.96 4.76 5.30 -1000 6.23 1.65 953.792
car -1 -1 0.00 0.00 0.00 100.00 100.00 -1000 2.02 6.02 3.93 -1000 38.10 1.45 952.497
car -1 -1 0.00 0.00 0.00 100.00 100.00 -1000 1.58 3.52 6.14 -1000 37.93 1.68 949.642
car -1 -1 0.00 0.00 0.00 100.00 100.00 -1000 1.59 3.90 8.39 -1000 33.85 -0.10 928.287
car -1 -1 0.00 0.00 0.00 100.00 100.00 -1000 1.55 3.64 18.58 -1000 38.32 1.66 927.721
car -1 -1 0.00 0.00 0.00 100.00 100.00 -1000 2.76 8.20 18.30 -1000 36.55 1.62 922.096
car -1 -1 0.00 0.00 0.00 100.00 100.00 -1000 2.42 7.59 2.70 -1000 40.18 1.53 921.336
car -1 -1 0.00 0.00 0.00 100.00 100.00 -1000 1.92 4.82 3.60 -1000 41.54 1.52 909.960
car -1 -1 0.00 0.00 0.00 100.00 100.00 -1000 1.53 3.41 15.51 -1000 23.61 1.58 907.481
car -1 -1 0.00 0.00 0.00 100.00 100.00 -1000 1.56 3.58 3.99 -1000 46.94 1.60 904.265
car -1 -1 0.00 0.00 0.00 100.00 100.00 -1000 1.62 3.74 1.72 -1000 35.43 1.70 897.839
car -1 -1 0.00 0.00 0.00 100.00 100.00 -1000 2.81 14.35 16.08 -1000 27.61 1.36 892.849
car -1 -1 0.00 0.00 0.00 100.00 100.00 -1000 2.31 7.32 -0.93 -1000 39.87 1.54 882.003
car -1 -1 0.00 0.00 0.00 100.00 100.00 -1000 1.69 4.01 13.60 -1000 23.31 0.00 875.807
car -1 -1 0.00 0.00 0.00 100.00 100.00 -1000 1.94 5.26 2.48 -1000 37.58 1.57 869.263
car -1 -1 0.00 0.00 0.00 100.00 100.00 -1000 2.65 10.76 3.14 -1000 39.12 1.36 869.078
car -1 -1 0.00 0.00 0.00 100.00 100.00 -1000 1.73 4.12 18.43 -1000 23.57 1.71 852.107
car -1 -1 0.00 0.00 0.00 100.00 100.00 -1000 1.63 3.81 5.90 -1000 43.64 1.57 851.542
car -1 -1 0.00 0.00 0.00 100.00 100.00 -1000 2.03 5.66 4.65 -1000 40.71 1.48 851.532
car -1 -1 0.00 0.00 0.00 100.00 100.00 -1000 1.70 4.05 2.42 -1000 36.84 1.72 844.710
car -1 -1 0.00 0.00 0.00 100.00 100.00 -1000 2.57 10.76 16.88 -1000 26.38 1.45 841.481
car -1 -1 0.00 0.00 0.00 100.00 100.00 -1000 1.99 5.49 4.06 -1000 37.18 1.54 835.633
car -1 -1 0.00 0.00 0.00 100.00 100.00 -1000 1.66 4.15 18.70 -1000 37.41 -0.11 834.378
car -1 -1 0.00 0.00 0.00 100.00 100.00 -1000 1.64 3.71 6.45 -1000 39.20 1.60 833.481
car -1 -1 0.00 0.00 0.00 100.00 100.00 -1000 2.15 6.54 5.06 -1000 36.18 1.53 831.821
car -1 -1 0.00 0.00 0.00 100.00 100.00 -1000 1.99 5.38 -1.48 -1000 40.72 1.55 810.387
car -1 -1 0.00 0.00 0.00 100.00 100.00 -1000 2.13 6.50 7.90 -1000 35.27 1.54 799.947
car -1 -1 0.00 0.00 0.00 100.00 100.00 -1000 2.45 10.67 14.78 -1000 28.49 1.43 789.273
car -1 -1 0.00 0.00 0.00 100.00 100.00 -1000 2.57 7.83 4.61 -1000 9.98 1.99 789.092
car -1 -1 0.00 0.00 0.00 100.00 100.00 -1000 1.60 3.74 -0.72 -1000 36.04 0.13 774.270
car -1 -1 0.00 0.00 0.00 100.00 100.00 -1000 1.58 3.79 5.50 -1000 33.39 0.22 714.319
car -1 -1 0.00 0.00 0.00 100.00 100.00 -1000 1.63 4.19 -8.03 -1000 45.81 1.66 708.525
car -1 -1 0.00 0.00 0.00 100.00 100.00 -1000 2.47 11.20 7.86 -1000 41.95 1.38 695.114
car -1 -1 0.00 0.00 0.00 100.00 100.00 -1000 2.51 9.54 -0.44 -1000 38.99 1.48 694.572
car -1 -1 0.00 0.00 0.00 100.00 100.00 -1000 2.17 6.04 0.76 -1000 40.70 1.55 691.696
car -1 -1 0.00 0.00 0.00 100.00 100.00 -1000 1.85 4.99 3.14 -1000 35.94 1.63 690.622
car -1 -1 0.00 0.00 0.00 100.00 100.00 -1000 1.50 3.50 4.29 -1000 46.18 0.02 689.733
car -1 -1 0.00 0.00 0.00 100.00 100.00 -1000 1.90 5.42 5.75 -1000 34.44 1.52 686.904
car -1 -1 0.00 0.00 0.00 100.00 100.00 -1000 1.74 4.38 9.60 -1000 26.59 1.62 686.786
car -1 -1 0.00 0.00 0.00 100.00 100.00 -1000 1.91 6.08 14.46 -1000 41.03 1.56 684.301
car -1 -1 0.00 0.00 0.00 100.00 100.00 -1000 1.80 4.49 12.80 -1000 26.16 1.47 679.159
car -1 -1 0.00 0.00 0.00 100.00 100.00 -1000 1.60 3.95 9.77 -1000 34.08 1.70 655.048
car -1 -1 0.00 0.00 0.00 100.00 100.00 -1000 1.63 3.74 6.81 -1000 19.05 -0.12 653.491
car -1 -1 0.00 0.00 0.00 100.00 100.00 -1000 1.75 4.52 6.10 -1000 40.19 1.64 651.294
car -1 -1 0.00 0.00 0.00 100.00 100.00 -1000 1.93 6.00 0.82 -1000 38.08 1.53 649.769
car -1 -1 0.00 0.00 0.00 100.00 100.00 -1000 1.79 4.66 19.57 -1000 38.92 1.52 640.116
car -1 -1 0.00 0.00 0.00 100.00 100.00 -1000 1.69 4.34 6.86 -1000 20.00 1.56 635.835
car -1 -1 0.00 0.00 0.00 100.00 100.00 -1000 1.98 5.17 2.15 -1000 41.19 1.53 627.563
car -1 -1 0.00 0.00 0.00 100.00 100.00 -1000 2.80 10.10 9.20 -1000 36.31 1.50 612.328
car -1 -1 0.00 0.00 0.00 100.00 100.00 -1000 1.60 3.67 17.26 -1000 38.59 1.49 601.727
car -1 -1 0.00 0.00 0.00 100.00 100.00 -1000 1.78 4.72 3.79 -1000 34.59 1.57 600.033
car -1 -1 0.00 0.00 0.00 100.00 100.00 -1000 1.91 4.74 6.47 -1000 37.19 1.62 599.872
car -1 -1 0.00 0.00 0.00 100.00 100.00 -1000 1.69 4.08 -0.75 -1000 37.19 1.48 579.370
car -1 -1 0.00 0.00 0.00 100.00 100.00 -1000 1.88 5.09 11.11 -1000 35.05 1.56 575.882
car -1 -1 0.00 0.00 0.00 100.00 100.00 -1000 1.72 4.38 11.19 -1000 24.92 1.56 571.947
car -1 -1 0.00 0.00 0.00 100.00 100.00 -1000 2.27 6.21 -4.53 -1000 10.27 1.96 567.358
car -1 -1 0.00 0.00 0.00 100.00 100.00 -1000 1.77 4.34 9.10 -1000 33.18 1.71 566.159
car -1 -1 0.00 0.00 0.00 100.00 100.00 -1000 2.37 11.36 8.49 -1000 43.15 1.38 558.336
car -1 -1 0.00 0.00 0.00 100.00 100.00 -1000 1.97 5.81 -12.42 -1000 47.10 1.60 555.569
car -1 -1 0.00 0.00 0.00 100.00 100.00 -1000 1.83 5.00 -3.11 -1000 39.99 1.55 542.757
car -1 -1 0.00 0.00 0.00 100.00 100.00 -1000 2.98 9.90 5.30 -1000 5.72 1.93 539.057
car -1 -1 0.00 0.00 0.00 100.00 100.00 -1000 1.75 4.59 -7.32 -1000 45.17 1.72 530.531
car -1 -1 0.00 0.00 0.00 100.00 100.00 -1000 1.56 3.74 7.75 -1000 26.05 -0.24 524.965
car -1 -1 0.00 0.00 0.00 100.00 100.00 -1000 1.82 4.60 6.37 -1000 32.43 1.58 522.158
car -1 -1 0.00 0.00 0.00 100.00 100.00 -1000 1.78 4.59 4.73 -1000 15.69 1.70 519.898
car -1 -1 0.00 0.00 0.00 100.00 100.00 -1000 2.82 15.56 7.42 -1000 46.44 1.35 507.310
car -1 -1 0.00 0.00 0.00 100.00 100.00 -1000 2.05 7.23 8.98 -1000 41.19 1.43 498.679
car -1 -1 0.00 0.00 0.00 100.00 100.00 -1000 1.47 3.50 6.07 -1000 42.85 -0.19 494.491
car -1 -1 0.00 0.00 0.00 100.00 100.00 -1000 1.91 4.96 0.02 -1000 41.54 1.52 487.392
car -1 -1 0.00 0.00 0.00 100.00 100.00 -1000 2.12 7.11 -12.13 -1000 43.92 1.55 485.607
car -1 -1 0.00 0.00 0.00 100.00 100.00 -1000 1.91 6.32 15.04 -1000 32.32 1.57 483.869
car -1 -1 0.00 0.00 0.00 100.00 100.00 -1000 1.58 3.75 -1.88 -1000 47.21 -0.07 474.967
car -1 -1 0.00 0.00 0.00 100.00 100.00 -1000 2.05 5.85 -2.90 -1000 39.12 1.50 472.742
car -1 -1 0.00 0.00 0.00 100.00 100.00 -1000 2.30 10.82 8.74 -1000 44.80 1.39 466.501
car -1 -1 0.00 0.00 0.00 100.00 100.00 -1000 1.74 4.69 7.14 -1000 31.43 1.59 464.209
car -1 -1 0.00 0.00 0.00 100.00 100.00 -1000 1.82 4.02 -4.65 -1000 9.72 1.69 456.667
car -1 -1 0.00 0.00 0.00 100.00 100.00 -1000 2.30 8.92 8.57 -1000 40.27 1.43 453.712
car -1 -1 0.00 0.00 0.00 100.00 100.00 -1000 1.90 5.34 10.59 -1000 38.26 1.49 445.977
car -1 -1 0.00 0.00 0.00 100.00 100.00 -1000 2.05 6.04 -14.94 -1000 44.24 1.64 445.163
car -1 -1 0.00 0.00 0.00 100.00 100.00 -1000 1.99 6.12 11.62 -1000 26.83 1.48 442.368
car -1 -1 0.00 0.00 0.00 100.00 100.00 -1000 1.84 5.71 6.50 -1000 44.21 1.55 441.074
car -1 -1 0.00 0.00 0.00 100.00 100.00 -1000 1.75 4.68 -7.06 -1000 34.28 1.61 440.643
car -1 -1 0.00 0.00 0.00 100.00 100.00 -1000 2.25 7.84 5.86 -1000 11.26 1.62 440.201
car -1 -1 0.00 0.00 0.00 100.00 100.00 -1000 1.99 7.40 6.73 -1000 10.39 1.54 428.651
car -1 -1 0.00 0.00 0.00 100.00 100.00 -1000 2.38 6.90 13.52 -1000 33.90 1.67 423.272
car -1 -1 0.00 0.00 0.00 100.00 100.00 -1000 1.79 4.72 8.12 -1000 26.93 1.53 417.222
car -1 -1 0.00 0.00 0.00 100.00 100.00 -1000 1.86 5.41 6.09 -1000 7.70 1.55 416.174
car -1 -1 0.00 0.00 0.00 100.00 100.00 -1000 2.04 6.60 4.35 -1000 47.37 1.63 414.635
car -1 -1 0.00 0.00 0.00 100.00 100.00 -1000 1.83 5.35 5.86 -1000 25.11 1.52 414.190
car -1 -1 0.00 0.00 0.00 100.00 100.00 -1000 1.95 5.57 4.85 -1000 45.18 1.47 411.181
car -1 -1 0.00 0.00 0.00 100.00 100.00 -1000 1.93 6.70 -1.69 -1000 17.30 1.55 408.678
car -1 -1 0.00 0.00 0.00 100.00 100.00 -1000 1.81 4.68 -9.05 -1000 46.87 1.54 408.241
car -1 -1 0.00 0.00 0.00 100.00 100.00 -1000 2.06 8.50 6.97 -1000 9.30 1.42 407.740
car -1 -1 0.00 0.00 0.00 100.00 100.00 -1000 2.11 6.13 -8.54 -1000 42.69 1.60 407.122
car -1 -1 0.00 0.00 0.00 100.00 100.00 -1000 2.24 8.39 17.11 -1000 40.94 1.49 405.865
car -1 -1 0.00 0.00 0.00 100.00 100.00 -1000 1.95 5.36 -12.94 -1000 45.96 1.65 405.854
car -1 -1 0.00 0.00 0.00 100.00 100.00 -1000 1.65 4.12 -9.56 -1000 45.33 1.59 403.375
car -1 -1 0.00 0.00 0.00 100.00 100.00 -1000 2.28 10.65 6.61 -1000 45.59 1.40 401.734
car -1 -1 0.00 0.00 0.00 100.00 100.00 -1000 2.42 9.78 7.83 -1000 47.27 1.44 399.470
car -1 -1 0.00 0.00 0.00 100.00 100.00 -1000 1.91 5.69 18.76 -1000 22.72 1.53 397.823
car -1 -1 0.00 0.00 0.00 100.00 100.00 -1000 1.75 4.95 7.16 -1000 38.41 1.58 396.391
car -1 -1 0.00 0.00 0.00 100.00 100.00 -1000 3.86 14.95 4.62 -1000 10.37 2.28 393.958
car -1 -1 0.00 0.00 0.00 100.00 100.00 -1000 1.83 4.17 0.57 -1000 27.20 0.08 390.602
car -1 -1 0.00 0.00 0.00 100.00 100.00 -1000 1.88 4.90 5.38 -1000 41.82 1.70 387.796
car -1 -1 0.00 0.00 0.00 100.00 100.00 -1000 1.92 6.21 17.11 -1000 39.03 1.50 382.010
car -1 -1 0.00 0.00 0.00 100.00 100.00 -1000 1.94 5.74 -6.99 -1000 46.34 1.53 379.998
car -1 -1 0.00 0.00 0.00 100.00 100.00 -1000 1.94 5.77 -14.08 -1000 40.34 1.67 378.508
car -1 -1 0.00 0.00 0.00 100.00 100.00 -1000 1.90 5.10 -6.81 -1000 25.71 1.62 368.635
car -1 -1 0.00 0.00 0.00 100.00 100.00 -1000 1.93 5.53 7.35 -1000 18.26 1.58 365.421
car -1 -1 0.00 0.00 0.00 100.00 100.00 -1000 1.69 3.99 12.94 -1000 34.51 -0.01 365.214
car -1 -1 0.00 0.00 0.00 100.00 100.00 -1000 1.85 4.79 12.09 -1000 37.01 -0.27 364.646
car -1 -1 0.00 0.00 0.00 100.00 100.00 -1000 2.10 7.08 -6.91 -1000 35.02 1.54 358.966
car -1 -1 0.00 0.00 0.00 100.00 100.00 -1000 1.89 5.34 -5.10 -1000 46.86 1.57 358.228
car -1 -1 0.00 0.00 0.00 100.00 100.00 -1000 2.03 9.18 5.87 -1000 22.56 1.48 357.426
car -1 -1 0.00 0.00 0.00 100.00 100.00 -1000 1.67 4.24 17.09 -1000 37.71 -0.03 357.059
car -1 -1 0.00 0.00 0.00 100.00 100.00 -1000 2.14 8.98 0.72 -1000 17.58 1.52 356.903
car -1 -1 0.00 0.00 0.00 100.00 100.00 -1000 1.86 5.13 17.17 -1000 21.92 1.57 354.743
car -1 -1 0.00 0.00 0.00 100.00 100.00 -1000 2.12 6.45 -10.36 -1000 39.85 1.56 353.190
car -1 -1 0.00 0.00 0.00 100.00 100.00 -1000 2.05 7.03 -1.38 -1000 37.81 1.48 352.443
car -1 -1 0.00 0.00 0.00 100.00 100.00 -1000 1.92 5.93 9.19 -1000 27.62 1.53 350.074
car -1 -1 0.00 0.00 0.00 100.00 100.00 -1000 2.14 6.37 -13.07 -1000 41.94 1.69 345.950
car -1 -1 0.00 0.00 0.00 100.00 100.00 -1000 1.97 6.02 9.59 -1000 37.52 1.45 343.200
car -1 -1 0.00 0.00 0.00 100.00 100.00 -1000 1.88 5.43 1.68 -1000 42.18 1.49 343.130
car -1 -1 0.00 0.00 0.00 100.00 100.00 -1000 2.43 12.74 -3.03 -1000 18.77 1.46 336.014
car -1 -1 0.00 0.00 0.00 100.00 100.00 -1000 1.90 5.52 3.81 -1000 42.47 1.53 329.338
car -1 -1 0.00 0.00 0.00 100.00 100.00 -1000 1.61 3.81 -2.10 -1000 36.29 0.06 327.548
car -1 -1 0.00 0.00 0.00 100.00 100.00 -1000 2.00 5.99 -3.75 -1000 47.56 1.52 327.353
car -1 -1 0.00 0.00 0.00 100.00 100.00 -1000 3.40 10.46 4.80 -1000 8.34 1.95 322.671
car -1 -1 0.00 0.00 0.00 100.00 100.00 -1000 2.39 14.17 16.99 -1000 41.87 1.41 322.638
car -1 -1 0.00 0.00 0.00 100.00 100.00 -1000 2.26 11.05 10.80 -1000 43.93 1.49 318.721
car -1 -1 0.00 0.00 0.00 100.00 100.00 -1000 2.07 5.85 8.25 -1000 25.51 1.63 315.679
car -1 -1 0.00 0.00 0.00 100.00 100.00 -1000 1.66 4.04 -3.13 -1000 46.92 -0.28 313.643
car -1 -1 0.00 0.00 0.00 100.00 100.00 -1000 1.89 5.24 -2.49 -1000 41.38 1.46 310.358
car -1 -1 0.00 0.00 0.00 100.00 100.00 -1000 2.18 6.77 -14.11 -1000 45.14 1.66 305.232
car -1 -1 0.00 0.00 0.00 100.00 100.00 -1000 2.13 9.11 -2.89 -1000 32.32 1.51 305.051
car -1 -1 0.00 0.00 0.00 100.00 100.00 -1000 1.76 5.40 -4.61 -1000 18.17 1.55 297.676
car -1 -1 0.00 0.00 0.00 100.00 100.00 -1000 2.02 9.04 8.65 -1000 8.44 1.46 297.299
car -1 -1 0.00 0.00 0.00 100.00 100.00 -1000 1.92 10.32 12.91 -1000 29.17 1.32 294.684
car -1 -1 0.00 0.00 0.00 100.00 100.00 -1000 2.01 5.71 -11.84 -1000 31.38 1.61 294.279
car -1 -1 0.00 0.00 0.00 100.00 100.00 -1000 2.27 7.89 -8.55 -1000 47.54 1.56 292.576
car -1 -1 0.00 0.00 0.00 100.00 100.00 -1000 1.79 4.42 10.43 -1000 24.27 1.58 287.796
car -1 -1 0.00 0.00 0.00 100.00 100.00 -1000 1.78 5.66 7.33 -1000 6.96 1.54 274.642
car -1 -1 0.00 0.00 0.00 100.00 100.00 -1000 1.79 4.85 10.74 -1000 25.91 1.48 272.457
car -1 -1 0.00 0.00 0.00 100.00 100.00 -1000 2.26 9.74 6.47 -1000 21.48 1.50 271.826
car -1 -1 0.00 0.00 0.00 100.00 100.00 -1000 1.86 5.77 -0.47 -1000 16.65 1.69 268.582
car -1 -1 0.00 0.00 0.00 100.00 100.00 -1000 1.82 5.24 0.83 -1000 28.04 1.52 267.106
car -1 -1 0.00 0.00 0.00 100.00 100.00 -1000 1.89 5.33 -6.02 -1000 45.64 1.61 264.761
car -1 -1 0.00 0.00 0.00 100.00 100.00 -1000 2.26 7.70 -18.04 -1000 31.54 1.73 262.158
car -1 -1 0.00 0.00 0.00 100.00 100.00 -1000 1.74 4.14 15.87 -1000 38.12 1.57 260.404
car -1 -1 0.00 0.00 0.00 100.00 100.00 -1000 1.65 4.36 0.90 -1000 47.36 1.69 257.566
car -1 -1 0.00 0.00 0.00 100.00 100.00 -1000 3.50 13.66 6.01 -1000 7.01 2.21 256.439
car -1 -1 0.00 0.00 0.00 100.00 100.00 -1000 1.95 4.81 0.82 -1000 34.79 1.53 255.004
car -1 -1 0.00 0.00 0.00 100.00 100.00 -1000 1.91 5.74 -11.35 -1000 46.49 1.57 254.607
car -1 -1 0.00 0.00 0.00 100.00 100.00 -1000 1.89 4.93 9.90 -1000 23.38 1.60 253.769
car -1 -1 0.00 0.00 0.00 100.00 100.00 -1000 1.94 6.20 -6.54 -1000 44.43 1.59 252.425
car -1 -1 0.00 0.00 0.00 100.00 100.00 -1000 2.63 8.91 11.86 -1000 35.84 1.44 249.995
car -1 -1 0.00 0.00 0.00 100.00 100.00 -1000 1.86 5.42 -2.51 -1000 37.01 1.49 247.469
car -1 -1 0.00 0.00 0.00 100.00 100.00 -1000 1.88 5.66 -15.23 -1000 42.71 1.63 246.468
car -1 -1 0.00 0.00 0.00 100.00 100.00 -1000 2.20 6.64 -12.01 -1000 37.08 1.67 245.929
car -1 -1 0.00 0.00 0.00 100.00 100.00 -1000 1.69 4.13 3.62 -1000 33.66 1.48 240.782
car -1 -1 0.00 0.00 0.00 100.00 100.00 -1000 3.56 11.71 -3.22 -1000 10.41 2.42 240.036
car -1 -1 0.00 0.00 0.00 100.00 100.00 -1000 1.97 7.32 4.24 -1000 20.96 1.56 239.807
car -1 -1 0.00 0.00 0.00 100.00 100.00 -1000 2.13 6.00 13.42 -1000 38.61 1.61 238.764
car -1 -1 0.00 0.00 0.00 100.00 100.00 -1000 2.38 11.37 5.86 -1000 12.40 1.42 236.981
car -1 -1 0.00 0.00 0.00 100.00 100.00 -1000 2.48 13.73 16.95 -1000 29.43 1.49 236.762
car -1 -1 0.00 0.00 0.00 100.00 100.00 -1000 2.01 6.07 -10.97 -1000 38.73 1.65 235.192
car -1 -1 0.00 0.00 0.00 100.00 100.00 -1000 1.98 5.92 -12.35 -1000 30.38 1.64 235.079
car -1 -1 0.00 0.00 0.00 100.00 100.00 -1000 6.27 29.81 4.62 -1000 5.67 2.43 235.014
car -1 -1 0.00 0.00 0.00 100.00 100.00 -1000 2.03 6.67 -2.32 -1000 31.42 1.56 233.869
car -1 -1 0.00 0.00 0.00 100.00 100.00 -1000 1.79 5.65 8.51 -1000 15.75 1.58 233.837
car -1 -1 0.00 0.00 0.00 100.00 100.00 -1000 1.92 5.92 9.24 -1000 22.60 1.64 229.901
car -1 -1 0.00 0.00 0.00 100.00 100.00 -1000 1.90 6.73 10.53 -1000 15.19 1.69 228.872
car -1 -1 0.00 0.00 0.00 100.00 100.00 -1000 2.04 7.84 7.17 -1000 29.55 1.71 227.617
car -1 -1 0.00 0.00 0.00 100.00 100.00 -1000 2.07 6.59 -12.75 -1000 36.26 1.70 223.445
car -1 -1 0.00 0.00 0.00 100.00 100.00 -1000 2.16 6.14 9.05 -1000 32.25 1.61 221.569
car -1 -1 0.00 0.00 0.00 100.00 100.00 -1000 2.20 11.06 10.75 -1000 45.58 1.51 220.232
car -1 -1 0.00 0.00 0.00 100.00 100.00 -1000 1.80 5.08 -15.82 -1000 43.56 1.55 219.218
car -1 -1 0.00 0.00 0.00 100.00 100.00 -1000 2.20 8.43 9.25 -1000 38.98 1.49 217.053
car -1 -1 0.00 0.00 0.00 100.00 100.00 -1000 1.97 5.72 4.95 -1000 14.61 1.68 216.637
car -1 -1 0.00 0.00 0.00 100.00 100.00 -1000 1.65 3.91 12.20 -1000 23.71 0.10 215.975
car -1 -1 0.00 0.00 0.00 100.00 100.00 -1000 2.49 13.69 10.61 -1000 30.13 1.37 214.181
car -1 -1 0.00 0.00 0.00 100.00 100.00 -1000 2.23 6.00 -2.06 -1000 16.21 1.83 212.623
car -1 -1 0.00 0.00 0.00 100.00 100.00 -1000 2.08 6.15 13.08 -1000 22.53 1.52 212.059
car -1 -1 0.00 0.00 0.00 100.00 100.00 -1000 2.90 7.99 -4.19 -1000 9.35 1.77 211.907
car -1 -1 0.00 0.00 0.00 100.00 100.00 -1000 1.94 5.79 1.89 -1000 46.51 1.55 211.676
car -1 -1 0.00 0.00 0.00 100.00 100.00 -1000 2.25 8.70 12.28 -1000 27.62 1.42 211.052
car -1 -1 0.00 0.00 0.00 100.00 100.00 -1000 2.06 6.84 1.42 -1000 33.25 1.74 208.717
car -1 -1 0.00 0.00 0.00 100.00 100.00 -1000 2.24 8.18 1.19 -1000 30.35 1.53 207.567
car -1 -1 0.00 0.00 0.00 100.00 100.00 -1000 1.79 5.47 5.95 -1000 45.93 1.55 206.953
car -1 -1 0.00 0.00 0.00 100.00 100.00 -1000 2.30 7.54 -8.15 -1000 43.80 1.52 206.405
car -1 -1 0.00 0.00 0.00 100.00 100.00 -1000 1.82 5.22 -3.74 -1000 46.07 1.64 205.959
car -1 -1 0.00 0.00 0.00 100.00 100.00 -1000 1.58 3.64 14.94 -1000 31.93 0.25 203.728
car -1 -1 0.00 0.00 0.00 100.00 100.00 -1000 1.99 7.28 2.79 -1000 44.71 1.48 201.220
car -1 -1 0.00 0.00 0.00 100.00 100.00 -1000 2.17 7.08 -9.75 -1000 41.05 1.65 200.280
car -1 -1 0.00 0.00 0.00 100.00 100.00 -1000 2.13 7.82 -10.83 -1000 43.17 1.46 197.768
car -1 -1 0.00 0.00 0.00 100.00 100.00 -1000 2.12 7.86 -18.52 -1000 29.08 1.61 196.198
car -1 -1 0.00 0.00 0.00 100.00 100.00 -1000 2.09 5.61 13.24 -1000 40.30 1.61 192.574
car -1 -1 0.00 0.00 0.00 100.00 100.00 -1000 1.91 5.32 -12.66 -1000 20.52 -0.18 192.143
car -1 -1 0.00 0.00 0.00 100.00 100.00 -1000 2.20 7.53 18.15 -1000 20.91 1.63 190.554
car -1 -1 0.00 0.00 0.00 100.00 100.00 -1000 2.25 10.94 -3.26 -1000 19.78 1.51 189.315
car -1 -1 0.00 0.00 0.00 100.00 100.00 -1000 1.86 5.83 5.65 -1000 26.33 1.51 187.205
car -1 -1 0.00 0.00 0.00 100.00 100.00 -1000 1.77 5.18 -12.38 -1000 21.46 1.63 185.974
car -1 -1 0.00 0.00 0.00 100.00 100.00 -1000 1.82 5.58 -2.17 -1000 35.67 1.54 184.960
car -1 -1 0.00 0.00 0.00 100.00 100.00 -1000 2.25 7.93 12.10 -1000 41.07 1.50 182.221
car -1 -1 0.00 0.00 0.00 100.00 100.00 -1000 2.14 9.70 -18.23 -1000 46.68 1.53 180.642
car -1 -1 0.00 0.00 0.00 100.00 100.00 -1000 1.91 5.60 18.67 -1000 25.24 -0.19 179.699
car -1 -1 0.00 0.00 0.00 100.00 100.00 -1000 1.71 4.64 -7.68 -1000 25.03 1.60 178.780
car -1 -1 0.00 0.00 0.00 100.00 100.00 -1000 2.25 7.97 -0.36 -1000 42.49 1.57 178.385
car -1 -1 0.00 0.00 0.00 100.00 100.00 -1000 1.78 5.09 11.15 -1000 33.73 1.53 178.281
car -1 -1 0.00 0.00 0.00 100.00 100.00 -1000 6.04 29.32 5.00 -1000 11.57 2.51 177.893
car -1 -1 0.00 0.00 0.00 100.00 100.00 -1000 2.53 8.74 7.66 -1000 28.48 1.51 176.759
car -1 -1 0.00 0.00 0.00 100.00 100.00 -1000 1.94 6.90 6.12 -1000 46.69 1.50 176.354
car -1 -1 0.00 0.00 0.00 100.00 100.00 -1000 1.94 5.98 -16.36 -1000 41.93 1.63 173.397
car -1 -1 0.00 0.00 0.00 100.00 100.00 -1000 2.11 6.81 -14.23 -1000 33.83 1.61 172.319
car -1 -1 0.00 0.00 0.00 100.00 100.00 -1000 2.21 7.31 -11.06 -1000 32.28 1.61 170.985
car -1 -1 0.00 0.00 0.00 100.00 100.00 -1000 1.96 6.78 9.22 -1000 21.42 1.43 170.233
car -1 -1 0.00 0.00 0.00 100.00 100.00 -1000 1.89 5.39 -3.93 -1000 16.95 1.67 168.346
car -1 -1 0.00 0.00 0.00 100.00 100.00 -1000 2.08 10.56 3.42 -1000 21.77 1.45 165.969
car -1 -1 0.00 0.00 0.00 100.00 100.00 -1000 2.01 7.52 -3.69 -1000 28.19 1.56 165.320
car -1 -1 0.00 0.00 0.00 100.00 100.00 -1000 2.16 7.03 14.95 -1000 21.84 1.58 164.994
car -1 -1 0.00 0.00 0.00 100.00 100.00 -1000 2.03 7.03 -6.24 -1000 30.66 1.60 164.911
car -1 -1 0.00 0.00 0.00 100.00 100.00 -1000 2.06 9.22 -17.84 -1000 30.39 1.77 163.037
car -1 -1 0.00 0.00 0.00 100.00 100.00 -1000 1.88 5.85 4.63 -1000 31.40 1.61 162.570
car -1 -1 0.00 0.00 0.00 100.00 100.00 -1000 1.76 4.20 12.59 -1000 24.47 0.01 162.186
car -1 -1 0.00 0.00 0.00 100.00 100.00 -1000 2.43 7.30 5.43 -1000 13.64 1.74 161.245
car -1 -1 0.00 0.00 0.00 100.00 100.00 -1000 2.25 8.10 19.05 -1000 39.86 1.46 160.823
car -1 -1 0.00 0.00 0.00 100.00 100.00 -1000 1.95 7.34 8.92 -1000 6.42 1.52 159.842
car -1 -1 0.00 0.00 0.00 100.00 100.00 -1000 2.00 8.30 -3.27 -1000 29.52 1.53 158.343
car -1 -1 0.00 0.00 0.00 100.00 100.00 -1000 1.64 4.41 2.64 -1000 47.65 -0.06 157.016
car -1 -1 0.00 0.00 0.00 100.00 100.00 -1000 1.87 5.46 1.74 -1000 16.55 1.78 156.668
car -1 -1 0.00 0.00 0.00 100.00 100.00 -1000 1.89 5.52 -3.99 -1000 40.71 1.45 156.242
car -1 -1 0.00 0.00 0.00 100.00 100.00 -1000 2.04 6.00 -9.05 -1000 33.93 1.51 155.749
car -1 -1 0.00 0.00 0.00 100.00 100.00 -1000 2.10 6.76 -15.84 -1000 37.84 1.68 154.586
car -1 -1 0.00 0.00 0.00 100.00 100.00 -1000 1.94 5.98 8.28 -1000 30.68 1.66 152.609
car -1 -1 0.00 0.00 0.00 100.00 100.00 -1000 1.78 5.15 6.15 -1000 15.17 1.54 152.482
car -1 -1 0.00 0.00 0.00 100.00 100.00 -1000 2.02 6.93 16.37 -1000 39.90 1.45 149.919
car -1 -1 0.00 0.00 0.00 100.00 100.00 -1000 2.09 7.48 -15.60 -1000 24.53 1.49 149.286
car -1 -1 0.00 0.00 0.00 100.00 100.00 -1000 2.11 7.11 -6.74 -1000 29.68 1.53 148.918
car -1 -1 0.00 0.00 0.00 100.00 100.00 -1000 2.13 6.84 -12.26 -1000 40.73 1.50 148.618
car -1 -1 0.00 0.00 0.00 100.00 100.00 -1000 2.02 6.93 -4.49 -1000 34.34 1.51 148.607
car -1 -1 0.00 0.00 0.00 100.00 100.00 -1000 2.12 12.96 -3.69 -1000 20.98 1.38 148.162
car -1 -1 0.00 0.00 0.00 100.00 100.00 -1000 1.92 5.74 -1.60 -1000 46.66 1.59 147.889
car -1 -1 0.00 0.00 0.00 100.00 100.00 -1000 1.98 5.74 1.92 -1000 26.68 1.55 147.857
car -1 -1 0.00 0.00 0.00 100.00 100.00 -1000 2.04 5.94 -6.89 -1000 24.28 1.69 146.337
car -1 -1 0.00 0.00 0.00 100.00 100.00 -1000 2.72 8.14 3.21 -1000 15.82 2.04 145.273
car -1 -1 0.00 0.00 0.00 100.00 100.00 -1000 2.28 10.90 -3.43 -1000 44.76 1.49 144.581
