car -1 -1 0.00 0.00 0.00 100.00 100.00 -1000 1.50 3.52 -0.41 -1000 35.29 1.62 999.415
car -1 -1 0.00 0.00 0.00 100.00 100.00 -1000 1.55 3.21 7.07 -1000 31.37 1.60 997.010
car -1 -1 0.00 0.00 0.00 100.00 100.00 -1000 2.49 8.99 -1.72 -1000 38.63 1.48 989.879
car -1 -1 0.00 0.00 0.00 100.00 100.00 -1000 3.11 17.10 -1.13 -1000 38.44 1.19 987.127
car -1 -1 0.00 0.00 0.00 100.00 100.00 -1000 2.61 11.89 -2.57 -1000 37.53 1.34 986.884
car -1 -1 0.00 0.00 0.00 100.00 100.00 -1000 2.37 7.02 -1.02 -1000 36.75 1.47 982.769
car -1 -1 0.00 0.00 0.00 100.00 100.00 -1000 1.50 3.57 7.47 -1000 30.65 -0.00 979.800
car -1 -1 0.00 0.00 0.00 100.00 100.00 -1000 1.63 3.96 3.41 -1000 35.09 1.52 972.646
car -1 -1 0.00 0.00 0.00 100.00 100.00 -1000 2.28 6.09 -0.29 -1000 34.03 -0.07 971.929
car -1 -1 0.00 0.00 0.00 100.00 100.00 -1000 1.79 4.69 -0.06 -1000 36.00 1.58 964.587
car -1 -1 0.00 0.00 0.00 100.00 100.00 -1000 1.58 3.31 5.14 -1000 33.01 1.53 963.285
car -1 -1 0.00 0.00 0.00 100.00 100.00 -1000 2.29 6.51 -0.55 -1000 37.88 1.56 961.202
car -1 -1 0.00 0.00 0.00 100.00 100.00 -1000 2.29 8.30 7.66 -1000 34.37 1.31 954.936
car -1 -1 0.00 0.00 0.00 100.00 100.00 -1000 2.35 8.31 2.15 -1000 38.72 1.45 946.101
car -1 -1 0.00 0.00 0.00 100.00 100.00 -1000 1.57 3.39 4.62 -1000 33.78 1.52 936.909
car -1 -1 0.00 0.00 0.00 100.00 100.00 -1000 2.35 6.81 -3.61 -1000 37.92 1.50 935.714
car -1 -1 0.00 0.00 0.00 100.00 100.00 -1000 2.27 8.26 6.38 -1000 35.19 1.41 927.582
car -1 -1 0.00 0.00 0.00 100.00 100.00 -1000 1.60 3.77 1.74 -1000 35.39 1.61 924.858
car -1 -1 0.00 0.00 0.00 100.00 100.00 -1000 1.60 3.45 4.44 -1000 34.66 1.66 922.028
car -1 -1 0.00 0.00 0.00 100.00 100.00 -1000 1.55 3.29 6.25 -1000 32.17 1.62 912.802
car -1 -1 0.00 0.00 0.00 100.00 100.00 -1000 1.55 3.42 8.48 -1000 31.20 1.77 906.869
car -1 -1 0.00 0.00 0.00 100.00 100.00 -1000 2.26 8.21 7.63 -1000 33.18 1.41 904.944
car -1 -1 0.00 0.00 0.00 100.00 100.00 -1000 2.00 5.98 9.48 -1000 35.45 1.45 902.256
car -1 -1 0.00 0.00 0.00 100.00 100.00 -1000 1.55 3.44 -1.93 -1000 35.41 1.50 901.716
car -1 -1 0.00 0.00 0.00 100.00 100.00 -1000 1.52 3.47 0.72 -1000 34.96 1.76 897.659
car -1 -1 0.00 0.00 0.00 100.00 100.00 -1000 1.81 4.53 3.45 -1000 39.48 1.54 893.354
car -1 -1 0.00 0.00 0.00 100.00 100.00 -1000 2.02 5.49 -4.75 -1000 39.06 1.51 887.590
car -1 -1 0.00 0.00 0.00 100.00 100.00 -1000 1.67 4.27 6.22 -1000 33.63 1.64 875.195
car -1 -1 0.00 0.00 0.00 100.00 100.00 -1000 1.53 3.54 7.76 -1000 32.05 1.67 867.857
car -1 -1 0.00 0.00 0.00 100.00 100.00 -1000 1.62 3.76 -8.56 -1000 40.24 1.59 867.104
car -1 -1 0.00 0.00 0.00 100.00 100.00 -1000 1.99 6.08 2.01 -1000 36.31 1.46 865.567
car -1 -1 0.00 0.00 0.00 100.00 100.00 -1000 1.58 3.59 -12.84 -1000 44.86 1.60 840.222
car -1 -1 0.00 0.00 0.00 100.00 100.00 -1000 1.53 3.51 -8.01 -1000 39.56 1.58 795.273
car -1 -1 0.00 0.00 0.00 100.00 100.00 -1000 1.57 3.78 -5.13 -1000 45.08 1.60 793.764
car -1 -1 0.00 0.00 0.00 100.00 100.00 -1000 1.61 3.68 -7.75 -1000 31.46 1.59 791.067
car -1 -1 0.00 0.00 0.00 100.00 100.00 -1000 1.65 3.81 -7.78 -1000 35.38 1.55 788.169
car -1 -1 0.00 0.00 0.00 100.00 100.00 -1000 1.54 3.34 5.74 -1000 31.47 1.56 785.416
car -1 -1 0.00 0.00 0.00 100.00 100.00 -1000 1.63 3.94 2.24 -1000 34.56 1.63 775.920
car -1 -1 0.00 0.00 0.00 100.00 100.00 -1000 1.99 6.12 4.02 -1000 35.68 1.60 771.444
car -1 -1 0.00 0.00 0.00 100.00 100.00 -1000 2.22 7.48 7.85 -1000 35.96 1.38 757.089
car -1 -1 0.00 0.00 0.00 100.00 100.00 -1000 1.62 3.95 8.02 -1000 30.00 -0.21 754.505
car -1 -1 0.00 0.00 0.00 100.00 100.00 -1000 1.64 4.00 3.47 -1000 33.41 1.51 748.887
car -1 -1 0.00 0.00 0.00 100.00 100.00 -1000 1.52 3.57 -4.53 -1000 44.13 0.07 747.597
car -1 -1 0.00 0.00 0.00 100.00 100.00 -1000 2.51 9.62 1.19 -1000 39.68 1.42 742.185
car -1 -1 0.00 0.00 0.00 100.00 100.00 -1000 2.58 10.57 1.66 -1000 37.45 1.36 741.318
car -1 -1 0.00 0.00 0.00 100.00 100.00 -1000 1.82 4.71 10.85 -1000 36.33 1.51 740.542
car -1 -1 0.00 0.00 0.00 100.00 100.00 -1000 2.27 7.83 -2.49 -1000 39.58 1.49 737.499
car -1 -1 0.00 0.00 0.00 100.00 100.00 -1000 1.96 5.49 8.21 -1000 16.48 1.63 737.240
car -1 -1 0.00 0.00 0.00 100.00 100.00 -1000 1.57 3.66 -3.59 -1000 44.87 1.60 733.696
car -1 -1 0.00 0.00 0.00 100.00 100.00 -1000 1.64 3.92 -17.06 -1000 45.22 1.57 731.881
car -1 -1 0.00 0.00 0.00 100.00 100.00 -1000 1.61 3.59 -2.83 -1000 34.91 1.50 728.824
car -1 -1 0.00 0.00 0.00 100.00 100.00 -1000 1.48 3.53 4.45 -1000 32.20 0.03 726.686
car -1 -1 0.00 0.00 0.00 100.00 100.00 -1000 1.99 5.49 3.40 -1000 41.54 1.62 725.934
car -1 -1 0.00 0.00 0.00 100.00 100.00 -1000 2.39 8.47 -2.79 -1000 36.13 1.48 720.950
car -1 -1 0.00 0.00 0.00 100.00 100.00 -1000 1.79 4.53 8.52 -1000 14.91 1.71 693.580
car -1 -1 0.00 0.00 0.00 100.00 100.00 -1000 2.98 9.31 5.64 -1000 4.96 1.85 683.270
car -1 -1 0.00 0.00 0.00 100.00 100.00 -1000 1.85 4.90 3.20 -1000 40.66 1.56 677.296
car -1 -1 0.00 0.00 0.00 100.00 100.00 -1000 1.71 4.33 -8.70 -1000 41.02 1.61 672.229
car -1 -1 0.00 0.00 0.00 100.00 100.00 -1000 2.43 10.62 6.42 -1000 37.47 1.37 666.873
car -1 -1 0.00 0.00 0.00 100.00 100.00 -1000 1.59 3.82 -6.59 -1000 39.41 1.57 641.198
car -1 -1 0.00 0.00 0.00 100.00 100.00 -1000 1.71 4.16 0.57 -1000 33.10 1.54 631.887
car -1 -1 0.00 0.00 0.00 100.00 100.00 -1000 1.64 4.08 -1.62 -1000 34.48 0.13 631.104
car -1 -1 0.00 0.00 0.00 100.00 100.00 -1000 1.69 4.13 -12.35 -1000 38.78 1.62 622.577
car -1 -1 0.00 0.00 0.00 100.00 100.00 -1000 1.67 4.18 -4.19 -1000 35.34 1.53 617.317
car -1 -1 0.00 0.00 0.00 100.00 100.00 -1000 1.72 4.73 2.80 -1000 47.16 1.60 595.126
car -1 -1 0.00 0.00 0.00 100.00 100.00 -1000 1.58 3.94 -6.11 -1000 44.20 0.02 594.404
car -1 -1 0.00 0.00 0.00 100.00 100.00 -1000 1.71 4.35 -2.90 -1000 34.01 0.11 569.900
car -1 -1 0.00 0.00 0.00 100.00 100.00 -1000 1.64 3.64 8.95 -1000 30.49 1.64 561.874
car -1 -1 0.00 0.00 0.00 100.00 100.00 -1000 1.68 4.57 -13.74 -1000 45.41 1.52 559.359
car -1 -1 0.00 0.00 0.00 100.00 100.00 -1000 1.68 4.06 6.91 -1000 45.30 1.63 550.515
car -1 -1 0.00 0.00 0.00 100.00 100.00 -1000 1.69 4.23 10.21 -1000 15.26 1.70 543.265
car -1 -1 0.00 0.00 0.00 100.00 100.00 -1000 2.16 6.64 7.37 -1000 29.39 -0.14 537.520
car -1 -1 0.00 0.00 0.00 100.00 100.00 -1000 1.58 3.68 -13.92 -1000 44.40 0.06 511.677
car -1 -1 0.00 0.00 0.00 100.00 100.00 -1000 3.61 10.68 0.01 -1000 33.12 1.58 507.711
car -1 -1 0.00 0.00 0.00 100.00 100.00 -1000 1.75 4.65 -7.45 -1000 24.57 1.57 507.441
car -1 -1 0.00 0.00 0.00 100.00 100.00 -1000 1.70 4.38 -12.17 -1000 44.14 1.60 506.481
car -1 -1 0.00 0.00 0.00 100.00 100.00 -1000 1.48 3.71 6.62 -1000 32.88 -0.73 500.367
car -1 -1 0.00 0.00 0.00 100.00 100.00 -1000 1.59 4.06 -7.82 -1000 34.51 0.07 496.600
car -1 -1 0.00 0.00 0.00 100.00 100.00 -1000 2.41 7.48 -4.84 -1000 36.91 1.49 494.522
car -1 -1 0.00 0.00 0.00 100.00 100.00 -1000 2.09 6.57 8.86 -1000 17.32 1.67 488.314
car -1 -1 0.00 0.00 0.00 100.00 100.00 -1000 2.20 8.70 7.38 -1000 39.79 1.42 486.615
car -1 -1 0.00 0.00 0.00 100.00 100.00 -1000 1.86 4.93 10.51 -1000 16.11 1.71 464.280
car -1 -1 0.00 0.00 0.00 100.00 100.00 -1000 1.89 5.55 -8.77 -1000 41.86 1.61 463.745
car -1 -1 0.00 0.00 0.00 100.00 100.00 -1000 1.75 4.62 7.16 -1000 19.23 1.64 460.451
car -1 -1 0.00 0.00 0.00 100.00 100.00 -1000 1.75 4.48 -16.66 -1000 44.35 1.60 460.309
car -1 -1 0.00 0.00 0.00 100.00 100.00 -1000 1.76 4.69 -15.73 -1000 45.51 1.58 459.563
car -1 -1 0.00 0.00 0.00 100.00 100.00 -1000 1.59 3.78 -3.04 -1000 44.20 1.66 450.821
car -1 -1 0.00 0.00 0.00 100.00 100.00 -1000 1.75 5.12 2.15 -1000 31.44 1.49 442.590
car -1 -1 0.00 0.00 0.00 100.00 100.00 -1000 2.48 10.43 7.73 -1000 38.60 1.40 437.569
car -1 -1 0.00 0.00 0.00 100.00 100.00 -1000 1.72 4.30 -11.82 -1000 34.34 1.57 437.370
car -1 -1 0.00 0.00 0.00 100.00 100.00 -1000 2.08 6.66 9.62 -1000 19.43 1.48 435.281
car -1 -1 0.00 0.00 0.00 100.00 100.00 -1000 1.90 5.18 -7.76 -1000 32.08 1.56 434.638
car -1 -1 0.00 0.00 0.00 100.00 100.00 -1000 1.56 4.09 -6.33 -1000 38.53 0.08 426.882
car -1 -1 0.00 0.00 0.00 100.00 100.00 -1000 1.64 3.81 6.26 -1000 30.36 0.03 421.112
car -1 -1 0.00 0.00 0.00 100.00 100.00 -1000 2.05 6.06 -6.16 -1000 36.14 1.58 415.358
car -1 -1 0.00 0.00 0.00 100.00 100.00 -1000 1.84 5.24 1.78 -1000 32.32 1.51 409.909
car -1 -1 0.00 0.00 0.00 100.00 100.00 -1000 1.54 3.66 -8.28 -1000 30.74 -0.03 409.857
car -1 -1 0.00 0.00 0.00 100.00 100.00 -1000 2.35 9.50 4.75 -1000 36.57 1.42 405.088
car -1 -1 0.00 0.00 0.00 100.00 100.00 -1000 2.04 6.21 6.71 -1000 18.14 1.49 404.790
car -1 -1 0.00 0.00 0.00 100.00 100.00 -1000 1.93 5.97 10.45 -1000 17.85 1.53 402.475
car -1 -1 0.00 0.00 0.00 100.00 100.00 -1000 2.07 6.59 -8.46 -1000 43.03 1.58 401.836
car -1 -1 0.00 0.00 0.00 100.00 100.00 -1000 1.67 4.26 -4.27 -1000 34.45 0.27 397.555
car -1 -1 0.00 0.00 0.00 100.00 100.00 -1000 1.79 4.43 2.09 -1000 41.98 1.51 395.548
car -1 -1 0.00 0.00 0.00 100.00 100.00 -1000 1.73 4.45 -6.76 -1000 45.17 1.56 389.211
car -1 -1 0.00 0.00 0.00 100.00 100.00 -1000 1.99 5.96 -17.05 -1000 43.52 1.57 382.622
car -1 -1 0.00 0.00 0.00 100.00 100.00 -1000 1.91 5.15 9.38 -1000 14.18 1.74 378.296
car -1 -1 0.00 0.00 0.00 100.00 100.00 -1000 1.66 4.71 -11.96 -1000 45.52 1.59 377.278
car -1 -1 0.00 0.00 0.00 100.00 100.00 -1000 2.14 6.65 9.90 -1000 33.92 1.51 366.732
car -1 -1 0.00 0.00 0.00 100.00 100.00 -1000 1.94 5.91 6.84 -1000 46.25 1.62 366.024
car -1 -1 0.00 0.00 0.00 100.00 100.00 -1000 1.84 4.74 -6.11 -1000 35.29 1.56 362.840
car -1 -1 0.00 0.00 0.00 100.00 100.00 -1000 1.78 4.72 -8.76 -1000 38.82 1.51 360.569
car -1 -1 0.00 0.00 0.00 100.00 100.00 -1000 1.84 4.86 4.14 -1000 31.54 1.46 357.501
car -1 -1 0.00 0.00 0.00 100.00 100.00 -1000 1.83 5.16 10.72 -1000 17.00 1.65 356.489
car -1 -1 0.00 0.00 0.00 100.00 100.00 -1000 1.80 4.95 -7.36 -1000 20.93 1.58 356.173
car -1 -1 0.00 0.00 0.00 100.00 100.00 -1000 1.76 4.77 -11.41 -1000 31.01 1.53 352.381
car -1 -1 0.00 0.00 0.00 100.00 100.00 -1000 2.08 6.17 10.49 -1000 37.37 1.46 351.381
car -1 -1 0.00 0.00 0.00 100.00 100.00 -1000 1.75 4.60 -14.95 -1000 44.85 1.52 350.873
car -1 -1 0.00 0.00 0.00 100.00 100.00 -1000 1.74 4.63 -17.21 -1000 41.04 1.61 346.689
car -1 -1 0.00 0.00 0.00 100.00 100.00 -1000 1.68 4.17 1.67 -1000 40.95 0.13 343.467
car -1 -1 0.00 0.00 0.00 100.00 100.00 -1000 2.14 7.01 -5.46 -1000 43.18 1.47 339.770
car -1 -1 0.00 0.00 0.00 100.00 100.00 -1000 1.70 4.48 -11.64 -1000 39.42 1.58 339.688
car -1 -1 0.00 0.00 0.00 100.00 100.00 -1000 2.15 9.17 15.42 -1000 36.72 1.44 329.248
car -1 -1 0.00 0.00 0.00 100.00 100.00 -1000 1.78 5.07 6.72 -1000 43.59 1.62 324.216
car -1 -1 0.00 0.00 0.00 100.00 100.00 -1000 2.11 6.49 -8.80 -1000 46.27 1.52 321.964
car -1 -1 0.00 0.00 0.00 100.00 100.00 -1000 1.78 4.58 8.97 -1000 15.75 -0.44 320.219
car -1 -1 0.00 0.00 0.00 100.00 100.00 -1000 2.12 6.69 3.54 -1000 42.47 1.65 316.481
car -1 -1 0.00 0.00 0.00 100.00 100.00 -1000 1.92 5.26 4.00 -1000 18.03 1.71 315.779
car -1 -1 0.00 0.00 0.00 100.00 100.00 -1000 2.32 6.85 5.06 -1000 8.82 1.91 312.368
car -1 -1 0.00 0.00 0.00 100.00 100.00 -1000 1.88 5.33 6.85 -1000 20.07 1.64 308.368
car -1 -1 0.00 0.00 0.00 100.00 100.00 -1000 1.81 5.47 11.77 -1000 19.86 1.51 307.725
car -1 -1 0.00 0.00 0.00 100.00 100.00 -1000 1.74 4.75 4.88 -1000 24.21 1.63 307.609
car -1 -1 0.00 0.00 0.00 100.00 100.00 -1000 1.55 3.77 10.77 -1000 14.59 -0.40 305.153
car -1 -1 0.00 0.00 0.00 100.00 100.00 -1000 2.09 6.60 -16.24 -1000 46.32 1.56 300.967
car -1 -1 0.00 0.00 0.00 100.00 100.00 -1000 1.64 4.15 -9.64 -1000 39.57 1.56 294.546
car -1 -1 0.00 0.00 0.00 100.00 100.00 -1000 1.85 5.07 4.16 -1000 16.44 1.74 293.866
car -1 -1 0.00 0.00 0.00 100.00 100.00 -1000 2.15 9.61 13.80 -1000 38.28 1.41 291.443
car -1 -1 0.00 0.00 0.00 100.00 100.00 -1000 2.24 7.21 10.00 -1000 32.69 1.51 289.018
car -1 -1 0.00 0.00 0.00 100.00 100.00 -1000 2.04 5.88 -16.93 -1000 41.87 1.59 283.130
car -1 -1 0.00 0.00 0.00 100.00 100.00 -1000 1.93 5.68 10.14 -1000 31.13 1.58 281.313
car -1 -1 0.00 0.00 0.00 100.00 100.00 -1000 2.51 11.78 -5.76 -1000 42.34 1.46 280.549
car -1 -1 0.00 0.00 0.00 100.00 100.00 -1000 2.17 9.49 15.68 -1000 35.13 1.48 272.890
car -1 -1 0.00 0.00 0.00 100.00 100.00 -1000 2.18 6.56 -7.12 -1000 28.86 1.54 270.422
car -1 -1 0.00 0.00 0.00 100.00 100.00 -1000 1.80 4.72 11.57 -1000 35.50 1.60 270.380
car -1 -1 0.00 0.00 0.00 100.00 100.00 -1000 1.73 4.11 7.04 -1000 44.41 1.60 269.612
car -1 -1 0.00 0.00 0.00 100.00 100.00 -1000 2.08 7.43 -7.44 -1000 25.22 1.51 269.538
car -1 -1 0.00 0.00 0.00 100.00 100.00 -1000 2.12 9.26 13.48 -1000 16.58 1.42 268.126
car -1 -1 0.00 0.00 0.00 100.00 100.00 -1000 2.07 6.55 3.18 -1000 45.76 1.58 266.504
car -1 -1 0.00 0.00 0.00 100.00 100.00 -1000 1.93 5.32 -12.24 -1000 43.16 1.48 262.534
car -1 -1 0.00 0.00 0.00 100.00 100.00 -1000 1.62 4.14 3.30 -1000 32.58 0.17 261.461
car -1 -1 0.00 0.00 0.00 100.00 100.00 -1000 2.29 10.72 10.44 -1000 20.41 1.39 260.515
car -1 -1 0.00 0.00 0.00 100.00 100.00 -1000 2.07 7.03 5.98 -1000 41.66 1.40 253.717
car -1 -1 0.00 0.00 0.00 100.00 100.00 -1000 2.29 10.80 9.01 -1000 40.72 1.51 253.411
car -1 -1 0.00 0.00 0.00 100.00 100.00 -1000 1.73 4.99 -10.50 -1000 44.39 1.54 251.404
car -1 -1 0.00 0.00 0.00 100.00 100.00 -1000 1.79 5.27 6.77 -1000 42.51 1.56 248.349
car -1 -1 0.00 0.00 0.00 100.00 100.00 -1000 2.01 5.78 4.14 -1000 19.22 1.67 247.162
car -1 -1 0.00 0.00 0.00 100.00 100.00 -1000 2.00 6.56 4.83 -1000 40.29 1.50 246.359
car -1 -1 0.00 0.00 0.00 100.00 100.00 -1000 1.98 6.10 -16.32 -1000 36.16 1.57 241.893
car -1 -1 0.00 0.00 0.00 100.00 100.00 -1000 1.92 5.87 11.03 -1000 31.90 1.47 237.072
car -1 -1 0.00 0.00 0.00 100.00 100.00 -1000 1.76 5.01 -10.02 -1000 34.66 1.58 236.798
car -1 -1 0.00 0.00 0.00 100.00 100.00 -1000 2.04 8.27 14.13 -1000 14.96 1.49 235.650
car -1 -1 0.00 0.00 0.00 100.00 100.00 -1000 1.92 5.97 11.97 -1000 33.50 1.51 235.444
car -1 -1 0.00 0.00 0.00 100.00 100.00 -1000 2.23 7.35 -15.83 -1000 37.46 1.51 234.247
car -1 -1 0.00 0.00 0.00 100.00 100.00 -1000 2.09 7.77 10.83 -1000 18.65 1.45 232.929
car -1 -1 0.00 0.00 0.00 100.00 100.00 -1000 1.99 6.45 -6.52 -1000 40.26 1.49 232.420
car -1 -1 0.00 0.00 0.00 100.00 100.00 -1000 2.06 6.79 -15.76 -1000 29.00 1.59 232.144
car -1 -1 0.00 0.00 0.00 100.00 100.00 -1000 1.70 4.53 -11.76 -1000 38.03 1.59 231.538
car -1 -1 0.00 0.00 0.00 100.00 100.00 -1000 1.98 6.61 -5.60 -1000 32.65 1.46 229.758
car -1 -1 0.00 0.00 0.00 100.00 100.00 -1000 2.04 6.28 4.24 -1000 30.74 1.46 228.971
car -1 -1 0.00 0.00 0.00 100.00 100.00 -1000 2.16 8.27 -2.54 -1000 42.32 1.52 228.188
car -1 -1 0.00 0.00 0.00 100.00 100.00 -1000 2.09 8.84 10.94 -1000 44.83 1.48 223.177
car -1 -1 0.00 0.00 0.00 100.00 100.00 -1000 1.91 5.48 6.52 -1000 16.90 1.49 219.231
car -1 -1 0.00 0.00 0.00 100.00 100.00 -1000 1.89 7.92 -14.34 -1000 18.88 1.58 216.802
car -1 -1 0.00 0.00 0.00 100.00 100.00 -1000 2.24 6.77 4.41 -1000 14.94 1.92 212.238
car -1 -1 0.00 0.00 0.00 100.00 100.00 -1000 1.99 6.42 5.12 -1000 24.89 1.58 211.569
car -1 -1 0.00 0.00 0.00 100.00 100.00 -1000 1.99 5.61 8.58 -1000 18.49 1.61 210.578
car -1 -1 0.00 0.00 0.00 100.00 100.00 -1000 1.97 5.57 -8.73 -1000 45.15 1.52 209.458
car -1 -1 0.00 0.00 0.00 100.00 100.00 -1000 1.72 5.04 -13.42 -1000 43.73 1.55 209.454
car -1 -1 0.00 0.00 0.00 100.00 100.00 -1000 1.95 6.37 -10.53 -1000 42.65 1.50 203.962
car -1 -1 0.00 0.00 0.00 100.00 100.00 -1000 1.97 6.79 -10.98 -1000 22.55 1.56 201.217
car -1 -1 0.00 0.00 0.00 100.00 100.00 -1000 2.28 7.22 -5.86 -1000 18.11 1.88 199.618
car -1 -1 0.00 0.00 0.00 100.00 100.00 -1000 1.83 5.09 -6.58 -1000 30.79 1.62 199.584
car -1 -1 0.00 0.00 0.00 100.00 100.00 -1000 1.86 5.87 -10.76 -1000 43.59 1.51 199.444
car -1 -1 0.00 0.00 0.00 100.00 100.00 -1000 2.01 5.84 10.96 -1000 34.70 1.57 199.116
car -1 -1 0.00 0.00 0.00 100.00 100.00 -1000 1.49 4.05 9.25 -1000 32.13 -0.61 197.615
car -1 -1 0.00 0.00 0.00 100.00 100.00 -1000 1.88 5.55 -7.09 -1000 29.77 1.61 196.897
car -1 -1 0.00 0.00 0.00 100.00 100.00 -1000 2.00 7.83 14.62 -1000 34.25 1.42 195.815
car -1 -1 0.00 0.00 0.00 100.00 100.00 -1000 1.78 4.71 6.25 -1000 34.86 -0.24 195.315
car -1 -1 0.00 0.00 0.00 100.00 100.00 -1000 2.05 6.56 -16.60 -1000 34.60 1.60 192.308
car -1 -1 0.00 0.00 0.00 100.00 100.00 -1000 1.92 5.82 1.15 -1000 42.67 1.49 190.657
car -1 -1 0.00 0.00 0.00 100.00 100.00 -1000 1.94 5.72 -11.08 -1000 33.56 1.51 187.788
car -1 -1 0.00 0.00 0.00 100.00 100.00 -1000 1.97 6.10 -8.60 -1000 35.89 1.48 187.522
car -1 -1 0.00 0.00 0.00 100.00 100.00 -1000 2.15 7.49 4.87 -1000 43.22 1.56 187.458
car -1 -1 0.00 0.00 0.00 100.00 100.00 -1000 2.13 11.38 9.18 -1000 21.82 1.35 187.382
car -1 -1 0.00 0.00 0.00 100.00 100.00 -1000 1.90 6.32 -2.76 -1000 45.39 1.55 186.620
car -1 -1 0.00 0.00 0.00 100.00 100.00 -1000 2.13 6.48 -13.84 -1000 38.33 1.45 186.598
car -1 -1 0.00 0.00 0.00 100.00 100.00 -1000 1.83 5.65 12.88 -1000 29.65 1.62 186.443
car -1 -1 0.00 0.00 0.00 100.00 100.00 -1000 1.84 5.49 -5.99 -1000 31.59 1.55 186.116
car -1 -1 0.00 0.00 0.00 100.00 100.00 -1000 2.63 7.56 -5.71 -1000 14.64 1.99 185.989
car -1 -1 0.00 0.00 0.00 100.00 100.00 -1000 2.22 10.24 10.22 -1000 46.44 1.42 184.534
car -1 -1 0.00 0.00 0.00 100.00 100.00 -1000 2.26 12.48 13.47 -1000 17.42 1.42 183.961
car -1 -1 0.00 0.00 0.00 100.00 100.00 -1000 1.97 5.66 10.92 -1000 13.73 1.60 183.361
car -1 -1 0.00 0.00 0.00 100.00 100.00 -1000 1.92 7.11 -11.24 -1000 27.75 1.42 183.000
car -1 -1 0.00 0.00 0.00 100.00 100.00 -1000 2.15 8.96 -3.65 -1000 41.11 1.43 179.170
car -1 -1 0.00 0.00 0.00 100.00 100.00 -1000 1.75 5.30 13.73 -1000 20.18 1.45 178.809
car -1 -1 0.00 0.00 0.00 100.00 100.00 -1000 1.95 8.09 -4.55 -1000 29.18 1.47 178.165
car -1 -1 0.00 0.00 0.00 100.00 100.00 -1000 1.78 5.03 -1.80 -1000 43.69 1.53 177.426
car -1 -1 0.00 0.00 0.00 100.00 100.00 -1000 1.70 3.97 -6.31 -1000 34.09 -0.05 176.732
car -1 -1 0.00 0.00 0.00 100.00 100.00 -1000 1.90 5.52 4.81 -1000 12.86 1.75 176.649
car -1 -1 0.00 0.00 0.00 100.00 100.00 -1000 2.08 6.70 7.28 -1000 20.89 1.53 176.432
car -1 -1 0.00 0.00 0.00 100.00 100.00 -1000 1.91 6.03 -5.14 -1000 45.74 1.55 175.417
car -1 -1 0.00 0.00 0.00 100.00 100.00 -1000 2.13 6.76 -12.73 -1000 37.09 1.56 174.890
car -1 -1 0.00 0.00 0.00 100.00 100.00 -1000 1.90 5.57 -7.17 -1000 23.38 1.56 172.868
car -1 -1 0.00 0.00 0.00 100.00 100.00 -1000 2.14 6.21 -6.46 -1000 37.96 1.53 172.862
car -1 -1 0.00 0.00 0.00 100.00 100.00 -1000 2.11 7.05 -15.83 -1000 24.15 1.61 169.365
car -1 -1 0.00 0.00 0.00 100.00 100.00 -1000 2.23 8.68 -6.70 -1000 41.48 1.44 168.189
car -1 -1 0.00 0.00 0.00 100.00 100.00 -1000 1.94 6.67 -10.65 -1000 21.50 1.58 166.771
car -1 -1 0.00 0.00 0.00 100.00 100.00 -1000 4.05 17.29 5.80 -1000 4.94 2.25 165.859
car -1 -1 0.00 0.00 0.00 100.00 100.00 -1000 1.82 5.40 -9.34 -1000 33.91 1.52 165.670
car -1 -1 0.00 0.00 0.00 100.00 100.00 -1000 2.00 7.36 12.99 -1000 14.15 1.46 161.004
car -1 -1 0.00 0.00 0.00 100.00 100.00 -1000 2.18 5.80 -7.07 -1000 19.94 1.66 160.568
car -1 -1 0.00 0.00 0.00 100.00 100.00 -1000 2.09 7.75 -11.66 -1000 41.88 1.51 160.466
car -1 -1 0.00 0.00 0.00 100.00 100.00 -1000 1.76 5.40 10.98 -1000 29.95 1.49 158.249
car -1 -1 0.00 0.00 0.00 100.00 100.00 -1000 1.99 10.55 0.37 -1000 31.14 1.53 158.079
car -1 -1 0.00 0.00 0.00 100.00 100.00 -1000 2.09 7.98 12.21 -1000 15.70 1.42 157.174
car -1 -1 0.00 0.00 0.00 100.00 100.00 -1000 2.03 7.90 14.42 -1000 35.90 1.40 154.111
car -1 -1 0.00 0.00 0.00 100.00 100.00 -1000 2.13 6.60 -13.50 -1000 33.87 1.49 152.164
car -1 -1 0.00 0.00 0.00 100.00 100.00 -1000 2.26 7.68 -8.97 -1000 47.17 1.46 149.149
car -1 -1 0.00 0.00 0.00 100.00 100.00 -1000 2.02 9.16 14.54 -1000 33.10 1.42 148.191
car -1 -1 0.00 0.00 0.00 100.00 100.00 -1000 1.88 5.31 5.05 -1000 46.91 1.57 147.038
car -1 -1 0.00 0.00 0.00 100.00 100.00 -1000 2.11 7.13 -15.82 -1000 27.43 1.61 146.770
car -1 -1 0.00 0.00 0.00 100.00 100.00 -1000 1.95 7.07 -9.84 -1000 31.75 1.52 145.735
car -1 -1 0.00 0.00 0.00 100.00 100.00 -1000 2.21 6.96 -8.06 -1000 32.85 1.57 145.638
car -1 -1 0.00 0.00 0.00 100.00 100.00 -1000 2.05 7.62 -5.06 -1000 24.69 1.55 144.898
car -1 -1 0.00 0.00 0.00 100.00 100.00 -1000 2.01 8.12 10.05 -1000 43.57 1.46 143.853
car -1 -1 0.00 0.00 0.00 100.00 100.00 -1000 1.91 6.18 -10.13 -1000 38.39 1.52 142.767
car -1 -1 0.00 0.00 0.00 100.00 100.00 -1000 2.12 7.31 -12.10 -1000 34.92 1.50 141.814
car -1 -1 0.00 0.00 0.00 100.00 100.00 -1000 1.96 6.40 -10.73 -1000 40.25 1.53 139.657
car -1 -1 0.00 0.00 0.00 100.00 100.00 -1000 2.03 6.61 1.89 -1000 26.58 1.56 138.888
car -1 -1 0.00 0.00 0.00 100.00 100.00 -1000 2.05 9.19 13.00 -1000 12.94 1.45 137.756
car -1 -1 0.00 0.00 0.00 100.00 100.00 -1000 2.10 7.41 -15.73 -1000 31.38 1.61 137.314
car -1 -1 0.00 0.00 0.00 100.00 100.00 -1000 1.88 6.75 -15.68 -1000 19.86 1.54 136.654
car -1 -1 0.00 0.00 0.00 100.00 100.00 -1000 2.05 8.36 12.42 -1000 30.62 1.40 136.294
car -1 -1 0.00 0.00 0.00 100.00 100.00 -1000 1.95 7.06 -7.71 -1000 15.26 1.68 135.762
car -1 -1 0.00 0.00 0.00 100.00 100.00 -1000 2.17 9.08 13.43 -1000 19.09 1.49 135.071
car -1 -1 0.00 0.00 0.00 100.00 100.00 -1000 2.23 8.37 -11.59 -1000 46.30 1.49 133.978
car -1 -1 0.00 0.00 0.00 100.00 100.00 -1000 1.90 6.01 5.68 -1000 4.71 1.65 132.554
car -1 -1 0.00 0.00 0.00 100.00 100.00 -1000 2.14 6.74 -16.61 -1000 40.39 1.59 132.140
car -1 -1 0.00 0.00 0.00 100.00 100.00 -1000 1.95 6.64 8.55 -1000 45.58 1.50 131.951
car -1 -1 0.00 0.00 0.00 100.00 100.00 -1000 2.22 7.36 -16.76 -1000 39.10 1.51 130.798
car -1 -1 0.00 0.00 0.00 100.00 100.00 -1000 2.07 6.52 -12.73 -1000 16.87 1.63 129.774
car -1 -1 0.00 0.00 0.00 100.00 100.00 -1000 1.75 4.07 -7.51 -1000 44.55 0.00 129.677
car -1 -1 0.00 0.00 0.00 100.00 100.00 -1000 2.15 8.10 5.02 -1000 20.56 1.49 129.128
car -1 -1 0.00 0.00 0.00 100.00 100.00 -1000 2.23 8.40 4.30 -1000 22.09 1.47 129.046
car -1 -1 0.00 0.00 0.00 100.00 100.00 -1000 1.78 5.29 9.49 -1000 29.17 1.52 128.907
car -1 -1 0.00 0.00 0.00 100.00 100.00 -1000 2.08 10.15 -1.78 -1000 29.43 1.61 128.549
car -1 -1 0.00 0.00 0.00 100.00 100.00 -1000 2.17 11.25 6.75 -1000 25.34 1.42 127.894
car -1 -1 0.00 0.00 0.00 100.00 100.00 -1000 2.21 9.07 7.47 -1000 24.12 1.52 127.099
car -1 -1 0.00 0.00 0.00 100.00 100.00 -1000 2.81 9.33 4.72 -1000 13.41 2.09 127.078
car -1 -1 0.00 0.00 0.00 100.00 100.00 -1000 1.80 5.36 8.67 -1000 13.37 1.49 126.420
car -1 -1 0.00 0.00 0.00 100.00 100.00 -1000 2.07 6.96 4.37 -1000 29.08 1.47 126.252
car -1 -1 0.00 0.00 0.00 100.00 100.00 -1000 1.97 5.90 4.78 -1000 44.05 1.43 126.136
car -1 -1 0.00 0.00 0.00 100.00 100.00 -1000 1.69 4.13 8.21 -1000 17.80 -0.46 124.754
car -1 -1 0.00 0.00 0.00 100.00 100.00 -1000 2.14 7.80 6.84 -1000 47.30 1.67 124.447
car -1 -1 0.00 0.00 0.00 100.00 100.00 -1000 2.24 8.36 -12.34 -1000 30.43 1.51 124.255
car -1 -1 0.00 0.00 0.00 100.00 100.00 -1000 2.04 6.52 -15.99 -1000 42.78 1.65 123.131
car -1 -1 0.00 0.00 0.00 100.00 100.00 -1000 2.13 7.41 2.95 -1000 27.38 1.56 123.063
car -1 -1 0.00 0.00 0.00 100.00 100.00 -1000 2.00 6.76 -0.96 -1000 44.79 1.48 121.776
car -1 -1 0.00 0.00 0.00 100.00 100.00 -1000 2.28 8.26 -17.18 -1000 47.24 1.57 121.433
car -1 -1 0.00 0.00 0.00 100.00 100.00 -1000 3.18 9.83 -4.55 -1000 10.24 2.19 120.898
car -1 -1 0.00 0.00 0.00 100.00 100.00 -1000 2.17 7.29 -13.98 -1000 39.45 1.49 120.563
car -1 -1 0.00 0.00 0.00 100.00 100.00 -1000 1.87 6.75 8.34 -1000 10.93 1.56 119.775
car -1 -1 0.00 0.00 0.00 100.00 100.00 -1000 3.18 17.46 14.67 -1000 38.94 1.39 119.233
car -1 -1 0.00 0.00 0.00 100.00 100.00 -1000 1.96 6.17 5.45 -1000 23.45 1.53 119.210
car -1 -1 0.00 0.00 0.00 100.00 100.00 -1000 1.78 6.89 -3.59 -1000 27.03 1.44 118.253
car -1 -1 0.00 0.00 0.00 100.00 100.00 -1000 1.97 7.16 -7.09 -1000 21.53 1.50 117.339
