car -1 -1 0.00 0.00 0.00 100.00 100.00 -1000 1.53 3.33 0.57 -1000 29.52 1.67 999.828
car -1 -1 0.00 0.00 0.00 100.00 100.00 -1000 1.64 3.63 -0.12 -1000 30.10 1.79 998.066
car -1 -1 0.00 0.00 0.00 100.00 100.00 -1000 2.18 6.50 -0.71 -1000 30.89 1.56 994.285
car -1 -1 0.00 0.00 0.00 100.00 100.00 -1000 3.06 15.98 -1.29 -1000 33.46 1.32 993.669
car -1 -1 0.00 0.00 0.00 100.00 100.00 -1000 1.58 3.78 -0.45 -1000 28.80 -0.06 991.867
car -1 -1 0.00 0.00 0.00 100.00 100.00 -1000 2.45 8.11 -1.77 -1000 33.29 1.48 991.573
car -1 -1 0.00 0.00 0.00 100.00 100.00 -1000 4.22 29.67 -1.17 -1000 32.79 1.14 990.901
car -1 -1 0.00 0.00 0.00 100.00 100.00 -1000 2.67 11.79 -2.55 -1000 31.76 1.36 989.923
car -1 -1 0.00 0.00 0.00 100.00 100.00 -1000 2.59 13.51 0.91 -1000 32.54 1.23 959.805
car -1 -1 0.00 0.00 0.00 100.00 100.00 -1000 1.61 3.69 -1.17 -1000 29.56 1.44 946.217
car -1 -1 0.00 0.00 0.00 100.00 100.00 -1000 2.39 7.01 -2.80 -1000 32.30 1.51 945.361
car -1 -1 0.00 0.00 0.00 100.00 100.00 -1000 1.56 3.62 7.52 -1000 45.87 1.69 939.946
car -1 -1 0.00 0.00 0.00 100.00 100.00 -1000 2.50 11.24 1.22 -1000 31.35 1.35 933.986
car -1 -1 0.00 0.00 0.00 100.00 100.00 -1000 2.42 8.91 0.50 -1000 34.23 1.35 913.927
car -1 -1 0.00 0.00 0.00 100.00 100.00 -1000 1.61 3.99 -16.25 -1000 28.98 1.66 878.254
car -1 -1 0.00 0.00 0.00 100.00 100.00 -1000 1.60 3.83 -4.48 -1000 46.46 -0.00 878.238
car -1 -1 0.00 0.00 0.00 100.00 100.00 -1000 1.48 3.38 -3.76 -1000 47.23 1.62 878.175
car -1 -1 0.00 0.00 0.00 100.00 100.00 -1000 2.39 9.46 2.34 -1000 33.30 1.28 872.327
car -1 -1 0.00 0.00 0.00 100.00 100.00 -1000 1.58 3.58 7.22 -1000 40.01 1.86 866.248
car -1 -1 0.00 0.00 0.00 100.00 100.00 -1000 2.00 5.49 -2.79 -1000 30.42 1.50 865.704
car -1 -1 0.00 0.00 0.00 100.00 100.00 -1000 2.20 5.67 0.82 -1000 27.49 1.71 856.124
car -1 -1 0.00 0.00 0.00 100.00 100.00 -1000 1.61 3.71 -15.79 -1000 19.84 1.61 853.366
car -1 -1 0.00 0.00 0.00 100.00 100.00 -1000 1.59 3.80 -16.34 -1000 45.80 1.61 850.888
car -1 -1 0.00 0.00 0.00 100.00 100.00 -1000 1.60 3.74 19.26 -1000 37.08 1.61 849.977
car -1 -1 0.00 0.00 0.00 100.00 100.00 -1000 1.58 3.67 -7.39 -1000 46.43 1.59 847.957
car -1 -1 0.00 0.00 0.00 100.00 100.00 -1000 1.57 3.60 7.68 -1000 44.97 -0.00 827.606
car -1 -1 0.00 0.00 0.00 100.00 100.00 -1000 1.60 3.92 2.14 -1000 29.18 1.67 806.920
car -1 -1 0.00 0.00 0.00 100.00 100.00 -1000 1.55 3.73 -3.46 -1000 41.09 1.59 802.063
car -1 -1 0.00 0.00 0.00 100.00 100.00 -1000 1.51 3.38 -2.94 -1000 46.67 1.68 794.472
car -1 -1 0.00 0.00 0.00 100.00 100.00 -1000 1.62 3.83 -6.32 -1000 46.94 1.60 786.203
car -1 -1 0.00 0.00 0.00 100.00 100.00 -1000 1.88 6.17 3.17 -1000 29.80 1.50 766.800
car -1 -1 0.00 0.00 0.00 100.00 100.00 -1000 1.57 3.86 -4.51 -1000 40.36 -0.04 754.502
car -1 -1 0.00 0.00 0.00 100.00 100.00 -1000 1.96 6.68 2.78 -1000 30.89 1.48 751.535
car -1 -1 0.00 0.00 0.00 100.00 100.00 -1000 1.61 3.89 -15.60 -1000 36.22 1.62 749.385
car -1 -1 0.00 0.00 0.00 100.00 100.00 -1000 1.56 3.67 -5.05 -1000 41.12 1.60 712.431
car -1 -1 0.00 0.00 0.00 100.00 100.00 -1000 2.47 6.64 -0.13 -1000 28.45 0.14 704.811
car -1 -1 0.00 0.00 0.00 100.00 100.00 -1000 1.74 4.30 7.40 -1000 40.78 1.63 680.713
car -1 -1 0.00 0.00 0.00 100.00 100.00 -1000 1.55 3.67 19.42 -1000 29.47 1.62 647.772
car -1 -1 0.00 0.00 0.00 100.00 100.00 -1000 1.52 3.51 8.27 -1000 32.85 -0.04 640.578
car -1 -1 0.00 0.00 0.00 100.00 100.00 -1000 1.58 3.71 7.08 -1000 39.16 1.67 631.445
car -1 -1 0.00 0.00 0.00 100.00 100.00 -1000 1.59 3.74 -16.31 -1000 42.33 1.57 629.016
car -1 -1 0.00 0.00 0.00 100.00 100.00 -1000 2.06 5.50 -4.63 -1000 32.78 1.48 626.712
car -1 -1 0.00 0.00 0.00 100.00 100.00 -1000 1.59 3.67 8.16 -1000 39.55 1.67 620.798
car -1 -1 0.00 0.00 0.00 100.00 100.00 -1000 1.84 5.14 19.22 -1000 37.71 1.57 616.474
car -1 -1 0.00 0.00 0.00 100.00 100.00 -1000 1.86 5.06 -16.00 -1000 31.40 1.62 609.207
car -1 -1 0.00 0.00 0.00 100.00 100.00 -1000 1.86 5.59 4.02 -1000 28.95 1.50 593.845
car -1 -1 0.00 0.00 0.00 100.00 100.00 -1000 1.62 4.18 -6.35 -1000 41.38 1.55 593.557
car -1 -1 0.00 0.00 0.00 100.00 100.00 -1000 1.93 6.21 7.88 -1000 41.38 1.59 585.332
car -1 -1 0.00 0.00 0.00 100.00 100.00 -1000 1.93 5.56 19.33 -1000 39.14 1.48 582.244
car -1 -1 0.00 0.00 0.00 100.00 100.00 -1000 1.74 4.34 4.40 -1000 15.68 1.59 567.224
car -1 -1 0.00 0.00 0.00 100.00 100.00 -1000 1.58 3.78 8.47 -1000 44.44 1.65 558.412
car -1 -1 0.00 0.00 0.00 100.00 100.00 -1000 1.63 4.20 1.45 -1000 28.57 1.70 539.746
car -1 -1 0.00 0.00 0.00 100.00 100.00 -1000 1.65 3.96 19.39 -1000 46.04 1.51 534.188
car -1 -1 0.00 0.00 0.00 100.00 100.00 -1000 1.66 4.32 -5.25 -1000 36.08 0.17 521.062
car -1 -1 0.00 0.00 0.00 100.00 100.00 -1000 1.71 4.24 -15.56 -1000 24.20 1.58 517.857
car -1 -1 0.00 0.00 0.00 100.00 100.00 -1000 1.59 3.89 2.80 -1000 44.05 1.52 515.736
car -1 -1 0.00 0.00 0.00 100.00 100.00 -1000 1.60 3.77 7.89 -1000 33.62 1.62 511.571
car -1 -1 0.00 0.00 0.00 100.00 100.00 -1000 2.14 8.48 11.72 -1000 42.31 1.44 505.490
car -1 -1 0.00 0.00 0.00 100.00 100.00 -1000 2.18 7.22 3.76 -1000 34.01 1.42 503.116
car -1 -1 0.00 0.00 0.00 100.00 100.00 -1000 1.95 5.04 5.70 -1000 9.55 1.71 492.248
car -1 -1 0.00 0.00 0.00 100.00 100.00 -1000 1.70 4.34 -7.20 -1000 45.26 1.70 471.584
car -1 -1 0.00 0.00 0.00 100.00 100.00 -1000 2.13 6.23 2.22 -1000 34.90 1.47 466.033
car -1 -1 0.00 0.00 0.00 100.00 100.00 -1000 2.01 7.37 11.81 -1000 45.56 1.47 459.296
car -1 -1 0.00 0.00 0.00 100.00 100.00 -1000 1.82 5.13 -7.80 -1000 18.92 1.57 456.493
car -1 -1 0.00 0.00 0.00 100.00 100.00 -1000 1.60 4.14 -15.27 -1000 28.35 1.66 453.809
car -1 -1 0.00 0.00 0.00 100.00 100.00 -1000 2.24 8.94 10.06 -1000 43.16 1.41 448.259
car -1 -1 0.00 0.00 0.00 100.00 100.00 -1000 1.75 4.53 -5.03 -1000 36.98 1.56 448.020
car -1 -1 0.00 0.00 0.00 100.00 100.00 -1000 2.73 8.59 5.43 -1000 9.69 2.08 439.098
car -1 -1 0.00 0.00 0.00 100.00 100.00 -1000 1.66 4.22 -2.51 -1000 40.52 1.68 429.682
car -1 -1 0.00 0.00 0.00 100.00 100.00 -1000 1.67 4.83 8.91 -1000 45.60 1.59 427.066
car -1 -1 0.00 0.00 0.00 100.00 100.00 -1000 2.12 8.14 12.06 -1000 43.94 1.45 420.453
car -1 -1 0.00 0.00 0.00 100.00 100.00 -1000 2.21 6.25 -3.45 -1000 31.35 1.46 416.326
car -1 -1 0.00 0.00 0.00 100.00 100.00 -1000 1.69 4.02 -16.06 -1000 19.05 -0.01 415.590
car -1 -1 0.00 0.00 0.00 100.00 100.00 -1000 1.87 5.60 17.03 -1000 39.41 1.55 403.569
car -1 -1 0.00 0.00 0.00 100.00 100.00 -1000 1.84 5.58 -16.18 -1000 43.11 1.58 399.401
car -1 -1 0.00 0.00 0.00 100.00 100.00 -1000 2.08 7.93 12.09 -1000 41.17 1.50 398.161
car -1 -1 0.00 0.00 0.00 100.00 100.00 -1000 1.64 4.19 19.24 -1000 36.01 1.59 397.281
car -1 -1 0.00 0.00 0.00 100.00 100.00 -1000 1.79 4.68 5.24 -1000 40.38 1.54 395.660
car -1 -1 0.00 0.00 0.00 100.00 100.00 -1000 1.80 4.87 -15.49 -1000 36.99 1.61 394.785
car -1 -1 0.00 0.00 0.00 100.00 100.00 -1000 1.87 4.93 -2.13 -1000 36.71 1.54 388.234
car -1 -1 0.00 0.00 0.00 100.00 100.00 -1000 1.58 3.91 5.94 -1000 38.63 1.68 387.649
car -1 -1 0.00 0.00 0.00 100.00 100.00 -1000 1.96 6.57 16.76 -1000 40.30 1.54 387.282
car -1 -1 0.00 0.00 0.00 100.00 100.00 -1000 2.24 10.90 9.71 -1000 36.66 1.41 382.846
car -1 -1 0.00 0.00 0.00 100.00 100.00 -1000 1.73 4.68 -2.87 -1000 28.67 1.50 372.489
car -1 -1 0.00 0.00 0.00 100.00 100.00 -1000 2.00 5.87 6.66 -1000 35.06 1.61 368.576
car -1 -1 0.00 0.00 0.00 100.00 100.00 -1000 1.76 5.39 9.19 -1000 40.37 1.54 364.880
car -1 -1 0.00 0.00 0.00 100.00 100.00 -1000 1.72 4.30 7.14 -1000 34.25 1.61 364.335
car -1 -1 0.00 0.00 0.00 100.00 100.00 -1000 1.73 4.40 -2.92 -1000 36.07 0.23 361.051
car -1 -1 0.00 0.00 0.00 100.00 100.00 -1000 1.98 4.89 2.04 -1000 26.55 1.53 359.597
car -1 -1 0.00 0.00 0.00 100.00 100.00 -1000 2.42 10.86 9.69 -1000 47.17 1.40 358.829
car -1 -1 0.00 0.00 0.00 100.00 100.00 -1000 1.86 4.94 8.97 -1000 43.62 1.59 356.804
car -1 -1 0.00 0.00 0.00 100.00 100.00 -1000 1.87 4.82 -4.18 -1000 30.00 1.52 356.143
car -1 -1 0.00 0.00 0.00 100.00 100.00 -1000 2.27 6.82 4.51 -1000 15.01 1.90 347.373
car -1 -1 0.00 0.00 0.00 100.00 100.00 -1000 1.65 4.22 6.38 -1000 46.48 1.60 345.450
car -1 -1 0.00 0.00 0.00 100.00 100.00 -1000 1.83 5.15 -16.06 -1000 29.67 1.48 344.659
car -1 -1 0.00 0.00 0.00 100.00 100.00 -1000 2.21 10.50 10.99 -1000 35.52 1.42 341.933
car -1 -1 0.00 0.00 0.00 100.00 100.00 -1000 1.74 5.21 -14.40 -1000 29.01 1.55 341.278
car -1 -1 0.00 0.00 0.00 100.00 100.00 -1000 2.20 6.59 -1.49 -1000 34.91 1.46 340.176
car -1 -1 0.00 0.00 0.00 100.00 100.00 -1000 1.88 5.75 -14.69 -1000 20.47 1.54 337.738
car -1 -1 0.00 0.00 0.00 100.00 100.00 -1000 1.81 4.87 4.38 -1000 20.85 1.54 336.786
car -1 -1 0.00 0.00 0.00 100.00 100.00 -1000 2.01 6.09 8.16 -1000 21.81 1.59 336.133
car -1 -1 0.00 0.00 0.00 100.00 100.00 -1000 2.04 6.07 -6.97 -1000 47.41 1.50 335.517
car -1 -1 0.00 0.00 0.00 100.00 100.00 -1000 1.82 5.48 -8.72 -1000 46.77 1.56 334.800
car -1 -1 0.00 0.00 0.00 100.00 100.00 -1000 1.61 3.74 -3.17 -1000 29.44 0.17 334.314
car -1 -1 0.00 0.00 0.00 100.00 100.00 -1000 1.52 3.27 6.05 -1000 39.58 -0.15 329.360
car -1 -1 0.00 0.00 0.00 100.00 100.00 -1000 1.77 5.62 -13.75 -1000 19.78 1.55 328.766
car -1 -1 0.00 0.00 0.00 100.00 100.00 -1000 2.14 7.22 2.54 -1000 42.17 1.51 327.905
car -1 -1 0.00 0.00 0.00 100.00 100.00 -1000 1.81 5.05 6.24 -1000 37.95 1.75 326.921
car -1 -1 0.00 0.00 0.00 100.00 100.00 -1000 1.99 5.95 7.73 -1000 11.79 1.53 324.052
car -1 -1 0.00 0.00 0.00 100.00 100.00 -1000 2.10 6.65 -15.12 -1000 32.17 1.61 321.897
car -1 -1 0.00 0.00 0.00 100.00 100.00 -1000 1.89 5.78 -7.37 -1000 42.26 1.58 321.325
car -1 -1 0.00 0.00 0.00 100.00 100.00 -1000 1.79 5.26 -15.92 -1000 41.69 1.61 320.820
car -1 -1 0.00 0.00 0.00 100.00 100.00 -1000 2.06 6.10 5.16 -1000 26.12 1.51 319.316
car -1 -1 0.00 0.00 0.00 100.00 100.00 -1000 1.91 5.74 -16.27 -1000 46.33 1.49 316.649
car -1 -1 0.00 0.00 0.00 100.00 100.00 -1000 2.04 6.58 3.77 -1000 27.08 1.49 315.684
car -1 -1 0.00 0.00 0.00 100.00 100.00 -1000 1.99 7.24 11.74 -1000 39.91 1.50 313.143
car -1 -1 0.00 0.00 0.00 100.00 100.00 -1000 2.00 5.60 4.24 -1000 16.53 1.72 304.832
car -1 -1 0.00 0.00 0.00 100.00 100.00 -1000 1.98 5.71 3.92 -1000 38.68 1.56 300.241
car -1 -1 0.00 0.00 0.00 100.00 100.00 -1000 1.86 4.86 8.34 -1000 38.77 1.58 298.638
car -1 -1 0.00 0.00 0.00 100.00 100.00 -1000 2.17 9.35 12.42 -1000 34.31 1.47 298.242
car -1 -1 0.00 0.00 0.00 100.00 100.00 -1000 2.15 7.96 17.27 -1000 41.53 1.50 296.673
car -1 -1 0.00 0.00 0.00 100.00 100.00 -1000 1.77 4.59 2.63 -1000 43.25 1.52 293.895
car -1 -1 0.00 0.00 0.00 100.00 100.00 -1000 1.68 3.75 -16.56 -1000 28.01 0.00 293.864
car -1 -1 0.00 0.00 0.00 100.00 100.00 -1000 2.27 8.03 18.92 -1000 39.84 1.52 293.695
car -1 -1 0.00 0.00 0.00 100.00 100.00 -1000 1.66 4.25 -6.45 -1000 40.41 0.05 290.934
car -1 -1 0.00 0.00 0.00 100.00 100.00 -1000 1.80 6.15 -10.08 -1000 14.06 1.64 287.601
car -1 -1 0.00 0.00 0.00 100.00 100.00 -1000 1.88 5.21 -16.17 -1000 44.27 1.62 287.307
car -1 -1 0.00 0.00 0.00 100.00 100.00 -1000 2.19 10.16 12.50 -1000 23.72 1.44 284.803
car -1 -1 0.00 0.00 0.00 100.00 100.00 -1000 2.00 6.05 8.22 -1000 23.77 1.50 281.470
car -1 -1 0.00 0.00 0.00 100.00 100.00 -1000 1.68 4.18 8.29 -1000 32.00 1.60 280.535
car -1 -1 0.00 0.00 0.00 100.00 100.00 -1000 2.09 7.20 -12.80 -1000 30.65 1.49 280.093
car -1 -1 0.00 0.00 0.00 100.00 100.00 -1000 1.74 4.02 5.30 -1000 8.70 1.56 276.758
car -1 -1 0.00 0.00 0.00 100.00 100.00 -1000 2.11 8.17 11.26 -1000 38.34 1.50 275.124
car -1 -1 0.00 0.00 0.00 100.00 100.00 -1000 2.17 7.23 -2.90 -1000 44.72 1.57 275.102
car -1 -1 0.00 0.00 0.00 100.00 100.00 -1000 1.96 5.56 -7.64 -1000 12.79 1.56 274.254
car -1 -1 0.00 0.00 0.00 100.00 100.00 -1000 2.06 6.09 -7.41 -1000 44.29 1.62 273.690
car -1 -1 0.00 0.00 0.00 100.00 100.00 -1000 1.93 5.38 -15.07 -1000 23.45 1.60 270.536
car -1 -1 0.00 0.00 0.00 100.00 100.00 -1000 1.86 5.45 -3.86 -1000 41.67 1.58 269.329
car -1 -1 0.00 0.00 0.00 100.00 100.00 -1000 1.88 5.97 17.21 -1000 38.37 1.50 266.071
car -1 -1 0.00 0.00 0.00 100.00 100.00 -1000 1.90 5.12 9.09 -1000 11.33 1.64 264.297
car -1 -1 0.00 0.00 0.00 100.00 100.00 -1000 1.95 5.72 -6.70 -1000 33.05 1.50 263.789
car -1 -1 0.00 0.00 0.00 100.00 100.00 -1000 1.96 5.49 19.22 -1000 46.71 1.50 261.299
car -1 -1 0.00 0.00 0.00 100.00 100.00 -1000 1.83 5.27 8.26 -1000 22.81 -0.15 259.334
car -1 -1 0.00 0.00 0.00 100.00 100.00 -1000 1.67 4.05 -2.68 -1000 45.83 1.61 257.945
car -1 -1 0.00 0.00 0.00 100.00 100.00 -1000 2.03 5.93 -6.96 -1000 36.58 1.44 257.848
car -1 -1 0.00 0.00 0.00 100.00 100.00 -1000 2.18 10.24 -12.50 -1000 25.29 1.43 257.565
car -1 -1 0.00 0.00 0.00 100.00 100.00 -1000 1.84 4.93 19.46 -1000 30.25 1.48 256.535
car -1 -1 0.00 0.00 0.00 100.00 100.00 -1000 2.26 11.03 7.56 -1000 28.57 1.40 255.812
car -1 -1 0.00 0.00 0.00 100.00 100.00 -1000 1.73 4.83 -14.61 -1000 35.59 1.62 255.540
car -1 -1 0.00 0.00 0.00 100.00 100.00 -1000 1.83 5.06 -7.80 -1000 17.82 1.63 253.147
car -1 -1 0.00 0.00 0.00 100.00 100.00 -1000 1.84 5.71 10.25 -1000 44.34 1.54 251.726
car -1 -1 0.00 0.00 0.00 100.00 100.00 -1000 2.08 7.10 3.88 -1000 37.09 1.48 251.122
car -1 -1 0.00 0.00 0.00 100.00 100.00 -1000 1.79 5.23 -3.29 -1000 37.23 1.52 250.958
car -1 -1 0.00 0.00 0.00 100.00 100.00 -1000 2.21 8.37 2.22 -1000 25.77 1.55 248.901
car -1 -1 0.00 0.00 0.00 100.00 100.00 -1000 2.08 6.92 -15.37 -1000 47.14 1.52 245.774
car -1 -1 0.00 0.00 0.00 100.00 100.00 -1000 1.74 4.33 6.32 -1000 45.36 1.60 244.529
car -1 -1 0.00 0.00 0.00 100.00 100.00 -1000 2.26 5.84 -6.67 -1000 9.71 1.79 242.942
car -1 -1 0.00 0.00 0.00 100.00 100.00 -1000 1.76 4.93 3.04 -1000 28.07 1.50 238.717
car -1 -1 0.00 0.00 0.00 100.00 100.00 -1000 2.17 7.52 19.36 -1000 41.02 1.55 237.735
car -1 -1 0.00 0.00 0.00 100.00 100.00 -1000 3.81 10.81 0.12 -1000 27.49 1.61 234.720
car -1 -1 0.00 0.00 0.00 100.00 100.00 -1000 1.85 3.92 19.25 -1000 28.63 0.05 234.494
car -1 -1 0.00 0.00 0.00 100.00 100.00 -1000 2.17 10.10 7.85 -1000 27.45 1.40 233.860
car -1 -1 0.00 0.00 0.00 100.00 100.00 -1000 1.85 5.57 -15.17 -1000 45.26 1.58 233.104
car -1 -1 0.00 0.00 0.00 100.00 100.00 -1000 2.01 5.61 4.78 -1000 43.53 1.67 233.093
car -1 -1 0.00 0.00 0.00 100.00 100.00 -1000 2.12 6.57 4.93 -1000 41.34 1.46 231.369
car -1 -1 0.00 0.00 0.00 100.00 100.00 -1000 2.12 6.01 9.72 -1000 21.07 1.59 230.518
car -1 -1 0.00 0.00 0.00 100.00 100.00 -1000 2.05 6.25 4.99 -1000 35.91 1.33 228.342
car -1 -1 0.00 0.00 0.00 100.00 100.00 -1000 1.85 5.33 -7.62 -1000 35.57 1.51 225.794
car -1 -1 0.00 0.00 0.00 100.00 100.00 -1000 1.89 6.36 -11.70 -1000 21.39 1.43 225.655
car -1 -1 0.00 0.00 0.00 100.00 100.00 -1000 1.72 5.25 16.49 -1000 37.17 1.52 224.984
car -1 -1 0.00 0.00 0.00 100.00 100.00 -1000 1.94 6.90 16.34 -1000 42.30 1.49 222.134
car -1 -1 0.00 0.00 0.00 100.00 100.00 -1000 1.89 6.08 -13.60 -1000 29.79 1.53 219.662
car -1 -1 0.00 0.00 0.00 100.00 100.00 -1000 2.12 8.29 12.43 -1000 33.00 1.52 215.498
car -1 -1 0.00 0.00 0.00 100.00 100.00 -1000 1.86 6.69 -7.35 -1000 25.70 1.51 214.373
car -1 -1 0.00 0.00 0.00 100.00 100.00 -1000 1.93 5.73 2.77 -1000 44.71 1.50 213.484
car -1 -1 0.00 0.00 0.00 100.00 100.00 -1000 2.19 10.41 13.19 -1000 44.86 1.54 211.186
car -1 -1 0.00 0.00 0.00 100.00 100.00 -1000 2.10 6.62 5.00 -1000 28.19 1.52 207.018
car -1 -1 0.00 0.00 0.00 100.00 100.00 -1000 1.90 6.15 2.52 -1000 24.55 1.53 206.106
car -1 -1 0.00 0.00 0.00 100.00 100.00 -1000 2.57 10.44 6.34 -1000 5.28 1.89 205.744
car -1 -1 0.00 0.00 0.00 100.00 100.00 -1000 1.88 5.03 6.03 -1000 47.33 1.65 205.618
car -1 -1 0.00 0.00 0.00 100.00 100.00 -1000 2.04 8.70 15.29 -1000 37.84 1.49 204.745
car -1 -1 0.00 0.00 0.00 100.00 100.00 -1000 2.08 6.96 -15.93 -1000 37.72 1.53 204.722
car -1 -1 0.00 0.00 0.00 100.00 100.00 -1000 2.11 10.65 -12.02 -1000 26.27 1.56 202.007
car -1 -1 0.00 0.00 0.00 100.00 100.00 -1000 2.07 5.71 4.85 -1000 13.75 1.79 201.293
car -1 -1 0.00 0.00 0.00 100.00 100.00 -1000 2.01 8.35 -11.28 -1000 23.68 1.47 200.387
car -1 -1 0.00 0.00 0.00 100.00 100.00 -1000 1.98 6.72 -1.70 -1000 41.45 1.51 199.806
car -1 -1 0.00 0.00 0.00 100.00 100.00 -1000 2.13 7.32 19.33 -1000 42.43 1.48 199.405
car -1 -1 0.00 0.00 0.00 100.00 100.00 -1000 2.06 7.72 9.38 -1000 46.27 1.52 198.851
car -1 -1 0.00 0.00 0.00 100.00 100.00 -1000 2.05 6.31 -5.70 -1000 30.53 1.55 198.098
car -1 -1 0.00 0.00 0.00 100.00 100.00 -1000 1.55 3.78 -8.43 -1000 45.89 0.12 195.778
car -1 -1 0.00 0.00 0.00 100.00 100.00 -1000 1.88 6.18 -7.49 -1000 23.80 1.45 195.369
car -1 -1 0.00 0.00 0.00 100.00 100.00 -1000 2.09 7.95 -13.44 -1000 38.35 1.42 192.579
car -1 -1 0.00 0.00 0.00 100.00 100.00 -1000 1.87 5.58 -7.60 -1000 32.30 1.50 192.227
car -1 -1 0.00 0.00 0.00 100.00 100.00 -1000 1.98 6.18 7.27 -1000 13.65 1.69 192.108
car -1 -1 0.00 0.00 0.00 100.00 100.00 -1000 2.27 8.05 -7.42 -1000 43.08 1.54 190.420
car -1 -1 0.00 0.00 0.00 100.00 100.00 -1000 2.15 8.91 12.94 -1000 22.52 1.49 188.810
car -1 -1 0.00 0.00 0.00 100.00 100.00 -1000 1.92 5.57 -7.93 -1000 40.71 1.44 187.551
car -1 -1 0.00 0.00 0.00 100.00 100.00 -1000 1.75 4.23 -4.85 -1000 31.94 0.12 186.385
car -1 -1 0.00 0.00 0.00 100.00 100.00 -1000 1.98 5.75 -14.44 -1000 41.14 1.58 185.089
car -1 -1 0.00 0.00 0.00 100.00 100.00 -1000 1.86 6.06 9.57 -1000 33.85 1.51 184.540
car -1 -1 0.00 0.00 0.00 100.00 100.00 -1000 1.92 6.49 -12.06 -1000 19.37 1.54 183.417
car -1 -1 0.00 0.00 0.00 100.00 100.00 -1000 2.04 5.81 8.71 -1000 12.87 1.69 182.987
car -1 -1 0.00 0.00 0.00 100.00 100.00 -1000 2.01 6.78 -13.95 -1000 24.53 1.50 182.648
car -1 -1 0.00 0.00 0.00 100.00 100.00 -1000 1.99 6.93 -11.03 -1000 37.06 1.52 181.984
car -1 -1 0.00 0.00 0.00 100.00 100.00 -1000 2.03 7.19 -12.61 -1000 46.48 1.44 181.109
car -1 -1 0.00 0.00 0.00 100.00 100.00 -1000 1.95 5.14 19.37 -1000 45.27 1.47 178.650
car -1 -1 0.00 0.00 0.00 100.00 100.00 -1000 1.99 6.17 -16.29 -1000 26.97 1.52 176.899
car -1 -1 0.00 0.00 0.00 100.00 100.00 -1000 2.03 8.42 -11.31 -1000 22.59 1.43 176.412
car -1 -1 0.00 0.00 0.00 100.00 100.00 -1000 2.09 6.25 -4.66 -1000 45.23 1.53 176.168
car -1 -1 0.00 0.00 0.00 100.00 100.00 -1000 1.71 4.17 6.49 -1000 44.38 1.62 175.937
car -1 -1 0.00 0.00 0.00 100.00 100.00 -1000 1.73 5.26 10.07 -1000 32.43 1.50 174.899
car -1 -1 0.00 0.00 0.00 100.00 100.00 -1000 2.12 9.46 -12.06 -1000 43.96 1.44 170.626
car -1 -1 0.00 0.00 0.00 100.00 100.00 -1000 2.02 5.07 -0.25 -1000 31.68 -0.27 170.238
car -1 -1 0.00 0.00 0.00 100.00 100.00 -1000 2.28 11.60 10.82 -1000 25.29 1.39 167.556
car -1 -1 0.00 0.00 0.00 100.00 100.00 -1000 2.21 7.87 -12.16 -1000 34.61 1.50 166.821
car -1 -1 0.00 0.00 0.00 100.00 100.00 -1000 1.89 6.08 -13.00 -1000 36.28 1.54 166.769
car -1 -1 0.00 0.00 0.00 100.00 100.00 -1000 2.02 6.15 1.95 -1000 38.38 1.41 166.131
car -1 -1 0.00 0.00 0.00 100.00 100.00 -1000 2.18 6.72 4.01 -1000 17.69 1.69 165.969
car -1 -1 0.00 0.00 0.00 100.00 100.00 -1000 2.15 9.23 16.15 -1000 31.37 1.63 165.348
car -1 -1 0.00 0.00 0.00 100.00 100.00 -1000 1.70 4.02 4.02 -1000 37.98 0.01 165.073
car -1 -1 0.00 0.00 0.00 100.00 100.00 -1000 2.13 8.39 -13.18 -1000 45.59 1.47 164.468
car -1 -1 0.00 0.00 0.00 100.00 100.00 -1000 2.08 9.08 14.71 -1000 43.49 1.64 163.826
car -1 -1 0.00 0.00 0.00 100.00 100.00 -1000 1.92 6.04 -10.95 -1000 40.72 1.46 163.664
car -1 -1 0.00 0.00 0.00 100.00 100.00 -1000 2.15 8.24 -12.25 -1000 32.33 1.47 163.183
car -1 -1 0.00 0.00 0.00 100.00 100.00 -1000 1.93 6.96 7.65 -1000 25.69 1.45 161.384
car -1 -1 0.00 0.00 0.00 100.00 100.00 -1000 1.79 5.84 6.16 -1000 5.15 1.69 159.551
car -1 -1 0.00 0.00 0.00 100.00 100.00 -1000 1.73 4.91 -14.54 -1000 18.74 1.56 159.517
car -1 -1 0.00 0.00 0.00 100.00 100.00 -1000 1.82 6.21 10.31 -1000 20.25 1.54 158.986
car -1 -1 0.00 0.00 0.00 100.00 100.00 -1000 1.83 5.46 19.55 -1000 27.88 1.60 158.726
car -1 -1 0.00 0.00 0.00 100.00 100.00 -1000 1.68 3.93 -4.38 -1000 29.14 0.05 158.722
car -1 -1 0.00 0.00 0.00 100.00 100.00 -1000 2.05 6.27 9.92 -1000 23.36 1.53 158.041
car -1 -1 0.00 0.00 0.00 100.00 100.00 -1000 1.86 5.75 17.04 -1000 46.82 1.52 157.604
car -1 -1 0.00 0.00 0.00 100.00 100.00 -1000 1.78 6.51 12.61 -1000 47.21 1.46 156.319
car -1 -1 0.00 0.00 0.00 100.00 100.00 -1000 2.27 10.28 -3.61 -1000 43.89 1.49 155.206
car -1 -1 0.00 0.00 0.00 100.00 100.00 -1000 1.92 5.90 5.31 -1000 24.23 1.49 154.752
car -1 -1 0.00 0.00 0.00 100.00 100.00 -1000 2.05 5.16 6.60 -1000 10.22 1.43 152.215
car -1 -1 0.00 0.00 0.00 100.00 100.00 -1000 2.11 6.30 6.57 -1000 6.90 1.82 152.003
car -1 -1 0.00 0.00 0.00 100.00 100.00 -1000 1.84 5.05 -2.64 -1000 39.61 1.60 151.936
car -1 -1 0.00 0.00 0.00 100.00 100.00 -1000 2.13 6.22 -3.98 -1000 35.07 1.41 151.429
car -1 -1 0.00 0.00 0.00 100.00 100.00 -1000 1.94 5.90 -16.14 -1000 40.34 1.52 150.796
car -1 -1 0.00 0.00 0.00 100.00 100.00 -1000 2.18 7.03 -15.95 -1000 21.21 1.46 150.731
car -1 -1 0.00 0.00 0.00 100.00 100.00 -1000 1.84 6.07 10.21 -1000 39.23 1.48 150.501
car -1 -1 0.00 0.00 0.00 100.00 100.00 -1000 2.16 6.71 -4.89 -1000 28.12 1.49 150.473
car -1 -1 0.00 0.00 0.00 100.00 100.00 -1000 1.94 6.02 -10.73 -1000 47.21 1.49 150.140
car -1 -1 0.00 0.00 0.00 100.00 100.00 -1000 1.93 6.61 -0.91 -1000 46.82 1.54 147.596
car -1 -1 0.00 0.00 0.00 100.00 100.00 -1000 1.89 5.61 -14.72 -1000 27.46 1.56 147.292
car -1 -1 0.00 0.00 0.00 100.00 100.00 -1000 2.03 7.59 -12.06 -1000 18.50 1.51 146.467
car -1 -1 0.00 0.00 0.00 100.00 100.00 -1000 1.91 5.27 9.64 -1000 22.27 1.56 145.435
car -1 -1 0.00 0.00 0.00 100.00 100.00 -1000 2.37 7.25 4.11 -1000 18.98 1.49 144.922
car -1 -1 0.00 0.00 0.00 100.00 100.00 -1000 2.07 6.26 4.19 -1000 42.67 1.57 144.704
car -1 -1 0.00 0.00 0.00 100.00 100.00 -1000 1.97 7.52 -12.63 -1000 39.18 1.40 144.256
car -1 -1 0.00 0.00 0.00 100.00 100.00 -1000 1.93 6.45 -13.77 -1000 41.95 1.52 143.890
car -1 -1 0.00 0.00 0.00 100.00 100.00 -1000 3.96 15.63 4.65 -1000 10.14 2.38 143.795
car -1 -1 0.00 0.00 0.00 100.00 100.00 -1000 2.17 10.72 6.12 -1000 29.40 1.32 143.736
car -1 -1 0.00 0.00 0.00 100.00 100.00 -1000 2.41 8.72 -4.79 -1000 34.12 1.45 143.380
car -1 -1 0.00 0.00 0.00 100.00 100.00 -1000 1.82 6.37 16.30 -1000 36.29 1.57 143.124
car -1 -1 0.00 0.00 0.00 100.00 100.00 -1000 2.15 6.00 -13.72 -1000 17.70 1.62 142.581
car -1 -1 0.00 0.00 0.00 100.00 100.00 -1000 2.08 12.56 12.46 -1000 40.44 1.39 141.956
car -1 -1 0.00 0.00 0.00 100.00 100.00 -1000 1.86 5.44 -7.34 -1000 15.80 1.51 141.910
car -1 -1 0.00 0.00 0.00 100.00 100.00 -1000 1.85 7.37 9.52 -1000 31.15 1.51 141.604
car -1 -1 0.00 0.00 0.00 100.00 100.00 -1000 1.92 6.79 -10.81 -1000 20.54 1.49 139.060
car -1 -1 0.00 0.00 0.00 100.00 100.00 -1000 1.99 6.75 4.03 -1000 23.26 1.54 138.784
car -1 -1 0.00 0.00 0.00 100.00 100.00 -1000 2.31 6.84 -15.67 -1000 22.48 1.57 134.765
car -1 -1 0.00 0.00 0.00 100.00 100.00 -1000 1.99 6.21 -10.06 -1000 46.03 1.50 132.302
car -1 -1 0.00 0.00 0.00 100.00 100.00 -1000 1.93 6.79 -11.92 -1000 28.29 1.53 132.176
car -1 -1 0.00 0.00 0.00 100.00 100.00 -1000 1.95 5.64 6.56 -1000 25.02 1.60 131.805
car -1 -1 0.00 0.00 0.00 100.00 100.00 -1000 2.28 8.26 -7.37 -1000 38.21 1.50 131.376
car -1 -1 0.00 0.00 0.00 100.00 100.00 -1000 3.27 11.66 4.49 -1000 14.22 2.23 131.106
car -1 -1 0.00 0.00 0.00 100.00 100.00 -1000 2.14 8.02 -14.07 -1000 33.91 1.51 130.645
car -1 -1 0.00 0.00 0.00 100.00 100.00 -1000 1.92 6.05 11.01 -1000 21.77 1.47 130.566
car -1 -1 0.00 0.00 0.00 100.00 100.00 -1000 2.31 11.99 -13.07 -1000 44.80 1.44 130.360
car -1 -1 0.00 0.00 0.00 100.00 100.00 -1000 1.83 6.04 16.41 -1000 45.95 1.57 130.321
car -1 -1 0.00 0.00 0.00 100.00 100.00 -1000 2.56 10.36 8.69 -1000 42.22 1.42 128.129
car -1 -1 0.00 0.00 0.00 100.00 100.00 -1000 2.29 6.29 -6.49 -1000 11.00 1.72 127.736
car -1 -1 0.00 0.00 0.00 100.00 100.00 -1000 2.22 6.93 -6.87 -1000 34.62 1.60 126.500
car -1 -1 0.00 0.00 0.00 100.00 100.00 -1000 1.78 4.76 4.43 -1000 39.64 -0.07 126.283
car -1 -1 0.00 0.00 0.00 100.00 100.00 -1000 2.01 8.44 11.32 -1000 11.62 1.45 123.529
car -1 -1 0.00 0.00 0.00 100.00 100.00 -1000 2.02 6.43 -8.98 -1000 39.99 1.45 123.338
car -1 -1 0.00 0.00 0.00 100.00 100.00 -1000 1.93 8.88 8.49 -1000 29.92 1.46 123.309
car -1 -1 0.00 0.00 0.00 100.00 100.00 -1000 1.99 8.58 -10.81 -1000 16.07 1.55 122.793
car -1 -1 0.00 0.00 0.00 100.00 100.00 -1000 2.21 6.60 -6.45 -1000 31.38 1.59 122.763
car -1 -1 0.00 0.00 0.00 100.00 100.00 -1000 1.98 6.01 -16.56 -1000 35.55 1.50 122.335
car -1 -1 0.00 0.00 0.00 100.00 100.00 -1000 2.21 11.81 12.73 -1000 39.28 1.60 122.195
