car -1 -1 0.00 0.00 0.00 100.00 100.00 -1000 1.67 3.70 -5.96 -1000 10.36 1.79 999.599
car -1 -1 0.00 0.00 0.00 100.00 100.00 -1000 1.64 3.62 -4.87 -1000 17.04 1.68 999.077
car -1 -1 0.00 0.00 0.00 100.00 100.00 -1000 1.77 4.48 -5.96 -1000 16.59 0.01 997.048
car -1 -1 0.00 0.00 0.00 100.00 100.00 -1000 1.62 3.31 -6.90 -1000 17.11 1.57 991.985
car -1 -1 0.00 0.00 0.00 100.00 100.00 -1000 1.74 4.40 -6.36 -1000 9.60 0.01 988.489
car -1 -1 0.00 0.00 0.00 100.00 100.00 -1000 1.72 4.34 0.98 -1000 20.60 0.00 984.313
car -1 -1 0.00 0.00 0.00 100.00 100.00 -1000 1.95 5.38 -5.64 -1000 17.76 1.56 982.612
car -1 -1 0.00 0.00 0.00 100.00 100.00 -1000 1.60 3.47 2.40 -1000 21.46 1.62 981.895
car -1 -1 0.00 0.00 0.00 100.00 100.00 -1000 1.61 3.37 -0.79 -1000 21.13 1.59 979.751
car -1 -1 0.00 0.00 0.00 100.00 100.00 -1000 1.62 3.51 3.99 -1000 21.54 1.59 979.127
car -1 -1 0.00 0.00 0.00 100.00 100.00 -1000 1.64 3.86 0.90 -1000 21.53 1.60 976.160
car -1 -1 0.00 0.00 0.00 100.00 100.00 -1000 1.69 4.26 2.73 -1000 20.68 -0.01 975.322
car -1 -1 0.00 0.00 0.00 100.00 100.00 -1000 1.69 3.89 3.44 -1000 12.53 1.59 973.814
car -1 -1 0.00 0.00 0.00 100.00 100.00 -1000 1.60 3.60 -2.72 -1000 29.39 1.59 970.414
car -1 -1 0.00 0.00 0.00 100.00 100.00 -1000 1.72 4.38 -1.14 -1000 20.45 0.00 965.925
car -1 -1 0.00 0.00 0.00 100.00 100.00 -1000 1.81 4.52 -7.12 -1000 10.86 1.49 923.396
car -1 -1 0.00 0.00 0.00 100.00 100.00 -1000 1.77 4.53 -0.46 -1000 21.82 1.53 912.198
car -1 -1 0.00 0.00 0.00 100.00 100.00 -1000 1.67 3.91 7.48 -1000 9.73 1.64 901.865
car -1 -1 0.00 0.00 0.00 100.00 100.00 -1000 2.01 5.48 -3.06 -1000 20.88 1.54 900.615
car -1 -1 0.00 0.00 0.00 100.00 100.00 -1000 1.69 4.18 5.91 -1000 10.00 1.60 900.609
car -1 -1 0.00 0.00 0.00 100.00 100.00 -1000 3.00 11.22 -4.34 -1000 19.97 1.41 885.982
car -1 -1 0.00 0.00 0.00 100.00 100.00 -1000 2.99 12.51 -6.16 -1000 18.64 1.75 862.511
car -1 -1 0.00 0.00 0.00 100.00 100.00 -1000 1.67 4.02 -1.36 -1000 29.71 1.59 849.080
car -1 -1 0.00 0.00 0.00 100.00 100.00 -1000 1.66 4.03 1.09 -1000 30.10 1.57 844.685
car -1 -1 0.00 0.00 0.00 100.00 100.00 -1000 1.71 3.84 -4.92 -1000 16.12 1.74 830.018
car -1 -1 0.00 0.00 0.00 100.00 100.00 -1000 1.61 3.71 5.80 -1000 8.90 1.61 829.524
car -1 -1 0.00 0.00 0.00 100.00 100.00 -1000 1.62 3.77 -2.22 -1000 28.50 -0.09 817.954
car -1 -1 0.00 0.00 0.00 100.00 100.00 -1000 4.43 22.13 -5.88 -1000 19.09 1.86 787.127
car -1 -1 0.00 0.00 0.00 100.00 100.00 -1000 1.67 4.27 -7.66 -1000 16.42 0.11 777.584
car -1 -1 0.00 0.00 0.00 100.00 100.00 -1000 1.57 3.83 13.15 -1000 21.47 -0.03 777.460
car -1 -1 0.00 0.00 0.00 100.00 100.00 -1000 2.75 9.04 -6.27 -1000 11.06 1.83 776.262
car -1 -1 0.00 0.00 0.00 100.00 100.00 -1000 2.26 6.91 2.97 -1000 24.16 1.40 776.166
car -1 -1 0.00 0.00 0.00 100.00 100.00 -1000 2.08 6.30 4.39 -1000 21.99 1.55 772.394
car -1 -1 0.00 0.00 0.00 100.00 100.00 -1000 1.62 3.90 2.70 -1000 30.24 1.61 765.306
car -1 -1 0.00 0.00 0.00 100.00 100.00 -1000 1.88 4.82 5.05 -1000 12.79 1.69 752.414
car -1 -1 0.00 0.00 0.00 100.00 100.00 -1000 1.82 4.35 3.80 -1000 13.45 1.57 748.155
car -1 -1 0.00 0.00 0.00 100.00 100.00 -1000 1.99 5.41 -2.05 -1000 22.15 1.57 745.671
car -1 -1 0.00 0.00 0.00 100.00 100.00 -1000 2.33 7.81 -0.49 -1000 24.80 1.49 736.913
car -1 -1 0.00 0.00 0.00 100.00 100.00 -1000 2.00 6.40 7.09 -1000 10.76 1.64 735.543
car -1 -1 0.00 0.00 0.00 100.00 100.00 -1000 1.72 4.17 5.23 -1000 21.12 1.67 726.854
car -1 -1 0.00 0.00 0.00 100.00 100.00 -1000 1.73 3.96 -7.52 -1000 17.73 1.47 718.797
car -1 -1 0.00 0.00 0.00 100.00 100.00 -1000 2.15 6.19 -6.87 -1000 18.33 1.48 714.281
car -1 -1 0.00 0.00 0.00 100.00 100.00 -1000 2.02 5.92 2.31 -1000 22.23 1.50 701.405
car -1 -1 0.00 0.00 0.00 100.00 100.00 -1000 1.68 3.90 -5.27 -1000 9.02 1.73 646.524
car -1 -1 0.00 0.00 0.00 100.00 100.00 -1000 1.72 4.19 4.51 -1000 30.31 1.60 643.215
car -1 -1 0.00 0.00 0.00 100.00 100.00 -1000 1.78 4.47 13.70 -1000 22.17 1.60 630.220
car -1 -1 0.00 0.00 0.00 100.00 100.00 -1000 6.47 38.54 -4.32 -1000 19.18 1.91 606.299
car -1 -1 0.00 0.00 0.00 100.00 100.00 -1000 6.44 28.02 5.49 -1000 5.87 1.92 597.525
car -1 -1 0.00 0.00 0.00 100.00 100.00 -1000 2.38 8.99 -4.89 -1000 32.15 1.53 582.838
car -1 -1 0.00 0.00 0.00 100.00 100.00 -1000 1.94 5.12 -3.57 -1000 23.74 1.57 579.110
car -1 -1 0.00 0.00 0.00 100.00 100.00 -1000 2.40 6.83 -4.62 -1000 10.31 2.02 569.211
car -1 -1 0.00 0.00 0.00 100.00 100.00 -1000 2.21 6.31 -1.87 -1000 23.05 1.67 564.952
car -1 -1 0.00 0.00 0.00 100.00 100.00 -1000 2.04 5.73 5.88 -1000 11.91 1.55 560.743
car -1 -1 0.00 0.00 0.00 100.00 100.00 -1000 2.75 9.84 -3.80 -1000 17.77 1.77 546.957
car -1 -1 0.00 0.00 0.00 100.00 100.00 -1000 1.89 5.21 -0.55 -1000 28.91 -0.10 537.188
car -1 -1 0.00 0.00 0.00 100.00 100.00 -1000 2.86 10.18 -7.44 -1000 12.31 1.54 529.119
car -1 -1 0.00 0.00 0.00 100.00 100.00 -1000 2.35 10.63 8.21 -1000 25.31 1.42 528.122
car -1 -1 0.00 0.00 0.00 100.00 100.00 -1000 2.18 5.25 1.75 -1000 28.99 -0.04 520.395
car -1 -1 0.00 0.00 0.00 100.00 100.00 -1000 2.13 6.68 -1.79 -1000 27.82 1.73 516.994
car -1 -1 0.00 0.00 0.00 100.00 100.00 -1000 2.67 8.88 2.63 -1000 22.87 1.41 506.891
car -1 -1 0.00 0.00 0.00 100.00 100.00 -1000 2.74 9.00 0.41 -1000 32.86 1.45 506.333
car -1 -1 0.00 0.00 0.00 100.00 100.00 -1000 2.22 8.33 -9.07 -1000 20.42 1.47 499.407
car -1 -1 0.00 0.00 0.00 100.00 100.00 -1000 3.07 16.46 5.38 -1000 23.77 1.34 497.740
car -1 -1 0.00 0.00 0.00 100.00 100.00 -1000 2.25 5.80 -3.04 -1000 16.73 1.91 495.148
car -1 -1 0.00 0.00 0.00 100.00 100.00 -1000 1.73 3.84 4.12 -1000 11.83 1.71 492.602
car -1 -1 0.00 0.00 0.00 100.00 100.00 -1000 2.40 9.97 5.15 -1000 33.72 1.44 491.806
car -1 -1 0.00 0.00 0.00 100.00 100.00 -1000 2.84 12.31 2.11 -1000 25.22 1.41 488.787
car -1 -1 0.00 0.00 0.00 100.00 100.00 -1000 2.17 8.14 4.63 -1000 23.49 1.43 486.723
car -1 -1 0.00 0.00 0.00 100.00 100.00 -1000 1.84 4.88 6.51 -1000 30.50 1.56 476.949
car -1 -1 0.00 0.00 0.00 100.00 100.00 -1000 2.52 9.15 4.91 -1000 13.98 1.54 467.913
car -1 -1 0.00 0.00 0.00 100.00 100.00 -1000 3.90 15.37 -5.51 -1000 11.45 2.04 462.871
car -1 -1 0.00 0.00 0.00 100.00 100.00 -1000 2.34 6.75 -5.02 -1000 21.29 1.48 460.464
car -1 -1 0.00 0.00 0.00 100.00 100.00 -1000 2.32 9.06 -3.67 -1000 33.27 1.49 446.166
car -1 -1 0.00 0.00 0.00 100.00 100.00 -1000 2.26 6.64 -0.27 -1000 30.50 1.46 433.750
car -1 -1 0.00 0.00 0.00 100.00 100.00 -1000 2.52 10.65 5.87 -1000 22.49 1.38 428.176
car -1 -1 0.00 0.00 0.00 100.00 100.00 -1000 2.48 9.77 0.96 -1000 23.62 1.44 421.854
car -1 -1 0.00 0.00 0.00 100.00 100.00 -1000 2.04 6.43 6.54 -1000 21.73 1.52 417.745
car -1 -1 0.00 0.00 0.00 100.00 100.00 -1000 2.37 6.71 0.78 -1000 33.71 1.51 415.840
car -1 -1 0.00 0.00 0.00 100.00 100.00 -1000 2.51 9.34 -0.94 -1000 26.08 1.44 413.641
car -1 -1 0.00 0.00 0.00 100.00 100.00 -1000 2.35 8.98 -5.83 -1000 22.30 1.69 412.933
car -1 -1 0.00 0.00 0.00 100.00 100.00 -1000 1.90 5.03 3.61 -1000 29.16 -0.08 412.073
car -1 -1 0.00 0.00 0.00 100.00 100.00 -1000 2.45 7.84 -0.98 -1000 31.82 1.46 396.545
car -1 -1 0.00 0.00 0.00 100.00 100.00 -1000 1.83 4.38 4.57 -1000 20.28 1.67 387.314
car -1 -1 0.00 0.00 0.00 100.00 100.00 -1000 3.93 15.26 4.84 -1000 13.27 2.24 376.265
car -1 -1 0.00 0.00 0.00 100.00 100.00 -1000 5.28 26.09 -4.80 -1000 11.32 2.40 369.616
car -1 -1 0.00 0.00 0.00 100.00 100.00 -1000 2.27 6.29 -5.81 -1000 14.01 1.49 369.551
car -1 -1 0.00 0.00 0.00 100.00 100.00 -1000 1.78 4.30 -7.87 -1000 9.85 1.44 359.755
car -1 -1 0.00 0.00 0.00 100.00 100.00 -1000 2.17 8.12 -9.32 -1000 13.53 1.52 353.973
car -1 -1 0.00 0.00 0.00 100.00 100.00 -1000 1.78 4.71 8.01 -1000 8.98 1.65 353.567
car -1 -1 0.00 0.00 0.00 100.00 100.00 -1000 2.24 7.21 -3.26 -1000 24.51 1.61 349.049
car -1 -1 0.00 0.00 0.00 100.00 100.00 -1000 2.29 7.62 7.06 -1000 14.53 1.53 338.057
car -1 -1 0.00 0.00 0.00 100.00 100.00 -1000 2.30 8.74 -7.79 -1000 19.65 1.44 335.701
car -1 -1 0.00 0.00 0.00 100.00 100.00 -1000 2.22 5.68 -6.10 -1000 8.22 1.67 330.324
car -1 -1 0.00 0.00 0.00 100.00 100.00 -1000 2.77 10.70 7.27 -1000 11.63 1.51 330.145
car -1 -1 0.00 0.00 0.00 100.00 100.00 -1000 2.07 5.50 6.52 -1000 29.27 -0.08 329.081
car -1 -1 0.00 0.00 0.00 100.00 100.00 -1000 2.21 7.95 -10.65 -1000 19.23 1.54 326.993
car -1 -1 0.00 0.00 0.00 100.00 100.00 -1000 2.05 7.08 -3.46 -1000 30.18 1.48 326.839
car -1 -1 0.00 0.00 0.00 100.00 100.00 -1000 2.31 7.92 -3.41 -1000 31.29 1.46 319.336
car -1 -1 0.00 0.00 0.00 100.00 100.00 -1000 2.07 5.74 -5.37 -1000 23.39 1.55 315.399
car -1 -1 0.00 0.00 0.00 100.00 100.00 -1000 2.54 9.17 7.50 -1000 13.40 1.32 314.698
car -1 -1 0.00 0.00 0.00 100.00 100.00 -1000 1.97 5.57 7.34 -1000 20.98 1.54 310.379
car -1 -1 0.00 0.00 0.00 100.00 100.00 -1000 2.26 6.36 4.66 -1000 19.34 1.58 297.584
car -1 -1 0.00 0.00 0.00 100.00 100.00 -1000 2.10 6.56 -6.07 -1000 24.82 1.61 289.221
car -1 -1 0.00 0.00 0.00 100.00 100.00 -1000 3.81 14.28 5.94 -1000 5.59 1.85 282.331
car -1 -1 0.00 0.00 0.00 100.00 100.00 -1000 1.92 5.13 6.48 -1000 8.19 1.68 280.075
car -1 -1 0.00 0.00 0.00 100.00 100.00 -1000 1.96 4.91 4.37 -1000 8.58 1.63 278.042
car -1 -1 0.00 0.00 0.00 100.00 100.00 -1000 2.68 10.00 -2.64 -1000 25.33 1.57 276.585
car -1 -1 0.00 0.00 0.00 100.00 100.00 -1000 2.16 5.51 -5.55 -1000 15.40 1.67 275.588
car -1 -1 0.00 0.00 0.00 100.00 100.00 -1000 2.16 7.54 -7.66 -1000 21.38 1.36 274.272
car -1 -1 0.00 0.00 0.00 100.00 100.00 -1000 2.57 8.71 5.98 -1000 4.95 1.78 265.111
car -1 -1 0.00 0.00 0.00 100.00 100.00 -1000 2.61 11.43 7.81 -1000 34.21 1.45 262.692
car -1 -1 0.00 0.00 0.00 100.00 100.00 -1000 2.02 5.71 11.97 -1000 21.02 1.48 262.599
car -1 -1 0.00 0.00 0.00 100.00 100.00 -1000 3.95 17.98 -2.24 -1000 17.87 1.95 260.004
car -1 -1 0.00 0.00 0.00 100.00 100.00 -1000 1.98 5.40 -3.52 -1000 22.61 1.64 257.611
car -1 -1 0.00 0.00 0.00 100.00 100.00 -1000 2.36 7.40 -14.71 -1000 25.25 1.67 257.111
car -1 -1 0.00 0.00 0.00 100.00 100.00 -1000 2.32 8.99 -10.90 -1000 12.77 1.56 255.682
car -1 -1 0.00 0.00 0.00 100.00 100.00 -1000 1.90 5.53 -4.47 -1000 29.02 1.53 253.653
car -1 -1 0.00 0.00 0.00 100.00 100.00 -1000 2.56 9.37 7.41 -1000 15.74 1.43 249.519
car -1 -1 0.00 0.00 0.00 100.00 100.00 -1000 2.08 7.00 2.24 -1000 30.95 1.50 247.888
car -1 -1 0.00 0.00 0.00 100.00 100.00 -1000 2.03 5.36 8.06 -1000 30.02 1.58 242.039
car -1 -1 0.00 0.00 0.00 100.00 100.00 -1000 2.29 7.40 -7.06 -1000 14.88 1.58 240.467
car -1 -1 0.00 0.00 0.00 100.00 100.00 -1000 2.56 16.22 7.57 -1000 26.29 1.40 239.079
car -1 -1 0.00 0.00 0.00 100.00 100.00 -1000 2.09 5.86 -7.82 -1000 8.99 1.49 232.645
car -1 -1 0.00 0.00 0.00 100.00 100.00 -1000 2.04 5.37 13.89 -1000 20.78 1.64 230.731
car -1 -1 0.00 0.00 0.00 100.00 100.00 -1000 2.30 7.80 8.66 -1000 30.96 1.57 228.106
car -1 -1 0.00 0.00 0.00 100.00 100.00 -1000 2.37 8.28 -14.81 -1000 26.70 1.65 227.253
car -1 -1 0.00 0.00 0.00 100.00 100.00 -1000 2.31 6.13 2.15 -1000 19.46 1.59 226.138
car -1 -1 0.00 0.00 0.00 100.00 100.00 -1000 2.43 7.21 -1.78 -1000 19.61 1.63 211.889
car -1 -1 0.00 0.00 0.00 100.00 100.00 -1000 1.97 6.47 -10.68 -1000 12.01 1.53 210.262
car -1 -1 0.00 0.00 0.00 100.00 100.00 -1000 2.22 6.75 -2.01 -1000 34.22 1.50 205.059
car -1 -1 0.00 0.00 0.00 100.00 100.00 -1000 1.99 6.20 -9.03 -1000 17.41 1.46 204.760
car -1 -1 0.00 0.00 0.00 100.00 100.00 -1000 3.03 11.21 1.64 -1000 26.64 1.56 203.737
car -1 -1 0.00 0.00 0.00 100.00 100.00 -1000 1.93 5.98 15.13 -1000 21.76 1.58 198.312
car -1 -1 0.00 0.00 0.00 100.00 100.00 -1000 2.29 6.56 -7.08 -1000 23.88 1.50 195.032
car -1 -1 0.00 0.00 0.00 100.00 100.00 -1000 2.26 8.30 5.44 -1000 30.94 1.47 191.423
car -1 -1 0.00 0.00 0.00 100.00 100.00 -1000 2.73 8.98 4.30 -1000 15.59 1.67 189.816
car -1 -1 0.00 0.00 0.00 100.00 100.00 -1000 2.47 12.74 4.79 -1000 34.92 1.43 188.047
car -1 -1 0.00 0.00 0.00 100.00 100.00 -1000 2.22 7.60 -8.92 -1000 11.23 1.47 183.027
car -1 -1 0.00 0.00 0.00 100.00 100.00 -1000 16.76 107.13 5.65 -1000 6.38 2.81 180.180
car -1 -1 0.00 0.00 0.00 100.00 100.00 -1000 2.29 11.08 16.99 -1000 24.61 1.50 178.721
car -1 -1 0.00 0.00 0.00 100.00 100.00 -1000 2.82 11.54 -2.18 -1000 27.14 1.63 178.382
car -1 -1 0.00 0.00 0.00 100.00 100.00 -1000 2.33 10.99 13.76 -1000 17.34 1.47 175.005
car -1 -1 0.00 0.00 0.00 100.00 100.00 -1000 1.97 5.75 -5.53 -1000 28.26 1.63 173.817
car -1 -1 0.00 0.00 0.00 100.00 100.00 -1000 3.33 10.57 -0.86 -1000 16.74 2.13 169.250
car -1 -1 0.00 0.00 0.00 100.00 100.00 -1000 2.06 8.23 -9.76 -1000 14.48 1.47 163.914
car -1 -1 0.00 0.00 0.00 100.00 100.00 -1000 2.18 8.23 9.44 -1000 10.41 1.46 163.385
car -1 -1 0.00 0.00 0.00 100.00 100.00 -1000 2.14 6.67 9.26 -1000 29.36 -0.07 162.779
car -1 -1 0.00 0.00 0.00 100.00 100.00 -1000 2.37 8.74 -5.69 -1000 25.70 1.58 160.000
car -1 -1 0.00 0.00 0.00 100.00 100.00 -1000 2.38 8.27 13.97 -1000 22.83 1.54 159.971
car -1 -1 0.00 0.00 0.00 100.00 100.00 -1000 2.41 9.45 10.48 -1000 24.05 1.44 158.075
car -1 -1 0.00 0.00 0.00 100.00 100.00 -1000 2.68 7.11 -3.47 -1000 15.61 1.91 157.658
car -1 -1 0.00 0.00 0.00 100.00 100.00 -1000 3.85 16.23 -6.32 -1000 12.94 1.63 152.005
car -1 -1 0.00 0.00 0.00 100.00 100.00 -1000 3.03 8.36 -3.95 -1000 9.14 2.08 148.994
car -1 -1 0.00 0.00 0.00 100.00 100.00 -1000 2.18 11.16 -7.50 -1000 31.41 1.45 146.935
car -1 -1 0.00 0.00 0.00 100.00 100.00 -1000 2.32 8.36 9.34 -1000 21.50 1.55 146.711
car -1 -1 0.00 0.00 0.00 100.00 100.00 -1000 2.14 7.04 -8.32 -1000 15.89 1.52 140.427
car -1 -1 0.00 0.00 0.00 100.00 100.00 -1000 2.51 7.61 -8.83 -1000 26.97 1.54 140.153
car -1 -1 0.00 0.00 0.00 100.00 100.00 -1000 2.35 7.63 -5.95 -1000 27.42 1.65 140.096
car -1 -1 0.00 0.00 0.00 100.00 100.00 -1000 2.19 10.71 14.44 -1000 16.16 1.45 139.321
car -1 -1 0.00 0.00 0.00 100.00 100.00 -1000 2.19 7.45 -9.30 -1000 18.50 1.45 138.505
car -1 -1 0.00 0.00 0.00 100.00 100.00 -1000 2.15 9.52 17.69 -1000 23.35 1.44 136.032
car -1 -1 0.00 0.00 0.00 100.00 100.00 -1000 4.01 13.63 -2.44 -1000 10.40 2.42 136.031
car -1 -1 0.00 0.00 0.00 100.00 100.00 -1000 2.23 8.11 -5.82 -1000 30.59 1.51 132.845
car -1 -1 0.00 0.00 0.00 100.00 100.00 -1000 2.14 7.08 8.42 -1000 20.19 1.53 126.380
car -1 -1 0.00 0.00 0.00 100.00 100.00 -1000 2.19 7.40 9.74 -1000 15.31 1.63 125.550
car -1 -1 0.00 0.00 0.00 100.00 100.00 -1000 5.81 27.74 4.93 -1000 13.09 2.58 125.028
car -1 -1 0.00 0.00 0.00 100.00 100.00 -1000 2.68 11.44 2.43 -1000 31.70 1.45 123.423
car -1 -1 0.00 0.00 0.00 100.00 100.00 -1000 2.64 8.76 2.76 -1000 18.06 1.72 122.211
car -1 -1 0.00 0.00 0.00 100.00 100.00 -1000 2.45 10.24 -11.04 -1000 29.01 1.41 118.234
car -1 -1 0.00 0.00 0.00 100.00 100.00 -1000 2.72 13.76 9.86 -1000 10.86 1.45 118.007
car -1 -1 0.00 0.00 0.00 100.00 100.00 -1000 1.70 4.19 6.46 -1000 20.26 -0.17 117.683
car -1 -1 0.00 0.00 0.00 100.00 100.00 -1000 2.48 8.58 11.44 -1000 30.74 1.59 115.609
car -1 -1 0.00 0.00 0.00 100.00 100.00 -1000 2.16 8.94 0.97 -1000 34.65 1.37 114.974
car -1 -1 0.00 0.00 0.00 100.00 100.00 -1000 2.99 9.07 3.96 -1000 27.47 1.58 113.583
car -1 -1 0.00 0.00 0.00 100.00 100.00 -1000 2.38 6.90 3.14 -1000 16.83 1.77 112.663
car -1 -1 0.00 0.00 0.00 100.00 100.00 -1000 2.21 7.71 9.45 -1000 12.56 1.44 112.102
car -1 -1 0.00 0.00 0.00 100.00 100.00 -1000 2.10 8.43 12.68 -1000 11.68 1.51 110.754
car -1 -1 0.00 0.00 0.00 100.00 100.00 -1000 2.21 11.62 -13.04 -1000 30.63 1.38 107.206
car -1 -1 0.00 0.00 0.00 100.00 100.00 -1000 2.14 8.24 10.91 -1000 9.68 1.47 106.438
car -1 -1 0.00 0.00 0.00 100.00 100.00 -1000 2.14 10.42 14.48 -1000 14.54 1.44 104.787
car -1 -1 0.00 0.00 0.00 100.00 100.00 -1000 2.09 7.28 16.65 -1000 20.98 1.51 104.710
car -1 -1 0.00 0.00 0.00 100.00 100.00 -1000 2.14 7.51 13.09 -1000 19.89 1.59 104.399
car -1 -1 0.00 0.00 0.00 100.00 100.00 -1000 2.11 7.00 9.06 -1000 8.13 1.53 104.277
car -1 -1 0.00 0.00 0.00 100.00 100.00 -1000 2.49 6.40 11.64 -1000 29.67 -0.09 103.836
car -1 -1 0.00 0.00 0.00 100.00 100.00 -1000 3.10 9.01 -4.13 -1000 14.63 1.95 103.273
car -1 -1 0.00 0.00 0.00 100.00 100.00 -1000 7.16 42.02 -2.79 -1000 11.43 2.55 100.320
car -1 -1 0.00 0.00 0.00 100.00 100.00 -1000 2.01 9.28 12.74 -1000 18.20 1.39 99.523
car -1 -1 0.00 0.00 0.00 100.00 100.00 -1000 1.79 4.88 -5.80 -1000 11.24 -0.56 98.542
car -1 -1 0.00 0.00 0.00 100.00 100.00 -1000 2.27 8.09 -9.25 -1000 9.70 1.49 98.157
car -1 -1 0.00 0.00 0.00 100.00 100.00 -1000 2.12 6.81 6.11 -1000 7.36 1.62 97.946
car -1 -1 0.00 0.00 0.00 100.00 100.00 -1000 1.79 4.98 7.53 -1000 15.44 -0.37 97.712
car -1 -1 0.00 0.00 0.00 100.00 100.00 -1000 2.21 6.39 0.68 -1000 28.32 1.58 96.180
car -1 -1 0.00 0.00 0.00 100.00 100.00 -1000 2.66 21.75 6.86 -1000 27.12 1.58 93.538
car -1 -1 0.00 0.00 0.00 100.00 100.00 -1000 1.96 9.65 -10.80 -1000 21.38 1.39 93.097
car -1 -1 0.00 0.00 0.00 100.00 100.00 -1000 2.46 8.05 -17.89 -1000 29.08 1.64 92.679
car -1 -1 0.00 0.00 0.00 100.00 100.00 -1000 1.98 7.21 -10.97 -1000 10.49 1.53 92.587
car -1 -1 0.00 0.00 0.00 100.00 100.00 -1000 2.22 7.32 15.98 -1000 30.77 1.63 91.857
car -1 -1 0.00 0.00 0.00 100.00 100.00 -1000 2.38 8.20 -10.90 -1000 27.53 1.42 91.509
car -1 -1 0.00 0.00 0.00 100.00 100.00 -1000 2.16 7.89 -16.77 -1000 31.29 1.50 91.422
car -1 -1 0.00 0.00 0.00 100.00 100.00 -1000 4.08 10.77 -14.79 -1000 25.22 -0.33 91.329
car -1 -1 0.00 0.00 0.00 100.00 100.00 -1000 2.66 10.84 11.65 -1000 22.25 1.50 89.479
car -1 -1 0.00 0.00 0.00 100.00 100.00 -1000 2.46 9.85 7.63 -1000 19.32 1.53 89.303
car -1 -1 0.00 0.00 0.00 100.00 100.00 -1000 3.97 13.55 -0.12 -1000 19.08 2.03 89.087
car -1 -1 0.00 0.00 0.00 100.00 100.00 -1000 4.61 18.32 3.99 -1000 15.29 2.34 88.976
car -1 -1 0.00 0.00 0.00 100.00 100.00 -1000 2.31 10.83 12.21 -1000 24.90 1.58 88.102
car -1 -1 0.00 0.00 0.00 100.00 100.00 -1000 2.97 14.92 4.95 -1000 32.57 1.39 87.503
car -1 -1 0.00 0.00 0.00 100.00 100.00 -1000 2.05 6.88 15.76 -1000 20.19 1.52 85.902
car -1 -1 0.00 0.00 0.00 100.00 100.00 -1000 2.86 11.32 10.63 -1000 16.07 1.62 85.879
car -1 -1 0.00 0.00 0.00 100.00 100.00 -1000 2.08 10.55 -12.75 -1000 18.52 1.41 85.034
car -1 -1 0.00 0.00 0.00 100.00 100.00 -1000 2.40 9.02 -8.79 -1000 28.19 1.65 84.360
car -1 -1 0.00 0.00 0.00 100.00 100.00 -1000 2.07 8.21 11.72 -1000 8.82 1.45 83.756
car -1 -1 0.00 0.00 0.00 100.00 100.00 -1000 2.51 8.71 9.90 -1000 14.12 1.47 82.827
car -1 -1 0.00 0.00 0.00 100.00 100.00 -1000 2.09 8.71 17.90 -1000 22.18 1.42 80.152
car -1 -1 0.00 0.00 0.00 100.00 100.00 -1000 2.14 10.47 14.82 -1000 18.99 1.54 76.463
car -1 -1 0.00 0.00 0.00 100.00 100.00 -1000 2.29 13.41 0.82 -1000 35.54 1.36 75.480
car -1 -1 0.00 0.00 0.00 100.00 100.00 -1000 2.16 11.30 -13.94 -1000 31.74 1.43 75.146
car -1 -1 0.00 0.00 0.00 100.00 100.00 -1000 2.45 8.82 -8.29 -1000 22.83 1.67 74.650
car -1 -1 0.00 0.00 0.00 100.00 100.00 -1000 2.32 10.65 13.81 -1000 32.95 1.56 74.345
car -1 -1 0.00 0.00 0.00 100.00 100.00 -1000 2.26 6.00 13.95 -1000 29.67 -0.21 73.763
car -1 -1 0.00 0.00 0.00 100.00 100.00 -1000 1.98 7.29 -10.91 -1000 16.97 1.53 73.586
car -1 -1 0.00 0.00 0.00 100.00 100.00 -1000 2.40 13.21 -6.77 -1000 32.85 1.65 73.462
car -1 -1 0.00 0.00 0.00 100.00 100.00 -1000 1.92 11.02 12.88 -1000 25.90 1.36 73.274
car -1 -1 0.00 0.00 0.00 100.00 100.00 -1000 1.72 4.87 9.03 -1000 9.99 -0.29 72.979
car -1 -1 0.00 0.00 0.00 100.00 100.00 -1000 2.22 7.45 18.02 -1000 31.33 1.60 72.387
car -1 -1 0.00 0.00 0.00 100.00 100.00 -1000 3.27 25.63 -14.61 -1000 24.79 1.82 72.381
car -1 -1 0.00 0.00 0.00 100.00 100.00 -1000 2.16 9.82 13.24 -1000 12.84 1.41 71.396
car -1 -1 0.00 0.00 0.00 100.00 100.00 -1000 2.20 10.28 -17.25 -1000 32.91 1.63 69.954
car -1 -1 0.00 0.00 0.00 100.00 100.00 -1000 2.68 11.60 14.09 -1000 24.08 1.49 69.356
