car -1 -1 0.00 0.00 0.00 100.00 100.00 -1000 1.65 3.63 -1.78 -1000 15.46 1.89 999.773
car -1 -1 0.00 0.00 0.00 100.00 100.00 -1000 1.62 3.53 1.07 -1000 13.46 1.87 998.833
car -1 -1 0.00 0.00 0.00 100.00 100.00 -1000 1.57 3.60 -10.48 -1000 21.16 1.60 998.819
car -1 -1 0.00 0.00 0.00 100.00 100.00 -1000 1.57 3.53 7.67 -1000 17.77 1.64 997.962
car -1 -1 0.00 0.00 0.00 100.00 100.00 -1000 1.60 3.50 -6.65 -1000 18.47 1.80 997.942
car -1 -1 0.00 0.00 0.00 100.00 100.00 -1000 1.58 4.06 -2.27 -1000 14.70 -0.16 996.160
car -1 -1 0.00 0.00 0.00 100.00 100.00 -1000 1.92 5.08 -1.80 -1000 16.30 1.70 996.156
car -1 -1 0.00 0.00 0.00 100.00 100.00 -1000 1.70 3.89 -5.61 -1000 18.90 1.65 994.231
car -1 -1 0.00 0.00 0.00 100.00 100.00 -1000 1.53 3.45 -16.39 -1000 25.90 1.59 994.052
car -1 -1 0.00 0.00 0.00 100.00 100.00 -1000 1.79 4.62 1.42 -1000 14.32 1.70 993.895
car -1 -1 0.00 0.00 0.00 100.00 100.00 -1000 1.59 3.47 7.00 -1000 10.46 1.69 992.287
car -1 -1 0.00 0.00 0.00 100.00 100.00 -1000 1.69 4.38 0.43 -1000 12.78 -0.07 988.543
car -1 -1 0.00 0.00 0.00 100.00 100.00 -1000 1.58 4.00 -7.04 -1000 17.69 -0.18 984.082
car -1 -1 0.00 0.00 0.00 100.00 100.00 -1000 2.09 5.87 -6.23 -1000 19.46 1.55 982.054
car -1 -1 0.00 0.00 0.00 100.00 100.00 -1000 1.50 3.20 -0.77 -1000 14.59 1.66 981.167
car -1 -1 0.00 0.00 0.00 100.00 100.00 -1000 1.76 4.43 -16.39 -1000 26.76 1.58 977.551
car -1 -1 0.00 0.00 0.00 100.00 100.00 -1000 2.39 8.33 0.15 -1000 15.76 1.44 976.713
car -1 -1 0.00 0.00 0.00 100.00 100.00 -1000 2.30 7.83 -3.00 -1000 17.20 1.48 976.500
car -1 -1 0.00 0.00 0.00 100.00 100.00 -1000 1.73 4.49 7.36 -1000 17.03 -0.04 976.109
car -1 -1 0.00 0.00 0.00 100.00 100.00 -1000 1.65 3.85 0.11 -1000 14.02 1.58 970.564
car -1 -1 0.00 0.00 0.00 100.00 100.00 -1000 1.94 5.31 -8.22 -1000 19.87 1.53 969.282
car -1 -1 0.00 0.00 0.00 100.00 100.00 -1000 1.68 4.48 7.13 -1000 9.64 -0.09 960.611
car -1 -1 0.00 0.00 0.00 100.00 100.00 -1000 2.00 5.68 -10.72 -1000 21.92 1.63 960.334
car -1 -1 0.00 0.00 0.00 100.00 100.00 -1000 2.67 12.05 -3.43 -1000 18.19 1.42 957.948
car -1 -1 0.00 0.00 0.00 100.00 100.00 -1000 1.61 3.70 -9.98 -1000 34.83 1.66 955.103
car -1 -1 0.00 0.00 0.00 100.00 100.00 -1000 2.46 8.94 -7.32 -1000 20.53 1.52 945.948
car -1 -1 0.00 0.00 0.00 100.00 100.00 -1000 1.73 4.16 -3.09 -1000 15.83 1.53 942.092
car -1 -1 0.00 0.00 0.00 100.00 100.00 -1000 1.66 4.16 -10.71 -1000 20.32 -0.04 939.462
car -1 -1 0.00 0.00 0.00 100.00 100.00 -1000 1.82 4.50 -9.22 -1000 20.68 1.65 934.201
car -1 -1 0.00 0.00 0.00 100.00 100.00 -1000 1.64 4.01 -17.19 -1000 25.34 -0.11 931.142
car -1 -1 0.00 0.00 0.00 100.00 100.00 -1000 1.96 4.97 -4.60 -1000 18.31 1.71 928.986
car -1 -1 0.00 0.00 0.00 100.00 100.00 -1000 1.94 5.01 -5.33 -1000 17.44 1.73 899.567
car -1 -1 0.00 0.00 0.00 100.00 100.00 -1000 1.77 4.47 -1.54 -1000 13.81 1.64 891.941
car -1 -1 0.00 0.00 0.00 100.00 100.00 -1000 1.90 4.91 6.99 -1000 11.47 1.51 880.675
car -1 -1 0.00 0.00 0.00 100.00 100.00 -1000 2.72 11.36 -0.13 -1000 16.91 1.28 876.182
car -1 -1 0.00 0.00 0.00 100.00 100.00 -1000 2.34 8.93 -11.10 -1000 22.43 1.48 870.159
car -1 -1 0.00 0.00 0.00 100.00 100.00 -1000 2.90 14.12 -10.20 -1000 22.98 1.39 849.037
car -1 -1 0.00 0.00 0.00 100.00 100.00 -1000 1.65 4.18 -17.95 -1000 26.09 1.53 842.597
car -1 -1 0.00 0.00 0.00 100.00 100.00 -1000 2.08 5.04 -4.40 -1000 16.56 1.57 833.876
car -1 -1 0.00 0.00 0.00 100.00 100.00 -1000 1.74 4.60 0.27 -1000 15.23 1.56 827.352
car -1 -1 0.00 0.00 0.00 100.00 100.00 -1000 1.79 4.58 -10.46 -1000 35.66 1.54 823.186
car -1 -1 0.00 0.00 0.00 100.00 100.00 -1000 1.88 4.55 -8.21 -1000 18.51 1.51 821.292
car -1 -1 0.00 0.00 0.00 100.00 100.00 -1000 2.21 5.93 -12.50 -1000 23.08 1.47 816.956
car -1 -1 0.00 0.00 0.00 100.00 100.00 -1000 2.72 10.95 -4.91 -1000 19.61 1.50 815.961
car -1 -1 0.00 0.00 0.00 100.00 100.00 -1000 2.30 6.04 2.26 -1000 12.62 1.91 812.845
car -1 -1 0.00 0.00 0.00 100.00 100.00 -1000 1.82 4.51 -14.36 -1000 24.98 1.62 812.622
car -1 -1 0.00 0.00 0.00 100.00 100.00 -1000 3.89 20.63 -0.43 -1000 18.12 1.33 810.197
car -1 -1 0.00 0.00 0.00 100.00 100.00 -1000 2.50 8.56 2.28 -1000 14.92 1.52 800.946
car -1 -1 0.00 0.00 0.00 100.00 100.00 -1000 2.06 5.22 2.86 -1000 13.64 1.83 794.012
car -1 -1 0.00 0.00 0.00 100.00 100.00 -1000 1.75 4.35 -11.36 -1000 34.26 -0.08 786.946
car -1 -1 0.00 0.00 0.00 100.00 100.00 -1000 1.82 4.81 -16.92 -1000 29.62 1.67 780.676
car -1 -1 0.00 0.00 0.00 100.00 100.00 -1000 1.80 4.50 -13.17 -1000 33.87 1.66 777.845
car -1 -1 0.00 0.00 0.00 100.00 100.00 -1000 1.88 5.37 7.90 -1000 18.32 1.69 768.950
car -1 -1 0.00 0.00 0.00 100.00 100.00 -1000 2.45 6.94 7.17 -1000 8.68 1.66 743.899
car -1 -1 0.00 0.00 0.00 100.00 100.00 -1000 2.05 5.46 -18.94 -1000 27.44 1.57 723.064
car -1 -1 0.00 0.00 0.00 100.00 100.00 -1000 2.42 8.79 -6.95 -1000 23.84 1.54 702.158
car -1 -1 0.00 0.00 0.00 100.00 100.00 -1000 1.75 4.69 -15.08 -1000 25.64 1.57 692.039
car -1 -1 0.00 0.00 0.00 100.00 100.00 -1000 2.85 10.81 -4.44 -1000 21.38 1.33 685.184
car -1 -1 0.00 0.00 0.00 100.00 100.00 -1000 1.93 5.56 8.43 -1000 10.83 1.60 681.691
car -1 -1 0.00 0.00 0.00 100.00 100.00 -1000 1.92 5.18 -17.24 -1000 30.52 1.56 656.098
car -1 -1 0.00 0.00 0.00 100.00 100.00 -1000 1.93 5.26 -2.48 -1000 22.32 1.43 649.723
car -1 -1 0.00 0.00 0.00 100.00 100.00 -1000 2.10 5.92 7.20 -1000 16.18 1.63 638.655
car -1 -1 0.00 0.00 0.00 100.00 100.00 -1000 2.28 7.70 4.12 -1000 16.55 1.42 637.192
car -1 -1 0.00 0.00 0.00 100.00 100.00 -1000 2.31 6.66 -13.38 -1000 24.15 1.53 636.813
car -1 -1 0.00 0.00 0.00 100.00 100.00 -1000 1.93 5.01 -16.75 -1000 24.23 1.60 612.850
car -1 -1 0.00 0.00 0.00 100.00 100.00 -1000 3.21 13.15 -0.12 -1000 19.06 1.23 607.194
car -1 -1 0.00 0.00 0.00 100.00 100.00 -1000 2.47 7.20 4.95 -1000 13.78 1.66 583.981
car -1 -1 0.00 0.00 0.00 100.00 100.00 -1000 2.47 7.27 -16.46 -1000 27.23 1.58 580.980
car -1 -1 0.00 0.00 0.00 100.00 100.00 -1000 2.99 13.38 -17.23 -1000 28.67 1.41 580.539
car -1 -1 0.00 0.00 0.00 100.00 100.00 -1000 1.79 4.17 -12.44 -1000 21.18 1.48 571.612
car -1 -1 0.00 0.00 0.00 100.00 100.00 -1000 2.72 9.74 -9.01 -1000 24.73 1.33 567.605
car -1 -1 0.00 0.00 0.00 100.00 100.00 -1000 2.43 8.27 7.94 -1000 18.87 1.55 564.154
car -1 -1 0.00 0.00 0.00 100.00 100.00 -1000 1.82 4.74 -11.93 -1000 35.05 1.49 562.235
car -1 -1 0.00 0.00 0.00 100.00 100.00 -1000 2.97 14.31 -7.97 -1000 22.04 1.44 559.847
car -1 -1 0.00 0.00 0.00 100.00 100.00 -1000 1.90 4.45 -9.16 -1000 17.86 1.63 551.713
car -1 -1 0.00 0.00 0.00 100.00 100.00 -1000 2.45 8.80 -16.60 -1000 29.56 1.45 543.646
car -1 -1 0.00 0.00 0.00 100.00 100.00 -1000 2.46 6.23 -2.91 -1000 15.25 1.62 542.889
car -1 -1 0.00 0.00 0.00 100.00 100.00 -1000 2.52 8.90 6.58 -1000 12.30 1.51 535.294
car -1 -1 0.00 0.00 0.00 100.00 100.00 -1000 1.92 5.49 -13.38 -1000 33.08 1.60 528.066
car -1 -1 0.00 0.00 0.00 100.00 100.00 -1000 2.16 6.00 5.51 -1000 17.34 1.54 508.735
car -1 -1 0.00 0.00 0.00 100.00 100.00 -1000 2.27 7.26 6.64 -1000 19.80 1.65 505.890
car -1 -1 0.00 0.00 0.00 100.00 100.00 -1000 2.12 5.97 -17.98 -1000 28.49 1.50 505.117
car -1 -1 0.00 0.00 0.00 100.00 100.00 -1000 2.45 6.81 6.53 -1000 10.48 1.85 504.216
car -1 -1 0.00 0.00 0.00 100.00 100.00 -1000 3.45 9.64 1.64 -1000 12.07 1.82 492.192
car -1 -1 0.00 0.00 0.00 100.00 100.00 -1000 3.53 13.47 -1.90 -1000 20.55 1.51 473.278
car -1 -1 0.00 0.00 0.00 100.00 100.00 -1000 1.69 4.33 -1.09 -1000 21.87 -0.18 459.199
car -1 -1 0.00 0.00 0.00 100.00 100.00 -1000 2.22 6.13 -14.12 -1000 20.79 1.49 447.657
car -1 -1 0.00 0.00 0.00 100.00 100.00 -1000 4.54 16.77 6.32 -1000 6.58 1.58 446.976
car -1 -1 0.00 0.00 0.00 100.00 100.00 -1000 2.27 6.61 -16.83 -1000 22.51 1.60 429.519
car -1 -1 0.00 0.00 0.00 100.00 100.00 -1000 2.29 8.92 -16.27 -1000 36.15 1.50 425.794
car -1 -1 0.00 0.00 0.00 100.00 100.00 -1000 2.88 8.83 4.24 -1000 18.42 1.50 421.139
car -1 -1 0.00 0.00 0.00 100.00 100.00 -1000 1.91 4.99 -15.37 -1000 20.06 1.54 412.013
car -1 -1 0.00 0.00 0.00 100.00 100.00 -1000 1.94 5.48 -0.96 -1000 22.85 1.50 409.552
car -1 -1 0.00 0.00 0.00 100.00 100.00 -1000 2.30 6.58 4.68 -1000 19.38 1.54 397.207
car -1 -1 0.00 0.00 0.00 100.00 100.00 -1000 2.26 7.32 -10.28 -1000 36.15 1.60 389.874
car -1 -1 0.00 0.00 0.00 100.00 100.00 -1000 2.37 9.43 8.98 -1000 11.59 1.47 388.522
car -1 -1 0.00 0.00 0.00 100.00 100.00 -1000 2.15 6.24 -18.08 -1000 31.54 1.53 379.710
car -1 -1 0.00 0.00 0.00 100.00 100.00 -1000 3.07 9.31 -4.06 -1000 16.24 1.91 376.399
car -1 -1 0.00 0.00 0.00 100.00 100.00 -1000 2.20 6.62 -13.84 -1000 19.03 1.49 375.796
car -1 -1 0.00 0.00 0.00 100.00 100.00 -1000 2.19 6.17 -14.10 -1000 22.54 1.49 372.028
car -1 -1 0.00 0.00 0.00 100.00 100.00 -1000 3.48 12.54 6.42 -1000 10.96 2.19 364.004
car -1 -1 0.00 0.00 0.00 100.00 100.00 -1000 2.55 8.59 0.48 -1000 19.83 1.28 349.312
car -1 -1 0.00 0.00 0.00 100.00 100.00 -1000 2.22 5.78 -10.74 -1000 18.53 1.69 348.932
car -1 -1 0.00 0.00 0.00 100.00 100.00 -1000 2.88 15.63 -14.45 -1000 27.81 1.33 343.141
car -1 -1 0.00 0.00 0.00 100.00 100.00 -1000 1.91 5.59 9.27 -1000 17.70 1.57 342.925
car -1 -1 0.00 0.00 0.00 100.00 100.00 -1000 1.98 4.96 -10.43 -1000 33.59 1.67 336.173
car -1 -1 0.00 0.00 0.00 100.00 100.00 -1000 2.44 10.15 -14.84 -1000 37.44 1.50 332.618
car -1 -1 0.00 0.00 0.00 100.00 100.00 -1000 2.74 9.25 9.38 -1000 21.04 1.56 324.017
car -1 -1 0.00 0.00 0.00 100.00 100.00 -1000 2.35 8.30 -15.09 -1000 30.70 1.56 320.621
car -1 -1 0.00 0.00 0.00 100.00 100.00 -1000 2.94 7.80 -1.09 -1000 13.47 1.71 312.309
car -1 -1 0.00 0.00 0.00 100.00 100.00 -1000 2.14 6.13 -12.16 -1000 17.71 1.54 312.185
car -1 -1 0.00 0.00 0.00 100.00 100.00 -1000 2.51 9.91 -11.80 -1000 25.26 1.46 304.248
car -1 -1 0.00 0.00 0.00 100.00 100.00 -1000 1.69 4.33 8.48 -1000 9.97 -0.27 300.346
car -1 -1 0.00 0.00 0.00 100.00 100.00 -1000 1.65 4.35 -9.94 -1000 19.66 0.04 298.060
car -1 -1 0.00 0.00 0.00 100.00 100.00 -1000 2.21 6.58 -17.85 -1000 23.29 1.52 294.635
car -1 -1 0.00 0.00 0.00 100.00 100.00 -1000 2.14 6.14 -6.50 -1000 25.40 1.58 290.639
car -1 -1 0.00 0.00 0.00 100.00 100.00 -1000 1.98 6.15 -4.58 -1000 23.74 -0.13 280.899
car -1 -1 0.00 0.00 0.00 100.00 100.00 -1000 2.08 6.47 -13.99 -1000 32.24 1.62 276.721
car -1 -1 0.00 0.00 0.00 100.00 100.00 -1000 2.20 8.49 -14.22 -1000 26.59 1.45 272.296
car -1 -1 0.00 0.00 0.00 100.00 100.00 -1000 2.47 11.58 -13.31 -1000 28.63 1.34 265.792
car -1 -1 0.00 0.00 0.00 100.00 100.00 -1000 2.96 9.53 -5.64 -1000 22.90 1.31 264.808
car -1 -1 0.00 0.00 0.00 100.00 100.00 -1000 2.42 8.68 -17.82 -1000 32.46 1.54 262.230
car -1 -1 0.00 0.00 0.00 100.00 100.00 -1000 2.97 12.58 7.04 -1000 13.28 1.51 249.172
car -1 -1 0.00 0.00 0.00 100.00 100.00 -1000 2.17 6.14 -12.22 -1000 19.72 1.45 248.699
car -1 -1 0.00 0.00 0.00 100.00 100.00 -1000 2.67 9.37 6.19 -1000 15.62 1.45 241.384
car -1 -1 0.00 0.00 0.00 100.00 100.00 -1000 2.08 6.43 -13.46 -1000 34.51 1.51 240.685
car -1 -1 0.00 0.00 0.00 100.00 100.00 -1000 2.19 6.39 5.24 -1000 20.56 1.51 239.827
car -1 -1 0.00 0.00 0.00 100.00 100.00 -1000 2.00 5.71 -6.10 -1000 24.44 -0.27 233.184
car -1 -1 0.00 0.00 0.00 100.00 100.00 -1000 2.09 6.83 -3.35 -1000 24.83 1.61 224.403
car -1 -1 0.00 0.00 0.00 100.00 100.00 -1000 2.64 7.68 -0.22 -1000 21.01 1.64 219.878
car -1 -1 0.00 0.00 0.00 100.00 100.00 -1000 6.17 39.55 6.53 -1000 6.47 1.99 216.341
car -1 -1 0.00 0.00 0.00 100.00 100.00 -1000 1.90 5.84 9.18 -1000 9.08 1.50 209.158
car -1 -1 0.00 0.00 0.00 100.00 100.00 -1000 2.50 10.28 -13.30 -1000 38.24 1.47 200.827
car -1 -1 0.00 0.00 0.00 100.00 100.00 -1000 2.22 9.89 -5.04 -1000 37.48 1.48 199.746
car -1 -1 0.00 0.00 0.00 100.00 100.00 -1000 2.59 10.55 -9.89 -1000 36.96 1.52 192.718
car -1 -1 0.00 0.00 0.00 100.00 100.00 -1000 2.25 8.14 2.09 -1000 27.22 1.62 192.495
car -1 -1 0.00 0.00 0.00 100.00 100.00 -1000 3.10 16.31 -10.55 -1000 24.18 1.32 190.709
car -1 -1 0.00 0.00 0.00 100.00 100.00 -1000 2.69 12.75 -11.45 -1000 26.17 1.38 190.403
car -1 -1 0.00 0.00 0.00 100.00 100.00 -1000 1.91 6.24 -8.26 -1000 34.41 1.51 182.320
car -1 -1 0.00 0.00 0.00 100.00 100.00 -1000 2.10 7.31 10.38 -1000 10.15 1.48 179.880
car -1 -1 0.00 0.00 0.00 100.00 100.00 -1000 1.75 4.72 5.93 -1000 18.26 0.07 177.451
car -1 -1 0.00 0.00 0.00 100.00 100.00 -1000 2.06 6.62 17.64 -1000 21.68 1.63 177.104
car -1 -1 0.00 0.00 0.00 100.00 100.00 -1000 2.55 10.27 9.34 -1000 14.15 1.29 176.047
car -1 -1 0.00 0.00 0.00 100.00 100.00 -1000 2.17 9.37 -5.15 -1000 35.89 1.48 172.121
car -1 -1 0.00 0.00 0.00 100.00 100.00 -1000 1.84 5.20 0.30 -1000 22.21 -0.13 170.399
car -1 -1 0.00 0.00 0.00 100.00 100.00 -1000 2.45 8.64 -2.15 -1000 23.74 1.53 161.026
car -1 -1 0.00 0.00 0.00 100.00 100.00 -1000 2.44 8.19 -11.48 -1000 39.94 1.35 159.695
car -1 -1 0.00 0.00 0.00 100.00 100.00 -1000 3.14 9.29 -2.48 -1000 14.40 1.73 152.971
car -1 -1 0.00 0.00 0.00 100.00 100.00 -1000 2.21 7.27 19.18 -1000 23.46 1.59 151.918
car -1 -1 0.00 0.00 0.00 100.00 100.00 -1000 2.28 9.75 -11.54 -1000 27.04 1.34 149.527
car -1 -1 0.00 0.00 0.00 100.00 100.00 -1000 2.18 8.18 10.30 -1000 12.55 1.37 148.242
car -1 -1 0.00 0.00 0.00 100.00 100.00 -1000 1.96 5.14 -18.73 -1000 24.96 -0.07 147.568
car -1 -1 0.00 0.00 0.00 100.00 100.00 -1000 2.14 6.53 9.49 -1000 16.61 1.53 142.619
car -1 -1 0.00 0.00 0.00 100.00 100.00 -1000 2.34 7.62 -16.57 -1000 20.97 1.63 138.946
car -1 -1 0.00 0.00 0.00 100.00 100.00 -1000 2.53 8.78 11.24 -1000 15.81 1.40 129.322
car -1 -1 0.00 0.00 0.00 100.00 100.00 -1000 2.16 9.69 12.80 -1000 11.69 1.48 126.067
car -1 -1 0.00 0.00 0.00 100.00 100.00 -1000 2.29 8.64 11.76 -1000 21.58 1.63 124.450
car -1 -1 0.00 0.00 0.00 100.00 100.00 -1000 2.23 8.77 -7.93 -1000 35.45 1.44 124.346
car -1 -1 0.00 0.00 0.00 100.00 100.00 -1000 2.20 6.16 -11.05 -1000 17.04 1.66 123.314
car -1 -1 0.00 0.00 0.00 100.00 100.00 -1000 2.38 8.56 -12.81 -1000 35.40 1.51 120.505
car -1 -1 0.00 0.00 0.00 100.00 100.00 -1000 1.99 5.82 2.30 -1000 20.70 1.38 120.089
car -1 -1 0.00 0.00 0.00 100.00 100.00 -1000 2.39 11.43 5.90 -1000 28.65 1.45 117.921
car -1 -1 0.00 0.00 0.00 100.00 100.00 -1000 2.49 9.41 10.23 -1000 19.71 1.55 117.332
car -1 -1 0.00 0.00 0.00 100.00 100.00 -1000 2.39 7.92 6.21 -1000 21.49 1.60 117.116
car -1 -1 0.00 0.00 0.00 100.00 100.00 -1000 1.95 5.80 -14.65 -1000 18.18 1.49 115.117
car -1 -1 0.00 0.00 0.00 100.00 100.00 -1000 1.98 8.73 -7.71 -1000 41.94 1.42 112.314
car -1 -1 0.00 0.00 0.00 100.00 100.00 -1000 2.15 8.84 -6.00 -1000 33.86 1.45 111.558
car -1 -1 0.00 0.00 0.00 100.00 100.00 -1000 2.04 8.20 -6.44 -1000 38.37 1.36 110.439
car -1 -1 0.00 0.00 0.00 100.00 100.00 -1000 2.22 11.89 6.38 -1000 27.44 1.39 108.653
car -1 -1 0.00 0.00 0.00 100.00 100.00 -1000 1.91 5.17 -14.72 -1000 21.63 0.14 107.679
car -1 -1 0.00 0.00 0.00 100.00 100.00 -1000 2.30 7.89 -9.74 -1000 32.73 1.58 107.448
car -1 -1 0.00 0.00 0.00 100.00 100.00 -1000 2.05 9.53 -9.29 -1000 30.71 1.45 106.891
car -1 -1 0.00 0.00 0.00 100.00 100.00 -1000 2.15 8.00 11.56 -1000 9.39 1.49 103.616
car -1 -1 0.00 0.00 0.00 100.00 100.00 -1000 2.32 12.24 -2.79 -1000 28.98 1.40 102.742
car -1 -1 0.00 0.00 0.00 100.00 100.00 -1000 2.39 11.67 14.29 -1000 24.84 1.60 101.309
car -1 -1 0.00 0.00 0.00 100.00 100.00 -1000 2.36 8.69 -5.69 -1000 27.22 1.57 100.915
car -1 -1 0.00 0.00 0.00 100.00 100.00 -1000 2.31 10.24 -10.81 -1000 29.46 1.45 100.348
car -1 -1 0.00 0.00 0.00 100.00 100.00 -1000 2.56 6.68 -7.35 -1000 17.23 1.51 100.009
car -1 -1 0.00 0.00 0.00 100.00 100.00 -1000 2.54 9.81 -14.84 -1000 33.43 1.42 98.114
car -1 -1 0.00 0.00 0.00 100.00 100.00 -1000 2.12 7.59 -7.24 -1000 33.08 1.46 97.761
car -1 -1 0.00 0.00 0.00 100.00 100.00 -1000 2.30 8.66 8.27 -1000 23.94 1.56 97.581
car -1 -1 0.00 0.00 0.00 100.00 100.00 -1000 2.11 13.27 4.65 -1000 29.83 1.37 97.491
car -1 -1 0.00 0.00 0.00 100.00 100.00 -1000 1.78 4.84 -12.66 -1000 22.09 0.17 96.214
car -1 -1 0.00 0.00 0.00 100.00 100.00 -1000 2.35 11.37 -18.48 -1000 35.36 1.45 93.939
car -1 -1 0.00 0.00 0.00 100.00 100.00 -1000 2.67 10.31 -3.40 -1000 25.62 1.57 93.394
car -1 -1 0.00 0.00 0.00 100.00 100.00 -1000 2.05 7.96 16.42 -1000 19.75 1.65 92.871
car -1 -1 0.00 0.00 0.00 100.00 100.00 -1000 2.53 8.65 0.79 -1000 25.88 1.48 92.524
car -1 -1 0.00 0.00 0.00 100.00 100.00 -1000 2.35 7.03 -5.40 -1000 45.99 1.64 91.470
car -1 -1 0.00 0.00 0.00 100.00 100.00 -1000 2.19 7.80 9.49 -1000 8.11 1.46 91.466
car -1 -1 0.00 0.00 0.00 100.00 100.00 -1000 2.33 8.17 7.39 -1000 6.41 1.80 86.020
car -1 -1 0.00 0.00 0.00 100.00 100.00 -1000 2.68 12.15 -18.89 -1000 33.24 1.51 84.003
car -1 -1 0.00 0.00 0.00 100.00 100.00 -1000 2.25 7.86 -6.88 -1000 26.34 1.51 83.804
car -1 -1 0.00 0.00 0.00 100.00 100.00 -1000 1.94 5.24 -11.38 -1000 39.20 0.03 82.888
car -1 -1 0.00 0.00 0.00 100.00 100.00 -1000 2.37 12.71 -18.14 -1000 37.02 1.61 82.233
car -1 -1 0.00 0.00 0.00 100.00 100.00 -1000 2.56 11.10 -13.15 -1000 36.62 1.43 81.451
car -1 -1 0.00 0.00 0.00 100.00 100.00 -1000 2.03 7.31 11.66 -1000 13.35 1.46 81.025
car -1 -1 0.00 0.00 0.00 100.00 100.00 -1000 2.33 9.84 -9.93 -1000 28.09 1.54 80.293
car -1 -1 0.00 0.00 0.00 100.00 100.00 -1000 2.31 8.74 10.36 -1000 22.56 1.62 79.123
car -1 -1 0.00 0.00 0.00 100.00 100.00 -1000 2.53 9.47 8.94 -1000 15.27 1.56 79.050
car -1 -1 0.00 0.00 0.00 100.00 100.00 -1000 2.29 7.30 -11.19 -1000 41.91 1.58 78.920
car -1 -1 0.00 0.00 0.00 100.00 100.00 -1000 2.10 6.89 -13.71 -1000 17.00 1.55 78.616
car -1 -1 0.00 0.00 0.00 100.00 100.00 -1000 2.11 9.03 12.34 -1000 14.46 1.42 78.478
car -1 -1 0.00 0.00 0.00 100.00 100.00 -1000 1.75 5.97 2.32 -1000 16.00 -0.58 77.630
car -1 -1 0.00 0.00 0.00 100.00 100.00 -1000 3.14 17.92 -9.01 -1000 37.44 1.52 77.406
car -1 -1 0.00 0.00 0.00 100.00 100.00 -1000 1.99 8.61 14.22 -1000 17.73 1.48 76.613
car -1 -1 0.00 0.00 0.00 100.00 100.00 -1000 1.75 5.02 -1.24 -1000 17.64 -0.31 76.588
car -1 -1 0.00 0.00 0.00 100.00 100.00 -1000 1.80 4.95 -15.19 -1000 29.88 -0.30 74.821
car -1 -1 0.00 0.00 0.00 100.00 100.00 -1000 2.59 9.65 1.45 -1000 22.60 1.60 73.610
car -1 -1 0.00 0.00 0.00 100.00 100.00 -1000 13.31 84.43 1.20 -1000 7.17 2.68 73.207
car -1 -1 0.00 0.00 0.00 100.00 100.00 -1000 2.18 11.54 -7.67 -1000 31.86 1.53 73.092
car -1 -1 0.00 0.00 0.00 100.00 100.00 -1000 2.44 10.16 19.56 -1000 24.27 1.47 72.394
car -1 -1 0.00 0.00 0.00 100.00 100.00 -1000 2.38 7.61 2.44 -1000 21.56 1.41 72.324
car -1 -1 0.00 0.00 0.00 100.00 100.00 -1000 2.59 7.83 -11.37 -1000 16.14 1.69 72.282
car -1 -1 0.00 0.00 0.00 100.00 100.00 -1000 2.15 10.50 -16.56 -1000 19.78 1.61 71.499
car -1 -1 0.00 0.00 0.00 100.00 100.00 -1000 2.09 7.17 -7.12 -1000 39.98 1.48 70.772
car -1 -1 0.00 0.00 0.00 100.00 100.00 -1000 2.30 12.35 -15.69 -1000 41.84 1.60 70.413
car -1 -1 0.00 0.00 0.00 100.00 100.00 -1000 2.47 9.43 18.13 -1000 22.53 1.52 68.792
car -1 -1 0.00 0.00 0.00 100.00 100.00 -1000 2.26 12.37 -4.91 -1000 40.35 1.39 68.477
car -1 -1 0.00 0.00 0.00 100.00 100.00 -1000 2.52 14.52 -1.42 -1000 30.30 1.55 68.350
