car -1 -1 0.00 0.00 0.00 100.00 100.00 -1000 3.25 10.26 -4.96 -1000 15.35 1.59 999.215
car -1 -1 0.00 0.00 0.00 100.00 100.00 -1000 1.80 4.15 -4.22 -1000 12.38 1.53 998.184
car -1 -1 0.00 0.00 0.00 100.00 100.00 -1000 1.56 3.13 -4.23 -1000 11.47 1.64 992.515
car -1 -1 0.00 0.00 0.00 100.00 100.00 -1000 2.22 8.31 -5.08 -1000 14.03 1.33 977.584
car -1 -1 0.00 0.00 0.00 100.00 100.00 -1000 2.11 6.46 -2.05 -1000 14.26 1.54 972.765
car -1 -1 0.00 0.00 0.00 100.00 100.00 -1000 2.06 5.56 -4.51 -1000 13.19 1.53 964.713
car -1 -1 0.00 0.00 0.00 100.00 100.00 -1000 2.00 5.01 -3.01 -1000 16.52 1.55 956.563
car -1 -1 0.00 0.00 0.00 100.00 100.00 -1000 1.63 3.69 -15.78 -1000 21.72 1.53 943.936
car -1 -1 0.00 0.00 0.00 100.00 100.00 -1000 1.58 3.35 7.81 -1000 13.59 1.64 925.494
car -1 -1 0.00 0.00 0.00 100.00 100.00 -1000 1.88 4.86 0.29 -1000 14.11 1.57 921.508
car -1 -1 0.00 0.00 0.00 100.00 100.00 -1000 1.92 5.27 -2.13 -1000 12.50 1.61 919.910
car -1 -1 0.00 0.00 0.00 100.00 100.00 -1000 2.15 5.86 -1.49 -1000 16.07 1.48 919.255
car -1 -1 0.00 0.00 0.00 100.00 100.00 -1000 1.63 4.21 0.76 -1000 15.41 -0.19 868.134
car -1 -1 0.00 0.00 0.00 100.00 100.00 -1000 2.07 6.25 -0.30 -1000 16.69 1.55 843.637
car -1 -1 0.00 0.00 0.00 100.00 100.00 -1000 2.22 6.89 1.35 -1000 19.02 1.46 823.089
car -1 -1 0.00 0.00 0.00 100.00 100.00 -1000 1.61 3.75 5.79 -1000 7.64 1.62 816.341
car -1 -1 0.00 0.00 0.00 100.00 100.00 -1000 1.86 4.47 8.74 -1000 14.51 1.55 813.311
car -1 -1 0.00 0.00 0.00 100.00 100.00 -1000 2.00 5.62 -1.92 -1000 19.57 1.50 807.359
car -1 -1 0.00 0.00 0.00 100.00 100.00 -1000 1.77 4.42 -4.54 -1000 17.14 1.51 799.441
car -1 -1 0.00 0.00 0.00 100.00 100.00 -1000 1.70 4.00 2.19 -1000 14.32 1.73 791.156
car -1 -1 0.00 0.00 0.00 100.00 100.00 -1000 2.11 6.17 -0.95 -1000 13.27 1.59 769.518
car -1 -1 0.00 0.00 0.00 100.00 100.00 -1000 2.07 6.24 2.40 -1000 15.97 1.54 763.619
car -1 -1 0.00 0.00 0.00 100.00 100.00 -1000 2.18 6.43 5.97 -1000 17.12 1.56 738.925
car -1 -1 0.00 0.00 0.00 100.00 100.00 -1000 1.65 3.84 5.04 -1000 6.52 1.59 737.577
car -1 -1 0.00 0.00 0.00 100.00 100.00 -1000 1.90 5.03 -6.74 -1000 19.92 1.64 735.828
car -1 -1 0.00 0.00 0.00 100.00 100.00 -1000 1.72 4.13 6.24 -1000 13.96 1.54 725.702
car -1 -1 0.00 0.00 0.00 100.00 100.00 -1000 2.02 5.75 -16.42 -1000 22.93 1.58 690.135
car -1 -1 0.00 0.00 0.00 100.00 100.00 -1000 1.94 4.80 3.02 -1000 9.98 1.60 685.503
car -1 -1 0.00 0.00 0.00 100.00 100.00 -1000 1.60 3.40 -3.67 -1000 10.60 1.71 684.231
car -1 -1 0.00 0.00 0.00 100.00 100.00 -1000 2.29 5.86 -2.32 -1000 18.44 1.50 651.998
car -1 -1 0.00 0.00 0.00 100.00 100.00 -1000 2.12 6.17 5.64 -1000 15.51 1.53 639.915
car -1 -1 0.00 0.00 0.00 100.00 100.00 -1000 1.66 4.62 3.17 -1000 18.62 -0.29 634.474
car -1 -1 0.00 0.00 0.00 100.00 100.00 -1000 2.48 9.14 -3.84 -1000 20.75 1.47 634.257
car -1 -1 0.00 0.00 0.00 100.00 100.00 -1000 1.86 4.47 -3.04 -1000 17.61 1.56 633.639
car -1 -1 0.00 0.00 0.00 100.00 100.00 -1000 2.08 5.87 4.97 -1000 11.04 1.62 632.204
car -1 -1 0.00 0.00 0.00 100.00 100.00 -1000 3.04 8.95 -5.13 -1000 16.57 1.48 627.047
car -1 -1 0.00 0.00 0.00 100.00 100.00 -1000 1.54 3.39 -17.21 -1000 21.80 1.57 621.901
car -1 -1 0.00 0.00 0.00 100.00 100.00 -1000 1.98 5.65 2.68 -1000 19.59 1.49 621.218
car -1 -1 0.00 0.00 0.00 100.00 100.00 -1000 1.86 4.41 -5.42 -1000 11.81 1.51 615.481
car -1 -1 0.00 0.00 0.00 100.00 100.00 -1000 2.19 6.76 8.51 -1000 15.09 1.53 612.388
car -1 -1 0.00 0.00 0.00 100.00 100.00 -1000 2.36 8.04 0.13 -1000 18.25 1.53 606.593
car -1 -1 0.00 0.00 0.00 100.00 100.00 -1000 2.13 5.33 -0.33 -1000 12.16 1.77 590.313
car -1 -1 0.00 0.00 0.00 100.00 100.00 -1000 1.60 3.84 6.80 -1000 12.89 -0.08 583.437
car -1 -1 0.00 0.00 0.00 100.00 100.00 -1000 1.95 5.32 5.73 -1000 8.26 1.53 553.241
car -1 -1 0.00 0.00 0.00 100.00 100.00 -1000 1.93 5.36 0.90 -1000 19.88 1.55 551.756
car -1 -1 0.00 0.00 0.00 100.00 100.00 -1000 2.86 8.82 3.72 -1000 10.33 1.99 545.402
car -1 -1 0.00 0.00 0.00 100.00 100.00 -1000 1.67 3.84 -17.99 -1000 26.52 1.57 533.443
car -1 -1 0.00 0.00 0.00 100.00 100.00 -1000 2.29 7.19 6.30 -1000 18.89 1.56 529.868
car -1 -1 0.00 0.00 0.00 100.00 100.00 -1000 1.76 4.42 9.25 -1000 13.41 1.64 528.272
car -1 -1 0.00 0.00 0.00 100.00 100.00 -1000 1.67 3.92 2.13 -1000 12.90 1.56 527.472
car -1 -1 0.00 0.00 0.00 100.00 100.00 -1000 2.88 9.73 5.43 -1000 6.49 2.06 517.507
car -1 -1 0.00 0.00 0.00 100.00 100.00 -1000 2.16 6.13 5.22 -1000 18.08 1.63 510.462
car -1 -1 0.00 0.00 0.00 100.00 100.00 -1000 2.61 12.55 -15.49 -1000 24.68 1.28 498.177
car -1 -1 0.00 0.00 0.00 100.00 100.00 -1000 1.91 4.97 4.87 -1000 14.34 1.62 491.469
car -1 -1 0.00 0.00 0.00 100.00 100.00 -1000 3.65 14.83 1.09 -1000 17.26 1.42 482.829
car -1 -1 0.00 0.00 0.00 100.00 100.00 -1000 2.49 10.53 1.84 -1000 23.28 1.45 480.315
car -1 -1 0.00 0.00 0.00 100.00 100.00 -1000 1.73 4.05 -18.26 -1000 22.65 1.58 476.201
car -1 -1 0.00 0.00 0.00 100.00 100.00 -1000 1.54 3.76 1.45 -1000 13.65 -0.18 464.309
car -1 -1 0.00 0.00 0.00 100.00 100.00 -1000 2.75 10.60 -16.44 -1000 23.56 1.50 445.123
car -1 -1 0.00 0.00 0.00 100.00 100.00 -1000 2.28 9.15 10.58 -1000 17.45 1.37 438.212
car -1 -1 0.00 0.00 0.00 100.00 100.00 -1000 2.04 5.20 4.29 -1000 5.72 1.70 434.533
car -1 -1 0.00 0.00 0.00 100.00 100.00 -1000 1.90 5.30 -5.54 -1000 19.31 1.61 424.110
car -1 -1 0.00 0.00 0.00 100.00 100.00 -1000 1.97 5.55 -14.29 -1000 26.98 1.56 420.619
car -1 -1 0.00 0.00 0.00 100.00 100.00 -1000 1.60 3.85 15.09 -1000 19.17 0.03 411.438
car -1 -1 0.00 0.00 0.00 100.00 100.00 -1000 2.12 5.78 -3.01 -1000 11.70 1.89 395.859
car -1 -1 0.00 0.00 0.00 100.00 100.00 -1000 2.47 8.22 3.79 -1000 16.78 1.45 387.895
car -1 -1 0.00 0.00 0.00 100.00 100.00 -1000 2.21 7.21 -4.26 -1000 19.89 1.49 379.011
car -1 -1 0.00 0.00 0.00 100.00 100.00 -1000 1.58 3.75 -7.72 -1000 19.35 -0.09 375.083
car -1 -1 0.00 0.00 0.00 100.00 100.00 -1000 1.99 6.32 -14.56 -1000 22.45 1.53 367.383
car -1 -1 0.00 0.00 0.00 100.00 100.00 -1000 2.21 8.58 -12.12 -1000 24.53 1.39 362.056
car -1 -1 0.00 0.00 0.00 100.00 100.00 -1000 2.00 5.81 -8.02 -1000 20.43 1.47 361.957
car -1 -1 0.00 0.00 0.00 100.00 100.00 -1000 2.16 4.55 -6.73 -1000 12.18 1.56 361.534
car -1 -1 0.00 0.00 0.00 100.00 100.00 -1000 2.28 8.11 -4.54 -1000 23.18 1.53 351.828
car -1 -1 0.00 0.00 0.00 100.00 100.00 -1000 1.97 5.22 3.51 -1000 15.34 1.57 349.056
car -1 -1 0.00 0.00 0.00 100.00 100.00 -1000 2.22 6.18 -5.97 -1000 17.58 1.52 342.672
car -1 -1 0.00 0.00 0.00 100.00 100.00 -1000 2.47 10.08 -11.92 -1000 23.34 1.40 335.714
car -1 -1 0.00 0.00 0.00 100.00 100.00 -1000 2.23 6.91 6.54 -1000 13.49 1.54 327.335
car -1 -1 0.00 0.00 0.00 100.00 100.00 -1000 2.31 7.61 5.01 -1000 19.68 1.55 326.385
car -1 -1 0.00 0.00 0.00 100.00 100.00 -1000 2.10 5.74 -6.28 -1000 18.55 1.59 323.539
car -1 -1 0.00 0.00 0.00 100.00 100.00 -1000 2.74 11.16 8.37 -1000 15.61 1.50 316.489
car -1 -1 0.00 0.00 0.00 100.00 100.00 -1000 2.42 9.46 -3.84 -1000 22.02 1.43 315.310
car -1 -1 0.00 0.00 0.00 100.00 100.00 -1000 2.18 6.49 -18.16 -1000 27.09 1.52 314.622
car -1 -1 0.00 0.00 0.00 100.00 100.00 -1000 1.86 4.59 -15.82 -1000 20.95 -0.09 299.274
car -1 -1 0.00 0.00 0.00 100.00 100.00 -1000 2.55 6.80 -3.43 -1000 10.43 1.89 296.713
car -1 -1 0.00 0.00 0.00 100.00 100.00 -1000 1.91 5.74 15.37 -1000 19.72 1.64 287.193
car -1 -1 0.00 0.00 0.00 100.00 100.00 -1000 2.39 7.47 -1.33 -1000 20.39 1.51 275.160
car -1 -1 0.00 0.00 0.00 100.00 100.00 -1000 2.24 9.28 8.81 -1000 22.12 1.38 273.632
car -1 -1 0.00 0.00 0.00 100.00 100.00 -1000 1.99 6.39 -13.49 -1000 21.68 1.50 262.571
car -1 -1 0.00 0.00 0.00 100.00 100.00 -1000 2.10 6.07 -17.64 -1000 25.86 1.64 262.370
car -1 -1 0.00 0.00 0.00 100.00 100.00 -1000 2.21 6.34 3.73 -1000 13.74 1.58 261.060
car -1 -1 0.00 0.00 0.00 100.00 100.00 -1000 2.57 10.58 8.47 -1000 16.79 1.41 257.427
car -1 -1 0.00 0.00 0.00 100.00 100.00 -1000 2.50 9.83 7.82 -1000 18.07 1.44 256.093
car -1 -1 0.00 0.00 0.00 100.00 100.00 -1000 2.24 10.25 1.17 -1000 24.43 1.46 252.670
car -1 -1 0.00 0.00 0.00 100.00 100.00 -1000 2.29 9.11 -13.18 -1000 25.41 1.38 251.470
car -1 -1 0.00 0.00 0.00 100.00 100.00 -1000 4.23 18.28 4.84 -1000 5.76 2.32 249.439
car -1 -1 0.00 0.00 0.00 100.00 100.00 -1000 3.24 10.80 -4.70 -1000 13.04 1.62 247.853
car -1 -1 0.00 0.00 0.00 100.00 100.00 -1000 1.73 4.77 6.57 -1000 7.01 1.65 245.613
car -1 -1 0.00 0.00 0.00 100.00 100.00 -1000 2.49 8.92 2.72 -1000 20.34 1.50 233.654
car -1 -1 0.00 0.00 0.00 100.00 100.00 -1000 3.02 8.84 2.30 -1000 11.76 1.87 232.641
car -1 -1 0.00 0.00 0.00 100.00 100.00 -1000 2.46 8.45 2.13 -1000 17.62 1.57 224.000
car -1 -1 0.00 0.00 0.00 100.00 100.00 -1000 2.46 7.60 -8.39 -1000 15.73 1.44 217.412
car -1 -1 0.00 0.00 0.00 100.00 100.00 -1000 2.32 9.34 5.58 -1000 23.24 1.53 213.096
car -1 -1 0.00 0.00 0.00 100.00 100.00 -1000 2.38 7.67 10.47 -1000 14.03 1.56 212.649
car -1 -1 0.00 0.00 0.00 100.00 100.00 -1000 1.98 5.35 8.53 -1000 12.70 1.60 208.807
car -1 -1 0.00 0.00 0.00 100.00 100.00 -1000 2.43 8.67 6.05 -1000 8.73 1.60 192.089
car -1 -1 0.00 0.00 0.00 100.00 100.00 -1000 2.31 7.22 -1.30 -1000 22.45 1.45 185.886
car -1 -1 0.00 0.00 0.00 100.00 100.00 -1000 2.39 7.79 -14.96 -1000 26.28 1.44 172.367
car -1 -1 0.00 0.00 0.00 100.00 100.00 -1000 2.24 6.89 5.53 -1000 12.49 1.49 170.554
car -1 -1 0.00 0.00 0.00 100.00 100.00 -1000 2.41 8.18 -14.08 -1000 27.67 1.51 168.548
car -1 -1 0.00 0.00 0.00 100.00 100.00 -1000 2.37 7.26 3.84 -1000 4.88 1.76 166.018
car -1 -1 0.00 0.00 0.00 100.00 100.00 -1000 2.79 12.27 -11.53 -1000 22.07 1.43 165.574
car -1 -1 0.00 0.00 0.00 100.00 100.00 -1000 1.97 4.98 -18.47 -1000 21.45 1.59 161.736
car -1 -1 0.00 0.00 0.00 100.00 100.00 -1000 2.78 7.37 -5.65 -1000 11.44 1.84 161.260
car -1 -1 0.00 0.00 0.00 100.00 100.00 -1000 2.16 6.11 10.53 -1000 12.94 1.62 159.817
car -1 -1 0.00 0.00 0.00 100.00 100.00 -1000 2.46 9.11 -2.18 -1000 23.70 1.49 158.829
car -1 -1 0.00 0.00 0.00 100.00 100.00 -1000 2.47 11.12 8.46 -1000 20.59 1.34 156.580
car -1 -1 0.00 0.00 0.00 100.00 100.00 -1000 1.90 5.55 16.22 -1000 18.67 1.59 153.133
car -1 -1 0.00 0.00 0.00 100.00 100.00 -1000 1.96 4.40 2.44 -1000 9.12 1.71 144.729
car -1 -1 0.00 0.00 0.00 100.00 100.00 -1000 2.77 8.49 3.03 -1000 9.24 1.97 142.070
car -1 -1 0.00 0.00 0.00 100.00 100.00 -1000 2.40 10.60 12.02 -1000 16.18 1.45 138.356
car -1 -1 0.00 0.00 0.00 100.00 100.00 -1000 2.55 10.79 9.02 -1000 19.33 1.43 137.451
car -1 -1 0.00 0.00 0.00 100.00 100.00 -1000 2.11 9.49 10.02 -1000 22.99 1.54 129.326
car -1 -1 0.00 0.00 0.00 100.00 100.00 -1000 2.13 9.36 -11.40 -1000 28.99 1.44 127.855
car -1 -1 0.00 0.00 0.00 100.00 100.00 -1000 6.41 35.80 5.05 -1000 5.77 2.59 126.750
car -1 -1 0.00 0.00 0.00 100.00 100.00 -1000 1.98 6.41 7.97 -1000 6.50 1.53 122.446
car -1 -1 0.00 0.00 0.00 100.00 100.00 -1000 2.07 8.36 14.62 -1000 14.48 1.46 122.242
car -1 -1 0.00 0.00 0.00 100.00 100.00 -1000 2.47 7.66 -15.13 -1000 19.75 1.58 121.620
car -1 -1 0.00 0.00 0.00 100.00 100.00 -1000 2.09 7.86 -10.50 -1000 28.12 1.52 119.285
car -1 -1 0.00 0.00 0.00 100.00 100.00 -1000 2.16 7.75 8.06 -1000 7.62 1.51 119.075
car -1 -1 0.00 0.00 0.00 100.00 100.00 -1000 2.43 8.91 7.07 -1000 10.26 1.42 117.437
car -1 -1 0.00 0.00 0.00 100.00 100.00 -1000 2.16 7.15 0.45 -1000 32.97 1.62 116.019
car -1 -1 0.00 0.00 0.00 100.00 100.00 -1000 3.03 13.88 7.36 -1000 11.00 1.67 113.458
car -1 -1 0.00 0.00 0.00 100.00 100.00 -1000 2.58 8.87 -1.29 -1000 17.48 1.69 112.566
car -1 -1 0.00 0.00 0.00 100.00 100.00 -1000 3.04 8.68 -7.91 -1000 14.37 1.38 111.063
car -1 -1 0.00 0.00 0.00 100.00 100.00 -1000 2.23 6.96 -8.40 -1000 19.42 1.47 110.238
car -1 -1 0.00 0.00 0.00 100.00 100.00 -1000 2.01 5.87 14.51 -1000 18.28 1.48 109.894
car -1 -1 0.00 0.00 0.00 100.00 100.00 -1000 2.93 9.57 -11.75 -1000 16.22 1.58 109.792
car -1 -1 0.00 0.00 0.00 100.00 100.00 -1000 6.22 29.19 4.06 -1000 10.60 2.67 107.364
car -1 -1 0.00 0.00 0.00 100.00 100.00 -1000 2.20 9.53 -16.64 -1000 30.52 1.60 105.725
car -1 -1 0.00 0.00 0.00 100.00 100.00 -1000 2.07 6.86 7.02 -1000 5.73 1.54 105.711
car -1 -1 0.00 0.00 0.00 100.00 100.00 -1000 2.35 8.44 -12.33 -1000 20.85 1.51 104.059
car -1 -1 0.00 0.00 0.00 100.00 100.00 -1000 2.23 8.83 10.30 -1000 21.31 1.42 103.712
car -1 -1 0.00 0.00 0.00 100.00 100.00 -1000 2.52 9.65 15.28 -1000 20.34 1.49 103.656
car -1 -1 0.00 0.00 0.00 100.00 100.00 -1000 2.30 8.68 -8.34 -1000 23.22 1.55 101.294
car -1 -1 0.00 0.00 0.00 100.00 100.00 -1000 2.18 9.78 4.11 -1000 24.06 1.61 100.086
car -1 -1 0.00 0.00 0.00 100.00 100.00 -1000 1.90 7.82 14.67 -1000 15.75 1.42 99.493
car -1 -1 0.00 0.00 0.00 100.00 100.00 -1000 2.09 7.63 11.73 -1000 18.25 1.39 98.724
car -1 -1 0.00 0.00 0.00 100.00 100.00 -1000 2.47 9.71 -9.14 -1000 21.28 1.45 98.233
car -1 -1 0.00 0.00 0.00 100.00 100.00 -1000 1.94 8.91 -9.81 -1000 26.61 1.39 97.906
car -1 -1 0.00 0.00 0.00 100.00 100.00 -1000 2.27 7.45 -18.80 -1000 22.50 1.57 97.739
car -1 -1 0.00 0.00 0.00 100.00 100.00 -1000 1.97 7.49 3.47 -1000 28.98 1.48 94.626
car -1 -1 0.00 0.00 0.00 100.00 100.00 -1000 2.27 7.24 3.97 -1000 41.61 1.52 94.292
car -1 -1 0.00 0.00 0.00 100.00 100.00 -1000 2.84 11.70 -1.11 -1000 21.41 1.59 93.503
car -1 -1 0.00 0.00 0.00 100.00 100.00 -1000 2.13 9.64 -9.84 -1000 25.45 1.56 92.322
car -1 -1 0.00 0.00 0.00 100.00 100.00 -1000 2.90 10.06 -7.13 -1000 18.09 1.48 92.060
car -1 -1 0.00 0.00 0.00 100.00 100.00 -1000 2.01 9.96 -5.59 -1000 24.18 1.40 91.823
car -1 -1 0.00 0.00 0.00 100.00 100.00 -1000 2.20 9.20 14.69 -1000 17.38 1.61 91.231
car -1 -1 0.00 0.00 0.00 100.00 100.00 -1000 2.53 9.15 -18.18 -1000 27.86 1.56 89.061
car -1 -1 0.00 0.00 0.00 100.00 100.00 -1000 2.78 12.89 1.59 -1000 22.08 1.42 87.865
car -1 -1 0.00 0.00 0.00 100.00 100.00 -1000 2.21 10.07 -9.56 -1000 24.06 1.61 87.759
car -1 -1 0.00 0.00 0.00 100.00 100.00 -1000 2.73 12.55 11.58 -1000 14.95 1.50 87.562
car -1 -1 0.00 0.00 0.00 100.00 100.00 -1000 1.98 8.85 15.60 -1000 16.53 1.55 87.461
car -1 -1 0.00 0.00 0.00 100.00 100.00 -1000 1.89 7.40 9.71 -1000 8.55 1.43 86.069
car -1 -1 0.00 0.00 0.00 100.00 100.00 -1000 1.97 8.76 5.31 -1000 3.63 1.57 84.794
car -1 -1 0.00 0.00 0.00 100.00 100.00 -1000 2.39 9.55 -15.19 -1000 29.68 1.52 84.416
car -1 -1 0.00 0.00 0.00 100.00 100.00 -1000 2.02 8.73 14.63 -1000 12.87 1.45 83.663
car -1 -1 0.00 0.00 0.00 100.00 100.00 -1000 1.98 9.12 17.73 -1000 21.73 1.42 79.088
car -1 -1 0.00 0.00 0.00 100.00 100.00 -1000 2.62 15.93 7.83 -1000 9.33 1.51 74.375
car -1 -1 0.00 0.00 0.00 100.00 100.00 -1000 2.66 10.40 -11.41 -1000 18.07 1.48 73.120
car -1 -1 0.00 0.00 0.00 100.00 100.00 -1000 2.00 9.54 3.12 -1000 33.88 1.43 72.860
car -1 -1 0.00 0.00 0.00 100.00 100.00 -1000 2.04 9.83 11.51 -1000 9.24 1.55 72.785
car -1 -1 0.00 0.00 0.00 100.00 100.00 -1000 2.33 7.69 -14.68 -1000 18.55 1.55 69.276
car -1 -1 0.00 0.00 0.00 100.00 100.00 -1000 2.12 7.62 13.69 -1000 12.00 1.47 67.239
car -1 -1 0.00 0.00 0.00 100.00 100.00 -1000 2.04 9.33 3.63 -1000 27.04 1.58 66.881
car -1 -1 0.00 0.00 0.00 100.00 100.00 -1000 2.11 7.72 16.95 -1000 17.82 1.54 66.806
car -1 -1 0.00 0.00 0.00 100.00 100.00 -1000 2.14 9.24 0.56 -1000 34.49 1.64 66.348
car -1 -1 0.00 0.00 0.00 100.00 100.00 -1000 2.35 8.45 7.34 -1000 4.81 1.53 65.366
car -1 -1 0.00 0.00 0.00 100.00 100.00 -1000 2.33 8.95 13.34 -1000 19.03 1.57 65.324
car -1 -1 0.00 0.00 0.00 100.00 100.00 -1000 2.02 9.38 3.19 -1000 32.25 1.43 65.061
car -1 -1 0.00 0.00 0.00 100.00 100.00 -1000 4.74 15.78 -2.01 -1000 10.60 2.41 64.100
car -1 -1 0.00 0.00 0.00 100.00 100.00 -1000 2.11 10.30 -11.42 -1000 30.09 1.48 63.669
car -1 -1 0.00 0.00 0.00 100.00 100.00 -1000 2.08 10.41 0.48 -1000 30.21 1.59 63.647
car -1 -1 0.00 0.00 0.00 100.00 100.00 -1000 2.69 8.71 -18.39 -1000 20.94 1.63 62.347
car -1 -1 0.00 0.00 0.00 100.00 100.00 -1000 2.27 9.05 17.77 -1000 19.31 1.52 62.281
car -1 -1 0.00 0.00 0.00 100.00 100.00 -1000 2.18 6.58 0.10 -1000 31.98 1.46 61.878
car -1 -1 0.00 0.00 0.00 100.00 100.00 -1000 2.69 10.49 -9.94 -1000 20.04 1.50 61.843
car -1 -1 0.00 0.00 0.00 100.00 100.00 -1000 2.10 10.08 -7.33 -1000 24.86 1.64 61.351
car -1 -1 0.00 0.00 0.00 100.00 100.00 -1000 1.93 10.60 7.67 -1000 24.24 1.36 61.330
car -1 -1 0.00 0.00 0.00 100.00 100.00 -1000 1.99 8.66 9.93 -1000 5.96 1.46 61.304
car -1 -1 0.00 0.00 0.00 100.00 100.00 -1000 2.09 8.70 10.77 -1000 7.05 1.63 61.065
car -1 -1 0.00 0.00 0.00 100.00 100.00 -1000 2.11 9.77 3.96 -1000 30.53 1.62 60.841
car -1 -1 0.00 0.00 0.00 100.00 100.00 -1000 2.61 10.93 -6.73 -1000 22.46 1.46 60.405
car -1 -1 0.00 0.00 0.00 100.00 100.00 -1000 2.25 8.53 0.29 -1000 31.08 1.61 60.111
car -1 -1 0.00 0.00 0.00 100.00 100.00 -1000 2.12 9.00 -2.92 -1000 24.63 1.54 59.050
car -1 -1 0.00 0.00 0.00 100.00 100.00 -1000 1.92 10.47 6.04 -1000 25.86 1.36 58.742
car -1 -1 0.00 0.00 0.00 100.00 100.00 -1000 2.56 7.60 4.02 -1000 40.37 1.61 58.542
car -1 -1 0.00 0.00 0.00 100.00 100.00 -1000 2.19 9.08 12.57 -1000 22.21 1.52 57.902
car -1 -1 0.00 0.00 0.00 100.00 100.00 -1000 2.02 9.38 5.04 -1000 39.13 1.59 57.661
car -1 -1 0.00 0.00 0.00 100.00 100.00 -1000 2.14 5.00 2.43 -1000 12.00 1.61 57.641
car -1 -1 0.00 0.00 0.00 100.00 100.00 -1000 2.23 7.16 10.96 -1000 11.76 1.49 57.325
car -1 -1 0.00 0.00 0.00 100.00 100.00 -1000 1.95 9.95 -19.69 -1000 32.30 1.41 57.254
car -1 -1 0.00 0.00 0.00 100.00 100.00 -1000 3.64 15.08 -7.21 -1000 17.11 1.59 56.899
car -1 -1 0.00 0.00 0.00 100.00 100.00 -1000 1.95 10.13 -19.72 -1000 1.65 1.40 56.094
car -1 -1 0.00 0.00 0.00 100.00 100.00 -1000 1.86 9.74 6.10 -1000 27.47 1.37 56.055
car -1 -1 0.00 0.00 0.00 100.00 100.00 -1000 2.01 8.81 11.93 -1000 46.47 1.56 55.795
car -1 -1 0.00 0.00 0.00 100.00 100.00 -1000 2.13 9.99 0.87 -1000 42.57 1.66 55.741
car -1 -1 0.00 0.00 0.00 100.00 100.00 -1000 1.80 5.34 7.55 -1000 17.63 -0.32 55.680
car -1 -1 0.00 0.00 0.00 100.00 100.00 -1000 2.02 11.41 15.82 -1000 22.62 1.36 54.810
car -1 -1 0.00 0.00 0.00 100.00 100.00 -1000 1.94 9.94 -19.68 -1000 33.91 1.42 54.774
car -1 -1 0.00 0.00 0.00 100.00 100.00 -1000 2.08 9.99 5.59 -1000 24.85 1.66 54.152
car -1 -1 0.00 0.00 0.00 100.00 100.00 -1000 2.08 9.93 -0.79 -1000 41.81 1.64 54.036
car -1 -1 0.00 0.00 0.00 100.00 100.00 -1000 1.94 9.93 -19.68 -1000 3.26 1.42 53.757
car -1 -1 0.00 0.00 0.00 100.00 100.00 -1000 1.94 10.71 2.85 -1000 35.54 1.40 53.568
car -1 -1 0.00 0.00 0.00 100.00 100.00 -1000 2.17 10.79 2.33 -1000 43.45 1.64 53.430
car -1 -1 0.00 0.00 0.00 100.00 100.00 -1000 2.08 6.87 3.47 -1000 27.92 1.45 53.251
car -1 -1 0.00 0.00 0.00 100.00 100.00 -1000 3.06 16.54 7.62 -1000 21.40 1.40 53.154
car -1 -1 0.00 0.00 0.00 100.00 100.00 -1000 2.10 10.10 15.33 -1000 11.17 1.64 53.072
car -1 -1 0.00 0.00 0.00 100.00 100.00 -1000 1.76 8.61 4.84 -1000 2.44 1.43 52.703
car -1 -1 0.00 0.00 0.00 100.00 100.00 -1000 2.48 9.66 13.29 -1000 13.63 1.50 52.163
car -1 -1 0.00 0.00 0.00 100.00 100.00 -1000 2.10 10.21 0.73 -1000 45.06 1.64 52.155
car -1 -1 0.00 0.00 0.00 100.00 100.00 -1000 1.95 10.04 6.18 -1000 41.14 1.38 51.916
car -1 -1 0.00 0.00 0.00 100.00 100.00 -1000 1.84 8.54 5.00 -1000 37.90 1.46 51.431
car -1 -1 0.00 0.00 0.00 100.00 100.00 -1000 1.94 10.01 -19.67 -1000 35.53 1.42 51.382
car -1 -1 0.00 0.00 0.00 100.00 100.00 -1000 2.30 9.87 18.97 -1000 20.95 1.49 51.335
car -1 -1 0.00 0.00 0.00 100.00 100.00 -1000 2.09 10.04 -18.64 -1000 31.28 1.66 51.254
car -1 -1 0.00 0.00 0.00 100.00 100.00 -1000 1.97 10.23 -19.68 -1000 43.60 1.42 50.755
car -1 -1 0.00 0.00 0.00 100.00 100.00 -1000 1.93 9.69 3.22 -1000 25.31 1.41 50.724
car -1 -1 0.00 0.00 0.00 100.00 100.00 -1000 1.94 9.98 -19.70 -1000 45.22 1.41 50.684
car -1 -1 0.00 0.00 0.00 100.00 100.00 -1000 1.90 10.60 4.41 -1000 45.24 1.36 50.634
car -1 -1 0.00 0.00 0.00 100.00 100.00 -1000 1.94 9.99 -19.67 -1000 4.88 1.42 50.593
car -1 -1 0.00 0.00 0.00 100.00 100.00 -1000 2.11 10.49 7.16 -1000 1.51 1.64 50.107
car -1 -1 0.00 0.00 0.00 100.00 100.00 -1000 1.97 10.36 -19.72 -1000 14.57 1.41 50.082
car -1 -1 0.00 0.00 0.00 100.00 100.00 -1000 2.06 9.64 -3.23 -1000 33.58 1.56 50.061
