car -1 -1 0.00 0.00 0.00 100.00 100.00 -1000 1.60 3.38 2.97 -1000 11.55 1.68 999.614
car -1 -1 0.00 0.00 0.00 100.00 100.00 -1000 1.65 3.88 2.87 -1000 36.88 1.64 998.245
car -1 -1 0.00 0.00 0.00 100.00 100.00 -1000 1.62 3.56 -0.27 -1000 28.26 1.66 997.716
car -1 -1 0.00 0.00 0.00 100.00 100.00 -1000 1.80 4.41 2.95 -1000 12.28 1.59 997.089
car -1 -1 0.00 0.00 0.00 100.00 100.00 -1000 1.71 4.38 2.40 -1000 36.15 0.09 996.518
car -1 -1 0.00 0.00 0.00 100.00 100.00 -1000 1.62 3.28 1.17 -1000 36.57 1.59 992.404
car -1 -1 0.00 0.00 0.00 100.00 100.00 -1000 1.65 4.05 -0.55 -1000 27.49 0.02 987.076
car -1 -1 0.00 0.00 0.00 100.00 100.00 -1000 1.58 3.64 2.73 -1000 20.14 1.62 985.527
car -1 -1 0.00 0.00 0.00 100.00 100.00 -1000 1.64 4.21 2.95 -1000 10.76 -0.14 984.278
car -1 -1 0.00 0.00 0.00 100.00 100.00 -1000 1.66 3.88 2.09 -1000 42.29 1.63 983.388
car -1 -1 0.00 0.00 0.00 100.00 100.00 -1000 1.75 4.37 2.09 -1000 37.47 1.59 964.312
car -1 -1 0.00 0.00 0.00 100.00 100.00 -1000 1.65 3.79 -16.69 -1000 30.18 1.54 963.814
car -1 -1 0.00 0.00 0.00 100.00 100.00 -1000 1.93 5.38 -0.37 -1000 29.14 1.52 961.546
car -1 -1 0.00 0.00 0.00 100.00 100.00 -1000 1.57 3.45 1.83 -1000 47.83 1.62 961.066
car -1 -1 0.00 0.00 0.00 100.00 100.00 -1000 2.47 7.75 3.43 -1000 13.08 1.75 948.424
car -1 -1 0.00 0.00 0.00 100.00 100.00 -1000 2.99 12.90 2.86 -1000 14.07 1.42 946.460
car -1 -1 0.00 0.00 0.00 100.00 100.00 -1000 1.62 3.78 -8.62 -1000 30.91 1.60 941.008
car -1 -1 0.00 0.00 0.00 100.00 100.00 -1000 2.64 10.74 1.52 -1000 39.27 1.42 936.264
car -1 -1 0.00 0.00 0.00 100.00 100.00 -1000 1.60 3.77 4.39 -1000 11.43 1.79 933.121
car -1 -1 0.00 0.00 0.00 100.00 100.00 -1000 1.68 4.06 1.02 -1000 35.80 0.05 930.729
car -1 -1 0.00 0.00 0.00 100.00 100.00 -1000 2.48 10.26 -0.80 -1000 30.96 1.34 926.811
car -1 -1 0.00 0.00 0.00 100.00 100.00 -1000 1.74 4.41 6.26 -1000 11.00 1.63 919.680
car -1 -1 0.00 0.00 0.00 100.00 100.00 -1000 1.66 4.10 1.43 -1000 41.28 -0.06 911.619
car -1 -1 0.00 0.00 0.00 100.00 100.00 -1000 2.44 7.31 3.00 -1000 11.44 1.82 901.308
car -1 -1 0.00 0.00 0.00 100.00 100.00 -1000 2.28 6.20 2.29 -1000 40.15 1.50 897.516
car -1 -1 0.00 0.00 0.00 100.00 100.00 -1000 2.01 5.38 -1.10 -1000 38.47 1.54 895.257
car -1 -1 0.00 0.00 0.00 100.00 100.00 -1000 2.03 6.08 5.13 -1000 12.08 1.61 861.204
car -1 -1 0.00 0.00 0.00 100.00 100.00 -1000 1.85 5.23 2.79 -1000 21.12 1.55 861.036
car -1 -1 0.00 0.00 0.00 100.00 100.00 -1000 1.59 3.52 10.39 -1000 12.97 1.71 857.282
car -1 -1 0.00 0.00 0.00 100.00 100.00 -1000 1.61 3.77 -15.90 -1000 29.26 0.02 841.659
car -1 -1 0.00 0.00 0.00 100.00 100.00 -1000 1.54 3.72 3.47 -1000 35.64 -0.31 837.217
car -1 -1 0.00 0.00 0.00 100.00 100.00 -1000 1.72 4.08 2.54 -1000 19.27 0.02 832.790
car -1 -1 0.00 0.00 0.00 100.00 100.00 -1000 1.66 4.19 4.49 -1000 10.27 0.00 827.949
car -1 -1 0.00 0.00 0.00 100.00 100.00 -1000 2.18 7.05 2.54 -1000 38.21 1.56 825.816
car -1 -1 0.00 0.00 0.00 100.00 100.00 -1000 1.64 4.33 6.13 -1000 10.05 -0.06 824.227
car -1 -1 0.00 0.00 0.00 100.00 100.00 -1000 1.86 4.83 0.09 -1000 37.87 1.55 810.895
car -1 -1 0.00 0.00 0.00 100.00 100.00 -1000 1.60 3.64 0.45 -1000 37.13 1.46 808.031
car -1 -1 0.00 0.00 0.00 100.00 100.00 -1000 1.96 5.15 -7.71 -1000 33.06 1.58 806.335
car -1 -1 0.00 0.00 0.00 100.00 100.00 -1000 2.89 10.81 2.52 -1000 40.65 1.42 799.323
car -1 -1 0.00 0.00 0.00 100.00 100.00 -1000 1.75 5.14 -0.51 -1000 26.77 1.59 773.599
car -1 -1 0.00 0.00 0.00 100.00 100.00 -1000 1.80 4.62 -8.84 -1000 31.74 1.66 773.009
car -1 -1 0.00 0.00 0.00 100.00 100.00 -1000 1.70 4.08 0.97 -1000 27.71 1.72 771.299
car -1 -1 0.00 0.00 0.00 100.00 100.00 -1000 1.72 4.23 2.42 -1000 33.83 1.57 767.577
car -1 -1 0.00 0.00 0.00 100.00 100.00 -1000 1.60 3.89 -11.25 -1000 45.56 1.57 767.562
car -1 -1 0.00 0.00 0.00 100.00 100.00 -1000 1.98 5.99 1.54 -1000 28.48 1.55 765.596
car -1 -1 0.00 0.00 0.00 100.00 100.00 -1000 1.83 4.52 -8.83 -1000 29.83 -0.04 762.645
car -1 -1 0.00 0.00 0.00 100.00 100.00 -1000 1.74 4.26 -16.75 -1000 31.06 1.53 755.518
car -1 -1 0.00 0.00 0.00 100.00 100.00 -1000 2.22 7.04 -3.65 -1000 30.53 1.52 753.955
car -1 -1 0.00 0.00 0.00 100.00 100.00 -1000 2.73 10.18 4.23 -1000 15.67 1.46 748.847
car -1 -1 0.00 0.00 0.00 100.00 100.00 -1000 2.28 8.96 0.04 -1000 30.00 1.39 741.138
car -1 -1 0.00 0.00 0.00 100.00 100.00 -1000 2.23 7.26 -1.42 -1000 39.36 1.51 717.759
car -1 -1 0.00 0.00 0.00 100.00 100.00 -1000 1.75 4.39 3.08 -1000 41.70 1.67 663.360
car -1 -1 0.00 0.00 0.00 100.00 100.00 -1000 1.71 4.25 -15.29 -1000 30.49 1.62 654.665
car -1 -1 0.00 0.00 0.00 100.00 100.00 -1000 2.73 12.93 3.53 -1000 38.40 1.35 640.473
car -1 -1 0.00 0.00 0.00 100.00 100.00 -1000 1.75 4.37 1.85 -1000 47.12 -0.07 636.942
car -1 -1 0.00 0.00 0.00 100.00 100.00 -1000 1.61 3.81 9.47 -1000 12.33 -0.18 584.506
car -1 -1 0.00 0.00 0.00 100.00 100.00 -1000 2.12 6.32 3.00 -1000 43.09 1.51 573.998
car -1 -1 0.00 0.00 0.00 100.00 100.00 -1000 2.39 7.08 6.59 -1000 9.51 1.66 553.998
car -1 -1 0.00 0.00 0.00 100.00 100.00 -1000 1.86 4.93 -11.70 -1000 30.67 1.61 552.057
car -1 -1 0.00 0.00 0.00 100.00 100.00 -1000 1.83 5.08 -6.64 -1000 30.62 1.56 542.015
car -1 -1 0.00 0.00 0.00 100.00 100.00 -1000 2.53 9.38 1.18 -1000 31.82 1.36 540.654
car -1 -1 0.00 0.00 0.00 100.00 100.00 -1000 2.07 6.36 -5.35 -1000 31.21 1.54 536.475
car -1 -1 0.00 0.00 0.00 100.00 100.00 -1000 1.61 3.92 4.27 -1000 19.99 1.66 533.866
car -1 -1 0.00 0.00 0.00 100.00 100.00 -1000 1.94 5.55 -12.30 -1000 38.58 1.58 529.498
car -1 -1 0.00 0.00 0.00 100.00 100.00 -1000 2.06 5.81 -11.69 -1000 33.78 1.57 528.979
car -1 -1 0.00 0.00 0.00 100.00 100.00 -1000 1.74 4.49 -8.37 -1000 37.49 1.57 524.329
car -1 -1 0.00 0.00 0.00 100.00 100.00 -1000 1.81 4.61 3.23 -1000 34.73 1.64 518.986
car -1 -1 0.00 0.00 0.00 100.00 100.00 -1000 1.86 5.00 4.02 -1000 42.32 1.54 518.978
car -1 -1 0.00 0.00 0.00 100.00 100.00 -1000 1.70 4.27 -10.60 -1000 44.86 1.59 510.156
car -1 -1 0.00 0.00 0.00 100.00 100.00 -1000 1.76 4.72 -1.69 -1000 43.12 1.56 503.577
car -1 -1 0.00 0.00 0.00 100.00 100.00 -1000 1.75 4.65 2.00 -1000 32.93 0.08 492.965
car -1 -1 0.00 0.00 0.00 100.00 100.00 -1000 2.01 5.27 4.48 -1000 41.12 1.49 486.953
car -1 -1 0.00 0.00 0.00 100.00 100.00 -1000 2.49 8.76 3.87 -1000 22.16 1.44 481.453
car -1 -1 0.00 0.00 0.00 100.00 100.00 -1000 1.81 4.95 1.59 -1000 26.69 1.55 474.928
car -1 -1 0.00 0.00 0.00 100.00 100.00 -1000 2.17 6.68 -11.99 -1000 35.01 1.54 473.998
car -1 -1 0.00 0.00 0.00 100.00 100.00 -1000 1.95 5.48 7.66 -1000 11.69 1.55 470.302
car -1 -1 0.00 0.00 0.00 100.00 100.00 -1000 2.54 9.41 -2.37 -1000 32.02 1.47 465.345
car -1 -1 0.00 0.00 0.00 100.00 100.00 -1000 1.91 5.51 -2.17 -1000 28.73 1.45 463.523
car -1 -1 0.00 0.00 0.00 100.00 100.00 -1000 2.18 7.30 -6.80 -1000 33.79 1.49 462.837
car -1 -1 0.00 0.00 0.00 100.00 100.00 -1000 1.76 5.09 -0.10 -1000 42.42 1.52 454.605
car -1 -1 0.00 0.00 0.00 100.00 100.00 -1000 2.24 7.44 -12.57 -1000 39.81 1.60 454.111
car -1 -1 0.00 0.00 0.00 100.00 100.00 -1000 2.07 5.65 -16.53 -1000 31.78 1.46 452.374
car -1 -1 0.00 0.00 0.00 100.00 100.00 -1000 2.27 8.92 4.52 -1000 37.14 1.40 451.894
car -1 -1 0.00 0.00 0.00 100.00 100.00 -1000 1.80 4.53 4.39 -1000 36.36 1.74 450.716
car -1 -1 0.00 0.00 0.00 100.00 100.00 -1000 1.98 5.42 4.45 -1000 33.78 1.56 450.258
car -1 -1 0.00 0.00 0.00 100.00 100.00 -1000 1.95 5.32 -1.43 -1000 37.17 1.56 428.449
car -1 -1 0.00 0.00 0.00 100.00 100.00 -1000 1.93 4.95 1.30 -1000 34.70 1.55 428.081
car -1 -1 0.00 0.00 0.00 100.00 100.00 -1000 2.31 8.55 -0.98 -1000 40.56 1.45 425.646
car -1 -1 0.00 0.00 0.00 100.00 100.00 -1000 2.15 6.11 10.03 -1000 13.33 1.47 424.653
car -1 -1 0.00 0.00 0.00 100.00 100.00 -1000 2.36 11.14 9.15 -1000 35.85 1.40 419.782
car -1 -1 0.00 0.00 0.00 100.00 100.00 -1000 1.77 4.86 7.63 -1000 10.50 1.68 410.620
car -1 -1 0.00 0.00 0.00 100.00 100.00 -1000 1.86 5.49 2.78 -1000 27.53 1.50 407.313
car -1 -1 0.00 0.00 0.00 100.00 100.00 -1000 1.87 5.13 -10.26 -1000 31.17 1.56 406.815
car -1 -1 0.00 0.00 0.00 100.00 100.00 -1000 2.16 7.90 1.25 -1000 45.41 1.50 406.001
car -1 -1 0.00 0.00 0.00 100.00 100.00 -1000 1.61 4.26 4.04 -1000 19.08 -0.05 401.695
car -1 -1 0.00 0.00 0.00 100.00 100.00 -1000 2.41 11.60 8.35 -1000 37.45 1.40 393.739
car -1 -1 0.00 0.00 0.00 100.00 100.00 -1000 2.33 7.17 -11.97 -1000 31.90 1.54 391.019
car -1 -1 0.00 0.00 0.00 100.00 100.00 -1000 3.19 18.99 6.56 -1000 5.38 1.91 389.413
car -1 -1 0.00 0.00 0.00 100.00 100.00 -1000 1.88 5.37 -9.81 -1000 32.60 1.50 379.676
car -1 -1 0.00 0.00 0.00 100.00 100.00 -1000 2.00 5.54 6.74 -1000 33.63 1.59 373.553
car -1 -1 0.00 0.00 0.00 100.00 100.00 -1000 2.42 9.61 -4.65 -1000 32.56 1.43 372.334
car -1 -1 0.00 0.00 0.00 100.00 100.00 -1000 2.70 10.51 7.14 -1000 6.52 2.01 367.995
car -1 -1 0.00 0.00 0.00 100.00 100.00 -1000 3.89 15.81 3.33 -1000 11.46 2.29 363.730
car -1 -1 0.00 0.00 0.00 100.00 100.00 -1000 2.08 6.22 -14.08 -1000 31.02 1.51 359.083
car -1 -1 0.00 0.00 0.00 100.00 100.00 -1000 2.09 6.19 -12.11 -1000 36.23 1.62 352.221
car -1 -1 0.00 0.00 0.00 100.00 100.00 -1000 1.90 5.00 -12.37 -1000 15.89 1.59 345.954
car -1 -1 0.00 0.00 0.00 100.00 100.00 -1000 2.70 10.23 3.08 -1000 43.91 1.43 345.078
car -1 -1 0.00 0.00 0.00 100.00 100.00 -1000 2.19 7.26 -12.37 -1000 37.52 1.58 340.106
car -1 -1 0.00 0.00 0.00 100.00 100.00 -1000 5.28 23.72 3.87 -1000 14.38 2.36 317.763
car -1 -1 0.00 0.00 0.00 100.00 100.00 -1000 2.56 12.05 -9.39 -1000 41.48 1.44 317.306
car -1 -1 0.00 0.00 0.00 100.00 100.00 -1000 1.78 4.40 -14.40 -1000 29.67 1.60 315.203
car -1 -1 0.00 0.00 0.00 100.00 100.00 -1000 2.82 14.54 6.54 -1000 39.07 1.35 314.386
car -1 -1 0.00 0.00 0.00 100.00 100.00 -1000 2.10 6.89 7.29 -1000 13.64 1.46 311.476
car -1 -1 0.00 0.00 0.00 100.00 100.00 -1000 3.14 8.21 3.83 -1000 9.99 1.77 309.059
car -1 -1 0.00 0.00 0.00 100.00 100.00 -1000 1.64 3.82 -17.60 -1000 29.36 0.12 304.556
car -1 -1 0.00 0.00 0.00 100.00 100.00 -1000 1.99 7.05 -11.44 -1000 46.12 1.58 302.596
car -1 -1 0.00 0.00 0.00 100.00 100.00 -1000 2.39 12.34 3.88 -1000 30.26 1.42 299.318
car -1 -1 0.00 0.00 0.00 100.00 100.00 -1000 2.15 6.12 0.35 -1000 25.88 1.56 298.940
car -1 -1 0.00 0.00 0.00 100.00 100.00 -1000 2.76 12.95 -5.03 -1000 34.17 1.40 295.756
car -1 -1 0.00 0.00 0.00 100.00 100.00 -1000 2.03 6.17 -1.57 -1000 36.24 1.55 295.110
car -1 -1 0.00 0.00 0.00 100.00 100.00 -1000 2.11 6.76 -8.01 -1000 38.04 1.51 292.515
car -1 -1 0.00 0.00 0.00 100.00 100.00 -1000 1.97 5.94 5.66 -1000 18.61 1.61 290.011
car -1 -1 0.00 0.00 0.00 100.00 100.00 -1000 1.79 4.73 10.65 -1000 11.89 1.64 289.797
car -1 -1 0.00 0.00 0.00 100.00 100.00 -1000 2.04 6.11 -12.38 -1000 29.89 1.61 288.507
car -1 -1 0.00 0.00 0.00 100.00 100.00 -1000 2.04 5.97 5.02 -1000 35.40 1.55 283.626
car -1 -1 0.00 0.00 0.00 100.00 100.00 -1000 1.67 4.29 -18.62 -1000 29.96 1.52 275.111
car -1 -1 0.00 0.00 0.00 100.00 100.00 -1000 2.45 10.84 6.05 -1000 39.89 1.35 274.051
car -1 -1 0.00 0.00 0.00 100.00 100.00 -1000 1.82 4.97 5.57 -1000 19.42 1.58 266.982
car -1 -1 0.00 0.00 0.00 100.00 100.00 -1000 1.93 5.23 2.10 -1000 46.04 1.62 266.091
car -1 -1 0.00 0.00 0.00 100.00 100.00 -1000 2.21 6.91 7.77 -1000 12.58 1.52 260.461
car -1 -1 0.00 0.00 0.00 100.00 100.00 -1000 2.01 5.84 4.76 -1000 20.55 1.55 259.748
car -1 -1 0.00 0.00 0.00 100.00 100.00 -1000 2.23 7.62 -7.44 -1000 35.74 1.55 258.278
car -1 -1 0.00 0.00 0.00 100.00 100.00 -1000 1.70 4.11 -2.33 -1000 27.43 0.04 256.466
car -1 -1 0.00 0.00 0.00 100.00 100.00 -1000 1.68 4.19 3.50 -1000 47.45 1.67 256.176
car -1 -1 0.00 0.00 0.00 100.00 100.00 -1000 2.27 7.51 6.32 -1000 14.44 1.53 254.379
car -1 -1 0.00 0.00 0.00 100.00 100.00 -1000 1.94 5.59 -0.55 -1000 35.54 1.51 251.088
car -1 -1 0.00 0.00 0.00 100.00 100.00 -1000 2.34 11.32 -18.41 -1000 33.77 1.46 247.478
car -1 -1 0.00 0.00 0.00 100.00 100.00 -1000 2.03 6.34 -1.17 -1000 34.64 1.56 245.276
car -1 -1 0.00 0.00 0.00 100.00 100.00 -1000 2.12 6.40 4.97 -1000 24.15 1.53 244.804
car -1 -1 0.00 0.00 0.00 100.00 100.00 -1000 2.03 5.69 -7.80 -1000 29.07 1.56 237.022
car -1 -1 0.00 0.00 0.00 100.00 100.00 -1000 7.80 31.86 5.72 -1000 5.96 2.30 236.274
car -1 -1 0.00 0.00 0.00 100.00 100.00 -1000 2.18 7.33 -9.67 -1000 34.50 1.53 232.439
car -1 -1 0.00 0.00 0.00 100.00 100.00 -1000 2.09 7.61 4.25 -1000 29.65 1.44 231.197
car -1 -1 0.00 0.00 0.00 100.00 100.00 -1000 1.83 5.14 -13.32 -1000 45.24 1.62 227.541
car -1 -1 0.00 0.00 0.00 100.00 100.00 -1000 2.27 7.15 -14.83 -1000 32.27 1.54 226.298
car -1 -1 0.00 0.00 0.00 100.00 100.00 -1000 1.60 4.52 3.62 -1000 37.73 -0.64 225.191
car -1 -1 0.00 0.00 0.00 100.00 100.00 -1000 2.29 8.77 -0.45 -1000 44.21 1.47 224.832
car -1 -1 0.00 0.00 0.00 100.00 100.00 -1000 1.98 6.09 -1.21 -1000 41.61 1.44 224.607
car -1 -1 0.00 0.00 0.00 100.00 100.00 -1000 1.66 4.32 -14.52 -1000 31.63 -0.30 224.431
car -1 -1 0.00 0.00 0.00 100.00 100.00 -1000 1.91 6.10 12.30 -1000 12.69 1.50 224.427
car -1 -1 0.00 0.00 0.00 100.00 100.00 -1000 2.06 5.43 -8.87 -1000 36.31 1.46 222.321
car -1 -1 0.00 0.00 0.00 100.00 100.00 -1000 2.32 7.46 -13.61 -1000 33.11 1.47 217.703
car -1 -1 0.00 0.00 0.00 100.00 100.00 -1000 2.27 10.65 8.76 -1000 41.46 1.41 215.812
car -1 -1 0.00 0.00 0.00 100.00 100.00 -1000 2.47 10.20 -3.95 -1000 35.09 1.36 214.601
car -1 -1 0.00 0.00 0.00 100.00 100.00 -1000 2.22 9.20 9.68 -1000 34.72 1.42 213.656
car -1 -1 0.00 0.00 0.00 100.00 100.00 -1000 1.92 5.95 -10.19 -1000 37.86 1.57 210.143
car -1 -1 0.00 0.00 0.00 100.00 100.00 -1000 2.08 6.38 -2.57 -1000 37.90 1.49 209.658
car -1 -1 0.00 0.00 0.00 100.00 100.00 -1000 2.60 8.97 6.00 -1000 16.78 1.52 207.628
car -1 -1 0.00 0.00 0.00 100.00 100.00 -1000 2.24 7.03 -0.00 -1000 33.87 1.53 206.818
car -1 -1 0.00 0.00 0.00 100.00 100.00 -1000 2.29 10.82 8.93 -1000 40.34 1.41 199.449
car -1 -1 0.00 0.00 0.00 100.00 100.00 -1000 2.19 10.22 14.61 -1000 14.53 1.45 199.375
car -1 -1 0.00 0.00 0.00 100.00 100.00 -1000 2.07 6.35 -15.32 -1000 39.22 1.65 196.443
car -1 -1 0.00 0.00 0.00 100.00 100.00 -1000 2.02 7.49 0.38 -1000 24.26 1.46 195.219
car -1 -1 0.00 0.00 0.00 100.00 100.00 -1000 2.32 10.44 -15.27 -1000 34.27 1.46 188.845
car -1 -1 0.00 0.00 0.00 100.00 100.00 -1000 2.15 6.84 3.97 -1000 22.99 1.45 188.184
car -1 -1 0.00 0.00 0.00 100.00 100.00 -1000 2.76 8.93 6.50 -1000 8.56 1.90 188.042
car -1 -1 0.00 0.00 0.00 100.00 100.00 -1000 2.31 6.97 -8.19 -1000 14.20 1.76 188.010
car -1 -1 0.00 0.00 0.00 100.00 100.00 -1000 2.41 8.75 0.91 -1000 22.47 1.55 185.484
car -1 -1 0.00 0.00 0.00 100.00 100.00 -1000 1.93 5.53 -14.52 -1000 28.82 0.13 185.458
car -1 -1 0.00 0.00 0.00 100.00 100.00 -1000 2.33 10.95 9.21 -1000 43.19 1.46 185.311
car -1 -1 0.00 0.00 0.00 100.00 100.00 -1000 1.87 5.19 7.36 -1000 32.86 1.59 185.077
car -1 -1 0.00 0.00 0.00 100.00 100.00 -1000 2.20 6.70 10.37 -1000 15.35 1.56 184.993
car -1 -1 0.00 0.00 0.00 100.00 100.00 -1000 2.46 11.16 -10.14 -1000 40.27 1.44 184.157
car -1 -1 0.00 0.00 0.00 100.00 100.00 -1000 2.43 8.39 -12.28 -1000 41.95 1.59 182.463
car -1 -1 0.00 0.00 0.00 100.00 100.00 -1000 2.07 5.04 6.18 -1000 28.92 -0.16 176.307
car -1 -1 0.00 0.00 0.00 100.00 100.00 -1000 2.19 9.57 -2.08 -1000 45.05 1.47 175.077
car -1 -1 0.00 0.00 0.00 100.00 100.00 -1000 2.10 5.64 -15.52 -1000 37.99 1.65 174.124
car -1 -1 0.00 0.00 0.00 100.00 100.00 -1000 1.91 5.49 -9.83 -1000 44.20 1.60 170.664
car -1 -1 0.00 0.00 0.00 100.00 100.00 -1000 2.31 10.44 10.67 -1000 33.78 1.52 168.339
car -1 -1 0.00 0.00 0.00 100.00 100.00 -1000 2.01 6.26 -14.52 -1000 45.92 1.62 168.270
car -1 -1 0.00 0.00 0.00 100.00 100.00 -1000 2.36 7.65 -14.61 -1000 40.81 1.67 165.919
car -1 -1 0.00 0.00 0.00 100.00 100.00 -1000 2.06 6.69 12.50 -1000 15.78 1.42 165.867
car -1 -1 0.00 0.00 0.00 100.00 100.00 -1000 2.45 9.28 4.34 -1000 44.79 1.51 165.679
car -1 -1 0.00 0.00 0.00 100.00 100.00 -1000 2.39 11.86 9.18 -1000 44.80 1.48 164.228
car -1 -1 0.00 0.00 0.00 100.00 100.00 -1000 1.81 4.98 3.91 -1000 32.69 -0.00 163.529
car -1 -1 0.00 0.00 0.00 100.00 100.00 -1000 2.05 7.31 -1.91 -1000 26.28 1.55 162.150
car -1 -1 0.00 0.00 0.00 100.00 100.00 -1000 2.05 7.36 3.84 -1000 26.63 1.48 161.261
car -1 -1 0.00 0.00 0.00 100.00 100.00 -1000 1.78 5.58 6.21 -1000 29.93 1.56 158.919
car -1 -1 0.00 0.00 0.00 100.00 100.00 -1000 2.29 8.31 7.26 -1000 15.30 1.48 158.342
car -1 -1 0.00 0.00 0.00 100.00 100.00 -1000 1.81 4.81 2.78 -1000 13.61 -0.16 157.424
car -1 -1 0.00 0.00 0.00 100.00 100.00 -1000 1.96 5.46 4.32 -1000 46.60 1.47 156.701
car -1 -1 0.00 0.00 0.00 100.00 100.00 -1000 2.14 8.19 -12.57 -1000 27.97 1.73 154.895
car -1 -1 0.00 0.00 0.00 100.00 100.00 -1000 2.15 7.42 -2.90 -1000 43.89 1.47 152.715
car -1 -1 0.00 0.00 0.00 100.00 100.00 -1000 2.28 9.34 12.00 -1000 14.09 1.41 152.664
car -1 -1 0.00 0.00 0.00 100.00 100.00 -1000 1.87 9.84 5.06 -1000 25.03 1.33 148.284
car -1 -1 0.00 0.00 0.00 100.00 100.00 -1000 2.20 7.12 -7.39 -1000 36.92 1.64 147.573
car -1 -1 0.00 0.00 0.00 100.00 100.00 -1000 2.14 10.04 14.57 -1000 13.24 1.45 147.157
car -1 -1 0.00 0.00 0.00 100.00 100.00 -1000 2.30 8.53 -3.89 -1000 36.69 1.41 145.024
car -1 -1 0.00 0.00 0.00 100.00 100.00 -1000 2.03 7.07 -9.50 -1000 45.57 1.51 143.612
car -1 -1 0.00 0.00 0.00 100.00 100.00 -1000 1.89 5.43 13.29 -1000 16.61 1.42 143.172
car -1 -1 0.00 0.00 0.00 100.00 100.00 -1000 2.28 7.19 -4.41 -1000 28.91 1.55 142.685
car -1 -1 0.00 0.00 0.00 100.00 100.00 -1000 2.25 8.53 -17.12 -1000 32.91 1.49 140.398
car -1 -1 0.00 0.00 0.00 100.00 100.00 -1000 1.98 6.33 -5.59 -1000 29.91 1.54 139.814
car -1 -1 0.00 0.00 0.00 100.00 100.00 -1000 2.29 12.33 9.60 -1000 17.76 1.37 138.773
car -1 -1 0.00 0.00 0.00 100.00 100.00 -1000 2.21 7.89 6.23 -1000 34.67 1.49 136.460
car -1 -1 0.00 0.00 0.00 100.00 100.00 -1000 2.41 7.49 6.22 -1000 28.26 1.69 135.121
car -1 -1 0.00 0.00 0.00 100.00 100.00 -1000 2.11 7.16 0.56 -1000 20.50 1.69 131.733
car -1 -1 0.00 0.00 0.00 100.00 100.00 -1000 2.39 7.23 3.14 -1000 18.18 1.57 130.923
car -1 -1 0.00 0.00 0.00 100.00 100.00 -1000 2.25 12.94 9.47 -1000 19.41 1.38 125.915
car -1 -1 0.00 0.00 0.00 100.00 100.00 -1000 3.02 16.99 4.06 -1000 31.20 1.48 125.830
car -1 -1 0.00 0.00 0.00 100.00 100.00 -1000 2.26 7.57 5.71 -1000 17.77 1.47 124.323
car -1 -1 0.00 0.00 0.00 100.00 100.00 -1000 2.24 7.99 -11.73 -1000 21.74 1.57 123.346
car -1 -1 0.00 0.00 0.00 100.00 100.00 -1000 2.50 9.70 -2.71 -1000 33.46 1.38 123.174
car -1 -1 0.00 0.00 0.00 100.00 100.00 -1000 1.71 4.52 10.31 -1000 14.14 -0.06 122.956
car -1 -1 0.00 0.00 0.00 100.00 100.00 -1000 2.23 11.39 9.76 -1000 32.29 1.40 122.331
car -1 -1 0.00 0.00 0.00 100.00 100.00 -1000 2.16 5.74 -7.31 -1000 32.15 1.67 122.118
car -1 -1 0.00 0.00 0.00 100.00 100.00 -1000 2.19 10.15 3.64 -1000 31.27 1.30 121.861
car -1 -1 0.00 0.00 0.00 100.00 100.00 -1000 2.12 8.16 -5.14 -1000 46.68 1.48 121.558
car -1 -1 0.00 0.00 0.00 100.00 100.00 -1000 1.90 5.88 0.19 -1000 47.65 1.54 120.891
car -1 -1 0.00 0.00 0.00 100.00 100.00 -1000 2.37 7.84 -14.69 -1000 27.47 1.62 119.829
car -1 -1 0.00 0.00 0.00 100.00 100.00 -1000 2.27 6.36 0.92 -1000 19.40 1.85 119.636
car -1 -1 0.00 0.00 0.00 100.00 100.00 -1000 2.04 7.25 -15.12 -1000 24.86 1.43 119.396
car -1 -1 0.00 0.00 0.00 100.00 100.00 -1000 2.34 6.81 7.36 -1000 31.46 1.63 118.194
car -1 -1 0.00 0.00 0.00 100.00 100.00 -1000 2.33 12.84 9.19 -1000 46.42 1.50 116.768
car -1 -1 0.00 0.00 0.00 100.00 100.00 -1000 2.21 5.91 -15.83 -1000 28.27 1.52 116.636
car -1 -1 0.00 0.00 0.00 100.00 100.00 -1000 2.44 14.07 10.20 -1000 38.41 1.54 115.244
car -1 -1 0.00 0.00 0.00 100.00 100.00 -1000 2.24 8.22 5.92 -1000 42.77 1.49 114.006
car -1 -1 0.00 0.00 0.00 100.00 100.00 -1000 2.14 7.29 -3.70 -1000 27.91 1.44 113.554
car -1 -1 0.00 0.00 0.00 100.00 100.00 -1000 2.38 11.39 8.94 -1000 20.88 1.54 110.987
car -1 -1 0.00 0.00 0.00 100.00 100.00 -1000 1.98 6.86 13.06 -1000 11.87 1.50 110.516
