car -1 -1 0.00 0.00 0.00 100.00 100.00 -1000 1.55 3.16 -0.51 -1000 26.41 1.65 998.020
car -1 -1 0.00 0.00 0.00 100.00 100.00 -1000 1.66 4.05 -0.60 -1000 25.68 -0.05 994.982
car -1 -1 0.00 0.00 0.00 100.00 100.00 -1000 1.55 3.28 5.95 -1000 40.37 1.71 993.951
car -1 -1 0.00 0.00 0.00 100.00 100.00 -1000 1.54 3.31 6.38 -1000 23.87 1.64 984.219
car -1 -1 0.00 0.00 0.00 100.00 100.00 -1000 1.78 4.39 -0.61 -1000 27.18 1.54 983.743
car -1 -1 0.00 0.00 0.00 100.00 100.00 -1000 2.76 11.23 -0.51 -1000 28.63 1.36 976.395
car -1 -1 0.00 0.00 0.00 100.00 100.00 -1000 1.56 3.72 5.14 -1000 39.56 -0.06 957.847
car -1 -1 0.00 0.00 0.00 100.00 100.00 -1000 1.56 3.47 2.71 -1000 35.37 1.62 957.082
car -1 -1 0.00 0.00 0.00 100.00 100.00 -1000 2.59 8.46 -1.85 -1000 29.49 1.49 952.796
car -1 -1 0.00 0.00 0.00 100.00 100.00 -1000 1.74 4.31 2.74 -1000 43.12 1.66 943.917
car -1 -1 0.00 0.00 0.00 100.00 100.00 -1000 2.40 8.25 1.11 -1000 27.76 1.48 941.608
car -1 -1 0.00 0.00 0.00 100.00 100.00 -1000 1.53 3.35 1.66 -1000 44.29 1.65 932.039
car -1 -1 0.00 0.00 0.00 100.00 100.00 -1000 1.80 4.69 5.82 -1000 41.40 1.67 931.414
car -1 -1 0.00 0.00 0.00 100.00 100.00 -1000 1.58 3.69 -4.20 -1000 45.84 1.59 920.428
car -1 -1 0.00 0.00 0.00 100.00 100.00 -1000 1.57 3.60 0.82 -1000 26.00 1.77 914.481
car -1 -1 0.00 0.00 0.00 100.00 100.00 -1000 1.81 4.48 4.89 -1000 43.04 1.48 904.865
car -1 -1 0.00 0.00 0.00 100.00 100.00 -1000 1.57 3.92 -4.89 -1000 44.81 0.03 901.265
car -1 -1 0.00 0.00 0.00 100.00 100.00 -1000 1.98 5.90 5.22 -1000 42.18 1.58 900.694
car -1 -1 0.00 0.00 0.00 100.00 100.00 -1000 1.56 3.49 4.93 -1000 33.45 1.64 898.523
car -1 -1 0.00 0.00 0.00 100.00 100.00 -1000 1.67 3.85 4.88 -1000 23.82 1.55 888.036
car -1 -1 0.00 0.00 0.00 100.00 100.00 -1000 1.58 3.66 -5.41 -1000 45.56 1.56 883.164
car -1 -1 0.00 0.00 0.00 100.00 100.00 -1000 1.94 5.44 2.87 -1000 27.28 1.54 865.632
car -1 -1 0.00 0.00 0.00 100.00 100.00 -1000 1.54 3.51 2.27 -1000 34.70 0.05 865.558
car -1 -1 0.00 0.00 0.00 100.00 100.00 -1000 2.62 9.97 -1.29 -1000 30.88 1.49 863.423
car -1 -1 0.00 0.00 0.00 100.00 100.00 -1000 1.78 4.41 3.52 -1000 44.03 1.59 857.317
car -1 -1 0.00 0.00 0.00 100.00 100.00 -1000 2.91 14.62 7.40 -1000 43.17 1.33 848.740
car -1 -1 0.00 0.00 0.00 100.00 100.00 -1000 1.63 4.06 -2.73 -1000 46.09 1.60 847.446
car -1 -1 0.00 0.00 0.00 100.00 100.00 -1000 1.54 3.62 -12.43 -1000 42.31 1.63 842.160
car -1 -1 0.00 0.00 0.00 100.00 100.00 -1000 1.54 3.59 -7.80 -1000 47.19 1.61 838.674
car -1 -1 0.00 0.00 0.00 100.00 100.00 -1000 2.73 10.96 1.27 -1000 29.99 1.41 833.883
car -1 -1 0.00 0.00 0.00 100.00 100.00 -1000 1.74 4.24 5.43 -1000 24.74 1.53 826.629
car -1 -1 0.00 0.00 0.00 100.00 100.00 -1000 1.68 4.08 2.57 -1000 36.12 1.51 818.650
car -1 -1 0.00 0.00 0.00 100.00 100.00 -1000 1.79 4.67 2.25 -1000 38.57 1.49 817.910
car -1 -1 0.00 0.00 0.00 100.00 100.00 -1000 1.57 3.84 6.14 -1000 23.07 0.10 807.412
car -1 -1 0.00 0.00 0.00 100.00 100.00 -1000 1.70 4.08 4.35 -1000 41.09 1.53 799.507
car -1 -1 0.00 0.00 0.00 100.00 100.00 -1000 1.87 5.46 3.51 -1000 25.69 1.52 797.609
car -1 -1 0.00 0.00 0.00 100.00 100.00 -1000 2.46 10.21 7.28 -1000 44.00 1.32 787.815
car -1 -1 0.00 0.00 0.00 100.00 100.00 -1000 1.71 4.16 1.60 -1000 45.07 1.50 787.314
car -1 -1 0.00 0.00 0.00 100.00 100.00 -1000 1.63 4.02 6.75 -1000 39.65 1.70 786.856
car -1 -1 0.00 0.00 0.00 100.00 100.00 -1000 2.09 6.80 3.49 -1000 26.48 1.51 786.020
car -1 -1 0.00 0.00 0.00 100.00 100.00 -1000 1.56 3.53 -18.91 -1000 31.52 1.66 785.721
car -1 -1 0.00 0.00 0.00 100.00 100.00 -1000 2.14 6.46 -4.42 -1000 28.96 1.51 784.176
car -1 -1 0.00 0.00 0.00 100.00 100.00 -1000 2.13 6.88 -1.29 -1000 28.13 1.46 782.283
car -1 -1 0.00 0.00 0.00 100.00 100.00 -1000 1.63 3.97 1.43 -1000 25.20 1.62 765.289
car -1 -1 0.00 0.00 0.00 100.00 100.00 -1000 1.78 4.25 0.18 -1000 24.84 1.66 758.464
car -1 -1 0.00 0.00 0.00 100.00 100.00 -1000 1.77 4.61 2.72 -1000 37.46 1.49 741.234
car -1 -1 0.00 0.00 0.00 100.00 100.00 -1000 1.70 4.63 8.16 -1000 24.08 1.56 737.943
car -1 -1 0.00 0.00 0.00 100.00 100.00 -1000 1.56 3.43 3.75 -1000 34.82 1.61 731.971
car -1 -1 0.00 0.00 0.00 100.00 100.00 -1000 1.60 4.02 -6.27 -1000 46.41 1.59 727.939
car -1 -1 0.00 0.00 0.00 100.00 100.00 -1000 1.62 3.73 5.56 -1000 32.82 1.60 723.789
car -1 -1 0.00 0.00 0.00 100.00 100.00 -1000 2.19 7.22 8.46 -1000 44.83 1.43 723.152
car -1 -1 0.00 0.00 0.00 100.00 100.00 -1000 1.54 3.50 -18.80 -1000 27.94 1.63 708.845
car -1 -1 0.00 0.00 0.00 100.00 100.00 -1000 1.76 4.81 7.21 -1000 40.80 1.59 708.371
car -1 -1 0.00 0.00 0.00 100.00 100.00 -1000 1.91 5.14 3.24 -1000 41.97 1.51 703.889
car -1 -1 0.00 0.00 0.00 100.00 100.00 -1000 1.64 3.79 4.91 -1000 34.26 1.58 703.885
car -1 -1 0.00 0.00 0.00 100.00 100.00 -1000 1.73 4.15 5.66 -1000 38.84 1.67 699.119
car -1 -1 0.00 0.00 0.00 100.00 100.00 -1000 1.63 3.91 -3.36 -1000 44.95 0.06 660.017
car -1 -1 0.00 0.00 0.00 100.00 100.00 -1000 1.63 3.84 4.00 -1000 40.02 1.55 656.972
car -1 -1 0.00 0.00 0.00 100.00 100.00 -1000 1.60 3.93 -2.10 -1000 45.35 1.62 638.619
car -1 -1 0.00 0.00 0.00 100.00 100.00 -1000 2.21 7.35 5.69 -1000 38.32 1.48 637.773
car -1 -1 0.00 0.00 0.00 100.00 100.00 -1000 1.60 3.75 -2.79 -1000 39.59 1.65 631.458
car -1 -1 0.00 0.00 0.00 100.00 100.00 -1000 2.41 9.43 8.48 -1000 26.17 1.34 628.020
car -1 -1 0.00 0.00 0.00 100.00 100.00 -1000 2.29 8.06 9.37 -1000 42.41 1.30 624.873
car -1 -1 0.00 0.00 0.00 100.00 100.00 -1000 2.13 7.16 -1.09 -1000 46.52 1.52 621.988
car -1 -1 0.00 0.00 0.00 100.00 100.00 -1000 2.16 7.13 5.60 -1000 44.85 1.51 602.418
car -1 -1 0.00 0.00 0.00 100.00 100.00 -1000 1.56 3.77 4.05 -1000 38.79 -0.31 592.686
car -1 -1 0.00 0.00 0.00 100.00 100.00 -1000 1.75 4.58 2.94 -1000 24.24 1.49 583.127
car -1 -1 0.00 0.00 0.00 100.00 100.00 -1000 1.78 4.77 6.18 -1000 34.67 1.63 581.970
car -1 -1 0.00 0.00 0.00 100.00 100.00 -1000 2.56 10.62 5.46 -1000 37.40 1.44 567.441
car -1 -1 0.00 0.00 0.00 100.00 100.00 -1000 1.77 5.06 -1.29 -1000 39.24 1.53 557.345
car -1 -1 0.00 0.00 0.00 100.00 100.00 -1000 2.07 6.36 4.61 -1000 27.74 1.47 556.932
car -1 -1 0.00 0.00 0.00 100.00 100.00 -1000 1.76 4.74 9.46 -1000 39.55 1.48 554.229
car -1 -1 0.00 0.00 0.00 100.00 100.00 -1000 2.07 7.09 -1.59 -1000 31.80 1.50 546.766
car -1 -1 0.00 0.00 0.00 100.00 100.00 -1000 2.23 7.73 2.46 -1000 28.98 1.45 543.441
car -1 -1 0.00 0.00 0.00 100.00 100.00 -1000 2.05 7.06 6.46 -1000 25.17 1.52 540.294
car -1 -1 0.00 0.00 0.00 100.00 100.00 -1000 1.62 3.99 -18.82 -1000 44.83 1.62 536.081
car -1 -1 0.00 0.00 0.00 100.00 100.00 -1000 1.83 5.54 8.94 -1000 40.33 1.50 534.936
car -1 -1 0.00 0.00 0.00 100.00 100.00 -1000 1.97 5.84 3.02 -1000 46.29 1.60 528.422
car -1 -1 0.00 0.00 0.00 100.00 100.00 -1000 1.58 3.49 1.32 -1000 43.57 0.11 526.234
car -1 -1 0.00 0.00 0.00 100.00 100.00 -1000 1.74 4.56 2.19 -1000 33.98 1.50 519.560
car -1 -1 0.00 0.00 0.00 100.00 100.00 -1000 1.76 4.79 2.90 -1000 40.74 1.54 514.632
car -1 -1 0.00 0.00 0.00 100.00 100.00 -1000 2.08 7.44 0.83 -1000 37.83 1.49 510.205
car -1 -1 0.00 0.00 0.00 100.00 100.00 -1000 1.73 4.43 -15.83 -1000 45.93 1.64 508.921
car -1 -1 0.00 0.00 0.00 100.00 100.00 -1000 1.58 3.89 -4.75 -1000 39.89 1.56 507.335
car -1 -1 0.00 0.00 0.00 100.00 100.00 -1000 2.30 10.75 15.09 -1000 41.57 1.39 499.590
car -1 -1 0.00 0.00 0.00 100.00 100.00 -1000 1.80 4.91 3.43 -1000 23.47 1.55 493.726
car -1 -1 0.00 0.00 0.00 100.00 100.00 -1000 2.31 10.89 14.96 -1000 39.98 1.38 492.185
car -1 -1 0.00 0.00 0.00 100.00 100.00 -1000 1.73 4.92 0.20 -1000 36.25 1.54 491.097
car -1 -1 0.00 0.00 0.00 100.00 100.00 -1000 2.30 10.75 14.99 -1000 38.38 1.39 482.269
car -1 -1 0.00 0.00 0.00 100.00 100.00 -1000 2.29 9.08 7.34 -1000 41.50 1.43 478.042
car -1 -1 0.00 0.00 0.00 100.00 100.00 -1000 2.10 7.09 9.00 -1000 24.97 1.41 476.297
car -1 -1 0.00 0.00 0.00 100.00 100.00 -1000 2.06 6.27 3.41 -1000 36.73 1.62 472.108
car -1 -1 0.00 0.00 0.00 100.00 100.00 -1000 1.90 5.70 -1.54 -1000 40.16 1.57 471.624
car -1 -1 0.00 0.00 0.00 100.00 100.00 -1000 2.29 10.54 15.06 -1000 36.76 1.39 463.534
car -1 -1 0.00 0.00 0.00 100.00 100.00 -1000 1.77 4.68 10.11 -1000 23.37 1.49 462.169
car -1 -1 0.00 0.00 0.00 100.00 100.00 -1000 1.63 3.83 4.62 -1000 22.97 0.15 460.518
car -1 -1 0.00 0.00 0.00 100.00 100.00 -1000 1.87 4.82 6.83 -1000 30.25 1.53 450.424
car -1 -1 0.00 0.00 0.00 100.00 100.00 -1000 1.75 4.36 2.70 -1000 39.45 1.55 449.378
car -1 -1 0.00 0.00 0.00 100.00 100.00 -1000 2.29 10.59 15.06 -1000 35.14 1.39 443.900
car -1 -1 0.00 0.00 0.00 100.00 100.00 -1000 1.63 3.71 -12.73 -1000 41.44 -0.04 442.277
car -1 -1 0.00 0.00 0.00 100.00 100.00 -1000 2.07 6.63 9.04 -1000 35.58 1.40 441.173
car -1 -1 0.00 0.00 0.00 100.00 100.00 -1000 2.84 10.65 6.15 -1000 4.88 1.92 438.801
car -1 -1 0.00 0.00 0.00 100.00 100.00 -1000 2.11 7.77 8.41 -1000 27.15 1.29 434.845
car -1 -1 0.00 0.00 0.00 100.00 100.00 -1000 1.61 3.91 -1.70 -1000 36.14 1.56 430.755
car -1 -1 0.00 0.00 0.00 100.00 100.00 -1000 1.56 3.57 -8.29 -1000 46.48 0.05 428.311
car -1 -1 0.00 0.00 0.00 100.00 100.00 -1000 1.71 4.24 -6.01 -1000 39.52 1.51 426.760
car -1 -1 0.00 0.00 0.00 100.00 100.00 -1000 1.83 4.85 5.02 -1000 35.41 1.55 423.658
car -1 -1 0.00 0.00 0.00 100.00 100.00 -1000 2.20 9.91 15.51 -1000 43.16 1.42 422.092
car -1 -1 0.00 0.00 0.00 100.00 100.00 -1000 1.81 5.59 0.32 -1000 45.92 1.51 418.407
car -1 -1 0.00 0.00 0.00 100.00 100.00 -1000 2.11 6.07 12.45 -1000 35.42 1.56 417.253
car -1 -1 0.00 0.00 0.00 100.00 100.00 -1000 2.12 6.07 12.30 -1000 38.66 1.57 413.674
car -1 -1 0.00 0.00 0.00 100.00 100.00 -1000 2.04 7.03 -2.40 -1000 26.63 1.52 408.765
car -1 -1 0.00 0.00 0.00 100.00 100.00 -1000 2.12 9.47 16.53 -1000 35.90 1.45 407.570
car -1 -1 0.00 0.00 0.00 100.00 100.00 -1000 2.13 9.63 16.52 -1000 39.12 1.45 407.475
car -1 -1 0.00 0.00 0.00 100.00 100.00 -1000 2.11 9.42 16.55 -1000 37.51 1.45 407.453
car -1 -1 0.00 0.00 0.00 100.00 100.00 -1000 2.13 9.56 16.49 -1000 34.29 1.45 405.814
car -1 -1 0.00 0.00 0.00 100.00 100.00 -1000 2.21 10.25 15.56 -1000 44.76 1.42 405.518
car -1 -1 0.00 0.00 0.00 100.00 100.00 -1000 1.63 3.99 -5.08 -1000 38.87 0.04 399.304
car -1 -1 0.00 0.00 0.00 100.00 100.00 -1000 1.71 4.43 8.00 -1000 38.86 1.56 398.492
car -1 -1 0.00 0.00 0.00 100.00 100.00 -1000 1.92 5.93 13.11 -1000 16.16 1.64 395.186
car -1 -1 0.00 0.00 0.00 100.00 100.00 -1000 2.11 6.75 7.13 -1000 45.60 1.49 388.841
car -1 -1 0.00 0.00 0.00 100.00 100.00 -1000 1.86 4.88 -6.75 -1000 45.19 1.46 384.029
car -1 -1 0.00 0.00 0.00 100.00 100.00 -1000 2.09 8.93 17.09 -1000 32.67 1.44 371.282
car -1 -1 0.00 0.00 0.00 100.00 100.00 -1000 1.57 3.89 -16.89 -1000 45.23 1.53 367.832
car -1 -1 0.00 0.00 0.00 100.00 100.00 -1000 2.03 5.25 0.84 -1000 23.85 1.60 366.560
car -1 -1 0.00 0.00 0.00 100.00 100.00 -1000 1.90 5.41 9.68 -1000 45.46 1.38 359.615
car -1 -1 0.00 0.00 0.00 100.00 100.00 -1000 2.02 6.30 9.52 -1000 33.89 1.41 359.530
car -1 -1 0.00 0.00 0.00 100.00 100.00 -1000 2.12 6.35 9.61 -1000 41.20 1.38 345.050
car -1 -1 0.00 0.00 0.00 100.00 100.00 -1000 2.02 7.58 0.59 -1000 39.87 1.49 344.638
car -1 -1 0.00 0.00 0.00 100.00 100.00 -1000 1.68 4.55 -19.20 -1000 36.89 1.65 341.632
car -1 -1 0.00 0.00 0.00 100.00 100.00 -1000 1.75 5.06 -10.57 -1000 41.96 1.58 341.469
car -1 -1 0.00 0.00 0.00 100.00 100.00 -1000 1.85 5.05 -18.40 -1000 32.18 1.60 340.249
car -1 -1 0.00 0.00 0.00 100.00 100.00 -1000 1.71 4.36 7.62 -1000 22.74 1.55 339.860
car -1 -1 0.00 0.00 0.00 100.00 100.00 -1000 2.18 10.13 17.17 -1000 40.73 1.46 339.515
car -1 -1 0.00 0.00 0.00 100.00 100.00 -1000 1.71 4.38 -18.92 -1000 27.21 -0.01 334.321
car -1 -1 0.00 0.00 0.00 100.00 100.00 -1000 1.82 5.06 -15.60 -1000 42.33 1.55 333.217
car -1 -1 0.00 0.00 0.00 100.00 100.00 -1000 2.02 5.86 -11.81 -1000 42.93 1.57 331.460
car -1 -1 0.00 0.00 0.00 100.00 100.00 -1000 1.87 5.09 3.64 -1000 45.12 1.55 331.055
car -1 -1 0.00 0.00 0.00 100.00 100.00 -1000 2.00 5.54 5.97 -1000 31.95 1.54 326.587
car -1 -1 0.00 0.00 0.00 100.00 100.00 -1000 1.97 5.32 7.06 -1000 10.06 1.75 324.244
car -1 -1 0.00 0.00 0.00 100.00 100.00 -1000 2.16 8.18 5.03 -1000 36.16 1.49 322.865
car -1 -1 0.00 0.00 0.00 100.00 100.00 -1000 1.82 5.19 -12.49 -1000 36.29 1.66 318.597
car -1 -1 0.00 0.00 0.00 100.00 100.00 -1000 1.91 5.85 12.36 -1000 37.10 1.64 314.939
car -1 -1 0.00 0.00 0.00 100.00 100.00 -1000 2.60 12.47 -0.66 -1000 47.40 1.41 311.802
car -1 -1 0.00 0.00 0.00 100.00 100.00 -1000 2.24 6.89 5.19 -1000 12.44 1.88 310.442
car -1 -1 0.00 0.00 0.00 100.00 100.00 -1000 2.09 9.20 17.26 -1000 31.07 1.46 307.162
car -1 -1 0.00 0.00 0.00 100.00 100.00 -1000 1.96 6.58 12.30 -1000 30.33 1.56 306.719
car -1 -1 0.00 0.00 0.00 100.00 100.00 -1000 1.99 6.26 -3.53 -1000 27.89 1.47 305.948
car -1 -1 0.00 0.00 0.00 100.00 100.00 -1000 1.97 5.90 12.49 -1000 33.04 1.63 305.262
car -1 -1 0.00 0.00 0.00 100.00 100.00 -1000 2.01 6.17 1.58 -1000 42.39 1.42 304.149
car -1 -1 0.00 0.00 0.00 100.00 100.00 -1000 1.91 5.55 4.82 -1000 20.13 1.57 294.056
car -1 -1 0.00 0.00 0.00 100.00 100.00 -1000 1.94 8.85 -3.40 -1000 32.35 1.38 293.358
car -1 -1 0.00 0.00 0.00 100.00 100.00 -1000 2.24 6.84 12.06 -1000 40.25 1.60 293.154
car -1 -1 0.00 0.00 0.00 100.00 100.00 -1000 1.78 4.59 10.25 -1000 38.75 1.47 291.560
car -1 -1 0.00 0.00 0.00 100.00 100.00 -1000 2.42 9.47 2.25 -1000 31.08 1.48 289.310
car -1 -1 0.00 0.00 0.00 100.00 100.00 -1000 1.87 5.52 7.23 -1000 34.00 1.53 283.213
car -1 -1 0.00 0.00 0.00 100.00 100.00 -1000 2.18 9.52 15.50 -1000 31.90 1.41 280.980
car -1 -1 0.00 0.00 0.00 100.00 100.00 -1000 1.98 5.94 12.54 -1000 31.45 1.63 280.193
car -1 -1 0.00 0.00 0.00 100.00 100.00 -1000 1.60 3.71 -3.36 -1000 38.97 -0.03 280.145
car -1 -1 0.00 0.00 0.00 100.00 100.00 -1000 2.00 6.06 -10.52 -1000 45.09 1.64 279.805
car -1 -1 0.00 0.00 0.00 100.00 100.00 -1000 1.80 4.83 -8.04 -1000 41.22 1.50 271.177
car -1 -1 0.00 0.00 0.00 100.00 100.00 -1000 1.75 5.13 -1.71 -1000 44.53 1.47 268.056
car -1 -1 0.00 0.00 0.00 100.00 100.00 -1000 2.13 7.71 9.39 -1000 36.70 1.35 265.531
car -1 -1 0.00 0.00 0.00 100.00 100.00 -1000 2.16 10.45 15.74 -1000 46.39 1.40 265.261
car -1 -1 0.00 0.00 0.00 100.00 100.00 -1000 1.74 4.57 -17.69 -1000 30.82 1.58 263.289
car -1 -1 0.00 0.00 0.00 100.00 100.00 -1000 2.31 8.07 2.28 -1000 41.40 1.45 262.667
car -1 -1 0.00 0.00 0.00 100.00 100.00 -1000 1.93 5.70 -11.90 -1000 32.33 1.48 254.195
car -1 -1 0.00 0.00 0.00 100.00 100.00 -1000 1.96 5.98 -1.64 -1000 25.14 1.48 245.758
car -1 -1 0.00 0.00 0.00 100.00 100.00 -1000 1.55 3.54 -19.01 -1000 44.02 -0.09 244.542
car -1 -1 0.00 0.00 0.00 100.00 100.00 -1000 1.92 5.79 10.66 -1000 43.26 1.30 240.310
car -1 -1 0.00 0.00 0.00 100.00 100.00 -1000 1.86 6.07 -5.67 -1000 43.23 1.53 238.816
car -1 -1 0.00 0.00 0.00 100.00 100.00 -1000 1.87 5.85 0.87 -1000 35.21 1.48 238.362
car -1 -1 0.00 0.00 0.00 100.00 100.00 -1000 2.22 7.45 3.39 -1000 47.10 1.52 236.891
car -1 -1 0.00 0.00 0.00 100.00 100.00 -1000 2.15 6.49 12.14 -1000 42.73 1.59 236.111
car -1 -1 0.00 0.00 0.00 100.00 100.00 -1000 2.41 9.12 5.44 -1000 28.62 1.42 235.764
car -1 -1 0.00 0.00 0.00 100.00 100.00 -1000 1.90 5.87 9.42 -1000 27.95 1.26 234.180
car -1 -1 0.00 0.00 0.00 100.00 100.00 -1000 1.89 5.47 -4.53 -1000 27.06 1.45 230.219
car -1 -1 0.00 0.00 0.00 100.00 100.00 -1000 1.77 4.52 -1.68 -1000 35.29 1.51 228.822
car -1 -1 0.00 0.00 0.00 100.00 100.00 -1000 1.56 3.57 1.47 -1000 42.77 -0.06 225.460
car -1 -1 0.00 0.00 0.00 100.00 100.00 -1000 2.11 6.84 -15.36 -1000 46.60 1.57 222.363
car -1 -1 0.00 0.00 0.00 100.00 100.00 -1000 2.03 6.61 12.41 -1000 29.04 1.65 219.054
car -1 -1 0.00 0.00 0.00 100.00 100.00 -1000 2.12 6.82 -10.64 -1000 34.52 1.52 218.614
car -1 -1 0.00 0.00 0.00 100.00 100.00 -1000 1.85 5.31 -18.27 -1000 37.49 1.55 217.370
car -1 -1 0.00 0.00 0.00 100.00 100.00 -1000 1.82 4.99 -17.07 -1000 42.68 1.49 215.534
car -1 -1 0.00 0.00 0.00 100.00 100.00 -1000 1.94 5.79 -1.99 -1000 38.39 1.46 214.991
car -1 -1 0.00 0.00 0.00 100.00 100.00 -1000 2.20 7.03 6.29 -1000 30.99 1.38 213.535
car -1 -1 0.00 0.00 0.00 100.00 100.00 -1000 2.06 9.49 16.89 -1000 29.91 1.47 213.246
car -1 -1 0.00 0.00 0.00 100.00 100.00 -1000 2.19 5.80 2.88 -1000 22.64 1.81 212.394
car -1 -1 0.00 0.00 0.00 100.00 100.00 -1000 1.99 6.93 -5.78 -1000 28.28 1.46 212.355
car -1 -1 0.00 0.00 0.00 100.00 100.00 -1000 2.37 8.70 5.39 -1000 46.30 1.43 210.997
car -1 -1 0.00 0.00 0.00 100.00 100.00 -1000 1.96 6.27 -7.30 -1000 47.65 1.64 210.890
car -1 -1 0.00 0.00 0.00 100.00 100.00 -1000 1.98 7.93 -18.89 -1000 24.05 1.64 209.393
car -1 -1 0.00 0.00 0.00 100.00 100.00 -1000 1.98 5.42 -3.10 -1000 44.12 1.54 209.205
car -1 -1 0.00 0.00 0.00 100.00 100.00 -1000 2.33 8.23 9.13 -1000 46.41 1.43 206.488
car -1 -1 0.00 0.00 0.00 100.00 100.00 -1000 1.69 3.94 10.19 -1000 44.09 -0.19 204.242
car -1 -1 0.00 0.00 0.00 100.00 100.00 -1000 2.00 6.12 10.17 -1000 34.74 1.46 203.785
car -1 -1 0.00 0.00 0.00 100.00 100.00 -1000 2.04 8.99 -6.48 -1000 31.80 1.39 202.198
car -1 -1 0.00 0.00 0.00 100.00 100.00 -1000 2.26 11.51 17.33 -1000 42.39 1.51 201.876
car -1 -1 0.00 0.00 0.00 100.00 100.00 -1000 1.77 4.59 0.97 -1000 26.75 -0.61 194.904
car -1 -1 0.00 0.00 0.00 100.00 100.00 -1000 2.01 6.61 3.34 -1000 33.17 1.48 194.624
car -1 -1 0.00 0.00 0.00 100.00 100.00 -1000 1.98 6.01 10.41 -1000 37.94 1.48 194.604
car -1 -1 0.00 0.00 0.00 100.00 100.00 -1000 1.94 6.04 -18.12 -1000 28.31 1.53 194.305
car -1 -1 0.00 0.00 0.00 100.00 100.00 -1000 2.05 7.85 13.15 -1000 17.53 1.74 194.188
car -1 -1 0.00 0.00 0.00 100.00 100.00 -1000 1.90 5.67 -15.20 -1000 45.17 1.59 192.456
car -1 -1 0.00 0.00 0.00 100.00 100.00 -1000 1.88 6.02 13.14 -1000 33.92 1.58 192.061
car -1 -1 0.00 0.00 0.00 100.00 100.00 -1000 2.02 7.15 -0.49 -1000 37.07 1.45 190.076
car -1 -1 0.00 0.00 0.00 100.00 100.00 -1000 2.16 6.71 7.05 -1000 29.57 1.55 189.600
car -1 -1 0.00 0.00 0.00 100.00 100.00 -1000 1.96 6.86 -3.35 -1000 35.61 1.49 188.568
car -1 -1 0.00 0.00 0.00 100.00 100.00 -1000 2.06 6.70 -10.97 -1000 38.69 1.60 185.015
car -1 -1 0.00 0.00 0.00 100.00 100.00 -1000 1.97 7.51 -1.41 -1000 42.32 1.38 181.582
car -1 -1 0.00 0.00 0.00 100.00 100.00 -1000 1.88 5.56 -6.85 -1000 40.32 1.56 180.087
car -1 -1 0.00 0.00 0.00 100.00 100.00 -1000 2.38 11.23 15.02 -1000 33.44 1.40 179.933
car -1 -1 0.00 0.00 0.00 100.00 100.00 -1000 1.86 5.83 13.28 -1000 36.32 1.58 179.628
car -1 -1 0.00 0.00 0.00 100.00 100.00 -1000 2.03 7.22 -1.06 -1000 32.89 1.48 176.182
car -1 -1 0.00 0.00 0.00 100.00 100.00 -1000 1.86 5.88 13.37 -1000 37.91 1.56 175.482
car -1 -1 0.00 0.00 0.00 100.00 100.00 -1000 2.04 7.29 -3.86 -1000 46.66 1.49 173.383
car -1 -1 0.00 0.00 0.00 100.00 100.00 -1000 2.10 9.42 15.98 -1000 28.60 1.42 171.557
car -1 -1 0.00 0.00 0.00 100.00 100.00 -1000 1.74 3.90 -6.27 -1000 44.17 0.10 170.571
car -1 -1 0.00 0.00 0.00 100.00 100.00 -1000 2.01 6.38 9.44 -1000 32.78 1.50 169.474
car -1 -1 0.00 0.00 0.00 100.00 100.00 -1000 2.21 9.25 -2.59 -1000 43.13 1.50 168.229
car -1 -1 0.00 0.00 0.00 100.00 100.00 -1000 2.08 6.96 -15.95 -1000 37.77 1.64 167.625
car -1 -1 0.00 0.00 0.00 100.00 100.00 -1000 1.87 5.22 13.31 -1000 24.92 1.75 167.256
car -1 -1 0.00 0.00 0.00 100.00 100.00 -1000 2.00 6.84 7.34 -1000 33.03 1.50 164.457
car -1 -1 0.00 0.00 0.00 100.00 100.00 -1000 2.01 7.74 -6.34 -1000 35.52 1.65 163.475
car -1 -1 0.00 0.00 0.00 100.00 100.00 -1000 2.15 7.23 12.62 -1000 27.51 1.63 163.422
car -1 -1 0.00 0.00 0.00 100.00 100.00 -1000 2.88 10.08 5.26 -1000 13.22 2.12 161.876
car -1 -1 0.00 0.00 0.00 100.00 100.00 -1000 1.68 3.59 3.77 -1000 33.80 1.59 160.276
car -1 -1 0.00 0.00 0.00 100.00 100.00 -1000 2.10 7.13 -7.88 -1000 41.83 1.53 160.049
car -1 -1 0.00 0.00 0.00 100.00 100.00 -1000 2.16 7.22 -10.75 -1000 44.16 1.54 159.166
car -1 -1 0.00 0.00 0.00 100.00 100.00 -1000 1.94 6.40 8.62 -1000 21.79 1.53 157.333
car -1 -1 0.00 0.00 0.00 100.00 100.00 -1000 1.89 5.88 12.38 -1000 26.43 1.52 157.223
car -1 -1 0.00 0.00 0.00 100.00 100.00 -1000 2.05 7.31 -6.01 -1000 26.56 1.47 155.565
car -1 -1 0.00 0.00 0.00 100.00 100.00 -1000 1.89 6.27 -0.18 -1000 44.11 1.44 155.475
car -1 -1 0.00 0.00 0.00 100.00 100.00 -1000 2.03 8.74 -16.52 -1000 20.21 1.40 154.447
car -1 -1 0.00 0.00 0.00 100.00 100.00 -1000 2.62 11.42 5.11 -1000 30.25 1.42 153.231
car -1 -1 0.00 0.00 0.00 100.00 100.00 -1000 2.92 9.65 6.79 -1000 9.77 2.10 152.124
car -1 -1 0.00 0.00 0.00 100.00 100.00 -1000 1.86 5.07 -16.51 -1000 41.71 1.46 150.644
car -1 -1 0.00 0.00 0.00 100.00 100.00 -1000 3.72 13.95 5.89 -1000 10.95 2.28 149.606
car -1 -1 0.00 0.00 0.00 100.00 100.00 -1000 2.23 7.35 7.75 -1000 17.75 1.57 149.349
car -1 -1 0.00 0.00 0.00 100.00 100.00 -1000 1.96 6.25 9.56 -1000 47.17 1.37 149.300
car -1 -1 0.00 0.00 0.00 100.00 100.00 -1000 2.11 9.98 15.99 -1000 27.47 1.41 148.408
car -1 -1 0.00 0.00 0.00 100.00 100.00 -1000 2.44 9.50 -4.99 -1000 30.60 1.56 144.142
car -1 -1 0.00 0.00 0.00 100.00 100.00 -1000 1.96 6.51 -11.88 -1000 28.61 1.50 140.319
car -1 -1 0.00 0.00 0.00 100.00 100.00 -1000 2.27 7.83 8.12 -1000 20.85 1.49 138.071
car -1 -1 0.00 0.00 0.00 100.00 100.00 -1000 2.08 9.61 15.62 -1000 26.15 1.42 137.816
car -1 -1 0.00 0.00 0.00 100.00 100.00 -1000 2.46 10.65 0.44 -1000 23.90 1.63 137.778
car -1 -1 0.00 0.00 0.00 100.00 100.00 -1000 2.04 8.72 -2.08 -1000 36.49 1.48 135.591
car -1 -1 0.00 0.00 0.00 100.00 100.00 -1000 2.24 7.59 11.98 -1000 44.02 1.51 134.037
car -1 -1 0.00 0.00 0.00 100.00 100.00 -1000 2.15 7.14 -7.37 -1000 39.07 1.40 132.680
car -1 -1 0.00 0.00 0.00 100.00 100.00 -1000 1.96 5.93 -14.11 -1000 41.90 1.54 131.348
car -1 -1 0.00 0.00 0.00 100.00 100.00 -1000 2.06 6.69 -16.63 -1000 32.65 1.42 131.187
car -1 -1 0.00 0.00 0.00 100.00 100.00 -1000 2.00 6.58 10.32 -1000 22.62 1.52 131.120
car -1 -1 0.00 0.00 0.00 100.00 100.00 -1000 1.89 6.27 10.46 -1000 21.41 1.32 131.037
car -1 -1 0.00 0.00 0.00 100.00 100.00 -1000 2.08 6.62 6.85 -1000 11.61 1.57 129.990
car -1 -1 0.00 0.00 0.00 100.00 100.00 -1000 1.97 6.57 -15.24 -1000 36.25 1.60 129.264
car -1 -1 0.00 0.00 0.00 100.00 100.00 -1000 2.23 7.15 11.95 -1000 45.27 1.65 127.988
car -1 -1 0.00 0.00 0.00 100.00 100.00 -1000 2.13 10.95 13.10 -1000 15.13 1.80 127.598
car -1 -1 0.00 0.00 0.00 100.00 100.00 -1000 2.15 6.87 9.69 -1000 31.51 1.41 126.997
car -1 -1 0.00 0.00 0.00 100.00 100.00 -1000 1.93 6.66 -8.02 -1000 15.76 1.57 125.922
car -1 -1 0.00 0.00 0.00 100.00 100.00 -1000 2.27 12.30 17.40 -1000 44.04 1.53 125.790
car -1 -1 0.00 0.00 0.00 100.00 100.00 -1000 2.00 5.26 -8.43 -1000 45.60 1.55 125.184
car -1 -1 0.00 0.00 0.00 100.00 100.00 -1000 1.90 7.14 12.31 -1000 21.00 1.55 123.713
car -1 -1 0.00 0.00 0.00 100.00 100.00 -1000 2.14 10.42 16.13 -1000 24.25 1.42 123.523
car -1 -1 0.00 0.00 0.00 100.00 100.00 -1000 2.21 8.87 -0.49 -1000 41.00 1.45 123.223
car -1 -1 0.00 0.00 0.00 100.00 100.00 -1000 2.06 6.76 11.10 -1000 20.17 1.52 122.977
