car -1 -1 0.00 0.00 0.00 100.00 100.00 -1000 1.56 3.43 -2.52 -1000 11.28 1.76 999.406
car -1 -1 0.00 0.00 0.00 100.00 100.00 -1000 1.63 3.48 2.16 -1000 38.74 1.60 998.093
car -1 -1 0.00 0.00 0.00 100.00 100.00 -1000 1.64 3.75 -2.20 -1000 28.52 1.64 996.880
car -1 -1 0.00 0.00 0.00 100.00 100.00 -1000 1.77 4.56 3.91 -1000 23.95 0.00 996.369
car -1 -1 0.00 0.00 0.00 100.00 100.00 -1000 1.61 3.42 4.18 -1000 24.80 1.72 996.190
car -1 -1 0.00 0.00 0.00 100.00 100.00 -1000 1.81 4.20 -3.16 -1000 10.55 -0.01 992.243
car -1 -1 0.00 0.00 0.00 100.00 100.00 -1000 1.58 3.71 -2.28 -1000 18.93 1.65 991.660
car -1 -1 0.00 0.00 0.00 100.00 100.00 -1000 1.60 3.26 2.84 -1000 24.47 1.57 991.343
car -1 -1 0.00 0.00 0.00 100.00 100.00 -1000 1.80 4.37 -1.72 -1000 40.95 1.62 988.847
car -1 -1 0.00 0.00 0.00 100.00 100.00 -1000 1.82 4.64 2.57 -1000 37.95 -0.05 987.151
car -1 -1 0.00 0.00 0.00 100.00 100.00 -1000 1.85 4.74 -2.71 -1000 12.29 1.61 986.663
car -1 -1 0.00 0.00 0.00 100.00 100.00 -1000 1.71 4.27 -4.38 -1000 12.48 1.59 985.521
car -1 -1 0.00 0.00 0.00 100.00 100.00 -1000 1.55 4.00 -4.17 -1000 11.43 0.08 985.309
car -1 -1 0.00 0.00 0.00 100.00 100.00 -1000 1.80 4.65 4.34 -1000 11.45 1.62 976.386
car -1 -1 0.00 0.00 0.00 100.00 100.00 -1000 1.78 4.33 2.99 -1000 25.17 1.56 976.332
car -1 -1 0.00 0.00 0.00 100.00 100.00 -1000 2.24 7.30 -3.34 -1000 13.01 1.61 975.707
car -1 -1 0.00 0.00 0.00 100.00 100.00 -1000 1.87 4.84 -2.63 -1000 29.32 1.61 964.703
car -1 -1 0.00 0.00 0.00 100.00 100.00 -1000 1.95 4.69 -3.28 -1000 6.12 1.54 960.947
car -1 -1 0.00 0.00 0.00 100.00 100.00 -1000 1.60 3.48 5.26 -1000 24.43 1.72 959.042
car -1 -1 0.00 0.00 0.00 100.00 100.00 -1000 1.99 5.88 6.95 -1000 12.15 1.64 944.619
car -1 -1 0.00 0.00 0.00 100.00 100.00 -1000 1.70 3.94 4.79 -1000 10.63 1.64 943.250
car -1 -1 0.00 0.00 0.00 100.00 100.00 -1000 1.88 4.99 -0.73 -1000 40.25 1.64 937.966
car -1 -1 0.00 0.00 0.00 100.00 100.00 -1000 1.83 4.66 7.86 -1000 12.95 -0.13 929.166
car -1 -1 0.00 0.00 0.00 100.00 100.00 -1000 2.13 5.97 -1.23 -1000 41.78 1.67 928.975
car -1 -1 0.00 0.00 0.00 100.00 100.00 -1000 1.73 4.35 1.52 -1000 39.39 1.51 925.817
car -1 -1 0.00 0.00 0.00 100.00 100.00 -1000 2.49 8.70 -0.08 -1000 30.92 1.39 922.579
car -1 -1 0.00 0.00 0.00 100.00 100.00 -1000 2.66 10.00 -3.99 -1000 6.56 1.45 921.719
car -1 -1 0.00 0.00 0.00 100.00 100.00 -1000 2.11 5.33 4.34 -1000 9.73 1.76 916.681
car -1 -1 0.00 0.00 0.00 100.00 100.00 -1000 1.51 3.43 -2.83 -1000 4.99 1.71 910.382
car -1 -1 0.00 0.00 0.00 100.00 100.00 -1000 2.32 6.24 -4.64 -1000 14.26 1.56 910.155
car -1 -1 0.00 0.00 0.00 100.00 100.00 -1000 2.58 9.61 3.95 -1000 27.04 1.45 908.122
car -1 -1 0.00 0.00 0.00 100.00 100.00 -1000 1.78 4.24 3.95 -1000 15.20 1.56 902.706
car -1 -1 0.00 0.00 0.00 100.00 100.00 -1000 2.19 7.36 -3.55 -1000 30.09 1.57 898.040
car -1 -1 0.00 0.00 0.00 100.00 100.00 -1000 2.05 5.98 0.97 -1000 40.88 1.55 891.214
car -1 -1 0.00 0.00 0.00 100.00 100.00 -1000 2.98 17.78 1.77 -1000 41.61 1.27 877.265
car -1 -1 0.00 0.00 0.00 100.00 100.00 -1000 3.15 10.54 4.95 -1000 9.79 2.07 876.558
car -1 -1 0.00 0.00 0.00 100.00 100.00 -1000 3.07 13.62 -4.09 -1000 13.88 1.85 864.754
car -1 -1 0.00 0.00 0.00 100.00 100.00 -1000 1.64 4.10 -2.87 -1000 27.64 -0.06 855.231
car -1 -1 0.00 0.00 0.00 100.00 100.00 -1000 2.06 5.79 2.38 -1000 27.75 1.47 853.732
car -1 -1 0.00 0.00 0.00 100.00 100.00 -1000 1.78 4.27 -3.19 -1000 13.52 1.53 847.386
car -1 -1 0.00 0.00 0.00 100.00 100.00 -1000 2.69 11.55 2.73 -1000 40.57 1.35 836.373
car -1 -1 0.00 0.00 0.00 100.00 100.00 -1000 1.65 3.81 -2.95 -1000 41.47 1.53 833.338
car -1 -1 0.00 0.00 0.00 100.00 100.00 -1000 4.14 11.74 4.96 -1000 6.01 1.59 830.515
car -1 -1 0.00 0.00 0.00 100.00 100.00 -1000 1.79 4.71 0.08 -1000 28.53 1.59 828.623
car -1 -1 0.00 0.00 0.00 100.00 100.00 -1000 1.78 4.49 -0.89 -1000 27.92 1.70 825.299
car -1 -1 0.00 0.00 0.00 100.00 100.00 -1000 2.43 8.48 7.39 -1000 15.29 1.60 823.439
car -1 -1 0.00 0.00 0.00 100.00 100.00 -1000 2.22 6.43 3.30 -1000 25.92 1.52 809.322
car -1 -1 0.00 0.00 0.00 100.00 100.00 -1000 2.06 5.53 -5.02 -1000 15.23 1.55 802.605
car -1 -1 0.00 0.00 0.00 100.00 100.00 -1000 1.63 3.72 -2.77 -1000 18.18 -0.13 797.057
car -1 -1 0.00 0.00 0.00 100.00 100.00 -1000 1.58 4.07 5.43 -1000 23.63 -0.17 784.759
car -1 -1 0.00 0.00 0.00 100.00 100.00 -1000 2.21 7.13 -2.53 -1000 42.95 1.58 783.954
car -1 -1 0.00 0.00 0.00 100.00 100.00 -1000 2.03 6.22 -2.79 -1000 20.36 1.54 774.589
car -1 -1 0.00 0.00 0.00 100.00 100.00 -1000 2.31 8.46 2.25 -1000 39.73 1.50 766.339
car -1 -1 0.00 0.00 0.00 100.00 100.00 -1000 2.09 6.54 6.37 -1000 8.92 1.76 757.599
car -1 -1 0.00 0.00 0.00 100.00 100.00 -1000 1.57 3.47 -4.05 -1000 40.84 1.60 738.102
car -1 -1 0.00 0.00 0.00 100.00 100.00 -1000 1.70 3.96 7.83 -1000 37.81 1.54 737.984
car -1 -1 0.00 0.00 0.00 100.00 100.00 -1000 2.15 6.52 8.20 -1000 14.11 1.61 729.827
car -1 -1 0.00 0.00 0.00 100.00 100.00 -1000 1.72 4.40 -2.07 -1000 19.72 1.52 723.829
car -1 -1 0.00 0.00 0.00 100.00 100.00 -1000 2.44 5.32 -2.98 -1000 4.11 1.52 722.977
car -1 -1 0.00 0.00 0.00 100.00 100.00 -1000 1.58 3.61 -5.13 -1000 40.39 1.65 715.896
car -1 -1 0.00 0.00 0.00 100.00 100.00 -1000 1.65 3.90 0.88 -1000 46.53 1.60 712.432
car -1 -1 0.00 0.00 0.00 100.00 100.00 -1000 1.55 3.65 -5.44 -1000 11.68 0.02 707.443
car -1 -1 0.00 0.00 0.00 100.00 100.00 -1000 2.89 14.16 0.00 -1000 42.72 1.41 698.373
car -1 -1 0.00 0.00 0.00 100.00 100.00 -1000 2.34 6.97 5.49 -1000 25.23 1.59 695.230
car -1 -1 0.00 0.00 0.00 100.00 100.00 -1000 3.12 10.78 4.79 -1000 11.58 2.09 688.795
car -1 -1 0.00 0.00 0.00 100.00 100.00 -1000 1.61 3.83 3.08 -1000 37.25 1.74 682.636
car -1 -1 0.00 0.00 0.00 100.00 100.00 -1000 1.63 4.03 -2.62 -1000 40.26 -0.04 676.337
car -1 -1 0.00 0.00 0.00 100.00 100.00 -1000 2.76 8.09 4.56 -1000 12.77 1.68 666.550
car -1 -1 0.00 0.00 0.00 100.00 100.00 -1000 2.27 9.23 5.28 -1000 41.09 1.42 665.848
car -1 -1 0.00 0.00 0.00 100.00 100.00 -1000 2.69 13.27 4.60 -1000 42.38 1.39 661.561
car -1 -1 0.00 0.00 0.00 100.00 100.00 -1000 2.45 8.67 0.05 -1000 29.38 1.44 644.870
car -1 -1 0.00 0.00 0.00 100.00 100.00 -1000 2.64 9.87 -3.86 -1000 14.83 1.51 636.076
car -1 -1 0.00 0.00 0.00 100.00 100.00 -1000 2.00 5.97 4.05 -1000 39.02 1.56 634.407
car -1 -1 0.00 0.00 0.00 100.00 100.00 -1000 2.17 5.70 -2.98 -1000 9.82 1.70 624.708
car -1 -1 0.00 0.00 0.00 100.00 100.00 -1000 2.10 5.65 -0.64 -1000 27.13 1.67 602.990
car -1 -1 0.00 0.00 0.00 100.00 100.00 -1000 1.61 3.87 3.62 -1000 14.40 0.07 600.744
car -1 -1 0.00 0.00 0.00 100.00 100.00 -1000 1.66 3.89 8.11 -1000 36.88 0.05 598.329
car -1 -1 0.00 0.00 0.00 100.00 100.00 -1000 1.84 5.01 9.00 -1000 12.22 1.76 529.482
car -1 -1 0.00 0.00 0.00 100.00 100.00 -1000 2.09 5.87 3.95 -1000 13.76 1.60 529.018
car -1 -1 0.00 0.00 0.00 100.00 100.00 -1000 2.30 7.41 4.04 -1000 28.24 1.47 526.875
car -1 -1 0.00 0.00 0.00 100.00 100.00 -1000 1.95 6.58 -3.29 -1000 5.18 1.68 511.093
car -1 -1 0.00 0.00 0.00 100.00 100.00 -1000 1.76 4.11 2.02 -1000 23.87 0.10 510.341
car -1 -1 0.00 0.00 0.00 100.00 100.00 -1000 2.32 6.81 3.11 -1000 43.06 1.45 508.111
car -1 -1 0.00 0.00 0.00 100.00 100.00 -1000 2.40 8.78 -4.04 -1000 32.08 1.50 502.304
car -1 -1 0.00 0.00 0.00 100.00 100.00 -1000 2.04 5.95 4.31 -1000 15.88 1.61 500.790
car -1 -1 0.00 0.00 0.00 100.00 100.00 -1000 2.34 6.55 1.04 -1000 25.67 1.71 499.342
car -1 -1 0.00 0.00 0.00 100.00 100.00 -1000 2.33 8.60 6.66 -1000 26.27 1.42 492.472
car -1 -1 0.00 0.00 0.00 100.00 100.00 -1000 2.05 5.88 -5.36 -1000 16.42 1.58 484.924
car -1 -1 0.00 0.00 0.00 100.00 100.00 -1000 2.74 9.81 1.42 -1000 20.43 1.66 483.042
car -1 -1 0.00 0.00 0.00 100.00 100.00 -1000 1.82 4.63 -3.13 -1000 42.25 1.52 482.267
car -1 -1 0.00 0.00 0.00 100.00 100.00 -1000 2.44 6.66 -0.32 -1000 19.03 2.02 481.532
car -1 -1 0.00 0.00 0.00 100.00 100.00 -1000 2.27 6.16 3.52 -1000 23.20 1.58 481.157
car -1 -1 0.00 0.00 0.00 100.00 100.00 -1000 1.90 5.35 6.15 -1000 11.23 1.64 473.693
car -1 -1 0.00 0.00 0.00 100.00 100.00 -1000 2.20 8.98 -4.74 -1000 33.31 1.49 466.004
car -1 -1 0.00 0.00 0.00 100.00 100.00 -1000 4.80 22.35 3.02 -1000 14.82 2.22 459.481
car -1 -1 0.00 0.00 0.00 100.00 100.00 -1000 1.97 5.38 2.30 -1000 30.65 1.54 456.612
car -1 -1 0.00 0.00 0.00 100.00 100.00 -1000 2.15 5.53 2.51 -1000 18.34 1.72 453.097
car -1 -1 0.00 0.00 0.00 100.00 100.00 -1000 2.88 8.69 3.86 -1000 15.15 1.96 447.739
car -1 -1 0.00 0.00 0.00 100.00 100.00 -1000 1.94 5.47 6.03 -1000 38.28 1.57 444.297
car -1 -1 0.00 0.00 0.00 100.00 100.00 -1000 2.34 8.38 -2.73 -1000 21.10 1.49 436.196
car -1 -1 0.00 0.00 0.00 100.00 100.00 -1000 1.77 4.38 -5.33 -1000 39.45 0.14 417.700
car -1 -1 0.00 0.00 0.00 100.00 100.00 -1000 2.20 5.98 2.53 -1000 28.82 1.55 415.607
car -1 -1 0.00 0.00 0.00 100.00 100.00 -1000 2.24 6.78 1.98 -1000 19.61 1.67 410.400
car -1 -1 0.00 0.00 0.00 100.00 100.00 -1000 4.47 18.70 4.74 -1000 11.63 2.35 408.272
car -1 -1 0.00 0.00 0.00 100.00 100.00 -1000 3.94 15.19 -0.83 -1000 12.21 2.39 407.713
car -1 -1 0.00 0.00 0.00 100.00 100.00 -1000 1.80 4.64 9.72 -1000 44.34 1.51 396.964
car -1 -1 0.00 0.00 0.00 100.00 100.00 -1000 2.35 7.09 5.39 -1000 7.29 1.69 388.442
car -1 -1 0.00 0.00 0.00 100.00 100.00 -1000 2.19 6.91 6.24 -1000 27.91 1.44 383.832
car -1 -1 0.00 0.00 0.00 100.00 100.00 -1000 3.34 12.09 6.05 -1000 7.89 2.13 380.663
car -1 -1 0.00 0.00 0.00 100.00 100.00 -1000 2.24 5.79 5.05 -1000 5.76 1.70 378.290
car -1 -1 0.00 0.00 0.00 100.00 100.00 -1000 2.08 5.26 0.58 -1000 38.34 1.63 374.497
car -1 -1 0.00 0.00 0.00 100.00 100.00 -1000 6.50 36.99 2.28 -1000 14.13 2.31 368.994
car -1 -1 0.00 0.00 0.00 100.00 100.00 -1000 2.42 9.85 -0.83 -1000 32.62 1.40 356.738
car -1 -1 0.00 0.00 0.00 100.00 100.00 -1000 8.17 41.59 6.66 -1000 5.97 2.41 347.541
car -1 -1 0.00 0.00 0.00 100.00 100.00 -1000 2.02 6.31 -0.47 -1000 33.32 1.49 347.109
car -1 -1 0.00 0.00 0.00 100.00 100.00 -1000 2.42 9.09 10.03 -1000 17.43 1.59 346.663
car -1 -1 0.00 0.00 0.00 100.00 100.00 -1000 2.16 6.12 4.41 -1000 20.87 1.55 342.269
car -1 -1 0.00 0.00 0.00 100.00 100.00 -1000 1.61 4.47 4.06 -1000 38.23 -0.26 333.934
car -1 -1 0.00 0.00 0.00 100.00 100.00 -1000 2.19 5.83 5.34 -1000 8.18 1.71 327.609
car -1 -1 0.00 0.00 0.00 100.00 100.00 -1000 2.03 7.74 -5.97 -1000 7.99 1.56 322.268
car -1 -1 0.00 0.00 0.00 100.00 100.00 -1000 1.96 5.17 -0.77 -1000 45.96 1.56 321.404
car -1 -1 0.00 0.00 0.00 100.00 100.00 -1000 2.66 10.30 -0.76 -1000 43.89 1.43 319.910
car -1 -1 0.00 0.00 0.00 100.00 100.00 -1000 3.22 11.25 3.60 -1000 16.42 1.91 315.784
car -1 -1 0.00 0.00 0.00 100.00 100.00 -1000 1.91 5.12 -6.38 -1000 12.65 1.50 313.318
car -1 -1 0.00 0.00 0.00 100.00 100.00 -1000 2.26 8.54 7.99 -1000 25.50 1.40 304.190
car -1 -1 0.00 0.00 0.00 100.00 100.00 -1000 1.84 4.99 6.09 -1000 10.27 1.61 295.459
car -1 -1 0.00 0.00 0.00 100.00 100.00 -1000 2.10 7.09 10.03 -1000 18.59 1.75 289.791
car -1 -1 0.00 0.00 0.00 100.00 100.00 -1000 2.62 9.51 5.08 -1000 18.39 1.59 289.710
car -1 -1 0.00 0.00 0.00 100.00 100.00 -1000 2.23 6.95 4.93 -1000 19.89 1.54 285.484
car -1 -1 0.00 0.00 0.00 100.00 100.00 -1000 2.24 8.42 -4.42 -1000 30.96 1.43 283.525
car -1 -1 0.00 0.00 0.00 100.00 100.00 -1000 2.16 7.48 7.50 -1000 24.51 1.55 278.120
car -1 -1 0.00 0.00 0.00 100.00 100.00 -1000 2.10 6.34 11.27 -1000 39.39 1.68 276.409
car -1 -1 0.00 0.00 0.00 100.00 100.00 -1000 2.23 6.94 -5.38 -1000 17.31 1.61 269.250
car -1 -1 0.00 0.00 0.00 100.00 100.00 -1000 8.47 59.64 2.14 -1000 12.97 2.45 256.998
car -1 -1 0.00 0.00 0.00 100.00 100.00 -1000 1.86 5.03 -7.91 -1000 12.20 1.59 256.773
car -1 -1 0.00 0.00 0.00 100.00 100.00 -1000 1.73 4.56 6.71 -1000 37.22 1.50 256.380
car -1 -1 0.00 0.00 0.00 100.00 100.00 -1000 2.31 8.36 5.06 -1000 17.32 1.51 252.723
car -1 -1 0.00 0.00 0.00 100.00 100.00 -1000 2.25 10.61 14.16 -1000 41.45 1.47 251.579
car -1 -1 0.00 0.00 0.00 100.00 100.00 -1000 1.99 5.58 5.62 -1000 14.53 1.62 251.111
car -1 -1 0.00 0.00 0.00 100.00 100.00 -1000 2.13 9.74 -7.05 -1000 7.17 1.53 240.161
car -1 -1 0.00 0.00 0.00 100.00 100.00 -1000 1.86 5.23 5.09 -1000 16.82 -0.08 239.813
car -1 -1 0.00 0.00 0.00 100.00 100.00 -1000 1.97 5.64 -6.16 -1000 13.65 1.50 238.033
car -1 -1 0.00 0.00 0.00 100.00 100.00 -1000 2.04 5.78 6.12 -1000 13.65 1.54 232.804
car -1 -1 0.00 0.00 0.00 100.00 100.00 -1000 2.38 7.06 -1.48 -1000 45.23 1.52 232.107
car -1 -1 0.00 0.00 0.00 100.00 100.00 -1000 1.99 4.56 -1.75 -1000 39.64 1.60 229.032
car -1 -1 0.00 0.00 0.00 100.00 100.00 -1000 1.95 6.37 1.59 -1000 47.04 1.63 220.999
car -1 -1 0.00 0.00 0.00 100.00 100.00 -1000 2.65 10.48 1.42 -1000 31.72 1.46 220.932
car -1 -1 0.00 0.00 0.00 100.00 100.00 -1000 2.07 5.32 3.60 -1000 36.44 1.62 219.123
car -1 -1 0.00 0.00 0.00 100.00 100.00 -1000 2.29 6.51 5.37 -1000 22.67 1.60 217.014
car -1 -1 0.00 0.00 0.00 100.00 100.00 -1000 2.27 7.13 7.99 -1000 38.54 1.47 210.716
car -1 -1 0.00 0.00 0.00 100.00 100.00 -1000 2.34 6.21 -0.61 -1000 17.98 2.06 207.200
car -1 -1 0.00 0.00 0.00 100.00 100.00 -1000 2.11 8.86 8.03 -1000 41.94 1.51 204.533
car -1 -1 0.00 0.00 0.00 100.00 100.00 -1000 2.25 6.66 1.19 -1000 44.79 1.50 200.431
car -1 -1 0.00 0.00 0.00 100.00 100.00 -1000 2.02 5.13 -5.05 -1000 10.62 1.51 200.130
car -1 -1 0.00 0.00 0.00 100.00 100.00 -1000 2.10 9.06 14.50 -1000 40.36 1.50 200.116
car -1 -1 0.00 0.00 0.00 100.00 100.00 -1000 2.08 6.53 -3.80 -1000 7.21 1.53 199.253
car -1 -1 0.00 0.00 0.00 100.00 100.00 -1000 2.45 7.56 8.77 -1000 11.28 1.59 192.485
car -1 -1 0.00 0.00 0.00 100.00 100.00 -1000 2.23 11.72 -5.31 -1000 24.19 1.46 192.182
car -1 -1 0.00 0.00 0.00 100.00 100.00 -1000 2.82 9.92 0.73 -1000 22.60 1.73 186.320
car -1 -1 0.00 0.00 0.00 100.00 100.00 -1000 2.27 8.76 -4.14 -1000 23.17 1.55 185.926
car -1 -1 0.00 0.00 0.00 100.00 100.00 -1000 2.13 6.97 -7.99 -1000 14.13 1.51 185.588
car -1 -1 0.00 0.00 0.00 100.00 100.00 -1000 1.94 6.31 -4.31 -1000 28.68 1.49 184.914
car -1 -1 0.00 0.00 0.00 100.00 100.00 -1000 2.13 7.25 9.79 -1000 31.53 1.62 184.837
car -1 -1 0.00 0.00 0.00 100.00 100.00 -1000 2.12 9.97 12.93 -1000 14.56 1.51 183.681
car -1 -1 0.00 0.00 0.00 100.00 100.00 -1000 2.56 8.54 10.92 -1000 37.53 1.60 183.250
car -1 -1 0.00 0.00 0.00 100.00 100.00 -1000 1.91 5.14 1.56 -1000 45.78 1.58 181.281
car -1 -1 0.00 0.00 0.00 100.00 100.00 -1000 4.84 19.70 5.73 -1000 8.78 2.41 179.817
car -1 -1 0.00 0.00 0.00 100.00 100.00 -1000 2.00 5.90 1.29 -1000 36.36 1.58 179.566
car -1 -1 0.00 0.00 0.00 100.00 100.00 -1000 2.65 9.56 10.63 -1000 21.66 1.60 178.499
car -1 -1 0.00 0.00 0.00 100.00 100.00 -1000 1.95 6.09 -2.15 -1000 3.30 1.58 176.606
car -1 -1 0.00 0.00 0.00 100.00 100.00 -1000 1.95 8.23 -4.73 -1000 34.27 1.47 170.750
car -1 -1 0.00 0.00 0.00 100.00 100.00 -1000 2.56 8.19 4.10 -1000 21.66 1.76 166.851
car -1 -1 0.00 0.00 0.00 100.00 100.00 -1000 2.28 10.88 12.03 -1000 15.70 1.47 165.657
car -1 -1 0.00 0.00 0.00 100.00 100.00 -1000 2.60 8.41 -2.99 -1000 16.05 1.71 165.635
car -1 -1 0.00 0.00 0.00 100.00 100.00 -1000 2.34 7.60 7.99 -1000 28.70 1.33 163.871
car -1 -1 0.00 0.00 0.00 100.00 100.00 -1000 1.94 4.97 9.32 -1000 36.16 0.12 161.735
car -1 -1 0.00 0.00 0.00 100.00 100.00 -1000 3.91 16.74 -2.30 -1000 15.56 1.92 160.696
car -1 -1 0.00 0.00 0.00 100.00 100.00 -1000 2.37 9.17 8.82 -1000 27.05 1.54 160.593
car -1 -1 0.00 0.00 0.00 100.00 100.00 -1000 2.13 9.50 14.04 -1000 31.06 1.51 159.946
car -1 -1 0.00 0.00 0.00 100.00 100.00 -1000 2.14 9.89 14.11 -1000 32.67 1.54 158.327
car -1 -1 0.00 0.00 0.00 100.00 100.00 -1000 1.92 5.25 2.23 -1000 35.64 1.58 157.765
car -1 -1 0.00 0.00 0.00 100.00 100.00 -1000 2.15 5.98 3.93 -1000 44.46 1.56 157.699
car -1 -1 0.00 0.00 0.00 100.00 100.00 -1000 2.48 8.74 10.82 -1000 25.01 1.71 155.470
car -1 -1 0.00 0.00 0.00 100.00 100.00 -1000 1.91 6.85 -6.75 -1000 6.39 1.57 154.794
car -1 -1 0.00 0.00 0.00 100.00 100.00 -1000 2.10 10.51 14.45 -1000 29.09 1.47 154.004
car -1 -1 0.00 0.00 0.00 100.00 100.00 -1000 1.58 3.91 6.49 -1000 24.06 -0.40 152.452
car -1 -1 0.00 0.00 0.00 100.00 100.00 -1000 2.74 10.95 -2.15 -1000 22.07 1.67 152.316
car -1 -1 0.00 0.00 0.00 100.00 100.00 -1000 1.61 3.78 -4.33 -1000 5.60 0.03 150.579
car -1 -1 0.00 0.00 0.00 100.00 100.00 -1000 1.90 5.84 -4.47 -1000 18.19 1.52 150.516
car -1 -1 0.00 0.00 0.00 100.00 100.00 -1000 1.94 6.85 -5.43 -1000 35.43 1.67 150.002
car -1 -1 0.00 0.00 0.00 100.00 100.00 -1000 2.02 6.09 -8.92 -1000 12.95 1.61 148.931
car -1 -1 0.00 0.00 0.00 100.00 100.00 -1000 3.19 10.67 1.98 -1000 18.21 2.18 148.518
car -1 -1 0.00 0.00 0.00 100.00 100.00 -1000 2.53 8.65 6.89 -1000 40.34 1.47 146.770
car -1 -1 0.00 0.00 0.00 100.00 100.00 -1000 1.71 4.52 9.25 -1000 37.57 -0.21 146.384
car -1 -1 0.00 0.00 0.00 100.00 100.00 -1000 2.07 8.89 14.69 -1000 38.73 1.49 146.209
car -1 -1 0.00 0.00 0.00 100.00 100.00 -1000 2.72 7.49 -0.76 -1000 26.30 1.86 145.911
car -1 -1 0.00 0.00 0.00 100.00 100.00 -1000 2.05 8.35 -4.42 -1000 9.19 1.54 145.618
car -1 -1 0.00 0.00 0.00 100.00 100.00 -1000 2.18 6.30 9.96 -1000 42.77 1.57 142.222
car -1 -1 0.00 0.00 0.00 100.00 100.00 -1000 2.08 6.77 -5.23 -1000 40.97 1.52 141.452
car -1 -1 0.00 0.00 0.00 100.00 100.00 -1000 2.22 7.09 9.86 -1000 45.10 1.61 137.138
car -1 -1 0.00 0.00 0.00 100.00 100.00 -1000 2.39 7.44 1.12 -1000 23.83 1.78 136.871
car -1 -1 0.00 0.00 0.00 100.00 100.00 -1000 2.14 9.86 14.08 -1000 21.38 1.54 136.176
car -1 -1 0.00 0.00 0.00 100.00 100.00 -1000 2.41 7.00 -2.94 -1000 8.16 1.66 135.876
car -1 -1 0.00 0.00 0.00 100.00 100.00 -1000 2.10 10.24 14.49 -1000 27.46 1.46 135.755
car -1 -1 0.00 0.00 0.00 100.00 100.00 -1000 1.74 4.40 4.74 -1000 37.51 -0.17 132.644
car -1 -1 0.00 0.00 0.00 100.00 100.00 -1000 2.35 7.59 -7.46 -1000 16.11 1.57 132.335
car -1 -1 0.00 0.00 0.00 100.00 100.00 -1000 2.28 6.28 -5.05 -1000 38.76 1.58 132.068
car -1 -1 0.00 0.00 0.00 100.00 100.00 -1000 1.91 5.37 -2.87 -1000 14.83 0.08 131.863
car -1 -1 0.00 0.00 0.00 100.00 100.00 -1000 2.54 8.69 -9.28 -1000 30.69 1.62 130.538
car -1 -1 0.00 0.00 0.00 100.00 100.00 -1000 2.33 13.91 6.61 -1000 43.18 1.58 130.268
car -1 -1 0.00 0.00 0.00 100.00 100.00 -1000 2.58 10.87 5.12 -1000 29.23 1.42 128.133
car -1 -1 0.00 0.00 0.00 100.00 100.00 -1000 3.05 9.17 -0.65 -1000 38.73 1.80 128.101
car -1 -1 0.00 0.00 0.00 100.00 100.00 -1000 2.12 9.32 5.19 -1000 32.21 1.47 125.689
car -1 -1 0.00 0.00 0.00 100.00 100.00 -1000 2.40 8.30 10.67 -1000 20.02 1.57 125.669
car -1 -1 0.00 0.00 0.00 100.00 100.00 -1000 2.27 8.86 10.44 -1000 32.68 1.66 124.539
car -1 -1 0.00 0.00 0.00 100.00 100.00 -1000 3.32 11.30 3.81 -1000 13.95 1.95 124.309
car -1 -1 0.00 0.00 0.00 100.00 100.00 -1000 2.26 7.58 -9.45 -1000 32.98 1.56 123.264
car -1 -1 0.00 0.00 0.00 100.00 100.00 -1000 2.29 8.64 2.08 -1000 32.93 1.59 122.423
car -1 -1 0.00 0.00 0.00 100.00 100.00 -1000 2.04 5.36 7.69 -1000 44.82 1.56 119.756
car -1 -1 0.00 0.00 0.00 100.00 100.00 -1000 2.23 7.55 9.35 -1000 41.05 1.54 119.176
car -1 -1 0.00 0.00 0.00 100.00 100.00 -1000 2.09 10.62 14.45 -1000 25.86 1.45 116.744
car -1 -1 0.00 0.00 0.00 100.00 100.00 -1000 2.08 10.39 12.94 -1000 12.97 1.49 115.445
car -1 -1 0.00 0.00 0.00 100.00 100.00 -1000 2.38 16.07 -2.89 -1000 5.64 1.99 114.228
car -1 -1 0.00 0.00 0.00 100.00 100.00 -1000 1.87 5.08 2.28 -1000 29.69 -0.12 111.986
car -1 -1 0.00 0.00 0.00 100.00 100.00 -1000 2.07 10.43 14.46 -1000 37.15 1.45 109.678
car -1 -1 0.00 0.00 0.00 100.00 100.00 -1000 1.98 9.10 5.47 -1000 33.46 1.44 108.910
car -1 -1 0.00 0.00 0.00 100.00 100.00 -1000 2.49 9.14 10.21 -1000 30.19 1.51 108.564
car -1 -1 0.00 0.00 0.00 100.00 100.00 -1000 2.07 7.31 3.55 -1000 46.38 1.49 107.755
car -1 -1 0.00 0.00 0.00 100.00 100.00 -1000 2.22 9.44 -9.52 -1000 38.41 1.71 107.593
car -1 -1 0.00 0.00 0.00 100.00 100.00 -1000 2.10 9.91 14.31 -1000 19.78 1.57 107.315
car -1 -1 0.00 0.00 0.00 100.00 100.00 -1000 2.26 10.73 13.68 -1000 42.60 1.61 106.398
car -1 -1 0.00 0.00 0.00 100.00 100.00 -1000 2.30 8.27 10.74 -1000 28.92 1.59 104.451
car -1 -1 0.00 0.00 0.00 100.00 100.00 -1000 2.03 7.21 8.08 -1000 23.43 1.53 103.830
car -1 -1 0.00 0.00 0.00 100.00 100.00 -1000 2.27 8.57 3.98 -1000 31.31 1.48 103.791
car -1 -1 0.00 0.00 0.00 100.00 100.00 -1000 2.03 6.68 11.62 -1000 26.61 1.69 103.632
car -1 -1 0.00 0.00 0.00 100.00 100.00 -1000 2.20 8.61 -5.35 -1000 46.27 1.44 101.701
car -1 -1 0.00 0.00 0.00 100.00 100.00 -1000 4.00 11.81 -1.24 -1000 17.12 1.99 101.173
car -1 -1 0.00 0.00 0.00 100.00 100.00 -1000 1.97 5.24 5.87 -1000 26.99 -0.40 100.912
car -1 -1 0.00 0.00 0.00 100.00 100.00 -1000 1.89 4.92 2.00 -1000 26.66 -0.06 100.880
car -1 -1 0.00 0.00 0.00 100.00 100.00 -1000 2.27 10.61 13.78 -1000 33.78 1.59 99.689
car -1 -1 0.00 0.00 0.00 100.00 100.00 -1000 2.15 7.41 -8.93 -1000 15.31 1.64 98.695
car -1 -1 0.00 0.00 0.00 100.00 100.00 -1000 2.52 9.52 -1.48 -1000 46.34 1.52 97.300
