car -1 -1 0.00 0.00 0.00 100.00 100.00 -1000 1.58 3.31 -7.79 -1000 40.83 1.65 999.743
car -1 -1 0.00 0.00 0.00 100.00 100.00 -1000 1.60 3.55 -3.10 -1000 43.88 1.66 998.596
car -1 -1 0.00 0.00 0.00 100.00 100.00 -1000 2.08 5.70 -5.36 -1000 43.45 1.57 998.484
car -1 -1 0.00 0.00 0.00 100.00 100.00 -1000 1.67 4.15 -8.40 -1000 40.13 0.17 998.295
car -1 -1 0.00 0.00 0.00 100.00 100.00 -1000 2.06 5.41 -5.16 -1000 44.90 1.59 997.262
car -1 -1 0.00 0.00 0.00 100.00 100.00 -1000 1.57 3.38 -9.64 -1000 41.04 1.59 992.897
car -1 -1 0.00 0.00 0.00 100.00 100.00 -1000 1.85 5.44 -8.17 -1000 41.35 1.64 990.737
car -1 -1 0.00 0.00 0.00 100.00 100.00 -1000 1.79 4.48 -3.81 -1000 44.48 1.69 987.934
car -1 -1 0.00 0.00 0.00 100.00 100.00 -1000 2.36 8.59 -5.37 -1000 45.55 1.49 987.740
car -1 -1 0.00 0.00 0.00 100.00 100.00 -1000 1.66 3.51 -10.38 -1000 41.88 1.61 987.625
car -1 -1 0.00 0.00 0.00 100.00 100.00 -1000 1.46 3.04 4.33 -1000 47.76 1.65 986.495
car -1 -1 0.00 0.00 0.00 100.00 100.00 -1000 1.55 3.30 -3.33 -1000 43.06 1.68 982.114
car -1 -1 0.00 0.00 0.00 100.00 100.00 -1000 2.11 5.73 -6.41 -1000 44.28 1.50 980.716
car -1 -1 0.00 0.00 0.00 100.00 100.00 -1000 2.02 6.14 -8.48 -1000 43.05 1.66 973.666
car -1 -1 0.00 0.00 0.00 100.00 100.00 -1000 2.79 13.95 -6.37 -1000 46.64 1.32 971.055
car -1 -1 0.00 0.00 0.00 100.00 100.00 -1000 2.24 7.01 -8.71 -1000 44.48 1.44 969.627
car -1 -1 0.00 0.00 0.00 100.00 100.00 -1000 1.54 3.50 -16.36 -1000 43.82 1.64 969.608
car -1 -1 0.00 0.00 0.00 100.00 100.00 -1000 2.50 8.61 -6.17 -1000 42.14 1.49 957.916
car -1 -1 0.00 0.00 0.00 100.00 100.00 -1000 1.54 3.45 -6.63 -1000 40.16 1.66 947.909
car -1 -1 0.00 0.00 0.00 100.00 100.00 -1000 2.65 11.81 -3.71 -1000 47.55 1.29 947.162
car -1 -1 0.00 0.00 0.00 100.00 100.00 -1000 1.60 3.90 -4.32 -1000 42.65 -0.02 944.276
car -1 -1 0.00 0.00 0.00 100.00 100.00 -1000 1.66 3.76 -11.08 -1000 42.53 1.58 944.080
car -1 -1 0.00 0.00 0.00 100.00 100.00 -1000 2.45 7.20 -4.59 -1000 46.99 1.58 942.334
car -1 -1 0.00 0.00 0.00 100.00 100.00 -1000 1.54 3.63 3.78 -1000 47.16 -0.06 933.939
car -1 -1 0.00 0.00 0.00 100.00 100.00 -1000 1.61 3.74 -5.21 -1000 40.04 1.62 910.677
car -1 -1 0.00 0.00 0.00 100.00 100.00 -1000 3.41 19.35 -4.81 -1000 45.77 1.30 881.428
car -1 -1 0.00 0.00 0.00 100.00 100.00 -1000 1.66 3.91 -11.94 -1000 43.30 1.62 864.561
car -1 -1 0.00 0.00 0.00 100.00 100.00 -1000 1.69 4.38 -1.17 -1000 43.14 1.60 864.493
car -1 -1 0.00 0.00 0.00 100.00 100.00 -1000 1.64 3.54 -5.20 -1000 38.72 -0.09 863.885
car -1 -1 0.00 0.00 0.00 100.00 100.00 -1000 1.77 4.12 -13.21 -1000 42.85 1.61 856.226
car -1 -1 0.00 0.00 0.00 100.00 100.00 -1000 1.87 4.89 -13.41 -1000 44.57 1.60 825.057
car -1 -1 0.00 0.00 0.00 100.00 100.00 -1000 1.58 3.63 -17.55 -1000 43.53 1.51 815.270
car -1 -1 0.00 0.00 0.00 100.00 100.00 -1000 1.69 3.91 2.98 -1000 47.80 1.49 814.204
car -1 -1 0.00 0.00 0.00 100.00 100.00 -1000 1.56 3.47 12.30 -1000 42.72 1.62 796.502
car -1 -1 0.00 0.00 0.00 100.00 100.00 -1000 1.56 3.52 -5.59 -1000 17.47 1.69 791.313
car -1 -1 0.00 0.00 0.00 100.00 100.00 -1000 1.55 4.18 -12.36 -1000 42.19 0.06 787.079
car -1 -1 0.00 0.00 0.00 100.00 100.00 -1000 2.32 7.61 -0.08 -1000 47.76 1.41 778.633
car -1 -1 0.00 0.00 0.00 100.00 100.00 -1000 1.50 3.10 -4.65 -1000 39.38 1.62 763.489
car -1 -1 0.00 0.00 0.00 100.00 100.00 -1000 1.49 3.42 -16.68 -1000 42.74 -0.01 758.925
car -1 -1 0.00 0.00 0.00 100.00 100.00 -1000 1.83 4.62 -16.72 -1000 45.81 1.55 757.923
car -1 -1 0.00 0.00 0.00 100.00 100.00 -1000 2.38 8.05 -5.71 -1000 41.10 1.51 739.679
car -1 -1 0.00 0.00 0.00 100.00 100.00 -1000 2.84 11.64 -1.92 -1000 46.52 1.34 719.557
car -1 -1 0.00 0.00 0.00 100.00 100.00 -1000 1.70 3.94 -14.92 -1000 43.59 1.62 713.567
car -1 -1 0.00 0.00 0.00 100.00 100.00 -1000 1.72 4.43 11.74 -1000 43.83 1.57 708.708
car -1 -1 0.00 0.00 0.00 100.00 100.00 -1000 1.68 4.30 -7.71 -1000 39.33 -0.25 703.241
car -1 -1 0.00 0.00 0.00 100.00 100.00 -1000 1.55 3.87 -16.58 -1000 44.59 -0.14 703.230
car -1 -1 0.00 0.00 0.00 100.00 100.00 -1000 1.83 4.76 -18.44 -1000 47.17 1.55 673.708
car -1 -1 0.00 0.00 0.00 100.00 100.00 -1000 2.60 9.37 -9.44 -1000 45.35 1.44 673.114
car -1 -1 0.00 0.00 0.00 100.00 100.00 -1000 1.63 4.02 -1.52 -1000 42.34 -0.07 668.299
car -1 -1 0.00 0.00 0.00 100.00 100.00 -1000 2.58 12.72 -2.04 -1000 44.94 1.38 652.068
car -1 -1 0.00 0.00 0.00 100.00 100.00 -1000 2.86 7.90 5.73 -1000 5.86 1.64 620.936
car -1 -1 0.00 0.00 0.00 100.00 100.00 -1000 1.72 4.18 -3.36 -1000 42.13 1.64 620.675
car -1 -1 0.00 0.00 0.00 100.00 100.00 -1000 1.69 4.07 10.12 -1000 12.90 1.62 605.253
car -1 -1 0.00 0.00 0.00 100.00 100.00 -1000 1.88 4.84 -9.62 -1000 39.70 1.54 598.284
car -1 -1 0.00 0.00 0.00 100.00 100.00 -1000 1.81 4.58 2.27 -1000 47.00 -0.13 592.453
car -1 -1 0.00 0.00 0.00 100.00 100.00 -1000 1.76 4.57 -15.36 -1000 45.09 1.60 590.955
car -1 -1 0.00 0.00 0.00 100.00 100.00 -1000 1.59 4.04 -17.89 -1000 46.38 1.56 570.383
car -1 -1 0.00 0.00 0.00 100.00 100.00 -1000 1.75 4.40 11.96 -1000 33.02 1.54 528.643
car -1 -1 0.00 0.00 0.00 100.00 100.00 -1000 1.52 3.67 -11.48 -1000 41.39 0.13 518.694
car -1 -1 0.00 0.00 0.00 100.00 100.00 -1000 1.68 4.26 14.60 -1000 42.74 1.57 500.155
car -1 -1 0.00 0.00 0.00 100.00 100.00 -1000 1.95 5.60 -11.57 -1000 44.13 1.54 498.939
car -1 -1 0.00 0.00 0.00 100.00 100.00 -1000 1.98 5.98 0.53 -1000 42.68 1.55 491.188
car -1 -1 0.00 0.00 0.00 100.00 100.00 -1000 2.13 7.62 -1.12 -1000 43.96 1.46 482.386
car -1 -1 0.00 0.00 0.00 100.00 100.00 -1000 2.68 11.47 -14.98 -1000 47.10 1.39 481.506
car -1 -1 0.00 0.00 0.00 100.00 100.00 -1000 2.23 7.40 -9.80 -1000 46.28 1.39 474.400
car -1 -1 0.00 0.00 0.00 100.00 100.00 -1000 1.67 4.39 -3.61 -1000 45.45 -0.26 463.769
car -1 -1 0.00 0.00 0.00 100.00 100.00 -1000 1.74 4.43 -15.04 -1000 42.64 -0.11 435.984
car -1 -1 0.00 0.00 0.00 100.00 100.00 -1000 1.75 4.49 -5.59 -1000 18.17 1.56 424.631
car -1 -1 0.00 0.00 0.00 100.00 100.00 -1000 1.64 3.82 -0.78 -1000 41.70 0.01 421.851
car -1 -1 0.00 0.00 0.00 100.00 100.00 -1000 1.76 4.80 12.46 -1000 32.26 1.56 405.250
car -1 -1 0.00 0.00 0.00 100.00 100.00 -1000 1.83 4.66 15.79 -1000 32.29 1.60 404.127
car -1 -1 0.00 0.00 0.00 100.00 100.00 -1000 1.63 4.43 4.82 -1000 46.68 1.68 402.103
car -1 -1 0.00 0.00 0.00 100.00 100.00 -1000 1.80 4.92 13.44 -1000 43.50 1.62 401.483
car -1 -1 0.00 0.00 0.00 100.00 100.00 -1000 2.26 9.97 -9.65 -1000 14.31 1.77 399.824
car -1 -1 0.00 0.00 0.00 100.00 100.00 -1000 1.93 5.64 18.91 -1000 45.07 1.46 394.628
car -1 -1 0.00 0.00 0.00 100.00 100.00 -1000 1.82 5.02 -17.91 -1000 44.18 1.51 381.990
car -1 -1 0.00 0.00 0.00 100.00 100.00 -1000 2.37 8.81 -13.38 -1000 45.33 1.45 378.952
car -1 -1 0.00 0.00 0.00 100.00 100.00 -1000 1.87 4.65 -10.96 -1000 40.43 1.48 378.736
car -1 -1 0.00 0.00 0.00 100.00 100.00 -1000 1.67 4.05 -2.98 -1000 38.87 1.57 372.572
car -1 -1 0.00 0.00 0.00 100.00 100.00 -1000 2.36 10.54 0.34 -1000 45.65 1.42 368.166
car -1 -1 0.00 0.00 0.00 100.00 100.00 -1000 2.02 5.79 14.30 -1000 32.72 1.52 360.555
car -1 -1 0.00 0.00 0.00 100.00 100.00 -1000 2.22 7.53 -16.28 -1000 46.32 1.54 360.036
car -1 -1 0.00 0.00 0.00 100.00 100.00 -1000 1.70 4.35 9.82 -1000 11.85 1.64 353.107
car -1 -1 0.00 0.00 0.00 100.00 100.00 -1000 2.03 5.69 17.35 -1000 39.41 1.51 351.792
car -1 -1 0.00 0.00 0.00 100.00 100.00 -1000 2.67 11.03 -10.17 -1000 47.07 1.39 351.538
car -1 -1 0.00 0.00 0.00 100.00 100.00 -1000 1.75 6.29 1.62 -1000 44.50 1.49 350.562
car -1 -1 0.00 0.00 0.00 100.00 100.00 -1000 2.08 8.90 12.83 -1000 14.89 1.43 349.003
car -1 -1 0.00 0.00 0.00 100.00 100.00 -1000 2.17 7.66 13.77 -1000 45.12 1.47 347.986
car -1 -1 0.00 0.00 0.00 100.00 100.00 -1000 1.73 4.28 -4.26 -1000 38.05 1.57 343.976
car -1 -1 0.00 0.00 0.00 100.00 100.00 -1000 2.14 6.53 12.14 -1000 34.34 1.54 343.912
car -1 -1 0.00 0.00 0.00 100.00 100.00 -1000 1.74 4.59 -15.52 -1000 39.52 1.61 338.784
car -1 -1 0.00 0.00 0.00 100.00 100.00 -1000 1.98 5.75 18.38 -1000 46.78 1.51 337.263
car -1 -1 0.00 0.00 0.00 100.00 100.00 -1000 1.87 5.07 12.27 -1000 42.03 1.52 336.197
car -1 -1 0.00 0.00 0.00 100.00 100.00 -1000 2.03 6.58 -1.33 -1000 36.83 1.47 335.397
car -1 -1 0.00 0.00 0.00 100.00 100.00 -1000 1.98 5.20 3.75 -1000 46.04 1.58 334.367
car -1 -1 0.00 0.00 0.00 100.00 100.00 -1000 2.08 7.66 4.69 -1000 34.68 1.52 325.116
car -1 -1 0.00 0.00 0.00 100.00 100.00 -1000 2.04 6.02 10.46 -1000 13.57 1.56 324.507
car -1 -1 0.00 0.00 0.00 100.00 100.00 -1000 1.86 5.25 11.57 -1000 39.99 1.46 318.665
car -1 -1 0.00 0.00 0.00 100.00 100.00 -1000 2.02 5.28 -16.59 -1000 42.03 1.59 316.284
car -1 -1 0.00 0.00 0.00 100.00 100.00 -1000 2.04 5.94 16.27 -1000 41.00 1.56 315.548
car -1 -1 0.00 0.00 0.00 100.00 100.00 -1000 2.12 6.80 19.04 -1000 43.95 1.46 308.036
car -1 -1 0.00 0.00 0.00 100.00 100.00 -1000 2.50 6.86 -8.22 -1000 38.84 1.60 307.978
car -1 -1 0.00 0.00 0.00 100.00 100.00 -1000 1.97 6.20 11.66 -1000 44.58 1.49 306.212
car -1 -1 0.00 0.00 0.00 100.00 100.00 -1000 1.93 5.16 -2.04 -1000 37.82 1.57 301.855
car -1 -1 0.00 0.00 0.00 100.00 100.00 -1000 2.16 7.25 -9.38 -1000 16.04 1.55 299.745
car -1 -1 0.00 0.00 0.00 100.00 100.00 -1000 1.97 7.70 -11.42 -1000 39.11 1.58 298.810
car -1 -1 0.00 0.00 0.00 100.00 100.00 -1000 2.27 10.97 13.44 -1000 15.75 1.48 293.627
car -1 -1 0.00 0.00 0.00 100.00 100.00 -1000 1.92 5.02 -18.48 -1000 45.55 1.49 286.495
car -1 -1 0.00 0.00 0.00 100.00 100.00 -1000 1.93 5.77 -14.78 -1000 40.36 1.58 282.041
car -1 -1 0.00 0.00 0.00 100.00 100.00 -1000 2.03 6.46 2.95 -1000 45.29 1.60 278.788
car -1 -1 0.00 0.00 0.00 100.00 100.00 -1000 1.98 6.15 18.07 -1000 37.76 1.56 277.708
car -1 -1 0.00 0.00 0.00 100.00 100.00 -1000 2.27 7.68 -3.42 -1000 40.63 1.49 274.585
car -1 -1 0.00 0.00 0.00 100.00 100.00 -1000 2.32 6.81 -7.32 -1000 47.37 -0.02 269.725
car -1 -1 0.00 0.00 0.00 100.00 100.00 -1000 2.15 5.57 -12.90 -1000 41.09 1.55 269.461
car -1 -1 0.00 0.00 0.00 100.00 100.00 -1000 1.95 5.53 15.50 -1000 41.91 1.50 268.622
car -1 -1 0.00 0.00 0.00 100.00 100.00 -1000 1.97 5.55 15.30 -1000 31.45 1.56 268.007
car -1 -1 0.00 0.00 0.00 100.00 100.00 -1000 1.60 3.72 -17.87 -1000 42.49 0.15 265.530
car -1 -1 0.00 0.00 0.00 100.00 100.00 -1000 1.95 5.99 17.65 -1000 32.96 1.53 264.624
car -1 -1 0.00 0.00 0.00 100.00 100.00 -1000 2.03 5.93 13.07 -1000 31.38 1.57 264.058
car -1 -1 0.00 0.00 0.00 100.00 100.00 -1000 1.84 5.34 10.77 -1000 33.48 1.48 257.158
car -1 -1 0.00 0.00 0.00 100.00 100.00 -1000 2.41 8.92 -17.69 -1000 47.59 1.55 250.579
car -1 -1 0.00 0.00 0.00 100.00 100.00 -1000 2.82 9.33 4.05 -1000 10.84 2.06 248.992
car -1 -1 0.00 0.00 0.00 100.00 100.00 -1000 2.00 5.94 8.42 -1000 35.34 1.57 248.129
car -1 -1 0.00 0.00 0.00 100.00 100.00 -1000 2.04 8.08 13.83 -1000 13.33 1.45 241.444
car -1 -1 0.00 0.00 0.00 100.00 100.00 -1000 2.05 5.93 -1.95 -1000 41.23 1.48 236.449
car -1 -1 0.00 0.00 0.00 100.00 100.00 -1000 2.03 5.87 -5.48 -1000 28.55 1.48 234.418
car -1 -1 0.00 0.00 0.00 100.00 100.00 -1000 2.05 6.24 13.80 -1000 33.83 1.54 228.522
car -1 -1 0.00 0.00 0.00 100.00 100.00 -1000 2.02 9.50 0.42 -1000 35.49 1.39 228.380
car -1 -1 0.00 0.00 0.00 100.00 100.00 -1000 2.09 7.06 0.94 -1000 43.56 1.46 228.344
car -1 -1 0.00 0.00 0.00 100.00 100.00 -1000 1.80 5.01 -11.52 -1000 26.16 1.46 225.394
car -1 -1 0.00 0.00 0.00 100.00 100.00 -1000 1.86 5.16 9.87 -1000 34.66 1.55 224.617
car -1 -1 0.00 0.00 0.00 100.00 100.00 -1000 2.84 13.47 -12.92 -1000 46.27 1.40 223.317
car -1 -1 0.00 0.00 0.00 100.00 100.00 -1000 2.21 7.70 -6.91 -1000 37.97 1.66 220.749
car -1 -1 0.00 0.00 0.00 100.00 100.00 -1000 2.02 7.20 18.66 -1000 28.73 1.55 220.491
car -1 -1 0.00 0.00 0.00 100.00 100.00 -1000 1.99 5.71 -7.77 -1000 17.74 1.60 219.793
car -1 -1 0.00 0.00 0.00 100.00 100.00 -1000 2.06 6.65 7.52 -1000 41.56 1.47 216.881
car -1 -1 0.00 0.00 0.00 100.00 100.00 -1000 1.71 5.20 6.09 -1000 47.34 1.57 215.657
car -1 -1 0.00 0.00 0.00 100.00 100.00 -1000 1.83 5.02 -9.87 -1000 12.74 1.52 212.577
car -1 -1 0.00 0.00 0.00 100.00 100.00 -1000 2.15 7.86 9.45 -1000 46.31 1.42 210.728
car -1 -1 0.00 0.00 0.00 100.00 100.00 -1000 2.28 10.49 11.23 -1000 16.38 1.42 208.663
car -1 -1 0.00 0.00 0.00 100.00 100.00 -1000 1.93 6.82 7.26 -1000 36.06 1.55 206.345
car -1 -1 0.00 0.00 0.00 100.00 100.00 -1000 2.10 9.03 1.13 -1000 30.57 1.63 202.939
car -1 -1 0.00 0.00 0.00 100.00 100.00 -1000 2.20 8.92 5.39 -1000 29.74 1.62 202.753
car -1 -1 0.00 0.00 0.00 100.00 100.00 -1000 4.09 19.91 5.05 -1000 5.75 2.29 202.132
car -1 -1 0.00 0.00 0.00 100.00 100.00 -1000 2.22 7.40 15.64 -1000 33.33 1.50 200.421
car -1 -1 0.00 0.00 0.00 100.00 100.00 -1000 2.01 5.63 5.26 -1000 10.09 1.67 193.939
car -1 -1 0.00 0.00 0.00 100.00 100.00 -1000 2.05 6.63 15.14 -1000 44.36 1.56 193.895
car -1 -1 0.00 0.00 0.00 100.00 100.00 -1000 1.86 6.18 8.13 -1000 43.51 1.53 191.954
car -1 -1 0.00 0.00 0.00 100.00 100.00 -1000 2.02 5.65 3.88 -1000 14.91 1.70 191.380
car -1 -1 0.00 0.00 0.00 100.00 100.00 -1000 1.88 5.41 1.00 -1000 46.50 1.44 190.817
car -1 -1 0.00 0.00 0.00 100.00 100.00 -1000 2.20 11.13 -9.13 -1000 30.59 1.48 190.495
car -1 -1 0.00 0.00 0.00 100.00 100.00 -1000 2.24 7.28 -6.03 -1000 18.66 1.46 189.736
car -1 -1 0.00 0.00 0.00 100.00 100.00 -1000 1.92 6.51 -2.08 -1000 39.42 1.55 188.021
car -1 -1 0.00 0.00 0.00 100.00 100.00 -1000 2.16 9.21 7.54 -1000 28.99 1.63 187.760
car -1 -1 0.00 0.00 0.00 100.00 100.00 -1000 2.25 7.98 11.38 -1000 35.34 1.50 187.136
car -1 -1 0.00 0.00 0.00 100.00 100.00 -1000 1.91 4.50 -5.76 -1000 16.65 1.72 186.823
car -1 -1 0.00 0.00 0.00 100.00 100.00 -1000 2.33 8.04 18.34 -1000 36.80 1.45 186.653
car -1 -1 0.00 0.00 0.00 100.00 100.00 -1000 7.38 36.64 4.72 -1000 5.94 2.39 186.464
car -1 -1 0.00 0.00 0.00 100.00 100.00 -1000 2.17 7.46 4.85 -1000 42.61 1.57 185.751
car -1 -1 0.00 0.00 0.00 100.00 100.00 -1000 2.21 8.04 15.53 -1000 43.18 1.59 184.076
car -1 -1 0.00 0.00 0.00 100.00 100.00 -1000 2.02 7.15 7.80 -1000 33.91 1.53 183.941
car -1 -1 0.00 0.00 0.00 100.00 100.00 -1000 2.30 8.43 17.85 -1000 47.43 1.60 181.023
car -1 -1 0.00 0.00 0.00 100.00 100.00 -1000 1.85 6.00 11.97 -1000 12.61 1.51 180.943
car -1 -1 0.00 0.00 0.00 100.00 100.00 -1000 2.36 9.74 15.07 -1000 45.90 1.42 178.736
car -1 -1 0.00 0.00 0.00 100.00 100.00 -1000 2.09 10.33 4.40 -1000 44.72 1.51 177.032
car -1 -1 0.00 0.00 0.00 100.00 100.00 -1000 2.00 8.26 13.79 -1000 12.14 1.47 174.611
car -1 -1 0.00 0.00 0.00 100.00 100.00 -1000 1.98 6.64 18.75 -1000 32.29 1.54 174.239
car -1 -1 0.00 0.00 0.00 100.00 100.00 -1000 1.95 6.18 9.27 -1000 40.75 1.49 173.625
car -1 -1 0.00 0.00 0.00 100.00 100.00 -1000 2.04 7.18 9.37 -1000 45.12 1.47 173.046
car -1 -1 0.00 0.00 0.00 100.00 100.00 -1000 2.03 8.68 -9.12 -1000 29.74 1.47 171.806
car -1 -1 0.00 0.00 0.00 100.00 100.00 -1000 2.18 9.78 8.87 -1000 36.99 1.44 168.102
car -1 -1 0.00 0.00 0.00 100.00 100.00 -1000 1.83 6.02 6.78 -1000 46.52 1.52 167.482
car -1 -1 0.00 0.00 0.00 100.00 100.00 -1000 2.22 7.07 17.26 -1000 40.23 1.61 165.160
car -1 -1 0.00 0.00 0.00 100.00 100.00 -1000 1.83 5.76 11.57 -1000 11.36 1.49 163.131
car -1 -1 0.00 0.00 0.00 100.00 100.00 -1000 2.29 7.38 18.98 -1000 45.85 1.55 162.963
car -1 -1 0.00 0.00 0.00 100.00 100.00 -1000 1.87 5.70 10.46 -1000 32.38 1.51 160.272
car -1 -1 0.00 0.00 0.00 100.00 100.00 -1000 2.17 6.66 4.18 -1000 14.02 1.64 158.993
car -1 -1 0.00 0.00 0.00 100.00 100.00 -1000 2.07 5.91 3.20 -1000 16.51 1.75 158.457
car -1 -1 0.00 0.00 0.00 100.00 100.00 -1000 1.96 5.76 19.48 -1000 27.55 1.70 156.100
car -1 -1 0.00 0.00 0.00 100.00 100.00 -1000 2.28 6.65 5.57 -1000 8.90 1.91 155.398
car -1 -1 0.00 0.00 0.00 100.00 100.00 -1000 1.99 5.68 -16.49 -1000 38.81 1.51 152.998
car -1 -1 0.00 0.00 0.00 100.00 100.00 -1000 2.28 8.73 10.66 -1000 47.08 1.48 152.054
car -1 -1 0.00 0.00 0.00 100.00 100.00 -1000 2.21 10.80 14.86 -1000 14.15 1.51 150.934
car -1 -1 0.00 0.00 0.00 100.00 100.00 -1000 2.33 8.00 -17.87 -1000 44.74 1.52 150.506
car -1 -1 0.00 0.00 0.00 100.00 100.00 -1000 2.03 10.50 8.49 -1000 18.88 1.44 148.941
car -1 -1 0.00 0.00 0.00 100.00 100.00 -1000 2.22 8.80 8.88 -1000 17.66 1.59 148.128
car -1 -1 0.00 0.00 0.00 100.00 100.00 -1000 2.05 11.42 17.54 -1000 22.60 1.63 147.951
car -1 -1 0.00 0.00 0.00 100.00 100.00 -1000 2.07 11.30 15.96 -1000 24.20 1.65 147.584
car -1 -1 0.00 0.00 0.00 100.00 100.00 -1000 2.01 6.73 -13.73 -1000 33.46 1.58 146.054
car -1 -1 0.00 0.00 0.00 100.00 100.00 -1000 2.33 10.41 -7.49 -1000 31.85 1.55 144.743
car -1 -1 0.00 0.00 0.00 100.00 100.00 -1000 2.13 6.81 12.04 -1000 38.36 1.70 144.298
car -1 -1 0.00 0.00 0.00 100.00 100.00 -1000 2.14 8.12 -2.63 -1000 32.07 1.58 144.273
car -1 -1 0.00 0.00 0.00 100.00 100.00 -1000 1.94 7.21 7.69 -1000 42.67 1.52 142.101
car -1 -1 0.00 0.00 0.00 100.00 100.00 -1000 2.25 6.78 2.51 -1000 18.12 1.80 141.663
car -1 -1 0.00 0.00 0.00 100.00 100.00 -1000 1.85 5.63 10.17 -1000 42.70 1.52 141.150
car -1 -1 0.00 0.00 0.00 100.00 100.00 -1000 2.11 6.83 12.64 -1000 41.10 1.61 140.337
car -1 -1 0.00 0.00 0.00 100.00 100.00 -1000 2.32 10.44 19.73 -1000 27.07 1.70 140.183
car -1 -1 0.00 0.00 0.00 100.00 100.00 -1000 2.75 8.33 -2.80 -1000 17.75 2.06 140.105
car -1 -1 0.00 0.00 0.00 100.00 100.00 -1000 1.85 6.16 5.72 -1000 45.22 1.49 139.236
car -1 -1 0.00 0.00 0.00 100.00 100.00 -1000 2.27 9.54 -4.25 -1000 37.57 1.60 138.029
car -1 -1 0.00 0.00 0.00 100.00 100.00 -1000 2.41 7.54 4.74 -1000 12.00 1.76 136.966
car -1 -1 0.00 0.00 0.00 100.00 100.00 -1000 2.07 6.90 -3.50 -1000 28.93 1.54 132.272
car -1 -1 0.00 0.00 0.00 100.00 100.00 -1000 2.01 6.52 -15.27 -1000 36.18 1.56 131.738
car -1 -1 0.00 0.00 0.00 100.00 100.00 -1000 2.02 11.36 7.19 -1000 26.17 1.42 131.537
car -1 -1 0.00 0.00 0.00 100.00 100.00 -1000 1.82 13.56 9.25 -1000 25.16 1.34 131.261
car -1 -1 0.00 0.00 0.00 100.00 100.00 -1000 2.67 8.63 3.14 -1000 15.74 2.03 130.340
car -1 -1 0.00 0.00 0.00 100.00 100.00 -1000 2.15 8.36 -12.48 -1000 28.05 1.61 130.056
car -1 -1 0.00 0.00 0.00 100.00 100.00 -1000 2.00 8.73 -12.23 -1000 22.55 1.47 129.387
car -1 -1 0.00 0.00 0.00 100.00 100.00 -1000 2.20 8.09 18.76 -1000 35.50 1.44 127.876
car -1 -1 0.00 0.00 0.00 100.00 100.00 -1000 2.01 10.81 1.28 -1000 38.79 1.38 127.763
car -1 -1 0.00 0.00 0.00 100.00 100.00 -1000 2.05 9.40 -11.38 -1000 23.74 1.50 126.971
car -1 -1 0.00 0.00 0.00 100.00 100.00 -1000 2.18 7.69 8.05 -1000 16.05 1.53 126.842
car -1 -1 0.00 0.00 0.00 100.00 100.00 -1000 2.11 6.60 -17.08 -1000 41.03 1.55 126.344
car -1 -1 0.00 0.00 0.00 100.00 100.00 -1000 2.20 7.63 18.57 -1000 38.73 1.59 124.736
car -1 -1 0.00 0.00 0.00 100.00 100.00 -1000 1.89 5.14 0.34 -1000 41.22 1.55 124.306
car -1 -1 0.00 0.00 0.00 100.00 100.00 -1000 2.25 8.53 18.13 -1000 33.81 1.58 120.184
car -1 -1 0.00 0.00 0.00 100.00 100.00 -1000 2.26 9.35 14.78 -1000 47.08 1.39 119.199
car -1 -1 0.00 0.00 0.00 100.00 100.00 -1000 4.29 17.59 3.59 -1000 10.93 2.42 118.646
car -1 -1 0.00 0.00 0.00 100.00 100.00 -1000 2.36 8.92 18.17 -1000 42.74 1.50 117.794
car -1 -1 0.00 0.00 0.00 100.00 100.00 -1000 2.01 9.03 14.96 -1000 25.82 1.45 117.492
car -1 -1 0.00 0.00 0.00 100.00 100.00 -1000 2.40 9.00 13.92 -1000 29.74 1.50 115.967
car -1 -1 0.00 0.00 0.00 100.00 100.00 -1000 2.69 8.07 -5.60 -1000 12.85 1.89 115.503
car -1 -1 0.00 0.00 0.00 100.00 100.00 -1000 2.01 9.90 4.15 -1000 43.64 1.38 114.983
car -1 -1 0.00 0.00 0.00 100.00 100.00 -1000 1.93 6.33 8.80 -1000 33.13 1.53 114.491
car -1 -1 0.00 0.00 0.00 100.00 100.00 -1000 2.08 9.35 -10.76 -1000 28.98 1.59 113.726
car -1 -1 0.00 0.00 0.00 100.00 100.00 -1000 2.10 8.12 -0.88 -1000 31.41 1.63 111.784
car -1 -1 0.00 0.00 0.00 100.00 100.00 -1000 1.88 6.48 1.93 -1000 41.61 1.45 111.303
car -1 -1 0.00 0.00 0.00 100.00 100.00 -1000 1.97 6.77 9.79 -1000 44.04 1.47 111.044
car -1 -1 0.00 0.00 0.00 100.00 100.00 -1000 1.79 4.32 -18.61 -1000 43.08 0.04 108.017
car -1 -1 0.00 0.00 0.00 100.00 100.00 -1000 2.15 7.69 -10.93 -1000 25.45 1.54 107.584
car -1 -1 0.00 0.00 0.00 100.00 100.00 -1000 1.87 11.70 10.85 -1000 24.40 1.33 106.195
car -1 -1 0.00 0.00 0.00 100.00 100.00 -1000 2.35 8.16 -6.30 -1000 24.02 1.49 106.136
car -1 -1 0.00 0.00 0.00 100.00 100.00 -1000 1.89 6.89 15.75 -1000 27.87 1.43 105.405
car -1 -1 0.00 0.00 0.00 100.00 100.00 -1000 2.42 9.58 11.56 -1000 37.42 1.57 105.019
car -1 -1 0.00 0.00 0.00 100.00 100.00 -1000 1.73 8.88 10.14 -1000 19.85 1.71 104.845
car -1 -1 0.00 0.00 0.00 100.00 100.00 -1000 2.14 7.71 13.95 -1000 27.07 1.42 104.007
car -1 -1 0.00 0.00 0.00 100.00 100.00 -1000 2.06 9.53 -12.08 -1000 30.97 1.62 102.531
car -1 -1 0.00 0.00 0.00 100.00 100.00 -1000 2.03 5.14 -9.13 -1000 45.54 -0.19 101.676
car -1 -1 0.00 0.00 0.00 100.00 100.00 -1000 2.00 7.74 11.99 -1000 27.96 1.55 100.518
car -1 -1 0.00 0.00 0.00 100.00 100.00 -1000 1.96 6.71 -9.94 -1000 13.47 1.64 97.902
car -1 -1 0.00 0.00 0.00 100.00 100.00 -1000 2.03 8.28 8.91 -1000 40.04 1.55 97.203
car -1 -1 0.00 0.00 0.00 100.00 100.00 -1000 2.26 8.17 8.17 -1000 13.29 1.45 96.561
car -1 -1 0.00 0.00 0.00 100.00 100.00 -1000 2.05 7.50 15.22 -1000 30.64 1.59 96.509
car -1 -1 0.00 0.00 0.00 100.00 100.00 -1000 2.18 11.77 13.08 -1000 17.45 1.57 96.209
car -1 -1 0.00 0.00 0.00 100.00 100.00 -1000 2.20 7.39 -5.77 -1000 26.46 1.60 96.179
car -1 -1 0.00 0.00 0.00 100.00 100.00 -1000 2.19 8.46 15.90 -1000 37.45 1.41 95.888
car -1 -1 0.00 0.00 0.00 100.00 100.00 -1000 1.71 9.00 0.42 -1000 32.35 1.36 95.826
car -1 -1 0.00 0.00 0.00 100.00 100.00 -1000 2.16 8.14 6.08 -1000 16.81 1.59 95.348
car -1 -1 0.00 0.00 0.00 100.00 100.00 -1000 2.46 11.83 -1.50 -1000 39.92 1.54 95.308
car -1 -1 0.00 0.00 0.00 100.00 100.00 -1000 2.41 8.72 7.55 -1000 14.44 1.52 94.800
car -1 -1 0.00 0.00 0.00 100.00 100.00 -1000 2.21 8.10 11.47 -1000 45.57 1.46 93.297
car -1 -1 0.00 0.00 0.00 100.00 100.00 -1000 2.40 8.50 -8.68 -1000 18.89 1.50 92.642
car -1 -1 0.00 0.00 0.00 100.00 100.00 -1000 2.14 10.48 -13.38 -1000 20.91 1.61 92.426
car -1 -1 0.00 0.00 0.00 100.00 100.00 -1000 2.40 10.46 15.40 -1000 36.27 1.41 92.250
car -1 -1 0.00 0.00 0.00 100.00 100.00 -1000 2.40 7.78 6.41 -1000 6.89 1.90 92.231
car -1 -1 0.00 0.00 0.00 100.00 100.00 -1000 2.27 7.74 -4.27 -1000 31.27 1.47 89.860
car -1 -1 0.00 0.00 0.00 100.00 100.00 -1000 2.02 9.31 1.54 -1000 40.35 1.38 89.812
car -1 -1 0.00 0.00 0.00 100.00 100.00 -1000 3.37 11.47 5.56 -1000 8.65 2.18 89.371
car -1 -1 0.00 0.00 0.00 100.00 100.00 -1000 2.26 11.05 5.58 -1000 19.30 1.63 89.099
car -1 -1 0.00 0.00 0.00 100.00 100.00 -1000 2.30 8.80 9.28 -1000 15.26 1.51 88.979
car -1 -1 0.00 0.00 0.00 100.00 100.00 -1000 1.90 4.39 11.31 -1000 39.15 0.06 88.830
car -1 -1 0.00 0.00 0.00 100.00 100.00 -1000 2.12 7.26 6.93 -1000 11.19 1.50 88.608
car -1 -1 0.00 0.00 0.00 100.00 100.00 -1000 1.91 8.67 8.68 -1000 38.39 1.36 87.946
car -1 -1 0.00 0.00 0.00 100.00 100.00 -1000 1.93 13.73 13.20 -1000 22.79 1.37 87.818
car -1 -1 0.00 0.00 0.00 100.00 100.00 -1000 2.24 7.94 4.53 -1000 36.12 1.58 87.796
car -1 -1 0.00 0.00 0.00 100.00 100.00 -1000 2.28 7.79 2.08 -1000 19.22 1.70 86.599
car -1 -1 0.00 0.00 0.00 100.00 100.00 -1000 1.86 7.81 -3.32 -1000 35.50 1.52 86.524
