car -1 -1 0.00 0.00 0.00 100.00 100.00 -1000 3.46 11.19 -5.27 -1000 15.52 1.51 999.632
car -1 -1 0.00 0.00 0.00 100.00 100.00 -1000 1.83 4.27 -4.20 -1000 12.36 1.54 998.067
car -1 -1 0.00 0.00 0.00 100.00 100.00 -1000 2.51 9.49 -4.86 -1000 14.36 1.34 995.536
car -1 -1 0.00 0.00 0.00 100.00 100.00 -1000 1.57 3.14 -4.21 -1000 11.45 1.62 993.849
car -1 -1 0.00 0.00 0.00 100.00 100.00 -1000 2.12 6.06 -3.96 -1000 13.05 1.52 987.041
car -1 -1 0.00 0.00 0.00 100.00 100.00 -1000 2.23 6.96 -2.90 -1000 15.06 1.48 970.910
car -1 -1 0.00 0.00 0.00 100.00 100.00 -1000 2.00 4.99 -2.90 -1000 16.54 1.56 949.647
car -1 -1 0.00 0.00 0.00 100.00 100.00 -1000 1.86 4.93 -2.02 -1000 12.50 1.65 947.157
car -1 -1 0.00 0.00 0.00 100.00 100.00 -1000 1.63 3.71 -15.80 -1000 21.72 1.54 947.080
car -1 -1 0.00 0.00 0.00 100.00 100.00 -1000 2.18 6.88 -0.73 -1000 16.41 1.47 931.252
car -1 -1 0.00 0.00 0.00 100.00 100.00 -1000 2.03 5.67 -0.23 -1000 14.11 1.56 921.637
car -1 -1 0.00 0.00 0.00 100.00 100.00 -1000 1.61 3.49 7.89 -1000 13.58 1.61 857.053
car -1 -1 0.00 0.00 0.00 100.00 100.00 -1000 2.20 6.90 0.45 -1000 19.14 1.45 856.291
car -1 -1 0.00 0.00 0.00 100.00 100.00 -1000 1.77 4.34 -4.62 -1000 17.12 1.51 834.328
car -1 -1 0.00 0.00 0.00 100.00 100.00 -1000 2.07 6.00 -1.87 -1000 19.58 1.49 832.713
car -1 -1 0.00 0.00 0.00 100.00 100.00 -1000 2.01 5.85 1.43 -1000 16.04 1.45 829.186
car -1 -1 0.00 0.00 0.00 100.00 100.00 -1000 1.95 5.72 0.22 -1000 15.47 -0.21 811.191
car -1 -1 0.00 0.00 0.00 100.00 100.00 -1000 2.13 6.27 -0.92 -1000 13.29 1.57 801.307
car -1 -1 0.00 0.00 0.00 100.00 100.00 -1000 1.87 4.48 8.84 -1000 14.54 1.55 788.476
car -1 -1 0.00 0.00 0.00 100.00 100.00 -1000 1.74 4.34 1.25 -1000 13.64 1.60 787.731
car -1 -1 0.00 0.00 0.00 100.00 100.00 -1000 2.13 5.89 6.25 -1000 16.71 1.59 784.629
car -1 -1 0.00 0.00 0.00 100.00 100.00 -1000 1.59 3.65 5.92 -1000 7.67 1.65 783.938
car -1 -1 0.00 0.00 0.00 100.00 100.00 -1000 1.61 3.71 1.90 -1000 12.79 1.59 779.754
car -1 -1 0.00 0.00 0.00 100.00 100.00 -1000 1.74 4.37 2.26 -1000 14.36 1.64 724.008
car -1 -1 0.00 0.00 0.00 100.00 100.00 -1000 2.30 6.07 -1.93 -1000 18.36 1.53 719.747
car -1 -1 0.00 0.00 0.00 100.00 100.00 -1000 2.26 7.22 2.12 -1000 19.67 1.49 717.523
car -1 -1 0.00 0.00 0.00 100.00 100.00 -1000 2.14 6.20 4.86 -1000 18.05 1.58 716.437
car -1 -1 0.00 0.00 0.00 100.00 100.00 -1000 1.88 4.58 -3.09 -1000 17.61 1.57 681.911
car -1 -1 0.00 0.00 0.00 100.00 100.00 -1000 2.02 5.84 -16.47 -1000 22.91 1.59 680.431
car -1 -1 0.00 0.00 0.00 100.00 100.00 -1000 1.89 4.54 -5.40 -1000 11.80 1.49 677.726
car -1 -1 0.00 0.00 0.00 100.00 100.00 -1000 1.71 4.53 1.35 -1000 14.92 -0.42 659.175
car -1 -1 0.00 0.00 0.00 100.00 100.00 -1000 2.05 5.95 2.05 -1000 18.61 1.54 648.386
car -1 -1 0.00 0.00 0.00 100.00 100.00 -1000 1.55 3.44 -17.24 -1000 21.80 1.57 647.576
car -1 -1 0.00 0.00 0.00 100.00 100.00 -1000 1.89 4.74 5.84 -1000 14.41 1.61 643.157
car -1 -1 0.00 0.00 0.00 100.00 100.00 -1000 1.80 4.24 -3.63 -1000 10.33 1.74 639.179
car -1 -1 0.00 0.00 0.00 100.00 100.00 -1000 1.72 4.08 5.14 -1000 6.51 1.58 636.557
car -1 -1 0.00 0.00 0.00 100.00 100.00 -1000 1.99 4.85 -0.27 -1000 12.19 1.77 626.263
car -1 -1 0.00 0.00 0.00 100.00 100.00 -1000 2.08 5.88 5.68 -1000 15.52 1.52 622.215
car -1 -1 0.00 0.00 0.00 100.00 100.00 -1000 3.03 10.53 -4.74 -1000 13.13 1.58 615.336
car -1 -1 0.00 0.00 0.00 100.00 100.00 -1000 2.14 6.17 5.72 -1000 18.96 1.50 612.419
car -1 -1 0.00 0.00 0.00 100.00 100.00 -1000 2.91 8.34 -5.24 -1000 16.58 1.49 610.136
car -1 -1 0.00 0.00 0.00 100.00 100.00 -1000 2.01 5.71 -6.63 -1000 19.93 1.63 601.107
car -1 -1 0.00 0.00 0.00 100.00 100.00 -1000 2.01 5.74 3.84 -1000 15.88 1.56 592.843
car -1 -1 0.00 0.00 0.00 100.00 100.00 -1000 2.08 6.28 2.90 -1000 17.64 1.57 589.642
car -1 -1 0.00 0.00 0.00 100.00 100.00 -1000 2.15 7.03 8.40 -1000 15.12 1.56 574.510
car -1 -1 0.00 0.00 0.00 100.00 100.00 -1000 1.79 4.63 -14.42 -1000 27.00 1.58 569.532
car -1 -1 0.00 0.00 0.00 100.00 100.00 -1000 1.69 3.90 -18.03 -1000 26.52 1.57 565.159
car -1 -1 0.00 0.00 0.00 100.00 100.00 -1000 2.54 7.31 4.79 -1000 6.54 1.92 553.310
car -1 -1 0.00 0.00 0.00 100.00 100.00 -1000 2.53 9.41 -3.71 -1000 20.76 1.47 544.560
car -1 -1 0.00 0.00 0.00 100.00 100.00 -1000 3.78 15.60 0.84 -1000 17.24 1.41 543.512
car -1 -1 0.00 0.00 0.00 100.00 100.00 -1000 1.95 5.29 5.84 -1000 8.27 1.53 539.806
car -1 -1 0.00 0.00 0.00 100.00 100.00 -1000 1.75 4.15 4.94 -1000 11.27 1.59 533.910
car -1 -1 0.00 0.00 0.00 100.00 100.00 -1000 2.43 7.98 3.57 -1000 16.80 1.44 527.435
car -1 -1 0.00 0.00 0.00 100.00 100.00 -1000 1.66 4.06 -18.36 -1000 22.96 1.56 511.309
car -1 -1 0.00 0.00 0.00 100.00 100.00 -1000 2.53 10.65 1.88 -1000 23.29 1.45 482.077
car -1 -1 0.00 0.00 0.00 100.00 100.00 -1000 2.22 6.77 6.76 -1000 17.61 1.56 476.157
car -1 -1 0.00 0.00 0.00 100.00 100.00 -1000 3.17 11.19 4.37 -1000 5.73 1.98 471.811
car -1 -1 0.00 0.00 0.00 100.00 100.00 -1000 2.68 7.99 2.80 -1000 8.51 2.02 455.194
car -1 -1 0.00 0.00 0.00 100.00 100.00 -1000 2.06 5.95 -4.43 -1000 18.37 1.54 454.682
car -1 -1 0.00 0.00 0.00 100.00 100.00 -1000 2.05 5.08 4.35 -1000 5.77 1.55 442.700
car -1 -1 0.00 0.00 0.00 100.00 100.00 -1000 1.98 5.15 -2.83 -1000 11.68 1.84 436.531
car -1 -1 0.00 0.00 0.00 100.00 100.00 -1000 2.60 12.26 -15.35 -1000 24.66 1.28 414.934
car -1 -1 0.00 0.00 0.00 100.00 100.00 -1000 2.11 4.46 -6.81 -1000 12.15 1.56 412.002
car -1 -1 0.00 0.00 0.00 100.00 100.00 -1000 2.24 7.14 -3.77 -1000 15.88 -0.09 403.535
car -1 -1 0.00 0.00 0.00 100.00 100.00 -1000 1.58 4.04 9.33 -1000 13.82 -0.26 389.150
car -1 -1 0.00 0.00 0.00 100.00 100.00 -1000 2.18 6.80 0.03 -1000 20.28 1.49 388.441
car -1 -1 0.00 0.00 0.00 100.00 100.00 -1000 2.81 11.20 -16.50 -1000 23.55 1.50 385.563
car -1 -1 0.00 0.00 0.00 100.00 100.00 -1000 1.92 4.58 2.12 -1000 8.14 1.76 376.891
car -1 -1 0.00 0.00 0.00 100.00 100.00 -1000 2.18 6.06 -5.95 -1000 17.56 1.53 374.825
car -1 -1 0.00 0.00 0.00 100.00 100.00 -1000 1.71 4.21 6.88 -1000 12.89 -0.12 367.052
car -1 -1 0.00 0.00 0.00 100.00 100.00 -1000 2.23 6.89 4.71 -1000 19.90 1.55 357.812
car -1 -1 0.00 0.00 0.00 100.00 100.00 -1000 1.98 5.69 -3.51 -1000 19.15 1.50 342.616
car -1 -1 0.00 0.00 0.00 100.00 100.00 -1000 2.03 6.61 -14.55 -1000 22.46 1.53 329.936
car -1 -1 0.00 0.00 0.00 100.00 100.00 -1000 2.13 6.22 -6.14 -1000 18.97 1.54 327.337
car -1 -1 0.00 0.00 0.00 100.00 100.00 -1000 1.96 4.82 -15.77 -1000 20.80 0.05 321.614
car -1 -1 0.00 0.00 0.00 100.00 100.00 -1000 2.35 9.25 10.19 -1000 17.44 1.40 321.238
car -1 -1 0.00 0.00 0.00 100.00 100.00 -1000 2.12 6.47 5.33 -1000 10.61 1.67 319.857
car -1 -1 0.00 0.00 0.00 100.00 100.00 -1000 2.49 8.45 -0.80 -1000 17.57 1.54 314.723
car -1 -1 0.00 0.00 0.00 100.00 100.00 -1000 2.10 6.40 -16.92 -1000 27.01 1.60 313.195
car -1 -1 0.00 0.00 0.00 100.00 100.00 -1000 2.19 8.45 -12.00 -1000 24.54 1.39 305.715
car -1 -1 0.00 0.00 0.00 100.00 100.00 -1000 2.10 6.01 2.84 -1000 13.34 1.59 302.846
car -1 -1 0.00 0.00 0.00 100.00 100.00 -1000 2.03 5.99 7.33 -1000 18.51 1.59 299.468
car -1 -1 0.00 0.00 0.00 100.00 100.00 -1000 2.05 5.82 -17.71 -1000 25.88 1.66 295.350
car -1 -1 0.00 0.00 0.00 100.00 100.00 -1000 1.87 4.69 9.17 -1000 13.00 1.63 290.374
car -1 -1 0.00 0.00 0.00 100.00 100.00 -1000 2.26 9.57 8.81 -1000 22.11 1.38 273.612
car -1 -1 0.00 0.00 0.00 100.00 100.00 -1000 2.35 9.01 -14.97 -1000 25.47 1.38 273.462
car -1 -1 0.00 0.00 0.00 100.00 100.00 -1000 2.45 9.08 -4.35 -1000 22.41 1.46 268.909
car -1 -1 0.00 0.00 0.00 100.00 100.00 -1000 2.09 6.14 -17.82 -1000 23.59 1.60 262.945
car -1 -1 0.00 0.00 0.00 100.00 100.00 -1000 2.34 9.47 5.49 -1000 23.25 1.51 261.507
car -1 -1 0.00 0.00 0.00 100.00 100.00 -1000 2.29 9.12 -11.83 -1000 23.32 1.42 261.096
car -1 -1 0.00 0.00 0.00 100.00 100.00 -1000 2.25 10.31 1.17 -1000 24.43 1.45 258.065
car -1 -1 0.00 0.00 0.00 100.00 100.00 -1000 2.07 5.78 15.53 -1000 19.12 1.63 257.727
car -1 -1 0.00 0.00 0.00 100.00 100.00 -1000 2.00 6.44 -13.48 -1000 21.67 1.51 254.149
car -1 -1 0.00 0.00 0.00 100.00 100.00 -1000 2.68 7.02 2.04 -1000 11.87 1.83 252.828
car -1 -1 0.00 0.00 0.00 100.00 100.00 -1000 2.03 5.94 5.34 -1000 12.43 1.52 251.754
car -1 -1 0.00 0.00 0.00 100.00 100.00 -1000 2.28 7.11 5.62 -1000 13.33 1.46 238.263
car -1 -1 0.00 0.00 0.00 100.00 100.00 -1000 2.21 6.92 -14.04 -1000 27.62 1.52 231.226
car -1 -1 0.00 0.00 0.00 100.00 100.00 -1000 1.72 4.94 3.45 -1000 15.02 -0.04 226.998
car -1 -1 0.00 0.00 0.00 100.00 100.00 -1000 2.54 9.57 8.85 -1000 15.93 1.50 225.146
car -1 -1 0.00 0.00 0.00 100.00 100.00 -1000 2.51 8.51 -9.84 -1000 15.84 1.48 213.952
car -1 -1 0.00 0.00 0.00 100.00 100.00 -1000 1.67 4.08 -7.74 -1000 19.34 -0.11 211.410
car -1 -1 0.00 0.00 0.00 100.00 100.00 -1000 2.23 7.09 10.45 -1000 14.19 1.62 208.521
car -1 -1 0.00 0.00 0.00 100.00 100.00 -1000 2.30 9.12 -3.81 -1000 23.60 1.46 201.263
car -1 -1 0.00 0.00 0.00 100.00 100.00 -1000 2.24 7.11 -1.19 -1000 23.16 1.52 200.106
car -1 -1 0.00 0.00 0.00 100.00 100.00 -1000 2.95 9.35 6.20 -1000 8.67 1.58 199.643
car -1 -1 0.00 0.00 0.00 100.00 100.00 -1000 2.38 7.37 -1.35 -1000 21.31 1.46 198.862
car -1 -1 0.00 0.00 0.00 100.00 100.00 -1000 1.99 6.16 -12.86 -1000 26.65 1.56 185.761
car -1 -1 0.00 0.00 0.00 100.00 100.00 -1000 1.83 5.15 7.38 -1000 7.07 1.58 181.063
car -1 -1 0.00 0.00 0.00 100.00 100.00 -1000 1.93 4.98 -17.62 -1000 21.11 1.51 175.051
car -1 -1 0.00 0.00 0.00 100.00 100.00 -1000 2.75 11.63 8.93 -1000 18.88 1.44 170.184
car -1 -1 0.00 0.00 0.00 100.00 100.00 -1000 2.32 6.93 3.65 -1000 4.88 1.71 167.866
car -1 -1 0.00 0.00 0.00 100.00 100.00 -1000 2.23 6.91 -15.82 -1000 26.30 1.51 161.164
car -1 -1 0.00 0.00 0.00 100.00 100.00 -1000 2.46 8.63 -18.15 -1000 27.75 1.59 158.438
car -1 -1 0.00 0.00 0.00 100.00 100.00 -1000 3.06 8.49 -5.06 -1000 11.26 1.74 158.280
car -1 -1 0.00 0.00 0.00 100.00 100.00 -1000 3.49 12.26 4.56 -1000 10.19 2.03 157.605
car -1 -1 0.00 0.00 0.00 100.00 100.00 -1000 1.79 4.23 3.00 -1000 12.36 1.64 155.165
car -1 -1 0.00 0.00 0.00 100.00 100.00 -1000 1.65 4.35 -18.75 -1000 21.98 -0.18 152.643
car -1 -1 0.00 0.00 0.00 100.00 100.00 -1000 6.04 32.09 4.96 -1000 5.80 2.53 151.247
car -1 -1 0.00 0.00 0.00 100.00 100.00 -1000 2.86 12.05 4.22 -1000 20.46 1.50 149.161
car -1 -1 0.00 0.00 0.00 100.00 100.00 -1000 2.20 8.78 -10.30 -1000 28.62 1.49 147.585
car -1 -1 0.00 0.00 0.00 100.00 100.00 -1000 2.07 8.70 -11.88 -1000 29.37 1.40 140.793
car -1 -1 0.00 0.00 0.00 100.00 100.00 -1000 2.17 7.92 -10.88 -1000 25.41 1.49 140.324
car -1 -1 0.00 0.00 0.00 100.00 100.00 -1000 2.26 9.28 -16.42 -1000 30.51 1.58 139.321
car -1 -1 0.00 0.00 0.00 100.00 100.00 -1000 2.14 6.33 6.52 -1000 5.71 1.55 136.889
car -1 -1 0.00 0.00 0.00 100.00 100.00 -1000 2.52 11.21 8.89 -1000 20.98 1.41 133.204
car -1 -1 0.00 0.00 0.00 100.00 100.00 -1000 2.27 6.48 -17.68 -1000 24.89 1.58 132.052
car -1 -1 0.00 0.00 0.00 100.00 100.00 -1000 1.66 3.87 6.28 -1000 13.64 -0.23 131.060
car -1 -1 0.00 0.00 0.00 100.00 100.00 -1000 2.86 13.24 -11.76 -1000 22.10 1.43 129.374
car -1 -1 0.00 0.00 0.00 100.00 100.00 -1000 2.12 6.64 14.87 -1000 18.27 1.59 129.135
car -1 -1 0.00 0.00 0.00 100.00 100.00 -1000 2.70 10.65 7.59 -1000 20.00 1.49 127.015
car -1 -1 0.00 0.00 0.00 100.00 100.00 -1000 2.12 9.66 10.03 -1000 22.99 1.54 120.180
car -1 -1 0.00 0.00 0.00 100.00 100.00 -1000 2.45 11.05 12.06 -1000 16.19 1.47 116.319
car -1 -1 0.00 0.00 0.00 100.00 100.00 -1000 2.26 8.04 15.34 -1000 19.93 1.57 115.672
car -1 -1 0.00 0.00 0.00 100.00 100.00 -1000 2.55 7.75 -15.01 -1000 19.74 1.57 110.664
car -1 -1 0.00 0.00 0.00 100.00 100.00 -1000 2.09 8.49 14.64 -1000 14.49 1.47 108.626
car -1 -1 0.00 0.00 0.00 100.00 100.00 -1000 2.87 9.82 -7.13 -1000 18.08 1.49 107.534
car -1 -1 0.00 0.00 0.00 100.00 100.00 -1000 2.01 9.01 -9.73 -1000 27.41 1.44 107.331
car -1 -1 0.00 0.00 0.00 100.00 100.00 -1000 2.21 9.83 4.12 -1000 24.06 1.60 107.244
car -1 -1 0.00 0.00 0.00 100.00 100.00 -1000 2.18 7.28 0.43 -1000 32.97 1.62 105.999
car -1 -1 0.00 0.00 0.00 100.00 100.00 -1000 2.66 10.46 -8.19 -1000 20.63 1.52 104.022
car -1 -1 0.00 0.00 0.00 100.00 100.00 -1000 2.08 7.02 8.61 -1000 6.46 1.53 102.187
car -1 -1 0.00 0.00 0.00 100.00 100.00 -1000 2.24 7.18 -18.87 -1000 22.49 1.57 100.634
car -1 -1 0.00 0.00 0.00 100.00 100.00 -1000 2.93 7.85 -7.58 -1000 12.00 1.57 100.463
car -1 -1 0.00 0.00 0.00 100.00 100.00 -1000 2.39 8.71 -12.33 -1000 20.85 1.51 98.124
car -1 -1 0.00 0.00 0.00 100.00 100.00 -1000 2.84 10.23 -0.86 -1000 22.28 1.57 96.668
car -1 -1 0.00 0.00 0.00 100.00 100.00 -1000 2.22 7.27 3.83 -1000 41.56 1.52 95.130
car -1 -1 0.00 0.00 0.00 100.00 100.00 -1000 2.33 7.77 -8.40 -1000 19.38 1.48 94.733
car -1 -1 0.00 0.00 0.00 100.00 100.00 -1000 2.03 7.47 -10.14 -1000 26.56 1.47 93.376
car -1 -1 0.00 0.00 0.00 100.00 100.00 -1000 1.99 7.64 3.45 -1000 28.98 1.48 93.162
car -1 -1 0.00 0.00 0.00 100.00 100.00 -1000 4.79 19.33 4.40 -1000 9.22 2.42 90.295
car -1 -1 0.00 0.00 0.00 100.00 100.00 -1000 2.37 8.90 -17.65 -1000 29.64 1.54 90.207
car -1 -1 0.00 0.00 0.00 100.00 100.00 -1000 2.17 10.49 -10.94 -1000 30.25 1.54 88.821
car -1 -1 0.00 0.00 0.00 100.00 100.00 -1000 2.25 7.13 8.20 -1000 12.21 1.64 87.137
car -1 -1 0.00 0.00 0.00 100.00 100.00 -1000 2.45 9.05 -9.80 -1000 17.70 1.60 86.828
car -1 -1 0.00 0.00 0.00 100.00 100.00 -1000 1.97 8.68 11.28 -1000 8.42 1.57 85.626
car -1 -1 0.00 0.00 0.00 100.00 100.00 -1000 2.22 9.73 -7.13 -1000 23.24 1.61 84.301
car -1 -1 0.00 0.00 0.00 100.00 100.00 -1000 2.27 9.00 8.20 -1000 8.02 1.47 84.163
car -1 -1 0.00 0.00 0.00 100.00 100.00 -1000 2.80 14.40 4.98 -1000 22.11 1.38 83.970
car -1 -1 0.00 0.00 0.00 100.00 100.00 -1000 1.93 7.79 14.68 -1000 15.78 1.42 82.506
car -1 -1 0.00 0.00 0.00 100.00 100.00 -1000 2.31 9.68 14.59 -1000 17.39 1.60 82.451
car -1 -1 0.00 0.00 0.00 100.00 100.00 -1000 2.25 7.32 -14.24 -1000 18.53 1.56 81.759
car -1 -1 0.00 0.00 0.00 100.00 100.00 -1000 3.80 14.51 -6.45 -1000 16.77 1.59 80.822
car -1 -1 0.00 0.00 0.00 100.00 100.00 -1000 2.63 10.84 11.33 -1000 14.83 1.48 79.909
car -1 -1 0.00 0.00 0.00 100.00 100.00 -1000 2.04 8.87 14.66 -1000 12.87 1.45 79.150
car -1 -1 0.00 0.00 0.00 100.00 100.00 -1000 2.04 9.70 11.50 -1000 21.69 1.40 79.049
car -1 -1 0.00 0.00 0.00 100.00 100.00 -1000 1.98 8.46 5.23 -1000 3.64 1.57 78.895
car -1 -1 0.00 0.00 0.00 100.00 100.00 -1000 3.21 14.88 7.54 -1000 11.03 1.67 77.231
car -1 -1 0.00 0.00 0.00 100.00 100.00 -1000 2.49 7.05 -2.41 -1000 14.02 -0.78 76.131
car -1 -1 0.00 0.00 0.00 100.00 100.00 -1000 2.10 9.73 17.82 -1000 20.92 1.43 75.210
car -1 -1 0.00 0.00 0.00 100.00 100.00 -1000 2.57 8.79 -12.21 -1000 16.26 1.57 74.897
car -1 -1 0.00 0.00 0.00 100.00 100.00 -1000 2.71 11.71 -5.93 -1000 21.61 1.45 74.656
car -1 -1 0.00 0.00 0.00 100.00 100.00 -1000 1.94 8.18 16.51 -1000 16.56 1.56 72.561
car -1 -1 0.00 0.00 0.00 100.00 100.00 -1000 2.01 10.27 -5.70 -1000 24.20 1.40 72.388
car -1 -1 0.00 0.00 0.00 100.00 100.00 -1000 2.09 7.87 10.02 -1000 7.22 1.50 71.564
car -1 -1 0.00 0.00 0.00 100.00 100.00 -1000 2.18 10.20 -9.65 -1000 24.06 1.61 71.234
car -1 -1 0.00 0.00 0.00 100.00 100.00 -1000 2.02 9.02 1.08 -1000 33.81 1.41 70.469
car -1 -1 0.00 0.00 0.00 100.00 100.00 -1000 2.69 12.08 -14.84 -1000 28.06 1.46 69.496
car -1 -1 0.00 0.00 0.00 100.00 100.00 -1000 2.35 9.34 12.32 -1000 13.61 1.53 68.976
car -1 -1 0.00 0.00 0.00 100.00 100.00 -1000 2.69 15.88 7.71 -1000 9.32 1.51 68.921
car -1 -1 0.00 0.00 0.00 100.00 100.00 -1000 2.06 9.49 3.64 -1000 27.04 1.59 67.188
car -1 -1 0.00 0.00 0.00 100.00 100.00 -1000 1.79 4.98 9.32 -1000 17.78 -0.19 66.945
car -1 -1 0.00 0.00 0.00 100.00 100.00 -1000 4.72 15.76 -2.07 -1000 10.61 2.40 66.685
car -1 -1 0.00 0.00 0.00 100.00 100.00 -1000 2.46 7.93 10.83 -1000 12.60 1.53 66.457
car -1 -1 0.00 0.00 0.00 100.00 100.00 -1000 2.89 7.41 -3.92 -1000 9.86 1.64 66.166
car -1 -1 0.00 0.00 0.00 100.00 100.00 -1000 2.11 11.06 0.49 -1000 30.20 1.60 63.384
car -1 -1 0.00 0.00 0.00 100.00 100.00 -1000 2.01 9.65 3.12 -1000 32.26 1.42 63.301
car -1 -1 0.00 0.00 0.00 100.00 100.00 -1000 2.13 7.87 16.82 -1000 17.82 1.55 63.298
car -1 -1 0.00 0.00 0.00 100.00 100.00 -1000 2.04 8.82 9.36 -1000 9.39 1.40 61.617
car -1 -1 0.00 0.00 0.00 100.00 100.00 -1000 1.93 10.54 7.68 -1000 24.23 1.36 61.494
car -1 -1 0.00 0.00 0.00 100.00 100.00 -1000 2.13 7.83 13.70 -1000 11.99 1.47 61.265
car -1 -1 0.00 0.00 0.00 100.00 100.00 -1000 2.73 10.49 12.11 -1000 18.51 1.54 61.175
car -1 -1 0.00 0.00 0.00 100.00 100.00 -1000 2.29 9.12 0.29 -1000 31.07 1.61 60.440
car -1 -1 0.00 0.00 0.00 100.00 100.00 -1000 2.19 6.89 3.57 -1000 40.46 1.57 60.302
car -1 -1 0.00 0.00 0.00 100.00 100.00 -1000 3.09 15.06 1.77 -1000 21.33 1.48 59.788
car -1 -1 0.00 0.00 0.00 100.00 100.00 -1000 2.13 9.93 3.95 -1000 30.53 1.62 59.282
car -1 -1 0.00 0.00 0.00 100.00 100.00 -1000 2.19 8.19 7.64 -1000 10.27 1.39 59.134
car -1 -1 0.00 0.00 0.00 100.00 100.00 -1000 1.95 10.74 -8.50 -1000 25.86 1.36 59.103
car -1 -1 0.00 0.00 0.00 100.00 100.00 -1000 1.87 8.89 3.27 -1000 25.82 1.43 58.959
car -1 -1 0.00 0.00 0.00 100.00 100.00 -1000 2.06 9.95 11.62 -1000 10.07 1.59 58.699
car -1 -1 0.00 0.00 0.00 100.00 100.00 -1000 2.00 9.04 5.02 -1000 39.13 1.59 58.321
car -1 -1 0.00 0.00 0.00 100.00 100.00 -1000 2.41 8.88 7.37 -1000 4.81 1.53 58.153
car -1 -1 0.00 0.00 0.00 100.00 100.00 -1000 2.17 10.03 15.35 -1000 21.60 1.64 57.545
car -1 -1 0.00 0.00 0.00 100.00 100.00 -1000 1.95 9.00 9.65 -1000 5.60 1.42 57.487
car -1 -1 0.00 0.00 0.00 100.00 100.00 -1000 1.97 10.03 -19.68 -1000 32.29 1.41 57.465
car -1 -1 0.00 0.00 0.00 100.00 100.00 -1000 1.90 10.33 -6.87 -1000 25.04 1.35 56.492
car -1 -1 0.00 0.00 0.00 100.00 100.00 -1000 2.79 8.89 -18.37 -1000 20.93 1.64 55.988
car -1 -1 0.00 0.00 0.00 100.00 100.00 -1000 1.96 10.23 -19.71 -1000 1.64 1.40 55.942
car -1 -1 0.00 0.00 0.00 100.00 100.00 -1000 1.88 9.84 6.11 -1000 27.47 1.38 55.926
car -1 -1 0.00 0.00 0.00 100.00 100.00 -1000 1.60 4.50 3.51 -1000 19.19 -0.50 55.733
car -1 -1 0.00 0.00 0.00 100.00 100.00 -1000 1.96 10.03 -19.67 -1000 33.91 1.42 55.351
car -1 -1 0.00 0.00 0.00 100.00 100.00 -1000 2.12 10.18 -2.49 -1000 24.83 1.65 55.195
car -1 -1 0.00 0.00 0.00 100.00 100.00 -1000 2.04 9.11 3.34 -1000 33.35 1.45 55.108
car -1 -1 0.00 0.00 0.00 100.00 100.00 -1000 2.12 9.17 5.75 -1000 40.95 1.63 54.871
car -1 -1 0.00 0.00 0.00 100.00 100.00 -1000 2.10 10.12 5.61 -1000 24.85 1.65 54.702
car -1 -1 0.00 0.00 0.00 100.00 100.00 -1000 2.06 8.21 12.59 -1000 46.47 1.59 54.464
car -1 -1 0.00 0.00 0.00 100.00 100.00 -1000 2.14 10.25 0.84 -1000 42.57 1.66 54.346
car -1 -1 0.00 0.00 0.00 100.00 100.00 -1000 2.18 8.94 -0.62 -1000 34.49 1.62 54.277
car -1 -1 0.00 0.00 0.00 100.00 100.00 -1000 2.17 6.54 0.07 -1000 32.00 1.45 54.169
car -1 -1 0.00 0.00 0.00 100.00 100.00 -1000 2.10 9.74 5.70 -1000 26.45 1.64 53.944
car -1 -1 0.00 0.00 0.00 100.00 100.00 -1000 1.96 10.03 -19.67 -1000 3.26 1.42 53.907
car -1 -1 0.00 0.00 0.00 100.00 100.00 -1000 1.94 9.97 2.98 -1000 34.68 1.41 53.623
car -1 -1 0.00 0.00 0.00 100.00 100.00 -1000 2.10 10.10 -0.79 -1000 41.81 1.64 52.910
car -1 -1 0.00 0.00 0.00 100.00 100.00 -1000 2.09 6.96 3.47 -1000 27.92 1.45 52.866
car -1 -1 0.00 0.00 0.00 100.00 100.00 -1000 2.12 10.17 15.34 -1000 11.17 1.64 52.672
car -1 -1 0.00 0.00 0.00 100.00 100.00 -1000 1.78 8.62 4.86 -1000 2.43 1.43 52.640
car -1 -1 0.00 0.00 0.00 100.00 100.00 -1000 1.96 10.08 -19.67 -1000 35.53 1.42 52.154
car -1 -1 0.00 0.00 0.00 100.00 100.00 -1000 2.11 10.14 -18.62 -1000 31.28 1.66 51.756
car -1 -1 0.00 0.00 0.00 100.00 100.00 -1000 2.26 11.31 0.71 -1000 35.39 1.65 51.639
car -1 -1 0.00 0.00 0.00 100.00 100.00 -1000 2.12 10.29 0.74 -1000 45.06 1.64 51.462
car -1 -1 0.00 0.00 0.00 100.00 100.00 -1000 2.18 11.00 2.31 -1000 43.45 1.64 51.219
car -1 -1 0.00 0.00 0.00 100.00 100.00 -1000 1.96 10.09 -19.66 -1000 4.88 1.42 50.942
car -1 -1 0.00 0.00 0.00 100.00 100.00 -1000 1.98 10.28 -19.67 -1000 43.60 1.42 50.921
car -1 -1 0.00 0.00 0.00 100.00 100.00 -1000 2.76 10.36 -18.10 -1000 25.60 1.50 50.786
car -1 -1 0.00 0.00 0.00 100.00 100.00 -1000 1.95 10.06 -19.68 -1000 45.22 1.41 50.674
car -1 -1 0.00 0.00 0.00 100.00 100.00 -1000 2.09 9.48 12.87 -1000 45.57 1.60 50.349
car -1 -1 0.00 0.00 0.00 100.00 100.00 -1000 2.13 10.60 7.17 -1000 1.50 1.64 50.283
car -1 -1 0.00 0.00 0.00 100.00 100.00 -1000 2.24 8.75 18.35 -1000 18.94 1.45 50.272
car -1 -1 0.00 0.00 0.00 100.00 100.00 -1000 2.06 9.79 17.83 -1000 22.06 1.45 50.116
