car -1 -1 0.00 0.00 0.00 100.00 100.00 -1000 1.50 3.13 -3.50 -1000 29.87 1.76 999.077
car -1 -1 0.00 0.00 0.00 100.00 100.00 -1000 1.58 3.40 -4.23 -1000 30.45 1.60 995.715
car -1 -1 0.00 0.00 0.00 100.00 100.00 -1000 1.98 5.15 -1.84 -1000 33.56 1.52 990.408
car -1 -1 0.00 0.00 0.00 100.00 100.00 -1000 2.20 7.74 -5.66 -1000 31.80 1.58 988.577
car -1 -1 0.00 0.00 0.00 100.00 100.00 -1000 2.66 10.00 -3.28 -1000 32.83 1.50 986.405
car -1 -1 0.00 0.00 0.00 100.00 100.00 -1000 1.55 3.79 -4.12 -1000 29.29 -0.09 985.708
car -1 -1 0.00 0.00 0.00 100.00 100.00 -1000 1.55 3.51 10.14 -1000 33.35 1.60 979.273
car -1 -1 0.00 0.00 0.00 100.00 100.00 -1000 1.89 4.73 -4.55 -1000 31.20 1.52 976.883
car -1 -1 0.00 0.00 0.00 100.00 100.00 -1000 3.60 19.32 -4.23 -1000 32.46 1.32 973.778
car -1 -1 0.00 0.00 0.00 100.00 100.00 -1000 1.52 3.42 7.57 -1000 29.66 1.63 967.236
car -1 -1 0.00 0.00 0.00 100.00 100.00 -1000 1.70 4.14 -0.73 -1000 34.06 1.58 966.385
car -1 -1 0.00 0.00 0.00 100.00 100.00 -1000 2.68 10.00 -1.75 -1000 31.79 1.48 964.758
car -1 -1 0.00 0.00 0.00 100.00 100.00 -1000 1.53 3.41 16.64 -1000 20.50 1.59 956.079
car -1 -1 0.00 0.00 0.00 100.00 100.00 -1000 1.45 3.09 1.79 -1000 47.26 1.65 951.842
car -1 -1 0.00 0.00 0.00 100.00 100.00 -1000 1.91 5.31 -0.58 -1000 32.98 -0.27 949.872
car -1 -1 0.00 0.00 0.00 100.00 100.00 -1000 1.57 3.52 3.18 -1000 29.70 1.61 945.930
car -1 -1 0.00 0.00 0.00 100.00 100.00 -1000 1.50 3.30 5.65 -1000 39.53 1.61 943.782
car -1 -1 0.00 0.00 0.00 100.00 100.00 -1000 1.58 3.70 1.79 -1000 46.46 -0.00 940.357
car -1 -1 0.00 0.00 0.00 100.00 100.00 -1000 1.56 3.57 0.66 -1000 33.59 1.74 937.293
car -1 -1 0.00 0.00 0.00 100.00 100.00 -1000 2.24 6.69 -5.73 -1000 33.30 1.51 932.269
car -1 -1 0.00 0.00 0.00 100.00 100.00 -1000 2.01 5.30 -3.21 -1000 32.83 1.51 918.111
car -1 -1 0.00 0.00 0.00 100.00 100.00 -1000 2.50 8.95 -0.46 -1000 30.91 1.43 870.968
car -1 -1 0.00 0.00 0.00 100.00 100.00 -1000 2.65 9.71 -3.74 -1000 31.02 1.51 854.962
car -1 -1 0.00 0.00 0.00 100.00 100.00 -1000 2.06 6.25 -4.90 -1000 34.17 1.54 854.154
car -1 -1 0.00 0.00 0.00 100.00 100.00 -1000 1.61 3.71 2.35 -1000 39.14 1.55 850.347
car -1 -1 0.00 0.00 0.00 100.00 100.00 -1000 2.20 6.66 -1.77 -1000 37.01 1.51 846.091
car -1 -1 0.00 0.00 0.00 100.00 100.00 -1000 2.02 5.47 0.54 -1000 31.74 1.56 842.842
car -1 -1 0.00 0.00 0.00 100.00 100.00 -1000 1.52 3.42 7.20 -1000 28.95 0.07 838.193
car -1 -1 0.00 0.00 0.00 100.00 100.00 -1000 1.54 3.65 9.91 -1000 32.54 -0.08 828.649
car -1 -1 0.00 0.00 0.00 100.00 100.00 -1000 1.63 3.86 6.54 -1000 30.27 1.55 815.840
car -1 -1 0.00 0.00 0.00 100.00 100.00 -1000 1.53 3.77 -2.13 -1000 29.14 1.69 812.648
car -1 -1 0.00 0.00 0.00 100.00 100.00 -1000 1.52 3.56 2.72 -1000 29.00 0.06 809.670
car -1 -1 0.00 0.00 0.00 100.00 100.00 -1000 1.61 3.62 7.16 -1000 13.69 1.55 802.036
car -1 -1 0.00 0.00 0.00 100.00 100.00 -1000 1.61 3.72 4.85 -1000 30.20 1.67 801.853
car -1 -1 0.00 0.00 0.00 100.00 100.00 -1000 1.55 3.45 13.72 -1000 38.75 1.57 799.754
car -1 -1 0.00 0.00 0.00 100.00 100.00 -1000 1.50 3.42 -7.16 -1000 37.63 1.60 785.549
car -1 -1 0.00 0.00 0.00 100.00 100.00 -1000 2.37 8.80 11.45 -1000 35.80 1.37 779.909
car -1 -1 0.00 0.00 0.00 100.00 100.00 -1000 1.86 5.36 0.22 -1000 34.79 1.56 773.610
car -1 -1 0.00 0.00 0.00 100.00 100.00 -1000 1.63 3.97 3.15 -1000 39.79 1.58 771.128
car -1 -1 0.00 0.00 0.00 100.00 100.00 -1000 2.36 8.72 0.54 -1000 36.62 1.44 763.741
car -1 -1 0.00 0.00 0.00 100.00 100.00 -1000 1.58 3.97 11.66 -1000 33.48 1.64 763.037
car -1 -1 0.00 0.00 0.00 100.00 100.00 -1000 1.54 3.61 16.19 -1000 19.68 -0.03 757.884
car -1 -1 0.00 0.00 0.00 100.00 100.00 -1000 1.65 4.08 9.69 -1000 34.15 1.65 756.678
car -1 -1 0.00 0.00 0.00 100.00 100.00 -1000 1.63 3.71 8.24 -1000 13.17 1.60 747.489
car -1 -1 0.00 0.00 0.00 100.00 100.00 -1000 1.64 4.05 15.20 -1000 20.88 1.52 747.415
car -1 -1 0.00 0.00 0.00 100.00 100.00 -1000 1.52 3.61 5.05 -1000 38.76 0.09 734.678
car -1 -1 0.00 0.00 0.00 100.00 100.00 -1000 1.90 5.60 -2.36 -1000 30.35 1.57 731.237
car -1 -1 0.00 0.00 0.00 100.00 100.00 -1000 1.76 4.18 -3.81 -1000 28.44 1.63 730.317
car -1 -1 0.00 0.00 0.00 100.00 100.00 -1000 2.05 7.21 -1.68 -1000 38.10 1.54 724.803
car -1 -1 0.00 0.00 0.00 100.00 100.00 -1000 1.83 4.51 5.36 -1000 31.32 1.52 722.244
car -1 -1 0.00 0.00 0.00 100.00 100.00 -1000 1.84 5.05 2.29 -1000 30.27 1.50 699.360
car -1 -1 0.00 0.00 0.00 100.00 100.00 -1000 1.57 3.66 5.75 -1000 45.32 0.02 699.180
car -1 -1 0.00 0.00 0.00 100.00 100.00 -1000 2.38 8.21 -2.39 -1000 35.31 1.48 697.965
car -1 -1 0.00 0.00 0.00 100.00 100.00 -1000 1.52 3.48 -7.49 -1000 36.87 0.05 695.360
car -1 -1 0.00 0.00 0.00 100.00 100.00 -1000 1.78 4.69 9.02 -1000 35.04 1.61 684.685
car -1 -1 0.00 0.00 0.00 100.00 100.00 -1000 2.15 7.02 -1.56 -1000 34.45 1.51 684.424
car -1 -1 0.00 0.00 0.00 100.00 100.00 -1000 1.88 5.44 2.69 -1000 33.71 1.56 677.400
car -1 -1 0.00 0.00 0.00 100.00 100.00 -1000 1.95 5.75 9.78 -1000 37.45 1.50 667.392
car -1 -1 0.00 0.00 0.00 100.00 100.00 -1000 1.73 4.21 8.30 -1000 33.91 1.56 661.968
car -1 -1 0.00 0.00 0.00 100.00 100.00 -1000 1.70 4.02 1.93 -1000 33.01 1.65 652.708
car -1 -1 0.00 0.00 0.00 100.00 100.00 -1000 1.54 3.54 -3.19 -1000 41.74 1.58 652.043
car -1 -1 0.00 0.00 0.00 100.00 100.00 -1000 1.54 3.36 -3.13 -1000 47.31 0.10 650.432
car -1 -1 0.00 0.00 0.00 100.00 100.00 -1000 2.25 8.37 -7.65 -1000 34.15 1.48 647.540
car -1 -1 0.00 0.00 0.00 100.00 100.00 -1000 2.16 8.28 10.73 -1000 36.73 1.39 646.340
car -1 -1 0.00 0.00 0.00 100.00 100.00 -1000 1.82 4.59 -6.03 -1000 30.55 1.47 640.160
car -1 -1 0.00 0.00 0.00 100.00 100.00 -1000 1.70 4.55 4.94 -1000 40.17 1.55 638.644
car -1 -1 0.00 0.00 0.00 100.00 100.00 -1000 1.81 5.13 16.51 -1000 21.27 1.57 635.923
car -1 -1 0.00 0.00 0.00 100.00 100.00 -1000 2.05 6.85 6.25 -1000 6.16 1.63 634.186
car -1 -1 0.00 0.00 0.00 100.00 100.00 -1000 1.83 4.94 8.12 -1000 35.78 1.52 634.181
car -1 -1 0.00 0.00 0.00 100.00 100.00 -1000 1.62 3.89 8.25 -1000 32.99 1.54 628.335
car -1 -1 0.00 0.00 0.00 100.00 100.00 -1000 2.10 6.19 5.22 -1000 32.06 1.46 620.154
car -1 -1 0.00 0.00 0.00 100.00 100.00 -1000 1.68 4.39 12.93 -1000 32.99 1.56 617.758
car -1 -1 0.00 0.00 0.00 100.00 100.00 -1000 1.62 3.64 4.19 -1000 29.28 1.64 610.811
car -1 -1 0.00 0.00 0.00 100.00 100.00 -1000 1.98 5.86 3.23 -1000 32.50 1.54 605.639
car -1 -1 0.00 0.00 0.00 100.00 100.00 -1000 2.32 8.02 1.55 -1000 35.55 1.36 601.435
car -1 -1 0.00 0.00 0.00 100.00 100.00 -1000 1.51 3.68 2.93 -1000 46.99 1.72 581.443
car -1 -1 0.00 0.00 0.00 100.00 100.00 -1000 1.71 4.23 9.80 -1000 41.96 1.56 579.836
car -1 -1 0.00 0.00 0.00 100.00 100.00 -1000 1.73 5.15 2.83 -1000 43.43 1.59 578.967
car -1 -1 0.00 0.00 0.00 100.00 100.00 -1000 1.88 5.60 12.38 -1000 34.13 1.51 575.813
car -1 -1 0.00 0.00 0.00 100.00 100.00 -1000 2.19 6.96 -3.83 -1000 36.22 1.45 573.412
car -1 -1 0.00 0.00 0.00 100.00 100.00 -1000 1.99 5.95 0.66 -1000 37.34 1.50 571.941
car -1 -1 0.00 0.00 0.00 100.00 100.00 -1000 1.70 4.27 10.69 -1000 39.46 1.62 568.072
car -1 -1 0.00 0.00 0.00 100.00 100.00 -1000 1.85 5.35 7.12 -1000 30.90 1.62 566.843
car -1 -1 0.00 0.00 0.00 100.00 100.00 -1000 1.57 3.34 -2.99 -1000 40.95 0.06 557.029
car -1 -1 0.00 0.00 0.00 100.00 100.00 -1000 1.54 3.46 5.04 -1000 46.12 1.56 545.384
car -1 -1 0.00 0.00 0.00 100.00 100.00 -1000 1.52 3.68 3.74 -1000 30.59 -0.15 542.666
car -1 -1 0.00 0.00 0.00 100.00 100.00 -1000 1.54 3.50 1.93 -1000 38.14 -0.08 524.650
car -1 -1 0.00 0.00 0.00 100.00 100.00 -1000 1.78 4.70 7.14 -1000 39.82 1.60 519.580
car -1 -1 0.00 0.00 0.00 100.00 100.00 -1000 1.70 3.94 6.06 -1000 29.48 1.57 516.910
car -1 -1 0.00 0.00 0.00 100.00 100.00 -1000 2.10 6.63 12.31 -1000 37.46 1.43 512.778
car -1 -1 0.00 0.00 0.00 100.00 100.00 -1000 1.58 3.77 -5.97 -1000 29.78 0.15 512.399
car -1 -1 0.00 0.00 0.00 100.00 100.00 -1000 1.53 3.54 9.18 -1000 41.23 -0.12 506.885
car -1 -1 0.00 0.00 0.00 100.00 100.00 -1000 1.78 5.17 -4.68 -1000 37.49 1.55 502.977
car -1 -1 0.00 0.00 0.00 100.00 100.00 -1000 1.67 4.09 9.63 -1000 12.77 1.61 499.748
car -1 -1 0.00 0.00 0.00 100.00 100.00 -1000 1.70 5.03 -0.26 -1000 29.00 1.56 495.360
car -1 -1 0.00 0.00 0.00 100.00 100.00 -1000 1.66 4.33 16.51 -1000 29.75 1.64 494.515
car -1 -1 0.00 0.00 0.00 100.00 100.00 -1000 2.03 6.15 2.69 -1000 34.64 1.44 494.322
car -1 -1 0.00 0.00 0.00 100.00 100.00 -1000 1.64 3.87 -1.74 -1000 41.25 1.60 486.291
car -1 -1 0.00 0.00 0.00 100.00 100.00 -1000 1.88 5.04 9.89 -1000 31.37 1.53 483.970
car -1 -1 0.00 0.00 0.00 100.00 100.00 -1000 1.86 5.10 14.39 -1000 22.12 1.53 480.676
car -1 -1 0.00 0.00 0.00 100.00 100.00 -1000 1.58 3.99 -0.03 -1000 47.42 1.62 466.655
car -1 -1 0.00 0.00 0.00 100.00 100.00 -1000 1.88 5.23 4.27 -1000 15.67 1.70 466.301
car -1 -1 0.00 0.00 0.00 100.00 100.00 -1000 1.66 3.86 14.05 -1000 38.00 1.62 465.634
car -1 -1 0.00 0.00 0.00 100.00 100.00 -1000 1.54 3.55 6.71 -1000 46.02 1.68 463.389
car -1 -1 0.00 0.00 0.00 100.00 100.00 -1000 1.64 4.16 13.07 -1000 39.44 1.53 461.858
car -1 -1 0.00 0.00 0.00 100.00 100.00 -1000 2.08 6.33 6.59 -1000 32.81 1.48 461.496
car -1 -1 0.00 0.00 0.00 100.00 100.00 -1000 1.74 4.04 -5.40 -1000 28.70 1.49 460.091
car -1 -1 0.00 0.00 0.00 100.00 100.00 -1000 1.62 3.78 4.00 -1000 45.60 0.20 453.039
car -1 -1 0.00 0.00 0.00 100.00 100.00 -1000 2.39 9.86 12.79 -1000 43.09 1.41 452.240
car -1 -1 0.00 0.00 0.00 100.00 100.00 -1000 1.54 3.57 6.52 -1000 39.07 1.64 443.669
car -1 -1 0.00 0.00 0.00 100.00 100.00 -1000 1.64 4.24 4.15 -1000 46.68 1.59 442.946
car -1 -1 0.00 0.00 0.00 100.00 100.00 -1000 2.10 7.70 -8.13 -1000 32.95 1.51 441.466
car -1 -1 0.00 0.00 0.00 100.00 100.00 -1000 1.83 5.62 9.06 -1000 30.07 1.60 440.204
car -1 -1 0.00 0.00 0.00 100.00 100.00 -1000 1.65 4.09 -1.94 -1000 47.73 1.65 437.087
car -1 -1 0.00 0.00 0.00 100.00 100.00 -1000 1.97 6.41 -8.02 -1000 31.39 1.49 428.060
car -1 -1 0.00 0.00 0.00 100.00 100.00 -1000 1.81 4.82 8.57 -1000 13.93 1.56 423.094
car -1 -1 0.00 0.00 0.00 100.00 100.00 -1000 1.87 5.06 2.40 -1000 42.60 1.61 422.430
car -1 -1 0.00 0.00 0.00 100.00 100.00 -1000 1.94 5.38 2.59 -1000 31.30 1.49 421.702
car -1 -1 0.00 0.00 0.00 100.00 100.00 -1000 1.78 4.62 -14.34 -1000 44.33 1.64 420.116
car -1 -1 0.00 0.00 0.00 100.00 100.00 -1000 1.87 5.13 7.81 -1000 42.00 1.49 418.922
car -1 -1 0.00 0.00 0.00 100.00 100.00 -1000 1.70 5.08 -7.58 -1000 38.21 1.53 416.738
car -1 -1 0.00 0.00 0.00 100.00 100.00 -1000 1.64 3.64 2.57 -1000 45.76 0.03 412.002
car -1 -1 0.00 0.00 0.00 100.00 100.00 -1000 2.23 8.36 3.73 -1000 36.59 1.44 411.825
car -1 -1 0.00 0.00 0.00 100.00 100.00 -1000 2.00 7.40 10.02 -1000 16.12 1.43 410.234
car -1 -1 0.00 0.00 0.00 100.00 100.00 -1000 1.83 4.74 -5.94 -1000 36.81 1.58 409.947
car -1 -1 0.00 0.00 0.00 100.00 100.00 -1000 2.25 11.04 -12.34 -1000 25.32 1.46 407.673
car -1 -1 0.00 0.00 0.00 100.00 100.00 -1000 1.81 4.66 10.68 -1000 38.31 1.57 402.880
car -1 -1 0.00 0.00 0.00 100.00 100.00 -1000 1.76 4.63 8.49 -1000 46.89 1.69 402.166
car -1 -1 0.00 0.00 0.00 100.00 100.00 -1000 2.42 7.97 4.90 -1000 33.37 1.44 394.742
car -1 -1 0.00 0.00 0.00 100.00 100.00 -1000 1.63 3.86 7.21 -1000 12.72 1.48 392.617
car -1 -1 0.00 0.00 0.00 100.00 100.00 -1000 2.58 9.00 9.48 -1000 30.94 1.45 389.440
car -1 -1 0.00 0.00 0.00 100.00 100.00 -1000 1.78 5.04 -1.80 -1000 28.44 1.58 383.909
car -1 -1 0.00 0.00 0.00 100.00 100.00 -1000 2.11 6.51 6.11 -1000 43.83 1.43 380.461
car -1 -1 0.00 0.00 0.00 100.00 100.00 -1000 1.89 5.20 6.65 -1000 40.61 1.58 374.245
car -1 -1 0.00 0.00 0.00 100.00 100.00 -1000 1.90 6.68 -0.67 -1000 29.89 1.50 373.218
car -1 -1 0.00 0.00 0.00 100.00 100.00 -1000 1.65 4.21 8.98 -1000 29.23 1.70 372.910
car -1 -1 0.00 0.00 0.00 100.00 100.00 -1000 1.98 7.54 -12.24 -1000 45.15 1.50 364.581
car -1 -1 0.00 0.00 0.00 100.00 100.00 -1000 2.12 6.52 16.40 -1000 39.90 1.44 360.951
car -1 -1 0.00 0.00 0.00 100.00 100.00 -1000 2.09 6.29 -6.33 -1000 34.95 1.43 359.544
car -1 -1 0.00 0.00 0.00 100.00 100.00 -1000 2.11 6.95 13.22 -1000 44.77 1.35 354.022
car -1 -1 0.00 0.00 0.00 100.00 100.00 -1000 1.94 5.24 14.13 -1000 37.07 1.61 353.072
car -1 -1 0.00 0.00 0.00 100.00 100.00 -1000 1.77 5.06 -7.42 -1000 42.83 1.53 350.667
car -1 -1 0.00 0.00 0.00 100.00 100.00 -1000 1.81 5.42 1.13 -1000 39.91 1.50 344.783
car -1 -1 0.00 0.00 0.00 100.00 100.00 -1000 2.00 5.51 14.23 -1000 47.64 1.50 344.447
car -1 -1 0.00 0.00 0.00 100.00 100.00 -1000 1.96 5.61 -15.66 -1000 22.18 1.56 342.631
car -1 -1 0.00 0.00 0.00 100.00 100.00 -1000 1.74 5.25 -1.71 -1000 42.11 1.58 338.257
car -1 -1 0.00 0.00 0.00 100.00 100.00 -1000 1.88 5.11 14.08 -1000 23.29 1.56 337.124
car -1 -1 0.00 0.00 0.00 100.00 100.00 -1000 1.64 4.22 8.84 -1000 28.33 1.61 336.923
car -1 -1 0.00 0.00 0.00 100.00 100.00 -1000 1.81 5.09 8.85 -1000 39.35 1.53 335.982
car -1 -1 0.00 0.00 0.00 100.00 100.00 -1000 1.86 5.37 16.50 -1000 30.55 1.60 330.329
car -1 -1 0.00 0.00 0.00 100.00 100.00 -1000 2.05 6.08 8.62 -1000 31.94 1.49 329.202
car -1 -1 0.00 0.00 0.00 100.00 100.00 -1000 1.83 5.03 6.60 -1000 36.21 1.55 327.030
car -1 -1 0.00 0.00 0.00 100.00 100.00 -1000 2.03 5.86 9.40 -1000 24.08 1.59 319.175
car -1 -1 0.00 0.00 0.00 100.00 100.00 -1000 1.60 3.96 12.05 -1000 38.83 1.58 316.302
car -1 -1 0.00 0.00 0.00 100.00 100.00 -1000 1.68 4.17 10.76 -1000 41.27 1.66 311.430
car -1 -1 0.00 0.00 0.00 100.00 100.00 -1000 1.93 5.21 3.15 -1000 41.58 1.55 310.073
car -1 -1 0.00 0.00 0.00 100.00 100.00 -1000 1.97 5.42 -6.68 -1000 27.73 1.42 306.539
car -1 -1 0.00 0.00 0.00 100.00 100.00 -1000 1.72 4.96 -3.66 -1000 31.95 -0.79 305.746
car -1 -1 0.00 0.00 0.00 100.00 100.00 -1000 1.92 7.38 11.58 -1000 14.16 1.47 303.523
car -1 -1 0.00 0.00 0.00 100.00 100.00 -1000 1.79 4.87 6.09 -1000 23.35 1.58 303.013
car -1 -1 0.00 0.00 0.00 100.00 100.00 -1000 1.67 4.25 6.69 -1000 28.25 1.56 301.940
car -1 -1 0.00 0.00 0.00 100.00 100.00 -1000 1.86 5.54 16.51 -1000 32.94 1.64 301.869
car -1 -1 0.00 0.00 0.00 100.00 100.00 -1000 2.10 6.06 14.15 -1000 24.13 1.58 300.346
car -1 -1 0.00 0.00 0.00 100.00 100.00 -1000 2.19 7.32 15.82 -1000 41.88 1.58 298.880
car -1 -1 0.00 0.00 0.00 100.00 100.00 -1000 1.84 6.00 -12.28 -1000 44.38 1.54 294.752
car -1 -1 0.00 0.00 0.00 100.00 100.00 -1000 1.74 4.74 7.61 -1000 45.29 1.63 292.745
car -1 -1 0.00 0.00 0.00 100.00 100.00 -1000 1.78 4.81 14.76 -1000 39.21 1.61 292.050
car -1 -1 0.00 0.00 0.00 100.00 100.00 -1000 1.98 6.79 0.95 -1000 38.28 1.47 288.611
car -1 -1 0.00 0.00 0.00 100.00 100.00 -1000 1.93 5.36 13.80 -1000 32.16 1.52 288.583
car -1 -1 0.00 0.00 0.00 100.00 100.00 -1000 1.77 4.88 2.47 -1000 28.26 1.48 287.532
car -1 -1 0.00 0.00 0.00 100.00 100.00 -1000 1.91 5.89 2.81 -1000 37.58 1.46 279.224
car -1 -1 0.00 0.00 0.00 100.00 100.00 -1000 1.84 6.24 11.30 -1000 13.32 1.51 276.626
car -1 -1 0.00 0.00 0.00 100.00 100.00 -1000 1.71 4.40 17.53 -1000 19.20 -0.04 275.673
car -1 -1 0.00 0.00 0.00 100.00 100.00 -1000 1.64 3.95 0.44 -1000 46.67 0.06 275.588
car -1 -1 0.00 0.00 0.00 100.00 100.00 -1000 2.10 6.17 5.68 -1000 34.37 1.51 275.251
car -1 -1 0.00 0.00 0.00 100.00 100.00 -1000 2.02 6.15 -15.17 -1000 24.81 1.50 274.673
car -1 -1 0.00 0.00 0.00 100.00 100.00 -1000 1.69 4.39 11.16 -1000 32.06 1.57 271.504
car -1 -1 0.00 0.00 0.00 100.00 100.00 -1000 1.76 4.52 5.25 -1000 28.75 1.51 269.149
car -1 -1 0.00 0.00 0.00 100.00 100.00 -1000 1.76 5.51 10.95 -1000 12.20 1.55 268.575
car -1 -1 0.00 0.00 0.00 100.00 100.00 -1000 2.07 6.79 16.03 -1000 22.59 1.49 266.876
car -1 -1 0.00 0.00 0.00 100.00 100.00 -1000 1.92 5.19 6.59 -1000 22.51 1.61 265.866
car -1 -1 0.00 0.00 0.00 100.00 100.00 -1000 2.02 6.53 16.00 -1000 25.26 1.45 265.761
car -1 -1 0.00 0.00 0.00 100.00 100.00 -1000 1.98 6.16 16.44 -1000 33.83 1.61 265.318
car -1 -1 0.00 0.00 0.00 100.00 100.00 -1000 1.69 4.55 0.10 -1000 41.15 1.54 265.028
car -1 -1 0.00 0.00 0.00 100.00 100.00 -1000 2.15 7.94 12.68 -1000 35.04 1.45 264.928
car -1 -1 0.00 0.00 0.00 100.00 100.00 -1000 2.06 6.26 13.75 -1000 36.22 1.58 263.482
car -1 -1 0.00 0.00 0.00 100.00 100.00 -1000 1.97 5.99 -15.13 -1000 36.60 1.52 262.376
car -1 -1 0.00 0.00 0.00 100.00 100.00 -1000 1.99 5.60 6.92 -1000 35.16 1.41 261.407
car -1 -1 0.00 0.00 0.00 100.00 100.00 -1000 1.86 5.09 3.44 -1000 40.66 1.55 259.832
car -1 -1 0.00 0.00 0.00 100.00 100.00 -1000 2.00 8.36 11.27 -1000 15.40 1.48 259.173
car -1 -1 0.00 0.00 0.00 100.00 100.00 -1000 1.98 6.22 4.86 -1000 35.88 1.36 253.056
car -1 -1 0.00 0.00 0.00 100.00 100.00 -1000 1.54 3.65 -6.88 -1000 29.20 0.09 252.377
car -1 -1 0.00 0.00 0.00 100.00 100.00 -1000 1.91 5.88 16.33 -1000 37.81 1.63 249.113
car -1 -1 0.00 0.00 0.00 100.00 100.00 -1000 1.89 6.96 18.56 -1000 20.58 1.54 246.909
car -1 -1 0.00 0.00 0.00 100.00 100.00 -1000 2.04 6.43 8.31 -1000 14.92 1.49 244.886
car -1 -1 0.00 0.00 0.00 100.00 100.00 -1000 2.15 8.28 12.62 -1000 41.81 1.46 241.024
car -1 -1 0.00 0.00 0.00 100.00 100.00 -1000 2.08 6.29 7.47 -1000 36.99 1.51 240.479
car -1 -1 0.00 0.00 0.00 100.00 100.00 -1000 2.15 9.53 10.23 -1000 17.24 1.38 231.955
car -1 -1 0.00 0.00 0.00 100.00 100.00 -1000 1.92 5.77 -10.83 -1000 38.70 1.53 229.523
car -1 -1 0.00 0.00 0.00 100.00 100.00 -1000 2.10 6.83 -10.67 -1000 23.24 1.69 227.715
car -1 -1 0.00 0.00 0.00 100.00 100.00 -1000 2.35 7.54 4.11 -1000 14.94 2.01 223.949
car -1 -1 0.00 0.00 0.00 100.00 100.00 -1000 2.17 6.96 9.04 -1000 44.71 1.51 223.834
car -1 -1 0.00 0.00 0.00 100.00 100.00 -1000 2.04 9.28 -8.28 -1000 40.74 1.44 220.446
car -1 -1 0.00 0.00 0.00 100.00 100.00 -1000 1.56 3.94 3.92 -1000 34.10 -0.24 220.274
car -1 -1 0.00 0.00 0.00 100.00 100.00 -1000 1.79 4.83 8.70 -1000 45.97 1.68 218.945
car -1 -1 0.00 0.00 0.00 100.00 100.00 -1000 1.90 6.22 11.06 -1000 42.60 1.53 217.199
car -1 -1 0.00 0.00 0.00 100.00 100.00 -1000 2.09 7.51 -12.45 -1000 30.56 1.59 215.466
car -1 -1 0.00 0.00 0.00 100.00 100.00 -1000 1.59 4.08 -4.06 -1000 47.83 1.52 210.723
car -1 -1 0.00 0.00 0.00 100.00 100.00 -1000 2.09 8.97 -12.26 -1000 34.42 1.57 210.000
car -1 -1 0.00 0.00 0.00 100.00 100.00 -1000 1.89 5.96 7.28 -1000 27.49 1.54 208.942
car -1 -1 0.00 0.00 0.00 100.00 100.00 -1000 1.99 7.60 -7.90 -1000 43.39 1.65 208.377
car -1 -1 0.00 0.00 0.00 100.00 100.00 -1000 1.81 5.68 17.02 -1000 45.10 1.52 208.319
car -1 -1 0.00 0.00 0.00 100.00 100.00 -1000 2.99 21.51 5.11 -1000 5.37 1.92 207.414
car -1 -1 0.00 0.00 0.00 100.00 100.00 -1000 2.08 7.23 16.82 -1000 24.25 1.42 206.910
car -1 -1 0.00 0.00 0.00 100.00 100.00 -1000 1.77 4.59 -1.53 -1000 40.42 1.53 204.687
car -1 -1 0.00 0.00 0.00 100.00 100.00 -1000 2.11 6.99 8.14 -1000 47.45 1.62 204.618
car -1 -1 0.00 0.00 0.00 100.00 100.00 -1000 2.54 13.08 17.60 -1000 22.97 1.35 203.022
car -1 -1 0.00 0.00 0.00 100.00 100.00 -1000 2.28 8.20 12.75 -1000 46.39 1.42 202.979
car -1 -1 0.00 0.00 0.00 100.00 100.00 -1000 2.01 6.52 3.22 -1000 27.48 1.50 202.341
car -1 -1 0.00 0.00 0.00 100.00 100.00 -1000 1.85 5.38 15.99 -1000 38.70 1.54 201.452
car -1 -1 0.00 0.00 0.00 100.00 100.00 -1000 1.89 6.49 -15.40 -1000 32.16 1.54 198.746
car -1 -1 0.00 0.00 0.00 100.00 100.00 -1000 2.14 8.93 -0.78 -1000 39.07 1.45 198.411
car -1 -1 0.00 0.00 0.00 100.00 100.00 -1000 1.81 4.41 -2.19 -1000 46.72 -0.09 197.567
car -1 -1 0.00 0.00 0.00 100.00 100.00 -1000 1.72 4.73 11.48 -1000 40.34 1.55 195.619
car -1 -1 0.00 0.00 0.00 100.00 100.00 -1000 2.01 4.98 -3.19 -1000 27.53 1.57 193.038
car -1 -1 0.00 0.00 0.00 100.00 100.00 -1000 2.16 9.91 -11.43 -1000 24.28 1.52 192.246
car -1 -1 0.00 0.00 0.00 100.00 100.00 -1000 1.93 6.08 14.52 -1000 40.35 1.53 187.630
car -1 -1 0.00 0.00 0.00 100.00 100.00 -1000 1.78 4.75 6.74 -1000 38.34 0.11 187.500
car -1 -1 0.00 0.00 0.00 100.00 100.00 -1000 2.14 8.96 12.03 -1000 12.64 1.54 187.479
car -1 -1 0.00 0.00 0.00 100.00 100.00 -1000 2.25 8.79 -10.85 -1000 39.43 1.59 187.452
car -1 -1 0.00 0.00 0.00 100.00 100.00 -1000 1.92 6.31 13.04 -1000 41.02 1.50 187.409
car -1 -1 0.00 0.00 0.00 100.00 100.00 -1000 2.01 6.20 10.42 -1000 20.96 1.60 186.484
car -1 -1 0.00 0.00 0.00 100.00 100.00 -1000 1.92 5.77 8.20 -1000 23.39 1.56 186.276
car -1 -1 0.00 0.00 0.00 100.00 100.00 -1000 2.15 9.67 -12.56 -1000 47.16 1.43 186.087
car -1 -1 0.00 0.00 0.00 100.00 100.00 -1000 2.25 7.35 9.30 -1000 25.40 1.53 185.693
car -1 -1 0.00 0.00 0.00 100.00 100.00 -1000 2.00 6.09 16.87 -1000 31.42 1.60 185.230
car -1 -1 0.00 0.00 0.00 100.00 100.00 -1000 1.88 6.45 -15.68 -1000 41.86 1.52 184.583
car -1 -1 0.00 0.00 0.00 100.00 100.00 -1000 2.00 8.61 -5.50 -1000 38.76 1.45 183.309
car -1 -1 0.00 0.00 0.00 100.00 100.00 -1000 2.14 7.77 7.04 -1000 42.61 1.50 182.202
car -1 -1 0.00 0.00 0.00 100.00 100.00 -1000 2.28 10.34 17.92 -1000 21.74 1.40 181.713
car -1 -1 0.00 0.00 0.00 100.00 100.00 -1000 1.81 4.67 4.82 -1000 37.96 1.58 180.377
car -1 -1 0.00 0.00 0.00 100.00 100.00 -1000 1.94 6.29 16.94 -1000 46.74 1.59 179.796
car -1 -1 0.00 0.00 0.00 100.00 100.00 -1000 2.01 5.93 8.60 -1000 40.41 1.51 179.408
car -1 -1 0.00 0.00 0.00 100.00 100.00 -1000 1.84 5.12 12.76 -1000 31.58 1.54 177.735
car -1 -1 0.00 0.00 0.00 100.00 100.00 -1000 2.22 6.91 4.94 -1000 25.81 1.58 176.990
car -1 -1 0.00 0.00 0.00 100.00 100.00 -1000 1.97 9.19 1.96 -1000 43.80 1.58 176.156
car -1 -1 0.00 0.00 0.00 100.00 100.00 -1000 2.07 6.40 4.89 -1000 27.96 1.56 173.529
car -1 -1 0.00 0.00 0.00 100.00 100.00 -1000 2.10 7.20 13.00 -1000 24.91 1.49 173.389
car -1 -1 0.00 0.00 0.00 100.00 100.00 -1000 2.06 6.51 13.67 -1000 27.38 1.57 171.929
car -1 -1 0.00 0.00 0.00 100.00 100.00 -1000 2.17 7.09 14.22 -1000 25.70 1.53 171.137
car -1 -1 0.00 0.00 0.00 100.00 100.00 -1000 1.92 6.10 0.10 -1000 41.84 1.51 171.030
car -1 -1 0.00 0.00 0.00 100.00 100.00 -1000 2.15 7.81 -3.34 -1000 42.53 1.60 170.833
car -1 -1 0.00 0.00 0.00 100.00 100.00 -1000 2.12 7.06 10.86 -1000 26.16 1.47 169.579
car -1 -1 0.00 0.00 0.00 100.00 100.00 -1000 1.86 6.58 19.52 -1000 19.87 1.52 168.855
car -1 -1 0.00 0.00 0.00 100.00 100.00 -1000 2.03 6.17 -19.92 -1000 46.94 1.65 168.333
car -1 -1 0.00 0.00 0.00 100.00 100.00 -1000 1.83 7.21 -16.17 -1000 28.17 1.45 167.661
car -1 -1 0.00 0.00 0.00 100.00 100.00 -1000 2.39 11.99 -12.14 -1000 46.27 1.40 165.135
car -1 -1 0.00 0.00 0.00 100.00 100.00 -1000 2.01 6.60 16.28 -1000 27.42 1.59 163.389
car -1 -1 0.00 0.00 0.00 100.00 100.00 -1000 2.05 5.99 -7.64 -1000 35.94 1.55 161.862
car -1 -1 0.00 0.00 0.00 100.00 100.00 -1000 2.13 7.04 13.67 -1000 33.46 1.49 160.533
car -1 -1 0.00 0.00 0.00 100.00 100.00 -1000 2.08 6.52 14.55 -1000 29.76 1.53 160.174
car -1 -1 0.00 0.00 0.00 100.00 100.00 -1000 1.91 5.88 10.76 -1000 19.78 1.50 159.979
car -1 -1 0.00 0.00 0.00 100.00 100.00 -1000 2.05 7.19 3.36 -1000 47.42 1.61 159.304
car -1 -1 0.00 0.00 0.00 100.00 100.00 -1000 1.97 6.24 16.76 -1000 41.13 1.56 159.071
car -1 -1 0.00 0.00 0.00 100.00 100.00 -1000 2.51 8.05 4.83 -1000 10.46 2.00 157.492
car -1 -1 0.00 0.00 0.00 100.00 100.00 -1000 2.17 8.76 11.88 -1000 44.00 1.38 156.225
car -1 -1 0.00 0.00 0.00 100.00 100.00 -1000 2.25 9.23 -3.09 -1000 40.00 1.51 153.180
car -1 -1 0.00 0.00 0.00 100.00 100.00 -1000 2.02 7.58 0.81 -1000 45.69 1.52 152.752
car -1 -1 0.00 0.00 0.00 100.00 100.00 -1000 1.83 5.50 -7.73 -1000 29.88 1.49 151.835
car -1 -1 0.00 0.00 0.00 100.00 100.00 -1000 2.17 9.98 1.06 -1000 25.75 1.46 147.160
car -1 -1 0.00 0.00 0.00 100.00 100.00 -1000 2.04 7.80 1.63 -1000 22.48 1.62 146.707
car -1 -1 0.00 0.00 0.00 100.00 100.00 -1000 1.89 5.87 10.33 -1000 28.76 1.54 146.655
car -1 -1 0.00 0.00 0.00 100.00 100.00 -1000 2.19 6.75 9.21 -1000 43.55 1.58 145.748
car -1 -1 0.00 0.00 0.00 100.00 100.00 -1000 1.99 8.63 -11.08 -1000 27.45 1.53 142.935
car -1 -1 0.00 0.00 0.00 100.00 100.00 -1000 1.59 3.54 12.50 -1000 37.83 -0.07 142.449
car -1 -1 0.00 0.00 0.00 100.00 100.00 -1000 2.22 6.86 -2.46 -1000 26.48 1.56 142.339
car -1 -1 0.00 0.00 0.00 100.00 100.00 -1000 1.70 3.93 1.12 -1000 29.33 0.25 139.817
car -1 -1 0.00 0.00 0.00 100.00 100.00 -1000 2.08 5.43 16.31 -1000 18.61 1.59 139.817
car -1 -1 0.00 0.00 0.00 100.00 100.00 -1000 2.10 6.92 11.16 -1000 27.80 1.46 138.842
car -1 -1 0.00 0.00 0.00 100.00 100.00 -1000 2.00 7.43 9.54 -1000 18.16 1.41 138.728
car -1 -1 0.00 0.00 0.00 100.00 100.00 -1000 2.32 11.91 -9.27 -1000 31.91 1.54 137.907
car -1 -1 0.00 0.00 0.00 100.00 100.00 -1000 1.95 6.77 0.54 -1000 28.02 1.51 136.405
car -1 -1 0.00 0.00 0.00 100.00 100.00 -1000 1.90 5.27 -14.74 -1000 43.23 1.52 136.386
car -1 -1 0.00 0.00 0.00 100.00 100.00 -1000 1.96 6.46 5.29 -1000 21.70 1.52 133.954
car -1 -1 0.00 0.00 0.00 100.00 100.00 -1000 2.00 6.16 -15.82 -1000 35.48 1.60 133.837
car -1 -1 0.00 0.00 0.00 100.00 100.00 -1000 2.01 6.63 -14.14 -1000 37.46 1.51 133.572
car -1 -1 0.00 0.00 0.00 100.00 100.00 -1000 2.20 7.38 12.69 -1000 22.58 1.49 133.572
car -1 -1 0.00 0.00 0.00 100.00 100.00 -1000 2.08 7.17 12.86 -1000 26.59 1.50 133.538
car -1 -1 0.00 0.00 0.00 100.00 100.00 -1000 2.08 6.29 16.91 -1000 29.12 1.55 133.366
car -1 -1 0.00 0.00 0.00 100.00 100.00 -1000 1.59 4.44 -14.59 -1000 21.57 1.57 133.282
car -1 -1 0.00 0.00 0.00 100.00 100.00 -1000 1.99 6.66 10.68 -1000 23.39 1.60 131.989
car -1 -1 0.00 0.00 0.00 100.00 100.00 -1000 2.11 6.93 14.01 -1000 28.63 1.47 131.787
car -1 -1 0.00 0.00 0.00 100.00 100.00 -1000 2.10 5.83 -7.32 -1000 28.67 1.51 131.218
car -1 -1 0.00 0.00 0.00 100.00 100.00 -1000 1.92 6.16 8.36 -1000 38.00 1.53 128.048
car -1 -1 0.00 0.00 0.00 100.00 100.00 -1000 2.32 7.97 -15.41 -1000 23.75 1.46 127.506
