car -1 -1 0.00 0.00 0.00 100.00 100.00 -1000 1.56 3.32 -7.13 -1000 35.16 1.67 999.099
car -1 -1 0.00 0.00 0.00 100.00 100.00 -1000 1.57 3.32 -8.78 -1000 35.06 1.61 996.914
car -1 -1 0.00 0.00 0.00 100.00 100.00 -1000 1.59 3.21 -8.58 -1000 20.74 1.63 996.829
car -1 -1 0.00 0.00 0.00 100.00 100.00 -1000 1.67 4.08 -8.01 -1000 34.36 0.03 995.864
car -1 -1 0.00 0.00 0.00 100.00 100.00 -1000 1.74 4.28 -8.44 -1000 20.05 -0.01 995.848
car -1 -1 0.00 0.00 0.00 100.00 100.00 -1000 1.54 3.19 -7.37 -1000 20.42 1.79 990.517
car -1 -1 0.00 0.00 0.00 100.00 100.00 -1000 1.55 3.23 12.18 -1000 24.70 1.57 979.210
car -1 -1 0.00 0.00 0.00 100.00 100.00 -1000 1.76 4.55 -7.54 -1000 23.59 1.59 977.318
car -1 -1 0.00 0.00 0.00 100.00 100.00 -1000 1.65 3.98 -7.49 -1000 21.47 1.64 972.334
car -1 -1 0.00 0.00 0.00 100.00 100.00 -1000 1.49 3.17 13.26 -1000 35.99 1.60 965.219
car -1 -1 0.00 0.00 0.00 100.00 100.00 -1000 1.58 3.55 -7.47 -1000 19.57 1.77 939.789
car -1 -1 0.00 0.00 0.00 100.00 100.00 -1000 1.51 3.49 -15.40 -1000 27.68 1.70 936.238
car -1 -1 0.00 0.00 0.00 100.00 100.00 -1000 1.94 5.70 -7.38 -1000 35.79 1.62 926.462
car -1 -1 0.00 0.00 0.00 100.00 100.00 -1000 1.60 3.73 -8.97 -1000 33.76 -0.39 924.100
car -1 -1 0.00 0.00 0.00 100.00 100.00 -1000 1.51 3.28 8.55 -1000 43.26 1.60 923.541
car -1 -1 0.00 0.00 0.00 100.00 100.00 -1000 2.35 9.33 -8.31 -1000 36.56 1.45 914.223
car -1 -1 0.00 0.00 0.00 100.00 100.00 -1000 2.02 5.65 -8.04 -1000 22.11 1.63 905.751
car -1 -1 0.00 0.00 0.00 100.00 100.00 -1000 1.64 4.03 -7.62 -1000 22.78 -0.11 901.135
car -1 -1 0.00 0.00 0.00 100.00 100.00 -1000 2.98 18.00 -7.57 -1000 38.34 1.26 894.961
car -1 -1 0.00 0.00 0.00 100.00 100.00 -1000 1.57 3.74 12.20 -1000 23.90 0.02 893.287
car -1 -1 0.00 0.00 0.00 100.00 100.00 -1000 1.68 4.17 11.40 -1000 25.37 1.46 891.224
car -1 -1 0.00 0.00 0.00 100.00 100.00 -1000 2.63 10.40 -9.40 -1000 37.75 1.44 877.871
car -1 -1 0.00 0.00 0.00 100.00 100.00 -1000 2.60 11.27 -8.34 -1000 38.92 1.44 873.844
car -1 -1 0.00 0.00 0.00 100.00 100.00 -1000 1.68 4.10 11.39 -1000 38.59 1.58 871.361
car -1 -1 0.00 0.00 0.00 100.00 100.00 -1000 1.76 4.66 13.31 -1000 36.57 1.68 869.680
car -1 -1 0.00 0.00 0.00 100.00 100.00 -1000 2.03 6.40 -8.05 -1000 24.38 1.58 867.924
car -1 -1 0.00 0.00 0.00 100.00 100.00 -1000 1.61 3.81 13.00 -1000 35.27 -0.16 858.812
car -1 -1 0.00 0.00 0.00 100.00 100.00 -1000 1.56 3.49 19.23 -1000 44.05 1.61 831.748
car -1 -1 0.00 0.00 0.00 100.00 100.00 -1000 1.68 3.78 -7.07 -1000 33.76 1.76 825.316
car -1 -1 0.00 0.00 0.00 100.00 100.00 -1000 2.25 8.79 -7.22 -1000 23.15 1.49 811.161
car -1 -1 0.00 0.00 0.00 100.00 100.00 -1000 1.45 3.22 7.30 -1000 43.41 1.56 805.303
car -1 -1 0.00 0.00 0.00 100.00 100.00 -1000 1.52 3.39 -15.88 -1000 26.86 -0.10 799.709
car -1 -1 0.00 0.00 0.00 100.00 100.00 -1000 3.84 11.29 5.55 -1000 5.14 1.71 792.154
car -1 -1 0.00 0.00 0.00 100.00 100.00 -1000 1.57 3.54 8.42 -1000 33.13 1.59 789.966
car -1 -1 0.00 0.00 0.00 100.00 100.00 -1000 1.65 4.17 -5.72 -1000 34.82 1.70 782.093
car -1 -1 0.00 0.00 0.00 100.00 100.00 -1000 2.54 9.67 -11.30 -1000 36.93 1.44 772.675
car -1 -1 0.00 0.00 0.00 100.00 100.00 -1000 2.91 16.26 -5.60 -1000 37.26 1.30 754.707
car -1 -1 0.00 0.00 0.00 100.00 100.00 -1000 1.59 3.72 6.88 -1000 27.45 1.67 739.250
car -1 -1 0.00 0.00 0.00 100.00 100.00 -1000 2.43 9.02 -10.37 -1000 23.25 1.45 735.750
car -1 -1 0.00 0.00 0.00 100.00 100.00 -1000 1.62 3.75 -9.76 -1000 20.42 1.48 721.749
car -1 -1 0.00 0.00 0.00 100.00 100.00 -1000 1.56 3.46 11.38 -1000 23.40 1.49 713.404
car -1 -1 0.00 0.00 0.00 100.00 100.00 -1000 1.50 3.37 8.27 -1000 42.41 -0.07 712.714
car -1 -1 0.00 0.00 0.00 100.00 100.00 -1000 1.75 4.50 -6.50 -1000 20.94 1.72 710.781
car -1 -1 0.00 0.00 0.00 100.00 100.00 -1000 2.55 12.53 -5.57 -1000 23.84 1.42 699.463
car -1 -1 0.00 0.00 0.00 100.00 100.00 -1000 1.96 6.22 -9.73 -1000 21.68 1.48 684.350
car -1 -1 0.00 0.00 0.00 100.00 100.00 -1000 2.25 8.70 -8.11 -1000 26.87 1.53 680.298
car -1 -1 0.00 0.00 0.00 100.00 100.00 -1000 2.57 11.66 -4.77 -1000 26.11 1.44 673.841
car -1 -1 0.00 0.00 0.00 100.00 100.00 -1000 2.65 13.24 -4.05 -1000 39.04 1.44 673.502
car -1 -1 0.00 0.00 0.00 100.00 100.00 -1000 1.66 4.21 7.91 -1000 26.58 1.60 672.816
car -1 -1 0.00 0.00 0.00 100.00 100.00 -1000 1.57 3.75 -9.57 -1000 34.53 0.21 671.760
car -1 -1 0.00 0.00 0.00 100.00 100.00 -1000 1.49 3.58 11.39 -1000 16.42 -0.07 655.526
car -1 -1 0.00 0.00 0.00 100.00 100.00 -1000 1.61 4.13 4.63 -1000 47.11 1.53 646.048
car -1 -1 0.00 0.00 0.00 100.00 100.00 -1000 1.61 3.75 11.18 -1000 37.65 1.51 645.817
car -1 -1 0.00 0.00 0.00 100.00 100.00 -1000 1.97 5.94 -14.43 -1000 37.85 1.56 636.911
car -1 -1 0.00 0.00 0.00 100.00 100.00 -1000 2.15 8.78 -2.87 -1000 37.16 1.46 625.142
car -1 -1 0.00 0.00 0.00 100.00 100.00 -1000 1.59 4.08 14.38 -1000 35.68 1.67 615.307
car -1 -1 0.00 0.00 0.00 100.00 100.00 -1000 2.38 6.41 -9.54 -1000 31.58 1.68 613.290
car -1 -1 0.00 0.00 0.00 100.00 100.00 -1000 1.70 4.10 -9.55 -1000 19.58 1.54 593.408
car -1 -1 0.00 0.00 0.00 100.00 100.00 -1000 1.82 5.49 10.09 -1000 25.82 1.52 593.333
car -1 -1 0.00 0.00 0.00 100.00 100.00 -1000 2.38 11.41 14.18 -1000 27.80 1.37 579.401
car -1 -1 0.00 0.00 0.00 100.00 100.00 -1000 2.28 8.91 -8.89 -1000 25.30 1.44 570.719
car -1 -1 0.00 0.00 0.00 100.00 100.00 -1000 2.00 6.14 -12.59 -1000 23.75 1.48 570.522
car -1 -1 0.00 0.00 0.00 100.00 100.00 -1000 1.82 5.51 -10.12 -1000 35.44 1.46 570.409
car -1 -1 0.00 0.00 0.00 100.00 100.00 -1000 2.35 11.25 15.58 -1000 39.13 1.36 559.367
car -1 -1 0.00 0.00 0.00 100.00 100.00 -1000 1.46 3.33 10.13 -1000 42.84 1.66 554.429
car -1 -1 0.00 0.00 0.00 100.00 100.00 -1000 2.36 9.62 -4.98 -1000 22.20 1.49 552.097
car -1 -1 0.00 0.00 0.00 100.00 100.00 -1000 1.55 3.51 5.95 -1000 26.88 -0.17 551.937
car -1 -1 0.00 0.00 0.00 100.00 100.00 -1000 1.67 4.10 11.33 -1000 17.35 1.51 549.819
car -1 -1 0.00 0.00 0.00 100.00 100.00 -1000 1.76 5.19 -5.05 -1000 34.07 1.56 546.501
car -1 -1 0.00 0.00 0.00 100.00 100.00 -1000 1.72 4.26 -15.06 -1000 41.75 1.66 543.332
car -1 -1 0.00 0.00 0.00 100.00 100.00 -1000 2.05 7.29 -4.89 -1000 35.36 1.52 543.321
car -1 -1 0.00 0.00 0.00 100.00 100.00 -1000 1.87 4.98 13.08 -1000 42.69 1.69 542.860
car -1 -1 0.00 0.00 0.00 100.00 100.00 -1000 1.68 4.54 17.82 -1000 43.14 1.55 539.414
car -1 -1 0.00 0.00 0.00 100.00 100.00 -1000 2.34 10.40 -12.18 -1000 38.59 1.43 537.452
car -1 -1 0.00 0.00 0.00 100.00 100.00 -1000 2.29 10.38 15.81 -1000 27.00 1.40 505.782
car -1 -1 0.00 0.00 0.00 100.00 100.00 -1000 2.57 11.88 -5.05 -1000 35.88 1.39 499.417
car -1 -1 0.00 0.00 0.00 100.00 100.00 -1000 1.62 4.02 9.26 -1000 33.69 1.59 495.176
car -1 -1 0.00 0.00 0.00 100.00 100.00 -1000 5.39 18.47 5.11 -1000 5.17 1.95 493.396
car -1 -1 0.00 0.00 0.00 100.00 100.00 -1000 1.74 4.50 2.83 -1000 43.13 1.49 485.275
car -1 -1 0.00 0.00 0.00 100.00 100.00 -1000 2.21 10.10 17.00 -1000 38.31 1.42 484.213
car -1 -1 0.00 0.00 0.00 100.00 100.00 -1000 1.86 4.49 -8.20 -1000 33.14 1.69 482.722
car -1 -1 0.00 0.00 0.00 100.00 100.00 -1000 1.79 5.25 8.61 -1000 27.34 1.55 467.096
car -1 -1 0.00 0.00 0.00 100.00 100.00 -1000 1.62 3.74 13.28 -1000 34.46 1.71 465.341
car -1 -1 0.00 0.00 0.00 100.00 100.00 -1000 1.61 3.47 -9.84 -1000 33.30 1.51 463.005
car -1 -1 0.00 0.00 0.00 100.00 100.00 -1000 1.47 3.34 10.19 -1000 41.98 -0.13 459.641
car -1 -1 0.00 0.00 0.00 100.00 100.00 -1000 1.84 4.55 -8.42 -1000 19.10 1.58 455.851
car -1 -1 0.00 0.00 0.00 100.00 100.00 -1000 1.89 5.35 18.84 -1000 44.60 1.49 452.308
car -1 -1 0.00 0.00 0.00 100.00 100.00 -1000 2.19 9.08 -3.82 -1000 24.63 1.47 450.193
car -1 -1 0.00 0.00 0.00 100.00 100.00 -1000 2.16 6.26 9.35 -1000 41.51 1.58 447.058
car -1 -1 0.00 0.00 0.00 100.00 100.00 -1000 1.79 4.64 7.79 -1000 37.07 1.59 443.528
car -1 -1 0.00 0.00 0.00 100.00 100.00 -1000 1.69 4.17 5.65 -1000 45.88 1.59 442.418
car -1 -1 0.00 0.00 0.00 100.00 100.00 -1000 2.31 11.03 -2.03 -1000 38.28 1.49 435.034
car -1 -1 0.00 0.00 0.00 100.00 100.00 -1000 1.88 5.43 11.35 -1000 39.36 1.61 434.402
car -1 -1 0.00 0.00 0.00 100.00 100.00 -1000 1.50 3.47 8.04 -1000 32.37 -0.03 433.455
car -1 -1 0.00 0.00 0.00 100.00 100.00 -1000 1.69 4.48 7.73 -1000 38.69 1.65 429.863
car -1 -1 0.00 0.00 0.00 100.00 100.00 -1000 1.58 3.93 9.54 -1000 37.92 1.60 425.996
car -1 -1 0.00 0.00 0.00 100.00 100.00 -1000 2.03 6.20 -12.39 -1000 22.53 1.46 422.395
car -1 -1 0.00 0.00 0.00 100.00 100.00 -1000 2.07 5.77 -15.49 -1000 36.27 1.62 412.078
car -1 -1 0.00 0.00 0.00 100.00 100.00 -1000 2.11 5.43 -6.60 -1000 17.82 1.72 411.513
car -1 -1 0.00 0.00 0.00 100.00 100.00 -1000 2.29 10.13 -9.26 -1000 27.80 1.48 411.229
car -1 -1 0.00 0.00 0.00 100.00 100.00 -1000 2.12 6.23 -15.34 -1000 28.64 1.57 408.820
car -1 -1 0.00 0.00 0.00 100.00 100.00 -1000 1.69 4.65 13.82 -1000 24.30 1.55 408.237
car -1 -1 0.00 0.00 0.00 100.00 100.00 -1000 1.79 4.87 6.44 -1000 34.60 1.60 405.747
car -1 -1 0.00 0.00 0.00 100.00 100.00 -1000 1.67 4.04 -6.70 -1000 18.69 1.66 405.263
car -1 -1 0.00 0.00 0.00 100.00 100.00 -1000 1.88 5.71 13.04 -1000 37.38 1.59 404.832
car -1 -1 0.00 0.00 0.00 100.00 100.00 -1000 2.04 7.26 -3.49 -1000 34.64 1.53 404.110
car -1 -1 0.00 0.00 0.00 100.00 100.00 -1000 1.68 4.34 11.58 -1000 43.41 1.51 403.444
car -1 -1 0.00 0.00 0.00 100.00 100.00 -1000 1.75 4.87 8.44 -1000 44.05 1.58 401.437
car -1 -1 0.00 0.00 0.00 100.00 100.00 -1000 1.86 4.71 -4.77 -1000 19.31 1.75 400.700
car -1 -1 0.00 0.00 0.00 100.00 100.00 -1000 2.22 7.87 -5.14 -1000 21.31 1.62 392.565
car -1 -1 0.00 0.00 0.00 100.00 100.00 -1000 1.91 6.42 15.30 -1000 36.22 1.49 386.252
car -1 -1 0.00 0.00 0.00 100.00 100.00 -1000 1.95 5.90 -15.96 -1000 34.51 1.59 385.319
car -1 -1 0.00 0.00 0.00 100.00 100.00 -1000 2.12 8.25 15.68 -1000 45.83 1.50 384.444
car -1 -1 0.00 0.00 0.00 100.00 100.00 -1000 1.64 4.10 10.12 -1000 33.15 1.62 382.164
car -1 -1 0.00 0.00 0.00 100.00 100.00 -1000 1.86 5.64 -15.59 -1000 32.64 1.57 379.403
car -1 -1 0.00 0.00 0.00 100.00 100.00 -1000 2.08 8.57 17.42 -1000 37.18 1.46 379.091
car -1 -1 0.00 0.00 0.00 100.00 100.00 -1000 1.87 5.23 -15.42 -1000 46.40 1.58 376.666
car -1 -1 0.00 0.00 0.00 100.00 100.00 -1000 2.11 8.71 15.72 -1000 25.87 1.42 376.624
car -1 -1 0.00 0.00 0.00 100.00 100.00 -1000 2.23 10.60 -12.06 -1000 28.60 1.40 376.064
car -1 -1 0.00 0.00 0.00 100.00 100.00 -1000 2.20 8.54 -10.81 -1000 26.50 1.43 375.885
car -1 -1 0.00 0.00 0.00 100.00 100.00 -1000 1.84 5.06 10.28 -1000 34.20 1.48 370.247
car -1 -1 0.00 0.00 0.00 100.00 100.00 -1000 2.00 7.46 -3.35 -1000 33.56 1.55 366.319
car -1 -1 0.00 0.00 0.00 100.00 100.00 -1000 1.65 3.81 10.92 -1000 24.48 0.21 363.293
car -1 -1 0.00 0.00 0.00 100.00 100.00 -1000 2.02 7.85 -2.04 -1000 22.58 1.50 362.999
car -1 -1 0.00 0.00 0.00 100.00 100.00 -1000 2.04 5.80 11.35 -1000 35.38 1.53 355.949
car -1 -1 0.00 0.00 0.00 100.00 100.00 -1000 2.03 7.26 13.83 -1000 25.34 1.48 353.917
car -1 -1 0.00 0.00 0.00 100.00 100.00 -1000 1.66 4.62 14.89 -1000 34.90 1.53 341.438
car -1 -1 0.00 0.00 0.00 100.00 100.00 -1000 1.88 5.14 5.95 -1000 28.00 1.49 337.871
car -1 -1 0.00 0.00 0.00 100.00 100.00 -1000 1.77 4.56 7.51 -1000 25.80 1.53 337.176
car -1 -1 0.00 0.00 0.00 100.00 100.00 -1000 2.08 6.29 -4.56 -1000 20.48 1.71 334.638
car -1 -1 0.00 0.00 0.00 100.00 100.00 -1000 2.06 6.27 11.11 -1000 40.35 1.47 334.443
car -1 -1 0.00 0.00 0.00 100.00 100.00 -1000 2.16 8.00 11.59 -1000 26.48 1.49 332.820
car -1 -1 0.00 0.00 0.00 100.00 100.00 -1000 2.24 9.04 -0.23 -1000 37.50 1.50 332.252
car -1 -1 0.00 0.00 0.00 100.00 100.00 -1000 1.93 6.70 -2.14 -1000 35.92 1.46 329.047
car -1 -1 0.00 0.00 0.00 100.00 100.00 -1000 2.21 8.03 10.50 -1000 28.16 1.45 327.562
car -1 -1 0.00 0.00 0.00 100.00 100.00 -1000 2.29 9.93 -5.83 -1000 27.62 1.49 324.762
car -1 -1 0.00 0.00 0.00 100.00 100.00 -1000 2.30 11.04 13.94 -1000 29.38 1.39 320.597
car -1 -1 0.00 0.00 0.00 100.00 100.00 -1000 1.68 4.47 3.91 -1000 41.99 1.52 315.155
car -1 -1 0.00 0.00 0.00 100.00 100.00 -1000 2.63 14.99 -7.94 -1000 39.78 1.43 315.016
car -1 -1 0.00 0.00 0.00 100.00 100.00 -1000 1.86 4.86 -9.05 -1000 18.15 1.57 308.436
car -1 -1 0.00 0.00 0.00 100.00 100.00 -1000 2.11 8.32 13.50 -1000 38.32 1.43 306.129
car -1 -1 0.00 0.00 0.00 100.00 100.00 -1000 1.93 5.68 2.70 -1000 37.00 1.52 300.772
car -1 -1 0.00 0.00 0.00 100.00 100.00 -1000 1.77 5.03 5.59 -1000 43.42 1.51 297.082
car -1 -1 0.00 0.00 0.00 100.00 100.00 -1000 2.13 9.14 15.63 -1000 47.08 1.47 296.937
car -1 -1 0.00 0.00 0.00 100.00 100.00 -1000 1.99 7.91 16.23 -1000 24.61 1.44 296.438
car -1 -1 0.00 0.00 0.00 100.00 100.00 -1000 1.80 5.35 10.23 -1000 43.82 1.57 296.011
car -1 -1 0.00 0.00 0.00 100.00 100.00 -1000 2.00 5.57 8.78 -1000 47.29 1.53 295.653
car -1 -1 0.00 0.00 0.00 100.00 100.00 -1000 1.61 3.97 12.37 -1000 38.00 -0.30 293.462
car -1 -1 0.00 0.00 0.00 100.00 100.00 -1000 1.78 5.41 -5.53 -1000 33.28 1.48 288.686
car -1 -1 0.00 0.00 0.00 100.00 100.00 -1000 2.11 6.74 7.17 -1000 40.22 1.60 287.491
car -1 -1 0.00 0.00 0.00 100.00 100.00 -1000 1.71 5.01 14.29 -1000 23.52 1.50 282.837
car -1 -1 0.00 0.00 0.00 100.00 100.00 -1000 2.34 10.03 11.31 -1000 45.92 1.46 279.684
car -1 -1 0.00 0.00 0.00 100.00 100.00 -1000 1.73 4.61 8.61 -1000 31.55 1.63 279.529
car -1 -1 0.00 0.00 0.00 100.00 100.00 -1000 1.91 6.67 16.67 -1000 35.15 1.51 279.019
car -1 -1 0.00 0.00 0.00 100.00 100.00 -1000 1.90 5.96 8.35 -1000 39.41 1.55 278.568
car -1 -1 0.00 0.00 0.00 100.00 100.00 -1000 1.96 5.49 6.18 -1000 45.18 1.57 274.857
car -1 -1 0.00 0.00 0.00 100.00 100.00 -1000 2.17 10.06 -1.44 -1000 23.74 1.52 263.180
car -1 -1 0.00 0.00 0.00 100.00 100.00 -1000 1.70 4.38 7.36 -1000 33.92 1.52 263.105
car -1 -1 0.00 0.00 0.00 100.00 100.00 -1000 1.97 5.34 11.92 -1000 33.86 1.74 261.653
car -1 -1 0.00 0.00 0.00 100.00 100.00 -1000 1.90 7.71 17.86 -1000 35.91 1.46 259.242
car -1 -1 0.00 0.00 0.00 100.00 100.00 -1000 1.71 4.88 17.98 -1000 42.11 1.53 254.146
car -1 -1 0.00 0.00 0.00 100.00 100.00 -1000 2.05 6.03 19.14 -1000 47.70 1.55 252.328
car -1 -1 0.00 0.00 0.00 100.00 100.00 -1000 1.85 5.66 3.77 -1000 36.13 1.63 251.149
car -1 -1 0.00 0.00 0.00 100.00 100.00 -1000 1.87 5.66 11.07 -1000 32.20 1.56 248.800
car -1 -1 0.00 0.00 0.00 100.00 100.00 -1000 1.75 5.10 9.95 -1000 23.91 1.50 243.433
car -1 -1 0.00 0.00 0.00 100.00 100.00 -1000 2.04 5.92 -14.21 -1000 21.80 1.61 241.332
car -1 -1 0.00 0.00 0.00 100.00 100.00 -1000 1.78 5.05 4.93 -1000 16.09 1.57 240.968
car -1 -1 0.00 0.00 0.00 100.00 100.00 -1000 2.39 9.75 10.90 -1000 29.06 1.51 240.327
car -1 -1 0.00 0.00 0.00 100.00 100.00 -1000 1.98 5.52 -6.75 -1000 32.30 1.58 239.080
car -1 -1 0.00 0.00 0.00 100.00 100.00 -1000 2.01 5.72 13.85 -1000 43.55 1.64 236.535
car -1 -1 0.00 0.00 0.00 100.00 100.00 -1000 1.94 6.58 11.59 -1000 16.00 1.68 232.543
car -1 -1 0.00 0.00 0.00 100.00 100.00 -1000 1.73 4.82 -18.34 -1000 34.48 1.63 231.869
car -1 -1 0.00 0.00 0.00 100.00 100.00 -1000 2.12 7.13 -14.63 -1000 31.30 1.73 229.738
car -1 -1 0.00 0.00 0.00 100.00 100.00 -1000 2.53 8.64 -15.45 -1000 29.47 1.55 227.820
car -1 -1 0.00 0.00 0.00 100.00 100.00 -1000 1.88 5.51 -14.94 -1000 42.62 1.52 226.968
car -1 -1 0.00 0.00 0.00 100.00 100.00 -1000 1.83 4.40 12.64 -1000 22.65 1.60 224.225
car -1 -1 0.00 0.00 0.00 100.00 100.00 -1000 1.85 8.04 -15.11 -1000 38.58 1.42 220.744
car -1 -1 0.00 0.00 0.00 100.00 100.00 -1000 1.94 5.94 -14.26 -1000 24.51 1.52 218.515
car -1 -1 0.00 0.00 0.00 100.00 100.00 -1000 1.98 7.08 17.21 -1000 41.22 1.51 218.088
car -1 -1 0.00 0.00 0.00 100.00 100.00 -1000 2.17 8.82 -1.82 -1000 25.63 1.63 217.855
car -1 -1 0.00 0.00 0.00 100.00 100.00 -1000 1.89 5.63 8.55 -1000 25.02 1.50 217.381
car -1 -1 0.00 0.00 0.00 100.00 100.00 -1000 2.00 6.40 2.27 -1000 33.82 1.59 216.565
car -1 -1 0.00 0.00 0.00 100.00 100.00 -1000 2.10 10.22 17.65 -1000 39.96 1.38 216.108
car -1 -1 0.00 0.00 0.00 100.00 100.00 -1000 1.96 5.35 -13.93 -1000 23.01 1.51 213.709
car -1 -1 0.00 0.00 0.00 100.00 100.00 -1000 1.86 5.46 10.09 -1000 36.15 1.52 211.554
car -1 -1 0.00 0.00 0.00 100.00 100.00 -1000 2.20 8.28 -11.15 -1000 24.88 1.44 211.529
car -1 -1 0.00 0.00 0.00 100.00 100.00 -1000 2.13 7.26 7.90 -1000 45.80 1.54 210.607
car -1 -1 0.00 0.00 0.00 100.00 100.00 -1000 1.59 3.79 6.95 -1000 42.59 1.59 209.320
car -1 -1 0.00 0.00 0.00 100.00 100.00 -1000 1.78 4.74 -17.17 -1000 27.55 1.52 209.255
car -1 -1 0.00 0.00 0.00 100.00 100.00 -1000 1.99 5.83 7.98 -1000 36.26 1.54 208.907
car -1 -1 0.00 0.00 0.00 100.00 100.00 -1000 1.70 3.87 -9.81 -1000 32.45 1.63 208.808
car -1 -1 0.00 0.00 0.00 100.00 100.00 -1000 2.17 10.62 12.25 -1000 47.20 1.48 208.360
car -1 -1 0.00 0.00 0.00 100.00 100.00 -1000 2.06 7.89 8.60 -1000 44.51 1.55 207.694
car -1 -1 0.00 0.00 0.00 100.00 100.00 -1000 2.04 8.02 16.71 -1000 33.92 1.47 202.730
car -1 -1 0.00 0.00 0.00 100.00 100.00 -1000 1.88 6.30 -11.29 -1000 34.34 1.48 200.734
car -1 -1 0.00 0.00 0.00 100.00 100.00 -1000 2.05 7.67 -1.23 -1000 35.12 1.48 199.739
car -1 -1 0.00 0.00 0.00 100.00 100.00 -1000 2.13 6.36 5.01 -1000 35.42 1.55 195.284
car -1 -1 0.00 0.00 0.00 100.00 100.00 -1000 1.80 5.75 17.39 -1000 43.94 1.50 194.244
car -1 -1 0.00 0.00 0.00 100.00 100.00 -1000 1.69 3.81 10.81 -1000 22.68 0.10 191.125
car -1 -1 0.00 0.00 0.00 100.00 100.00 -1000 1.93 5.94 2.70 -1000 43.87 1.55 190.378
car -1 -1 0.00 0.00 0.00 100.00 100.00 -1000 2.11 7.48 14.77 -1000 45.03 1.50 188.565
car -1 -1 0.00 0.00 0.00 100.00 100.00 -1000 2.08 6.66 10.88 -1000 18.17 1.47 187.702
car -1 -1 0.00 0.00 0.00 100.00 100.00 -1000 1.92 6.01 -15.47 -1000 40.88 1.69 186.991
car -1 -1 0.00 0.00 0.00 100.00 100.00 -1000 1.96 8.19 -6.25 -1000 46.78 1.48 185.209
car -1 -1 0.00 0.00 0.00 100.00 100.00 -1000 1.91 5.16 -15.20 -1000 25.85 1.64 182.665
car -1 -1 0.00 0.00 0.00 100.00 100.00 -1000 1.90 5.56 11.14 -1000 36.75 1.53 180.171
car -1 -1 0.00 0.00 0.00 100.00 100.00 -1000 1.86 5.85 7.93 -1000 24.17 1.52 179.078
car -1 -1 0.00 0.00 0.00 100.00 100.00 -1000 2.10 6.89 12.37 -1000 41.60 1.54 178.677
car -1 -1 0.00 0.00 0.00 100.00 100.00 -1000 2.37 10.89 0.91 -1000 39.15 1.52 177.206
car -1 -1 0.00 0.00 0.00 100.00 100.00 -1000 2.28 11.56 14.75 -1000 30.33 1.49 176.185
car -1 -1 0.00 0.00 0.00 100.00 100.00 -1000 2.22 13.15 -11.57 -1000 29.51 1.43 176.098
car -1 -1 0.00 0.00 0.00 100.00 100.00 -1000 1.84 5.50 6.53 -1000 46.70 1.57 175.480
car -1 -1 0.00 0.00 0.00 100.00 100.00 -1000 2.27 8.42 -13.37 -1000 35.84 1.38 174.596
car -1 -1 0.00 0.00 0.00 100.00 100.00 -1000 2.10 9.33 16.24 -1000 23.75 1.43 174.363
car -1 -1 0.00 0.00 0.00 100.00 100.00 -1000 1.88 5.99 15.62 -1000 43.23 1.47 174.292
car -1 -1 0.00 0.00 0.00 100.00 100.00 -1000 3.12 10.80 5.09 -1000 9.37 2.12 171.990
car -1 -1 0.00 0.00 0.00 100.00 100.00 -1000 2.20 6.69 -14.93 -1000 45.25 1.62 171.685
car -1 -1 0.00 0.00 0.00 100.00 100.00 -1000 2.23 7.84 6.19 -1000 39.06 1.36 168.029
car -1 -1 0.00 0.00 0.00 100.00 100.00 -1000 2.20 6.54 4.27 -1000 16.83 1.89 167.440
car -1 -1 0.00 0.00 0.00 100.00 100.00 -1000 2.18 6.72 -18.52 -1000 46.84 1.67 167.008
car -1 -1 0.00 0.00 0.00 100.00 100.00 -1000 2.09 6.62 6.17 -1000 4.76 1.81 165.075
car -1 -1 0.00 0.00 0.00 100.00 100.00 -1000 1.93 5.79 -17.89 -1000 30.39 1.59 165.003
car -1 -1 0.00 0.00 0.00 100.00 100.00 -1000 2.24 8.79 8.94 -1000 30.26 1.49 161.945
car -1 -1 0.00 0.00 0.00 100.00 100.00 -1000 2.27 9.26 13.44 -1000 39.80 1.40 159.935
car -1 -1 0.00 0.00 0.00 100.00 100.00 -1000 2.05 9.22 -0.20 -1000 34.29 1.48 157.096
car -1 -1 0.00 0.00 0.00 100.00 100.00 -1000 2.14 6.72 -15.30 -1000 33.54 1.56 157.073
car -1 -1 0.00 0.00 0.00 100.00 100.00 -1000 1.92 5.78 -12.43 -1000 20.91 1.53 155.878
car -1 -1 0.00 0.00 0.00 100.00 100.00 -1000 1.96 6.94 14.95 -1000 22.58 1.55 155.845
car -1 -1 0.00 0.00 0.00 100.00 100.00 -1000 1.96 6.18 4.69 -1000 41.13 1.57 154.173
car -1 -1 0.00 0.00 0.00 100.00 100.00 -1000 1.83 5.23 19.30 -1000 42.53 1.60 151.020
car -1 -1 0.00 0.00 0.00 100.00 100.00 -1000 1.84 4.72 -9.31 -1000 17.08 1.60 150.247
car -1 -1 0.00 0.00 0.00 100.00 100.00 -1000 2.10 7.02 5.99 -1000 30.64 1.57 149.560
car -1 -1 0.00 0.00 0.00 100.00 100.00 -1000 2.11 8.35 11.95 -1000 19.27 1.63 149.385
car -1 -1 0.00 0.00 0.00 100.00 100.00 -1000 2.28 11.10 -11.99 -1000 43.23 1.46 145.228
car -1 -1 0.00 0.00 0.00 100.00 100.00 -1000 1.51 3.62 9.45 -1000 32.22 -0.33 145.000
car -1 -1 0.00 0.00 0.00 100.00 100.00 -1000 2.20 9.13 -12.18 -1000 27.43 1.41 143.838
car -1 -1 0.00 0.00 0.00 100.00 100.00 -1000 1.87 4.92 -15.97 -1000 47.47 -0.24 142.447
car -1 -1 0.00 0.00 0.00 100.00 100.00 -1000 2.18 10.83 -12.14 -1000 41.17 1.38 142.278
car -1 -1 0.00 0.00 0.00 100.00 100.00 -1000 2.12 6.31 -18.28 -1000 25.75 1.60 141.768
car -1 -1 0.00 0.00 0.00 100.00 100.00 -1000 2.04 6.58 6.52 -1000 10.29 1.66 140.231
car -1 -1 0.00 0.00 0.00 100.00 100.00 -1000 2.00 5.73 4.82 -1000 14.94 1.66 139.231
car -1 -1 0.00 0.00 0.00 100.00 100.00 -1000 2.25 6.82 -3.22 -1000 19.71 1.67 138.646
car -1 -1 0.00 0.00 0.00 100.00 100.00 -1000 2.22 6.85 4.24 -1000 18.42 1.82 137.812
car -1 -1 0.00 0.00 0.00 100.00 100.00 -1000 2.19 7.38 -15.76 -1000 35.47 1.59 137.109
car -1 -1 0.00 0.00 0.00 100.00 100.00 -1000 2.14 8.31 6.34 -1000 11.20 1.62 136.389
car -1 -1 0.00 0.00 0.00 100.00 100.00 -1000 1.98 6.50 3.71 -1000 45.92 1.54 136.175
car -1 -1 0.00 0.00 0.00 100.00 100.00 -1000 2.14 10.39 14.35 -1000 31.84 1.37 135.718
car -1 -1 0.00 0.00 0.00 100.00 100.00 -1000 1.93 5.84 -16.04 -1000 24.88 1.60 134.844
car -1 -1 0.00 0.00 0.00 100.00 100.00 -1000 2.22 7.55 6.16 -1000 44.23 1.51 134.307
car -1 -1 0.00 0.00 0.00 100.00 100.00 -1000 2.09 9.21 -12.12 -1000 42.27 1.44 133.374
car -1 -1 0.00 0.00 0.00 100.00 100.00 -1000 2.26 10.26 0.05 -1000 45.10 1.56 132.127
car -1 -1 0.00 0.00 0.00 100.00 100.00 -1000 1.87 6.27 -13.47 -1000 26.67 1.51 132.064
car -1 -1 0.00 0.00 0.00 100.00 100.00 -1000 2.09 6.60 7.25 -1000 37.87 1.52 131.667
car -1 -1 0.00 0.00 0.00 100.00 100.00 -1000 1.92 6.12 -14.08 -1000 20.26 1.66 130.703
car -1 -1 0.00 0.00 0.00 100.00 100.00 -1000 1.75 7.32 10.77 -1000 21.00 1.43 129.520
car -1 -1 0.00 0.00 0.00 100.00 100.00 -1000 1.88 7.41 13.60 -1000 17.72 1.45 129.172
car -1 -1 0.00 0.00 0.00 100.00 100.00 -1000 2.31 8.89 7.94 -1000 28.59 1.48 128.357
car -1 -1 0.00 0.00 0.00 100.00 100.00 -1000 2.11 5.81 -4.57 -1000 18.19 1.76 128.147
car -1 -1 0.00 0.00 0.00 100.00 100.00 -1000 2.21 8.25 19.08 -1000 45.46 1.47 127.426
car -1 -1 0.00 0.00 0.00 100.00 100.00 -1000 1.66 4.00 11.42 -1000 42.29 -0.09 127.393
car -1 -1 0.00 0.00 0.00 100.00 100.00 -1000 2.01 7.04 7.63 -1000 32.75 1.51 123.854
