car -1 -1 0.00 0.00 0.00 100.00 100.00 -1000 3.34 10.71 -5.29 -1000 15.50 1.50 999.569
car -1 -1 0.00 0.00 0.00 100.00 100.00 -1000 1.64 3.44 -4.28 -1000 12.00 1.56 998.321
car -1 -1 0.00 0.00 0.00 100.00 100.00 -1000 1.86 4.70 -4.29 -1000 12.66 1.52 990.383
car -1 -1 0.00 0.00 0.00 100.00 100.00 -1000 3.04 12.62 -5.67 -1000 14.29 1.34 989.985
car -1 -1 0.00 0.00 0.00 100.00 100.00 -1000 1.58 3.35 -3.60 -1000 11.34 1.69 987.424
car -1 -1 0.00 0.00 0.00 100.00 100.00 -1000 2.19 6.82 -3.12 -1000 15.08 1.52 973.394
car -1 -1 0.00 0.00 0.00 100.00 100.00 -1000 1.81 4.62 -1.81 -1000 12.54 1.59 964.894
car -1 -1 0.00 0.00 0.00 100.00 100.00 -1000 2.29 7.35 -1.18 -1000 16.38 1.47 946.998
car -1 -1 0.00 0.00 0.00 100.00 100.00 -1000 2.01 5.24 -4.82 -1000 13.47 1.49 942.638
car -1 -1 0.00 0.00 0.00 100.00 100.00 -1000 1.54 3.39 -15.56 -1000 21.73 1.53 934.676
car -1 -1 0.00 0.00 0.00 100.00 100.00 -1000 1.78 4.20 -2.87 -1000 16.70 1.55 915.040
car -1 -1 0.00 0.00 0.00 100.00 100.00 -1000 2.08 5.85 5.18 -1000 18.14 1.58 912.115
car -1 -1 0.00 0.00 0.00 100.00 100.00 -1000 1.59 3.47 8.09 -1000 13.58 1.64 910.799
car -1 -1 0.00 0.00 0.00 100.00 100.00 -1000 2.23 7.14 -0.96 -1000 14.21 1.48 909.651
car -1 -1 0.00 0.00 0.00 100.00 100.00 -1000 2.41 6.42 -3.51 -1000 16.15 1.54 900.571
car -1 -1 0.00 0.00 0.00 100.00 100.00 -1000 2.70 9.36 -4.84 -1000 13.22 1.47 865.399
car -1 -1 0.00 0.00 0.00 100.00 100.00 -1000 1.99 5.26 3.79 -1000 15.93 1.58 864.639
car -1 -1 0.00 0.00 0.00 100.00 100.00 -1000 1.57 3.43 0.26 -1000 29.85 1.55 849.555
car -1 -1 0.00 0.00 0.00 100.00 100.00 -1000 1.97 5.46 -1.97 -1000 19.52 1.52 838.806
car -1 -1 0.00 0.00 0.00 100.00 100.00 -1000 2.13 6.49 -1.41 -1000 13.24 1.57 837.224
car -1 -1 0.00 0.00 0.00 100.00 100.00 -1000 2.33 7.04 5.22 -1000 17.16 1.57 834.504
car -1 -1 0.00 0.00 0.00 100.00 100.00 -1000 1.57 3.81 -4.47 -1000 10.76 -0.08 818.864
car -1 -1 0.00 0.00 0.00 100.00 100.00 -1000 2.04 5.70 1.43 -1000 19.06 1.48 798.289
car -1 -1 0.00 0.00 0.00 100.00 100.00 -1000 1.78 4.42 -4.68 -1000 17.13 1.51 793.342
car -1 -1 0.00 0.00 0.00 100.00 100.00 -1000 1.91 4.66 8.78 -1000 14.52 1.54 793.099
car -1 -1 0.00 0.00 0.00 100.00 100.00 -1000 1.67 4.05 1.58 -1000 12.80 1.58 782.630
car -1 -1 0.00 0.00 0.00 100.00 100.00 -1000 1.92 5.44 1.84 -1000 14.35 1.59 772.413
car -1 -1 0.00 0.00 0.00 100.00 100.00 -1000 1.95 5.64 0.56 -1000 13.70 1.50 758.616
car -1 -1 0.00 0.00 0.00 100.00 100.00 -1000 1.65 4.70 0.73 -1000 15.43 -0.24 757.181
car -1 -1 0.00 0.00 0.00 100.00 100.00 -1000 2.03 5.74 -16.37 -1000 22.91 1.58 751.646
car -1 -1 0.00 0.00 0.00 100.00 100.00 -1000 2.00 5.56 4.38 -1000 18.99 1.61 740.436
car -1 -1 0.00 0.00 0.00 100.00 100.00 -1000 2.15 6.71 1.46 -1000 16.34 1.49 702.289
car -1 -1 0.00 0.00 0.00 100.00 100.00 -1000 1.70 4.22 5.88 -1000 7.60 1.62 684.381
car -1 -1 0.00 0.00 0.00 100.00 100.00 -1000 2.14 5.56 -2.00 -1000 18.39 1.53 674.020
car -1 -1 0.00 0.00 0.00 100.00 100.00 -1000 1.72 4.12 6.34 -1000 14.00 1.55 651.701
car -1 -1 0.00 0.00 0.00 100.00 100.00 -1000 1.75 4.31 5.14 -1000 6.49 1.59 649.879
car -1 -1 0.00 0.00 0.00 100.00 100.00 -1000 1.91 4.10 -5.33 -1000 11.49 1.51 641.640
car -1 -1 0.00 0.00 0.00 100.00 100.00 -1000 1.69 4.20 3.28 -1000 8.56 1.61 641.200
car -1 -1 0.00 0.00 0.00 100.00 100.00 -1000 1.99 5.46 6.07 -1000 15.83 1.55 625.188
car -1 -1 0.00 0.00 0.00 100.00 100.00 -1000 1.96 5.66 2.76 -1000 19.58 1.51 617.442
car -1 -1 0.00 0.00 0.00 100.00 100.00 -1000 1.88 5.09 0.88 -1000 19.89 1.57 607.605
car -1 -1 0.00 0.00 0.00 100.00 100.00 -1000 1.96 5.07 2.82 -1000 18.59 1.59 598.551
car -1 -1 0.00 0.00 0.00 100.00 100.00 -1000 1.55 3.45 -17.50 -1000 21.81 1.59 595.945
car -1 -1 0.00 0.00 0.00 100.00 100.00 -1000 2.58 9.34 1.17 -1000 17.67 1.50 591.177
car -1 -1 0.00 0.00 0.00 100.00 100.00 -1000 1.89 4.68 5.12 -1000 14.39 1.65 588.860
car -1 -1 0.00 0.00 0.00 100.00 100.00 -1000 2.51 9.17 -3.48 -1000 20.78 1.48 588.645
car -1 -1 0.00 0.00 0.00 100.00 100.00 -1000 2.01 5.61 -6.61 -1000 19.93 1.63 584.948
car -1 -1 0.00 0.00 0.00 100.00 100.00 -1000 1.87 4.51 -3.28 -1000 17.62 1.58 581.953
car -1 -1 0.00 0.00 0.00 100.00 100.00 -1000 2.64 12.65 -15.52 -1000 24.70 1.30 577.368
car -1 -1 0.00 0.00 0.00 100.00 100.00 -1000 1.72 4.17 0.13 -1000 29.00 -0.04 567.558
car -1 -1 0.00 0.00 0.00 100.00 100.00 -1000 1.80 4.52 7.37 -1000 14.83 1.51 567.293
car -1 -1 0.00 0.00 0.00 100.00 100.00 -1000 2.48 7.47 4.48 -1000 5.73 1.83 560.886
car -1 -1 0.00 0.00 0.00 100.00 100.00 -1000 1.57 3.73 7.70 -1000 12.85 -0.05 558.904
car -1 -1 0.00 0.00 0.00 100.00 100.00 -1000 1.61 3.62 -16.56 -1000 22.25 1.56 553.275
car -1 -1 0.00 0.00 0.00 100.00 100.00 -1000 2.06 5.09 0.81 -1000 11.81 1.73 539.060
car -1 -1 0.00 0.00 0.00 100.00 100.00 -1000 1.69 3.89 -18.21 -1000 22.65 1.56 509.398
car -1 -1 0.00 0.00 0.00 100.00 100.00 -1000 1.73 4.11 -17.96 -1000 26.48 1.56 502.573
car -1 -1 0.00 0.00 0.00 100.00 100.00 -1000 2.76 10.27 -16.33 -1000 23.56 1.48 493.791
car -1 -1 0.00 0.00 0.00 100.00 100.00 -1000 1.98 5.44 0.31 -1000 30.40 1.56 483.235
car -1 -1 0.00 0.00 0.00 100.00 100.00 -1000 2.49 10.41 1.95 -1000 23.28 1.46 443.715
car -1 -1 0.00 0.00 0.00 100.00 100.00 -1000 3.39 12.77 4.58 -1000 5.72 2.06 435.064
car -1 -1 0.00 0.00 0.00 100.00 100.00 -1000 1.56 3.48 -16.06 -1000 21.00 -0.11 433.376
car -1 -1 0.00 0.00 0.00 100.00 100.00 -1000 2.33 8.23 7.53 -1000 16.75 1.42 422.992
car -1 -1 0.00 0.00 0.00 100.00 100.00 -1000 2.20 8.50 -12.23 -1000 24.56 1.39 420.560
car -1 -1 0.00 0.00 0.00 100.00 100.00 -1000 2.23 7.11 -1.31 -1000 20.34 1.53 418.693
car -1 -1 0.00 0.00 0.00 100.00 100.00 -1000 1.97 6.14 -14.52 -1000 22.45 1.54 400.739
car -1 -1 0.00 0.00 0.00 100.00 100.00 -1000 2.30 9.22 10.51 -1000 17.45 1.37 394.940
car -1 -1 0.00 0.00 0.00 100.00 100.00 -1000 2.03 5.78 -4.47 -1000 18.39 1.54 381.362
car -1 -1 0.00 0.00 0.00 100.00 100.00 -1000 1.86 4.85 9.60 -1000 13.38 1.60 374.704
car -1 -1 0.00 0.00 0.00 100.00 100.00 -1000 1.85 5.05 0.05 -1000 18.62 -0.28 373.104
car -1 -1 0.00 0.00 0.00 100.00 100.00 -1000 1.75 5.30 2.61 -1000 15.08 -0.22 370.093
car -1 -1 0.00 0.00 0.00 100.00 100.00 -1000 2.46 8.89 5.28 -1000 19.61 1.49 368.256
car -1 -1 0.00 0.00 0.00 100.00 100.00 -1000 2.54 9.65 8.29 -1000 15.47 1.48 365.711
car -1 -1 0.00 0.00 0.00 100.00 100.00 -1000 2.10 6.06 2.31 -1000 13.36 1.59 361.007
car -1 -1 0.00 0.00 0.00 100.00 100.00 -1000 2.12 6.08 -6.30 -1000 18.99 1.56 355.726
car -1 -1 0.00 0.00 0.00 100.00 100.00 -1000 2.48 10.21 -12.15 -1000 23.38 1.39 349.386
car -1 -1 0.00 0.00 0.00 100.00 100.00 -1000 2.19 7.16 -17.97 -1000 26.90 1.61 349.190
car -1 -1 0.00 0.00 0.00 100.00 100.00 -1000 2.28 9.56 7.02 -1000 22.93 1.47 347.223
car -1 -1 0.00 0.00 0.00 100.00 100.00 -1000 2.10 6.44 5.43 -1000 8.29 1.52 345.168
car -1 -1 0.00 0.00 0.00 100.00 100.00 -1000 1.76 4.36 1.99 -1000 29.67 1.63 329.273
car -1 -1 0.00 0.00 0.00 100.00 100.00 -1000 2.21 7.75 -4.26 -1000 23.17 1.56 313.949
car -1 -1 0.00 0.00 0.00 100.00 100.00 -1000 2.13 6.49 -16.02 -1000 24.09 1.51 307.831
car -1 -1 0.00 0.00 0.00 100.00 100.00 -1000 2.39 9.34 -15.06 -1000 26.25 1.39 296.118
car -1 -1 0.00 0.00 0.00 100.00 100.00 -1000 2.53 6.70 -3.40 -1000 10.42 1.88 291.651
car -1 -1 0.00 0.00 0.00 100.00 100.00 -1000 2.39 5.78 -7.31 -1000 11.78 1.61 288.846
car -1 -1 0.00 0.00 0.00 100.00 100.00 -1000 2.40 8.22 2.66 -1000 20.31 1.50 287.819
car -1 -1 0.00 0.00 0.00 100.00 100.00 -1000 2.20 6.59 -6.41 -1000 17.61 1.51 277.378
car -1 -1 0.00 0.00 0.00 100.00 100.00 -1000 2.16 6.40 -17.66 -1000 25.84 1.65 271.315
car -1 -1 0.00 0.00 0.00 100.00 100.00 -1000 2.47 7.62 -8.39 -1000 15.77 1.44 270.211
car -1 -1 0.00 0.00 0.00 100.00 100.00 -1000 1.99 6.31 -13.47 -1000 21.68 1.51 270.123
car -1 -1 0.00 0.00 0.00 100.00 100.00 -1000 2.33 8.30 8.03 -1000 18.05 1.44 269.420
car -1 -1 0.00 0.00 0.00 100.00 100.00 -1000 2.19 8.81 7.45 -1000 21.77 1.42 258.760
car -1 -1 0.00 0.00 0.00 100.00 100.00 -1000 1.97 5.62 15.56 -1000 19.05 1.65 256.810
car -1 -1 0.00 0.00 0.00 100.00 100.00 -1000 2.27 6.80 4.84 -1000 15.10 1.66 255.551
car -1 -1 0.00 0.00 0.00 100.00 100.00 -1000 2.42 9.25 -3.34 -1000 22.03 1.45 248.937
car -1 -1 0.00 0.00 0.00 100.00 100.00 -1000 2.26 10.58 1.18 -1000 24.43 1.46 242.033
car -1 -1 0.00 0.00 0.00 100.00 100.00 -1000 2.16 8.37 4.07 -1000 32.63 1.47 234.218
car -1 -1 0.00 0.00 0.00 100.00 100.00 -1000 1.95 5.06 2.97 -1000 29.08 1.56 229.725
car -1 -1 0.00 0.00 0.00 100.00 100.00 -1000 2.40 7.09 5.28 -1000 11.33 1.53 215.854
car -1 -1 0.00 0.00 0.00 100.00 100.00 -1000 2.62 11.79 10.44 -1000 16.20 1.37 214.166
car -1 -1 0.00 0.00 0.00 100.00 100.00 -1000 2.28 10.98 5.09 -1000 23.64 1.45 212.762
car -1 -1 0.00 0.00 0.00 100.00 100.00 -1000 1.73 4.87 -7.87 -1000 19.39 -0.10 205.883
car -1 -1 0.00 0.00 0.00 100.00 100.00 -1000 2.30 7.48 6.53 -1000 13.51 1.56 195.126
car -1 -1 0.00 0.00 0.00 100.00 100.00 -1000 2.19 9.01 2.69 -1000 33.42 1.37 187.781
car -1 -1 0.00 0.00 0.00 100.00 100.00 -1000 2.22 6.35 -15.18 -1000 20.29 1.61 187.353
car -1 -1 0.00 0.00 0.00 100.00 100.00 -1000 2.35 8.69 10.05 -1000 14.80 1.50 186.584
car -1 -1 0.00 0.00 0.00 100.00 100.00 -1000 2.12 8.45 -11.52 -1000 26.12 1.42 186.215
car -1 -1 0.00 0.00 0.00 100.00 100.00 -1000 3.07 10.24 4.33 -1000 10.03 1.81 180.795
car -1 -1 0.00 0.00 0.00 100.00 100.00 -1000 2.12 6.51 3.93 -1000 12.86 1.57 178.043
car -1 -1 0.00 0.00 0.00 100.00 100.00 -1000 2.90 7.82 -5.09 -1000 11.25 1.68 175.935
car -1 -1 0.00 0.00 0.00 100.00 100.00 -1000 2.57 9.45 -0.63 -1000 22.47 1.55 174.566
car -1 -1 0.00 0.00 0.00 100.00 100.00 -1000 1.95 4.97 -17.73 -1000 21.08 1.53 170.267
car -1 -1 0.00 0.00 0.00 100.00 100.00 -1000 1.99 5.58 1.91 -1000 28.36 1.55 169.349
car -1 -1 0.00 0.00 0.00 100.00 100.00 -1000 2.43 8.66 0.89 -1000 30.95 1.52 166.714
car -1 -1 0.00 0.00 0.00 100.00 100.00 -1000 2.11 9.12 9.62 -1000 20.91 1.44 166.167
car -1 -1 0.00 0.00 0.00 100.00 100.00 -1000 2.02 5.64 3.91 -1000 4.88 1.59 156.837
car -1 -1 0.00 0.00 0.00 100.00 100.00 -1000 2.38 8.71 -14.38 -1000 27.29 1.50 155.994
car -1 -1 0.00 0.00 0.00 100.00 100.00 -1000 2.59 10.90 -12.97 -1000 22.12 1.45 154.407
car -1 -1 0.00 0.00 0.00 100.00 100.00 -1000 1.92 5.80 7.45 -1000 7.03 1.57 149.695
car -1 -1 0.00 0.00 0.00 100.00 100.00 -1000 2.30 7.70 3.16 -1000 30.21 1.51 146.027
car -1 -1 0.00 0.00 0.00 100.00 100.00 -1000 2.24 8.58 3.69 -1000 31.43 1.46 145.066
car -1 -1 0.00 0.00 0.00 100.00 100.00 -1000 1.88 5.50 -1.17 -1000 29.56 1.49 143.785
car -1 -1 0.00 0.00 0.00 100.00 100.00 -1000 2.76 11.07 -1.15 -1000 21.38 1.60 140.995
car -1 -1 0.00 0.00 0.00 100.00 100.00 -1000 2.84 13.96 5.88 -1000 21.03 1.33 140.392
car -1 -1 0.00 0.00 0.00 100.00 100.00 -1000 2.05 6.68 -2.47 -1000 32.17 1.53 139.247
car -1 -1 0.00 0.00 0.00 100.00 100.00 -1000 2.25 6.64 8.09 -1000 12.28 -0.14 135.938
car -1 -1 0.00 0.00 0.00 100.00 100.00 -1000 2.74 11.61 8.70 -1000 18.88 1.45 135.324
car -1 -1 0.00 0.00 0.00 100.00 100.00 -1000 2.10 6.85 0.33 -1000 27.92 1.62 133.112
car -1 -1 0.00 0.00 0.00 100.00 100.00 -1000 6.34 34.84 5.02 -1000 5.79 2.59 132.278
car -1 -1 0.00 0.00 0.00 100.00 100.00 -1000 2.11 9.70 -14.69 -1000 28.99 1.40 130.405
car -1 -1 0.00 0.00 0.00 100.00 100.00 -1000 2.29 6.88 3.52 -1000 9.08 1.68 130.009
car -1 -1 0.00 0.00 0.00 100.00 100.00 -1000 2.17 7.40 15.39 -1000 19.93 1.57 129.929
car -1 -1 0.00 0.00 0.00 100.00 100.00 -1000 2.14 9.40 3.56 -1000 34.28 1.53 124.993
car -1 -1 0.00 0.00 0.00 100.00 100.00 -1000 2.05 8.76 14.60 -1000 14.49 1.47 120.565
car -1 -1 0.00 0.00 0.00 100.00 100.00 -1000 2.91 9.50 -11.77 -1000 16.20 1.57 120.081
car -1 -1 0.00 0.00 0.00 100.00 100.00 -1000 3.07 10.56 -6.09 -1000 17.09 1.57 116.855
car -1 -1 0.00 0.00 0.00 100.00 100.00 -1000 2.15 5.31 -0.99 -1000 11.61 1.80 116.150
car -1 -1 0.00 0.00 0.00 100.00 100.00 -1000 2.05 9.10 -11.36 -1000 27.39 1.41 112.537
car -1 -1 0.00 0.00 0.00 100.00 100.00 -1000 2.07 9.09 -10.48 -1000 25.29 1.46 110.704
car -1 -1 0.00 0.00 0.00 100.00 100.00 -1000 2.61 9.81 -6.86 -1000 20.71 1.56 109.057
car -1 -1 0.00 0.00 0.00 100.00 100.00 -1000 2.51 9.47 0.31 -1000 32.98 1.56 105.107
car -1 -1 0.00 0.00 0.00 100.00 100.00 -1000 2.21 9.68 -5.18 -1000 24.06 1.62 104.665
car -1 -1 0.00 0.00 0.00 100.00 100.00 -1000 2.00 6.76 7.20 -1000 6.18 1.56 103.340
car -1 -1 0.00 0.00 0.00 100.00 100.00 -1000 2.44 9.34 -9.52 -1000 22.47 1.47 103.036
car -1 -1 0.00 0.00 0.00 100.00 100.00 -1000 2.31 10.70 13.65 -1000 15.74 1.49 102.652
car -1 -1 0.00 0.00 0.00 100.00 100.00 -1000 2.37 8.57 -12.33 -1000 20.86 1.51 102.639
car -1 -1 0.00 0.00 0.00 100.00 100.00 -1000 1.99 7.72 4.32 -1000 41.76 1.50 100.378
car -1 -1 0.00 0.00 0.00 100.00 100.00 -1000 2.54 9.75 -2.15 -1000 23.73 1.49 100.116
car -1 -1 0.00 0.00 0.00 100.00 100.00 -1000 2.48 9.96 7.08 -1000 8.86 1.54 99.510
car -1 -1 0.00 0.00 0.00 100.00 100.00 -1000 2.21 9.04 -2.45 -1000 33.51 1.54 99.008
car -1 -1 0.00 0.00 0.00 100.00 100.00 -1000 1.97 7.82 -4.04 -1000 31.33 1.46 97.486
car -1 -1 0.00 0.00 0.00 100.00 100.00 -1000 2.07 6.34 14.58 -1000 18.26 1.46 95.928
car -1 -1 0.00 0.00 0.00 100.00 100.00 -1000 1.89 4.40 4.29 -1000 7.22 1.62 94.558
car -1 -1 0.00 0.00 0.00 100.00 100.00 -1000 2.22 9.49 0.58 -1000 34.52 1.61 94.415
car -1 -1 0.00 0.00 0.00 100.00 100.00 -1000 2.38 7.58 10.70 -1000 12.59 1.55 93.453
car -1 -1 0.00 0.00 0.00 100.00 100.00 -1000 2.84 8.63 -14.62 -1000 19.27 1.61 91.033
car -1 -1 0.00 0.00 0.00 100.00 100.00 -1000 2.16 10.56 10.18 -1000 22.21 1.56 90.155
car -1 -1 0.00 0.00 0.00 100.00 100.00 -1000 2.11 8.52 9.82 -1000 8.10 1.51 88.043
car -1 -1 0.00 0.00 0.00 100.00 100.00 -1000 2.43 9.04 -9.86 -1000 17.68 1.59 87.439
car -1 -1 0.00 0.00 0.00 100.00 100.00 -1000 1.67 4.20 -14.48 -1000 20.91 -0.30 85.217
car -1 -1 0.00 0.00 0.00 100.00 100.00 -1000 2.24 5.81 -17.65 -1000 24.83 1.64 84.893
car -1 -1 0.00 0.00 0.00 100.00 100.00 -1000 2.27 7.75 11.54 -1000 13.66 1.59 84.448
car -1 -1 0.00 0.00 0.00 100.00 100.00 -1000 2.08 7.03 -2.44 -1000 30.65 1.52 84.284
car -1 -1 0.00 0.00 0.00 100.00 100.00 -1000 1.98 8.25 5.28 -1000 3.64 1.58 83.777
car -1 -1 0.00 0.00 0.00 100.00 100.00 -1000 2.01 9.05 -11.32 -1000 28.51 1.43 82.405
car -1 -1 0.00 0.00 0.00 100.00 100.00 -1000 2.23 9.45 14.63 -1000 17.39 1.60 81.337
car -1 -1 0.00 0.00 0.00 100.00 100.00 -1000 2.03 9.22 14.54 -1000 12.89 1.45 80.853
car -1 -1 0.00 0.00 0.00 100.00 100.00 -1000 2.68 11.63 4.11 -1000 22.49 1.45 80.516
car -1 -1 0.00 0.00 0.00 100.00 100.00 -1000 2.15 11.22 -15.66 -1000 30.09 1.45 77.177
car -1 -1 0.00 0.00 0.00 100.00 100.00 -1000 2.97 14.98 2.27 -1000 31.88 1.43 76.153
car -1 -1 0.00 0.00 0.00 100.00 100.00 -1000 3.02 14.90 -15.11 -1000 27.78 1.46 74.736
car -1 -1 0.00 0.00 0.00 100.00 100.00 -1000 2.53 9.41 -9.06 -1000 20.04 1.52 74.204
car -1 -1 0.00 0.00 0.00 100.00 100.00 -1000 1.92 9.46 -4.83 -1000 33.06 1.41 74.173
car -1 -1 0.00 0.00 0.00 100.00 100.00 -1000 1.96 8.68 15.62 -1000 16.53 1.56 74.082
car -1 -1 0.00 0.00 0.00 100.00 100.00 -1000 1.99 7.37 4.70 -1000 28.65 1.49 71.136
car -1 -1 0.00 0.00 0.00 100.00 100.00 -1000 2.08 8.51 10.02 -1000 6.41 1.47 70.880
car -1 -1 0.00 0.00 0.00 100.00 100.00 -1000 2.89 12.57 -9.41 -1000 21.38 1.50 70.332
car -1 -1 0.00 0.00 0.00 100.00 100.00 -1000 2.04 10.08 2.02 -1000 27.05 1.58 70.151
car -1 -1 0.00 0.00 0.00 100.00 100.00 -1000 2.01 7.23 -14.32 -1000 18.26 1.60 69.785
car -1 -1 0.00 0.00 0.00 100.00 100.00 -1000 2.17 10.28 -9.68 -1000 24.06 1.62 69.760
car -1 -1 0.00 0.00 0.00 100.00 100.00 -1000 3.09 12.20 -7.20 -1000 18.23 1.58 69.530
car -1 -1 0.00 0.00 0.00 100.00 100.00 -1000 2.17 11.28 2.82 -1000 35.15 1.58 69.329
car -1 -1 0.00 0.00 0.00 100.00 100.00 -1000 2.17 9.46 -7.93 -1000 23.26 1.60 68.586
car -1 -1 0.00 0.00 0.00 100.00 100.00 -1000 2.11 9.84 17.85 -1000 20.92 1.43 68.336
car -1 -1 0.00 0.00 0.00 100.00 100.00 -1000 5.86 26.49 4.68 -1000 9.81 2.61 67.537
car -1 -1 0.00 0.00 0.00 100.00 100.00 -1000 2.40 8.92 7.47 -1000 10.26 1.43 67.281
car -1 -1 0.00 0.00 0.00 100.00 100.00 -1000 2.06 10.04 11.51 -1000 9.24 1.56 66.703
car -1 -1 0.00 0.00 0.00 100.00 100.00 -1000 2.09 7.66 13.64 -1000 11.99 1.47 65.715
car -1 -1 0.00 0.00 0.00 100.00 100.00 -1000 2.27 8.58 11.04 -1000 20.03 1.53 65.706
car -1 -1 0.00 0.00 0.00 100.00 100.00 -1000 2.77 11.61 -7.81 -1000 11.74 1.61 64.586
car -1 -1 0.00 0.00 0.00 100.00 100.00 -1000 4.65 15.33 -2.10 -1000 10.60 2.38 63.963
car -1 -1 0.00 0.00 0.00 100.00 100.00 -1000 1.90 9.77 6.17 -1000 30.69 1.39 63.380
car -1 -1 0.00 0.00 0.00 100.00 100.00 -1000 2.14 7.39 8.92 -1000 5.60 1.52 63.274
car -1 -1 0.00 0.00 0.00 100.00 100.00 -1000 1.64 4.70 6.00 -1000 19.26 -0.61 62.002
car -1 -1 0.00 0.00 0.00 100.00 100.00 -1000 2.37 8.60 7.29 -1000 4.82 1.54 61.752
car -1 -1 0.00 0.00 0.00 100.00 100.00 -1000 2.22 6.46 4.19 -1000 40.82 1.56 61.061
car -1 -1 0.00 0.00 0.00 100.00 100.00 -1000 2.16 10.22 -18.56 -1000 30.53 1.63 60.596
car -1 -1 0.00 0.00 0.00 100.00 100.00 -1000 1.95 10.72 7.67 -1000 24.24 1.35 60.524
car -1 -1 0.00 0.00 0.00 100.00 100.00 -1000 3.03 15.40 9.15 -1000 19.77 1.46 60.025
car -1 -1 0.00 0.00 0.00 100.00 100.00 -1000 2.12 9.18 5.67 -1000 29.67 1.62 59.424
car -1 -1 0.00 0.00 0.00 100.00 100.00 -1000 4.10 15.06 4.65 -1000 9.09 2.30 59.200
car -1 -1 0.00 0.00 0.00 100.00 100.00 -1000 1.81 8.53 3.30 -1000 25.84 1.44 58.570
car -1 -1 0.00 0.00 0.00 100.00 100.00 -1000 2.19 7.57 17.39 -1000 18.54 1.56 58.453
car -1 -1 0.00 0.00 0.00 100.00 100.00 -1000 2.21 10.52 4.02 -1000 43.45 1.62 58.039
car -1 -1 0.00 0.00 0.00 100.00 100.00 -1000 1.85 7.99 5.16 -1000 37.89 1.47 56.916
car -1 -1 0.00 0.00 0.00 100.00 100.00 -1000 2.18 10.06 15.37 -1000 21.60 1.64 55.878
car -1 -1 0.00 0.00 0.00 100.00 100.00 -1000 1.96 7.14 -2.81 -1000 29.09 1.56 55.839
car -1 -1 0.00 0.00 0.00 100.00 100.00 -1000 2.21 7.11 -18.93 -1000 21.90 1.57 55.228
car -1 -1 0.00 0.00 0.00 100.00 100.00 -1000 2.12 10.56 -2.59 -1000 24.86 1.66 54.969
car -1 -1 0.00 0.00 0.00 100.00 100.00 -1000 2.08 9.55 -5.53 -1000 30.52 1.63 54.960
car -1 -1 0.00 0.00 0.00 100.00 100.00 -1000 2.09 9.98 -0.78 -1000 42.58 1.66 54.438
car -1 -1 0.00 0.00 0.00 100.00 100.00 -1000 2.79 8.62 9.62 -1000 11.31 1.64 54.408
car -1 -1 0.00 0.00 0.00 100.00 100.00 -1000 2.11 10.17 -5.64 -1000 32.14 1.65 54.233
car -1 -1 0.00 0.00 0.00 100.00 100.00 -1000 1.94 10.19 6.15 -1000 27.46 1.38 54.169
car -1 -1 0.00 0.00 0.00 100.00 100.00 -1000 2.55 10.42 12.57 -1000 18.91 1.41 53.826
car -1 -1 0.00 0.00 0.00 100.00 100.00 -1000 2.14 10.27 -18.60 -1000 32.14 1.65 53.791
car -1 -1 0.00 0.00 0.00 100.00 100.00 -1000 2.09 8.05 12.46 -1000 46.47 1.61 53.574
car -1 -1 0.00 0.00 0.00 100.00 100.00 -1000 2.06 9.80 6.47 -1000 32.13 1.63 53.325
car -1 -1 0.00 0.00 0.00 100.00 100.00 -1000 1.94 10.89 7.67 -1000 25.86 1.36 53.231
car -1 -1 0.00 0.00 0.00 100.00 100.00 -1000 2.79 8.92 -18.42 -1000 20.95 1.64 53.205
car -1 -1 0.00 0.00 0.00 100.00 100.00 -1000 1.87 10.08 4.48 -1000 25.04 1.36 53.098
car -1 -1 0.00 0.00 0.00 100.00 100.00 -1000 1.98 7.81 -4.20 -1000 29.74 1.47 52.941
car -1 -1 0.00 0.00 0.00 100.00 100.00 -1000 1.96 10.33 -19.72 -1000 1.65 1.41 52.834
car -1 -1 0.00 0.00 0.00 100.00 100.00 -1000 2.04 9.84 6.41 -1000 40.31 1.42 52.767
car -1 -1 0.00 0.00 0.00 100.00 100.00 -1000 2.09 10.22 -7.34 -1000 24.84 1.66 52.728
car -1 -1 0.00 0.00 0.00 100.00 100.00 -1000 1.79 8.37 4.94 -1000 2.42 1.44 52.614
