car -1 -1 0.00 0.00 0.00 100.00 100.00 -1000 1.55 3.20 11.57 -1000 29.91 1.67 997.515
car -1 -1 0.00 0.00 0.00 100.00 100.00 -1000 1.70 3.95 9.16 -1000 14.62 0.09 994.983
car -1 -1 0.00 0.00 0.00 100.00 100.00 -1000 1.62 3.71 12.39 -1000 30.41 1.68 994.460
car -1 -1 0.00 0.00 0.00 100.00 100.00 -1000 1.63 4.13 10.93 -1000 29.03 -0.15 993.331
car -1 -1 0.00 0.00 0.00 100.00 100.00 -1000 1.56 3.30 8.75 -1000 15.32 1.64 992.899
car -1 -1 0.00 0.00 0.00 100.00 100.00 -1000 1.54 3.34 10.10 -1000 15.44 1.71 991.845
car -1 -1 0.00 0.00 0.00 100.00 100.00 -1000 1.59 3.86 -4.27 -1000 7.07 0.10 990.436
car -1 -1 0.00 0.00 0.00 100.00 100.00 -1000 1.53 3.58 0.05 -1000 24.85 1.66 989.821
car -1 -1 0.00 0.00 0.00 100.00 100.00 -1000 1.58 3.45 9.39 -1000 38.24 1.62 989.624
car -1 -1 0.00 0.00 0.00 100.00 100.00 -1000 1.72 4.22 9.43 -1000 28.78 0.02 988.729
car -1 -1 0.00 0.00 0.00 100.00 100.00 -1000 1.50 3.67 9.19 -1000 37.42 -0.03 986.584
car -1 -1 0.00 0.00 0.00 100.00 100.00 -1000 1.56 3.25 8.53 -1000 29.56 1.60 986.311
car -1 -1 0.00 0.00 0.00 100.00 100.00 -1000 1.58 3.27 10.34 -1000 29.65 1.64 985.528
car -1 -1 0.00 0.00 0.00 100.00 100.00 -1000 1.91 5.61 11.60 -1000 31.34 1.55 979.047
car -1 -1 0.00 0.00 0.00 100.00 100.00 -1000 1.52 3.14 -4.44 -1000 7.78 1.64 972.399
car -1 -1 0.00 0.00 0.00 100.00 100.00 -1000 1.52 3.28 -3.47 -1000 28.68 1.61 969.576
car -1 -1 0.00 0.00 0.00 100.00 100.00 -1000 1.58 3.74 0.01 -1000 23.81 -0.12 968.746
car -1 -1 0.00 0.00 0.00 100.00 100.00 -1000 1.51 3.59 -3.40 -1000 27.69 -0.14 959.471
car -1 -1 0.00 0.00 0.00 100.00 100.00 -1000 2.31 7.48 11.37 -1000 33.36 1.45 954.352
car -1 -1 0.00 0.00 0.00 100.00 100.00 -1000 1.58 3.57 -2.99 -1000 39.41 1.58 951.660
car -1 -1 0.00 0.00 0.00 100.00 100.00 -1000 1.48 3.21 -3.93 -1000 15.31 1.72 950.866
car -1 -1 0.00 0.00 0.00 100.00 100.00 -1000 2.04 7.08 11.33 -1000 32.25 1.47 948.093
car -1 -1 0.00 0.00 0.00 100.00 100.00 -1000 1.53 3.91 10.72 -1000 14.82 -0.28 928.810
car -1 -1 0.00 0.00 0.00 100.00 100.00 -1000 4.05 9.44 -3.46 -1000 6.07 1.38 923.205
car -1 -1 0.00 0.00 0.00 100.00 100.00 -1000 1.67 4.18 9.25 -1000 30.30 1.62 916.368
car -1 -1 0.00 0.00 0.00 100.00 100.00 -1000 2.74 12.14 10.96 -1000 32.64 1.42 909.065
car -1 -1 0.00 0.00 0.00 100.00 100.00 -1000 1.58 3.62 4.56 -1000 17.75 1.61 897.722
car -1 -1 0.00 0.00 0.00 100.00 100.00 -1000 1.73 4.42 8.34 -1000 16.29 1.64 890.384
car -1 -1 0.00 0.00 0.00 100.00 100.00 -1000 1.71 4.11 -3.14 -1000 26.51 1.65 887.697
car -1 -1 0.00 0.00 0.00 100.00 100.00 -1000 1.76 4.88 -3.45 -1000 29.23 1.68 885.825
car -1 -1 0.00 0.00 0.00 100.00 100.00 -1000 1.63 3.67 -3.36 -1000 11.26 1.57 880.481
car -1 -1 0.00 0.00 0.00 100.00 100.00 -1000 1.82 4.91 8.88 -1000 38.84 1.63 874.463
car -1 -1 0.00 0.00 0.00 100.00 100.00 -1000 5.87 20.05 4.74 -1000 6.48 2.00 864.084
car -1 -1 0.00 0.00 0.00 100.00 100.00 -1000 1.63 3.81 11.68 -1000 15.40 1.70 861.874
car -1 -1 0.00 0.00 0.00 100.00 100.00 -1000 1.69 4.29 -4.00 -1000 14.67 0.02 857.885
car -1 -1 0.00 0.00 0.00 100.00 100.00 -1000 3.94 11.88 4.71 -1000 6.38 1.80 843.858
car -1 -1 0.00 0.00 0.00 100.00 100.00 -1000 1.67 4.05 -4.97 -1000 8.43 1.51 838.777
car -1 -1 0.00 0.00 0.00 100.00 100.00 -1000 2.16 6.28 7.03 -1000 32.05 1.51 815.321
car -1 -1 0.00 0.00 0.00 100.00 100.00 -1000 1.73 4.18 6.15 -1000 17.68 1.59 794.941
car -1 -1 0.00 0.00 0.00 100.00 100.00 -1000 1.53 3.56 -3.36 -1000 38.66 -0.06 794.420
car -1 -1 0.00 0.00 0.00 100.00 100.00 -1000 2.07 6.65 9.88 -1000 30.82 1.57 787.627
car -1 -1 0.00 0.00 0.00 100.00 100.00 -1000 1.69 4.36 -4.22 -1000 15.94 1.66 786.743
car -1 -1 0.00 0.00 0.00 100.00 100.00 -1000 1.51 3.49 -1.50 -1000 25.04 1.57 771.701
car -1 -1 0.00 0.00 0.00 100.00 100.00 -1000 2.32 9.20 9.31 -1000 34.13 1.46 754.507
car -1 -1 0.00 0.00 0.00 100.00 100.00 -1000 1.69 4.56 10.79 -1000 37.90 1.62 747.365
car -1 -1 0.00 0.00 0.00 100.00 100.00 -1000 1.86 5.03 1.62 -1000 25.29 1.54 747.354
car -1 -1 0.00 0.00 0.00 100.00 100.00 -1000 2.57 13.09 10.92 -1000 40.74 1.33 746.992
car -1 -1 0.00 0.00 0.00 100.00 100.00 -1000 1.67 3.94 12.50 -1000 29.28 1.70 737.792
car -1 -1 0.00 0.00 0.00 100.00 100.00 -1000 1.52 3.67 7.97 -1000 28.92 0.10 732.161
car -1 -1 0.00 0.00 0.00 100.00 100.00 -1000 1.67 4.34 13.43 -1000 29.95 1.66 727.960
car -1 -1 0.00 0.00 0.00 100.00 100.00 -1000 1.77 4.24 7.16 -1000 16.99 1.52 722.081
car -1 -1 0.00 0.00 0.00 100.00 100.00 -1000 2.06 5.12 9.75 -1000 36.42 1.65 720.572
car -1 -1 0.00 0.00 0.00 100.00 100.00 -1000 1.61 3.78 7.71 -1000 14.89 0.14 720.199
car -1 -1 0.00 0.00 0.00 100.00 100.00 -1000 1.64 4.21 -2.44 -1000 28.27 1.73 718.067
car -1 -1 0.00 0.00 0.00 100.00 100.00 -1000 1.99 5.86 1.51 -1000 28.05 1.44 704.356
car -1 -1 0.00 0.00 0.00 100.00 100.00 -1000 2.48 10.10 7.81 -1000 33.21 1.48 699.715
car -1 -1 0.00 0.00 0.00 100.00 100.00 -1000 1.91 5.67 10.29 -1000 16.24 1.57 690.918
car -1 -1 0.00 0.00 0.00 100.00 100.00 -1000 1.70 4.16 2.78 -1000 35.50 1.55 687.433
car -1 -1 0.00 0.00 0.00 100.00 100.00 -1000 1.62 3.85 -14.09 -1000 31.10 1.61 684.658
car -1 -1 0.00 0.00 0.00 100.00 100.00 -1000 1.90 4.97 -7.39 -1000 9.74 1.67 678.414
car -1 -1 0.00 0.00 0.00 100.00 100.00 -1000 1.87 4.99 -0.16 -1000 23.14 1.63 670.106
car -1 -1 0.00 0.00 0.00 100.00 100.00 -1000 2.26 9.36 -2.83 -1000 31.09 1.42 669.530
car -1 -1 0.00 0.00 0.00 100.00 100.00 -1000 2.18 7.03 8.28 -1000 31.36 1.48 661.828
car -1 -1 0.00 0.00 0.00 100.00 100.00 -1000 1.74 4.51 7.27 -1000 15.72 1.48 641.756
car -1 -1 0.00 0.00 0.00 100.00 100.00 -1000 1.83 4.97 7.36 -1000 30.13 1.48 622.279
car -1 -1 0.00 0.00 0.00 100.00 100.00 -1000 1.59 3.79 1.34 -1000 24.35 1.77 620.905
car -1 -1 0.00 0.00 0.00 100.00 100.00 -1000 1.87 5.05 -0.57 -1000 25.63 1.53 620.833
car -1 -1 0.00 0.00 0.00 100.00 100.00 -1000 1.74 4.16 -2.73 -1000 25.75 1.69 616.379
car -1 -1 0.00 0.00 0.00 100.00 100.00 -1000 3.05 16.73 13.65 -1000 33.39 1.37 613.850
car -1 -1 0.00 0.00 0.00 100.00 100.00 -1000 2.42 9.43 8.20 -1000 41.70 1.53 605.697
car -1 -1 0.00 0.00 0.00 100.00 100.00 -1000 1.81 4.90 -3.12 -1000 40.09 1.57 600.383
car -1 -1 0.00 0.00 0.00 100.00 100.00 -1000 2.29 10.25 12.64 -1000 39.93 1.40 598.930
car -1 -1 0.00 0.00 0.00 100.00 100.00 -1000 1.74 4.71 3.86 -1000 18.72 1.54 594.216
car -1 -1 0.00 0.00 0.00 100.00 100.00 -1000 1.89 4.97 -2.23 -1000 27.09 1.62 592.561
car -1 -1 0.00 0.00 0.00 100.00 100.00 -1000 1.70 3.97 -5.00 -1000 29.86 1.52 591.335
car -1 -1 0.00 0.00 0.00 100.00 100.00 -1000 2.50 10.99 -0.53 -1000 30.17 1.40 577.953
car -1 -1 0.00 0.00 0.00 100.00 100.00 -1000 1.61 3.80 3.65 -1000 17.01 -0.03 575.526
car -1 -1 0.00 0.00 0.00 100.00 100.00 -1000 1.84 4.68 10.00 -1000 28.01 1.64 572.799
car -1 -1 0.00 0.00 0.00 100.00 100.00 -1000 2.48 10.31 -0.15 -1000 31.82 1.38 561.209
car -1 -1 0.00 0.00 0.00 100.00 100.00 -1000 1.97 6.00 5.94 -1000 18.75 1.50 548.300
car -1 -1 0.00 0.00 0.00 100.00 100.00 -1000 2.20 6.60 7.80 -1000 18.03 1.58 544.238
car -1 -1 0.00 0.00 0.00 100.00 100.00 -1000 1.53 3.58 1.18 -1000 23.48 1.67 539.039
car -1 -1 0.00 0.00 0.00 100.00 100.00 -1000 1.60 3.81 10.23 -1000 14.11 -0.14 537.333
car -1 -1 0.00 0.00 0.00 100.00 100.00 -1000 1.59 3.70 -5.32 -1000 15.41 1.54 535.801
car -1 -1 0.00 0.00 0.00 100.00 100.00 -1000 2.04 5.40 -3.68 -1000 12.00 1.68 534.370
car -1 -1 0.00 0.00 0.00 100.00 100.00 -1000 1.87 4.72 11.92 -1000 14.37 1.85 530.292
car -1 -1 0.00 0.00 0.00 100.00 100.00 -1000 1.69 3.96 -4.63 -1000 28.34 1.48 528.047
car -1 -1 0.00 0.00 0.00 100.00 100.00 -1000 1.63 4.03 3.38 -1000 42.25 1.54 527.867
car -1 -1 0.00 0.00 0.00 100.00 100.00 -1000 2.20 8.58 0.11 -1000 29.00 1.42 522.551
car -1 -1 0.00 0.00 0.00 100.00 100.00 -1000 2.16 7.26 -3.22 -1000 32.14 1.50 521.442
car -1 -1 0.00 0.00 0.00 100.00 100.00 -1000 1.64 3.83 11.62 -1000 28.39 1.70 520.369
car -1 -1 0.00 0.00 0.00 100.00 100.00 -1000 1.53 3.43 -5.81 -1000 7.70 0.20 517.838
car -1 -1 0.00 0.00 0.00 100.00 100.00 -1000 2.57 12.53 13.51 -1000 31.91 1.35 517.527
car -1 -1 0.00 0.00 0.00 100.00 100.00 -1000 1.68 4.31 -2.90 -1000 21.70 1.57 517.406
car -1 -1 0.00 0.00 0.00 100.00 100.00 -1000 2.06 6.30 12.72 -1000 16.10 1.60 513.243
car -1 -1 0.00 0.00 0.00 100.00 100.00 -1000 1.82 5.24 -1.33 -1000 27.76 1.57 505.829
car -1 -1 0.00 0.00 0.00 100.00 100.00 -1000 2.78 14.73 10.64 -1000 18.15 1.35 496.491
car -1 -1 0.00 0.00 0.00 100.00 100.00 -1000 2.27 6.67 11.44 -1000 34.87 1.58 492.825
car -1 -1 0.00 0.00 0.00 100.00 100.00 -1000 2.11 9.20 13.43 -1000 17.34 1.41 492.750
car -1 -1 0.00 0.00 0.00 100.00 100.00 -1000 1.98 6.01 -7.54 -1000 31.40 1.54 484.161
car -1 -1 0.00 0.00 0.00 100.00 100.00 -1000 1.53 3.92 5.36 -1000 16.92 0.04 478.294
car -1 -1 0.00 0.00 0.00 100.00 100.00 -1000 2.00 5.13 8.42 -1000 13.90 1.52 466.555
car -1 -1 0.00 0.00 0.00 100.00 100.00 -1000 2.23 8.16 -6.09 -1000 32.10 1.54 464.580
car -1 -1 0.00 0.00 0.00 100.00 100.00 -1000 2.02 7.21 11.11 -1000 38.55 1.50 463.558
car -1 -1 0.00 0.00 0.00 100.00 100.00 -1000 2.27 8.78 7.84 -1000 19.73 1.39 463.031
car -1 -1 0.00 0.00 0.00 100.00 100.00 -1000 1.87 6.22 14.42 -1000 30.74 1.49 449.669
car -1 -1 0.00 0.00 0.00 100.00 100.00 -1000 2.23 7.33 1.18 -1000 26.00 1.47 442.506
car -1 -1 0.00 0.00 0.00 100.00 100.00 -1000 2.46 8.79 -4.19 -1000 17.45 1.69 441.647
car -1 -1 0.00 0.00 0.00 100.00 100.00 -1000 1.89 5.09 -14.02 -1000 31.82 1.55 438.330
car -1 -1 0.00 0.00 0.00 100.00 100.00 -1000 2.48 7.27 -4.06 -1000 8.05 2.04 437.068
car -1 -1 0.00 0.00 0.00 100.00 100.00 -1000 2.35 6.95 3.56 -1000 17.80 1.89 435.379
car -1 -1 0.00 0.00 0.00 100.00 100.00 -1000 1.70 4.13 -3.69 -1000 25.17 1.70 428.842
car -1 -1 0.00 0.00 0.00 100.00 100.00 -1000 1.49 3.54 -5.22 -1000 29.07 0.04 423.838
car -1 -1 0.00 0.00 0.00 100.00 100.00 -1000 2.27 6.56 -3.89 -1000 6.22 1.65 413.268
car -1 -1 0.00 0.00 0.00 100.00 100.00 -1000 1.89 5.29 -5.81 -1000 9.16 1.50 412.129
car -1 -1 0.00 0.00 0.00 100.00 100.00 -1000 1.75 4.79 4.86 -1000 41.60 1.55 409.686
car -1 -1 0.00 0.00 0.00 100.00 100.00 -1000 2.71 14.73 10.64 -1000 42.32 1.47 398.504
car -1 -1 0.00 0.00 0.00 100.00 100.00 -1000 2.75 8.67 -3.13 -1000 15.54 2.24 392.834
car -1 -1 0.00 0.00 0.00 100.00 100.00 -1000 2.43 10.81 10.11 -1000 17.26 1.38 391.761
car -1 -1 0.00 0.00 0.00 100.00 100.00 -1000 1.96 6.28 0.67 -1000 27.26 1.48 390.663
car -1 -1 0.00 0.00 0.00 100.00 100.00 -1000 1.80 5.11 13.42 -1000 15.01 1.64 385.997
car -1 -1 0.00 0.00 0.00 100.00 100.00 -1000 2.17 7.81 0.53 -1000 31.04 1.39 381.927
car -1 -1 0.00 0.00 0.00 100.00 100.00 -1000 1.71 4.25 6.43 -1000 29.20 1.52 375.837
car -1 -1 0.00 0.00 0.00 100.00 100.00 -1000 2.56 12.11 11.26 -1000 39.06 1.40 365.692
car -1 -1 0.00 0.00 0.00 100.00 100.00 -1000 1.68 4.25 10.94 -1000 36.98 -0.14 365.665
car -1 -1 0.00 0.00 0.00 100.00 100.00 -1000 2.21 7.42 7.94 -1000 40.20 1.51 362.828
car -1 -1 0.00 0.00 0.00 100.00 100.00 -1000 1.98 5.66 -5.59 -1000 30.57 1.47 361.564
car -1 -1 0.00 0.00 0.00 100.00 100.00 -1000 2.03 6.85 -1.86 -1000 32.89 1.50 357.178
car -1 -1 0.00 0.00 0.00 100.00 100.00 -1000 1.63 4.11 -2.51 -1000 38.08 1.63 356.803
car -1 -1 0.00 0.00 0.00 100.00 100.00 -1000 1.94 6.86 -5.17 -1000 41.85 1.54 349.087
car -1 -1 0.00 0.00 0.00 100.00 100.00 -1000 3.88 11.96 -3.10 -1000 8.50 2.27 347.751
car -1 -1 0.00 0.00 0.00 100.00 100.00 -1000 7.66 38.71 5.50 -1000 6.43 2.46 346.329
car -1 -1 0.00 0.00 0.00 100.00 100.00 -1000 2.18 6.66 4.26 -1000 31.86 1.49 339.668
car -1 -1 0.00 0.00 0.00 100.00 100.00 -1000 2.08 5.93 -4.24 -1000 13.71 1.67 338.340
car -1 -1 0.00 0.00 0.00 100.00 100.00 -1000 2.33 11.55 14.38 -1000 34.62 1.38 336.640
car -1 -1 0.00 0.00 0.00 100.00 100.00 -1000 2.38 10.42 -10.86 -1000 34.22 1.44 326.972
car -1 -1 0.00 0.00 0.00 100.00 100.00 -1000 1.89 6.27 12.36 -1000 37.54 1.55 325.097
car -1 -1 0.00 0.00 0.00 100.00 100.00 -1000 2.13 8.58 13.75 -1000 38.31 1.44 324.729
car -1 -1 0.00 0.00 0.00 100.00 100.00 -1000 1.98 5.28 2.87 -1000 20.05 1.57 322.673
car -1 -1 0.00 0.00 0.00 100.00 100.00 -1000 1.85 4.95 -7.46 -1000 14.56 1.71 321.492
car -1 -1 0.00 0.00 0.00 100.00 100.00 -1000 2.03 7.24 -7.16 -1000 17.65 1.57 319.688
car -1 -1 0.00 0.00 0.00 100.00 100.00 -1000 1.85 5.98 15.54 -1000 29.52 1.54 317.941
car -1 -1 0.00 0.00 0.00 100.00 100.00 -1000 1.75 4.33 -14.06 -1000 30.06 1.62 314.680
car -1 -1 0.00 0.00 0.00 100.00 100.00 -1000 1.54 3.54 2.92 -1000 41.54 0.07 312.910
car -1 -1 0.00 0.00 0.00 100.00 100.00 -1000 1.91 5.01 11.90 -1000 27.44 1.57 306.729
car -1 -1 0.00 0.00 0.00 100.00 100.00 -1000 1.90 5.63 -0.29 -1000 26.52 1.52 306.609
car -1 -1 0.00 0.00 0.00 100.00 100.00 -1000 2.11 6.69 -2.59 -1000 42.61 1.49 303.074
car -1 -1 0.00 0.00 0.00 100.00 100.00 -1000 2.04 8.22 -9.66 -1000 32.25 1.43 302.560
car -1 -1 0.00 0.00 0.00 100.00 100.00 -1000 2.11 8.74 -6.11 -1000 41.05 1.53 301.627
car -1 -1 0.00 0.00 0.00 100.00 100.00 -1000 1.83 4.63 5.23 -1000 36.01 1.50 297.796
car -1 -1 0.00 0.00 0.00 100.00 100.00 -1000 2.22 6.76 16.95 -1000 32.42 1.37 296.299
car -1 -1 0.00 0.00 0.00 100.00 100.00 -1000 1.84 5.03 -7.35 -1000 10.86 1.57 295.721
car -1 -1 0.00 0.00 0.00 100.00 100.00 -1000 2.29 7.74 1.68 -1000 32.58 1.44 285.052
car -1 -1 0.00 0.00 0.00 100.00 100.00 -1000 1.88 5.01 -3.95 -1000 10.56 1.46 283.895
car -1 -1 0.00 0.00 0.00 100.00 100.00 -1000 1.88 5.24 1.26 -1000 22.75 1.56 280.697
car -1 -1 0.00 0.00 0.00 100.00 100.00 -1000 1.76 5.46 -1.15 -1000 39.51 1.54 279.165
car -1 -1 0.00 0.00 0.00 100.00 100.00 -1000 2.19 9.95 15.04 -1000 39.12 1.52 277.692
car -1 -1 0.00 0.00 0.00 100.00 100.00 -1000 1.94 5.63 -4.55 -1000 16.66 1.56 273.466
car -1 -1 0.00 0.00 0.00 100.00 100.00 -1000 3.45 11.15 -1.86 -1000 11.20 2.41 266.903
car -1 -1 0.00 0.00 0.00 100.00 100.00 -1000 1.85 5.04 2.65 -1000 23.23 1.59 266.480
car -1 -1 0.00 0.00 0.00 100.00 100.00 -1000 2.17 6.33 11.22 -1000 12.94 1.66 261.564
car -1 -1 0.00 0.00 0.00 100.00 100.00 -1000 2.10 6.84 6.22 -1000 31.03 1.46 260.207
car -1 -1 0.00 0.00 0.00 100.00 100.00 -1000 2.11 10.15 -9.98 -1000 33.09 1.40 259.946
car -1 -1 0.00 0.00 0.00 100.00 100.00 -1000 2.26 8.00 -3.07 -1000 41.51 1.50 255.562
car -1 -1 0.00 0.00 0.00 100.00 100.00 -1000 1.85 5.33 -4.55 -1000 25.78 1.48 254.149
car -1 -1 0.00 0.00 0.00 100.00 100.00 -1000 2.01 5.36 8.07 -1000 27.51 1.56 253.361
car -1 -1 0.00 0.00 0.00 100.00 100.00 -1000 2.04 6.31 -4.39 -1000 43.09 1.48 250.527
car -1 -1 0.00 0.00 0.00 100.00 100.00 -1000 2.44 7.92 16.90 -1000 33.61 1.47 250.430
car -1 -1 0.00 0.00 0.00 100.00 100.00 -1000 2.17 5.88 4.01 -1000 16.17 1.64 249.365
car -1 -1 0.00 0.00 0.00 100.00 100.00 -1000 2.68 8.99 -3.57 -1000 18.49 1.83 248.161
car -1 -1 0.00 0.00 0.00 100.00 100.00 -1000 1.87 5.65 5.65 -1000 40.82 1.45 245.141
car -1 -1 0.00 0.00 0.00 100.00 100.00 -1000 2.09 6.09 4.17 -1000 30.56 1.60 243.927
car -1 -1 0.00 0.00 0.00 100.00 100.00 -1000 2.00 9.32 14.33 -1000 18.23 1.36 243.329
car -1 -1 0.00 0.00 0.00 100.00 100.00 -1000 1.81 5.68 14.60 -1000 28.77 1.53 242.318
car -1 -1 0.00 0.00 0.00 100.00 100.00 -1000 2.16 6.55 2.53 -1000 31.42 1.47 241.784
car -1 -1 0.00 0.00 0.00 100.00 100.00 -1000 2.27 6.87 4.20 -1000 5.55 1.96 241.488
car -1 -1 0.00 0.00 0.00 100.00 100.00 -1000 2.03 7.49 14.21 -1000 37.08 1.50 238.080
car -1 -1 0.00 0.00 0.00 100.00 100.00 -1000 1.92 4.92 7.16 -1000 28.34 1.53 236.090
car -1 -1 0.00 0.00 0.00 100.00 100.00 -1000 1.79 5.03 -9.21 -1000 22.59 1.54 234.865
car -1 -1 0.00 0.00 0.00 100.00 100.00 -1000 2.36 12.79 13.85 -1000 41.59 1.53 234.776
car -1 -1 0.00 0.00 0.00 100.00 100.00 -1000 1.82 4.73 -2.35 -1000 37.17 1.58 231.865
car -1 -1 0.00 0.00 0.00 100.00 100.00 -1000 1.85 5.37 -12.26 -1000 30.30 1.57 229.027
car -1 -1 0.00 0.00 0.00 100.00 100.00 -1000 2.11 8.67 -6.93 -1000 18.85 1.52 226.589
car -1 -1 0.00 0.00 0.00 100.00 100.00 -1000 1.76 4.50 -8.85 -1000 21.78 0.12 225.032
car -1 -1 0.00 0.00 0.00 100.00 100.00 -1000 1.59 3.95 -2.09 -1000 38.95 -0.28 224.800
car -1 -1 0.00 0.00 0.00 100.00 100.00 -1000 2.48 9.41 -14.09 -1000 33.52 1.53 222.670
car -1 -1 0.00 0.00 0.00 100.00 100.00 -1000 2.29 7.69 -3.73 -1000 30.02 1.57 220.790
car -1 -1 0.00 0.00 0.00 100.00 100.00 -1000 1.88 6.28 -5.95 -1000 40.29 1.55 220.058
car -1 -1 0.00 0.00 0.00 100.00 100.00 -1000 1.99 6.97 -1.05 -1000 40.28 1.48 219.913
car -1 -1 0.00 0.00 0.00 100.00 100.00 -1000 1.83 4.74 -14.38 -1000 18.65 1.65 219.266
car -1 -1 0.00 0.00 0.00 100.00 100.00 -1000 1.95 7.33 4.41 -1000 42.62 1.47 217.169
car -1 -1 0.00 0.00 0.00 100.00 100.00 -1000 2.38 13.67 -10.50 -1000 35.11 1.53 216.099
car -1 -1 0.00 0.00 0.00 100.00 100.00 -1000 1.97 6.81 15.03 -1000 15.61 1.53 215.659
car -1 -1 0.00 0.00 0.00 100.00 100.00 -1000 2.11 6.68 -5.32 -1000 32.95 1.61 215.136
car -1 -1 0.00 0.00 0.00 100.00 100.00 -1000 1.82 5.29 -12.86 -1000 29.54 1.61 212.657
car -1 -1 0.00 0.00 0.00 100.00 100.00 -1000 2.23 7.43 -14.05 -1000 32.65 1.54 212.413
car -1 -1 0.00 0.00 0.00 100.00 100.00 -1000 2.26 7.18 3.82 -1000 20.87 1.60 211.130
car -1 -1 0.00 0.00 0.00 100.00 100.00 -1000 1.60 3.75 8.15 -1000 37.80 0.18 208.943
car -1 -1 0.00 0.00 0.00 100.00 100.00 -1000 1.84 5.04 3.69 -1000 34.77 1.70 205.250
car -1 -1 0.00 0.00 0.00 100.00 100.00 -1000 1.87 5.70 0.76 -1000 35.54 1.55 204.790
car -1 -1 0.00 0.00 0.00 100.00 100.00 -1000 1.82 5.31 -16.02 -1000 30.75 1.59 203.205
car -1 -1 0.00 0.00 0.00 100.00 100.00 -1000 2.11 5.94 -7.80 -1000 13.69 1.70 200.308
car -1 -1 0.00 0.00 0.00 100.00 100.00 -1000 2.12 6.89 -4.27 -1000 24.19 1.68 198.950
car -1 -1 0.00 0.00 0.00 100.00 100.00 -1000 2.13 7.41 5.10 -1000 27.41 1.52 198.564
car -1 -1 0.00 0.00 0.00 100.00 100.00 -1000 1.93 6.02 -15.94 -1000 42.68 1.69 197.597
car -1 -1 0.00 0.00 0.00 100.00 100.00 -1000 2.22 12.60 11.65 -1000 19.17 1.30 197.358
car -1 -1 0.00 0.00 0.00 100.00 100.00 -1000 2.21 8.21 4.24 -1000 24.68 1.60 196.585
car -1 -1 0.00 0.00 0.00 100.00 100.00 -1000 1.71 4.49 -5.10 -1000 44.07 1.55 191.850
car -1 -1 0.00 0.00 0.00 100.00 100.00 -1000 1.80 5.49 6.66 -1000 36.38 1.59 190.691
car -1 -1 0.00 0.00 0.00 100.00 100.00 -1000 1.84 5.95 12.72 -1000 36.36 1.51 188.648
car -1 -1 0.00 0.00 0.00 100.00 100.00 -1000 2.06 8.33 15.11 -1000 14.50 1.48 188.643
car -1 -1 0.00 0.00 0.00 100.00 100.00 -1000 2.01 7.92 -0.70 -1000 33.76 1.50 183.768
car -1 -1 0.00 0.00 0.00 100.00 100.00 -1000 2.32 7.83 2.23 -1000 29.76 1.48 181.402
car -1 -1 0.00 0.00 0.00 100.00 100.00 -1000 1.98 7.86 9.84 -1000 12.10 1.66 178.905
car -1 -1 0.00 0.00 0.00 100.00 100.00 -1000 1.42 4.34 13.25 -1000 31.24 -0.82 178.428
car -1 -1 0.00 0.00 0.00 100.00 100.00 -1000 1.79 5.57 -4.53 -1000 39.19 1.50 177.569
car -1 -1 0.00 0.00 0.00 100.00 100.00 -1000 2.14 9.09 -0.49 -1000 41.21 1.40 176.494
car -1 -1 0.00 0.00 0.00 100.00 100.00 -1000 2.19 6.35 -1.45 -1000 22.51 1.62 176.302
car -1 -1 0.00 0.00 0.00 100.00 100.00 -1000 1.89 6.41 -0.02 -1000 38.67 1.52 174.570
car -1 -1 0.00 0.00 0.00 100.00 100.00 -1000 2.01 7.51 -15.08 -1000 19.32 1.69 174.207
car -1 -1 0.00 0.00 0.00 100.00 100.00 -1000 2.29 7.29 -16.87 -1000 34.36 1.59 173.507
car -1 -1 0.00 0.00 0.00 100.00 100.00 -1000 1.90 5.62 12.98 -1000 13.74 1.51 168.836
car -1 -1 0.00 0.00 0.00 100.00 100.00 -1000 2.18 5.95 -4.24 -1000 9.70 1.49 168.682
car -1 -1 0.00 0.00 0.00 100.00 100.00 -1000 2.31 12.09 6.12 -1000 43.06 1.37 166.641
car -1 -1 0.00 0.00 0.00 100.00 100.00 -1000 2.15 7.01 4.92 -1000 29.72 1.55 165.729
car -1 -1 0.00 0.00 0.00 100.00 100.00 -1000 1.93 5.51 14.80 -1000 20.97 1.57 165.129
car -1 -1 0.00 0.00 0.00 100.00 100.00 -1000 1.89 5.76 -6.72 -1000 15.75 1.51 164.563
car -1 -1 0.00 0.00 0.00 100.00 100.00 -1000 2.15 6.26 18.44 -1000 34.64 1.58 164.142
car -1 -1 0.00 0.00 0.00 100.00 100.00 -1000 2.21 7.21 5.82 -1000 34.15 1.42 163.717
car -1 -1 0.00 0.00 0.00 100.00 100.00 -1000 2.13 7.33 -14.13 -1000 25.81 1.59 163.652
car -1 -1 0.00 0.00 0.00 100.00 100.00 -1000 2.14 9.99 7.04 -1000 10.56 1.52 162.781
car -1 -1 0.00 0.00 0.00 100.00 100.00 -1000 2.15 7.51 6.17 -1000 21.66 1.49 161.821
car -1 -1 0.00 0.00 0.00 100.00 100.00 -1000 2.39 17.05 3.95 -1000 3.64 1.65 161.589
car -1 -1 0.00 0.00 0.00 100.00 100.00 -1000 1.87 7.78 2.57 -1000 37.85 1.45 161.500
car -1 -1 0.00 0.00 0.00 100.00 100.00 -1000 1.96 5.99 1.94 -1000 36.19 1.54 159.829
car -1 -1 0.00 0.00 0.00 100.00 100.00 -1000 2.17 10.67 15.52 -1000 16.63 1.54 159.000
car -1 -1 0.00 0.00 0.00 100.00 100.00 -1000 2.24 7.77 3.43 -1000 28.63 1.49 158.598
car -1 -1 0.00 0.00 0.00 100.00 100.00 -1000 1.87 5.16 19.24 -1000 32.75 1.50 157.875
car -1 -1 0.00 0.00 0.00 100.00 100.00 -1000 1.95 5.40 4.04 -1000 40.36 1.51 156.415
car -1 -1 0.00 0.00 0.00 100.00 100.00 -1000 2.26 7.55 -4.49 -1000 12.87 1.51 156.334
car -1 -1 0.00 0.00 0.00 100.00 100.00 -1000 2.24 9.30 4.74 -1000 25.83 1.49 156.286
car -1 -1 0.00 0.00 0.00 100.00 100.00 -1000 2.11 6.83 7.02 -1000 39.11 1.57 156.113
car -1 -1 0.00 0.00 0.00 100.00 100.00 -1000 2.08 9.92 -1.95 -1000 43.45 1.35 155.701
car -1 -1 0.00 0.00 0.00 100.00 100.00 -1000 2.36 10.28 0.04 -1000 42.28 1.43 151.289
car -1 -1 0.00 0.00 0.00 100.00 100.00 -1000 2.00 6.15 -5.34 -1000 11.62 1.45 151.044
car -1 -1 0.00 0.00 0.00 100.00 100.00 -1000 1.95 6.41 -6.87 -1000 19.63 1.48 150.886
car -1 -1 0.00 0.00 0.00 100.00 100.00 -1000 1.79 4.92 -3.43 -1000 20.77 1.58 148.084
car -1 -1 0.00 0.00 0.00 100.00 100.00 -1000 2.34 7.78 3.54 -1000 4.08 1.58 146.084
car -1 -1 0.00 0.00 0.00 100.00 100.00 -1000 2.42 7.63 -7.92 -1000 12.85 1.67 144.822
car -1 -1 0.00 0.00 0.00 100.00 100.00 -1000 2.53 10.02 6.55 -1000 20.56 1.48 143.885
car -1 -1 0.00 0.00 0.00 100.00 100.00 -1000 2.28 8.26 3.82 -1000 22.18 1.51 143.268
car -1 -1 0.00 0.00 0.00 100.00 100.00 -1000 2.20 7.03 10.32 -1000 26.62 1.67 142.498
car -1 -1 0.00 0.00 0.00 100.00 100.00 -1000 2.34 12.47 13.48 -1000 35.77 1.40 140.956
car -1 -1 0.00 0.00 0.00 100.00 100.00 -1000 3.75 13.35 -2.21 -1000 16.25 2.39 139.557
car -1 -1 0.00 0.00 0.00 100.00 100.00 -1000 1.76 4.92 7.88 -1000 36.86 1.45 137.779
car -1 -1 0.00 0.00 0.00 100.00 100.00 -1000 1.88 6.39 7.45 -1000 26.71 1.58 137.619
car -1 -1 0.00 0.00 0.00 100.00 100.00 -1000 2.10 6.53 -10.29 -1000 24.62 1.53 137.195
car -1 -1 0.00 0.00 0.00 100.00 100.00 -1000 2.09 10.15 -13.21 -1000 43.86 1.44 136.781
car -1 -1 0.00 0.00 0.00 100.00 100.00 -1000 1.99 6.32 5.79 -1000 35.26 1.62 135.743
car -1 -1 0.00 0.00 0.00 100.00 100.00 -1000 2.13 8.02 -6.94 -1000 8.49 1.57 135.325
car -1 -1 0.00 0.00 0.00 100.00 100.00 -1000 1.88 6.00 -6.52 -1000 29.47 1.42 131.215
car -1 -1 0.00 0.00 0.00 100.00 100.00 -1000 1.83 5.71 -7.10 -1000 27.36 1.53 130.197
car -1 -1 0.00 0.00 0.00 100.00 100.00 -1000 2.12 7.79 4.39 -1000 36.51 1.48 129.372
car -1 -1 0.00 0.00 0.00 100.00 100.00 -1000 2.34 10.08 0.76 -1000 44.26 1.54 129.093
car -1 -1 0.00 0.00 0.00 100.00 100.00 -1000 2.43 7.52 2.50 -1000 19.35 1.78 127.703
car -1 -1 0.00 0.00 0.00 100.00 100.00 -1000 2.06 6.47 13.35 -1000 27.97 1.55 125.975
