car -1 -1 0.00 0.00 0.00 100.00 100.00 -1000 1.68 3.78 3.94 -1000 6.25 1.58 995.672
car -1 -1 0.00 0.00 0.00 100.00 100.00 -1000 1.55 3.31 -16.90 -1000 32.23 1.65 995.371
car -1 -1 0.00 0.00 0.00 100.00 100.00 -1000 1.58 3.53 0.66 -1000 21.61 1.70 994.488
car -1 -1 0.00 0.00 0.00 100.00 100.00 -1000 1.65 4.06 0.43 -1000 20.68 -0.07 992.145
car -1 -1 0.00 0.00 0.00 100.00 100.00 -1000 1.57 3.60 5.85 -1000 32.91 1.64 989.705
car -1 -1 0.00 0.00 0.00 100.00 100.00 -1000 1.54 3.40 5.70 -1000 42.66 1.59 975.913
car -1 -1 0.00 0.00 0.00 100.00 100.00 -1000 1.55 3.16 -17.75 -1000 31.72 1.66 972.730
car -1 -1 0.00 0.00 0.00 100.00 100.00 -1000 2.14 6.85 -17.30 -1000 34.35 1.56 955.852
car -1 -1 0.00 0.00 0.00 100.00 100.00 -1000 1.56 3.73 5.53 -1000 32.16 0.05 951.965
car -1 -1 0.00 0.00 0.00 100.00 100.00 -1000 2.53 8.22 4.67 -1000 6.46 1.96 937.291
car -1 -1 0.00 0.00 0.00 100.00 100.00 -1000 1.91 5.12 0.74 -1000 22.20 1.53 931.200
car -1 -1 0.00 0.00 0.00 100.00 100.00 -1000 1.73 4.29 5.16 -1000 21.75 1.55 928.980
car -1 -1 0.00 0.00 0.00 100.00 100.00 -1000 2.05 5.81 -17.01 -1000 33.46 1.58 913.902
car -1 -1 0.00 0.00 0.00 100.00 100.00 -1000 1.83 4.80 -15.62 -1000 36.64 1.53 913.172
car -1 -1 0.00 0.00 0.00 100.00 100.00 -1000 3.91 16.17 4.67 -1000 6.18 2.18 910.188
car -1 -1 0.00 0.00 0.00 100.00 100.00 -1000 1.67 4.02 2.33 -1000 21.46 1.67 898.672
car -1 -1 0.00 0.00 0.00 100.00 100.00 -1000 1.70 4.09 14.74 -1000 45.07 1.62 883.377
car -1 -1 0.00 0.00 0.00 100.00 100.00 -1000 2.12 6.91 3.96 -1000 22.35 1.41 874.198
car -1 -1 0.00 0.00 0.00 100.00 100.00 -1000 2.76 11.80 2.40 -1000 23.68 1.36 871.327
car -1 -1 0.00 0.00 0.00 100.00 100.00 -1000 1.72 4.37 5.00 -1000 43.77 1.58 869.484
car -1 -1 0.00 0.00 0.00 100.00 100.00 -1000 1.61 3.71 14.72 -1000 43.46 1.66 857.955
car -1 -1 0.00 0.00 0.00 100.00 100.00 -1000 1.51 3.39 3.75 -1000 5.37 0.06 854.149
car -1 -1 0.00 0.00 0.00 100.00 100.00 -1000 1.61 3.69 14.06 -1000 44.33 1.53 852.045
car -1 -1 0.00 0.00 0.00 100.00 100.00 -1000 1.81 4.56 5.43 -1000 33.63 1.49 848.730
car -1 -1 0.00 0.00 0.00 100.00 100.00 -1000 2.32 8.14 -14.76 -1000 34.12 1.43 833.817
car -1 -1 0.00 0.00 0.00 100.00 100.00 -1000 1.57 3.85 5.32 -1000 20.73 0.03 822.903
car -1 -1 0.00 0.00 0.00 100.00 100.00 -1000 1.52 3.73 -17.45 -1000 30.95 -0.18 814.250
car -1 -1 0.00 0.00 0.00 100.00 100.00 -1000 2.43 9.83 6.89 -1000 35.13 1.39 814.136
car -1 -1 0.00 0.00 0.00 100.00 100.00 -1000 2.59 8.60 -0.13 -1000 24.35 1.68 792.975
car -1 -1 0.00 0.00 0.00 100.00 100.00 -1000 1.64 3.86 1.90 -1000 20.46 1.70 791.477
car -1 -1 0.00 0.00 0.00 100.00 100.00 -1000 1.71 4.28 14.41 -1000 36.17 1.65 788.094
car -1 -1 0.00 0.00 0.00 100.00 100.00 -1000 1.74 4.02 4.57 -1000 35.49 1.56 786.644
car -1 -1 0.00 0.00 0.00 100.00 100.00 -1000 1.81 4.73 -14.75 -1000 44.28 1.61 775.657
car -1 -1 0.00 0.00 0.00 100.00 100.00 -1000 2.24 6.49 4.34 -1000 7.39 1.80 770.129
car -1 -1 0.00 0.00 0.00 100.00 100.00 -1000 1.75 4.64 14.45 -1000 25.85 1.61 750.448
car -1 -1 0.00 0.00 0.00 100.00 100.00 -1000 1.69 4.34 4.02 -1000 21.04 1.54 742.881
car -1 -1 0.00 0.00 0.00 100.00 100.00 -1000 1.56 3.66 5.38 -1000 41.91 0.02 742.590
car -1 -1 0.00 0.00 0.00 100.00 100.00 -1000 1.90 5.35 -15.62 -1000 37.80 1.60 737.350
car -1 -1 0.00 0.00 0.00 100.00 100.00 -1000 2.16 6.77 -16.16 -1000 36.00 1.57 732.017
car -1 -1 0.00 0.00 0.00 100.00 100.00 -1000 2.43 7.39 -0.37 -1000 23.19 1.68 716.766
car -1 -1 0.00 0.00 0.00 100.00 100.00 -1000 1.61 3.52 -18.64 -1000 37.95 1.59 715.467
car -1 -1 0.00 0.00 0.00 100.00 100.00 -1000 1.97 6.03 -13.82 -1000 39.86 1.47 702.414
car -1 -1 0.00 0.00 0.00 100.00 100.00 -1000 2.18 5.72 0.75 -1000 19.91 1.61 702.105
car -1 -1 0.00 0.00 0.00 100.00 100.00 -1000 2.10 6.29 12.85 -1000 46.74 1.49 700.746
car -1 -1 0.00 0.00 0.00 100.00 100.00 -1000 1.84 5.37 7.07 -1000 33.37 1.59 699.654
car -1 -1 0.00 0.00 0.00 100.00 100.00 -1000 1.81 4.68 14.47 -1000 37.02 1.64 692.253
car -1 -1 0.00 0.00 0.00 100.00 100.00 -1000 1.71 4.53 7.71 -1000 42.74 1.59 687.711
car -1 -1 0.00 0.00 0.00 100.00 100.00 -1000 2.62 10.01 3.41 -1000 24.95 1.41 672.001
car -1 -1 0.00 0.00 0.00 100.00 100.00 -1000 2.01 5.91 4.66 -1000 44.54 1.54 660.110
car -1 -1 0.00 0.00 0.00 100.00 100.00 -1000 1.92 5.29 -14.83 -1000 32.13 1.60 654.371
car -1 -1 0.00 0.00 0.00 100.00 100.00 -1000 1.89 5.34 5.58 -1000 34.58 1.56 644.931
car -1 -1 0.00 0.00 0.00 100.00 100.00 -1000 2.24 7.75 -13.57 -1000 36.58 1.45 644.417
car -1 -1 0.00 0.00 0.00 100.00 100.00 -1000 2.14 6.50 -2.32 -1000 24.01 1.73 642.433
car -1 -1 0.00 0.00 0.00 100.00 100.00 -1000 1.89 5.54 3.92 -1000 34.23 1.51 628.810
car -1 -1 0.00 0.00 0.00 100.00 100.00 -1000 2.62 11.51 6.58 -1000 36.37 1.37 626.458
car -1 -1 0.00 0.00 0.00 100.00 100.00 -1000 1.67 4.17 7.32 -1000 32.40 1.62 622.323
car -1 -1 0.00 0.00 0.00 100.00 100.00 -1000 1.89 5.50 14.37 -1000 35.06 1.59 621.823
car -1 -1 0.00 0.00 0.00 100.00 100.00 -1000 2.01 5.63 14.47 -1000 27.07 1.53 606.488
car -1 -1 0.00 0.00 0.00 100.00 100.00 -1000 1.70 4.40 -12.11 -1000 44.22 1.57 598.991
car -1 -1 0.00 0.00 0.00 100.00 100.00 -1000 1.59 3.50 6.32 -1000 21.41 1.60 591.185
car -1 -1 0.00 0.00 0.00 100.00 100.00 -1000 1.90 4.95 -17.90 -1000 32.74 1.58 590.203
car -1 -1 0.00 0.00 0.00 100.00 100.00 -1000 2.03 5.64 -15.71 -1000 34.99 1.51 574.985
car -1 -1 0.00 0.00 0.00 100.00 100.00 -1000 1.86 5.30 10.89 -1000 45.78 1.59 567.484
car -1 -1 0.00 0.00 0.00 100.00 100.00 -1000 2.01 5.88 4.84 -1000 36.52 1.54 551.674
car -1 -1 0.00 0.00 0.00 100.00 100.00 -1000 2.47 10.50 8.37 -1000 34.28 1.42 547.928
car -1 -1 0.00 0.00 0.00 100.00 100.00 -1000 1.86 5.29 13.52 -1000 27.81 1.56 544.876
car -1 -1 0.00 0.00 0.00 100.00 100.00 -1000 2.36 8.09 -13.36 -1000 37.78 1.49 541.790
car -1 -1 0.00 0.00 0.00 100.00 100.00 -1000 2.00 6.58 14.04 -1000 38.17 1.58 539.162
car -1 -1 0.00 0.00 0.00 100.00 100.00 -1000 1.78 5.00 11.89 -1000 45.16 1.54 537.360
car -1 -1 0.00 0.00 0.00 100.00 100.00 -1000 2.04 5.24 -17.76 -1000 35.56 1.62 535.300
car -1 -1 0.00 0.00 0.00 100.00 100.00 -1000 2.00 6.43 -15.60 -1000 39.22 1.56 531.961
car -1 -1 0.00 0.00 0.00 100.00 100.00 -1000 2.23 6.20 -0.70 -1000 21.72 1.81 529.367
car -1 -1 0.00 0.00 0.00 100.00 100.00 -1000 2.44 11.14 6.88 -1000 8.44 1.38 515.918
car -1 -1 0.00 0.00 0.00 100.00 100.00 -1000 1.74 4.78 14.78 -1000 45.91 1.64 512.838
car -1 -1 0.00 0.00 0.00 100.00 100.00 -1000 2.27 7.32 3.59 -1000 4.67 1.58 507.683
car -1 -1 0.00 0.00 0.00 100.00 100.00 -1000 1.95 5.94 8.14 -1000 43.44 1.49 506.206
car -1 -1 0.00 0.00 0.00 100.00 100.00 -1000 1.80 4.87 -12.62 -1000 34.25 1.52 496.586
car -1 -1 0.00 0.00 0.00 100.00 100.00 -1000 1.88 4.89 9.93 -1000 45.10 1.52 487.714
car -1 -1 0.00 0.00 0.00 100.00 100.00 -1000 1.59 3.71 14.03 -1000 42.88 -0.01 483.714
car -1 -1 0.00 0.00 0.00 100.00 100.00 -1000 2.12 7.02 14.26 -1000 39.84 1.58 460.255
car -1 -1 0.00 0.00 0.00 100.00 100.00 -1000 1.91 5.13 14.57 -1000 33.90 1.63 456.082
car -1 -1 0.00 0.00 0.00 100.00 100.00 -1000 2.42 11.07 1.11 -1000 25.66 1.44 454.765
car -1 -1 0.00 0.00 0.00 100.00 100.00 -1000 2.15 7.25 5.13 -1000 37.44 1.50 452.373
car -1 -1 0.00 0.00 0.00 100.00 100.00 -1000 1.80 4.98 4.09 -1000 32.95 1.51 447.293
car -1 -1 0.00 0.00 0.00 100.00 100.00 -1000 2.39 8.05 6.17 -1000 46.23 1.45 443.976
car -1 -1 0.00 0.00 0.00 100.00 100.00 -1000 2.25 7.67 8.18 -1000 44.30 1.37 440.107
car -1 -1 0.00 0.00 0.00 100.00 100.00 -1000 1.98 5.49 14.60 -1000 47.07 1.47 434.783
car -1 -1 0.00 0.00 0.00 100.00 100.00 -1000 1.69 4.61 11.84 -1000 36.17 1.54 431.990
car -1 -1 0.00 0.00 0.00 100.00 100.00 -1000 1.79 5.31 5.94 -1000 5.80 1.53 430.484
car -1 -1 0.00 0.00 0.00 100.00 100.00 -1000 1.95 6.04 4.86 -1000 27.33 1.57 418.793
car -1 -1 0.00 0.00 0.00 100.00 100.00 -1000 1.63 3.77 6.59 -1000 31.73 1.69 415.516
car -1 -1 0.00 0.00 0.00 100.00 100.00 -1000 1.99 5.97 11.53 -1000 28.05 1.58 415.041
car -1 -1 0.00 0.00 0.00 100.00 100.00 -1000 2.12 6.62 -15.11 -1000 40.70 1.56 412.985
car -1 -1 0.00 0.00 0.00 100.00 100.00 -1000 1.86 4.77 10.35 -1000 43.51 1.58 410.720
car -1 -1 0.00 0.00 0.00 100.00 100.00 -1000 1.91 5.24 -18.23 -1000 38.62 1.67 408.968
car -1 -1 0.00 0.00 0.00 100.00 100.00 -1000 2.41 9.02 7.93 -1000 45.53 1.37 406.969
car -1 -1 0.00 0.00 0.00 100.00 100.00 -1000 2.14 7.90 2.34 -1000 45.10 1.51 403.181
car -1 -1 0.00 0.00 0.00 100.00 100.00 -1000 1.94 5.59 9.70 -1000 35.93 1.41 402.752
car -1 -1 0.00 0.00 0.00 100.00 100.00 -1000 1.81 4.93 9.62 -1000 42.44 1.47 402.580
car -1 -1 0.00 0.00 0.00 100.00 100.00 -1000 2.37 11.45 16.27 -1000 39.18 1.36 392.983
car -1 -1 0.00 0.00 0.00 100.00 100.00 -1000 1.99 6.79 12.97 -1000 39.09 1.51 390.548
car -1 -1 0.00 0.00 0.00 100.00 100.00 -1000 5.74 28.47 4.96 -1000 6.16 2.58 389.864
car -1 -1 0.00 0.00 0.00 100.00 100.00 -1000 1.91 5.44 -14.45 -1000 45.50 1.59 388.865
car -1 -1 0.00 0.00 0.00 100.00 100.00 -1000 1.81 4.44 -17.19 -1000 29.93 1.63 387.142
car -1 -1 0.00 0.00 0.00 100.00 100.00 -1000 2.02 6.43 -14.22 -1000 33.15 1.54 382.335
car -1 -1 0.00 0.00 0.00 100.00 100.00 -1000 2.51 12.46 16.19 -1000 46.46 1.35 381.510
car -1 -1 0.00 0.00 0.00 100.00 100.00 -1000 1.94 5.86 18.06 -1000 29.40 1.46 378.930
car -1 -1 0.00 0.00 0.00 100.00 100.00 -1000 1.93 6.22 -12.39 -1000 39.31 1.47 374.161
car -1 -1 0.00 0.00 0.00 100.00 100.00 -1000 1.96 5.54 14.55 -1000 24.91 1.63 367.989
car -1 -1 0.00 0.00 0.00 100.00 100.00 -1000 2.20 9.90 7.81 -1000 7.32 1.41 367.444
car -1 -1 0.00 0.00 0.00 100.00 100.00 -1000 2.24 7.14 -14.50 -1000 46.30 1.45 366.635
car -1 -1 0.00 0.00 0.00 100.00 100.00 -1000 1.87 5.43 11.11 -1000 39.98 1.42 366.143
car -1 -1 0.00 0.00 0.00 100.00 100.00 -1000 1.97 6.11 7.22 -1000 22.17 1.55 362.915
car -1 -1 0.00 0.00 0.00 100.00 100.00 -1000 1.74 4.34 6.90 -1000 47.38 0.04 361.370
car -1 -1 0.00 0.00 0.00 100.00 100.00 -1000 1.68 4.42 11.45 -1000 44.05 1.57 359.658
car -1 -1 0.00 0.00 0.00 100.00 100.00 -1000 1.93 4.80 -18.44 -1000 36.97 -0.09 356.454
car -1 -1 0.00 0.00 0.00 100.00 100.00 -1000 1.84 5.36 -13.50 -1000 31.60 1.54 351.786
car -1 -1 0.00 0.00 0.00 100.00 100.00 -1000 1.83 5.33 14.69 -1000 18.99 1.59 348.396
car -1 -1 0.00 0.00 0.00 100.00 100.00 -1000 2.14 7.02 14.73 -1000 40.83 1.65 347.497
car -1 -1 0.00 0.00 0.00 100.00 100.00 -1000 2.12 6.96 4.96 -1000 28.57 1.57 341.941
car -1 -1 0.00 0.00 0.00 100.00 100.00 -1000 2.25 7.13 -14.71 -1000 41.85 1.62 341.066
car -1 -1 0.00 0.00 0.00 100.00 100.00 -1000 2.03 5.49 14.83 -1000 41.87 1.59 336.343
car -1 -1 0.00 0.00 0.00 100.00 100.00 -1000 2.22 8.69 2.97 -1000 46.29 1.44 333.579
car -1 -1 0.00 0.00 0.00 100.00 100.00 -1000 1.84 5.19 19.13 -1000 34.71 1.56 324.825
car -1 -1 0.00 0.00 0.00 100.00 100.00 -1000 1.94 5.42 14.61 -1000 32.70 1.58 323.634
car -1 -1 0.00 0.00 0.00 100.00 100.00 -1000 2.13 7.22 -13.13 -1000 46.99 1.51 320.656
car -1 -1 0.00 0.00 0.00 100.00 100.00 -1000 1.71 4.49 12.79 -1000 43.63 1.49 314.027
car -1 -1 0.00 0.00 0.00 100.00 100.00 -1000 1.68 3.86 4.34 -1000 20.19 0.13 311.518
car -1 -1 0.00 0.00 0.00 100.00 100.00 -1000 1.71 4.58 -10.59 -1000 43.72 1.58 308.693
car -1 -1 0.00 0.00 0.00 100.00 100.00 -1000 4.68 21.38 5.20 -1000 7.65 2.45 306.363
car -1 -1 0.00 0.00 0.00 100.00 100.00 -1000 2.15 7.17 -14.68 -1000 43.29 1.56 302.359
car -1 -1 0.00 0.00 0.00 100.00 100.00 -1000 1.81 5.26 19.13 -1000 28.72 1.63 301.865
car -1 -1 0.00 0.00 0.00 100.00 100.00 -1000 1.92 6.36 8.89 -1000 33.06 1.52 300.749
car -1 -1 0.00 0.00 0.00 100.00 100.00 -1000 1.81 4.84 4.62 -1000 31.52 1.46 296.947
car -1 -1 0.00 0.00 0.00 100.00 100.00 -1000 2.25 6.39 -0.63 -1000 25.14 1.76 295.395
car -1 -1 0.00 0.00 0.00 100.00 100.00 -1000 1.90 5.73 12.00 -1000 40.77 1.52 294.389
car -1 -1 0.00 0.00 0.00 100.00 100.00 -1000 1.87 5.34 4.17 -1000 30.53 1.48 289.920
car -1 -1 0.00 0.00 0.00 100.00 100.00 -1000 1.73 4.68 11.19 -1000 42.81 1.59 289.595
car -1 -1 0.00 0.00 0.00 100.00 100.00 -1000 1.94 5.54 10.60 -1000 41.63 1.47 286.433
car -1 -1 0.00 0.00 0.00 100.00 100.00 -1000 2.04 7.49 -10.83 -1000 39.96 1.51 285.443
car -1 -1 0.00 0.00 0.00 100.00 100.00 -1000 2.11 7.66 -11.24 -1000 36.17 1.62 282.692
car -1 -1 0.00 0.00 0.00 100.00 100.00 -1000 1.83 5.34 -17.54 -1000 23.03 1.51 281.647
car -1 -1 0.00 0.00 0.00 100.00 100.00 -1000 2.52 12.38 16.51 -1000 37.98 1.35 277.418
car -1 -1 0.00 0.00 0.00 100.00 100.00 -1000 2.30 9.99 16.95 -1000 44.82 1.40 275.102
car -1 -1 0.00 0.00 0.00 100.00 100.00 -1000 2.21 7.34 4.21 -1000 38.32 1.49 273.978
car -1 -1 0.00 0.00 0.00 100.00 100.00 -1000 2.48 7.27 -0.95 -1000 20.67 1.93 271.336
car -1 -1 0.00 0.00 0.00 100.00 100.00 -1000 1.97 6.72 7.48 -1000 5.37 1.50 270.205
car -1 -1 0.00 0.00 0.00 100.00 100.00 -1000 1.65 3.94 7.32 -1000 41.86 -0.10 268.840
car -1 -1 0.00 0.00 0.00 100.00 100.00 -1000 2.08 6.58 4.38 -1000 40.19 1.57 268.399
car -1 -1 0.00 0.00 0.00 100.00 100.00 -1000 2.31 6.59 -2.15 -1000 22.50 1.77 265.523
car -1 -1 0.00 0.00 0.00 100.00 100.00 -1000 1.96 6.99 12.71 -1000 37.49 1.49 258.675
car -1 -1 0.00 0.00 0.00 100.00 100.00 -1000 2.11 8.28 -12.21 -1000 40.62 1.42 257.437
car -1 -1 0.00 0.00 0.00 100.00 100.00 -1000 2.24 8.02 5.11 -1000 29.49 1.55 252.638
car -1 -1 0.00 0.00 0.00 100.00 100.00 -1000 2.02 6.14 3.18 -1000 17.73 1.79 251.907
car -1 -1 0.00 0.00 0.00 100.00 100.00 -1000 2.28 7.89 12.32 -1000 29.77 1.50 246.577
car -1 -1 0.00 0.00 0.00 100.00 100.00 -1000 2.01 5.98 17.39 -1000 28.28 1.42 246.346
car -1 -1 0.00 0.00 0.00 100.00 100.00 -1000 2.74 13.17 7.01 -1000 37.45 1.36 242.840
car -1 -1 0.00 0.00 0.00 100.00 100.00 -1000 2.19 6.41 4.74 -1000 11.27 1.63 238.579
car -1 -1 0.00 0.00 0.00 100.00 100.00 -1000 2.14 6.26 19.00 -1000 27.56 1.66 238.192
car -1 -1 0.00 0.00 0.00 100.00 100.00 -1000 2.46 9.85 4.91 -1000 9.22 1.33 236.316
car -1 -1 0.00 0.00 0.00 100.00 100.00 -1000 1.88 5.68 11.21 -1000 34.65 1.56 234.591
car -1 -1 0.00 0.00 0.00 100.00 100.00 -1000 2.10 5.64 6.16 -1000 30.61 1.58 232.421
car -1 -1 0.00 0.00 0.00 100.00 100.00 -1000 1.89 5.58 -13.90 -1000 30.64 1.53 231.982
car -1 -1 0.00 0.00 0.00 100.00 100.00 -1000 2.21 7.80 9.95 -1000 25.39 1.45 230.418
car -1 -1 0.00 0.00 0.00 100.00 100.00 -1000 2.13 10.11 -11.00 -1000 37.03 1.40 221.772
car -1 -1 0.00 0.00 0.00 100.00 100.00 -1000 2.08 5.43 2.48 -1000 18.96 1.65 221.658
car -1 -1 0.00 0.00 0.00 100.00 100.00 -1000 2.33 8.95 14.28 -1000 47.59 1.52 220.624
car -1 -1 0.00 0.00 0.00 100.00 100.00 -1000 2.13 7.50 11.20 -1000 38.30 1.40 220.531
car -1 -1 0.00 0.00 0.00 100.00 100.00 -1000 1.74 4.57 6.21 -1000 41.34 1.57 219.961
car -1 -1 0.00 0.00 0.00 100.00 100.00 -1000 2.15 7.27 10.31 -1000 37.04 1.48 218.438
car -1 -1 0.00 0.00 0.00 100.00 100.00 -1000 1.87 6.49 1.45 -1000 33.86 1.49 217.497
car -1 -1 0.00 0.00 0.00 100.00 100.00 -1000 2.01 6.66 10.16 -1000 32.24 1.50 214.994
car -1 -1 0.00 0.00 0.00 100.00 100.00 -1000 2.25 9.94 17.04 -1000 40.41 1.39 214.887
car -1 -1 0.00 0.00 0.00 100.00 100.00 -1000 1.90 6.22 3.83 -1000 43.22 1.48 213.827
car -1 -1 0.00 0.00 0.00 100.00 100.00 -1000 8.10 45.58 4.82 -1000 6.18 2.78 213.685
car -1 -1 0.00 0.00 0.00 100.00 100.00 -1000 2.22 9.60 16.65 -1000 37.11 1.44 213.384
car -1 -1 0.00 0.00 0.00 100.00 100.00 -1000 2.28 8.48 14.59 -1000 22.12 1.51 212.575
car -1 -1 0.00 0.00 0.00 100.00 100.00 -1000 1.97 6.24 15.01 -1000 19.83 1.62 211.215
car -1 -1 0.00 0.00 0.00 100.00 100.00 -1000 2.17 7.52 5.84 -1000 22.80 1.45 209.902
car -1 -1 0.00 0.00 0.00 100.00 100.00 -1000 1.55 3.74 -15.82 -1000 35.56 -0.23 209.619
car -1 -1 0.00 0.00 0.00 100.00 100.00 -1000 2.28 8.22 14.65 -1000 23.81 1.52 209.424
car -1 -1 0.00 0.00 0.00 100.00 100.00 -1000 2.24 9.36 17.15 -1000 43.21 1.39 208.400
car -1 -1 0.00 0.00 0.00 100.00 100.00 -1000 2.20 10.51 7.51 -1000 39.21 1.42 207.156
car -1 -1 0.00 0.00 0.00 100.00 100.00 -1000 1.96 6.65 2.39 -1000 35.53 1.50 205.826
car -1 -1 0.00 0.00 0.00 100.00 100.00 -1000 2.24 7.57 5.05 -1000 25.71 1.54 204.227
car -1 -1 0.00 0.00 0.00 100.00 100.00 -1000 2.17 10.87 5.03 -1000 14.22 1.74 201.901
car -1 -1 0.00 0.00 0.00 100.00 100.00 -1000 2.07 7.40 18.34 -1000 35.47 1.46 199.821
car -1 -1 0.00 0.00 0.00 100.00 100.00 -1000 1.99 6.62 -10.98 -1000 33.85 1.50 199.690
car -1 -1 0.00 0.00 0.00 100.00 100.00 -1000 1.77 4.13 -19.16 -1000 31.83 0.01 196.886
car -1 -1 0.00 0.00 0.00 100.00 100.00 -1000 2.29 9.61 -11.40 -1000 41.53 1.39 196.634
car -1 -1 0.00 0.00 0.00 100.00 100.00 -1000 2.10 7.12 4.83 -1000 19.40 1.49 195.081
car -1 -1 0.00 0.00 0.00 100.00 100.00 -1000 1.83 5.15 5.03 -1000 10.48 0.05 194.649
car -1 -1 0.00 0.00 0.00 100.00 100.00 -1000 2.06 8.48 0.94 -1000 32.98 1.52 193.938
car -1 -1 0.00 0.00 0.00 100.00 100.00 -1000 1.62 4.11 3.60 -1000 32.17 0.11 189.024
car -1 -1 0.00 0.00 0.00 100.00 100.00 -1000 2.28 10.71 8.59 -1000 6.13 1.49 188.390
car -1 -1 0.00 0.00 0.00 100.00 100.00 -1000 2.40 11.54 17.21 -1000 41.54 1.37 185.844
car -1 -1 0.00 0.00 0.00 100.00 100.00 -1000 1.92 5.57 -18.53 -1000 30.47 1.71 185.663
car -1 -1 0.00 0.00 0.00 100.00 100.00 -1000 1.91 6.76 5.98 -1000 4.60 1.51 183.514
car -1 -1 0.00 0.00 0.00 100.00 100.00 -1000 1.98 7.68 0.93 -1000 36.24 1.52 182.597
car -1 -1 0.00 0.00 0.00 100.00 100.00 -1000 2.16 6.80 11.73 -1000 27.13 1.49 181.974
car -1 -1 0.00 0.00 0.00 100.00 100.00 -1000 1.98 6.00 -14.97 -1000 29.93 1.49 180.394
car -1 -1 0.00 0.00 0.00 100.00 100.00 -1000 2.23 7.54 18.22 -1000 30.20 1.35 178.787
car -1 -1 0.00 0.00 0.00 100.00 100.00 -1000 1.92 6.66 2.34 -1000 44.05 1.47 178.664
car -1 -1 0.00 0.00 0.00 100.00 100.00 -1000 1.96 6.16 15.77 -1000 44.09 1.48 178.048
car -1 -1 0.00 0.00 0.00 100.00 100.00 -1000 2.05 8.32 9.43 -1000 23.12 1.41 177.611
car -1 -1 0.00 0.00 0.00 100.00 100.00 -1000 2.24 8.49 4.48 -1000 45.54 1.45 175.034
car -1 -1 0.00 0.00 0.00 100.00 100.00 -1000 2.43 9.49 10.70 -1000 28.57 1.38 171.918
car -1 -1 0.00 0.00 0.00 100.00 100.00 -1000 2.19 7.01 3.70 -1000 16.54 1.84 170.324
car -1 -1 0.00 0.00 0.00 100.00 100.00 -1000 1.84 5.04 -13.21 -1000 35.83 -0.05 170.039
car -1 -1 0.00 0.00 0.00 100.00 100.00 -1000 2.09 6.99 14.74 -1000 31.93 1.56 168.880
car -1 -1 0.00 0.00 0.00 100.00 100.00 -1000 1.92 6.32 2.33 -1000 28.22 1.47 164.836
car -1 -1 0.00 0.00 0.00 100.00 100.00 -1000 2.19 9.71 0.97 -1000 37.07 1.50 164.124
car -1 -1 0.00 0.00 0.00 100.00 100.00 -1000 2.23 6.80 -17.10 -1000 24.08 1.69 162.249
car -1 -1 0.00 0.00 0.00 100.00 100.00 -1000 2.07 6.71 -12.12 -1000 32.14 1.53 158.755
car -1 -1 0.00 0.00 0.00 100.00 100.00 -1000 2.04 6.68 13.25 -1000 42.37 1.47 155.192
car -1 -1 0.00 0.00 0.00 100.00 100.00 -1000 2.02 6.43 7.15 -1000 20.80 1.59 154.626
car -1 -1 0.00 0.00 0.00 100.00 100.00 -1000 1.94 5.26 -12.84 -1000 45.05 1.63 153.854
car -1 -1 0.00 0.00 0.00 100.00 100.00 -1000 2.29 11.79 18.71 -1000 23.82 1.44 153.322
car -1 -1 0.00 0.00 0.00 100.00 100.00 -1000 2.04 6.91 -10.10 -1000 44.70 1.51 153.310
car -1 -1 0.00 0.00 0.00 100.00 100.00 -1000 2.26 7.73 11.40 -1000 31.41 1.50 152.427
car -1 -1 0.00 0.00 0.00 100.00 100.00 -1000 2.05 6.45 6.37 -1000 17.58 1.52 148.299
car -1 -1 0.00 0.00 0.00 100.00 100.00 -1000 2.10 8.65 5.23 -1000 3.69 1.46 147.008
car -1 -1 0.00 0.00 0.00 100.00 100.00 -1000 1.86 5.97 2.54 -1000 29.84 1.50 145.891
car -1 -1 0.00 0.00 0.00 100.00 100.00 -1000 2.26 9.92 9.79 -1000 26.26 1.55 144.988
car -1 -1 0.00 0.00 0.00 100.00 100.00 -1000 1.67 4.39 12.48 -1000 35.40 -0.18 142.727
car -1 -1 0.00 0.00 0.00 100.00 100.00 -1000 2.16 7.10 -1.32 -1000 26.19 1.77 140.537
car -1 -1 0.00 0.00 0.00 100.00 100.00 -1000 2.21 8.26 15.29 -1000 28.61 1.45 140.354
car -1 -1 0.00 0.00 0.00 100.00 100.00 -1000 2.15 7.86 2.53 -1000 27.11 1.46 138.218
car -1 -1 0.00 0.00 0.00 100.00 100.00 -1000 1.72 4.23 3.05 -1000 19.81 0.16 138.083
car -1 -1 0.00 0.00 0.00 100.00 100.00 -1000 2.08 7.19 14.56 -1000 17.87 1.59 137.332
car -1 -1 0.00 0.00 0.00 100.00 100.00 -1000 2.14 7.45 -11.26 -1000 42.33 1.43 137.054
car -1 -1 0.00 0.00 0.00 100.00 100.00 -1000 2.09 7.23 11.60 -1000 24.69 1.46 137.012
car -1 -1 0.00 0.00 0.00 100.00 100.00 -1000 2.31 8.95 8.58 -1000 24.58 1.35 136.835
car -1 -1 0.00 0.00 0.00 100.00 100.00 -1000 2.14 9.22 -14.34 -1000 23.29 1.69 136.753
car -1 -1 0.00 0.00 0.00 100.00 100.00 -1000 2.39 8.12 14.86 -1000 20.94 1.57 136.408
car -1 -1 0.00 0.00 0.00 100.00 100.00 -1000 2.34 11.13 -8.22 -1000 46.28 1.42 135.981
car -1 -1 0.00 0.00 0.00 100.00 100.00 -1000 2.09 9.22 4.49 -1000 13.11 1.61 132.945
car -1 -1 0.00 0.00 0.00 100.00 100.00 -1000 2.13 9.42 0.86 -1000 30.61 1.50 132.829
car -1 -1 0.00 0.00 0.00 100.00 100.00 -1000 1.85 6.39 2.01 -1000 42.72 1.51 131.093
car -1 -1 0.00 0.00 0.00 100.00 100.00 -1000 2.04 9.44 -8.02 -1000 33.47 1.48 130.038
car -1 -1 0.00 0.00 0.00 100.00 100.00 -1000 2.07 7.66 8.90 -1000 21.51 1.53 129.157
car -1 -1 0.00 0.00 0.00 100.00 100.00 -1000 2.30 7.73 11.16 -1000 47.52 1.45 127.929
