car -1 -1 0.00 0.00 0.00 100.00 100.00 -1000 1.58 3.39 1.39 -1000 15.46 1.76 998.737
car -1 -1 0.00 0.00 0.00 100.00 100.00 -1000 1.60 3.51 9.35 -1000 20.88 1.64 998.442
car -1 -1 0.00 0.00 0.00 100.00 100.00 -1000 1.62 3.54 0.07 -1000 15.24 1.63 996.774
car -1 -1 0.00 0.00 0.00 100.00 100.00 -1000 1.83 4.55 0.69 -1000 14.56 0.02 996.352
car -1 -1 0.00 0.00 0.00 100.00 100.00 -1000 1.70 3.92 9.23 -1000 20.03 0.03 988.905
car -1 -1 0.00 0.00 0.00 100.00 100.00 -1000 1.59 3.49 -1.65 -1000 31.36 1.64 988.561
car -1 -1 0.00 0.00 0.00 100.00 100.00 -1000 1.71 4.06 -1.15 -1000 32.11 1.60 980.972
car -1 -1 0.00 0.00 0.00 100.00 100.00 -1000 1.57 3.77 18.20 -1000 28.96 1.65 979.613
car -1 -1 0.00 0.00 0.00 100.00 100.00 -1000 1.63 3.68 10.41 -1000 21.30 1.69 975.264
car -1 -1 0.00 0.00 0.00 100.00 100.00 -1000 2.56 8.07 0.28 -1000 15.30 1.88 970.565
car -1 -1 0.00 0.00 0.00 100.00 100.00 -1000 1.58 3.33 -2.47 -1000 30.79 1.58 964.118
car -1 -1 0.00 0.00 0.00 100.00 100.00 -1000 2.03 5.96 9.55 -1000 22.05 1.52 957.044
car -1 -1 0.00 0.00 0.00 100.00 100.00 -1000 1.55 3.41 6.58 -1000 28.03 1.61 941.203
car -1 -1 0.00 0.00 0.00 100.00 100.00 -1000 2.04 6.25 -1.94 -1000 32.67 1.65 941.002
car -1 -1 0.00 0.00 0.00 100.00 100.00 -1000 1.66 4.06 18.19 -1000 27.94 -0.11 914.269
car -1 -1 0.00 0.00 0.00 100.00 100.00 -1000 2.28 6.68 0.48 -1000 16.32 1.80 906.323
car -1 -1 0.00 0.00 0.00 100.00 100.00 -1000 1.70 4.25 16.60 -1000 30.00 1.55 903.732
car -1 -1 0.00 0.00 0.00 100.00 100.00 -1000 2.27 8.54 -2.46 -1000 33.41 1.48 903.176
car -1 -1 0.00 0.00 0.00 100.00 100.00 -1000 1.75 3.97 -0.93 -1000 14.78 1.60 899.871
car -1 -1 0.00 0.00 0.00 100.00 100.00 -1000 2.29 8.41 9.53 -1000 22.89 1.41 898.242
car -1 -1 0.00 0.00 0.00 100.00 100.00 -1000 1.52 3.37 -1.96 -1000 30.00 1.74 888.027
car -1 -1 0.00 0.00 0.00 100.00 100.00 -1000 1.53 3.79 6.80 -1000 27.12 0.04 877.772
car -1 -1 0.00 0.00 0.00 100.00 100.00 -1000 1.64 3.89 11.38 -1000 30.62 1.69 875.475
car -1 -1 0.00 0.00 0.00 100.00 100.00 -1000 1.97 6.22 16.73 -1000 32.76 1.56 868.563
car -1 -1 0.00 0.00 0.00 100.00 100.00 -1000 2.03 5.41 1.71 -1000 13.86 1.76 862.295
car -1 -1 0.00 0.00 0.00 100.00 100.00 -1000 1.65 3.95 -5.40 -1000 27.41 1.71 854.105
car -1 -1 0.00 0.00 0.00 100.00 100.00 -1000 1.54 3.59 -6.49 -1000 26.54 1.62 852.901
car -1 -1 0.00 0.00 0.00 100.00 100.00 -1000 1.60 3.77 9.08 -1000 40.42 1.66 847.240
car -1 -1 0.00 0.00 0.00 100.00 100.00 -1000 1.76 4.98 2.23 -1000 16.02 1.59 837.495
car -1 -1 0.00 0.00 0.00 100.00 100.00 -1000 1.63 3.54 2.40 -1000 14.81 1.80 833.971
car -1 -1 0.00 0.00 0.00 100.00 100.00 -1000 1.80 4.77 12.16 -1000 31.21 1.63 832.956
car -1 -1 0.00 0.00 0.00 100.00 100.00 -1000 2.01 9.74 5.78 -1000 17.16 1.42 808.591
car -1 -1 0.00 0.00 0.00 100.00 100.00 -1000 1.95 4.92 6.58 -1000 22.50 1.47 803.193
car -1 -1 0.00 0.00 0.00 100.00 100.00 -1000 2.34 7.77 12.82 -1000 24.65 1.39 797.242
car -1 -1 0.00 0.00 0.00 100.00 100.00 -1000 1.46 3.46 -3.40 -1000 29.86 -0.12 794.281
car -1 -1 0.00 0.00 0.00 100.00 100.00 -1000 2.78 9.40 1.68 -1000 18.86 1.49 779.634
car -1 -1 0.00 0.00 0.00 100.00 100.00 -1000 2.41 9.17 11.11 -1000 23.83 1.33 759.529
car -1 -1 0.00 0.00 0.00 100.00 100.00 -1000 2.38 9.19 -3.10 -1000 34.53 1.48 758.763
car -1 -1 0.00 0.00 0.00 100.00 100.00 -1000 1.72 4.25 7.56 -1000 20.99 1.49 756.454
car -1 -1 0.00 0.00 0.00 100.00 100.00 -1000 2.27 8.39 12.75 -1000 33.39 1.46 755.211
car -1 -1 0.00 0.00 0.00 100.00 100.00 -1000 1.83 4.35 4.53 -1000 27.46 1.60 748.192
car -1 -1 0.00 0.00 0.00 100.00 100.00 -1000 2.08 6.24 12.92 -1000 34.21 1.56 744.480
car -1 -1 0.00 0.00 0.00 100.00 100.00 -1000 1.70 4.66 15.45 -1000 27.29 1.61 740.078
car -1 -1 0.00 0.00 0.00 100.00 100.00 -1000 2.38 9.72 -0.25 -1000 17.18 1.42 738.949
car -1 -1 0.00 0.00 0.00 100.00 100.00 -1000 1.65 3.85 16.59 -1000 29.00 1.48 715.030
car -1 -1 0.00 0.00 0.00 100.00 100.00 -1000 2.22 7.85 13.54 -1000 32.13 1.50 707.317
car -1 -1 0.00 0.00 0.00 100.00 100.00 -1000 1.76 5.03 -5.15 -1000 20.09 1.58 705.372
car -1 -1 0.00 0.00 0.00 100.00 100.00 -1000 2.91 15.23 2.57 -1000 18.11 1.37 694.034
car -1 -1 0.00 0.00 0.00 100.00 100.00 -1000 2.20 6.65 8.30 -1000 23.99 1.57 693.591
car -1 -1 0.00 0.00 0.00 100.00 100.00 -1000 1.64 3.97 7.98 -1000 27.46 1.65 691.308
car -1 -1 0.00 0.00 0.00 100.00 100.00 -1000 3.24 20.15 -0.46 -1000 34.27 1.28 688.404
car -1 -1 0.00 0.00 0.00 100.00 100.00 -1000 1.57 3.65 5.65 -1000 29.00 1.60 687.654
car -1 -1 0.00 0.00 0.00 100.00 100.00 -1000 2.36 8.61 12.28 -1000 22.64 1.40 684.262
car -1 -1 0.00 0.00 0.00 100.00 100.00 -1000 4.28 17.81 0.98 -1000 16.04 2.36 679.563
car -1 -1 0.00 0.00 0.00 100.00 100.00 -1000 1.67 4.48 -13.31 -1000 41.51 1.59 670.575
car -1 -1 0.00 0.00 0.00 100.00 100.00 -1000 1.84 5.06 8.81 -1000 30.49 1.58 668.923
car -1 -1 0.00 0.00 0.00 100.00 100.00 -1000 2.11 5.59 9.29 -1000 19.17 1.54 668.427
car -1 -1 0.00 0.00 0.00 100.00 100.00 -1000 1.79 4.80 -0.87 -1000 30.76 1.65 664.427
car -1 -1 0.00 0.00 0.00 100.00 100.00 -1000 1.62 3.79 8.32 -1000 39.73 -0.06 661.064
car -1 -1 0.00 0.00 0.00 100.00 100.00 -1000 1.74 4.70 11.03 -1000 20.27 1.61 656.483
car -1 -1 0.00 0.00 0.00 100.00 100.00 -1000 2.00 5.99 18.06 -1000 33.79 1.58 643.688
car -1 -1 0.00 0.00 0.00 100.00 100.00 -1000 1.73 4.20 -3.13 -1000 29.08 1.68 640.872
car -1 -1 0.00 0.00 0.00 100.00 100.00 -1000 1.77 4.47 11.23 -1000 29.49 1.63 628.765
car -1 -1 0.00 0.00 0.00 100.00 100.00 -1000 2.06 5.86 17.28 -1000 31.92 1.65 613.927
car -1 -1 0.00 0.00 0.00 100.00 100.00 -1000 2.25 6.40 -1.63 -1000 18.78 1.72 593.518
car -1 -1 0.00 0.00 0.00 100.00 100.00 -1000 3.45 11.48 4.42 -1000 6.23 1.94 588.981
car -1 -1 0.00 0.00 0.00 100.00 100.00 -1000 2.78 15.57 -0.22 -1000 33.16 1.31 587.831
car -1 -1 0.00 0.00 0.00 100.00 100.00 -1000 1.84 4.81 7.87 -1000 31.26 1.48 581.707
car -1 -1 0.00 0.00 0.00 100.00 100.00 -1000 1.97 5.35 6.78 -1000 32.21 1.51 575.068
car -1 -1 0.00 0.00 0.00 100.00 100.00 -1000 2.31 8.61 -4.78 -1000 32.94 1.46 568.045
car -1 -1 0.00 0.00 0.00 100.00 100.00 -1000 1.91 5.54 -9.17 -1000 28.98 1.55 562.658
car -1 -1 0.00 0.00 0.00 100.00 100.00 -1000 2.03 5.36 9.09 -1000 26.56 1.57 560.063
car -1 -1 0.00 0.00 0.00 100.00 100.00 -1000 1.81 5.32 -0.09 -1000 31.53 1.55 556.365
car -1 -1 0.00 0.00 0.00 100.00 100.00 -1000 3.01 18.34 0.54 -1000 35.75 1.35 553.540
car -1 -1 0.00 0.00 0.00 100.00 100.00 -1000 2.06 5.98 13.54 -1000 35.08 1.64 549.879
car -1 -1 0.00 0.00 0.00 100.00 100.00 -1000 1.88 5.28 -5.03 -1000 28.49 1.49 540.583
car -1 -1 0.00 0.00 0.00 100.00 100.00 -1000 1.72 4.16 5.10 -1000 29.72 1.57 536.415
car -1 -1 0.00 0.00 0.00 100.00 100.00 -1000 2.13 5.87 9.11 -1000 24.80 1.54 517.189
car -1 -1 0.00 0.00 0.00 100.00 100.00 -1000 2.13 8.63 5.94 -1000 16.22 1.46 513.630
car -1 -1 0.00 0.00 0.00 100.00 100.00 -1000 1.96 5.72 16.65 -1000 30.95 1.63 508.012
car -1 -1 0.00 0.00 0.00 100.00 100.00 -1000 1.85 4.97 8.09 -1000 29.74 1.55 506.381
car -1 -1 0.00 0.00 0.00 100.00 100.00 -1000 1.71 4.41 -8.94 -1000 21.65 1.62 501.842
car -1 -1 0.00 0.00 0.00 100.00 100.00 -1000 1.88 5.56 -8.46 -1000 44.99 1.53 486.810
car -1 -1 0.00 0.00 0.00 100.00 100.00 -1000 2.04 6.23 6.51 -1000 30.46 1.49 486.367
car -1 -1 0.00 0.00 0.00 100.00 100.00 -1000 1.83 5.66 13.98 -1000 30.64 1.52 483.453
car -1 -1 0.00 0.00 0.00 100.00 100.00 -1000 1.79 4.73 -11.05 -1000 42.75 1.56 469.610
car -1 -1 0.00 0.00 0.00 100.00 100.00 -1000 2.03 6.80 -2.00 -1000 19.76 1.50 469.321
car -1 -1 0.00 0.00 0.00 100.00 100.00 -1000 2.49 11.89 2.61 -1000 34.96 1.37 466.800
car -1 -1 0.00 0.00 0.00 100.00 100.00 -1000 1.83 5.89 18.53 -1000 29.61 1.56 459.694
car -1 -1 0.00 0.00 0.00 100.00 100.00 -1000 4.76 18.73 4.75 -1000 6.34 2.21 453.397
car -1 -1 0.00 0.00 0.00 100.00 100.00 -1000 1.80 4.54 7.19 -1000 33.07 1.48 451.904
car -1 -1 0.00 0.00 0.00 100.00 100.00 -1000 2.23 6.24 3.94 -1000 5.64 1.74 451.620
car -1 -1 0.00 0.00 0.00 100.00 100.00 -1000 1.84 5.56 12.21 -1000 20.98 1.55 450.233
car -1 -1 0.00 0.00 0.00 100.00 100.00 -1000 2.04 5.93 6.26 -1000 25.24 1.49 448.301
car -1 -1 0.00 0.00 0.00 100.00 100.00 -1000 2.22 6.71 10.28 -1000 28.59 1.56 443.381
car -1 -1 0.00 0.00 0.00 100.00 100.00 -1000 1.76 4.67 -10.43 -1000 36.72 1.60 442.617
car -1 -1 0.00 0.00 0.00 100.00 100.00 -1000 1.86 5.02 15.41 -1000 22.25 1.48 442.550
car -1 -1 0.00 0.00 0.00 100.00 100.00 -1000 1.84 5.61 4.86 -1000 14.96 1.56 437.001
car -1 -1 0.00 0.00 0.00 100.00 100.00 -1000 1.92 6.14 -9.22 -1000 31.87 1.60 429.855
car -1 -1 0.00 0.00 0.00 100.00 100.00 -1000 1.67 3.70 5.07 -1000 28.37 1.58 423.467
car -1 -1 0.00 0.00 0.00 100.00 100.00 -1000 1.91 5.29 7.78 -1000 28.51 1.68 421.620
car -1 -1 0.00 0.00 0.00 100.00 100.00 -1000 2.40 11.35 0.79 -1000 32.25 1.38 416.550
car -1 -1 0.00 0.00 0.00 100.00 100.00 -1000 1.75 4.91 10.19 -1000 34.62 1.67 413.777
car -1 -1 0.00 0.00 0.00 100.00 100.00 -1000 2.73 7.79 -0.45 -1000 13.97 1.59 410.163
car -1 -1 0.00 0.00 0.00 100.00 100.00 -1000 2.36 10.12 -13.81 -1000 45.02 1.51 407.418
car -1 -1 0.00 0.00 0.00 100.00 100.00 -1000 2.13 6.89 10.59 -1000 31.60 1.53 404.884
car -1 -1 0.00 0.00 0.00 100.00 100.00 -1000 1.88 5.91 -3.31 -1000 31.81 1.49 400.635
car -1 -1 0.00 0.00 0.00 100.00 100.00 -1000 2.15 9.41 7.61 -1000 17.83 1.58 397.427
car -1 -1 0.00 0.00 0.00 100.00 100.00 -1000 2.13 6.58 5.90 -1000 33.73 1.43 387.876
car -1 -1 0.00 0.00 0.00 100.00 100.00 -1000 1.86 4.81 6.07 -1000 21.67 1.54 385.841
car -1 -1 0.00 0.00 0.00 100.00 100.00 -1000 1.79 5.62 12.20 -1000 19.47 1.51 385.075
car -1 -1 0.00 0.00 0.00 100.00 100.00 -1000 2.16 7.43 5.80 -1000 31.36 1.45 384.351
car -1 -1 0.00 0.00 0.00 100.00 100.00 -1000 1.92 5.66 -3.66 -1000 20.49 1.56 378.963
car -1 -1 0.00 0.00 0.00 100.00 100.00 -1000 1.94 5.50 13.25 -1000 36.22 1.68 371.063
car -1 -1 0.00 0.00 0.00 100.00 100.00 -1000 1.93 6.49 13.54 -1000 20.15 1.54 369.615
car -1 -1 0.00 0.00 0.00 100.00 100.00 -1000 1.86 4.95 -4.71 -1000 29.37 1.48 351.008
car -1 -1 0.00 0.00 0.00 100.00 100.00 -1000 1.91 5.63 9.50 -1000 41.01 1.65 350.541
car -1 -1 0.00 0.00 0.00 100.00 100.00 -1000 2.14 8.75 -7.53 -1000 32.50 1.50 349.440
car -1 -1 0.00 0.00 0.00 100.00 100.00 -1000 2.80 12.52 0.97 -1000 19.83 1.46 348.965
car -1 -1 0.00 0.00 0.00 100.00 100.00 -1000 2.30 7.25 17.44 -1000 27.05 1.68 345.461
car -1 -1 0.00 0.00 0.00 100.00 100.00 -1000 2.15 7.69 -7.81 -1000 29.65 1.53 345.117
car -1 -1 0.00 0.00 0.00 100.00 100.00 -1000 1.96 5.82 14.38 -1000 25.18 1.48 343.369
car -1 -1 0.00 0.00 0.00 100.00 100.00 -1000 2.07 6.69 13.70 -1000 37.54 1.54 333.015
car -1 -1 0.00 0.00 0.00 100.00 100.00 -1000 2.41 8.01 9.40 -1000 32.60 1.60 330.212
car -1 -1 0.00 0.00 0.00 100.00 100.00 -1000 2.35 10.54 -15.53 -1000 44.17 1.55 323.598
car -1 -1 0.00 0.00 0.00 100.00 100.00 -1000 2.18 8.49 -12.15 -1000 45.79 1.54 323.533
car -1 -1 0.00 0.00 0.00 100.00 100.00 -1000 2.43 10.16 4.42 -1000 32.51 1.41 302.769
car -1 -1 0.00 0.00 0.00 100.00 100.00 -1000 1.85 5.61 -3.99 -1000 31.06 1.49 297.200
car -1 -1 0.00 0.00 0.00 100.00 100.00 -1000 2.08 7.15 -7.25 -1000 31.41 1.48 290.849
car -1 -1 0.00 0.00 0.00 100.00 100.00 -1000 1.75 5.14 -5.50 -1000 25.91 1.64 286.084
car -1 -1 0.00 0.00 0.00 100.00 100.00 -1000 2.08 5.93 6.03 -1000 26.24 1.46 284.860
car -1 -1 0.00 0.00 0.00 100.00 100.00 -1000 2.23 7.68 -3.49 -1000 22.93 1.55 273.473
car -1 -1 0.00 0.00 0.00 100.00 100.00 -1000 1.80 5.27 -15.95 -1000 37.79 1.58 273.457
car -1 -1 0.00 0.00 0.00 100.00 100.00 -1000 2.39 11.28 -6.15 -1000 33.77 1.53 272.349
car -1 -1 0.00 0.00 0.00 100.00 100.00 -1000 1.88 6.92 14.28 -1000 38.47 1.50 272.328
car -1 -1 0.00 0.00 0.00 100.00 100.00 -1000 1.74 4.63 -11.54 -1000 41.92 1.64 271.952
car -1 -1 0.00 0.00 0.00 100.00 100.00 -1000 2.13 8.33 2.74 -1000 31.36 1.45 267.649
car -1 -1 0.00 0.00 0.00 100.00 100.00 -1000 2.16 8.38 3.59 -1000 4.06 1.58 267.232
car -1 -1 0.00 0.00 0.00 100.00 100.00 -1000 2.08 6.88 -1.47 -1000 25.68 1.57 266.476
car -1 -1 0.00 0.00 0.00 100.00 100.00 -1000 2.00 6.17 10.03 -1000 25.82 1.53 266.187
car -1 -1 0.00 0.00 0.00 100.00 100.00 -1000 1.66 4.43 9.57 -1000 29.21 -0.44 262.602
car -1 -1 0.00 0.00 0.00 100.00 100.00 -1000 1.81 5.17 -8.85 -1000 43.54 1.65 262.573
car -1 -1 0.00 0.00 0.00 100.00 100.00 -1000 2.00 5.28 -5.05 -1000 19.12 1.73 261.834
car -1 -1 0.00 0.00 0.00 100.00 100.00 -1000 1.98 5.72 14.26 -1000 26.73 1.42 260.548
car -1 -1 0.00 0.00 0.00 100.00 100.00 -1000 1.95 5.41 3.34 -1000 15.47 1.61 256.310
car -1 -1 0.00 0.00 0.00 100.00 100.00 -1000 1.92 5.31 -18.11 -1000 38.30 1.54 254.850
car -1 -1 0.00 0.00 0.00 100.00 100.00 -1000 1.88 6.31 6.43 -1000 14.52 1.49 253.718
car -1 -1 0.00 0.00 0.00 100.00 100.00 -1000 2.08 8.05 -11.15 -1000 46.66 1.51 253.117
car -1 -1 0.00 0.00 0.00 100.00 100.00 -1000 2.13 6.42 8.66 -1000 38.31 1.52 252.853
car -1 -1 0.00 0.00 0.00 100.00 100.00 -1000 2.13 7.32 9.76 -1000 27.41 1.54 252.519
car -1 -1 0.00 0.00 0.00 100.00 100.00 -1000 1.86 5.07 16.16 -1000 28.32 1.50 244.882
car -1 -1 0.00 0.00 0.00 100.00 100.00 -1000 1.76 5.35 14.83 -1000 29.89 1.50 244.842
car -1 -1 0.00 0.00 0.00 100.00 100.00 -1000 2.40 10.37 18.82 -1000 30.10 1.49 243.688
car -1 -1 0.00 0.00 0.00 100.00 100.00 -1000 1.74 5.15 -7.66 -1000 20.97 1.60 241.739
car -1 -1 0.00 0.00 0.00 100.00 100.00 -1000 2.40 11.39 17.87 -1000 31.05 1.38 241.530
car -1 -1 0.00 0.00 0.00 100.00 100.00 -1000 1.97 6.77 10.33 -1000 18.22 1.49 241.111
car -1 -1 0.00 0.00 0.00 100.00 100.00 -1000 2.12 9.92 4.89 -1000 18.96 1.40 240.512
car -1 -1 0.00 0.00 0.00 100.00 100.00 -1000 1.73 5.04 16.65 -1000 21.73 1.70 238.783
car -1 -1 0.00 0.00 0.00 100.00 100.00 -1000 1.77 4.99 13.44 -1000 45.17 1.69 236.945
car -1 -1 0.00 0.00 0.00 100.00 100.00 -1000 1.84 4.87 -13.06 -1000 40.55 -0.24 236.826
car -1 -1 0.00 0.00 0.00 100.00 100.00 -1000 2.17 8.05 15.84 -1000 34.52 1.46 230.855
car -1 -1 0.00 0.00 0.00 100.00 100.00 -1000 1.98 6.05 -6.51 -1000 46.88 1.58 228.859
car -1 -1 0.00 0.00 0.00 100.00 100.00 -1000 1.71 4.18 -11.19 -1000 36.00 -0.02 228.603
car -1 -1 0.00 0.00 0.00 100.00 100.00 -1000 2.64 6.78 5.15 -1000 28.92 1.58 227.677
car -1 -1 0.00 0.00 0.00 100.00 100.00 -1000 1.89 5.77 -9.48 -1000 22.51 1.52 225.835
car -1 -1 0.00 0.00 0.00 100.00 100.00 -1000 1.86 5.62 -1.29 -1000 29.17 1.57 225.202
car -1 -1 0.00 0.00 0.00 100.00 100.00 -1000 2.12 7.93 -5.89 -1000 30.56 1.49 224.197
car -1 -1 0.00 0.00 0.00 100.00 100.00 -1000 2.41 7.25 17.41 -1000 39.65 1.78 222.940
car -1 -1 0.00 0.00 0.00 100.00 100.00 -1000 2.18 9.81 -7.00 -1000 37.15 1.47 217.981
car -1 -1 0.00 0.00 0.00 100.00 100.00 -1000 1.89 5.70 -4.50 -1000 26.61 1.64 217.630
car -1 -1 0.00 0.00 0.00 100.00 100.00 -1000 1.60 4.18 10.23 -1000 31.05 -0.16 217.148
car -1 -1 0.00 0.00 0.00 100.00 100.00 -1000 1.80 4.88 -7.58 -1000 25.93 1.53 215.534
car -1 -1 0.00 0.00 0.00 100.00 100.00 -1000 2.23 7.55 5.92 -1000 23.16 1.49 213.817
car -1 -1 0.00 0.00 0.00 100.00 100.00 -1000 1.84 4.77 2.87 -1000 21.50 1.50 213.701
car -1 -1 0.00 0.00 0.00 100.00 100.00 -1000 2.00 6.26 14.16 -1000 45.91 1.65 213.005
car -1 -1 0.00 0.00 0.00 100.00 100.00 -1000 1.78 5.58 -6.82 -1000 27.80 1.51 212.512
car -1 -1 0.00 0.00 0.00 100.00 100.00 -1000 2.42 12.19 -4.63 -1000 35.38 1.56 210.720
car -1 -1 0.00 0.00 0.00 100.00 100.00 -1000 2.01 7.19 6.40 -1000 13.64 1.55 210.239
car -1 -1 0.00 0.00 0.00 100.00 100.00 -1000 1.91 5.39 -14.43 -1000 40.96 1.52 208.766
car -1 -1 0.00 0.00 0.00 100.00 100.00 -1000 1.90 5.97 -3.26 -1000 43.62 1.55 208.419
car -1 -1 0.00 0.00 0.00 100.00 100.00 -1000 1.98 6.41 0.17 -1000 29.93 1.50 202.661
car -1 -1 0.00 0.00 0.00 100.00 100.00 -1000 2.10 6.74 -4.43 -1000 21.30 1.42 200.231
car -1 -1 0.00 0.00 0.00 100.00 100.00 -1000 1.98 5.95 8.39 -1000 33.96 1.51 199.353
car -1 -1 0.00 0.00 0.00 100.00 100.00 -1000 1.84 5.59 2.15 -1000 19.91 1.47 197.751
car -1 -1 0.00 0.00 0.00 100.00 100.00 -1000 2.04 7.94 9.56 -1000 42.01 1.56 196.908
car -1 -1 0.00 0.00 0.00 100.00 100.00 -1000 2.52 12.29 5.33 -1000 35.86 1.47 196.277
car -1 -1 0.00 0.00 0.00 100.00 100.00 -1000 1.84 5.76 12.67 -1000 29.11 1.51 196.068
car -1 -1 0.00 0.00 0.00 100.00 100.00 -1000 6.35 31.83 1.00 -1000 17.35 2.48 193.559
car -1 -1 0.00 0.00 0.00 100.00 100.00 -1000 2.07 6.69 18.01 -1000 23.19 1.69 185.988
car -1 -1 0.00 0.00 0.00 100.00 100.00 -1000 1.97 6.18 -9.63 -1000 26.54 1.56 185.683
car -1 -1 0.00 0.00 0.00 100.00 100.00 -1000 4.81 18.91 -0.32 -1000 18.23 2.28 182.945
car -1 -1 0.00 0.00 0.00 100.00 100.00 -1000 2.07 8.92 15.45 -1000 46.74 1.49 182.310
car -1 -1 0.00 0.00 0.00 100.00 100.00 -1000 2.10 7.86 -10.57 -1000 28.21 1.64 181.697
car -1 -1 0.00 0.00 0.00 100.00 100.00 -1000 1.99 6.09 -0.96 -1000 20.67 1.49 177.439
car -1 -1 0.00 0.00 0.00 100.00 100.00 -1000 2.14 7.92 12.19 -1000 28.14 1.43 176.803
car -1 -1 0.00 0.00 0.00 100.00 100.00 -1000 2.35 8.28 18.75 -1000 34.97 1.41 176.096
car -1 -1 0.00 0.00 0.00 100.00 100.00 -1000 2.26 10.42 -17.48 -1000 42.59 1.59 175.860
car -1 -1 0.00 0.00 0.00 100.00 100.00 -1000 2.24 8.66 15.76 -1000 35.76 1.43 175.779
car -1 -1 0.00 0.00 0.00 100.00 100.00 -1000 1.95 6.11 -16.33 -1000 29.00 1.57 175.522
car -1 -1 0.00 0.00 0.00 100.00 100.00 -1000 2.03 8.36 7.65 -1000 37.46 1.43 173.246
car -1 -1 0.00 0.00 0.00 100.00 100.00 -1000 2.28 5.23 3.31 -1000 13.43 1.64 173.016
car -1 -1 0.00 0.00 0.00 100.00 100.00 -1000 2.07 6.59 11.80 -1000 37.10 1.48 171.850
car -1 -1 0.00 0.00 0.00 100.00 100.00 -1000 1.99 5.74 1.12 -1000 21.86 1.60 167.804
car -1 -1 0.00 0.00 0.00 100.00 100.00 -1000 2.08 5.92 3.81 -1000 22.28 1.44 167.782
car -1 -1 0.00 0.00 0.00 100.00 100.00 -1000 1.61 3.80 5.72 -1000 26.75 -0.04 167.755
car -1 -1 0.00 0.00 0.00 100.00 100.00 -1000 1.96 6.53 17.55 -1000 41.53 1.60 167.308
car -1 -1 0.00 0.00 0.00 100.00 100.00 -1000 2.21 6.85 9.81 -1000 35.37 1.58 166.993
car -1 -1 0.00 0.00 0.00 100.00 100.00 -1000 2.03 5.53 14.28 -1000 44.37 1.65 166.074
car -1 -1 0.00 0.00 0.00 100.00 100.00 -1000 1.89 6.44 -7.69 -1000 27.04 1.49 162.800
car -1 -1 0.00 0.00 0.00 100.00 100.00 -1000 2.11 6.35 -12.66 -1000 35.52 1.57 158.585
car -1 -1 0.00 0.00 0.00 100.00 100.00 -1000 6.96 32.41 3.81 -1000 5.80 2.44 156.255
car -1 -1 0.00 0.00 0.00 100.00 100.00 -1000 1.81 6.24 18.59 -1000 26.19 1.67 154.854
car -1 -1 0.00 0.00 0.00 100.00 100.00 -1000 2.10 6.80 10.56 -1000 37.81 1.51 153.522
car -1 -1 0.00 0.00 0.00 100.00 100.00 -1000 1.94 5.38 5.39 -1000 20.95 1.49 153.150
car -1 -1 0.00 0.00 0.00 100.00 100.00 -1000 2.10 6.84 -10.72 -1000 40.34 1.62 152.929
car -1 -1 0.00 0.00 0.00 100.00 100.00 -1000 2.10 7.64 3.77 -1000 30.53 1.43 152.331
car -1 -1 0.00 0.00 0.00 100.00 100.00 -1000 1.97 6.12 -13.23 -1000 42.34 1.50 151.185
car -1 -1 0.00 0.00 0.00 100.00 100.00 -1000 2.45 9.19 -2.85 -1000 27.84 1.48 148.798
car -1 -1 0.00 0.00 0.00 100.00 100.00 -1000 2.49 9.85 -1.92 -1000 24.18 1.57 147.150
car -1 -1 0.00 0.00 0.00 100.00 100.00 -1000 3.36 10.29 -2.17 -1000 18.64 2.07 146.759
car -1 -1 0.00 0.00 0.00 100.00 100.00 -1000 1.71 3.92 -6.88 -1000 25.27 -0.22 145.947
car -1 -1 0.00 0.00 0.00 100.00 100.00 -1000 1.77 5.02 -10.51 -1000 21.41 1.46 145.049
car -1 -1 0.00 0.00 0.00 100.00 100.00 -1000 1.83 4.38 13.58 -1000 23.95 -0.35 143.878
car -1 -1 0.00 0.00 0.00 100.00 100.00 -1000 1.90 6.61 -6.43 -1000 28.98 1.48 143.600
car -1 -1 0.00 0.00 0.00 100.00 100.00 -1000 1.91 5.82 -2.03 -1000 21.49 1.43 141.433
car -1 -1 0.00 0.00 0.00 100.00 100.00 -1000 1.85 6.05 -8.93 -1000 36.35 1.56 141.179
car -1 -1 0.00 0.00 0.00 100.00 100.00 -1000 2.27 12.11 16.99 -1000 37.52 1.42 139.711
car -1 -1 0.00 0.00 0.00 100.00 100.00 -1000 1.90 6.52 -11.05 -1000 31.53 1.48 138.651
car -1 -1 0.00 0.00 0.00 100.00 100.00 -1000 2.27 8.67 12.74 -1000 25.73 1.42 138.287
car -1 -1 0.00 0.00 0.00 100.00 100.00 -1000 2.26 7.02 -9.25 -1000 30.62 1.51 138.056
car -1 -1 0.00 0.00 0.00 100.00 100.00 -1000 1.94 7.55 -10.19 -1000 37.18 1.52 137.259
car -1 -1 0.00 0.00 0.00 100.00 100.00 -1000 1.99 6.49 -11.82 -1000 43.44 1.51 136.592
car -1 -1 0.00 0.00 0.00 100.00 100.00 -1000 2.02 6.11 -7.50 -1000 44.05 1.56 135.662
car -1 -1 0.00 0.00 0.00 100.00 100.00 -1000 1.84 4.89 12.23 -1000 22.01 -0.32 133.601
car -1 -1 0.00 0.00 0.00 100.00 100.00 -1000 2.27 8.10 -8.09 -1000 23.39 1.64 133.169
car -1 -1 0.00 0.00 0.00 100.00 100.00 -1000 2.28 6.56 7.81 -1000 25.81 1.58 131.248
car -1 -1 0.00 0.00 0.00 100.00 100.00 -1000 1.88 6.95 -1.83 -1000 44.14 1.59 131.017
car -1 -1 0.00 0.00 0.00 100.00 100.00 -1000 1.99 6.23 -18.44 -1000 32.29 1.62 130.488
car -1 -1 0.00 0.00 0.00 100.00 100.00 -1000 1.92 5.65 -5.88 -1000 46.04 1.70 129.863
car -1 -1 0.00 0.00 0.00 100.00 100.00 -1000 2.07 6.36 -17.07 -1000 24.17 1.55 129.107
car -1 -1 0.00 0.00 0.00 100.00 100.00 -1000 2.05 5.86 -15.40 -1000 40.05 1.45 128.311
car -1 -1 0.00 0.00 0.00 100.00 100.00 -1000 2.18 7.11 16.93 -1000 23.94 1.58 127.863
car -1 -1 0.00 0.00 0.00 100.00 100.00 -1000 1.83 5.88 10.51 -1000 39.63 1.55 127.175
car -1 -1 0.00 0.00 0.00 100.00 100.00 -1000 2.09 6.83 -8.25 -1000 45.86 1.50 126.059
car -1 -1 0.00 0.00 0.00 100.00 100.00 -1000 2.02 9.05 -10.45 -1000 32.70 1.62 124.509
