car -1 -1 0.00 0.00 0.00 100.00 100.00 -1000 1.59 3.40 -11.24 -1000 46.67 1.64 999.067
car -1 -1 0.00 0.00 0.00 100.00 100.00 -1000 1.58 3.39 3.27 -1000 30.32 1.64 998.210
car -1 -1 0.00 0.00 0.00 100.00 100.00 -1000 1.59 3.54 0.39 -1000 17.28 1.67 997.998
car -1 -1 0.00 0.00 0.00 100.00 100.00 -1000 1.61 3.62 -11.35 -1000 31.40 1.63 996.502
car -1 -1 0.00 0.00 0.00 100.00 100.00 -1000 1.60 3.52 13.81 -1000 25.34 1.65 995.561
car -1 -1 0.00 0.00 0.00 100.00 100.00 -1000 1.63 4.09 3.30 -1000 29.50 -0.07 994.068
car -1 -1 0.00 0.00 0.00 100.00 100.00 -1000 1.68 4.14 0.28 -1000 16.47 -0.03 993.753
car -1 -1 0.00 0.00 0.00 100.00 100.00 -1000 1.53 3.37 17.78 -1000 25.42 1.70 987.502
car -1 -1 0.00 0.00 0.00 100.00 100.00 -1000 1.69 3.91 14.35 -1000 26.02 1.61 979.771
car -1 -1 0.00 0.00 0.00 100.00 100.00 -1000 1.62 3.85 18.19 -1000 24.70 -0.06 974.322
car -1 -1 0.00 0.00 0.00 100.00 100.00 -1000 1.63 4.07 13.46 -1000 24.50 0.04 971.930
car -1 -1 0.00 0.00 0.00 100.00 100.00 -1000 1.55 3.34 -3.82 -1000 33.15 1.61 971.885
car -1 -1 0.00 0.00 0.00 100.00 100.00 -1000 1.61 3.95 -5.99 -1000 27.98 1.72 971.334
car -1 -1 0.00 0.00 0.00 100.00 100.00 -1000 1.58 3.40 15.37 -1000 25.50 1.72 962.312
car -1 -1 0.00 0.00 0.00 100.00 100.00 -1000 1.55 3.71 -4.50 -1000 32.55 0.09 955.343
car -1 -1 0.00 0.00 0.00 100.00 100.00 -1000 1.85 4.73 0.36 -1000 18.02 1.48 954.370
car -1 -1 0.00 0.00 0.00 100.00 100.00 -1000 1.61 3.58 6.71 -1000 23.53 1.56 952.997
car -1 -1 0.00 0.00 0.00 100.00 100.00 -1000 1.62 3.88 -3.40 -1000 47.12 1.58 945.833
car -1 -1 0.00 0.00 0.00 100.00 100.00 -1000 1.64 4.23 -12.11 -1000 46.11 -0.13 939.686
car -1 -1 0.00 0.00 0.00 100.00 100.00 -1000 1.86 5.26 -12.10 -1000 47.40 1.63 935.330
car -1 -1 0.00 0.00 0.00 100.00 100.00 -1000 1.98 5.45 -11.67 -1000 32.53 1.55 931.952
car -1 -1 0.00 0.00 0.00 100.00 100.00 -1000 1.76 4.27 3.06 -1000 31.32 1.51 929.132
car -1 -1 0.00 0.00 0.00 100.00 100.00 -1000 1.60 3.87 16.62 -1000 24.58 0.10 917.250
car -1 -1 0.00 0.00 0.00 100.00 100.00 -1000 1.63 3.65 15.91 -1000 26.17 1.78 917.160
car -1 -1 0.00 0.00 0.00 100.00 100.00 -1000 1.60 3.78 -3.95 -1000 46.30 -0.01 898.610
car -1 -1 0.00 0.00 0.00 100.00 100.00 -1000 1.58 3.77 -11.81 -1000 30.66 0.01 895.933
car -1 -1 0.00 0.00 0.00 100.00 100.00 -1000 1.81 4.42 -3.09 -1000 20.57 1.60 890.347
car -1 -1 0.00 0.00 0.00 100.00 100.00 -1000 1.68 3.85 -0.49 -1000 28.99 1.56 886.976
car -1 -1 0.00 0.00 0.00 100.00 100.00 -1000 2.54 11.34 4.84 -1000 32.72 1.29 875.612
car -1 -1 0.00 0.00 0.00 100.00 100.00 -1000 2.17 6.06 3.43 -1000 32.47 1.45 871.167
car -1 -1 0.00 0.00 0.00 100.00 100.00 -1000 1.91 5.13 13.96 -1000 26.72 1.52 857.393
car -1 -1 0.00 0.00 0.00 100.00 100.00 -1000 1.86 5.10 16.90 -1000 26.90 1.58 850.611
car -1 -1 0.00 0.00 0.00 100.00 100.00 -1000 2.10 6.91 -12.12 -1000 33.36 1.56 837.738
car -1 -1 0.00 0.00 0.00 100.00 100.00 -1000 1.61 3.79 -3.43 -1000 39.47 1.56 831.894
car -1 -1 0.00 0.00 0.00 100.00 100.00 -1000 1.61 3.73 1.56 -1000 29.96 1.57 811.042
car -1 -1 0.00 0.00 0.00 100.00 100.00 -1000 2.12 6.39 -14.46 -1000 34.95 1.53 809.785
car -1 -1 0.00 0.00 0.00 100.00 100.00 -1000 1.63 4.01 4.54 -1000 29.99 1.76 809.371
car -1 -1 0.00 0.00 0.00 100.00 100.00 -1000 1.65 4.15 18.58 -1000 25.97 1.57 807.599
car -1 -1 0.00 0.00 0.00 100.00 100.00 -1000 2.43 8.57 11.62 -1000 27.27 1.47 793.713
car -1 -1 0.00 0.00 0.00 100.00 100.00 -1000 1.94 5.25 -14.15 -1000 32.90 1.52 790.296
car -1 -1 0.00 0.00 0.00 100.00 100.00 -1000 2.05 5.47 0.19 -1000 18.89 1.49 789.662
car -1 -1 0.00 0.00 0.00 100.00 100.00 -1000 1.57 3.58 -0.30 -1000 28.17 0.05 787.764
car -1 -1 0.00 0.00 0.00 100.00 100.00 -1000 2.48 10.17 1.73 -1000 33.34 1.43 771.134
car -1 -1 0.00 0.00 0.00 100.00 100.00 -1000 2.75 13.31 4.22 -1000 34.17 1.38 765.788
car -1 -1 0.00 0.00 0.00 100.00 100.00 -1000 1.63 3.59 7.24 -1000 22.87 1.70 762.554
car -1 -1 0.00 0.00 0.00 100.00 100.00 -1000 1.60 3.79 -3.43 -1000 25.39 1.57 757.217
car -1 -1 0.00 0.00 0.00 100.00 100.00 -1000 2.64 8.46 11.47 -1000 28.44 1.43 737.610
car -1 -1 0.00 0.00 0.00 100.00 100.00 -1000 2.15 5.73 -3.36 -1000 19.41 1.63 724.595
car -1 -1 0.00 0.00 0.00 100.00 100.00 -1000 2.01 4.87 -1.46 -1000 19.27 1.59 719.120
car -1 -1 0.00 0.00 0.00 100.00 100.00 -1000 2.43 8.46 5.23 -1000 31.61 1.35 715.608
car -1 -1 0.00 0.00 0.00 100.00 100.00 -1000 2.14 6.48 -14.27 -1000 33.75 1.52 713.931
car -1 -1 0.00 0.00 0.00 100.00 100.00 -1000 2.36 7.42 14.23 -1000 27.65 1.44 694.651
car -1 -1 0.00 0.00 0.00 100.00 100.00 -1000 1.70 4.28 10.17 -1000 41.79 1.61 682.764
car -1 -1 0.00 0.00 0.00 100.00 100.00 -1000 1.81 4.54 2.28 -1000 16.91 1.72 675.980
car -1 -1 0.00 0.00 0.00 100.00 100.00 -1000 2.09 7.04 -1.25 -1000 33.36 1.49 672.263
car -1 -1 0.00 0.00 0.00 100.00 100.00 -1000 1.80 5.10 6.73 -1000 24.27 1.55 663.081
car -1 -1 0.00 0.00 0.00 100.00 100.00 -1000 1.77 4.63 12.52 -1000 25.72 1.48 653.584
car -1 -1 0.00 0.00 0.00 100.00 100.00 -1000 1.89 5.54 -3.19 -1000 33.72 1.56 650.098
car -1 -1 0.00 0.00 0.00 100.00 100.00 -1000 1.72 4.41 -14.30 -1000 31.46 1.56 645.746
car -1 -1 0.00 0.00 0.00 100.00 100.00 -1000 2.62 11.09 1.59 -1000 18.93 1.53 645.335
car -1 -1 0.00 0.00 0.00 100.00 100.00 -1000 2.36 8.77 0.95 -1000 32.13 1.45 639.806
car -1 -1 0.00 0.00 0.00 100.00 100.00 -1000 1.62 3.94 -4.49 -1000 20.31 -0.08 636.215
car -1 -1 0.00 0.00 0.00 100.00 100.00 -1000 2.53 10.49 -0.40 -1000 34.07 1.42 628.891
car -1 -1 0.00 0.00 0.00 100.00 100.00 -1000 1.62 4.00 -6.60 -1000 27.27 -0.03 623.061
car -1 -1 0.00 0.00 0.00 100.00 100.00 -1000 1.96 4.98 -11.21 -1000 45.31 1.72 615.908
car -1 -1 0.00 0.00 0.00 100.00 100.00 -1000 1.71 4.73 -10.05 -1000 46.22 1.60 592.445
car -1 -1 0.00 0.00 0.00 100.00 100.00 -1000 1.76 4.98 8.26 -1000 23.85 1.60 587.735
car -1 -1 0.00 0.00 0.00 100.00 100.00 -1000 1.58 3.71 -4.60 -1000 45.54 1.68 586.237
car -1 -1 0.00 0.00 0.00 100.00 100.00 -1000 2.45 6.42 -1.58 -1000 18.43 1.73 584.341
car -1 -1 0.00 0.00 0.00 100.00 100.00 -1000 1.79 4.60 -12.79 -1000 31.95 1.47 583.160
car -1 -1 0.00 0.00 0.00 100.00 100.00 -1000 2.52 8.67 1.76 -1000 18.00 1.63 580.298
car -1 -1 0.00 0.00 0.00 100.00 100.00 -1000 2.29 8.12 10.20 -1000 26.49 1.47 574.328
car -1 -1 0.00 0.00 0.00 100.00 100.00 -1000 2.54 11.83 1.38 -1000 20.54 1.42 573.433
car -1 -1 0.00 0.00 0.00 100.00 100.00 -1000 2.05 5.11 -11.30 -1000 29.98 1.62 571.415
car -1 -1 0.00 0.00 0.00 100.00 100.00 -1000 2.60 12.42 -9.31 -1000 34.27 1.33 563.673
car -1 -1 0.00 0.00 0.00 100.00 100.00 -1000 2.60 12.35 -8.53 -1000 35.73 1.35 548.576
car -1 -1 0.00 0.00 0.00 100.00 100.00 -1000 1.83 5.38 -9.68 -1000 31.19 1.55 545.256
car -1 -1 0.00 0.00 0.00 100.00 100.00 -1000 1.68 3.97 4.10 -1000 28.89 1.69 543.648
car -1 -1 0.00 0.00 0.00 100.00 100.00 -1000 1.82 5.24 6.04 -1000 29.58 1.62 543.055
car -1 -1 0.00 0.00 0.00 100.00 100.00 -1000 1.75 4.34 9.50 -1000 35.48 1.55 540.734
car -1 -1 0.00 0.00 0.00 100.00 100.00 -1000 2.21 6.33 15.15 -1000 28.98 1.51 523.883
car -1 -1 0.00 0.00 0.00 100.00 100.00 -1000 1.81 4.70 14.58 -1000 24.01 1.65 522.664
car -1 -1 0.00 0.00 0.00 100.00 100.00 -1000 1.71 4.16 1.47 -1000 29.07 -0.18 520.294
car -1 -1 0.00 0.00 0.00 100.00 100.00 -1000 2.29 6.61 13.10 -1000 29.50 1.51 516.401
car -1 -1 0.00 0.00 0.00 100.00 100.00 -1000 1.88 5.93 19.07 -1000 23.12 1.64 513.423
car -1 -1 0.00 0.00 0.00 100.00 100.00 -1000 1.72 4.36 -3.78 -1000 24.50 -0.10 510.110
car -1 -1 0.00 0.00 0.00 100.00 100.00 -1000 1.63 4.30 -4.42 -1000 21.24 1.57 506.863
car -1 -1 0.00 0.00 0.00 100.00 100.00 -1000 1.85 4.48 2.92 -1000 16.20 1.78 504.107
car -1 -1 0.00 0.00 0.00 100.00 100.00 -1000 1.91 6.22 -9.69 -1000 32.29 1.48 489.282
car -1 -1 0.00 0.00 0.00 100.00 100.00 -1000 1.90 5.92 9.73 -1000 32.14 1.64 478.127
car -1 -1 0.00 0.00 0.00 100.00 100.00 -1000 1.67 4.34 8.92 -1000 23.11 1.58 474.303
car -1 -1 0.00 0.00 0.00 100.00 100.00 -1000 2.27 8.59 -6.57 -1000 33.78 1.41 469.121
car -1 -1 0.00 0.00 0.00 100.00 100.00 -1000 2.11 6.36 12.87 -1000 31.67 1.52 468.217
car -1 -1 0.00 0.00 0.00 100.00 100.00 -1000 2.43 6.65 -3.03 -1000 25.81 1.81 466.751
car -1 -1 0.00 0.00 0.00 100.00 100.00 -1000 2.17 9.10 4.85 -1000 17.75 1.47 466.698
car -1 -1 0.00 0.00 0.00 100.00 100.00 -1000 2.57 11.90 -6.19 -1000 36.60 1.46 465.733
car -1 -1 0.00 0.00 0.00 100.00 100.00 -1000 6.37 21.61 5.58 -1000 6.19 1.81 465.185
car -1 -1 0.00 0.00 0.00 100.00 100.00 -1000 2.21 7.14 6.65 -1000 30.66 1.40 461.408
car -1 -1 0.00 0.00 0.00 100.00 100.00 -1000 1.80 5.02 11.61 -1000 25.06 1.50 448.037
car -1 -1 0.00 0.00 0.00 100.00 100.00 -1000 2.11 6.04 -0.22 -1000 19.91 1.57 442.135
car -1 -1 0.00 0.00 0.00 100.00 100.00 -1000 1.97 5.24 -6.01 -1000 28.90 1.47 440.297
car -1 -1 0.00 0.00 0.00 100.00 100.00 -1000 2.31 11.26 3.29 -1000 19.79 1.43 438.947
car -1 -1 0.00 0.00 0.00 100.00 100.00 -1000 2.93 17.01 -10.49 -1000 47.57 1.35 437.564
car -1 -1 0.00 0.00 0.00 100.00 100.00 -1000 2.01 6.08 -4.83 -1000 29.68 1.57 434.781
car -1 -1 0.00 0.00 0.00 100.00 100.00 -1000 2.59 6.69 0.95 -1000 15.56 1.57 430.563
car -1 -1 0.00 0.00 0.00 100.00 100.00 -1000 2.10 6.62 18.25 -1000 30.13 1.52 423.693
car -1 -1 0.00 0.00 0.00 100.00 100.00 -1000 2.05 5.80 10.17 -1000 42.65 1.67 419.098
car -1 -1 0.00 0.00 0.00 100.00 100.00 -1000 2.84 13.91 -0.95 -1000 34.95 1.37 415.628
car -1 -1 0.00 0.00 0.00 100.00 100.00 -1000 2.08 5.66 -4.10 -1000 31.48 1.55 412.538
car -1 -1 0.00 0.00 0.00 100.00 100.00 -1000 1.86 5.33 -7.29 -1000 30.57 1.50 411.832
car -1 -1 0.00 0.00 0.00 100.00 100.00 -1000 2.03 5.51 -0.23 -1000 27.52 1.60 407.586
car -1 -1 0.00 0.00 0.00 100.00 100.00 -1000 1.99 6.78 1.15 -1000 30.61 1.47 382.153
car -1 -1 0.00 0.00 0.00 100.00 100.00 -1000 1.82 4.68 -3.29 -1000 38.52 1.63 378.356
car -1 -1 0.00 0.00 0.00 100.00 100.00 -1000 2.30 9.69 -8.60 -1000 33.05 1.41 378.214
car -1 -1 0.00 0.00 0.00 100.00 100.00 -1000 1.77 4.83 -9.12 -1000 29.86 1.52 375.978
car -1 -1 0.00 0.00 0.00 100.00 100.00 -1000 2.01 6.40 14.23 -1000 22.55 1.51 365.625
car -1 -1 0.00 0.00 0.00 100.00 100.00 -1000 2.02 7.33 -9.44 -1000 47.15 1.52 359.302
car -1 -1 0.00 0.00 0.00 100.00 100.00 -1000 2.03 6.09 -3.25 -1000 40.10 1.60 354.171
car -1 -1 0.00 0.00 0.00 100.00 100.00 -1000 1.80 5.15 -2.19 -1000 32.40 1.53 350.466
car -1 -1 0.00 0.00 0.00 100.00 100.00 -1000 1.97 5.56 13.15 -1000 23.45 1.56 349.000
car -1 -1 0.00 0.00 0.00 100.00 100.00 -1000 2.72 12.47 -6.45 -1000 34.96 1.40 348.595
car -1 -1 0.00 0.00 0.00 100.00 100.00 -1000 2.18 10.11 8.97 -1000 27.86 1.39 344.759
car -1 -1 0.00 0.00 0.00 100.00 100.00 -1000 2.54 8.48 6.12 -1000 34.97 1.50 344.375
car -1 -1 0.00 0.00 0.00 100.00 100.00 -1000 2.13 5.64 7.30 -1000 21.86 1.58 334.453
car -1 -1 0.00 0.00 0.00 100.00 100.00 -1000 2.48 12.49 -0.70 -1000 36.60 1.38 334.159
car -1 -1 0.00 0.00 0.00 100.00 100.00 -1000 2.01 5.87 15.37 -1000 30.14 1.46 333.953
car -1 -1 0.00 0.00 0.00 100.00 100.00 -1000 2.01 5.99 -0.89 -1000 29.66 1.48 328.279
car -1 -1 0.00 0.00 0.00 100.00 100.00 -1000 1.90 5.89 -7.87 -1000 28.61 1.50 327.973
car -1 -1 0.00 0.00 0.00 100.00 100.00 -1000 2.45 7.44 -1.23 -1000 21.17 1.72 324.713
car -1 -1 0.00 0.00 0.00 100.00 100.00 -1000 2.26 10.27 6.12 -1000 14.45 1.58 323.782
car -1 -1 0.00 0.00 0.00 100.00 100.00 -1000 2.17 6.42 16.73 -1000 29.47 1.54 323.172
car -1 -1 0.00 0.00 0.00 100.00 100.00 -1000 2.18 5.66 4.81 -1000 27.91 1.58 321.663
car -1 -1 0.00 0.00 0.00 100.00 100.00 -1000 2.50 12.81 -12.62 -1000 37.38 1.40 314.777
car -1 -1 0.00 0.00 0.00 100.00 100.00 -1000 2.23 10.59 14.03 -1000 43.90 1.44 310.804
car -1 -1 0.00 0.00 0.00 100.00 100.00 -1000 1.89 5.54 -2.79 -1000 28.95 1.53 305.607
car -1 -1 0.00 0.00 0.00 100.00 100.00 -1000 1.83 4.67 18.74 -1000 23.94 1.72 300.869
car -1 -1 0.00 0.00 0.00 100.00 100.00 -1000 1.99 6.94 4.44 -1000 16.87 1.50 299.968
car -1 -1 0.00 0.00 0.00 100.00 100.00 -1000 1.75 4.57 10.13 -1000 22.68 1.50 297.984
car -1 -1 0.00 0.00 0.00 100.00 100.00 -1000 2.01 5.13 -10.04 -1000 44.38 1.55 295.978
car -1 -1 0.00 0.00 0.00 100.00 100.00 -1000 2.13 7.59 8.93 -1000 24.53 1.50 295.107
car -1 -1 0.00 0.00 0.00 100.00 100.00 -1000 2.26 9.89 -13.20 -1000 38.27 1.38 294.942
car -1 -1 0.00 0.00 0.00 100.00 100.00 -1000 2.10 6.63 17.06 -1000 27.64 1.63 291.864
car -1 -1 0.00 0.00 0.00 100.00 100.00 -1000 2.10 6.26 -4.81 -1000 47.48 1.46 290.361
car -1 -1 0.00 0.00 0.00 100.00 100.00 -1000 1.65 4.03 -4.94 -1000 46.79 0.08 289.749
car -1 -1 0.00 0.00 0.00 100.00 100.00 -1000 2.02 6.37 12.84 -1000 33.05 1.64 283.057
car -1 -1 0.00 0.00 0.00 100.00 100.00 -1000 1.86 4.61 8.31 -1000 31.52 1.56 274.933
car -1 -1 0.00 0.00 0.00 100.00 100.00 -1000 2.02 5.58 1.78 -1000 28.32 1.63 273.345
car -1 -1 0.00 0.00 0.00 100.00 100.00 -1000 2.32 10.80 0.71 -1000 42.32 1.43 272.023
car -1 -1 0.00 0.00 0.00 100.00 100.00 -1000 2.22 9.84 3.63 -1000 25.76 1.51 265.137
car -1 -1 0.00 0.00 0.00 100.00 100.00 -1000 2.44 12.90 13.54 -1000 45.60 1.45 258.264
car -1 -1 0.00 0.00 0.00 100.00 100.00 -1000 1.81 4.71 13.78 -1000 28.44 -0.12 255.872
car -1 -1 0.00 0.00 0.00 100.00 100.00 -1000 2.20 9.95 -13.18 -1000 39.90 1.42 253.526
car -1 -1 0.00 0.00 0.00 100.00 100.00 -1000 2.49 9.97 -11.36 -1000 34.99 1.44 252.361
car -1 -1 0.00 0.00 0.00 100.00 100.00 -1000 2.15 5.97 -10.31 -1000 29.08 1.55 251.393
car -1 -1 0.00 0.00 0.00 100.00 100.00 -1000 1.73 4.48 -5.55 -1000 20.77 1.54 249.541
car -1 -1 0.00 0.00 0.00 100.00 100.00 -1000 1.88 5.23 10.25 -1000 41.01 1.53 248.656
car -1 -1 0.00 0.00 0.00 100.00 100.00 -1000 2.20 6.36 5.97 -1000 25.23 1.51 248.617
car -1 -1 0.00 0.00 0.00 100.00 100.00 -1000 2.41 11.53 16.85 -1000 34.25 1.43 248.156
car -1 -1 0.00 0.00 0.00 100.00 100.00 -1000 2.21 7.39 8.71 -1000 32.88 1.46 248.014
car -1 -1 0.00 0.00 0.00 100.00 100.00 -1000 1.66 3.71 5.64 -1000 23.05 0.23 246.475
car -1 -1 0.00 0.00 0.00 100.00 100.00 -1000 2.16 10.08 14.29 -1000 42.29 1.45 246.118
car -1 -1 0.00 0.00 0.00 100.00 100.00 -1000 1.94 5.36 -4.67 -1000 27.55 1.74 245.878
car -1 -1 0.00 0.00 0.00 100.00 100.00 -1000 2.30 9.60 5.12 -1000 16.04 1.55 244.359
car -1 -1 0.00 0.00 0.00 100.00 100.00 -1000 2.17 8.79 0.87 -1000 41.13 1.47 242.637
car -1 -1 0.00 0.00 0.00 100.00 100.00 -1000 2.02 5.58 16.29 -1000 23.43 1.52 240.613
car -1 -1 0.00 0.00 0.00 100.00 100.00 -1000 1.86 5.27 -2.11 -1000 37.95 1.54 239.349
car -1 -1 0.00 0.00 0.00 100.00 100.00 -1000 2.46 8.54 -2.91 -1000 30.46 1.51 238.104
car -1 -1 0.00 0.00 0.00 100.00 100.00 -1000 2.39 6.95 -1.59 -1000 17.36 1.87 236.455
car -1 -1 0.00 0.00 0.00 100.00 100.00 -1000 1.96 4.54 3.42 -1000 47.57 -0.23 235.795
car -1 -1 0.00 0.00 0.00 100.00 100.00 -1000 3.65 12.92 6.35 -1000 5.80 1.92 235.175
car -1 -1 0.00 0.00 0.00 100.00 100.00 -1000 2.28 7.71 -14.33 -1000 35.83 1.52 234.277
car -1 -1 0.00 0.00 0.00 100.00 100.00 -1000 1.86 4.51 6.17 -1000 36.85 1.58 234.274
car -1 -1 0.00 0.00 0.00 100.00 100.00 -1000 2.05 7.32 -7.62 -1000 31.40 1.47 231.944
car -1 -1 0.00 0.00 0.00 100.00 100.00 -1000 2.35 7.10 -15.58 -1000 30.62 1.58 228.946
car -1 -1 0.00 0.00 0.00 100.00 100.00 -1000 2.05 7.39 -8.02 -1000 46.42 1.49 222.353
car -1 -1 0.00 0.00 0.00 100.00 100.00 -1000 2.10 7.60 7.30 -1000 43.52 1.55 218.543
car -1 -1 0.00 0.00 0.00 100.00 100.00 -1000 2.22 5.97 3.80 -1000 15.44 1.86 216.442
car -1 -1 0.00 0.00 0.00 100.00 100.00 -1000 1.72 4.59 11.44 -1000 29.94 -0.06 209.523
car -1 -1 0.00 0.00 0.00 100.00 100.00 -1000 2.38 8.78 -5.30 -1000 30.92 1.46 207.965
car -1 -1 0.00 0.00 0.00 100.00 100.00 -1000 1.87 5.38 -3.54 -1000 28.23 1.58 203.603
car -1 -1 0.00 0.00 0.00 100.00 100.00 -1000 2.32 10.48 6.84 -1000 44.23 1.60 202.518
car -1 -1 0.00 0.00 0.00 100.00 100.00 -1000 2.15 9.92 14.51 -1000 41.17 1.44 202.269
car -1 -1 0.00 0.00 0.00 100.00 100.00 -1000 1.94 6.21 -4.47 -1000 44.89 1.64 199.151
car -1 -1 0.00 0.00 0.00 100.00 100.00 -1000 2.14 7.57 -6.31 -1000 32.26 1.41 198.241
car -1 -1 0.00 0.00 0.00 100.00 100.00 -1000 2.47 7.57 -3.31 -1000 23.43 1.70 196.970
car -1 -1 0.00 0.00 0.00 100.00 100.00 -1000 2.02 7.49 -3.84 -1000 37.53 1.50 194.275
car -1 -1 0.00 0.00 0.00 100.00 100.00 -1000 2.50 9.41 7.89 -1000 33.80 1.42 193.404
car -1 -1 0.00 0.00 0.00 100.00 100.00 -1000 2.14 5.92 6.01 -1000 26.45 1.73 191.774
car -1 -1 0.00 0.00 0.00 100.00 100.00 -1000 2.30 12.00 -15.25 -1000 42.27 1.40 190.183
car -1 -1 0.00 0.00 0.00 100.00 100.00 -1000 2.19 8.03 -0.35 -1000 31.38 1.45 189.058
car -1 -1 0.00 0.00 0.00 100.00 100.00 -1000 1.72 4.94 -2.22 -1000 24.73 1.65 188.521
car -1 -1 0.00 0.00 0.00 100.00 100.00 -1000 1.67 4.11 9.60 -1000 31.12 0.05 188.305
car -1 -1 0.00 0.00 0.00 100.00 100.00 -1000 2.14 9.75 1.27 -1000 39.17 1.47 187.829
car -1 -1 0.00 0.00 0.00 100.00 100.00 -1000 2.28 8.36 10.75 -1000 44.96 1.55 187.072
car -1 -1 0.00 0.00 0.00 100.00 100.00 -1000 2.00 5.28 10.20 -1000 34.78 1.59 186.899
car -1 -1 0.00 0.00 0.00 100.00 100.00 -1000 2.05 6.57 9.40 -1000 36.11 1.59 186.569
car -1 -1 0.00 0.00 0.00 100.00 100.00 -1000 1.98 5.41 -6.47 -1000 25.11 1.85 186.423
car -1 -1 0.00 0.00 0.00 100.00 100.00 -1000 2.31 13.34 -0.30 -1000 21.79 1.31 184.629
car -1 -1 0.00 0.00 0.00 100.00 100.00 -1000 2.45 11.79 0.52 -1000 43.51 1.49 183.429
car -1 -1 0.00 0.00 0.00 100.00 100.00 -1000 2.45 11.64 -14.04 -1000 41.02 1.51 183.334
car -1 -1 0.00 0.00 0.00 100.00 100.00 -1000 2.26 8.08 -3.10 -1000 41.95 1.59 182.965
car -1 -1 0.00 0.00 0.00 100.00 100.00 -1000 2.05 7.85 3.72 -1000 24.96 1.54 178.940
car -1 -1 0.00 0.00 0.00 100.00 100.00 -1000 2.28 10.44 14.07 -1000 39.98 1.47 171.508
car -1 -1 0.00 0.00 0.00 100.00 100.00 -1000 2.13 7.19 -16.39 -1000 38.61 1.56 171.073
car -1 -1 0.00 0.00 0.00 100.00 100.00 -1000 2.00 6.39 6.40 -1000 37.60 1.59 170.767
car -1 -1 0.00 0.00 0.00 100.00 100.00 -1000 1.93 5.95 4.96 -1000 23.83 1.47 169.123
car -1 -1 0.00 0.00 0.00 100.00 100.00 -1000 2.19 8.98 -9.61 -1000 43.92 1.54 168.190
car -1 -1 0.00 0.00 0.00 100.00 100.00 -1000 1.78 5.30 -2.17 -1000 46.14 1.54 168.053
car -1 -1 0.00 0.00 0.00 100.00 100.00 -1000 2.43 11.94 16.90 -1000 35.44 1.54 167.356
car -1 -1 0.00 0.00 0.00 100.00 100.00 -1000 2.08 6.12 5.68 -1000 22.59 1.55 166.339
car -1 -1 0.00 0.00 0.00 100.00 100.00 -1000 2.10 8.14 -13.10 -1000 29.41 1.60 166.337
car -1 -1 0.00 0.00 0.00 100.00 100.00 -1000 2.17 8.70 -6.12 -1000 41.06 1.57 165.795
car -1 -1 0.00 0.00 0.00 100.00 100.00 -1000 2.36 12.89 7.30 -1000 45.17 1.43 165.469
car -1 -1 0.00 0.00 0.00 100.00 100.00 -1000 2.36 7.50 -15.73 -1000 32.30 1.54 165.243
car -1 -1 0.00 0.00 0.00 100.00 100.00 -1000 2.36 7.44 10.54 -1000 43.50 1.60 163.843
car -1 -1 0.00 0.00 0.00 100.00 100.00 -1000 2.22 7.62 17.65 -1000 28.61 1.55 162.469
car -1 -1 0.00 0.00 0.00 100.00 100.00 -1000 1.91 6.47 -8.25 -1000 45.27 1.48 162.431
car -1 -1 0.00 0.00 0.00 100.00 100.00 -1000 2.05 6.50 13.91 -1000 30.74 1.62 159.299
car -1 -1 0.00 0.00 0.00 100.00 100.00 -1000 2.33 11.60 -0.49 -1000 44.68 1.39 158.183
car -1 -1 0.00 0.00 0.00 100.00 100.00 -1000 1.70 4.07 -13.19 -1000 31.03 0.22 156.911
car -1 -1 0.00 0.00 0.00 100.00 100.00 -1000 2.14 7.75 10.81 -1000 23.86 1.49 154.867
car -1 -1 0.00 0.00 0.00 100.00 100.00 -1000 1.72 4.85 4.22 -1000 30.80 -0.71 154.733
car -1 -1 0.00 0.00 0.00 100.00 100.00 -1000 2.12 8.58 2.04 -1000 40.26 1.55 152.805
car -1 -1 0.00 0.00 0.00 100.00 100.00 -1000 2.34 7.47 11.62 -1000 33.83 1.54 151.056
car -1 -1 0.00 0.00 0.00 100.00 100.00 -1000 2.14 7.91 7.84 -1000 29.08 1.54 150.141
car -1 -1 0.00 0.00 0.00 100.00 100.00 -1000 2.32 11.22 0.39 -1000 37.59 1.48 149.140
car -1 -1 0.00 0.00 0.00 100.00 100.00 -1000 1.84 4.34 5.95 -1000 35.91 1.55 148.804
car -1 -1 0.00 0.00 0.00 100.00 100.00 -1000 2.23 7.90 10.05 -1000 38.73 1.65 146.050
car -1 -1 0.00 0.00 0.00 100.00 100.00 -1000 2.53 9.53 -5.87 -1000 25.45 2.02 144.504
car -1 -1 0.00 0.00 0.00 100.00 100.00 -1000 2.02 6.77 -5.74 -1000 45.98 1.46 142.063
car -1 -1 0.00 0.00 0.00 100.00 100.00 -1000 2.31 10.48 13.82 -1000 38.65 1.52 140.139
car -1 -1 0.00 0.00 0.00 100.00 100.00 -1000 1.94 6.78 -15.23 -1000 28.75 1.41 139.864
car -1 -1 0.00 0.00 0.00 100.00 100.00 -1000 2.47 8.33 -16.68 -1000 37.03 1.58 134.335
car -1 -1 0.00 0.00 0.00 100.00 100.00 -1000 2.13 7.97 -1.78 -1000 47.18 1.48 133.990
