car -1 -1 0.00 0.00 0.00 100.00 100.00 -1000 2.89 5.89 -3.26 -1000 6.38 1.37 999.403
car -1 -1 0.00 0.00 0.00 100.00 100.00 -1000 1.66 3.75 -4.02 -1000 32.19 1.66 998.781
car -1 -1 0.00 0.00 0.00 100.00 100.00 -1000 2.82 10.50 -1.56 -1000 35.42 1.36 991.598
car -1 -1 0.00 0.00 0.00 100.00 100.00 -1000 1.67 3.84 -2.79 -1000 5.29 1.72 988.484
car -1 -1 0.00 0.00 0.00 100.00 100.00 -1000 1.69 3.86 -4.49 -1000 45.63 1.60 983.743
car -1 -1 0.00 0.00 0.00 100.00 100.00 -1000 2.12 7.08 -4.97 -1000 33.76 1.56 978.614
car -1 -1 0.00 0.00 0.00 100.00 100.00 -1000 1.88 4.90 -3.99 -1000 32.92 1.62 975.463
car -1 -1 0.00 0.00 0.00 100.00 100.00 -1000 1.71 3.93 -3.31 -1000 5.98 1.70 973.061
car -1 -1 0.00 0.00 0.00 100.00 100.00 -1000 1.66 3.75 2.37 -1000 31.94 1.60 972.965
car -1 -1 0.00 0.00 0.00 100.00 100.00 -1000 3.46 12.57 -4.23 -1000 6.61 1.70 965.427
car -1 -1 0.00 0.00 0.00 100.00 100.00 -1000 2.71 11.09 -4.10 -1000 34.38 1.37 964.278
car -1 -1 0.00 0.00 0.00 100.00 100.00 -1000 2.56 8.64 -1.89 -1000 36.63 1.47 963.012
car -1 -1 0.00 0.00 0.00 100.00 100.00 -1000 1.72 4.65 -4.67 -1000 31.06 -0.19 959.892
car -1 -1 0.00 0.00 0.00 100.00 100.00 -1000 2.27 6.36 -1.71 -1000 37.42 1.50 944.193
car -1 -1 0.00 0.00 0.00 100.00 100.00 -1000 2.07 5.69 0.15 -1000 34.54 1.47 942.192
car -1 -1 0.00 0.00 0.00 100.00 100.00 -1000 1.82 4.40 2.63 -1000 45.02 1.55 937.213
car -1 -1 0.00 0.00 0.00 100.00 100.00 -1000 1.71 3.98 0.85 -1000 32.18 1.56 924.752
car -1 -1 0.00 0.00 0.00 100.00 100.00 -1000 1.70 3.86 0.76 -1000 38.75 1.57 919.086
car -1 -1 0.00 0.00 0.00 100.00 100.00 -1000 1.67 3.89 -3.20 -1000 45.33 1.62 911.824
car -1 -1 0.00 0.00 0.00 100.00 100.00 -1000 3.03 12.29 -0.53 -1000 47.48 1.35 906.634
car -1 -1 0.00 0.00 0.00 100.00 100.00 -1000 2.13 6.78 -1.65 -1000 32.94 1.47 900.484
car -1 -1 0.00 0.00 0.00 100.00 100.00 -1000 1.81 4.13 -2.90 -1000 4.34 1.62 892.304
car -1 -1 0.00 0.00 0.00 100.00 100.00 -1000 1.63 3.92 -2.81 -1000 31.48 1.68 884.998
car -1 -1 0.00 0.00 0.00 100.00 100.00 -1000 1.81 4.67 2.40 -1000 16.51 1.57 872.596
car -1 -1 0.00 0.00 0.00 100.00 100.00 -1000 1.69 4.34 1.75 -1000 31.26 0.10 862.072
car -1 -1 0.00 0.00 0.00 100.00 100.00 -1000 2.38 6.99 -4.67 -1000 34.99 1.42 853.471
car -1 -1 0.00 0.00 0.00 100.00 100.00 -1000 1.71 4.73 -4.20 -1000 44.76 0.04 841.599
car -1 -1 0.00 0.00 0.00 100.00 100.00 -1000 7.10 29.20 5.31 -1000 6.00 2.15 838.819
car -1 -1 0.00 0.00 0.00 100.00 100.00 -1000 2.04 6.01 2.17 -1000 35.45 1.69 837.906
car -1 -1 0.00 0.00 0.00 100.00 100.00 -1000 1.84 4.59 -1.30 -1000 38.13 1.57 800.496
car -1 -1 0.00 0.00 0.00 100.00 100.00 -1000 1.76 4.46 3.35 -1000 31.43 1.70 798.330
car -1 -1 0.00 0.00 0.00 100.00 100.00 -1000 1.79 4.39 -5.42 -1000 46.35 1.55 795.362
car -1 -1 0.00 0.00 0.00 100.00 100.00 -1000 1.75 4.05 1.05 -1000 37.93 1.53 773.349
car -1 -1 0.00 0.00 0.00 100.00 100.00 -1000 2.34 7.23 0.86 -1000 46.65 1.41 766.290
car -1 -1 0.00 0.00 0.00 100.00 100.00 -1000 2.58 7.48 4.12 -1000 9.65 1.83 753.132
car -1 -1 0.00 0.00 0.00 100.00 100.00 -1000 2.27 6.58 -0.31 -1000 26.37 1.52 745.946
car -1 -1 0.00 0.00 0.00 100.00 100.00 -1000 1.73 4.37 2.83 -1000 14.92 1.61 741.714
car -1 -1 0.00 0.00 0.00 100.00 100.00 -1000 2.10 6.00 0.56 -1000 33.46 1.47 737.865
car -1 -1 0.00 0.00 0.00 100.00 100.00 -1000 1.67 3.89 -0.19 -1000 44.34 1.59 735.974
car -1 -1 0.00 0.00 0.00 100.00 100.00 -1000 1.62 4.02 2.64 -1000 30.74 -0.06 729.694
car -1 -1 0.00 0.00 0.00 100.00 100.00 -1000 1.71 4.10 2.22 -1000 44.14 1.58 727.154
car -1 -1 0.00 0.00 0.00 100.00 100.00 -1000 2.36 8.69 1.04 -1000 40.02 1.55 726.454
car -1 -1 0.00 0.00 0.00 100.00 100.00 -1000 1.71 4.13 -1.67 -1000 44.87 1.58 704.261
car -1 -1 0.00 0.00 0.00 100.00 100.00 -1000 2.31 7.59 1.54 -1000 38.15 1.69 702.207
car -1 -1 0.00 0.00 0.00 100.00 100.00 -1000 2.61 11.27 2.74 -1000 35.11 1.41 700.659
car -1 -1 0.00 0.00 0.00 100.00 100.00 -1000 1.97 5.43 1.09 -1000 24.82 1.54 685.228
car -1 -1 0.00 0.00 0.00 100.00 100.00 -1000 2.80 14.74 3.22 -1000 38.43 1.31 673.686
car -1 -1 0.00 0.00 0.00 100.00 100.00 -1000 9.72 52.72 -3.08 -1000 6.98 2.55 665.259
car -1 -1 0.00 0.00 0.00 100.00 100.00 -1000 2.57 8.40 -4.57 -1000 36.04 1.58 649.883
car -1 -1 0.00 0.00 0.00 100.00 100.00 -1000 1.89 4.94 -0.83 -1000 31.92 1.53 637.459
car -1 -1 0.00 0.00 0.00 100.00 100.00 -1000 1.89 4.87 -1.48 -1000 31.08 1.59 635.286
car -1 -1 0.00 0.00 0.00 100.00 100.00 -1000 1.88 5.06 -0.34 -1000 22.47 1.61 635.107
car -1 -1 0.00 0.00 0.00 100.00 100.00 -1000 2.03 5.47 0.63 -1000 37.08 1.51 634.896
car -1 -1 0.00 0.00 0.00 100.00 100.00 -1000 2.32 6.22 3.59 -1000 10.79 1.72 623.116
car -1 -1 0.00 0.00 0.00 100.00 100.00 -1000 2.14 5.92 2.50 -1000 45.75 1.52 613.135
car -1 -1 0.00 0.00 0.00 100.00 100.00 -1000 2.95 15.39 3.74 -1000 34.29 1.35 605.133
car -1 -1 0.00 0.00 0.00 100.00 100.00 -1000 1.66 4.36 -1.13 -1000 43.67 0.03 598.369
car -1 -1 0.00 0.00 0.00 100.00 100.00 -1000 14.39 84.89 6.16 -1000 6.14 2.58 590.371
car -1 -1 0.00 0.00 0.00 100.00 100.00 -1000 2.15 6.22 -2.87 -1000 24.87 1.63 582.597
car -1 -1 0.00 0.00 0.00 100.00 100.00 -1000 2.20 7.21 2.17 -1000 23.77 1.64 569.218
car -1 -1 0.00 0.00 0.00 100.00 100.00 -1000 3.73 23.13 -4.25 -1000 47.59 1.27 559.069
car -1 -1 0.00 0.00 0.00 100.00 100.00 -1000 2.54 8.97 2.11 -1000 36.57 1.55 540.839
car -1 -1 0.00 0.00 0.00 100.00 100.00 -1000 3.21 10.90 3.41 -1000 15.11 2.04 531.766
car -1 -1 0.00 0.00 0.00 100.00 100.00 -1000 2.07 6.58 -5.72 -1000 46.98 1.65 529.751
car -1 -1 0.00 0.00 0.00 100.00 100.00 -1000 2.58 7.74 -4.38 -1000 7.65 1.57 517.449
car -1 -1 0.00 0.00 0.00 100.00 100.00 -1000 2.64 7.63 3.81 -1000 5.69 1.79 514.262
car -1 -1 0.00 0.00 0.00 100.00 100.00 -1000 1.91 5.35 0.65 -1000 45.01 1.58 511.884
car -1 -1 0.00 0.00 0.00 100.00 100.00 -1000 2.17 7.29 -2.78 -1000 46.17 1.55 510.195
car -1 -1 0.00 0.00 0.00 100.00 100.00 -1000 2.10 5.94 -1.19 -1000 19.34 1.60 509.035
car -1 -1 0.00 0.00 0.00 100.00 100.00 -1000 2.66 14.30 3.37 -1000 46.52 1.36 503.435
car -1 -1 0.00 0.00 0.00 100.00 100.00 -1000 1.87 5.19 -2.36 -1000 44.19 0.19 498.766
car -1 -1 0.00 0.00 0.00 100.00 100.00 -1000 2.74 13.43 5.12 -1000 37.52 1.37 496.229
car -1 -1 0.00 0.00 0.00 100.00 100.00 -1000 1.97 5.25 2.19 -1000 17.68 1.49 494.521
car -1 -1 0.00 0.00 0.00 100.00 100.00 -1000 2.45 8.18 -3.60 -1000 38.15 1.43 493.346
car -1 -1 0.00 0.00 0.00 100.00 100.00 -1000 2.40 7.82 0.14 -1000 42.24 1.42 486.004
car -1 -1 0.00 0.00 0.00 100.00 100.00 -1000 2.20 6.27 2.36 -1000 32.98 1.63 481.908
car -1 -1 0.00 0.00 0.00 100.00 100.00 -1000 3.79 14.48 4.52 -1000 5.71 2.00 481.682
car -1 -1 0.00 0.00 0.00 100.00 100.00 -1000 2.32 7.36 1.25 -1000 18.93 1.51 468.768
car -1 -1 0.00 0.00 0.00 100.00 100.00 -1000 1.96 5.09 0.42 -1000 30.73 1.59 457.277
car -1 -1 0.00 0.00 0.00 100.00 100.00 -1000 2.07 6.05 1.18 -1000 39.31 1.60 456.958
car -1 -1 0.00 0.00 0.00 100.00 100.00 -1000 2.29 6.10 3.46 -1000 12.03 1.59 452.343
car -1 -1 0.00 0.00 0.00 100.00 100.00 -1000 2.45 8.16 -0.19 -1000 27.30 1.53 448.465
car -1 -1 0.00 0.00 0.00 100.00 100.00 -1000 2.26 8.01 1.96 -1000 25.67 1.63 435.281
car -1 -1 0.00 0.00 0.00 100.00 100.00 -1000 2.18 5.60 -2.67 -1000 3.47 1.58 429.838
car -1 -1 0.00 0.00 0.00 100.00 100.00 -1000 2.72 13.28 4.06 -1000 39.56 1.36 428.284
car -1 -1 0.00 0.00 0.00 100.00 100.00 -1000 2.24 9.41 6.99 -1000 38.27 1.44 425.247
car -1 -1 0.00 0.00 0.00 100.00 100.00 -1000 2.86 8.65 1.57 -1000 17.31 1.87 417.640
car -1 -1 0.00 0.00 0.00 100.00 100.00 -1000 2.29 9.93 5.59 -1000 27.79 1.40 415.181
car -1 -1 0.00 0.00 0.00 100.00 100.00 -1000 2.05 5.62 -4.22 -1000 4.86 1.50 405.137
car -1 -1 0.00 0.00 0.00 100.00 100.00 -1000 2.23 7.66 2.47 -1000 33.88 1.50 404.121
car -1 -1 0.00 0.00 0.00 100.00 100.00 -1000 1.88 5.36 0.84 -1000 21.87 -0.15 399.668
car -1 -1 0.00 0.00 0.00 100.00 100.00 -1000 2.44 10.82 5.13 -1000 33.55 1.36 395.780
car -1 -1 0.00 0.00 0.00 100.00 100.00 -1000 2.13 7.17 4.04 -1000 32.07 1.52 395.124
car -1 -1 0.00 0.00 0.00 100.00 100.00 -1000 2.41 10.49 5.28 -1000 35.97 1.37 394.375
car -1 -1 0.00 0.00 0.00 100.00 100.00 -1000 1.96 5.06 3.32 -1000 43.64 1.56 392.348
car -1 -1 0.00 0.00 0.00 100.00 100.00 -1000 24.29 170.56 6.87 -1000 6.25 2.95 390.447
car -1 -1 0.00 0.00 0.00 100.00 100.00 -1000 2.17 8.77 7.02 -1000 34.28 1.44 388.748
car -1 -1 0.00 0.00 0.00 100.00 100.00 -1000 1.85 4.51 3.22 -1000 13.77 1.60 379.003
car -1 -1 0.00 0.00 0.00 100.00 100.00 -1000 2.11 6.23 -6.83 -1000 26.24 1.51 373.341
car -1 -1 0.00 0.00 0.00 100.00 100.00 -1000 1.97 5.54 2.93 -1000 15.71 1.59 371.025
car -1 -1 0.00 0.00 0.00 100.00 100.00 -1000 3.63 13.37 4.56 -1000 9.75 2.16 369.010
car -1 -1 0.00 0.00 0.00 100.00 100.00 -1000 2.73 12.31 -0.25 -1000 41.36 1.49 361.072
car -1 -1 0.00 0.00 0.00 100.00 100.00 -1000 2.27 8.90 7.42 -1000 36.67 1.46 360.207
car -1 -1 0.00 0.00 0.00 100.00 100.00 -1000 1.92 5.30 -0.00 -1000 24.19 1.52 360.130
car -1 -1 0.00 0.00 0.00 100.00 100.00 -1000 1.91 5.15 0.31 -1000 23.26 1.57 359.731
car -1 -1 0.00 0.00 0.00 100.00 100.00 -1000 1.83 5.06 4.52 -1000 30.76 1.57 354.035
car -1 -1 0.00 0.00 0.00 100.00 100.00 -1000 1.99 5.38 -4.82 -1000 6.97 -0.02 346.766
car -1 -1 0.00 0.00 0.00 100.00 100.00 -1000 2.46 9.47 -8.90 -1000 28.88 1.56 346.523
car -1 -1 0.00 0.00 0.00 100.00 100.00 -1000 2.10 6.03 -0.82 -1000 20.63 1.53 345.338
car -1 -1 0.00 0.00 0.00 100.00 100.00 -1000 2.59 9.15 -0.45 -1000 28.34 1.45 343.057
car -1 -1 0.00 0.00 0.00 100.00 100.00 -1000 2.15 5.29 -5.48 -1000 32.32 1.44 341.683
car -1 -1 0.00 0.00 0.00 100.00 100.00 -1000 2.17 6.16 2.83 -1000 42.73 1.58 327.232
car -1 -1 0.00 0.00 0.00 100.00 100.00 -1000 2.13 5.99 -4.30 -1000 29.97 1.67 311.153
car -1 -1 0.00 0.00 0.00 100.00 100.00 -1000 2.34 10.25 6.83 -1000 45.56 1.45 310.322
car -1 -1 0.00 0.00 0.00 100.00 100.00 -1000 1.67 4.50 1.36 -1000 43.56 -0.14 303.870
car -1 -1 0.00 0.00 0.00 100.00 100.00 -1000 2.94 16.59 3.98 -1000 27.02 1.37 300.059
car -1 -1 0.00 0.00 0.00 100.00 100.00 -1000 2.21 9.05 7.48 -1000 26.17 1.49 293.559
car -1 -1 0.00 0.00 0.00 100.00 100.00 -1000 2.26 8.89 7.57 -1000 32.66 1.46 284.940
car -1 -1 0.00 0.00 0.00 100.00 100.00 -1000 1.96 5.21 -1.21 -1000 21.81 1.58 280.731
car -1 -1 0.00 0.00 0.00 100.00 100.00 -1000 2.59 11.71 4.38 -1000 40.72 1.37 277.258
car -1 -1 0.00 0.00 0.00 100.00 100.00 -1000 2.89 11.34 -4.89 -1000 37.36 1.48 268.154
car -1 -1 0.00 0.00 0.00 100.00 100.00 -1000 2.28 9.19 7.36 -1000 43.15 1.46 257.717
car -1 -1 0.00 0.00 0.00 100.00 100.00 -1000 2.27 9.51 7.84 -1000 39.92 1.50 247.660
car -1 -1 0.00 0.00 0.00 100.00 100.00 -1000 2.26 9.08 6.87 -1000 44.34 1.46 246.875
car -1 -1 0.00 0.00 0.00 100.00 100.00 -1000 2.50 8.99 -6.99 -1000 35.38 1.48 240.371
car -1 -1 0.00 0.00 0.00 100.00 100.00 -1000 2.13 7.55 5.58 -1000 31.38 1.51 239.910
car -1 -1 0.00 0.00 0.00 100.00 100.00 -1000 2.26 7.25 -3.60 -1000 23.29 1.63 237.568
car -1 -1 0.00 0.00 0.00 100.00 100.00 -1000 2.16 8.64 7.54 -1000 24.58 1.49 236.784
car -1 -1 0.00 0.00 0.00 100.00 100.00 -1000 2.71 10.74 -5.95 -1000 47.44 1.53 234.593
car -1 -1 0.00 0.00 0.00 100.00 100.00 -1000 2.21 9.20 7.45 -1000 19.74 1.49 233.822
car -1 -1 0.00 0.00 0.00 100.00 100.00 -1000 2.68 9.37 2.90 -1000 42.00 1.59 228.436
car -1 -1 0.00 0.00 0.00 100.00 100.00 -1000 2.31 10.11 5.43 -1000 25.48 1.38 226.489
car -1 -1 0.00 0.00 0.00 100.00 100.00 -1000 2.23 8.93 7.68 -1000 41.54 1.48 225.967
car -1 -1 0.00 0.00 0.00 100.00 100.00 -1000 2.24 7.65 -1.31 -1000 38.99 1.48 216.595
car -1 -1 0.00 0.00 0.00 100.00 100.00 -1000 2.23 9.43 7.29 -1000 18.13 1.48 215.075
car -1 -1 0.00 0.00 0.00 100.00 100.00 -1000 2.31 7.52 -5.27 -1000 9.39 1.47 214.203
car -1 -1 0.00 0.00 0.00 100.00 100.00 -1000 2.04 6.12 2.32 -1000 30.15 -0.17 211.027
car -1 -1 0.00 0.00 0.00 100.00 100.00 -1000 2.23 7.53 -6.38 -1000 33.03 1.48 210.974
car -1 -1 0.00 0.00 0.00 100.00 100.00 -1000 2.15 6.38 1.86 -1000 22.52 1.66 210.436
car -1 -1 0.00 0.00 0.00 100.00 100.00 -1000 2.15 5.87 -5.15 -1000 8.49 1.42 209.464
car -1 -1 0.00 0.00 0.00 100.00 100.00 -1000 1.71 4.56 2.26 -1000 34.72 -0.35 207.599
car -1 -1 0.00 0.00 0.00 100.00 100.00 -1000 2.18 6.80 3.49 -1000 3.94 1.34 207.176
car -1 -1 0.00 0.00 0.00 100.00 100.00 -1000 2.19 9.24 7.64 -1000 21.37 1.49 206.687
car -1 -1 0.00 0.00 0.00 100.00 100.00 -1000 1.77 4.49 -2.64 -1000 30.58 -0.13 205.699
car -1 -1 0.00 0.00 0.00 100.00 100.00 -1000 2.55 9.34 3.11 -1000 16.46 1.57 202.291
car -1 -1 0.00 0.00 0.00 100.00 100.00 -1000 2.98 10.71 1.83 -1000 29.01 1.56 199.560
car -1 -1 0.00 0.00 0.00 100.00 100.00 -1000 2.16 8.83 7.70 -1000 22.99 1.50 197.447
car -1 -1 0.00 0.00 0.00 100.00 100.00 -1000 2.36 10.15 -8.45 -1000 36.94 1.50 193.113
car -1 -1 0.00 0.00 0.00 100.00 100.00 -1000 2.48 7.47 -4.75 -1000 5.65 1.47 187.533
car -1 -1 0.00 0.00 0.00 100.00 100.00 -1000 2.70 15.08 3.82 -1000 47.70 1.36 180.664
car -1 -1 0.00 0.00 0.00 100.00 100.00 -1000 2.33 9.65 5.87 -1000 42.40 1.38 175.216
car -1 -1 0.00 0.00 0.00 100.00 100.00 -1000 2.19 6.68 -2.60 -1000 20.02 1.57 169.810
car -1 -1 0.00 0.00 0.00 100.00 100.00 -1000 2.60 9.68 3.57 -1000 43.34 1.69 169.448
car -1 -1 0.00 0.00 0.00 100.00 100.00 -1000 2.28 7.16 -1.81 -1000 29.91 1.54 168.012
car -1 -1 0.00 0.00 0.00 100.00 100.00 -1000 2.19 6.77 -4.70 -1000 44.11 1.64 167.747
car -1 -1 0.00 0.00 0.00 100.00 100.00 -1000 1.78 4.74 -5.67 -1000 45.19 0.02 164.462
car -1 -1 0.00 0.00 0.00 100.00 100.00 -1000 2.18 4.83 3.41 -1000 5.01 1.58 163.314
car -1 -1 0.00 0.00 0.00 100.00 100.00 -1000 2.15 7.50 -8.26 -1000 36.18 1.52 159.376
car -1 -1 0.00 0.00 0.00 100.00 100.00 -1000 2.78 9.41 -4.28 -1000 28.97 1.64 157.251
car -1 -1 0.00 0.00 0.00 100.00 100.00 -1000 2.24 7.73 -7.59 -1000 34.36 1.50 155.871
car -1 -1 0.00 0.00 0.00 100.00 100.00 -1000 2.36 7.79 -4.46 -1000 24.14 1.57 151.898
car -1 -1 0.00 0.00 0.00 100.00 100.00 -1000 3.07 10.14 -3.93 -1000 8.58 1.57 148.151
car -1 -1 0.00 0.00 0.00 100.00 100.00 -1000 2.16 7.90 -10.06 -1000 27.35 1.52 148.126
car -1 -1 0.00 0.00 0.00 100.00 100.00 -1000 2.30 9.67 7.01 -1000 16.87 1.50 147.786
car -1 -1 0.00 0.00 0.00 100.00 100.00 -1000 2.05 6.42 5.04 -1000 29.94 1.53 147.774
car -1 -1 0.00 0.00 0.00 100.00 100.00 -1000 2.33 11.69 7.36 -1000 47.22 1.49 147.522
car -1 -1 0.00 0.00 0.00 100.00 100.00 -1000 2.84 11.61 2.95 -1000 18.21 1.58 143.433
car -1 -1 0.00 0.00 0.00 100.00 100.00 -1000 2.24 9.19 6.06 -1000 23.86 1.39 142.788
car -1 -1 0.00 0.00 0.00 100.00 100.00 -1000 2.14 8.92 7.47 -1000 30.67 1.44 142.242
car -1 -1 0.00 0.00 0.00 100.00 100.00 -1000 2.52 8.27 -1.88 -1000 43.20 1.43 141.884
car -1 -1 0.00 0.00 0.00 100.00 100.00 -1000 2.72 10.88 3.26 -1000 23.15 1.63 140.872
car -1 -1 0.00 0.00 0.00 100.00 100.00 -1000 2.50 9.61 3.61 -1000 24.71 1.60 137.227
car -1 -1 0.00 0.00 0.00 100.00 100.00 -1000 2.62 7.70 -5.36 -1000 31.44 1.50 135.734
car -1 -1 0.00 0.00 0.00 100.00 100.00 -1000 1.78 4.78 -0.12 -1000 42.96 -0.20 133.224
car -1 -1 0.00 0.00 0.00 100.00 100.00 -1000 2.17 10.23 6.45 -1000 29.04 1.41 129.116
car -1 -1 0.00 0.00 0.00 100.00 100.00 -1000 2.29 7.83 -6.34 -1000 45.95 1.49 129.016
car -1 -1 0.00 0.00 0.00 100.00 100.00 -1000 2.38 10.60 5.61 -1000 18.99 1.37 128.722
car -1 -1 0.00 0.00 0.00 100.00 100.00 -1000 2.30 9.86 5.89 -1000 20.60 1.36 122.496
car -1 -1 0.00 0.00 0.00 100.00 100.00 -1000 2.17 10.39 8.10 -1000 14.56 1.47 121.135
car -1 -1 0.00 0.00 0.00 100.00 100.00 -1000 2.90 13.47 2.29 -1000 19.92 1.62 119.937
car -1 -1 0.00 0.00 0.00 100.00 100.00 -1000 2.72 10.66 -3.97 -1000 25.64 1.65 119.666
car -1 -1 0.00 0.00 0.00 100.00 100.00 -1000 3.50 13.06 4.91 -1000 7.23 1.86 119.191
car -1 -1 0.00 0.00 0.00 100.00 100.00 -1000 2.26 6.97 -1.88 -1000 2.54 1.53 116.483
car -1 -1 0.00 0.00 0.00 100.00 100.00 -1000 2.16 10.34 8.09 -1000 12.94 1.47 116.072
car -1 -1 0.00 0.00 0.00 100.00 100.00 -1000 2.18 9.81 8.21 -1000 15.67 1.47 113.744
car -1 -1 0.00 0.00 0.00 100.00 100.00 -1000 2.29 7.01 1.32 -1000 20.18 1.55 113.549
car -1 -1 0.00 0.00 0.00 100.00 100.00 -1000 4.31 16.42 1.83 -1000 16.61 2.27 110.739
car -1 -1 0.00 0.00 0.00 100.00 100.00 -1000 2.00 7.72 -9.43 -1000 35.07 1.47 110.604
car -1 -1 0.00 0.00 0.00 100.00 100.00 -1000 1.66 4.94 3.15 -1000 36.22 -0.67 107.369
car -1 -1 0.00 0.00 0.00 100.00 100.00 -1000 2.25 9.25 6.24 -1000 22.23 1.38 106.264
car -1 -1 0.00 0.00 0.00 100.00 100.00 -1000 2.54 8.71 -4.25 -1000 4.07 1.51 104.907
car -1 -1 0.00 0.00 0.00 100.00 100.00 -1000 2.27 7.17 -2.97 -1000 18.58 1.62 103.505
car -1 -1 0.00 0.00 0.00 100.00 100.00 -1000 1.73 4.64 4.26 -1000 44.29 -0.36 101.918
car -1 -1 0.00 0.00 0.00 100.00 100.00 -1000 2.56 9.70 -4.22 -1000 42.36 1.53 101.148
car -1 -1 0.00 0.00 0.00 100.00 100.00 -1000 2.81 8.18 -1.13 -1000 17.84 1.83 97.915
car -1 -1 0.00 0.00 0.00 100.00 100.00 -1000 2.15 10.58 8.06 -1000 11.34 1.47 97.890
car -1 -1 0.00 0.00 0.00 100.00 100.00 -1000 2.51 9.31 3.88 -1000 12.93 1.59 97.056
car -1 -1 0.00 0.00 0.00 100.00 100.00 -1000 2.18 8.68 -9.60 -1000 33.81 1.48 95.987
car -1 -1 0.00 0.00 0.00 100.00 100.00 -1000 2.21 8.03 -0.91 -1000 1.64 1.61 95.546
car -1 -1 0.00 0.00 0.00 100.00 100.00 -1000 3.36 15.08 -1.38 -1000 5.21 2.01 95.216
car -1 -1 0.00 0.00 0.00 100.00 100.00 -1000 2.18 12.47 -10.22 -1000 29.81 1.45 94.114
car -1 -1 0.00 0.00 0.00 100.00 100.00 -1000 2.07 5.86 -4.39 -1000 37.19 -0.37 93.422
car -1 -1 0.00 0.00 0.00 100.00 100.00 -1000 2.84 10.65 -3.50 -1000 20.90 1.59 92.144
car -1 -1 0.00 0.00 0.00 100.00 100.00 -1000 2.33 10.50 8.37 -1000 35.37 1.60 91.706
car -1 -1 0.00 0.00 0.00 100.00 100.00 -1000 4.26 16.44 4.52 -1000 11.56 2.25 89.291
car -1 -1 0.00 0.00 0.00 100.00 100.00 -1000 1.98 9.04 8.43 -1000 46.41 1.42 88.264
car -1 -1 0.00 0.00 0.00 100.00 100.00 -1000 2.04 7.50 0.20 -1000 3.33 1.59 86.605
car -1 -1 0.00 0.00 0.00 100.00 100.00 -1000 2.06 7.16 -8.12 -1000 32.34 1.51 84.868
car -1 -1 0.00 0.00 0.00 100.00 100.00 -1000 2.50 9.89 -1.02 -1000 4.26 1.62 82.486
car -1 -1 0.00 0.00 0.00 100.00 100.00 -1000 2.24 10.92 -11.78 -1000 28.10 1.66 78.584
car -1 -1 0.00 0.00 0.00 100.00 100.00 -1000 2.34 12.37 8.76 -1000 31.94 1.61 77.988
car -1 -1 0.00 0.00 0.00 100.00 100.00 -1000 2.77 10.22 -8.11 -1000 13.78 1.62 77.677
car -1 -1 0.00 0.00 0.00 100.00 100.00 -1000 5.24 23.22 4.61 -1000 10.17 2.47 77.497
car -1 -1 0.00 0.00 0.00 100.00 100.00 -1000 2.13 11.37 -9.40 -1000 37.87 1.38 75.748
car -1 -1 0.00 0.00 0.00 100.00 100.00 -1000 2.63 13.57 -4.51 -1000 10.16 1.69 75.270
car -1 -1 0.00 0.00 0.00 100.00 100.00 -1000 2.66 8.46 4.21 -1000 8.07 1.57 72.980
