car -1 -1 0.00 0.00 0.00 100.00 100.00 -1000 1.95 3.93 3.61 -1000 9.88 -0.49 999.060
car -1 -1 0.00 0.00 0.00 100.00 100.00 -1000 1.54 3.64 -4.86 -1000 12.11 1.74 998.949
car -1 -1 0.00 0.00 0.00 100.00 100.00 -1000 1.64 3.68 2.27 -1000 15.01 1.67 998.847
car -1 -1 0.00 0.00 0.00 100.00 100.00 -1000 2.13 3.91 -4.61 -1000 7.03 1.39 996.742
car -1 -1 0.00 0.00 0.00 100.00 100.00 -1000 2.18 6.34 4.39 -1000 10.59 1.55 993.705
car -1 -1 0.00 0.00 0.00 100.00 100.00 -1000 1.85 4.91 -4.93 -1000 13.27 1.62 987.575
car -1 -1 0.00 0.00 0.00 100.00 100.00 -1000 1.81 4.80 2.55 -1000 14.26 -0.04 977.909
car -1 -1 0.00 0.00 0.00 100.00 100.00 -1000 1.52 3.41 -5.23 -1000 29.74 1.64 975.134
car -1 -1 0.00 0.00 0.00 100.00 100.00 -1000 1.57 3.45 -4.76 -1000 42.47 1.60 971.884
car -1 -1 0.00 0.00 0.00 100.00 100.00 -1000 1.56 3.38 1.46 -1000 43.16 1.58 971.668
car -1 -1 0.00 0.00 0.00 100.00 100.00 -1000 1.57 4.03 2.01 -1000 19.70 -0.10 966.951
car -1 -1 0.00 0.00 0.00 100.00 100.00 -1000 1.95 5.26 3.01 -1000 9.12 1.56 966.922
car -1 -1 0.00 0.00 0.00 100.00 100.00 -1000 1.87 4.84 2.33 -1000 15.83 1.61 965.798
car -1 -1 0.00 0.00 0.00 100.00 100.00 -1000 1.56 3.75 -5.47 -1000 11.15 -0.00 954.905
car -1 -1 0.00 0.00 0.00 100.00 100.00 -1000 2.88 8.79 3.41 -1000 8.81 1.62 952.072
car -1 -1 0.00 0.00 0.00 100.00 100.00 -1000 1.56 3.59 -5.09 -1000 22.56 1.65 945.938
car -1 -1 0.00 0.00 0.00 100.00 100.00 -1000 1.67 3.96 -5.28 -1000 16.79 1.60 942.078
car -1 -1 0.00 0.00 0.00 100.00 100.00 -1000 2.56 7.79 2.89 -1000 15.34 1.85 937.731
car -1 -1 0.00 0.00 0.00 100.00 100.00 -1000 2.87 8.09 2.76 -1000 13.43 1.60 937.344
car -1 -1 0.00 0.00 0.00 100.00 100.00 -1000 1.75 4.55 -5.39 -1000 30.93 1.55 932.798
car -1 -1 0.00 0.00 0.00 100.00 100.00 -1000 1.66 3.86 1.87 -1000 20.54 1.55 920.561
car -1 -1 0.00 0.00 0.00 100.00 100.00 -1000 2.05 5.43 -0.30 -1000 44.21 1.49 914.773
car -1 -1 0.00 0.00 0.00 100.00 100.00 -1000 2.99 11.00 3.82 -1000 10.66 2.01 913.047
car -1 -1 0.00 0.00 0.00 100.00 100.00 -1000 1.77 4.43 5.13 -1000 9.01 1.68 912.416
car -1 -1 0.00 0.00 0.00 100.00 100.00 -1000 1.57 3.61 -4.69 -1000 29.11 1.63 893.098
car -1 -1 0.00 0.00 0.00 100.00 100.00 -1000 1.66 4.18 -5.23 -1000 41.71 0.03 876.711
car -1 -1 0.00 0.00 0.00 100.00 100.00 -1000 1.93 5.49 1.67 -1000 43.61 1.60 871.461
car -1 -1 0.00 0.00 0.00 100.00 100.00 -1000 1.64 3.99 4.11 -1000 15.00 1.68 847.323
car -1 -1 0.00 0.00 0.00 100.00 100.00 -1000 1.57 3.53 -3.65 -1000 42.03 1.61 827.351
car -1 -1 0.00 0.00 0.00 100.00 100.00 -1000 2.45 7.73 -0.64 -1000 44.90 1.44 824.755
car -1 -1 0.00 0.00 0.00 100.00 100.00 -1000 3.32 14.62 2.69 -1000 12.06 1.37 818.631
car -1 -1 0.00 0.00 0.00 100.00 100.00 -1000 1.55 3.69 1.84 -1000 42.39 -0.05 800.102
car -1 -1 0.00 0.00 0.00 100.00 100.00 -1000 2.00 6.26 -5.31 -1000 31.66 1.62 793.299
car -1 -1 0.00 0.00 0.00 100.00 100.00 -1000 1.69 3.96 -3.78 -1000 12.79 1.71 786.651
car -1 -1 0.00 0.00 0.00 100.00 100.00 -1000 2.43 9.02 2.50 -1000 17.50 1.29 783.461
car -1 -1 0.00 0.00 0.00 100.00 100.00 -1000 2.19 7.17 -3.76 -1000 33.72 1.48 773.436
car -1 -1 0.00 0.00 0.00 100.00 100.00 -1000 1.87 4.42 -5.11 -1000 7.93 1.59 770.823
car -1 -1 0.00 0.00 0.00 100.00 100.00 -1000 1.73 4.26 -5.39 -1000 47.59 -0.06 746.792
car -1 -1 0.00 0.00 0.00 100.00 100.00 -1000 1.89 5.34 -5.35 -1000 23.72 1.62 724.898
car -1 -1 0.00 0.00 0.00 100.00 100.00 -1000 2.03 6.17 -2.96 -1000 32.83 1.41 707.237
car -1 -1 0.00 0.00 0.00 100.00 100.00 -1000 1.67 4.13 2.80 -1000 42.87 1.72 706.447
car -1 -1 0.00 0.00 0.00 100.00 100.00 -1000 1.76 4.96 1.74 -1000 21.26 1.70 697.595
car -1 -1 0.00 0.00 0.00 100.00 100.00 -1000 1.66 4.05 -4.43 -1000 37.73 1.56 697.007
car -1 -1 0.00 0.00 0.00 100.00 100.00 -1000 2.60 9.21 -3.51 -1000 6.73 1.53 679.888
car -1 -1 0.00 0.00 0.00 100.00 100.00 -1000 1.72 4.20 -4.18 -1000 6.22 0.13 677.271
car -1 -1 0.00 0.00 0.00 100.00 100.00 -1000 2.27 7.66 1.78 -1000 16.40 1.56 671.822
car -1 -1 0.00 0.00 0.00 100.00 100.00 -1000 1.54 3.92 3.84 -1000 13.85 -0.16 669.803
car -1 -1 0.00 0.00 0.00 100.00 100.00 -1000 1.72 4.12 0.35 -1000 42.79 1.48 665.086
car -1 -1 0.00 0.00 0.00 100.00 100.00 -1000 4.94 13.35 5.48 -1000 5.19 1.62 660.204
car -1 -1 0.00 0.00 0.00 100.00 100.00 -1000 3.80 15.79 -5.04 -1000 14.12 2.04 657.059
car -1 -1 0.00 0.00 0.00 100.00 100.00 -1000 1.76 4.43 5.39 -1000 14.52 1.57 653.901
car -1 -1 0.00 0.00 0.00 100.00 100.00 -1000 1.84 5.17 -3.04 -1000 30.58 1.51 643.869
car -1 -1 0.00 0.00 0.00 100.00 100.00 -1000 1.69 4.46 0.51 -1000 38.80 -0.15 632.651
car -1 -1 0.00 0.00 0.00 100.00 100.00 -1000 1.54 3.70 -3.81 -1000 41.22 0.10 622.696
car -1 -1 0.00 0.00 0.00 100.00 100.00 -1000 2.73 14.82 1.70 -1000 46.46 1.28 619.174
car -1 -1 0.00 0.00 0.00 100.00 100.00 -1000 2.28 6.53 2.11 -1000 18.49 1.59 615.030
car -1 -1 0.00 0.00 0.00 100.00 100.00 -1000 2.01 5.74 1.85 -1000 41.74 1.71 613.129
car -1 -1 0.00 0.00 0.00 100.00 100.00 -1000 4.47 19.68 4.44 -1000 10.29 2.33 599.553
car -1 -1 0.00 0.00 0.00 100.00 100.00 -1000 2.48 8.93 2.10 -1000 11.44 1.44 593.436
car -1 -1 0.00 0.00 0.00 100.00 100.00 -1000 2.29 7.59 -5.16 -1000 13.91 1.48 587.793
car -1 -1 0.00 0.00 0.00 100.00 100.00 -1000 2.02 4.97 4.09 -1000 8.25 1.59 574.072
car -1 -1 0.00 0.00 0.00 100.00 100.00 -1000 1.91 5.40 -5.44 -1000 17.55 1.63 547.431
car -1 -1 0.00 0.00 0.00 100.00 100.00 -1000 1.80 4.75 -5.90 -1000 12.54 1.48 545.455
car -1 -1 0.00 0.00 0.00 100.00 100.00 -1000 2.22 6.86 8.17 -1000 11.70 1.59 540.495
car -1 -1 0.00 0.00 0.00 100.00 100.00 -1000 1.67 4.38 -0.13 -1000 39.79 1.59 538.577
car -1 -1 0.00 0.00 0.00 100.00 100.00 -1000 1.99 6.07 -3.42 -1000 42.96 1.58 531.911
car -1 -1 0.00 0.00 0.00 100.00 100.00 -1000 2.05 6.10 -0.87 -1000 33.60 1.49 523.521
car -1 -1 0.00 0.00 0.00 100.00 100.00 -1000 1.79 4.60 1.43 -1000 39.42 1.56 521.132
car -1 -1 0.00 0.00 0.00 100.00 100.00 -1000 2.52 9.25 -2.73 -1000 24.05 1.45 509.764
car -1 -1 0.00 0.00 0.00 100.00 100.00 -1000 2.91 16.19 2.81 -1000 44.82 1.33 507.910
car -1 -1 0.00 0.00 0.00 100.00 100.00 -1000 7.17 30.02 5.38 -1000 5.90 1.70 505.964
car -1 -1 0.00 0.00 0.00 100.00 100.00 -1000 2.08 6.84 -4.95 -1000 24.48 1.59 502.588
car -1 -1 0.00 0.00 0.00 100.00 100.00 -1000 2.08 5.99 2.29 -1000 31.88 1.61 498.314
car -1 -1 0.00 0.00 0.00 100.00 100.00 -1000 2.42 7.19 -2.66 -1000 46.28 1.47 493.151
car -1 -1 0.00 0.00 0.00 100.00 100.00 -1000 2.01 5.80 -1.46 -1000 43.57 1.41 480.802
car -1 -1 0.00 0.00 0.00 100.00 100.00 -1000 3.89 14.52 2.77 -1000 16.09 2.18 479.426
car -1 -1 0.00 0.00 0.00 100.00 100.00 -1000 2.33 8.12 4.86 -1000 11.67 1.41 476.558
car -1 -1 0.00 0.00 0.00 100.00 100.00 -1000 1.89 5.00 -2.12 -1000 41.06 1.60 456.224
car -1 -1 0.00 0.00 0.00 100.00 100.00 -1000 1.98 5.91 -7.70 -1000 14.47 1.54 452.920
car -1 -1 0.00 0.00 0.00 100.00 100.00 -1000 1.68 4.34 5.44 -1000 9.88 -0.30 448.146
car -1 -1 0.00 0.00 0.00 100.00 100.00 -1000 2.05 6.08 -5.05 -1000 15.77 1.46 434.171
car -1 -1 0.00 0.00 0.00 100.00 100.00 -1000 2.19 7.02 -0.82 -1000 23.17 1.53 432.670
car -1 -1 0.00 0.00 0.00 100.00 100.00 -1000 1.98 6.09 -7.75 -1000 15.71 1.53 422.784
car -1 -1 0.00 0.00 0.00 100.00 100.00 -1000 1.71 4.55 -7.56 -1000 12.16 1.53 418.239
car -1 -1 0.00 0.00 0.00 100.00 100.00 -1000 2.42 9.04 -2.45 -1000 31.88 1.45 415.940
car -1 -1 0.00 0.00 0.00 100.00 100.00 -1000 1.80 4.63 -5.14 -1000 28.42 1.63 412.442
car -1 -1 0.00 0.00 0.00 100.00 100.00 -1000 2.32 6.51 -4.75 -1000 10.25 1.72 410.566
car -1 -1 0.00 0.00 0.00 100.00 100.00 -1000 1.89 5.43 -0.61 -1000 30.49 1.54 393.058
car -1 -1 0.00 0.00 0.00 100.00 100.00 -1000 2.08 6.58 4.22 -1000 21.67 1.41 390.632
car -1 -1 0.00 0.00 0.00 100.00 100.00 -1000 2.08 6.69 1.67 -1000 22.11 1.63 388.817
car -1 -1 0.00 0.00 0.00 100.00 100.00 -1000 2.73 7.45 -2.69 -1000 5.07 1.53 388.809
car -1 -1 0.00 0.00 0.00 100.00 100.00 -1000 2.37 7.88 -5.03 -1000 32.49 1.52 380.225
car -1 -1 0.00 0.00 0.00 100.00 100.00 -1000 1.84 4.79 -1.52 -1000 40.30 1.52 370.112
car -1 -1 0.00 0.00 0.00 100.00 100.00 -1000 1.80 4.36 -4.81 -1000 21.81 1.70 366.440
car -1 -1 0.00 0.00 0.00 100.00 100.00 -1000 1.91 5.49 -2.54 -1000 36.95 1.62 365.559
car -1 -1 0.00 0.00 0.00 100.00 100.00 -1000 1.93 5.36 3.73 -1000 20.58 1.55 363.542
car -1 -1 0.00 0.00 0.00 100.00 100.00 -1000 2.43 10.80 3.88 -1000 43.97 1.43 361.544
car -1 -1 0.00 0.00 0.00 100.00 100.00 -1000 2.37 7.70 7.13 -1000 10.53 1.67 360.722
car -1 -1 0.00 0.00 0.00 100.00 100.00 -1000 1.76 5.06 -7.50 -1000 13.30 1.53 360.199
car -1 -1 0.00 0.00 0.00 100.00 100.00 -1000 3.54 12.51 0.38 -1000 18.83 2.03 358.121
car -1 -1 0.00 0.00 0.00 100.00 100.00 -1000 5.55 26.01 -3.09 -1000 14.33 2.57 357.767
car -1 -1 0.00 0.00 0.00 100.00 100.00 -1000 1.60 4.02 -3.60 -1000 29.87 -0.21 357.642
car -1 -1 0.00 0.00 0.00 100.00 100.00 -1000 2.11 6.15 -7.98 -1000 45.44 1.62 355.263
car -1 -1 0.00 0.00 0.00 100.00 100.00 -1000 2.44 8.92 3.74 -1000 22.51 1.35 347.303
car -1 -1 0.00 0.00 0.00 100.00 100.00 -1000 2.02 5.64 2.40 -1000 38.81 1.67 340.530
car -1 -1 0.00 0.00 0.00 100.00 100.00 -1000 1.90 5.24 2.12 -1000 30.67 1.68 340.002
car -1 -1 0.00 0.00 0.00 100.00 100.00 -1000 2.45 9.21 -3.01 -1000 25.88 1.40 334.912
car -1 -1 0.00 0.00 0.00 100.00 100.00 -1000 2.22 6.99 -1.63 -1000 35.14 1.41 330.031
car -1 -1 0.00 0.00 0.00 100.00 100.00 -1000 2.08 5.91 -8.64 -1000 16.54 1.52 327.299
car -1 -1 0.00 0.00 0.00 100.00 100.00 -1000 1.96 5.96 -7.98 -1000 32.21 1.57 326.420
car -1 -1 0.00 0.00 0.00 100.00 100.00 -1000 1.83 5.11 -5.53 -1000 38.25 1.53 324.485
car -1 -1 0.00 0.00 0.00 100.00 100.00 -1000 1.90 5.04 3.47 -1000 19.40 1.65 323.719
car -1 -1 0.00 0.00 0.00 100.00 100.00 -1000 2.29 10.14 5.31 -1000 35.86 1.44 321.734
car -1 -1 0.00 0.00 0.00 100.00 100.00 -1000 2.16 6.06 0.48 -1000 20.03 1.71 319.002
car -1 -1 0.00 0.00 0.00 100.00 100.00 -1000 1.99 5.22 -8.85 -1000 13.74 1.60 315.218
car -1 -1 0.00 0.00 0.00 100.00 100.00 -1000 2.06 8.33 6.36 -1000 43.19 1.46 313.769
car -1 -1 0.00 0.00 0.00 100.00 100.00 -1000 2.31 6.33 5.55 -1000 7.03 1.71 310.970
car -1 -1 0.00 0.00 0.00 100.00 100.00 -1000 2.36 10.98 5.03 -1000 34.25 1.42 307.589
car -1 -1 0.00 0.00 0.00 100.00 100.00 -1000 2.18 6.33 -4.67 -1000 21.03 1.67 303.030
car -1 -1 0.00 0.00 0.00 100.00 100.00 -1000 2.01 5.77 -3.17 -1000 28.70 1.60 300.921
car -1 -1 0.00 0.00 0.00 100.00 100.00 -1000 2.05 8.30 6.56 -1000 41.53 1.46 297.227
car -1 -1 0.00 0.00 0.00 100.00 100.00 -1000 1.76 5.08 -1.48 -1000 32.32 -0.22 296.696
car -1 -1 0.00 0.00 0.00 100.00 100.00 -1000 2.09 6.47 -8.04 -1000 33.89 1.60 293.653
car -1 -1 0.00 0.00 0.00 100.00 100.00 -1000 2.15 6.60 -1.51 -1000 42.63 1.51 291.805
car -1 -1 0.00 0.00 0.00 100.00 100.00 -1000 2.13 6.93 2.01 -1000 32.91 1.63 288.907
car -1 -1 0.00 0.00 0.00 100.00 100.00 -1000 2.11 6.17 -5.54 -1000 8.82 1.48 287.650
car -1 -1 0.00 0.00 0.00 100.00 100.00 -1000 1.99 6.18 -0.36 -1000 36.11 1.56 287.452
car -1 -1 0.00 0.00 0.00 100.00 100.00 -1000 1.86 4.78 -9.19 -1000 12.58 1.58 286.706
car -1 -1 0.00 0.00 0.00 100.00 100.00 -1000 4.03 15.66 3.30 -1000 14.42 2.17 284.395
car -1 -1 0.00 0.00 0.00 100.00 100.00 -1000 2.11 7.01 1.86 -1000 23.29 1.58 283.605
car -1 -1 0.00 0.00 0.00 100.00 100.00 -1000 2.56 8.81 4.00 -1000 19.00 1.35 276.930
car -1 -1 0.00 0.00 0.00 100.00 100.00 -1000 1.79 4.56 -4.79 -1000 36.96 0.04 273.596
car -1 -1 0.00 0.00 0.00 100.00 100.00 -1000 2.45 9.00 -3.26 -1000 45.33 1.55 272.699
car -1 -1 0.00 0.00 0.00 100.00 100.00 -1000 1.75 4.75 -7.74 -1000 30.73 1.60 270.318
car -1 -1 0.00 0.00 0.00 100.00 100.00 -1000 2.11 9.29 6.42 -1000 35.03 1.47 265.304
car -1 -1 0.00 0.00 0.00 100.00 100.00 -1000 2.44 8.70 -5.48 -1000 18.85 1.51 264.065
car -1 -1 0.00 0.00 0.00 100.00 100.00 -1000 2.18 9.15 5.69 -1000 37.48 1.46 262.203
car -1 -1 0.00 0.00 0.00 100.00 100.00 -1000 1.87 5.13 -3.86 -1000 47.35 1.64 259.173
car -1 -1 0.00 0.00 0.00 100.00 100.00 -1000 1.73 4.58 -6.18 -1000 42.74 1.51 256.396
car -1 -1 0.00 0.00 0.00 100.00 100.00 -1000 2.49 9.30 3.55 -1000 24.68 1.41 255.083
car -1 -1 0.00 0.00 0.00 100.00 100.00 -1000 2.12 8.75 6.68 -1000 40.34 1.48 251.931
car -1 -1 0.00 0.00 0.00 100.00 100.00 -1000 2.16 7.66 -5.82 -1000 14.84 1.49 248.684
car -1 -1 0.00 0.00 0.00 100.00 100.00 -1000 2.43 8.22 -3.99 -1000 34.85 1.48 248.314
car -1 -1 0.00 0.00 0.00 100.00 100.00 -1000 2.18 8.63 5.32 -1000 42.38 1.45 244.453
car -1 -1 0.00 0.00 0.00 100.00 100.00 -1000 2.19 9.90 6.23 -1000 33.38 1.44 244.413
car -1 -1 0.00 0.00 0.00 100.00 100.00 -1000 2.41 8.67 5.75 -1000 12.90 1.47 242.350
car -1 -1 0.00 0.00 0.00 100.00 100.00 -1000 1.94 5.93 -7.58 -1000 17.31 1.50 242.213
car -1 -1 0.00 0.00 0.00 100.00 100.00 -1000 2.00 5.98 -3.53 -1000 23.24 1.56 239.501
car -1 -1 0.00 0.00 0.00 100.00 100.00 -1000 2.23 7.69 5.52 -1000 15.24 1.56 235.088
car -1 -1 0.00 0.00 0.00 100.00 100.00 -1000 2.06 6.46 -1.75 -1000 28.08 1.57 233.502
car -1 -1 0.00 0.00 0.00 100.00 100.00 -1000 2.15 7.19 1.96 -1000 34.54 1.62 233.300
car -1 -1 0.00 0.00 0.00 100.00 100.00 -1000 2.22 6.30 -5.97 -1000 45.92 1.68 232.748
car -1 -1 0.00 0.00 0.00 100.00 100.00 -1000 1.81 5.33 -7.34 -1000 11.36 1.51 232.213
car -1 -1 0.00 0.00 0.00 100.00 100.00 -1000 1.60 3.77 -6.06 -1000 7.23 0.06 230.779
car -1 -1 0.00 0.00 0.00 100.00 100.00 -1000 2.17 6.06 5.74 -1000 13.73 1.59 225.927
car -1 -1 0.00 0.00 0.00 100.00 100.00 -1000 5.18 22.56 1.54 -1000 17.33 2.34 225.268
car -1 -1 0.00 0.00 0.00 100.00 100.00 -1000 2.19 6.44 2.04 -1000 29.85 1.67 224.476
car -1 -1 0.00 0.00 0.00 100.00 100.00 -1000 2.27 6.67 -0.28 -1000 21.58 1.61 223.368
car -1 -1 0.00 0.00 0.00 100.00 100.00 -1000 2.34 8.54 -1.23 -1000 46.98 1.46 222.026
car -1 -1 0.00 0.00 0.00 100.00 100.00 -1000 1.89 5.09 -7.38 -1000 46.40 1.56 217.139
car -1 -1 0.00 0.00 0.00 100.00 100.00 -1000 2.64 11.04 -5.26 -1000 25.15 1.48 217.027
car -1 -1 0.00 0.00 0.00 100.00 100.00 -1000 2.48 7.49 -3.77 -1000 19.66 1.72 215.567
car -1 -1 0.00 0.00 0.00 100.00 100.00 -1000 3.86 13.24 2.09 -1000 40.72 1.55 212.482
car -1 -1 0.00 0.00 0.00 100.00 100.00 -1000 1.90 5.62 -8.09 -1000 43.22 1.56 206.717
car -1 -1 0.00 0.00 0.00 100.00 100.00 -1000 2.20 9.15 5.74 -1000 39.12 1.46 206.598
car -1 -1 0.00 0.00 0.00 100.00 100.00 -1000 2.36 11.43 5.01 -1000 47.21 1.46 203.965
car -1 -1 0.00 0.00 0.00 100.00 100.00 -1000 1.91 5.75 -8.01 -1000 24.25 1.64 201.762
car -1 -1 0.00 0.00 0.00 100.00 100.00 -1000 1.98 6.04 -5.83 -1000 6.52 1.52 200.420
car -1 -1 0.00 0.00 0.00 100.00 100.00 -1000 4.16 14.23 -2.28 -1000 12.72 2.30 200.033
car -1 -1 0.00 0.00 0.00 100.00 100.00 -1000 2.33 7.94 8.86 -1000 12.60 1.68 196.977
car -1 -1 0.00 0.00 0.00 100.00 100.00 -1000 2.00 6.05 5.20 -1000 31.49 1.55 192.993
car -1 -1 0.00 0.00 0.00 100.00 100.00 -1000 2.32 8.52 2.45 -1000 39.73 1.54 190.356
car -1 -1 0.00 0.00 0.00 100.00 100.00 -1000 2.38 8.61 5.04 -1000 18.04 1.40 190.037
car -1 -1 0.00 0.00 0.00 100.00 100.00 -1000 2.13 6.44 -8.69 -1000 25.88 1.64 189.180
car -1 -1 0.00 0.00 0.00 100.00 100.00 -1000 2.06 7.04 10.20 -1000 17.70 1.66 185.763
car -1 -1 0.00 0.00 0.00 100.00 100.00 -1000 2.39 7.00 -3.80 -1000 40.35 1.51 184.795
car -1 -1 0.00 0.00 0.00 100.00 100.00 -1000 2.26 7.27 -3.17 -1000 38.21 1.56 182.223
car -1 -1 0.00 0.00 0.00 100.00 100.00 -1000 2.14 9.43 6.28 -1000 32.19 1.44 177.326
car -1 -1 0.00 0.00 0.00 100.00 100.00 -1000 2.79 7.05 -3.24 -1000 11.45 2.14 176.967
car -1 -1 0.00 0.00 0.00 100.00 100.00 -1000 3.30 10.76 -2.81 -1000 17.72 2.07 175.958
car -1 -1 0.00 0.00 0.00 100.00 100.00 -1000 2.72 7.85 -4.21 -1000 16.70 1.98 171.762
car -1 -1 0.00 0.00 0.00 100.00 100.00 -1000 2.31 10.28 3.99 -1000 36.73 1.37 171.585
car -1 -1 0.00 0.00 0.00 100.00 100.00 -1000 2.24 7.85 -7.67 -1000 34.97 1.49 170.741
car -1 -1 0.00 0.00 0.00 100.00 100.00 -1000 2.31 7.39 -8.12 -1000 44.29 1.61 170.576
car -1 -1 0.00 0.00 0.00 100.00 100.00 -1000 6.57 35.66 5.01 -1000 11.28 2.45 169.222
car -1 -1 0.00 0.00 0.00 100.00 100.00 -1000 1.84 5.23 -6.41 -1000 29.12 1.51 168.482
car -1 -1 0.00 0.00 0.00 100.00 100.00 -1000 2.21 8.07 -5.73 -1000 43.45 1.51 165.107
car -1 -1 0.00 0.00 0.00 100.00 100.00 -1000 1.84 5.28 -6.90 -1000 22.65 1.55 157.072
car -1 -1 0.00 0.00 0.00 100.00 100.00 -1000 2.29 7.23 -0.38 -1000 41.50 1.50 156.054
car -1 -1 0.00 0.00 0.00 100.00 100.00 -1000 1.74 4.61 -2.05 -1000 29.65 0.05 155.760
car -1 -1 0.00 0.00 0.00 100.00 100.00 -1000 2.24 7.71 1.62 -1000 35.56 1.57 152.861
car -1 -1 0.00 0.00 0.00 100.00 100.00 -1000 1.88 5.40 -6.66 -1000 24.95 1.53 152.389
car -1 -1 0.00 0.00 0.00 100.00 100.00 -1000 1.86 5.62 -8.30 -1000 23.09 1.61 152.179
car -1 -1 0.00 0.00 0.00 100.00 100.00 -1000 2.81 10.47 9.98 -1000 14.43 1.59 152.052
car -1 -1 0.00 0.00 0.00 100.00 100.00 -1000 1.89 5.47 -7.93 -1000 42.07 1.59 151.568
car -1 -1 0.00 0.00 0.00 100.00 100.00 -1000 2.36 8.01 10.36 -1000 16.10 1.66 149.687
car -1 -1 0.00 0.00 0.00 100.00 100.00 -1000 1.82 5.31 -8.17 -1000 29.55 1.58 148.535
car -1 -1 0.00 0.00 0.00 100.00 100.00 -1000 2.53 10.66 -3.29 -1000 44.28 1.41 146.731
car -1 -1 0.00 0.00 0.00 100.00 100.00 -1000 2.20 6.52 0.54 -1000 32.34 1.59 146.188
car -1 -1 0.00 0.00 0.00 100.00 100.00 -1000 2.49 7.18 14.95 -1000 22.62 1.62 144.862
car -1 -1 0.00 0.00 0.00 100.00 100.00 -1000 2.25 7.57 6.06 -1000 8.59 1.62 143.756
car -1 -1 0.00 0.00 0.00 100.00 100.00 -1000 2.13 7.63 -7.37 -1000 9.59 1.52 143.202
car -1 -1 0.00 0.00 0.00 100.00 100.00 -1000 1.92 5.47 14.75 -1000 24.04 1.60 139.912
car -1 -1 0.00 0.00 0.00 100.00 100.00 -1000 2.15 7.38 -0.34 -1000 26.46 1.51 135.043
car -1 -1 0.00 0.00 0.00 100.00 100.00 -1000 2.53 8.04 -4.79 -1000 28.02 1.60 133.114
car -1 -1 0.00 0.00 0.00 100.00 100.00 -1000 1.90 5.27 -2.83 -1000 5.84 1.76 131.993
car -1 -1 0.00 0.00 0.00 100.00 100.00 -1000 1.96 3.53 -2.68 -1000 6.53 0.07 131.735
car -1 -1 0.00 0.00 0.00 100.00 100.00 -1000 1.91 6.81 9.63 -1000 21.78 1.45 130.950
car -1 -1 0.00 0.00 0.00 100.00 100.00 -1000 2.01 5.58 -8.80 -1000 10.89 1.50 128.137
car -1 -1 0.00 0.00 0.00 100.00 100.00 -1000 2.52 10.01 -2.38 -1000 27.09 1.45 127.688
car -1 -1 0.00 0.00 0.00 100.00 100.00 -1000 2.11 6.68 -8.74 -1000 18.52 1.64 127.547
car -1 -1 0.00 0.00 0.00 100.00 100.00 -1000 2.18 7.39 3.88 -1000 41.13 1.49 127.110
car -1 -1 0.00 0.00 0.00 100.00 100.00 -1000 2.50 7.78 5.97 -1000 29.49 1.46 126.112
car -1 -1 0.00 0.00 0.00 100.00 100.00 -1000 2.24 9.41 4.45 -1000 38.32 1.40 123.432
car -1 -1 0.00 0.00 0.00 100.00 100.00 -1000 2.48 8.09 -1.99 -1000 39.46 1.45 118.888
car -1 -1 0.00 0.00 0.00 100.00 100.00 -1000 2.48 8.75 -4.83 -1000 26.56 1.46 117.167
car -1 -1 0.00 0.00 0.00 100.00 100.00 -1000 2.77 13.24 4.31 -1000 25.43 1.50 117.140
car -1 -1 0.00 0.00 0.00 100.00 100.00 -1000 2.23 7.79 -8.45 -1000 27.01 1.56 115.296
car -1 -1 0.00 0.00 0.00 100.00 100.00 -1000 2.16 5.98 -5.60 -1000 40.80 1.54 115.079
car -1 -1 0.00 0.00 0.00 100.00 100.00 -1000 1.80 7.46 6.06 -1000 28.16 1.46 112.887
car -1 -1 0.00 0.00 0.00 100.00 100.00 -1000 2.73 10.05 -0.38 -1000 36.92 1.62 112.118
car -1 -1 0.00 0.00 0.00 100.00 100.00 -1000 2.59 7.72 8.51 -1000 45.99 1.58 111.575
car -1 -1 0.00 0.00 0.00 100.00 100.00 -1000 2.58 9.98 -0.17 -1000 25.53 1.51 110.978
car -1 -1 0.00 0.00 0.00 100.00 100.00 -1000 10.41 98.86 6.32 -1000 5.76 2.34 110.426
car -1 -1 0.00 0.00 0.00 100.00 100.00 -1000 2.53 8.84 4.94 -1000 16.41 1.43 110.187
car -1 -1 0.00 0.00 0.00 100.00 100.00 -1000 2.05 6.56 5.96 -1000 30.64 1.51 108.966
car -1 -1 0.00 0.00 0.00 100.00 100.00 -1000 2.11 8.61 9.14 -1000 24.89 1.64 108.497
car -1 -1 0.00 0.00 0.00 100.00 100.00 -1000 2.16 12.71 8.12 -1000 43.94 1.56 105.284
car -1 -1 0.00 0.00 0.00 100.00 100.00 -1000 1.95 6.01 8.31 -1000 47.40 1.64 105.131
car -1 -1 0.00 0.00 0.00 100.00 100.00 -1000 1.89 6.76 -8.16 -1000 8.53 1.50 104.020
car -1 -1 0.00 0.00 0.00 100.00 100.00 -1000 2.36 7.18 -2.68 -1000 22.17 1.64 100.968
car -1 -1 0.00 0.00 0.00 100.00 100.00 -1000 1.81 4.83 5.17 -1000 20.96 -0.08 100.732
car -1 -1 0.00 0.00 0.00 100.00 100.00 -1000 7.00 33.49 1.92 -1000 16.15 2.55 98.855
car -1 -1 0.00 0.00 0.00 100.00 100.00 -1000 3.00 13.94 7.20 -1000 45.32 1.53 96.725
car -1 -1 0.00 0.00 0.00 100.00 100.00 -1000 2.03 10.16 9.64 -1000 22.57 1.40 96.035
car -1 -1 0.00 0.00 0.00 100.00 100.00 -1000 2.03 7.24 -7.29 -1000 7.76 1.51 95.857
