car -1 -1 0.00 0.00 0.00 100.00 100.00 -1000 1.56 3.33 0.30 -1000 30.23 1.66 999.149
car -1 -1 0.00 0.00 0.00 100.00 100.00 -1000 1.55 3.79 -10.26 -1000 15.41 1.74 998.981
car -1 -1 0.00 0.00 0.00 100.00 100.00 -1000 1.67 4.02 4.12 -1000 11.52 -0.16 998.973
car -1 -1 0.00 0.00 0.00 100.00 100.00 -1000 1.65 3.92 5.18 -1000 12.21 1.85 995.650
car -1 -1 0.00 0.00 0.00 100.00 100.00 -1000 1.61 4.05 4.03 -1000 14.99 -0.06 992.273
car -1 -1 0.00 0.00 0.00 100.00 100.00 -1000 1.47 3.36 -10.73 -1000 14.70 -0.04 989.023
car -1 -1 0.00 0.00 0.00 100.00 100.00 -1000 1.58 3.82 0.10 -1000 29.19 0.04 988.985
car -1 -1 0.00 0.00 0.00 100.00 100.00 -1000 1.53 3.46 -3.11 -1000 40.98 1.61 978.441
car -1 -1 0.00 0.00 0.00 100.00 100.00 -1000 2.85 13.11 -1.11 -1000 32.68 1.40 972.789
car -1 -1 0.00 0.00 0.00 100.00 100.00 -1000 1.93 4.97 -1.70 -1000 32.45 1.52 971.375
car -1 -1 0.00 0.00 0.00 100.00 100.00 -1000 1.54 3.83 -10.89 -1000 16.12 -0.39 969.608
car -1 -1 0.00 0.00 0.00 100.00 100.00 -1000 1.59 3.54 -1.05 -1000 29.93 1.53 967.139
car -1 -1 0.00 0.00 0.00 100.00 100.00 -1000 1.74 4.47 -0.25 -1000 31.15 1.58 967.065
car -1 -1 0.00 0.00 0.00 100.00 100.00 -1000 1.73 4.04 4.16 -1000 12.68 1.61 962.409
car -1 -1 0.00 0.00 0.00 100.00 100.00 -1000 1.53 3.21 3.51 -1000 18.67 1.75 954.823
car -1 -1 0.00 0.00 0.00 100.00 100.00 -1000 2.22 7.50 -1.00 -1000 31.82 1.54 948.956
car -1 -1 0.00 0.00 0.00 100.00 100.00 -1000 1.70 4.04 3.98 -1000 15.95 1.57 948.354
car -1 -1 0.00 0.00 0.00 100.00 100.00 -1000 1.52 3.33 -2.65 -1000 47.73 1.66 944.149
car -1 -1 0.00 0.00 0.00 100.00 100.00 -1000 1.69 4.01 -2.76 -1000 36.20 1.61 942.522
car -1 -1 0.00 0.00 0.00 100.00 100.00 -1000 2.62 10.87 0.24 -1000 33.94 1.32 940.976
car -1 -1 0.00 0.00 0.00 100.00 100.00 -1000 1.49 3.13 15.26 -1000 33.22 1.60 940.510
car -1 -1 0.00 0.00 0.00 100.00 100.00 -1000 1.84 5.23 -10.86 -1000 16.85 1.65 940.347
car -1 -1 0.00 0.00 0.00 100.00 100.00 -1000 1.60 3.61 1.96 -1000 30.03 1.65 938.896
car -1 -1 0.00 0.00 0.00 100.00 100.00 -1000 2.29 6.74 -1.25 -1000 33.20 1.44 935.855
car -1 -1 0.00 0.00 0.00 100.00 100.00 -1000 1.59 3.57 3.12 -1000 22.59 1.62 933.640
car -1 -1 0.00 0.00 0.00 100.00 100.00 -1000 2.22 6.67 4.34 -1000 14.07 1.61 912.784
car -1 -1 0.00 0.00 0.00 100.00 100.00 -1000 2.92 9.87 4.89 -1000 12.83 2.07 905.185
car -1 -1 0.00 0.00 0.00 100.00 100.00 -1000 1.53 3.59 2.20 -1000 29.12 -0.08 901.098
car -1 -1 0.00 0.00 0.00 100.00 100.00 -1000 1.63 3.89 3.29 -1000 21.71 0.01 888.369
car -1 -1 0.00 0.00 0.00 100.00 100.00 -1000 1.57 3.86 -3.64 -1000 40.18 -0.03 875.959
car -1 -1 0.00 0.00 0.00 100.00 100.00 -1000 1.78 4.78 3.35 -1000 19.51 1.59 851.902
car -1 -1 0.00 0.00 0.00 100.00 100.00 -1000 1.65 4.01 -3.35 -1000 47.14 -0.01 829.890
car -1 -1 0.00 0.00 0.00 100.00 100.00 -1000 1.52 3.39 15.53 -1000 32.45 0.01 829.119
car -1 -1 0.00 0.00 0.00 100.00 100.00 -1000 2.04 5.26 3.96 -1000 10.69 1.57 824.663
car -1 -1 0.00 0.00 0.00 100.00 100.00 -1000 1.77 4.65 1.90 -1000 43.15 1.51 809.042
car -1 -1 0.00 0.00 0.00 100.00 100.00 -1000 1.67 4.13 18.26 -1000 37.39 1.56 803.820
car -1 -1 0.00 0.00 0.00 100.00 100.00 -1000 1.82 4.58 0.42 -1000 28.44 1.69 803.083
car -1 -1 0.00 0.00 0.00 100.00 100.00 -1000 1.99 5.77 -10.58 -1000 18.51 1.47 776.446
car -1 -1 0.00 0.00 0.00 100.00 100.00 -1000 1.66 3.88 5.78 -1000 11.47 1.69 771.350
car -1 -1 0.00 0.00 0.00 100.00 100.00 -1000 2.46 7.29 3.75 -1000 16.09 1.89 765.258
car -1 -1 0.00 0.00 0.00 100.00 100.00 -1000 2.42 8.43 0.28 -1000 34.93 1.42 764.976
car -1 -1 0.00 0.00 0.00 100.00 100.00 -1000 1.60 3.98 16.42 -1000 32.93 1.75 758.134
car -1 -1 0.00 0.00 0.00 100.00 100.00 -1000 1.77 4.17 -3.28 -1000 32.03 1.49 757.432
car -1 -1 0.00 0.00 0.00 100.00 100.00 -1000 1.54 3.72 -3.48 -1000 35.49 0.00 756.146
car -1 -1 0.00 0.00 0.00 100.00 100.00 -1000 1.95 5.92 5.39 -1000 13.32 1.56 747.370
car -1 -1 0.00 0.00 0.00 100.00 100.00 -1000 1.96 5.04 3.73 -1000 16.77 1.54 742.635
car -1 -1 0.00 0.00 0.00 100.00 100.00 -1000 1.60 4.00 -1.54 -1000 29.08 0.02 725.898
car -1 -1 0.00 0.00 0.00 100.00 100.00 -1000 1.79 4.66 -2.51 -1000 41.83 1.56 699.293
car -1 -1 0.00 0.00 0.00 100.00 100.00 -1000 2.08 6.77 17.17 -1000 35.79 1.62 698.021
car -1 -1 0.00 0.00 0.00 100.00 100.00 -1000 1.64 3.88 2.94 -1000 37.17 1.52 685.757
car -1 -1 0.00 0.00 0.00 100.00 100.00 -1000 1.57 3.95 5.50 -1000 14.69 -0.31 682.017
car -1 -1 0.00 0.00 0.00 100.00 100.00 -1000 1.66 3.85 3.29 -1000 17.75 0.08 649.876
car -1 -1 0.00 0.00 0.00 100.00 100.00 -1000 1.88 5.74 2.59 -1000 30.50 1.54 628.792
car -1 -1 0.00 0.00 0.00 100.00 100.00 -1000 2.26 8.44 -5.04 -1000 43.43 1.51 628.026
car -1 -1 0.00 0.00 0.00 100.00 100.00 -1000 1.68 4.37 15.69 -1000 33.98 1.54 620.819
car -1 -1 0.00 0.00 0.00 100.00 100.00 -1000 2.25 6.92 -11.09 -1000 17.62 1.49 618.669
car -1 -1 0.00 0.00 0.00 100.00 100.00 -1000 1.87 5.09 2.12 -1000 37.85 1.44 616.373
car -1 -1 0.00 0.00 0.00 100.00 100.00 -1000 1.79 4.28 -2.62 -1000 30.15 1.46 614.669
car -1 -1 0.00 0.00 0.00 100.00 100.00 -1000 2.15 7.08 16.45 -1000 34.64 1.65 612.248
car -1 -1 0.00 0.00 0.00 100.00 100.00 -1000 2.25 5.68 -10.55 -1000 13.81 1.64 606.886
car -1 -1 0.00 0.00 0.00 100.00 100.00 -1000 2.49 9.69 7.54 -1000 15.74 1.48 604.579
car -1 -1 0.00 0.00 0.00 100.00 100.00 -1000 2.55 10.53 7.02 -1000 14.50 1.40 576.221
car -1 -1 0.00 0.00 0.00 100.00 100.00 -1000 1.91 5.99 -2.59 -1000 42.68 1.58 572.787
car -1 -1 0.00 0.00 0.00 100.00 100.00 -1000 2.00 5.51 3.16 -1000 21.09 1.60 570.377
car -1 -1 0.00 0.00 0.00 100.00 100.00 -1000 1.79 5.25 -4.58 -1000 41.54 1.52 569.745
car -1 -1 0.00 0.00 0.00 100.00 100.00 -1000 2.26 9.77 -4.69 -1000 44.66 1.49 563.693
car -1 -1 0.00 0.00 0.00 100.00 100.00 -1000 1.67 3.87 3.03 -1000 29.62 1.59 553.053
car -1 -1 0.00 0.00 0.00 100.00 100.00 -1000 1.91 4.63 -3.46 -1000 8.95 1.72 526.027
car -1 -1 0.00 0.00 0.00 100.00 100.00 -1000 2.30 9.05 13.73 -1000 36.12 1.52 519.475
car -1 -1 0.00 0.00 0.00 100.00 100.00 -1000 2.38 11.34 6.62 -1000 24.55 1.39 518.485
car -1 -1 0.00 0.00 0.00 100.00 100.00 -1000 1.66 3.80 -11.66 -1000 15.18 1.46 518.214
car -1 -1 0.00 0.00 0.00 100.00 100.00 -1000 1.82 5.03 -2.31 -1000 36.96 1.60 498.445
car -1 -1 0.00 0.00 0.00 100.00 100.00 -1000 2.84 14.92 2.39 -1000 31.85 1.34 491.140
car -1 -1 0.00 0.00 0.00 100.00 100.00 -1000 2.17 7.34 8.05 -1000 12.46 1.49 490.332
car -1 -1 0.00 0.00 0.00 100.00 100.00 -1000 2.01 6.86 -6.07 -1000 42.63 1.52 484.412
car -1 -1 0.00 0.00 0.00 100.00 100.00 -1000 2.17 9.54 7.40 -1000 21.35 1.43 478.001
car -1 -1 0.00 0.00 0.00 100.00 100.00 -1000 2.15 7.75 15.53 -1000 36.97 1.49 475.712
car -1 -1 0.00 0.00 0.00 100.00 100.00 -1000 1.97 5.19 3.26 -1000 28.24 1.68 471.695
car -1 -1 0.00 0.00 0.00 100.00 100.00 -1000 1.74 4.42 3.70 -1000 47.29 1.64 469.861
car -1 -1 0.00 0.00 0.00 100.00 100.00 -1000 2.82 9.54 3.67 -1000 11.44 1.99 459.680
car -1 -1 0.00 0.00 0.00 100.00 100.00 -1000 2.31 6.95 2.36 -1000 34.50 1.55 457.857
car -1 -1 0.00 0.00 0.00 100.00 100.00 -1000 2.04 5.80 -2.15 -1000 35.08 1.54 454.816
car -1 -1 0.00 0.00 0.00 100.00 100.00 -1000 2.05 6.39 -2.02 -1000 37.84 1.53 453.370
car -1 -1 0.00 0.00 0.00 100.00 100.00 -1000 2.53 12.17 3.24 -1000 33.44 1.33 451.172
car -1 -1 0.00 0.00 0.00 100.00 100.00 -1000 2.13 9.35 7.51 -1000 22.95 1.44 430.989
car -1 -1 0.00 0.00 0.00 100.00 100.00 -1000 1.95 5.80 2.84 -1000 23.49 1.49 428.614
car -1 -1 0.00 0.00 0.00 100.00 100.00 -1000 2.07 7.36 -13.85 -1000 17.66 1.48 428.345
car -1 -1 0.00 0.00 0.00 100.00 100.00 -1000 1.73 4.68 -10.03 -1000 13.00 1.53 427.386
car -1 -1 0.00 0.00 0.00 100.00 100.00 -1000 2.75 12.83 -9.04 -1000 18.04 1.44 426.098
car -1 -1 0.00 0.00 0.00 100.00 100.00 -1000 4.27 17.14 4.77 -1000 12.86 2.36 425.716
car -1 -1 0.00 0.00 0.00 100.00 100.00 -1000 3.17 10.89 4.01 -1000 15.04 2.04 414.154
car -1 -1 0.00 0.00 0.00 100.00 100.00 -1000 2.01 5.32 -8.59 -1000 15.67 1.74 409.415
car -1 -1 0.00 0.00 0.00 100.00 100.00 -1000 2.25 7.73 -10.29 -1000 19.25 1.54 401.606
car -1 -1 0.00 0.00 0.00 100.00 100.00 -1000 2.44 12.10 5.60 -1000 32.57 1.38 400.778
car -1 -1 0.00 0.00 0.00 100.00 100.00 -1000 2.23 8.46 -12.93 -1000 18.86 1.43 400.518
car -1 -1 0.00 0.00 0.00 100.00 100.00 -1000 2.08 7.57 -0.70 -1000 43.20 1.45 399.155
car -1 -1 0.00 0.00 0.00 100.00 100.00 -1000 2.19 10.54 5.63 -1000 39.09 1.41 392.074
car -1 -1 0.00 0.00 0.00 100.00 100.00 -1000 2.14 5.09 5.12 -1000 9.79 1.61 390.187
car -1 -1 0.00 0.00 0.00 100.00 100.00 -1000 2.08 6.14 -2.23 -1000 45.50 1.58 380.451
car -1 -1 0.00 0.00 0.00 100.00 100.00 -1000 1.83 5.14 -3.38 -1000 27.26 1.52 379.745
car -1 -1 0.00 0.00 0.00 100.00 100.00 -1000 1.78 4.72 5.71 -1000 16.03 1.64 377.151
car -1 -1 0.00 0.00 0.00 100.00 100.00 -1000 1.58 3.84 2.84 -1000 42.61 1.62 371.178
car -1 -1 0.00 0.00 0.00 100.00 100.00 -1000 2.05 5.73 2.80 -1000 26.51 1.57 370.825
car -1 -1 0.00 0.00 0.00 100.00 100.00 -1000 1.98 6.40 -6.97 -1000 41.89 1.57 369.525
car -1 -1 0.00 0.00 0.00 100.00 100.00 -1000 1.96 5.07 3.37 -1000 36.40 1.62 365.765
car -1 -1 0.00 0.00 0.00 100.00 100.00 -1000 1.94 5.15 -1.73 -1000 27.86 1.58 365.761
car -1 -1 0.00 0.00 0.00 100.00 100.00 -1000 2.11 8.84 7.70 -1000 20.21 1.44 362.319
car -1 -1 0.00 0.00 0.00 100.00 100.00 -1000 1.95 4.97 15.56 -1000 31.47 1.48 361.911
car -1 -1 0.00 0.00 0.00 100.00 100.00 -1000 1.88 5.29 -3.48 -1000 32.80 1.51 355.471
car -1 -1 0.00 0.00 0.00 100.00 100.00 -1000 1.87 5.44 4.52 -1000 18.21 1.61 348.531
car -1 -1 0.00 0.00 0.00 100.00 100.00 -1000 2.18 8.62 5.15 -1000 22.23 1.41 346.853
car -1 -1 0.00 0.00 0.00 100.00 100.00 -1000 2.06 5.52 1.21 -1000 27.37 1.54 339.553
car -1 -1 0.00 0.00 0.00 100.00 100.00 -1000 1.84 6.13 -1.00 -1000 41.11 1.54 338.443
car -1 -1 0.00 0.00 0.00 100.00 100.00 -1000 2.18 6.51 2.27 -1000 18.84 1.74 336.181
car -1 -1 0.00 0.00 0.00 100.00 100.00 -1000 2.19 7.38 1.47 -1000 38.57 1.43 334.752
car -1 -1 0.00 0.00 0.00 100.00 100.00 -1000 1.90 5.17 5.91 -1000 16.92 1.57 333.858
car -1 -1 0.00 0.00 0.00 100.00 100.00 -1000 2.43 9.79 -8.87 -1000 16.86 1.49 333.377
car -1 -1 0.00 0.00 0.00 100.00 100.00 -1000 2.34 10.83 6.14 -1000 34.20 1.42 331.173
car -1 -1 0.00 0.00 0.00 100.00 100.00 -1000 1.55 3.93 -10.67 -1000 17.84 -0.42 328.326
car -1 -1 0.00 0.00 0.00 100.00 100.00 -1000 2.05 5.91 -3.46 -1000 29.41 1.45 321.292
car -1 -1 0.00 0.00 0.00 100.00 100.00 -1000 1.99 6.02 18.50 -1000 38.02 1.48 319.871
car -1 -1 0.00 0.00 0.00 100.00 100.00 -1000 1.96 6.54 4.75 -1000 20.11 1.50 311.460
car -1 -1 0.00 0.00 0.00 100.00 100.00 -1000 2.50 10.80 3.19 -1000 30.98 1.42 308.677
car -1 -1 0.00 0.00 0.00 100.00 100.00 -1000 2.69 8.29 2.65 -1000 17.35 1.95 308.412
car -1 -1 0.00 0.00 0.00 100.00 100.00 -1000 1.78 4.84 -3.21 -1000 28.52 -0.08 308.178
car -1 -1 0.00 0.00 0.00 100.00 100.00 -1000 1.88 5.17 18.42 -1000 36.37 1.62 307.974
car -1 -1 0.00 0.00 0.00 100.00 100.00 -1000 2.10 6.06 -7.10 -1000 15.22 1.74 299.108
car -1 -1 0.00 0.00 0.00 100.00 100.00 -1000 2.04 7.20 12.59 -1000 35.05 1.45 296.771
car -1 -1 0.00 0.00 0.00 100.00 100.00 -1000 2.62 13.39 4.66 -1000 25.38 1.36 293.250
car -1 -1 0.00 0.00 0.00 100.00 100.00 -1000 1.82 5.59 17.31 -1000 32.28 1.64 291.865
car -1 -1 0.00 0.00 0.00 100.00 100.00 -1000 2.11 8.70 6.38 -1000 35.87 1.42 290.517
car -1 -1 0.00 0.00 0.00 100.00 100.00 -1000 1.94 5.67 1.11 -1000 42.05 1.47 287.969
car -1 -1 0.00 0.00 0.00 100.00 100.00 -1000 2.31 10.00 15.45 -1000 38.34 1.51 287.959
car -1 -1 0.00 0.00 0.00 100.00 100.00 -1000 2.45 8.34 -3.31 -1000 33.67 1.54 284.236
car -1 -1 0.00 0.00 0.00 100.00 100.00 -1000 1.76 4.59 -2.35 -1000 46.61 1.62 281.189
car -1 -1 0.00 0.00 0.00 100.00 100.00 -1000 1.79 4.75 6.52 -1000 10.52 1.52 277.639
car -1 -1 0.00 0.00 0.00 100.00 100.00 -1000 2.36 10.88 5.00 -1000 23.77 1.37 271.797
car -1 -1 0.00 0.00 0.00 100.00 100.00 -1000 1.85 5.48 2.96 -1000 43.86 1.58 271.016
car -1 -1 0.00 0.00 0.00 100.00 100.00 -1000 1.72 4.66 -2.28 -1000 39.61 1.56 269.742
car -1 -1 0.00 0.00 0.00 100.00 100.00 -1000 2.20 9.99 7.64 -1000 37.52 1.50 262.940
car -1 -1 0.00 0.00 0.00 100.00 100.00 -1000 1.94 4.97 -3.74 -1000 31.16 1.51 261.110
car -1 -1 0.00 0.00 0.00 100.00 100.00 -1000 2.11 6.83 7.65 -1000 17.68 1.42 257.016
car -1 -1 0.00 0.00 0.00 100.00 100.00 -1000 2.35 12.72 5.06 -1000 40.00 1.41 256.354
car -1 -1 0.00 0.00 0.00 100.00 100.00 -1000 2.69 13.78 6.37 -1000 5.31 1.91 253.123
car -1 -1 0.00 0.00 0.00 100.00 100.00 -1000 2.02 8.37 -15.16 -1000 16.90 1.50 248.620
car -1 -1 0.00 0.00 0.00 100.00 100.00 -1000 1.72 4.87 4.24 -1000 43.22 1.61 247.185
car -1 -1 0.00 0.00 0.00 100.00 100.00 -1000 2.10 7.22 5.07 -1000 19.00 1.49 242.997
car -1 -1 0.00 0.00 0.00 100.00 100.00 -1000 1.83 5.20 5.66 -1000 29.79 1.50 242.695
car -1 -1 0.00 0.00 0.00 100.00 100.00 -1000 2.00 6.82 -6.37 -1000 37.03 1.56 239.997
car -1 -1 0.00 0.00 0.00 100.00 100.00 -1000 1.94 5.88 -3.12 -1000 24.92 1.57 238.265
car -1 -1 0.00 0.00 0.00 100.00 100.00 -1000 2.03 6.01 7.13 -1000 30.46 1.59 238.088
car -1 -1 0.00 0.00 0.00 100.00 100.00 -1000 2.24 7.61 1.45 -1000 20.40 1.62 234.500
car -1 -1 0.00 0.00 0.00 100.00 100.00 -1000 2.22 6.33 -2.71 -1000 38.69 1.54 234.049
car -1 -1 0.00 0.00 0.00 100.00 100.00 -1000 2.34 13.66 6.24 -1000 26.29 1.41 233.784
car -1 -1 0.00 0.00 0.00 100.00 100.00 -1000 1.83 5.88 -4.20 -1000 36.66 1.52 226.036
car -1 -1 0.00 0.00 0.00 100.00 100.00 -1000 2.23 8.57 0.23 -1000 25.33 1.48 219.384
car -1 -1 0.00 0.00 0.00 100.00 100.00 -1000 1.89 5.00 4.43 -1000 29.21 1.65 219.209
car -1 -1 0.00 0.00 0.00 100.00 100.00 -1000 2.04 6.93 -0.62 -1000 36.28 1.48 217.409
car -1 -1 0.00 0.00 0.00 100.00 100.00 -1000 1.97 6.29 -18.54 -1000 42.37 1.59 217.301
car -1 -1 0.00 0.00 0.00 100.00 100.00 -1000 2.18 7.34 7.38 -1000 13.63 1.51 213.432
car -1 -1 0.00 0.00 0.00 100.00 100.00 -1000 2.05 7.35 -2.13 -1000 44.25 1.47 213.221
car -1 -1 0.00 0.00 0.00 100.00 100.00 -1000 2.04 8.74 -17.41 -1000 35.21 1.63 212.961
car -1 -1 0.00 0.00 0.00 100.00 100.00 -1000 6.38 33.54 5.44 -1000 5.96 2.41 210.183
car -1 -1 0.00 0.00 0.00 100.00 100.00 -1000 1.84 5.55 -15.55 -1000 19.83 1.51 210.048
car -1 -1 0.00 0.00 0.00 100.00 100.00 -1000 1.83 5.78 -13.85 -1000 16.18 1.46 209.081
car -1 -1 0.00 0.00 0.00 100.00 100.00 -1000 1.92 6.73 -0.12 -1000 40.31 1.51 207.421
car -1 -1 0.00 0.00 0.00 100.00 100.00 -1000 1.94 6.22 1.10 -1000 21.70 1.55 207.068
car -1 -1 0.00 0.00 0.00 100.00 100.00 -1000 2.18 6.70 17.41 -1000 33.49 1.57 207.041
car -1 -1 0.00 0.00 0.00 100.00 100.00 -1000 2.16 9.79 -5.51 -1000 38.27 1.50 204.089
car -1 -1 0.00 0.00 0.00 100.00 100.00 -1000 2.31 7.19 1.85 -1000 35.75 1.39 200.428
car -1 -1 0.00 0.00 0.00 100.00 100.00 -1000 1.68 3.79 -12.16 -1000 14.43 0.16 198.582
car -1 -1 0.00 0.00 0.00 100.00 100.00 -1000 1.78 5.55 -5.60 -1000 40.83 1.51 196.198
car -1 -1 0.00 0.00 0.00 100.00 100.00 -1000 1.67 4.47 4.46 -1000 22.14 -0.54 190.848
car -1 -1 0.00 0.00 0.00 100.00 100.00 -1000 1.98 5.60 7.69 -1000 28.86 0.01 189.199
car -1 -1 0.00 0.00 0.00 100.00 100.00 -1000 2.70 8.13 -3.18 -1000 9.06 1.98 185.458
car -1 -1 0.00 0.00 0.00 100.00 100.00 -1000 2.08 7.52 0.59 -1000 39.41 1.46 184.928
car -1 -1 0.00 0.00 0.00 100.00 100.00 -1000 2.06 6.13 0.13 -1000 26.67 1.57 184.581
car -1 -1 0.00 0.00 0.00 100.00 100.00 -1000 2.19 6.98 9.01 -1000 16.91 1.53 181.773
car -1 -1 0.00 0.00 0.00 100.00 100.00 -1000 1.67 4.51 16.16 -1000 21.60 1.36 181.655
car -1 -1 0.00 0.00 0.00 100.00 100.00 -1000 1.93 6.49 1.33 -1000 22.95 1.55 181.151
car -1 -1 0.00 0.00 0.00 100.00 100.00 -1000 2.11 7.94 14.15 -1000 24.72 1.61 178.548
car -1 -1 0.00 0.00 0.00 100.00 100.00 -1000 2.23 9.77 -8.26 -1000 20.49 1.41 176.420
car -1 -1 0.00 0.00 0.00 100.00 100.00 -1000 1.98 6.47 17.61 -1000 22.14 1.63 175.805
car -1 -1 0.00 0.00 0.00 100.00 100.00 -1000 2.13 6.85 2.64 -1000 24.92 1.65 174.692
car -1 -1 0.00 0.00 0.00 100.00 100.00 -1000 1.86 5.96 -4.95 -1000 39.08 1.46 173.748
car -1 -1 0.00 0.00 0.00 100.00 100.00 -1000 2.14 7.74 -12.62 -1000 20.50 1.41 172.966
car -1 -1 0.00 0.00 0.00 100.00 100.00 -1000 2.18 9.81 12.39 -1000 16.56 1.50 171.808
car -1 -1 0.00 0.00 0.00 100.00 100.00 -1000 1.88 5.53 3.68 -1000 46.08 1.67 170.122
car -1 -1 0.00 0.00 0.00 100.00 100.00 -1000 2.25 8.72 7.36 -1000 18.49 1.42 169.533
car -1 -1 0.00 0.00 0.00 100.00 100.00 -1000 2.04 4.71 -9.00 -1000 14.60 1.83 169.474
car -1 -1 0.00 0.00 0.00 100.00 100.00 -1000 1.79 4.99 -4.43 -1000 47.76 1.51 169.193
car -1 -1 0.00 0.00 0.00 100.00 100.00 -1000 2.55 9.97 -7.18 -1000 19.36 1.52 166.003
car -1 -1 0.00 0.00 0.00 100.00 100.00 -1000 2.45 10.56 6.16 -1000 31.44 1.40 165.005
car -1 -1 0.00 0.00 0.00 100.00 100.00 -1000 2.07 6.12 -3.58 -1000 46.05 1.54 161.358
car -1 -1 0.00 0.00 0.00 100.00 100.00 -1000 1.95 5.11 -3.92 -1000 34.74 1.51 160.721
car -1 -1 0.00 0.00 0.00 100.00 100.00 -1000 1.81 5.16 -5.20 -1000 39.95 1.51 160.622
car -1 -1 0.00 0.00 0.00 100.00 100.00 -1000 1.93 15.04 15.88 -1000 39.40 1.46 160.440
car -1 -1 0.00 0.00 0.00 100.00 100.00 -1000 2.19 7.25 2.33 -1000 41.07 1.55 160.123
car -1 -1 0.00 0.00 0.00 100.00 100.00 -1000 2.04 7.04 0.22 -1000 37.09 1.48 157.162
car -1 -1 0.00 0.00 0.00 100.00 100.00 -1000 2.28 7.73 -0.79 -1000 23.77 1.47 156.274
car -1 -1 0.00 0.00 0.00 100.00 100.00 -1000 2.26 12.03 11.85 -1000 14.04 1.48 155.882
car -1 -1 0.00 0.00 0.00 100.00 100.00 -1000 2.53 8.54 3.36 -1000 27.76 1.53 155.518
car -1 -1 0.00 0.00 0.00 100.00 100.00 -1000 1.86 6.04 12.77 -1000 33.92 1.47 155.030
car -1 -1 0.00 0.00 0.00 100.00 100.00 -1000 2.03 8.64 -7.06 -1000 29.77 1.55 153.944
car -1 -1 0.00 0.00 0.00 100.00 100.00 -1000 2.19 6.48 6.15 -1000 8.87 1.65 152.710
car -1 -1 0.00 0.00 0.00 100.00 100.00 -1000 2.10 7.30 4.41 -1000 37.82 1.50 151.516
car -1 -1 0.00 0.00 0.00 100.00 100.00 -1000 2.02 9.18 -7.38 -1000 33.01 1.49 150.725
car -1 -1 0.00 0.00 0.00 100.00 100.00 -1000 2.02 9.68 -11.00 -1000 41.56 1.48 150.668
car -1 -1 0.00 0.00 0.00 100.00 100.00 -1000 2.23 11.72 11.83 -1000 15.65 1.46 148.645
car -1 -1 0.00 0.00 0.00 100.00 100.00 -1000 2.16 6.80 -14.83 -1000 43.16 1.49 147.056
car -1 -1 0.00 0.00 0.00 100.00 100.00 -1000 1.83 4.84 8.00 -1000 29.72 1.64 145.308
car -1 -1 0.00 0.00 0.00 100.00 100.00 -1000 1.92 5.73 7.89 -1000 11.29 1.49 143.502
car -1 -1 0.00 0.00 0.00 100.00 100.00 -1000 1.82 5.74 13.74 -1000 33.16 1.47 141.409
car -1 -1 0.00 0.00 0.00 100.00 100.00 -1000 1.88 5.78 -16.61 -1000 20.80 1.64 136.242
car -1 -1 0.00 0.00 0.00 100.00 100.00 -1000 1.61 3.90 14.05 -1000 32.56 0.27 135.202
car -1 -1 0.00 0.00 0.00 100.00 100.00 -1000 2.22 10.66 11.62 -1000 34.41 1.52 134.918
car -1 -1 0.00 0.00 0.00 100.00 100.00 -1000 1.93 5.78 -5.45 -1000 30.53 1.58 134.672
car -1 -1 0.00 0.00 0.00 100.00 100.00 -1000 2.15 6.81 -12.04 -1000 22.15 1.55 133.966
car -1 -1 0.00 0.00 0.00 100.00 100.00 -1000 3.73 12.85 4.13 -1000 10.34 2.23 132.502
car -1 -1 0.00 0.00 0.00 100.00 100.00 -1000 1.88 6.01 -12.86 -1000 24.12 1.49 131.975
car -1 -1 0.00 0.00 0.00 100.00 100.00 -1000 2.07 7.07 -12.79 -1000 44.30 1.58 131.103
car -1 -1 0.00 0.00 0.00 100.00 100.00 -1000 1.86 6.28 7.29 -1000 44.41 1.54 128.341
car -1 -1 0.00 0.00 0.00 100.00 100.00 -1000 2.03 6.90 -16.83 -1000 22.21 1.50 127.241
car -1 -1 0.00 0.00 0.00 100.00 100.00 -1000 2.37 11.04 8.86 -1000 19.26 1.52 127.204
car -1 -1 0.00 0.00 0.00 100.00 100.00 -1000 2.37 8.17 6.76 -1000 6.42 1.96 127.163
car -1 -1 0.00 0.00 0.00 100.00 100.00 -1000 2.01 7.17 -14.33 -1000 15.37 1.49 127.082
car -1 -1 0.00 0.00 0.00 100.00 100.00 -1000 2.04 8.71 -6.19 -1000 34.18 1.54 124.408
car -1 -1 0.00 0.00 0.00 100.00 100.00 -1000 2.38 11.41 11.80 -1000 17.70 1.52 123.840
car -1 -1 0.00 0.00 0.00 100.00 100.00 -1000 1.98 5.92 -16.63 -1000 42.80 1.66 123.230
car -1 -1 0.00 0.00 0.00 100.00 100.00 -1000 1.99 8.54 -8.46 -1000 41.10 1.61 122.725
car -1 -1 0.00 0.00 0.00 100.00 100.00 -1000 2.03 6.93 -5.10 -1000 32.31 1.52 119.671
car -1 -1 0.00 0.00 0.00 100.00 100.00 -1000 2.16 13.00 10.76 -1000 35.55 1.39 118.495
car -1 -1 0.00 0.00 0.00 100.00 100.00 -1000 2.35 8.30 16.22 -1000 23.00 1.48 118.126
car -1 -1 0.00 0.00 0.00 100.00 100.00 -1000 2.06 6.64 15.91 -1000 30.71 1.57 116.916
car -1 -1 0.00 0.00 0.00 100.00 100.00 -1000 1.94 8.97 7.15 -1000 45.11 1.40 116.794
