car -1 -1 0.00 0.00 0.00 100.00 100.00 -1000 1.58 3.52 -0.40 -1000 23.15 1.73 999.542
car -1 -1 0.00 0.00 0.00 100.00 100.00 -1000 1.62 4.00 -0.91 -1000 22.38 -0.16 997.319
car -1 -1 0.00 0.00 0.00 100.00 100.00 -1000 2.51 10.73 0.86 -1000 25.61 1.26 991.228
car -1 -1 0.00 0.00 0.00 100.00 100.00 -1000 1.96 5.80 3.33 -1000 25.54 1.50 979.178
car -1 -1 0.00 0.00 0.00 100.00 100.00 -1000 1.97 5.36 -0.27 -1000 23.87 1.50 977.840
car -1 -1 0.00 0.00 0.00 100.00 100.00 -1000 1.87 5.03 4.30 -1000 26.22 1.52 972.722
car -1 -1 0.00 0.00 0.00 100.00 100.00 -1000 3.37 20.43 -0.88 -1000 25.46 1.16 970.565
car -1 -1 0.00 0.00 0.00 100.00 100.00 -1000 2.43 8.07 -0.29 -1000 24.73 1.58 963.189
car -1 -1 0.00 0.00 0.00 100.00 100.00 -1000 1.55 3.43 14.01 -1000 34.25 1.63 960.349
car -1 -1 0.00 0.00 0.00 100.00 100.00 -1000 2.85 12.35 -1.30 -1000 26.78 1.49 949.068
car -1 -1 0.00 0.00 0.00 100.00 100.00 -1000 2.42 10.46 2.28 -1000 23.73 1.34 940.211
car -1 -1 0.00 0.00 0.00 100.00 100.00 -1000 1.53 3.70 4.86 -1000 46.26 1.62 933.582
car -1 -1 0.00 0.00 0.00 100.00 100.00 -1000 1.70 4.35 13.99 -1000 35.89 1.68 926.345
car -1 -1 0.00 0.00 0.00 100.00 100.00 -1000 2.70 11.40 2.56 -1000 26.59 1.39 922.909
car -1 -1 0.00 0.00 0.00 100.00 100.00 -1000 1.58 3.77 -8.87 -1000 41.84 1.63 914.473
car -1 -1 0.00 0.00 0.00 100.00 100.00 -1000 2.91 15.40 0.12 -1000 24.39 1.23 905.189
car -1 -1 0.00 0.00 0.00 100.00 100.00 -1000 1.63 3.89 14.21 -1000 35.08 1.74 882.866
car -1 -1 0.00 0.00 0.00 100.00 100.00 -1000 1.63 3.82 13.45 -1000 46.74 1.77 881.357
car -1 -1 0.00 0.00 0.00 100.00 100.00 -1000 1.76 4.30 -0.29 -1000 21.64 1.73 846.440
car -1 -1 0.00 0.00 0.00 100.00 100.00 -1000 1.69 4.15 0.60 -1000 22.52 1.77 842.530
car -1 -1 0.00 0.00 0.00 100.00 100.00 -1000 2.58 10.91 1.19 -1000 27.60 1.44 838.815
car -1 -1 0.00 0.00 0.00 100.00 100.00 -1000 1.60 3.57 5.94 -1000 25.97 1.64 837.882
car -1 -1 0.00 0.00 0.00 100.00 100.00 -1000 2.42 8.36 3.24 -1000 24.63 1.52 834.068
car -1 -1 0.00 0.00 0.00 100.00 100.00 -1000 2.63 8.98 -2.14 -1000 25.93 1.67 803.711
car -1 -1 0.00 0.00 0.00 100.00 100.00 -1000 1.84 5.20 10.63 -1000 36.54 1.59 792.579
car -1 -1 0.00 0.00 0.00 100.00 100.00 -1000 1.79 4.54 4.92 -1000 29.74 1.54 756.528
car -1 -1 0.00 0.00 0.00 100.00 100.00 -1000 2.19 7.29 5.20 -1000 21.39 1.43 741.787
car -1 -1 0.00 0.00 0.00 100.00 100.00 -1000 1.88 5.31 -15.06 -1000 45.12 1.45 739.561
car -1 -1 0.00 0.00 0.00 100.00 100.00 -1000 1.62 3.76 13.80 -1000 22.55 1.58 736.779
car -1 -1 0.00 0.00 0.00 100.00 100.00 -1000 1.57 3.88 6.48 -1000 40.14 1.63 733.174
car -1 -1 0.00 0.00 0.00 100.00 100.00 -1000 1.75 4.46 4.33 -1000 30.54 1.48 718.246
car -1 -1 0.00 0.00 0.00 100.00 100.00 -1000 1.51 3.59 5.00 -1000 25.23 -0.17 700.732
car -1 -1 0.00 0.00 0.00 100.00 100.00 -1000 1.55 3.66 13.75 -1000 33.47 0.04 692.316
car -1 -1 0.00 0.00 0.00 100.00 100.00 -1000 1.88 5.14 14.18 -1000 38.62 1.63 679.218
car -1 -1 0.00 0.00 0.00 100.00 100.00 -1000 1.48 3.53 5.84 -1000 45.81 1.72 675.414
car -1 -1 0.00 0.00 0.00 100.00 100.00 -1000 1.66 4.01 4.06 -1000 39.55 1.54 669.903
car -1 -1 0.00 0.00 0.00 100.00 100.00 -1000 2.18 8.59 15.92 -1000 37.57 1.41 662.468
car -1 -1 0.00 0.00 0.00 100.00 100.00 -1000 2.11 5.65 5.17 -1000 14.19 1.59 660.006
car -1 -1 0.00 0.00 0.00 100.00 100.00 -1000 1.72 4.36 -18.13 -1000 44.37 1.64 649.059
car -1 -1 0.00 0.00 0.00 100.00 100.00 -1000 2.16 7.36 -15.51 -1000 45.80 1.43 648.917
car -1 -1 0.00 0.00 0.00 100.00 100.00 -1000 2.10 7.26 16.85 -1000 36.31 1.43 639.895
car -1 -1 0.00 0.00 0.00 100.00 100.00 -1000 2.25 6.88 -3.56 -1000 24.79 1.72 636.769
car -1 -1 0.00 0.00 0.00 100.00 100.00 -1000 1.98 5.64 14.23 -1000 36.69 1.64 629.632
car -1 -1 0.00 0.00 0.00 100.00 100.00 -1000 1.64 4.12 -8.66 -1000 47.19 1.65 626.013
car -1 -1 0.00 0.00 0.00 100.00 100.00 -1000 1.88 5.37 13.98 -1000 40.64 1.62 624.640
car -1 -1 0.00 0.00 0.00 100.00 100.00 -1000 1.83 4.78 10.87 -1000 37.84 1.61 621.794
car -1 -1 0.00 0.00 0.00 100.00 100.00 -1000 1.97 5.40 4.97 -1000 28.69 1.46 621.463
car -1 -1 0.00 0.00 0.00 100.00 100.00 -1000 2.26 6.94 -2.60 -1000 23.98 1.70 621.421
car -1 -1 0.00 0.00 0.00 100.00 100.00 -1000 2.18 8.23 5.17 -1000 18.94 1.47 620.433
car -1 -1 0.00 0.00 0.00 100.00 100.00 -1000 2.14 7.37 4.53 -1000 23.02 1.45 616.749
car -1 -1 0.00 0.00 0.00 100.00 100.00 -1000 1.96 5.59 -19.64 -1000 37.76 1.68 609.690
car -1 -1 0.00 0.00 0.00 100.00 100.00 -1000 1.61 3.82 9.70 -1000 35.47 1.64 607.191
car -1 -1 0.00 0.00 0.00 100.00 100.00 -1000 1.52 3.47 4.84 -1000 45.43 -0.02 605.979
car -1 -1 0.00 0.00 0.00 100.00 100.00 -1000 1.86 5.32 3.12 -1000 30.07 1.47 584.922
car -1 -1 0.00 0.00 0.00 100.00 100.00 -1000 1.65 4.15 -13.75 -1000 45.55 1.60 575.213
car -1 -1 0.00 0.00 0.00 100.00 100.00 -1000 1.59 3.82 4.62 -1000 40.25 1.52 571.129
car -1 -1 0.00 0.00 0.00 100.00 100.00 -1000 1.72 4.25 10.32 -1000 44.33 1.53 568.338
car -1 -1 0.00 0.00 0.00 100.00 100.00 -1000 1.79 4.80 12.20 -1000 36.21 1.51 554.048
car -1 -1 0.00 0.00 0.00 100.00 100.00 -1000 1.68 4.51 15.57 -1000 34.02 1.57 551.900
car -1 -1 0.00 0.00 0.00 100.00 100.00 -1000 2.14 6.53 4.85 -1000 27.24 1.49 549.565
car -1 -1 0.00 0.00 0.00 100.00 100.00 -1000 2.23 6.83 5.14 -1000 12.97 1.76 543.315
car -1 -1 0.00 0.00 0.00 100.00 100.00 -1000 1.70 4.13 2.04 -1000 43.69 1.56 543.016
car -1 -1 0.00 0.00 0.00 100.00 100.00 -1000 1.98 6.52 18.01 -1000 35.56 1.42 532.158
car -1 -1 0.00 0.00 0.00 100.00 100.00 -1000 2.20 7.07 5.49 -1000 20.18 1.50 528.627
car -1 -1 0.00 0.00 0.00 100.00 100.00 -1000 2.27 10.79 -5.42 -1000 43.94 1.42 520.226
car -1 -1 0.00 0.00 0.00 100.00 100.00 -1000 1.76 4.94 7.31 -1000 46.28 1.53 508.883
car -1 -1 0.00 0.00 0.00 100.00 100.00 -1000 1.79 5.20 -17.50 -1000 45.07 1.53 507.933
car -1 -1 0.00 0.00 0.00 100.00 100.00 -1000 2.16 7.30 17.57 -1000 43.52 1.42 503.733
car -1 -1 0.00 0.00 0.00 100.00 100.00 -1000 2.05 6.46 4.46 -1000 34.32 1.43 503.451
car -1 -1 0.00 0.00 0.00 100.00 100.00 -1000 2.35 11.12 16.29 -1000 39.18 1.35 502.237
car -1 -1 0.00 0.00 0.00 100.00 100.00 -1000 1.86 5.17 13.07 -1000 47.50 1.71 500.935
car -1 -1 0.00 0.00 0.00 100.00 100.00 -1000 1.95 6.52 17.84 -1000 41.99 1.39 499.287
car -1 -1 0.00 0.00 0.00 100.00 100.00 -1000 1.73 4.51 8.06 -1000 26.24 1.54 498.415
car -1 -1 0.00 0.00 0.00 100.00 100.00 -1000 1.65 3.85 2.12 -1000 38.91 1.54 496.845
car -1 -1 0.00 0.00 0.00 100.00 100.00 -1000 6.19 39.36 5.05 -1000 6.56 2.01 490.988
car -1 -1 0.00 0.00 0.00 100.00 100.00 -1000 2.00 5.47 -18.73 -1000 43.24 1.58 489.303
car -1 -1 0.00 0.00 0.00 100.00 100.00 -1000 1.93 5.34 10.98 -1000 42.71 1.46 460.550
car -1 -1 0.00 0.00 0.00 100.00 100.00 -1000 1.58 4.05 -8.02 -1000 41.02 1.68 460.017
car -1 -1 0.00 0.00 0.00 100.00 100.00 -1000 1.81 4.84 9.83 -1000 45.09 1.53 454.786
car -1 -1 0.00 0.00 0.00 100.00 100.00 -1000 1.89 5.26 9.47 -1000 34.64 1.59 450.199
car -1 -1 0.00 0.00 0.00 100.00 100.00 -1000 1.94 5.53 -19.62 -1000 45.96 1.65 446.132
car -1 -1 0.00 0.00 0.00 100.00 100.00 -1000 2.00 5.44 -2.00 -1000 22.98 1.74 444.347
car -1 -1 0.00 0.00 0.00 100.00 100.00 -1000 1.93 6.53 3.42 -1000 22.25 1.54 442.773
car -1 -1 0.00 0.00 0.00 100.00 100.00 -1000 1.86 4.92 12.01 -1000 41.99 1.51 442.732
car -1 -1 0.00 0.00 0.00 100.00 100.00 -1000 1.59 3.77 7.08 -1000 45.32 1.61 438.656
car -1 -1 0.00 0.00 0.00 100.00 100.00 -1000 1.70 4.34 13.77 -1000 17.32 1.59 438.466
car -1 -1 0.00 0.00 0.00 100.00 100.00 -1000 1.97 6.17 5.09 -1000 15.82 1.50 437.377
car -1 -1 0.00 0.00 0.00 100.00 100.00 -1000 2.16 6.59 -19.69 -1000 46.82 1.67 435.554
car -1 -1 0.00 0.00 0.00 100.00 100.00 -1000 2.74 10.96 4.87 -1000 5.63 1.30 431.264
car -1 -1 0.00 0.00 0.00 100.00 100.00 -1000 1.81 5.73 4.59 -1000 47.00 1.56 422.314
car -1 -1 0.00 0.00 0.00 100.00 100.00 -1000 2.13 7.51 8.39 -1000 27.80 1.43 418.161
car -1 -1 0.00 0.00 0.00 100.00 100.00 -1000 2.07 8.24 -4.90 -1000 42.80 1.45 414.282
car -1 -1 0.00 0.00 0.00 100.00 100.00 -1000 2.13 8.09 1.18 -1000 28.59 1.45 406.964
car -1 -1 0.00 0.00 0.00 100.00 100.00 -1000 1.97 6.17 9.75 -1000 38.64 1.52 406.717
car -1 -1 0.00 0.00 0.00 100.00 100.00 -1000 2.22 7.72 4.14 -1000 32.51 1.48 405.668
car -1 -1 0.00 0.00 0.00 100.00 100.00 -1000 1.74 4.76 13.88 -1000 23.27 1.60 404.362
car -1 -1 0.00 0.00 0.00 100.00 100.00 -1000 2.16 5.04 0.94 -1000 20.67 1.72 402.693
car -1 -1 0.00 0.00 0.00 100.00 100.00 -1000 1.52 3.58 15.06 -1000 33.15 -0.03 398.696
car -1 -1 0.00 0.00 0.00 100.00 100.00 -1000 1.87 6.21 -9.33 -1000 26.69 1.53 395.180
car -1 -1 0.00 0.00 0.00 100.00 100.00 -1000 1.81 5.35 -6.93 -1000 41.68 1.54 393.700
car -1 -1 0.00 0.00 0.00 100.00 100.00 -1000 2.35 11.24 17.88 -1000 38.29 1.40 392.141
car -1 -1 0.00 0.00 0.00 100.00 100.00 -1000 1.96 6.37 1.52 -1000 29.44 1.45 391.939
car -1 -1 0.00 0.00 0.00 100.00 100.00 -1000 1.82 5.35 -12.14 -1000 44.87 1.50 391.536
car -1 -1 0.00 0.00 0.00 100.00 100.00 -1000 1.97 5.70 14.18 -1000 42.41 1.62 389.491
car -1 -1 0.00 0.00 0.00 100.00 100.00 -1000 2.29 8.67 7.73 -1000 30.19 1.43 385.305
car -1 -1 0.00 0.00 0.00 100.00 100.00 -1000 1.70 4.08 6.51 -1000 25.18 1.66 382.858
car -1 -1 0.00 0.00 0.00 100.00 100.00 -1000 1.53 3.69 12.90 -1000 46.04 -0.13 373.589
car -1 -1 0.00 0.00 0.00 100.00 100.00 -1000 1.93 6.57 16.49 -1000 34.62 1.50 366.930
car -1 -1 0.00 0.00 0.00 100.00 100.00 -1000 1.66 3.76 -9.68 -1000 41.29 1.47 366.871
car -1 -1 0.00 0.00 0.00 100.00 100.00 -1000 1.89 5.91 6.63 -1000 26.86 1.51 363.400
car -1 -1 0.00 0.00 0.00 100.00 100.00 -1000 1.99 6.42 -19.61 -1000 36.80 1.63 363.339
car -1 -1 0.00 0.00 0.00 100.00 100.00 -1000 2.17 7.71 7.77 -1000 28.97 1.46 360.294
car -1 -1 0.00 0.00 0.00 100.00 100.00 -1000 1.90 5.54 9.95 -1000 25.84 1.53 358.533
car -1 -1 0.00 0.00 0.00 100.00 100.00 -1000 2.04 6.21 4.27 -1000 35.80 1.45 350.536
car -1 -1 0.00 0.00 0.00 100.00 100.00 -1000 1.69 4.94 4.12 -1000 24.36 -0.41 347.647
car -1 -1 0.00 0.00 0.00 100.00 100.00 -1000 1.71 4.44 2.22 -1000 42.81 1.54 345.431
car -1 -1 0.00 0.00 0.00 100.00 100.00 -1000 1.89 5.35 12.33 -1000 37.49 1.54 342.315
car -1 -1 0.00 0.00 0.00 100.00 100.00 -1000 1.73 4.72 5.67 -1000 40.90 1.57 339.172
car -1 -1 0.00 0.00 0.00 100.00 100.00 -1000 1.84 5.34 12.24 -1000 35.12 1.50 338.016
car -1 -1 0.00 0.00 0.00 100.00 100.00 -1000 1.89 5.18 8.86 -1000 45.92 1.50 337.445
car -1 -1 0.00 0.00 0.00 100.00 100.00 -1000 1.75 5.27 17.08 -1000 33.00 1.59 333.728
car -1 -1 0.00 0.00 0.00 100.00 100.00 -1000 1.74 4.52 8.47 -1000 44.43 1.55 327.146
car -1 -1 0.00 0.00 0.00 100.00 100.00 -1000 1.84 5.08 9.01 -1000 36.21 1.51 323.858
car -1 -1 0.00 0.00 0.00 100.00 100.00 -1000 1.90 5.85 1.90 -1000 41.89 1.51 319.048
car -1 -1 0.00 0.00 0.00 100.00 100.00 -1000 2.03 6.62 3.56 -1000 28.14 1.47 315.029
car -1 -1 0.00 0.00 0.00 100.00 100.00 -1000 2.23 7.31 8.94 -1000 32.20 1.45 311.615
car -1 -1 0.00 0.00 0.00 100.00 100.00 -1000 1.95 7.13 -5.58 -1000 40.82 1.53 310.510
car -1 -1 0.00 0.00 0.00 100.00 100.00 -1000 1.86 5.54 1.90 -1000 37.49 1.51 308.551
car -1 -1 0.00 0.00 0.00 100.00 100.00 -1000 2.34 11.18 17.32 -1000 40.83 1.39 305.523
car -1 -1 0.00 0.00 0.00 100.00 100.00 -1000 1.88 4.98 7.06 -1000 38.76 1.59 303.184
car -1 -1 0.00 0.00 0.00 100.00 100.00 -1000 1.92 5.52 6.27 -1000 30.71 1.55 303.060
car -1 -1 0.00 0.00 0.00 100.00 100.00 -1000 1.92 5.89 10.67 -1000 39.46 1.60 302.058
car -1 -1 0.00 0.00 0.00 100.00 100.00 -1000 2.95 10.02 5.29 -1000 11.87 1.94 298.903
car -1 -1 0.00 0.00 0.00 100.00 100.00 -1000 1.87 5.07 7.99 -1000 39.59 1.58 295.826
car -1 -1 0.00 0.00 0.00 100.00 100.00 -1000 2.15 10.50 17.45 -1000 44.37 1.38 294.939
car -1 -1 0.00 0.00 0.00 100.00 100.00 -1000 2.00 5.71 -15.26 -1000 41.81 1.60 294.643
car -1 -1 0.00 0.00 0.00 100.00 100.00 -1000 2.21 7.67 9.47 -1000 26.99 1.52 293.038
car -1 -1 0.00 0.00 0.00 100.00 100.00 -1000 2.17 6.65 8.81 -1000 46.71 1.57 288.598
car -1 -1 0.00 0.00 0.00 100.00 100.00 -1000 1.79 4.85 4.70 -1000 38.88 1.67 288.484
car -1 -1 0.00 0.00 0.00 100.00 100.00 -1000 2.04 6.77 10.13 -1000 20.10 1.55 287.835
car -1 -1 0.00 0.00 0.00 100.00 100.00 -1000 1.82 5.13 3.76 -1000 37.91 1.53 284.914
car -1 -1 0.00 0.00 0.00 100.00 100.00 -1000 2.31 10.99 18.50 -1000 39.96 1.41 282.746
car -1 -1 0.00 0.00 0.00 100.00 100.00 -1000 2.71 16.08 -4.12 -1000 27.60 1.44 282.377
car -1 -1 0.00 0.00 0.00 100.00 100.00 -1000 1.71 4.40 6.04 -1000 44.49 1.58 278.712
car -1 -1 0.00 0.00 0.00 100.00 100.00 -1000 1.96 5.71 11.96 -1000 41.11 1.51 276.665
car -1 -1 0.00 0.00 0.00 100.00 100.00 -1000 1.81 5.03 9.83 -1000 43.58 1.46 275.696
car -1 -1 0.00 0.00 0.00 100.00 100.00 -1000 2.63 13.30 -15.97 -1000 47.13 1.36 274.706
car -1 -1 0.00 0.00 0.00 100.00 100.00 -1000 1.90 5.35 -15.21 -1000 35.60 1.56 272.776
car -1 -1 0.00 0.00 0.00 100.00 100.00 -1000 1.99 7.19 4.81 -1000 17.77 1.50 269.218
car -1 -1 0.00 0.00 0.00 100.00 100.00 -1000 2.06 6.76 7.73 -1000 31.43 1.45 264.688
car -1 -1 0.00 0.00 0.00 100.00 100.00 -1000 1.98 6.12 2.70 -1000 31.91 1.48 262.560
car -1 -1 0.00 0.00 0.00 100.00 100.00 -1000 2.03 6.10 12.59 -1000 43.18 1.55 262.141
car -1 -1 0.00 0.00 0.00 100.00 100.00 -1000 2.04 7.12 8.13 -1000 19.29 1.52 262.105
car -1 -1 0.00 0.00 0.00 100.00 100.00 -1000 1.70 4.41 -7.98 -1000 46.18 1.63 260.483
car -1 -1 0.00 0.00 0.00 100.00 100.00 -1000 1.55 3.76 14.00 -1000 37.36 -0.22 259.804
car -1 -1 0.00 0.00 0.00 100.00 100.00 -1000 1.72 4.17 -15.22 -1000 19.95 1.64 258.511
car -1 -1 0.00 0.00 0.00 100.00 100.00 -1000 2.15 7.78 9.39 -1000 17.72 1.58 256.564
car -1 -1 0.00 0.00 0.00 100.00 100.00 -1000 2.21 8.80 8.44 -1000 16.20 1.54 252.683
car -1 -1 0.00 0.00 0.00 100.00 100.00 -1000 1.99 6.85 15.09 -1000 39.96 1.46 252.456
car -1 -1 0.00 0.00 0.00 100.00 100.00 -1000 1.81 5.00 4.36 -1000 16.76 1.68 248.473
car -1 -1 0.00 0.00 0.00 100.00 100.00 -1000 2.07 7.00 2.86 -1000 33.38 1.49 248.394
car -1 -1 0.00 0.00 0.00 100.00 100.00 -1000 2.19 6.24 -9.74 -1000 44.78 1.42 247.519
car -1 -1 0.00 0.00 0.00 100.00 100.00 -1000 1.91 4.46 -8.95 -1000 25.63 -0.07 246.056
car -1 -1 0.00 0.00 0.00 100.00 100.00 -1000 1.89 5.47 6.38 -1000 28.25 1.49 245.797
car -1 -1 0.00 0.00 0.00 100.00 100.00 -1000 1.77 5.01 -12.60 -1000 40.42 1.54 245.641
car -1 -1 0.00 0.00 0.00 100.00 100.00 -1000 2.14 7.38 9.78 -1000 42.01 1.41 245.459
car -1 -1 0.00 0.00 0.00 100.00 100.00 -1000 1.84 5.34 3.96 -1000 31.38 1.50 245.278
car -1 -1 0.00 0.00 0.00 100.00 100.00 -1000 2.02 4.85 -9.27 -1000 40.55 -0.02 243.472
car -1 -1 0.00 0.00 0.00 100.00 100.00 -1000 1.87 5.31 12.34 -1000 45.20 1.57 241.739
car -1 -1 0.00 0.00 0.00 100.00 100.00 -1000 1.76 5.05 10.55 -1000 33.97 1.58 239.898
car -1 -1 0.00 0.00 0.00 100.00 100.00 -1000 2.13 9.31 -4.33 -1000 41.58 1.49 239.528
car -1 -1 0.00 0.00 0.00 100.00 100.00 -1000 1.92 5.90 6.81 -1000 20.90 1.55 238.526
car -1 -1 0.00 0.00 0.00 100.00 100.00 -1000 1.73 4.33 6.10 -1000 36.22 1.67 238.194
car -1 -1 0.00 0.00 0.00 100.00 100.00 -1000 1.94 5.33 13.56 -1000 39.49 1.44 238.010
car -1 -1 0.00 0.00 0.00 100.00 100.00 -1000 2.06 6.57 -4.58 -1000 26.17 1.72 236.553
car -1 -1 0.00 0.00 0.00 100.00 100.00 -1000 2.17 6.83 11.24 -1000 24.97 1.57 234.999
car -1 -1 0.00 0.00 0.00 100.00 100.00 -1000 1.84 6.26 17.53 -1000 33.88 1.48 232.876
car -1 -1 0.00 0.00 0.00 100.00 100.00 -1000 1.52 3.87 15.44 -1000 36.19 -0.37 231.820
car -1 -1 0.00 0.00 0.00 100.00 100.00 -1000 1.94 5.96 -14.02 -1000 27.81 1.50 231.820
car -1 -1 0.00 0.00 0.00 100.00 100.00 -1000 2.13 6.86 7.17 -1000 41.48 1.55 230.613
car -1 -1 0.00 0.00 0.00 100.00 100.00 -1000 1.64 3.82 11.02 -1000 35.78 -0.06 230.583
car -1 -1 0.00 0.00 0.00 100.00 100.00 -1000 1.91 6.13 3.16 -1000 21.04 1.50 228.535
car -1 -1 0.00 0.00 0.00 100.00 100.00 -1000 2.28 11.60 -5.73 -1000 45.24 1.38 226.918
car -1 -1 0.00 0.00 0.00 100.00 100.00 -1000 1.96 6.32 18.60 -1000 42.80 1.52 226.620
car -1 -1 0.00 0.00 0.00 100.00 100.00 -1000 1.82 5.70 13.27 -1000 28.20 1.54 225.770
car -1 -1 0.00 0.00 0.00 100.00 100.00 -1000 1.58 3.51 1.83 -1000 38.10 -0.02 224.965
car -1 -1 0.00 0.00 0.00 100.00 100.00 -1000 1.81 5.88 2.17 -1000 39.79 1.53 224.915
car -1 -1 0.00 0.00 0.00 100.00 100.00 -1000 1.54 3.68 -15.00 -1000 44.44 -0.08 224.176
car -1 -1 0.00 0.00 0.00 100.00 100.00 -1000 2.20 8.16 9.57 -1000 21.66 1.56 224.006
car -1 -1 0.00 0.00 0.00 100.00 100.00 -1000 2.21 7.51 9.14 -1000 33.45 1.40 223.627
car -1 -1 0.00 0.00 0.00 100.00 100.00 -1000 2.11 6.15 2.40 -1000 19.66 1.76 222.428
car -1 -1 0.00 0.00 0.00 100.00 100.00 -1000 2.17 11.02 17.41 -1000 19.45 1.42 222.119
car -1 -1 0.00 0.00 0.00 100.00 100.00 -1000 1.86 5.05 -17.33 -1000 41.97 1.60 221.907
car -1 -1 0.00 0.00 0.00 100.00 100.00 -1000 2.26 10.55 16.94 -1000 20.62 1.44 221.464
car -1 -1 0.00 0.00 0.00 100.00 100.00 -1000 2.00 6.79 11.16 -1000 23.36 1.57 220.908
car -1 -1 0.00 0.00 0.00 100.00 100.00 -1000 1.82 4.72 3.46 -1000 44.31 1.56 219.309
car -1 -1 0.00 0.00 0.00 100.00 100.00 -1000 1.91 5.37 -19.19 -1000 42.33 1.55 217.015
car -1 -1 0.00 0.00 0.00 100.00 100.00 -1000 1.94 5.87 8.74 -1000 37.88 1.51 216.163
car -1 -1 0.00 0.00 0.00 100.00 100.00 -1000 1.97 6.69 10.54 -1000 16.77 1.61 215.866
car -1 -1 0.00 0.00 0.00 100.00 100.00 -1000 1.93 5.97 -14.11 -1000 36.23 1.57 215.793
car -1 -1 0.00 0.00 0.00 100.00 100.00 -1000 2.06 5.98 13.58 -1000 41.59 1.49 215.359
car -1 -1 0.00 0.00 0.00 100.00 100.00 -1000 2.20 8.27 18.37 -1000 24.97 1.46 215.187
car -1 -1 0.00 0.00 0.00 100.00 100.00 -1000 1.73 4.80 14.46 -1000 21.90 1.61 215.112
car -1 -1 0.00 0.00 0.00 100.00 100.00 -1000 1.92 5.38 13.63 -1000 32.26 1.60 214.253
car -1 -1 0.00 0.00 0.00 100.00 100.00 -1000 2.12 6.23 5.91 -1000 37.82 1.63 213.135
car -1 -1 0.00 0.00 0.00 100.00 100.00 -1000 2.00 6.20 -10.23 -1000 36.58 1.40 212.628
car -1 -1 0.00 0.00 0.00 100.00 100.00 -1000 1.96 6.36 9.72 -1000 40.26 1.53 211.987
car -1 -1 0.00 0.00 0.00 100.00 100.00 -1000 2.09 8.27 16.70 -1000 32.21 1.63 210.109
car -1 -1 0.00 0.00 0.00 100.00 100.00 -1000 4.17 17.19 5.99 -1000 9.55 2.36 207.520
car -1 -1 0.00 0.00 0.00 100.00 100.00 -1000 1.77 5.69 14.71 -1000 16.72 1.60 205.060
car -1 -1 0.00 0.00 0.00 100.00 100.00 -1000 2.40 6.66 -8.19 -1000 44.25 1.49 204.983
car -1 -1 0.00 0.00 0.00 100.00 100.00 -1000 1.85 6.13 -13.43 -1000 33.16 1.48 201.929
car -1 -1 0.00 0.00 0.00 100.00 100.00 -1000 2.17 7.38 -15.78 -1000 22.46 1.59 199.703
car -1 -1 0.00 0.00 0.00 100.00 100.00 -1000 1.95 6.82 -9.90 -1000 42.36 1.45 198.556
car -1 -1 0.00 0.00 0.00 100.00 100.00 -1000 1.70 4.48 7.14 -1000 35.52 1.58 196.108
car -1 -1 0.00 0.00 0.00 100.00 100.00 -1000 1.91 5.50 2.62 -1000 35.40 1.52 195.340
car -1 -1 0.00 0.00 0.00 100.00 100.00 -1000 1.93 6.72 1.59 -1000 32.61 1.46 195.255
car -1 -1 0.00 0.00 0.00 100.00 100.00 -1000 2.28 8.62 -14.47 -1000 37.03 1.49 194.469
car -1 -1 0.00 0.00 0.00 100.00 100.00 -1000 2.13 10.95 -13.36 -1000 30.54 1.42 193.210
car -1 -1 0.00 0.00 0.00 100.00 100.00 -1000 1.86 6.13 19.30 -1000 34.68 1.54 188.827
car -1 -1 0.00 0.00 0.00 100.00 100.00 -1000 1.77 5.76 15.15 -1000 46.06 1.53 188.737
car -1 -1 0.00 0.00 0.00 100.00 100.00 -1000 1.97 6.87 -15.02 -1000 21.61 1.49 188.009
car -1 -1 0.00 0.00 0.00 100.00 100.00 -1000 1.77 5.37 1.65 -1000 30.69 1.48 186.861
car -1 -1 0.00 0.00 0.00 100.00 100.00 -1000 1.79 4.82 19.31 -1000 24.25 1.57 186.624
car -1 -1 0.00 0.00 0.00 100.00 100.00 -1000 2.13 7.89 -14.15 -1000 29.79 1.61 185.353
car -1 -1 0.00 0.00 0.00 100.00 100.00 -1000 1.63 4.26 4.03 -1000 23.40 -0.30 185.096
car -1 -1 0.00 0.00 0.00 100.00 100.00 -1000 2.11 7.10 -18.98 -1000 32.29 1.58 185.034
car -1 -1 0.00 0.00 0.00 100.00 100.00 -1000 1.97 6.12 11.53 -1000 46.77 1.53 184.880
car -1 -1 0.00 0.00 0.00 100.00 100.00 -1000 2.06 6.20 -13.76 -1000 44.01 1.49 184.779
car -1 -1 0.00 0.00 0.00 100.00 100.00 -1000 1.89 6.23 15.66 -1000 41.16 1.46 183.663
car -1 -1 0.00 0.00 0.00 100.00 100.00 -1000 2.49 8.29 2.07 -1000 18.90 1.89 183.244
car -1 -1 0.00 0.00 0.00 100.00 100.00 -1000 1.76 4.13 4.16 -1000 34.85 -0.04 182.644
car -1 -1 0.00 0.00 0.00 100.00 100.00 -1000 2.06 7.53 -14.86 -1000 19.31 1.53 181.937
car -1 -1 0.00 0.00 0.00 100.00 100.00 -1000 2.15 10.68 17.10 -1000 31.03 1.45 181.260
car -1 -1 0.00 0.00 0.00 100.00 100.00 -1000 1.77 5.56 -10.85 -1000 45.67 1.39 179.443
car -1 -1 0.00 0.00 0.00 100.00 100.00 -1000 1.80 4.75 6.37 -1000 34.68 1.63 179.254
car -1 -1 0.00 0.00 0.00 100.00 100.00 -1000 2.03 6.95 -18.97 -1000 30.69 1.58 179.168
car -1 -1 0.00 0.00 0.00 100.00 100.00 -1000 2.02 8.40 16.97 -1000 21.44 1.43 178.987
car -1 -1 0.00 0.00 0.00 100.00 100.00 -1000 2.16 7.76 10.18 -1000 24.16 1.52 177.721
car -1 -1 0.00 0.00 0.00 100.00 100.00 -1000 1.95 5.91 -10.62 -1000 16.07 1.75 177.173
car -1 -1 0.00 0.00 0.00 100.00 100.00 -1000 2.18 7.75 -13.59 -1000 46.26 1.49 176.371
car -1 -1 0.00 0.00 0.00 100.00 100.00 -1000 2.09 6.58 7.34 -1000 43.60 1.50 176.077
car -1 -1 0.00 0.00 0.00 100.00 100.00 -1000 1.99 6.47 13.32 -1000 20.85 1.51 175.823
car -1 -1 0.00 0.00 0.00 100.00 100.00 -1000 2.01 7.28 -19.57 -1000 27.47 1.59 173.717
car -1 -1 0.00 0.00 0.00 100.00 100.00 -1000 1.87 5.91 -16.81 -1000 43.64 1.49 173.677
car -1 -1 0.00 0.00 0.00 100.00 100.00 -1000 2.14 9.23 -5.37 -1000 46.49 1.48 173.531
car -1 -1 0.00 0.00 0.00 100.00 100.00 -1000 2.19 7.55 -11.68 -1000 43.41 1.47 170.851
car -1 -1 0.00 0.00 0.00 100.00 100.00 -1000 2.14 10.52 16.43 -1000 45.61 1.36 168.270
car -1 -1 0.00 0.00 0.00 100.00 100.00 -1000 2.11 7.48 1.40 -1000 36.66 1.45 167.558
car -1 -1 0.00 0.00 0.00 100.00 100.00 -1000 1.98 6.90 15.14 -1000 47.26 1.48 166.970
car -1 -1 0.00 0.00 0.00 100.00 100.00 -1000 2.18 8.12 12.61 -1000 25.66 1.53 165.805
car -1 -1 0.00 0.00 0.00 100.00 100.00 -1000 2.03 7.49 0.53 -1000 41.05 1.52 165.207
car -1 -1 0.00 0.00 0.00 100.00 100.00 -1000 2.13 6.49 6.62 -1000 24.18 1.50 165.097
car -1 -1 0.00 0.00 0.00 100.00 100.00 -1000 1.92 7.20 19.01 -1000 36.96 1.49 165.003
car -1 -1 0.00 0.00 0.00 100.00 100.00 -1000 1.90 6.96 -19.67 -1000 28.70 1.49 164.725
car -1 -1 0.00 0.00 0.00 100.00 100.00 -1000 2.12 6.94 -19.32 -1000 35.57 1.65 162.058
car -1 -1 0.00 0.00 0.00 100.00 100.00 -1000 2.08 8.65 17.31 -1000 18.20 1.46 160.310
car -1 -1 0.00 0.00 0.00 100.00 100.00 -1000 1.91 5.61 14.04 -1000 18.18 1.56 159.329
car -1 -1 0.00 0.00 0.00 100.00 100.00 -1000 2.95 10.23 1.81 -1000 17.83 2.11 158.815
car -1 -1 0.00 0.00 0.00 100.00 100.00 -1000 2.19 7.27 8.29 -1000 36.98 1.52 158.480
car -1 -1 0.00 0.00 0.00 100.00 100.00 -1000 2.23 7.07 4.70 -1000 43.53 1.59 157.703
car -1 -1 0.00 0.00 0.00 100.00 100.00 -1000 2.01 7.73 16.49 -1000 17.37 1.49 155.423
car -1 -1 0.00 0.00 0.00 100.00 100.00 -1000 2.00 6.23 11.51 -1000 31.54 1.59 154.197
car -1 -1 0.00 0.00 0.00 100.00 100.00 -1000 2.04 9.60 13.62 -1000 29.09 1.38 153.756
car -1 -1 0.00 0.00 0.00 100.00 100.00 -1000 2.49 12.14 16.71 -1000 25.76 1.47 152.344
car -1 -1 0.00 0.00 0.00 100.00 100.00 -1000 1.91 5.80 -15.89 -1000 20.73 1.56 152.287
car -1 -1 0.00 0.00 0.00 100.00 100.00 -1000 1.93 6.45 -6.69 -1000 40.12 1.51 151.131
car -1 -1 0.00 0.00 0.00 100.00 100.00 -1000 2.05 6.33 -16.43 -1000 31.40 1.43 148.810
car -1 -1 0.00 0.00 0.00 100.00 100.00 -1000 2.31 9.19 8.24 -1000 47.44 1.54 148.430
car -1 -1 0.00 0.00 0.00 100.00 100.00 -1000 2.35 8.87 7.31 -1000 22.17 1.41 147.675
car -1 -1 0.00 0.00 0.00 100.00 100.00 -1000 2.20 8.68 15.46 -1000 43.08 1.42 146.593
car -1 -1 0.00 0.00 0.00 100.00 100.00 -1000 2.13 7.42 11.24 -1000 26.47 1.54 146.470
car -1 -1 0.00 0.00 0.00 100.00 100.00 -1000 2.04 6.10 6.08 -1000 33.89 1.58 146.142
car -1 -1 0.00 0.00 0.00 100.00 100.00 -1000 2.09 5.59 -2.16 -1000 21.87 1.83 146.133
car -1 -1 0.00 0.00 0.00 100.00 100.00 -1000 2.27 8.26 4.69 -1000 36.55 1.46 145.992
car -1 -1 0.00 0.00 0.00 100.00 100.00 -1000 2.13 7.27 -15.86 -1000 27.28 1.49 145.377
car -1 -1 0.00 0.00 0.00 100.00 100.00 -1000 2.05 5.40 -9.07 -1000 35.35 0.01 144.301
car -1 -1 0.00 0.00 0.00 100.00 100.00 -1000 1.61 3.65 3.80 -1000 21.71 -0.03 144.166
car -1 -1 0.00 0.00 0.00 100.00 100.00 -1000 1.81 4.94 -14.99 -1000 40.95 1.57 142.677
car -1 -1 0.00 0.00 0.00 100.00 100.00 -1000 2.65 8.49 3.43 -1000 16.85 2.03 142.427
car -1 -1 0.00 0.00 0.00 100.00 100.00 -1000 2.11 8.71 8.02 -1000 12.04 1.57 141.650
car -1 -1 0.00 0.00 0.00 100.00 100.00 -1000 2.20 7.89 -7.83 -1000 47.42 1.55 141.134
car -1 -1 0.00 0.00 0.00 100.00 100.00 -1000 2.03 7.08 13.87 -1000 24.15 1.48 141.033
car -1 -1 0.00 0.00 0.00 100.00 100.00 -1000 1.88 5.78 1.41 -1000 34.73 1.49 138.386
car -1 -1 0.00 0.00 0.00 100.00 100.00 -1000 1.80 5.90 -19.25 -1000 29.56 1.49 137.884
car -1 -1 0.00 0.00 0.00 100.00 100.00 -1000 1.88 6.22 19.69 -1000 23.11 1.59 137.835
car -1 -1 0.00 0.00 0.00 100.00 100.00 -1000 1.74 4.55 -8.77 -1000 36.19 1.68 137.603
car -1 -1 0.00 0.00 0.00 100.00 100.00 -1000 2.27 7.56 -17.20 -1000 33.79 1.62 137.575
