car -1 -1 0.00 0.00 0.00 100.00 100.00 -1000 1.51 3.35 -9.91 -1000 38.84 1.58 999.395
car -1 -1 0.00 0.00 0.00 100.00 100.00 -1000 1.65 3.64 0.04 -1000 7.18 1.64 998.717
car -1 -1 0.00 0.00 0.00 100.00 100.00 -1000 1.51 3.23 -10.18 -1000 33.67 1.69 997.626
car -1 -1 0.00 0.00 0.00 100.00 100.00 -1000 2.64 7.12 1.34 -1000 7.36 1.78 995.768
car -1 -1 0.00 0.00 0.00 100.00 100.00 -1000 1.94 4.88 -8.95 -1000 38.16 0.10 994.252
car -1 -1 0.00 0.00 0.00 100.00 100.00 -1000 1.50 3.19 -8.31 -1000 38.70 1.63 993.460
car -1 -1 0.00 0.00 0.00 100.00 100.00 -1000 1.95 5.00 0.42 -1000 8.23 1.69 989.091
car -1 -1 0.00 0.00 0.00 100.00 100.00 -1000 1.66 3.91 -0.05 -1000 6.24 0.04 988.252
car -1 -1 0.00 0.00 0.00 100.00 100.00 -1000 3.60 15.16 2.29 -1000 8.50 2.16 973.214
car -1 -1 0.00 0.00 0.00 100.00 100.00 -1000 1.59 3.85 -10.90 -1000 32.94 0.00 972.824
car -1 -1 0.00 0.00 0.00 100.00 100.00 -1000 1.58 3.79 18.47 -1000 44.11 1.70 965.559
car -1 -1 0.00 0.00 0.00 100.00 100.00 -1000 2.38 6.91 1.18 -1000 10.88 1.51 956.281
car -1 -1 0.00 0.00 0.00 100.00 100.00 -1000 1.75 4.93 -9.42 -1000 39.45 1.64 955.655
car -1 -1 0.00 0.00 0.00 100.00 100.00 -1000 2.74 11.89 -8.88 -1000 41.44 1.37 944.655
car -1 -1 0.00 0.00 0.00 100.00 100.00 -1000 1.60 3.74 -11.96 -1000 33.82 1.57 941.338
car -1 -1 0.00 0.00 0.00 100.00 100.00 -1000 2.78 6.82 1.29 -1000 6.13 1.98 918.619
car -1 -1 0.00 0.00 0.00 100.00 100.00 -1000 1.86 5.14 -10.28 -1000 34.20 1.64 907.492
car -1 -1 0.00 0.00 0.00 100.00 100.00 -1000 1.49 3.38 17.71 -1000 42.29 1.68 905.793
car -1 -1 0.00 0.00 0.00 100.00 100.00 -1000 2.35 8.51 -1.62 -1000 8.85 1.62 899.491
car -1 -1 0.00 0.00 0.00 100.00 100.00 -1000 2.51 9.64 -11.07 -1000 40.32 1.39 896.069
car -1 -1 0.00 0.00 0.00 100.00 100.00 -1000 4.15 19.23 -10.46 -1000 41.62 1.17 880.087
car -1 -1 0.00 0.00 0.00 100.00 100.00 -1000 1.60 3.58 -13.42 -1000 33.93 1.55 878.645
car -1 -1 0.00 0.00 0.00 100.00 100.00 -1000 3.04 11.71 0.18 -1000 10.04 1.58 871.810
car -1 -1 0.00 0.00 0.00 100.00 100.00 -1000 1.55 3.96 -9.10 -1000 33.31 1.66 868.638
car -1 -1 0.00 0.00 0.00 100.00 100.00 -1000 1.63 3.95 4.58 -1000 41.78 1.60 860.747
car -1 -1 0.00 0.00 0.00 100.00 100.00 -1000 2.39 9.59 -11.10 -1000 42.19 1.43 843.843
car -1 -1 0.00 0.00 0.00 100.00 100.00 -1000 1.97 6.06 -5.89 -1000 41.42 1.50 842.920
car -1 -1 0.00 0.00 0.00 100.00 100.00 -1000 5.18 26.76 -0.83 -1000 8.69 2.32 838.897
car -1 -1 0.00 0.00 0.00 100.00 100.00 -1000 2.17 7.89 -10.94 -1000 34.95 1.50 833.702
car -1 -1 0.00 0.00 0.00 100.00 100.00 -1000 2.79 10.66 -9.64 -1000 35.96 1.47 822.799
car -1 -1 0.00 0.00 0.00 100.00 100.00 -1000 2.15 5.86 3.42 -1000 11.04 1.74 785.757
car -1 -1 0.00 0.00 0.00 100.00 100.00 -1000 1.56 3.66 17.78 -1000 41.37 -0.06 773.580
car -1 -1 0.00 0.00 0.00 100.00 100.00 -1000 1.54 3.79 -12.62 -1000 33.15 0.16 773.234
car -1 -1 0.00 0.00 0.00 100.00 100.00 -1000 1.62 4.02 -2.62 -1000 46.79 1.63 765.180
car -1 -1 0.00 0.00 0.00 100.00 100.00 -1000 1.85 5.61 17.48 -1000 45.56 1.56 762.537
car -1 -1 0.00 0.00 0.00 100.00 100.00 -1000 1.53 3.80 -3.25 -1000 45.99 -0.06 761.945
car -1 -1 0.00 0.00 0.00 100.00 100.00 -1000 1.78 4.43 18.29 -1000 43.29 -0.05 750.538
car -1 -1 0.00 0.00 0.00 100.00 100.00 -1000 1.56 3.58 16.62 -1000 41.98 1.54 722.248
car -1 -1 0.00 0.00 0.00 100.00 100.00 -1000 1.64 3.94 -14.23 -1000 33.34 0.02 715.016
car -1 -1 0.00 0.00 0.00 100.00 100.00 -1000 4.51 14.43 3.61 -1000 6.02 2.26 712.949
car -1 -1 0.00 0.00 0.00 100.00 100.00 -1000 2.35 8.49 -12.96 -1000 41.01 1.44 697.343
car -1 -1 0.00 0.00 0.00 100.00 100.00 -1000 2.13 5.68 -9.16 -1000 36.70 1.49 686.581
car -1 -1 0.00 0.00 0.00 100.00 100.00 -1000 1.59 3.66 14.18 -1000 37.86 1.57 684.458
car -1 -1 0.00 0.00 0.00 100.00 100.00 -1000 2.21 5.41 0.29 -1000 5.36 1.65 681.344
car -1 -1 0.00 0.00 0.00 100.00 100.00 -1000 1.59 3.74 17.26 -1000 44.77 1.54 678.244
car -1 -1 0.00 0.00 0.00 100.00 100.00 -1000 2.41 9.51 -9.54 -1000 42.96 1.46 675.876
car -1 -1 0.00 0.00 0.00 100.00 100.00 -1000 1.80 5.08 15.32 -1000 46.26 1.62 664.246
car -1 -1 0.00 0.00 0.00 100.00 100.00 -1000 2.07 5.27 3.44 -1000 10.09 1.84 664.002
car -1 -1 0.00 0.00 0.00 100.00 100.00 -1000 1.63 3.75 -5.12 -1000 36.87 1.49 635.578
car -1 -1 0.00 0.00 0.00 100.00 100.00 -1000 1.71 4.09 18.59 -1000 37.21 1.57 623.916
car -1 -1 0.00 0.00 0.00 100.00 100.00 -1000 7.42 44.16 -0.68 -1000 9.73 1.97 622.682
car -1 -1 0.00 0.00 0.00 100.00 100.00 -1000 1.75 4.65 -6.83 -1000 36.85 1.46 622.324
car -1 -1 0.00 0.00 0.00 100.00 100.00 -1000 2.09 10.05 17.34 -1000 22.54 1.64 610.035
car -1 -1 0.00 0.00 0.00 100.00 100.00 -1000 1.76 4.55 11.33 -1000 47.06 -0.17 608.341
car -1 -1 0.00 0.00 0.00 100.00 100.00 -1000 2.49 8.07 -6.78 -1000 39.01 1.54 603.832
car -1 -1 0.00 0.00 0.00 100.00 100.00 -1000 1.60 3.82 -4.28 -1000 36.14 0.22 602.980
car -1 -1 0.00 0.00 0.00 100.00 100.00 -1000 1.58 3.78 13.23 -1000 37.28 -0.00 601.241
car -1 -1 0.00 0.00 0.00 100.00 100.00 -1000 2.23 8.24 -11.79 -1000 36.58 1.44 600.638
car -1 -1 0.00 0.00 0.00 100.00 100.00 -1000 1.62 4.23 -7.07 -1000 38.05 1.66 589.666
car -1 -1 0.00 0.00 0.00 100.00 100.00 -1000 1.67 4.06 -3.98 -1000 41.16 1.57 577.732
car -1 -1 0.00 0.00 0.00 100.00 100.00 -1000 1.63 3.99 -10.54 -1000 38.17 0.13 562.645
car -1 -1 0.00 0.00 0.00 100.00 100.00 -1000 1.55 3.63 13.22 -1000 46.12 -0.06 561.742
car -1 -1 0.00 0.00 0.00 100.00 100.00 -1000 1.83 7.31 8.97 -1000 23.48 1.52 559.902
car -1 -1 0.00 0.00 0.00 100.00 100.00 -1000 3.36 11.33 2.73 -1000 11.57 1.82 559.691
car -1 -1 0.00 0.00 0.00 100.00 100.00 -1000 7.52 41.48 1.72 -1000 6.81 2.18 555.566
car -1 -1 0.00 0.00 0.00 100.00 100.00 -1000 1.92 7.37 12.50 -1000 23.46 1.54 554.491
car -1 -1 0.00 0.00 0.00 100.00 100.00 -1000 1.67 3.96 -17.10 -1000 38.72 1.59 552.562
car -1 -1 0.00 0.00 0.00 100.00 100.00 -1000 1.60 3.82 16.01 -1000 37.56 1.56 548.081
car -1 -1 0.00 0.00 0.00 100.00 100.00 -1000 1.56 3.83 14.73 -1000 37.16 0.00 544.353
car -1 -1 0.00 0.00 0.00 100.00 100.00 -1000 1.55 3.40 -1.60 -1000 46.23 1.64 533.397
car -1 -1 0.00 0.00 0.00 100.00 100.00 -1000 1.56 4.02 -4.21 -1000 40.36 -0.02 532.662
car -1 -1 0.00 0.00 0.00 100.00 100.00 -1000 1.99 8.11 15.85 -1000 24.27 1.47 532.570
car -1 -1 0.00 0.00 0.00 100.00 100.00 -1000 2.08 10.70 10.80 -1000 29.17 1.39 522.557
car -1 -1 0.00 0.00 0.00 100.00 100.00 -1000 1.99 6.69 -11.50 -1000 39.46 1.47 518.775
car -1 -1 0.00 0.00 0.00 100.00 100.00 -1000 1.63 3.99 -9.74 -1000 32.54 1.67 517.341
car -1 -1 0.00 0.00 0.00 100.00 100.00 -1000 1.69 4.23 -7.93 -1000 37.40 1.63 517.215
car -1 -1 0.00 0.00 0.00 100.00 100.00 -1000 1.77 4.41 15.89 -1000 45.22 1.51 516.274
car -1 -1 0.00 0.00 0.00 100.00 100.00 -1000 2.11 8.09 4.57 -1000 12.45 1.47 497.050
car -1 -1 0.00 0.00 0.00 100.00 100.00 -1000 1.65 3.93 5.90 -1000 37.62 1.59 496.105
car -1 -1 0.00 0.00 0.00 100.00 100.00 -1000 1.78 4.62 12.95 -1000 38.29 1.54 495.214
car -1 -1 0.00 0.00 0.00 100.00 100.00 -1000 1.99 5.63 2.56 -1000 46.26 1.48 493.900
car -1 -1 0.00 0.00 0.00 100.00 100.00 -1000 2.10 10.01 12.93 -1000 32.19 1.66 475.002
car -1 -1 0.00 0.00 0.00 100.00 100.00 -1000 1.60 3.79 5.25 -1000 36.85 -0.02 471.683
car -1 -1 0.00 0.00 0.00 100.00 100.00 -1000 2.47 9.05 -7.85 -1000 40.14 1.44 464.244
car -1 -1 0.00 0.00 0.00 100.00 100.00 -1000 2.00 5.66 4.12 -1000 43.96 1.51 461.822
car -1 -1 0.00 0.00 0.00 100.00 100.00 -1000 1.59 3.68 18.15 -1000 36.47 0.02 460.141
car -1 -1 0.00 0.00 0.00 100.00 100.00 -1000 1.98 6.88 -8.14 -1000 33.84 1.47 459.557
car -1 -1 0.00 0.00 0.00 100.00 100.00 -1000 1.98 11.38 16.61 -1000 23.52 1.39 456.458
car -1 -1 0.00 0.00 0.00 100.00 100.00 -1000 1.65 4.13 -15.84 -1000 34.32 1.54 455.031
car -1 -1 0.00 0.00 0.00 100.00 100.00 -1000 1.77 5.12 -7.14 -1000 33.15 1.49 451.911
car -1 -1 0.00 0.00 0.00 100.00 100.00 -1000 1.76 4.92 -5.65 -1000 37.74 1.56 450.335
car -1 -1 0.00 0.00 0.00 100.00 100.00 -1000 2.04 6.98 14.15 -1000 24.91 1.57 448.083
car -1 -1 0.00 0.00 0.00 100.00 100.00 -1000 1.68 4.17 18.81 -1000 41.88 1.60 442.605
car -1 -1 0.00 0.00 0.00 100.00 100.00 -1000 1.87 5.32 14.44 -1000 46.92 1.62 436.947
car -1 -1 0.00 0.00 0.00 100.00 100.00 -1000 1.73 4.62 -4.02 -1000 27.80 1.52 435.605
car -1 -1 0.00 0.00 0.00 100.00 100.00 -1000 1.76 4.55 -17.19 -1000 23.33 1.54 435.316
car -1 -1 0.00 0.00 0.00 100.00 100.00 -1000 1.94 6.41 -11.94 -1000 37.52 1.46 431.263
car -1 -1 0.00 0.00 0.00 100.00 100.00 -1000 2.77 8.20 6.38 -1000 5.70 1.78 397.912
car -1 -1 0.00 0.00 0.00 100.00 100.00 -1000 1.80 4.58 15.00 -1000 41.95 1.57 388.765
car -1 -1 0.00 0.00 0.00 100.00 100.00 -1000 1.71 4.54 5.11 -1000 40.93 0.03 385.385
car -1 -1 0.00 0.00 0.00 100.00 100.00 -1000 1.80 4.69 -3.48 -1000 36.96 1.56 379.118
car -1 -1 0.00 0.00 0.00 100.00 100.00 -1000 1.87 5.13 15.82 -1000 38.22 1.52 369.026
car -1 -1 0.00 0.00 0.00 100.00 100.00 -1000 1.79 4.90 3.15 -1000 45.15 1.60 364.469
car -1 -1 0.00 0.00 0.00 100.00 100.00 -1000 1.78 4.49 16.88 -1000 43.64 1.53 359.643
car -1 -1 0.00 0.00 0.00 100.00 100.00 -1000 1.79 4.42 2.05 -1000 4.90 1.63 357.198
car -1 -1 0.00 0.00 0.00 100.00 100.00 -1000 2.86 7.72 -6.77 -1000 43.42 1.39 354.414
car -1 -1 0.00 0.00 0.00 100.00 100.00 -1000 1.83 4.96 9.80 -1000 16.88 1.54 349.452
car -1 -1 0.00 0.00 0.00 100.00 100.00 -1000 1.83 5.02 11.51 -1000 37.72 1.48 344.583
car -1 -1 0.00 0.00 0.00 100.00 100.00 -1000 1.75 4.90 6.31 -1000 41.86 1.59 339.678
car -1 -1 0.00 0.00 0.00 100.00 100.00 -1000 2.00 5.92 -6.48 -1000 47.65 1.60 334.593
car -1 -1 0.00 0.00 0.00 100.00 100.00 -1000 1.82 5.31 -1.16 -1000 47.07 1.62 333.246
car -1 -1 0.00 0.00 0.00 100.00 100.00 -1000 2.02 6.43 6.38 -1000 46.33 1.53 330.843
car -1 -1 0.00 0.00 0.00 100.00 100.00 -1000 2.13 6.19 17.20 -1000 46.69 1.52 328.126
car -1 -1 0.00 0.00 0.00 100.00 100.00 -1000 1.82 4.85 16.90 -1000 36.98 1.56 327.117
car -1 -1 0.00 0.00 0.00 100.00 100.00 -1000 1.79 4.99 -4.50 -1000 46.74 1.56 326.000
car -1 -1 0.00 0.00 0.00 100.00 100.00 -1000 1.98 6.27 -14.38 -1000 34.96 1.47 321.437
car -1 -1 0.00 0.00 0.00 100.00 100.00 -1000 1.83 5.33 7.00 -1000 40.43 1.52 318.774
car -1 -1 0.00 0.00 0.00 100.00 100.00 -1000 2.23 6.44 5.86 -1000 10.07 1.89 312.916
car -1 -1 0.00 0.00 0.00 100.00 100.00 -1000 2.06 5.73 15.19 -1000 43.41 1.56 312.548
car -1 -1 0.00 0.00 0.00 100.00 100.00 -1000 2.18 6.86 9.90 -1000 41.85 1.64 308.205
car -1 -1 0.00 0.00 0.00 100.00 100.00 -1000 2.27 7.81 -6.50 -1000 44.81 1.51 304.478
car -1 -1 0.00 0.00 0.00 100.00 100.00 -1000 1.92 5.69 9.90 -1000 39.43 1.56 302.129
car -1 -1 0.00 0.00 0.00 100.00 100.00 -1000 1.82 4.89 8.43 -1000 17.37 1.56 297.542
car -1 -1 0.00 0.00 0.00 100.00 100.00 -1000 2.14 8.22 6.42 -1000 32.18 1.59 286.164
car -1 -1 0.00 0.00 0.00 100.00 100.00 -1000 2.19 7.70 9.77 -1000 26.29 1.47 284.887
car -1 -1 0.00 0.00 0.00 100.00 100.00 -1000 1.73 5.07 7.27 -1000 37.18 1.68 282.887
car -1 -1 0.00 0.00 0.00 100.00 100.00 -1000 2.16 7.52 11.84 -1000 25.82 1.51 281.915
car -1 -1 0.00 0.00 0.00 100.00 100.00 -1000 2.11 6.72 10.03 -1000 47.64 1.52 281.031
car -1 -1 0.00 0.00 0.00 100.00 100.00 -1000 2.31 9.13 -13.00 -1000 35.75 1.39 280.679
car -1 -1 0.00 0.00 0.00 100.00 100.00 -1000 2.52 11.83 -14.69 -1000 41.85 1.51 278.888
car -1 -1 0.00 0.00 0.00 100.00 100.00 -1000 1.83 5.78 13.35 -1000 36.33 1.56 274.721
car -1 -1 0.00 0.00 0.00 100.00 100.00 -1000 2.09 8.02 6.72 -1000 11.21 1.45 270.888
car -1 -1 0.00 0.00 0.00 100.00 100.00 -1000 2.21 11.10 17.01 -1000 30.63 1.69 266.415
car -1 -1 0.00 0.00 0.00 100.00 100.00 -1000 1.78 4.57 6.35 -1000 36.38 1.64 265.539
car -1 -1 0.00 0.00 0.00 100.00 100.00 -1000 2.25 7.05 6.71 -1000 44.26 1.45 265.173
car -1 -1 0.00 0.00 0.00 100.00 100.00 -1000 1.91 4.71 -9.89 -1000 31.52 1.56 262.605
car -1 -1 0.00 0.00 0.00 100.00 100.00 -1000 1.92 5.56 -17.05 -1000 34.93 1.51 261.765
car -1 -1 0.00 0.00 0.00 100.00 100.00 -1000 1.83 4.56 -1.68 -1000 45.30 1.65 261.236
car -1 -1 0.00 0.00 0.00 100.00 100.00 -1000 1.84 6.38 16.56 -1000 36.02 1.59 260.152
car -1 -1 0.00 0.00 0.00 100.00 100.00 -1000 1.81 5.36 -14.97 -1000 30.66 1.50 259.307
car -1 -1 0.00 0.00 0.00 100.00 100.00 -1000 1.90 5.57 4.38 -1000 30.60 1.53 258.363
car -1 -1 0.00 0.00 0.00 100.00 100.00 -1000 2.34 11.99 -7.00 -1000 34.30 1.49 256.927
car -1 -1 0.00 0.00 0.00 100.00 100.00 -1000 1.66 4.18 6.13 -1000 45.42 -0.17 256.032
car -1 -1 0.00 0.00 0.00 100.00 100.00 -1000 2.06 6.45 14.07 -1000 38.84 1.48 252.420
car -1 -1 0.00 0.00 0.00 100.00 100.00 -1000 1.84 5.00 4.59 -1000 42.71 1.61 249.334
car -1 -1 0.00 0.00 0.00 100.00 100.00 -1000 1.90 5.79 7.81 -1000 27.27 1.61 242.621
car -1 -1 0.00 0.00 0.00 100.00 100.00 -1000 2.21 7.73 2.67 -1000 46.98 1.57 239.305
car -1 -1 0.00 0.00 0.00 100.00 100.00 -1000 2.24 8.11 -12.08 -1000 31.97 1.67 235.100
car -1 -1 0.00 0.00 0.00 100.00 100.00 -1000 1.63 3.80 15.96 -1000 41.21 -0.17 234.597
car -1 -1 0.00 0.00 0.00 100.00 100.00 -1000 2.17 6.75 -3.32 -1000 41.68 1.55 223.966
car -1 -1 0.00 0.00 0.00 100.00 100.00 -1000 1.93 5.20 13.81 -1000 45.27 1.55 222.391
car -1 -1 0.00 0.00 0.00 100.00 100.00 -1000 1.86 5.37 -16.26 -1000 21.38 1.60 221.181
car -1 -1 0.00 0.00 0.00 100.00 100.00 -1000 2.41 12.20 -10.89 -1000 43.83 1.46 220.464
car -1 -1 0.00 0.00 0.00 100.00 100.00 -1000 2.14 6.29 -5.04 -1000 33.84 1.67 220.277
car -1 -1 0.00 0.00 0.00 100.00 100.00 -1000 2.16 7.21 -5.72 -1000 42.41 1.58 217.877
car -1 -1 0.00 0.00 0.00 100.00 100.00 -1000 1.47 4.16 18.73 -1000 45.08 -0.73 216.014
car -1 -1 0.00 0.00 0.00 100.00 100.00 -1000 1.95 5.60 -17.80 -1000 39.39 1.55 215.753
car -1 -1 0.00 0.00 0.00 100.00 100.00 -1000 2.08 8.66 11.29 -1000 28.24 1.41 214.992
car -1 -1 0.00 0.00 0.00 100.00 100.00 -1000 1.75 5.25 19.05 -1000 35.58 1.53 214.758
car -1 -1 0.00 0.00 0.00 100.00 100.00 -1000 1.96 5.46 11.22 -1000 46.02 1.58 214.640
car -1 -1 0.00 0.00 0.00 100.00 100.00 -1000 1.96 6.68 2.08 -1000 3.99 1.53 214.136
car -1 -1 0.00 0.00 0.00 100.00 100.00 -1000 1.79 5.14 -18.69 -1000 32.16 1.64 214.019
car -1 -1 0.00 0.00 0.00 100.00 100.00 -1000 2.05 7.10 -13.70 -1000 37.04 1.45 211.676
car -1 -1 0.00 0.00 0.00 100.00 100.00 -1000 2.30 7.63 12.73 -1000 41.92 1.50 209.339
car -1 -1 0.00 0.00 0.00 100.00 100.00 -1000 1.65 3.82 4.18 -1000 36.45 0.02 206.183
car -1 -1 0.00 0.00 0.00 100.00 100.00 -1000 2.33 7.22 0.23 -1000 14.11 1.96 205.558
car -1 -1 0.00 0.00 0.00 100.00 100.00 -1000 2.16 10.84 5.13 -1000 13.43 1.50 205.255
car -1 -1 0.00 0.00 0.00 100.00 100.00 -1000 1.85 5.29 11.06 -1000 38.79 1.55 203.095
car -1 -1 0.00 0.00 0.00 100.00 100.00 -1000 2.03 8.45 12.83 -1000 16.47 1.48 201.117
car -1 -1 0.00 0.00 0.00 100.00 100.00 -1000 2.39 7.44 -6.33 -1000 35.52 1.47 201.113
car -1 -1 0.00 0.00 0.00 100.00 100.00 -1000 2.20 7.93 3.51 -1000 44.66 1.54 197.255
car -1 -1 0.00 0.00 0.00 100.00 100.00 -1000 2.26 8.21 -4.55 -1000 38.23 1.50 196.604
car -1 -1 0.00 0.00 0.00 100.00 100.00 -1000 1.77 5.19 10.67 -1000 16.20 1.54 196.466
car -1 -1 0.00 0.00 0.00 100.00 100.00 -1000 2.05 9.59 10.57 -1000 32.78 1.60 196.367
car -1 -1 0.00 0.00 0.00 100.00 100.00 -1000 1.66 3.88 -6.51 -1000 32.43 0.07 196.239
car -1 -1 0.00 0.00 0.00 100.00 100.00 -1000 2.62 8.43 3.34 -1000 15.26 1.67 195.720
car -1 -1 0.00 0.00 0.00 100.00 100.00 -1000 1.83 5.47 -16.05 -1000 31.31 1.54 192.685
car -1 -1 0.00 0.00 0.00 100.00 100.00 -1000 2.00 6.57 6.10 -1000 38.05 1.50 191.888
car -1 -1 0.00 0.00 0.00 100.00 100.00 -1000 1.98 5.65 -15.68 -1000 23.68 1.59 190.159
car -1 -1 0.00 0.00 0.00 100.00 100.00 -1000 2.19 11.38 9.49 -1000 30.19 1.39 189.008
car -1 -1 0.00 0.00 0.00 100.00 100.00 -1000 2.40 7.91 0.31 -1000 11.84 1.74 188.788
car -1 -1 0.00 0.00 0.00 100.00 100.00 -1000 1.82 5.52 -2.38 -1000 40.80 1.53 187.711
car -1 -1 0.00 0.00 0.00 100.00 100.00 -1000 1.89 5.46 -15.80 -1000 38.00 1.52 186.988
car -1 -1 0.00 0.00 0.00 100.00 100.00 -1000 1.94 6.60 -3.38 -1000 32.92 1.70 184.412
car -1 -1 0.00 0.00 0.00 100.00 100.00 -1000 1.96 4.85 -12.26 -1000 32.43 1.48 184.353
car -1 -1 0.00 0.00 0.00 100.00 100.00 -1000 1.98 5.93 3.65 -1000 17.32 1.49 182.969
car -1 -1 0.00 0.00 0.00 100.00 100.00 -1000 2.14 10.54 12.65 -1000 18.56 1.41 182.697
car -1 -1 0.00 0.00 0.00 100.00 100.00 -1000 2.41 13.98 8.56 -1000 24.68 1.59 182.172
car -1 -1 0.00 0.00 0.00 100.00 100.00 -1000 2.12 6.09 14.10 -1000 42.77 1.58 180.814
car -1 -1 0.00 0.00 0.00 100.00 100.00 -1000 1.60 4.21 15.49 -1000 44.46 0.05 180.295
car -1 -1 0.00 0.00 0.00 100.00 100.00 -1000 2.02 5.44 -13.90 -1000 31.39 1.73 178.723
car -1 -1 0.00 0.00 0.00 100.00 100.00 -1000 2.37 9.93 12.20 -1000 27.29 1.54 178.018
car -1 -1 0.00 0.00 0.00 100.00 100.00 -1000 2.14 7.15 18.28 -1000 38.17 1.48 175.797
car -1 -1 0.00 0.00 0.00 100.00 100.00 -1000 1.93 6.95 11.55 -1000 15.33 1.47 175.596
car -1 -1 0.00 0.00 0.00 100.00 100.00 -1000 2.06 6.43 7.22 -1000 42.65 1.47 175.528
car -1 -1 0.00 0.00 0.00 100.00 100.00 -1000 2.19 6.34 -3.70 -1000 39.12 1.43 174.106
car -1 -1 0.00 0.00 0.00 100.00 100.00 -1000 2.20 10.89 11.22 -1000 19.34 1.38 173.654
car -1 -1 0.00 0.00 0.00 100.00 100.00 -1000 3.14 10.62 5.13 -1000 9.25 2.05 173.378
car -1 -1 0.00 0.00 0.00 100.00 100.00 -1000 2.19 7.24 11.40 -1000 40.21 1.59 172.733
car -1 -1 0.00 0.00 0.00 100.00 100.00 -1000 1.98 6.41 4.51 -1000 29.01 1.55 172.579
car -1 -1 0.00 0.00 0.00 100.00 100.00 -1000 1.65 4.65 -0.13 -1000 45.77 1.54 171.821
car -1 -1 0.00 0.00 0.00 100.00 100.00 -1000 1.95 8.69 10.98 -1000 22.64 1.43 171.230
car -1 -1 0.00 0.00 0.00 100.00 100.00 -1000 2.13 6.09 6.87 -1000 8.84 1.78 170.544
car -1 -1 0.00 0.00 0.00 100.00 100.00 -1000 2.22 7.53 7.65 -1000 38.77 1.57 169.739
car -1 -1 0.00 0.00 0.00 100.00 100.00 -1000 2.22 6.73 13.26 -1000 44.21 1.55 169.314
car -1 -1 0.00 0.00 0.00 100.00 100.00 -1000 2.03 6.34 4.61 -1000 45.81 1.59 166.478
car -1 -1 0.00 0.00 0.00 100.00 100.00 -1000 1.97 5.51 -8.42 -1000 32.07 1.54 162.972
car -1 -1 0.00 0.00 0.00 100.00 100.00 -1000 1.78 6.93 -15.35 -1000 27.50 1.46 162.393
car -1 -1 0.00 0.00 0.00 100.00 100.00 -1000 2.11 6.93 -19.37 -1000 35.32 1.47 162.050
car -1 -1 0.00 0.00 0.00 100.00 100.00 -1000 1.98 6.78 5.77 -1000 31.25 1.49 161.806
car -1 -1 0.00 0.00 0.00 100.00 100.00 -1000 2.36 7.60 -0.30 -1000 15.68 1.99 160.936
car -1 -1 0.00 0.00 0.00 100.00 100.00 -1000 2.00 5.96 2.74 -1000 16.21 1.55 160.802
car -1 -1 0.00 0.00 0.00 100.00 100.00 -1000 2.07 6.75 -6.88 -1000 31.42 1.53 160.423
car -1 -1 0.00 0.00 0.00 100.00 100.00 -1000 2.25 6.45 -5.41 -1000 45.95 1.48 159.113
car -1 -1 0.00 0.00 0.00 100.00 100.00 -1000 1.88 5.53 -2.26 -1000 36.35 1.56 155.823
car -1 -1 0.00 0.00 0.00 100.00 100.00 -1000 1.99 6.57 -18.94 -1000 40.13 1.53 155.704
car -1 -1 0.00 0.00 0.00 100.00 100.00 -1000 2.23 7.92 1.23 -1000 47.66 1.52 154.973
car -1 -1 0.00 0.00 0.00 100.00 100.00 -1000 2.38 8.16 18.32 -1000 39.39 1.49 154.548
car -1 -1 0.00 0.00 0.00 100.00 100.00 -1000 2.04 9.49 1.19 -1000 27.88 1.50 154.294
car -1 -1 0.00 0.00 0.00 100.00 100.00 -1000 11.62 95.66 0.27 -1000 9.47 2.54 152.287
car -1 -1 0.00 0.00 0.00 100.00 100.00 -1000 2.03 6.25 13.94 -1000 41.03 1.55 151.618
car -1 -1 0.00 0.00 0.00 100.00 100.00 -1000 2.13 9.22 -0.11 -1000 26.96 1.44 150.292
car -1 -1 0.00 0.00 0.00 100.00 100.00 -1000 2.18 10.63 -0.09 -1000 38.73 1.41 150.241
car -1 -1 0.00 0.00 0.00 100.00 100.00 -1000 2.12 7.07 4.23 -1000 4.83 1.84 149.943
car -1 -1 0.00 0.00 0.00 100.00 100.00 -1000 2.23 8.20 11.13 -1000 17.31 1.45 149.724
car -1 -1 0.00 0.00 0.00 100.00 100.00 -1000 2.05 10.32 -10.93 -1000 45.97 1.41 149.202
car -1 -1 0.00 0.00 0.00 100.00 100.00 -1000 1.92 5.63 5.13 -1000 35.56 1.54 148.340
car -1 -1 0.00 0.00 0.00 100.00 100.00 -1000 1.94 6.35 -4.60 -1000 30.50 1.50 147.277
car -1 -1 0.00 0.00 0.00 100.00 100.00 -1000 2.16 7.01 -3.20 -1000 28.43 1.56 146.510
car -1 -1 0.00 0.00 0.00 100.00 100.00 -1000 2.08 9.63 3.87 -1000 33.42 1.40 145.793
car -1 -1 0.00 0.00 0.00 100.00 100.00 -1000 1.76 5.04 5.82 -1000 26.73 1.52 145.431
car -1 -1 0.00 0.00 0.00 100.00 100.00 -1000 2.24 7.65 -16.57 -1000 25.65 1.56 144.699
car -1 -1 0.00 0.00 0.00 100.00 100.00 -1000 1.98 7.55 9.09 -1000 37.61 1.61 144.179
car -1 -1 0.00 0.00 0.00 100.00 100.00 -1000 1.67 6.92 -18.65 -1000 28.25 1.44 142.873
car -1 -1 0.00 0.00 0.00 100.00 100.00 -1000 1.93 7.17 11.82 -1000 36.83 1.57 141.385
car -1 -1 0.00 0.00 0.00 100.00 100.00 -1000 2.51 8.60 -8.86 -1000 30.72 1.87 141.333
car -1 -1 0.00 0.00 0.00 100.00 100.00 -1000 1.90 6.37 -12.43 -1000 38.43 1.47 139.836
car -1 -1 0.00 0.00 0.00 100.00 100.00 -1000 2.40 7.12 -4.20 -1000 44.25 1.62 139.746
car -1 -1 0.00 0.00 0.00 100.00 100.00 -1000 1.79 4.41 -4.39 -1000 26.94 -0.14 138.127
car -1 -1 0.00 0.00 0.00 100.00 100.00 -1000 1.95 5.79 -4.31 -1000 25.45 1.42 137.548
car -1 -1 0.00 0.00 0.00 100.00 100.00 -1000 2.28 10.12 17.79 -1000 47.17 1.40 137.098
car -1 -1 0.00 0.00 0.00 100.00 100.00 -1000 1.98 6.35 -0.01 -1000 13.18 1.71 136.525
car -1 -1 0.00 0.00 0.00 100.00 100.00 -1000 2.00 6.49 -2.16 -1000 27.46 1.55 135.601
car -1 -1 0.00 0.00 0.00 100.00 100.00 -1000 2.12 9.98 -0.07 -1000 25.86 1.44 135.363
car -1 -1 0.00 0.00 0.00 100.00 100.00 -1000 1.91 4.62 8.24 -1000 16.24 -0.09 134.884
car -1 -1 0.00 0.00 0.00 100.00 100.00 -1000 1.99 6.57 2.48 -1000 43.52 1.47 133.509
car -1 -1 0.00 0.00 0.00 100.00 100.00 -1000 2.28 7.88 7.53 -1000 18.00 1.38 132.765
car -1 -1 0.00 0.00 0.00 100.00 100.00 -1000 2.12 7.14 -2.98 -1000 29.75 1.58 131.102
car -1 -1 0.00 0.00 0.00 100.00 100.00 -1000 1.90 6.19 8.88 -1000 24.99 1.57 130.982
car -1 -1 0.00 0.00 0.00 100.00 100.00 -1000 2.12 9.21 -1.41 -1000 43.59 1.49 130.521
car -1 -1 0.00 0.00 0.00 100.00 100.00 -1000 2.09 6.97 3.95 -1000 39.41 1.55 128.872
car -1 -1 0.00 0.00 0.00 100.00 100.00 -1000 2.28 8.09 5.22 -1000 43.27 1.58 128.820
car -1 -1 0.00 0.00 0.00 100.00 100.00 -1000 2.10 6.65 6.94 -1000 25.87 -0.05 127.579
car -1 -1 0.00 0.00 0.00 100.00 100.00 -1000 2.21 8.06 -13.60 -1000 39.92 1.40 126.876
car -1 -1 0.00 0.00 0.00 100.00 100.00 -1000 2.04 6.06 -7.03 -1000 28.97 1.74 125.470
car -1 -1 0.00 0.00 0.00 100.00 100.00 -1000 2.22 7.66 6.22 -1000 27.78 1.37 125.042
car -1 -1 0.00 0.00 0.00 100.00 100.00 -1000 2.39 6.81 16.65 -1000 40.28 1.55 124.782
car -1 -1 0.00 0.00 0.00 100.00 100.00 -1000 1.92 5.71 -17.18 -1000 32.57 1.59 124.527
car -1 -1 0.00 0.00 0.00 100.00 100.00 -1000 5.93 32.25 1.58 -1000 11.44 2.53 123.006
car -1 -1 0.00 0.00 0.00 100.00 100.00 -1000 2.32 10.21 1.07 -1000 33.81 1.52 121.163
car -1 -1 0.00 0.00 0.00 100.00 100.00 -1000 2.45 8.16 -4.14 -1000 34.68 1.66 119.996
car -1 -1 0.00 0.00 0.00 100.00 100.00 -1000 2.15 6.47 -1.04 -1000 18.10 1.83 118.947
car -1 -1 0.00 0.00 0.00 100.00 100.00 -1000 2.15 7.39 8.48 -1000 46.71 1.52 117.980
car -1 -1 0.00 0.00 0.00 100.00 100.00 -1000 2.19 7.93 -14.72 -1000 39.14 1.47 117.173
car -1 -1 0.00 0.00 0.00 100.00 100.00 -1000 1.97 7.10 10.23 -1000 14.52 1.50 116.375
car -1 -1 0.00 0.00 0.00 100.00 100.00 -1000 2.54 9.92 7.15 -1000 28.96 1.49 115.407
car -1 -1 0.00 0.00 0.00 100.00 100.00 -1000 2.09 11.74 9.45 -1000 20.19 1.33 115.231
car -1 -1 0.00 0.00 0.00 100.00 100.00 -1000 2.05 9.14 -0.02 -1000 39.90 1.42 113.579
car -1 -1 0.00 0.00 0.00 100.00 100.00 -1000 2.00 6.38 7.97 -1000 41.20 1.61 113.115
car -1 -1 0.00 0.00 0.00 100.00 100.00 -1000 1.84 5.00 3.77 -1000 40.49 1.51 112.224
car -1 -1 0.00 0.00 0.00 100.00 100.00 -1000 1.84 5.72 -19.63 -1000 37.52 1.43 111.902
car -1 -1 0.00 0.00 0.00 100.00 100.00 -1000 1.82 8.24 5.55 -1000 34.13 1.40 111.478
car -1 -1 0.00 0.00 0.00 100.00 100.00 -1000 2.13 9.76 5.36 -1000 35.07 1.56 111.150
