car -1 -1 0.00 0.00 0.00 100.00 100.00 -1000 1.68 4.39 2.04 -1000 12.90 -0.32 999.168
car -1 -1 0.00 0.00 0.00 100.00 100.00 -1000 1.66 3.85 -0.42 -1000 17.67 1.57 998.297
car -1 -1 0.00 0.00 0.00 100.00 100.00 -1000 1.60 3.55 3.02 -1000 13.51 1.82 997.576
car -1 -1 0.00 0.00 0.00 100.00 100.00 -1000 1.58 3.40 -10.37 -1000 16.24 1.70 997.487
car -1 -1 0.00 0.00 0.00 100.00 100.00 -1000 1.61 4.09 -11.17 -1000 15.58 -0.14 991.148
car -1 -1 0.00 0.00 0.00 100.00 100.00 -1000 1.62 3.70 -17.12 -1000 34.60 1.58 990.572
car -1 -1 0.00 0.00 0.00 100.00 100.00 -1000 1.72 3.93 3.92 -1000 6.31 1.53 989.061
car -1 -1 0.00 0.00 0.00 100.00 100.00 -1000 1.73 4.33 -0.00 -1000 16.91 0.11 984.164
car -1 -1 0.00 0.00 0.00 100.00 100.00 -1000 1.61 3.61 -12.88 -1000 23.28 1.57 982.537
car -1 -1 0.00 0.00 0.00 100.00 100.00 -1000 1.67 3.81 0.85 -1000 18.09 1.79 982.222
car -1 -1 0.00 0.00 0.00 100.00 100.00 -1000 1.93 4.94 1.68 -1000 13.94 1.69 972.825
car -1 -1 0.00 0.00 0.00 100.00 100.00 -1000 3.08 9.43 3.95 -1000 6.35 1.74 971.271
car -1 -1 0.00 0.00 0.00 100.00 100.00 -1000 1.61 3.53 -7.12 -1000 9.55 1.66 966.026
car -1 -1 0.00 0.00 0.00 100.00 100.00 -1000 1.61 3.63 -2.71 -1000 24.88 1.56 959.095
car -1 -1 0.00 0.00 0.00 100.00 100.00 -1000 1.63 3.64 -9.00 -1000 40.10 1.54 959.093
car -1 -1 0.00 0.00 0.00 100.00 100.00 -1000 1.55 3.44 6.45 -1000 19.76 1.60 957.902
car -1 -1 0.00 0.00 0.00 100.00 100.00 -1000 1.62 3.81 -1.88 -1000 24.34 -0.22 956.023
car -1 -1 0.00 0.00 0.00 100.00 100.00 -1000 1.66 4.00 -13.53 -1000 22.46 0.01 945.091
car -1 -1 0.00 0.00 0.00 100.00 100.00 -1000 1.92 5.33 0.93 -1000 18.76 1.61 931.247
car -1 -1 0.00 0.00 0.00 100.00 100.00 -1000 1.86 4.94 -10.72 -1000 17.01 1.57 927.504
car -1 -1 0.00 0.00 0.00 100.00 100.00 -1000 2.16 5.57 1.94 -1000 11.86 1.75 927.087
car -1 -1 0.00 0.00 0.00 100.00 100.00 -1000 1.62 3.83 -0.57 -1000 24.74 -0.23 921.197
car -1 -1 0.00 0.00 0.00 100.00 100.00 -1000 1.68 4.47 1.66 -1000 17.46 -0.27 915.631
car -1 -1 0.00 0.00 0.00 100.00 100.00 -1000 1.66 4.13 -17.51 -1000 33.65 -0.04 911.172
car -1 -1 0.00 0.00 0.00 100.00 100.00 -1000 1.60 3.70 -1.73 -1000 25.34 1.61 905.660
car -1 -1 0.00 0.00 0.00 100.00 100.00 -1000 2.76 9.32 2.39 -1000 14.00 1.91 904.049
car -1 -1 0.00 0.00 0.00 100.00 100.00 -1000 1.64 3.94 -7.94 -1000 40.55 1.58 900.514
car -1 -1 0.00 0.00 0.00 100.00 100.00 -1000 1.85 4.99 4.94 -1000 19.41 1.44 896.039
car -1 -1 0.00 0.00 0.00 100.00 100.00 -1000 1.77 4.49 -15.73 -1000 35.04 1.55 881.069
car -1 -1 0.00 0.00 0.00 100.00 100.00 -1000 5.17 22.17 4.65 -1000 6.33 2.14 854.606
car -1 -1 0.00 0.00 0.00 100.00 100.00 -1000 2.14 7.21 -0.22 -1000 19.66 1.49 850.959
car -1 -1 0.00 0.00 0.00 100.00 100.00 -1000 1.69 3.86 4.48 -1000 7.12 1.62 848.981
car -1 -1 0.00 0.00 0.00 100.00 100.00 -1000 2.15 6.41 5.05 -1000 20.30 1.46 842.947
car -1 -1 0.00 0.00 0.00 100.00 100.00 -1000 2.43 9.11 4.13 -1000 14.83 1.39 835.120
car -1 -1 0.00 0.00 0.00 100.00 100.00 -1000 1.55 3.61 0.65 -1000 25.15 -0.32 826.863
car -1 -1 0.00 0.00 0.00 100.00 100.00 -1000 1.70 4.14 -9.10 -1000 40.91 1.57 820.660
car -1 -1 0.00 0.00 0.00 100.00 100.00 -1000 1.74 4.36 -8.52 -1000 30.69 1.57 807.102
car -1 -1 0.00 0.00 0.00 100.00 100.00 -1000 1.61 3.82 -11.95 -1000 45.60 1.60 800.810
car -1 -1 0.00 0.00 0.00 100.00 100.00 -1000 2.05 6.55 2.13 -1000 19.33 1.47 797.386
car -1 -1 0.00 0.00 0.00 100.00 100.00 -1000 2.95 12.88 3.53 -1000 15.69 1.31 767.442
car -1 -1 0.00 0.00 0.00 100.00 100.00 -1000 1.78 4.15 -6.94 -1000 8.76 1.74 758.047
car -1 -1 0.00 0.00 0.00 100.00 100.00 -1000 2.06 5.58 -1.41 -1000 18.86 1.55 756.529
car -1 -1 0.00 0.00 0.00 100.00 100.00 -1000 2.09 5.63 -11.20 -1000 43.43 1.60 756.257
car -1 -1 0.00 0.00 0.00 100.00 100.00 -1000 1.63 4.04 5.87 -1000 18.78 0.04 750.128
car -1 -1 0.00 0.00 0.00 100.00 100.00 -1000 1.70 3.89 4.41 -1000 5.53 1.72 746.349
car -1 -1 0.00 0.00 0.00 100.00 100.00 -1000 1.78 4.63 -3.78 -1000 26.06 1.59 745.013
car -1 -1 0.00 0.00 0.00 100.00 100.00 -1000 1.86 5.15 -13.21 -1000 23.91 1.60 738.672
car -1 -1 0.00 0.00 0.00 100.00 100.00 -1000 1.94 5.07 1.71 -1000 16.59 1.73 728.153
car -1 -1 0.00 0.00 0.00 100.00 100.00 -1000 1.49 3.83 -8.76 -1000 39.30 0.02 718.693
car -1 -1 0.00 0.00 0.00 100.00 100.00 -1000 1.64 4.08 -13.78 -1000 45.18 1.59 715.978
car -1 -1 0.00 0.00 0.00 100.00 100.00 -1000 1.68 3.92 -8.71 -1000 29.80 -0.15 705.294
car -1 -1 0.00 0.00 0.00 100.00 100.00 -1000 1.78 4.47 3.20 -1000 12.34 1.82 703.925
car -1 -1 0.00 0.00 0.00 100.00 100.00 -1000 2.41 7.62 5.26 -1000 7.46 1.84 700.796
car -1 -1 0.00 0.00 0.00 100.00 100.00 -1000 1.98 5.56 -0.93 -1000 25.92 1.52 695.997
car -1 -1 0.00 0.00 0.00 100.00 100.00 -1000 1.74 4.21 -15.91 -1000 34.09 1.74 690.179
car -1 -1 0.00 0.00 0.00 100.00 100.00 -1000 1.85 4.47 -6.96 -1000 10.35 1.57 677.482
car -1 -1 0.00 0.00 0.00 100.00 100.00 -1000 1.60 3.95 -16.42 -1000 44.38 1.59 675.938
car -1 -1 0.00 0.00 0.00 100.00 100.00 -1000 1.83 4.62 -2.09 -1000 23.59 1.78 658.928
car -1 -1 0.00 0.00 0.00 100.00 100.00 -1000 1.98 5.34 5.46 -1000 21.37 1.49 636.960
car -1 -1 0.00 0.00 0.00 100.00 100.00 -1000 2.16 7.35 -15.82 -1000 35.57 1.47 612.222
car -1 -1 0.00 0.00 0.00 100.00 100.00 -1000 2.38 7.56 -11.26 -1000 17.57 1.59 611.258
car -1 -1 0.00 0.00 0.00 100.00 100.00 -1000 1.85 5.22 -11.94 -1000 16.52 1.48 608.404
car -1 -1 0.00 0.00 0.00 100.00 100.00 -1000 2.25 5.78 -9.01 -1000 16.26 2.01 603.482
car -1 -1 0.00 0.00 0.00 100.00 100.00 -1000 1.81 4.85 3.57 -1000 18.60 1.58 595.893
car -1 -1 0.00 0.00 0.00 100.00 100.00 -1000 1.69 4.35 2.01 -1000 25.46 -0.18 595.105
car -1 -1 0.00 0.00 0.00 100.00 100.00 -1000 1.74 4.66 5.41 -1000 6.51 1.62 592.885
car -1 -1 0.00 0.00 0.00 100.00 100.00 -1000 1.79 4.47 4.69 -1000 13.72 1.67 591.148
car -1 -1 0.00 0.00 0.00 100.00 100.00 -1000 1.82 4.69 -6.68 -1000 41.04 1.62 580.432
car -1 -1 0.00 0.00 0.00 100.00 100.00 -1000 2.00 5.18 -5.09 -1000 27.35 1.56 579.879
car -1 -1 0.00 0.00 0.00 100.00 100.00 -1000 2.45 6.56 1.31 -1000 15.61 1.59 564.565
car -1 -1 0.00 0.00 0.00 100.00 100.00 -1000 1.69 4.71 -15.24 -1000 44.87 1.59 555.517
car -1 -1 0.00 0.00 0.00 100.00 100.00 -1000 2.04 5.17 -11.25 -1000 14.68 1.63 546.742
car -1 -1 0.00 0.00 0.00 100.00 100.00 -1000 2.41 10.37 1.01 -1000 20.47 1.39 545.624
car -1 -1 0.00 0.00 0.00 100.00 100.00 -1000 2.29 8.90 -13.56 -1000 18.39 1.52 531.717
car -1 -1 0.00 0.00 0.00 100.00 100.00 -1000 1.72 4.28 -12.42 -1000 39.85 1.55 531.683
car -1 -1 0.00 0.00 0.00 100.00 100.00 -1000 1.66 3.96 -11.17 -1000 40.32 1.53 530.593
car -1 -1 0.00 0.00 0.00 100.00 100.00 -1000 1.61 3.88 -10.00 -1000 39.58 0.13 524.058
car -1 -1 0.00 0.00 0.00 100.00 100.00 -1000 2.32 8.64 -17.91 -1000 36.60 1.54 522.019
car -1 -1 0.00 0.00 0.00 100.00 100.00 -1000 2.68 9.80 -6.75 -1000 43.65 1.38 521.374
car -1 -1 0.00 0.00 0.00 100.00 100.00 -1000 2.27 9.11 -12.54 -1000 19.63 1.44 518.584
car -1 -1 0.00 0.00 0.00 100.00 100.00 -1000 1.66 3.95 -7.36 -1000 39.55 -0.16 503.501
car -1 -1 0.00 0.00 0.00 100.00 100.00 -1000 2.64 8.15 0.91 -1000 12.71 1.77 499.165
car -1 -1 0.00 0.00 0.00 100.00 100.00 -1000 2.03 6.67 -1.60 -1000 22.08 1.49 478.775
car -1 -1 0.00 0.00 0.00 100.00 100.00 -1000 2.46 8.47 5.15 -1000 16.81 1.39 470.043
car -1 -1 0.00 0.00 0.00 100.00 100.00 -1000 2.57 12.55 -2.22 -1000 29.30 1.37 468.919
car -1 -1 0.00 0.00 0.00 100.00 100.00 -1000 2.58 8.19 -6.59 -1000 10.72 1.86 462.760
car -1 -1 0.00 0.00 0.00 100.00 100.00 -1000 1.92 5.64 -13.42 -1000 35.36 1.50 461.819
car -1 -1 0.00 0.00 0.00 100.00 100.00 -1000 1.78 4.55 7.32 -1000 19.15 1.72 455.079
car -1 -1 0.00 0.00 0.00 100.00 100.00 -1000 1.82 4.31 -11.33 -1000 22.69 1.76 441.270
car -1 -1 0.00 0.00 0.00 100.00 100.00 -1000 1.71 4.18 -5.61 -1000 40.16 1.77 438.649
car -1 -1 0.00 0.00 0.00 100.00 100.00 -1000 1.92 5.27 -10.39 -1000 41.45 1.49 429.992
car -1 -1 0.00 0.00 0.00 100.00 100.00 -1000 3.50 15.30 -9.23 -1000 18.18 1.77 429.450
car -1 -1 0.00 0.00 0.00 100.00 100.00 -1000 2.47 9.60 6.51 -1000 22.57 1.49 421.991
car -1 -1 0.00 0.00 0.00 100.00 100.00 -1000 4.86 19.22 2.94 -1000 14.03 2.36 418.856
car -1 -1 0.00 0.00 0.00 100.00 100.00 -1000 1.82 4.72 -10.99 -1000 44.88 1.61 418.595
car -1 -1 0.00 0.00 0.00 100.00 100.00 -1000 2.62 8.43 -1.23 -1000 21.15 1.64 416.357
car -1 -1 0.00 0.00 0.00 100.00 100.00 -1000 1.93 4.82 -17.92 -1000 35.42 1.57 405.331
car -1 -1 0.00 0.00 0.00 100.00 100.00 -1000 2.32 7.89 -4.97 -1000 42.82 1.47 402.176
car -1 -1 0.00 0.00 0.00 100.00 100.00 -1000 2.00 6.06 -11.85 -1000 46.10 1.54 401.533
car -1 -1 0.00 0.00 0.00 100.00 100.00 -1000 1.83 4.77 -15.22 -1000 31.38 1.58 399.803
car -1 -1 0.00 0.00 0.00 100.00 100.00 -1000 1.97 5.13 -14.63 -1000 38.85 1.55 395.068
car -1 -1 0.00 0.00 0.00 100.00 100.00 -1000 3.06 13.01 -14.43 -1000 37.33 1.47 383.958
car -1 -1 0.00 0.00 0.00 100.00 100.00 -1000 2.18 7.22 7.25 -1000 20.91 1.49 383.241
car -1 -1 0.00 0.00 0.00 100.00 100.00 -1000 2.12 6.64 4.50 -1000 17.69 1.49 378.701
car -1 -1 0.00 0.00 0.00 100.00 100.00 -1000 1.65 4.03 -12.49 -1000 15.28 0.21 373.129
car -1 -1 0.00 0.00 0.00 100.00 100.00 -1000 2.03 6.08 -14.05 -1000 32.18 1.51 371.623
car -1 -1 0.00 0.00 0.00 100.00 100.00 -1000 2.26 6.91 -6.24 -1000 44.36 1.41 361.395
car -1 -1 0.00 0.00 0.00 100.00 100.00 -1000 1.79 4.90 1.16 -1000 26.23 1.58 357.182
car -1 -1 0.00 0.00 0.00 100.00 100.00 -1000 2.23 8.66 1.74 -1000 22.04 1.42 357.053
car -1 -1 0.00 0.00 0.00 100.00 100.00 -1000 2.15 6.57 -3.59 -1000 26.85 1.55 356.434
car -1 -1 0.00 0.00 0.00 100.00 100.00 -1000 2.40 11.20 9.21 -1000 10.18 1.67 345.249
car -1 -1 0.00 0.00 0.00 100.00 100.00 -1000 2.51 10.54 3.95 -1000 21.25 1.42 338.363
car -1 -1 0.00 0.00 0.00 100.00 100.00 -1000 2.09 4.79 -9.55 -1000 15.15 1.77 325.518
car -1 -1 0.00 0.00 0.00 100.00 100.00 -1000 9.31 54.72 6.24 -1000 6.70 2.75 324.958
car -1 -1 0.00 0.00 0.00 100.00 100.00 -1000 2.41 6.92 -7.82 -1000 28.68 1.61 323.220
car -1 -1 0.00 0.00 0.00 100.00 100.00 -1000 1.68 4.20 -12.84 -1000 44.57 -0.17 320.935
car -1 -1 0.00 0.00 0.00 100.00 100.00 -1000 1.94 5.16 -14.98 -1000 33.04 1.59 318.739
car -1 -1 0.00 0.00 0.00 100.00 100.00 -1000 2.06 6.28 10.50 -1000 29.31 1.54 317.002
car -1 -1 0.00 0.00 0.00 100.00 100.00 -1000 2.22 7.30 -4.34 -1000 28.05 1.49 316.874
car -1 -1 0.00 0.00 0.00 100.00 100.00 -1000 2.27 7.67 -9.50 -1000 42.58 1.46 309.813
car -1 -1 0.00 0.00 0.00 100.00 100.00 -1000 2.22 7.88 -7.64 -1000 41.46 1.50 309.224
car -1 -1 0.00 0.00 0.00 100.00 100.00 -1000 2.59 7.05 -1.13 -1000 17.44 1.80 306.323
car -1 -1 0.00 0.00 0.00 100.00 100.00 -1000 1.87 5.98 6.40 -1000 5.41 1.52 305.160
car -1 -1 0.00 0.00 0.00 100.00 100.00 -1000 2.07 6.90 8.98 -1000 11.83 1.43 305.030
car -1 -1 0.00 0.00 0.00 100.00 100.00 -1000 2.54 10.26 -10.84 -1000 24.48 1.66 299.400
car -1 -1 0.00 0.00 0.00 100.00 100.00 -1000 2.17 6.41 -4.94 -1000 41.65 1.47 292.708
car -1 -1 0.00 0.00 0.00 100.00 100.00 -1000 1.80 4.49 0.61 -1000 24.30 1.75 289.936
car -1 -1 0.00 0.00 0.00 100.00 100.00 -1000 2.03 5.76 8.11 -1000 20.09 1.49 287.808
car -1 -1 0.00 0.00 0.00 100.00 100.00 -1000 2.31 7.54 -13.38 -1000 26.03 1.44 269.552
car -1 -1 0.00 0.00 0.00 100.00 100.00 -1000 2.15 9.59 -5.57 -1000 32.58 1.42 266.121
car -1 -1 0.00 0.00 0.00 100.00 100.00 -1000 2.33 6.86 -13.27 -1000 28.27 1.58 262.050
car -1 -1 0.00 0.00 0.00 100.00 100.00 -1000 2.26 7.22 -16.82 -1000 38.40 1.53 260.856
car -1 -1 0.00 0.00 0.00 100.00 100.00 -1000 2.13 6.82 4.09 -1000 4.61 1.52 255.305
car -1 -1 0.00 0.00 0.00 100.00 100.00 -1000 2.69 11.40 0.32 -1000 26.91 1.40 252.774
car -1 -1 0.00 0.00 0.00 100.00 100.00 -1000 2.99 9.85 -7.69 -1000 16.94 2.03 251.475
car -1 -1 0.00 0.00 0.00 100.00 100.00 -1000 2.04 6.13 -15.06 -1000 43.78 1.69 251.441
car -1 -1 0.00 0.00 0.00 100.00 100.00 -1000 1.89 5.60 -11.12 -1000 35.45 1.54 247.017
car -1 -1 0.00 0.00 0.00 100.00 100.00 -1000 2.28 11.61 7.52 -1000 8.17 1.41 246.355
car -1 -1 0.00 0.00 0.00 100.00 100.00 -1000 2.85 8.31 -2.26 -1000 23.14 1.66 245.987
car -1 -1 0.00 0.00 0.00 100.00 100.00 -1000 2.00 5.51 8.72 -1000 18.60 1.56 243.323
car -1 -1 0.00 0.00 0.00 100.00 100.00 -1000 3.03 9.81 -2.63 -1000 20.03 1.84 242.384
car -1 -1 0.00 0.00 0.00 100.00 100.00 -1000 3.11 14.71 -5.79 -1000 42.28 1.37 241.211
car -1 -1 0.00 0.00 0.00 100.00 100.00 -1000 2.27 7.54 -11.15 -1000 20.46 1.61 238.419
car -1 -1 0.00 0.00 0.00 100.00 100.00 -1000 1.58 3.67 -4.26 -1000 25.04 0.13 235.716
car -1 -1 0.00 0.00 0.00 100.00 100.00 -1000 1.98 6.38 -8.98 -1000 44.26 1.50 234.553
car -1 -1 0.00 0.00 0.00 100.00 100.00 -1000 2.00 5.20 -6.19 -1000 38.82 1.61 234.008
car -1 -1 0.00 0.00 0.00 100.00 100.00 -1000 2.12 9.36 8.53 -1000 23.33 1.36 233.091
car -1 -1 0.00 0.00 0.00 100.00 100.00 -1000 2.09 6.55 8.87 -1000 12.90 1.45 232.826
car -1 -1 0.00 0.00 0.00 100.00 100.00 -1000 2.46 7.79 -10.33 -1000 19.13 1.66 231.728
car -1 -1 0.00 0.00 0.00 100.00 100.00 -1000 2.12 6.69 6.90 -1000 17.80 1.60 225.517
car -1 -1 0.00 0.00 0.00 100.00 100.00 -1000 2.16 7.67 3.08 -1000 22.91 1.41 223.464
car -1 -1 0.00 0.00 0.00 100.00 100.00 -1000 2.40 8.62 -13.94 -1000 38.39 1.52 222.562
car -1 -1 0.00 0.00 0.00 100.00 100.00 -1000 2.26 7.04 6.54 -1000 13.99 1.46 221.444
car -1 -1 0.00 0.00 0.00 100.00 100.00 -1000 2.65 17.30 7.27 -1000 9.34 1.47 219.069
car -1 -1 0.00 0.00 0.00 100.00 100.00 -1000 2.10 5.11 10.22 -1000 28.04 -0.04 213.012
car -1 -1 0.00 0.00 0.00 100.00 100.00 -1000 2.24 7.31 5.90 -1000 15.67 1.39 211.218
car -1 -1 0.00 0.00 0.00 100.00 100.00 -1000 2.04 5.00 -12.60 -1000 21.52 1.61 210.822
car -1 -1 0.00 0.00 0.00 100.00 100.00 -1000 2.16 9.67 9.36 -1000 6.86 1.49 209.912
car -1 -1 0.00 0.00 0.00 100.00 100.00 -1000 2.50 11.39 -13.42 -1000 36.26 1.38 207.556
car -1 -1 0.00 0.00 0.00 100.00 100.00 -1000 2.10 5.62 6.18 -1000 12.95 1.62 206.598
car -1 -1 0.00 0.00 0.00 100.00 100.00 -1000 2.06 6.86 -8.71 -1000 36.26 1.53 204.717
car -1 -1 0.00 0.00 0.00 100.00 100.00 -1000 2.28 6.95 -12.56 -1000 32.73 1.56 201.492
car -1 -1 0.00 0.00 0.00 100.00 100.00 -1000 2.18 6.24 -7.19 -1000 8.14 1.53 200.470
car -1 -1 0.00 0.00 0.00 100.00 100.00 -1000 2.40 10.13 8.11 -1000 21.80 1.39 198.648
car -1 -1 0.00 0.00 0.00 100.00 100.00 -1000 1.93 5.76 8.90 -1000 10.94 1.55 196.096
car -1 -1 0.00 0.00 0.00 100.00 100.00 -1000 2.21 8.66 -14.46 -1000 17.42 1.48 195.837
car -1 -1 0.00 0.00 0.00 100.00 100.00 -1000 3.05 8.80 -7.80 -1000 15.59 2.17 195.160
car -1 -1 0.00 0.00 0.00 100.00 100.00 -1000 2.07 6.82 4.16 -1000 25.86 1.71 192.154
car -1 -1 0.00 0.00 0.00 100.00 100.00 -1000 2.14 6.30 -9.32 -1000 22.59 1.80 190.798
car -1 -1 0.00 0.00 0.00 100.00 100.00 -1000 2.17 6.03 2.14 -1000 23.82 1.48 190.661
car -1 -1 0.00 0.00 0.00 100.00 100.00 -1000 2.13 6.82 -8.67 -1000 11.31 1.57 190.535
car -1 -1 0.00 0.00 0.00 100.00 100.00 -1000 1.97 5.58 -17.15 -1000 37.46 -0.37 190.418
car -1 -1 0.00 0.00 0.00 100.00 100.00 -1000 1.92 8.38 7.25 -1000 24.32 1.40 188.534
car -1 -1 0.00 0.00 0.00 100.00 100.00 -1000 2.22 7.29 -3.02 -1000 42.04 1.56 187.479
car -1 -1 0.00 0.00 0.00 100.00 100.00 -1000 1.82 4.31 -3.45 -1000 24.27 1.45 186.752
car -1 -1 0.00 0.00 0.00 100.00 100.00 -1000 1.78 4.40 -14.23 -1000 21.81 0.03 185.075
car -1 -1 0.00 0.00 0.00 100.00 100.00 -1000 1.95 5.91 -11.90 -1000 28.83 1.46 184.201
car -1 -1 0.00 0.00 0.00 100.00 100.00 -1000 2.05 5.55 -14.82 -1000 45.76 1.58 183.629
car -1 -1 0.00 0.00 0.00 100.00 100.00 -1000 2.16 5.48 -17.60 -1000 32.76 1.60 181.687
car -1 -1 0.00 0.00 0.00 100.00 100.00 -1000 2.04 6.45 -9.14 -1000 31.34 1.52 179.357
car -1 -1 0.00 0.00 0.00 100.00 100.00 -1000 1.86 4.94 -1.06 -1000 23.03 1.57 176.712
car -1 -1 0.00 0.00 0.00 100.00 100.00 -1000 2.16 11.05 -4.37 -1000 31.51 1.41 176.288
car -1 -1 0.00 0.00 0.00 100.00 100.00 -1000 3.28 10.14 -4.62 -1000 9.89 2.30 176.286
car -1 -1 0.00 0.00 0.00 100.00 100.00 -1000 2.32 10.98 -7.51 -1000 46.31 1.36 175.593
car -1 -1 0.00 0.00 0.00 100.00 100.00 -1000 1.90 5.98 -13.18 -1000 15.85 1.45 175.081
car -1 -1 0.00 0.00 0.00 100.00 100.00 -1000 2.07 8.39 -5.31 -1000 45.25 1.38 174.157
car -1 -1 0.00 0.00 0.00 100.00 100.00 -1000 2.27 11.07 12.44 -1000 22.99 1.50 174.024
car -1 -1 0.00 0.00 0.00 100.00 100.00 -1000 1.72 4.89 3.21 -1000 14.29 -0.44 169.631
car -1 -1 0.00 0.00 0.00 100.00 100.00 -1000 5.30 20.78 1.82 -1000 15.98 2.13 166.874
car -1 -1 0.00 0.00 0.00 100.00 100.00 -1000 2.16 6.51 -4.66 -1000 25.42 1.46 166.589
car -1 -1 0.00 0.00 0.00 100.00 100.00 -1000 2.26 7.56 -11.24 -1000 31.92 1.50 166.534
car -1 -1 0.00 0.00 0.00 100.00 100.00 -1000 2.37 11.83 -4.80 -1000 33.46 1.44 166.342
car -1 -1 0.00 0.00 0.00 100.00 100.00 -1000 1.92 6.21 -14.88 -1000 23.05 1.46 162.332
car -1 -1 0.00 0.00 0.00 100.00 100.00 -1000 2.03 7.67 7.70 -1000 6.06 1.51 161.750
car -1 -1 0.00 0.00 0.00 100.00 100.00 -1000 2.12 7.56 -17.79 -1000 44.66 1.45 160.066
car -1 -1 0.00 0.00 0.00 100.00 100.00 -1000 2.16 6.36 3.02 -1000 24.75 1.66 158.803
car -1 -1 0.00 0.00 0.00 100.00 100.00 -1000 2.74 13.19 -0.26 -1000 28.20 1.37 157.293
car -1 -1 0.00 0.00 0.00 100.00 100.00 -1000 3.02 11.56 6.81 -1000 10.95 1.99 157.085
car -1 -1 0.00 0.00 0.00 100.00 100.00 -1000 2.37 8.83 -7.98 -1000 33.02 1.58 156.653
car -1 -1 0.00 0.00 0.00 100.00 100.00 -1000 2.44 12.61 -4.40 -1000 30.08 1.37 156.083
car -1 -1 0.00 0.00 0.00 100.00 100.00 -1000 2.21 6.84 -15.08 -1000 30.73 1.54 155.018
car -1 -1 0.00 0.00 0.00 100.00 100.00 -1000 2.16 7.11 7.43 -1000 15.02 1.42 154.967
car -1 -1 0.00 0.00 0.00 100.00 100.00 -1000 2.24 7.48 3.30 -1000 35.62 1.68 154.887
car -1 -1 0.00 0.00 0.00 100.00 100.00 -1000 2.14 5.90 -10.65 -1000 21.89 1.73 154.135
car -1 -1 0.00 0.00 0.00 100.00 100.00 -1000 2.27 7.20 -3.68 -1000 43.99 1.48 150.379
car -1 -1 0.00 0.00 0.00 100.00 100.00 -1000 2.20 8.45 -3.32 -1000 40.96 1.61 149.176
car -1 -1 0.00 0.00 0.00 100.00 100.00 -1000 1.99 5.60 -0.99 -1000 41.63 1.49 148.862
car -1 -1 0.00 0.00 0.00 100.00 100.00 -1000 3.61 10.46 2.73 -1000 11.65 1.90 148.180
car -1 -1 0.00 0.00 0.00 100.00 100.00 -1000 1.96 6.88 -9.31 -1000 10.47 1.49 147.724
car -1 -1 0.00 0.00 0.00 100.00 100.00 -1000 1.98 5.75 -11.47 -1000 38.86 1.53 145.442
car -1 -1 0.00 0.00 0.00 100.00 100.00 -1000 2.11 6.37 -4.41 -1000 39.65 1.68 144.671
car -1 -1 0.00 0.00 0.00 100.00 100.00 -1000 2.59 6.85 -9.33 -1000 14.39 1.88 143.977
car -1 -1 0.00 0.00 0.00 100.00 100.00 -1000 1.92 6.84 8.34 -1000 4.87 1.51 143.223
car -1 -1 0.00 0.00 0.00 100.00 100.00 -1000 2.42 8.30 -12.03 -1000 26.88 1.48 141.231
car -1 -1 0.00 0.00 0.00 100.00 100.00 -1000 2.21 6.92 1.32 -1000 41.07 1.55 140.002
car -1 -1 0.00 0.00 0.00 100.00 100.00 -1000 1.98 6.57 3.08 -1000 36.88 1.48 138.900
car -1 -1 0.00 0.00 0.00 100.00 100.00 -1000 2.11 6.80 -17.07 -1000 23.84 1.47 138.782
car -1 -1 0.00 0.00 0.00 100.00 100.00 -1000 2.33 8.93 -13.83 -1000 24.90 1.48 135.450
car -1 -1 0.00 0.00 0.00 100.00 100.00 -1000 2.15 7.75 1.87 -1000 40.06 1.65 135.122
car -1 -1 0.00 0.00 0.00 100.00 100.00 -1000 2.08 9.23 -7.27 -1000 47.20 1.40 134.739
car -1 -1 0.00 0.00 0.00 100.00 100.00 -1000 2.28 6.70 -12.17 -1000 40.83 1.54 134.095
car -1 -1 0.00 0.00 0.00 100.00 100.00 -1000 4.21 17.04 0.95 -1000 12.63 2.33 132.973
car -1 -1 0.00 0.00 0.00 100.00 100.00 -1000 2.09 7.96 -0.28 -1000 43.50 1.62 132.116
car -1 -1 0.00 0.00 0.00 100.00 100.00 -1000 2.29 7.37 3.93 -1000 34.70 1.57 131.990
car -1 -1 0.00 0.00 0.00 100.00 100.00 -1000 2.30 7.02 2.44 -1000 38.73 1.53 129.050
car -1 -1 0.00 0.00 0.00 100.00 100.00 -1000 2.40 10.16 10.21 -1000 20.59 1.45 127.411
car -1 -1 0.00 0.00 0.00 100.00 100.00 -1000 2.13 6.63 -14.19 -1000 34.44 1.59 127.077
car -1 -1 0.00 0.00 0.00 100.00 100.00 -1000 2.01 6.49 8.53 -1000 29.00 1.56 124.047
car -1 -1 0.00 0.00 0.00 100.00 100.00 -1000 2.05 7.22 10.20 -1000 19.35 1.49 122.065
car -1 -1 0.00 0.00 0.00 100.00 100.00 -1000 3.33 13.73 -7.77 -1000 19.35 1.80 121.101
car -1 -1 0.00 0.00 0.00 100.00 100.00 -1000 1.96 6.50 0.24 -1000 42.67 1.44 121.036
car -1 -1 0.00 0.00 0.00 100.00 100.00 -1000 6.45 32.20 3.22 -1000 14.97 2.57 120.920
car -1 -1 0.00 0.00 0.00 100.00 100.00 -1000 2.29 11.82 14.07 -1000 30.27 1.48 120.444
car -1 -1 0.00 0.00 0.00 100.00 100.00 -1000 2.33 8.53 -14.09 -1000 39.89 1.52 119.981
car -1 -1 0.00 0.00 0.00 100.00 100.00 -1000 2.29 10.20 12.14 -1000 21.66 1.51 119.391
car -1 -1 0.00 0.00 0.00 100.00 100.00 -1000 2.11 12.60 11.26 -1000 24.27 1.37 118.765
car -1 -1 0.00 0.00 0.00 100.00 100.00 -1000 2.41 12.36 8.97 -1000 32.94 1.54 118.054
car -1 -1 0.00 0.00 0.00 100.00 100.00 -1000 1.89 5.88 -16.66 -1000 22.69 1.52 117.412
car -1 -1 0.00 0.00 0.00 100.00 100.00 -1000 2.24 7.27 -10.13 -1000 45.53 1.53 111.726
