car -1 -1 0.00 0.00 0.00 100.00 100.00 -1000 1.66 3.99 4.03 -1000 31.75 -0.18 999.074
car -1 -1 0.00 0.00 0.00 100.00 100.00 -1000 1.56 3.16 4.11 -1000 32.69 1.55 998.844
car -1 -1 0.00 0.00 0.00 100.00 100.00 -1000 1.59 3.44 3.55 -1000 43.09 -0.16 995.344
car -1 -1 0.00 0.00 0.00 100.00 100.00 -1000 1.51 3.05 3.58 -1000 43.97 1.54 994.834
car -1 -1 0.00 0.00 0.00 100.00 100.00 -1000 1.49 3.19 -3.61 -1000 6.50 1.49 994.142
car -1 -1 0.00 0.00 0.00 100.00 100.00 -1000 1.49 3.18 3.68 -1000 33.40 1.48 978.252
car -1 -1 0.00 0.00 0.00 100.00 100.00 -1000 1.50 3.14 -3.77 -1000 5.49 1.51 974.055
car -1 -1 0.00 0.00 0.00 100.00 100.00 -1000 1.51 3.20 1.43 -1000 45.12 1.54 973.416
car -1 -1 0.00 0.00 0.00 100.00 100.00 -1000 1.49 3.03 -3.22 -1000 7.28 1.54 968.864
car -1 -1 0.00 0.00 0.00 100.00 100.00 -1000 1.41 2.93 2.61 -1000 44.45 1.51 968.417
car -1 -1 0.00 0.00 0.00 100.00 100.00 -1000 1.47 3.21 0.78 -1000 44.29 -0.13 961.106
car -1 -1 0.00 0.00 0.00 100.00 100.00 -1000 1.45 3.07 0.11 -1000 44.83 1.54 956.693
car -1 -1 0.00 0.00 0.00 100.00 100.00 -1000 1.53 3.03 11.56 -1000 15.32 1.63 954.649
car -1 -1 0.00 0.00 0.00 100.00 100.00 -1000 1.68 3.71 -2.13 -1000 38.04 -0.28 952.658
car -1 -1 0.00 0.00 0.00 100.00 100.00 -1000 1.44 3.02 5.13 -1000 32.38 1.69 952.107
car -1 -1 0.00 0.00 0.00 100.00 100.00 -1000 1.53 3.09 12.31 -1000 16.03 1.60 951.790
car -1 -1 0.00 0.00 0.00 100.00 100.00 -1000 1.89 4.72 1.95 -1000 45.77 1.54 950.006
car -1 -1 0.00 0.00 0.00 100.00 100.00 -1000 2.60 7.41 6.22 -1000 35.05 1.29 949.146
car -1 -1 0.00 0.00 0.00 100.00 100.00 -1000 1.95 4.51 -11.47 -1000 18.46 -0.39 948.860
car -1 -1 0.00 0.00 0.00 100.00 100.00 -1000 1.38 3.00 -0.14 -1000 43.94 -0.14 937.091
car -1 -1 0.00 0.00 0.00 100.00 100.00 -1000 1.47 2.94 10.87 -1000 14.50 1.62 930.429
car -1 -1 0.00 0.00 0.00 100.00 100.00 -1000 1.38 3.33 -0.68 -1000 38.40 -0.21 928.617
car -1 -1 0.00 0.00 0.00 100.00 100.00 -1000 1.44 3.52 -10.74 -1000 19.39 1.59 927.924
car -1 -1 0.00 0.00 0.00 100.00 100.00 -1000 1.41 3.09 -11.79 -1000 19.68 1.55 926.600
car -1 -1 0.00 0.00 0.00 100.00 100.00 -1000 1.55 3.18 10.93 -1000 15.95 1.56 923.245
car -1 -1 0.00 0.00 0.00 100.00 100.00 -1000 1.68 4.27 -3.38 -1000 7.87 1.46 923.127
car -1 -1 0.00 0.00 0.00 100.00 100.00 -1000 2.23 6.07 2.51 -1000 46.63 1.45 916.271
car -1 -1 0.00 0.00 0.00 100.00 100.00 -1000 1.53 3.12 -1.16 -1000 39.34 1.59 915.286
car -1 -1 0.00 0.00 0.00 100.00 100.00 -1000 1.66 3.48 12.66 -1000 16.78 1.59 913.676
car -1 -1 0.00 0.00 0.00 100.00 100.00 -1000 1.49 3.14 -3.92 -1000 27.13 1.55 909.340
car -1 -1 0.00 0.00 0.00 100.00 100.00 -1000 1.74 4.06 6.56 -1000 35.29 1.58 908.018
car -1 -1 0.00 0.00 0.00 100.00 100.00 -1000 1.37 2.79 -7.00 -1000 46.69 1.57 907.906
car -1 -1 0.00 0.00 0.00 100.00 100.00 -1000 1.44 3.19 6.89 -1000 23.31 1.68 905.477
car -1 -1 0.00 0.00 0.00 100.00 100.00 -1000 1.82 4.52 3.55 -1000 34.05 1.42 896.485
car -1 -1 0.00 0.00 0.00 100.00 100.00 -1000 1.50 3.20 18.43 -1000 42.65 1.55 892.825
car -1 -1 0.00 0.00 0.00 100.00 100.00 -1000 1.48 3.07 9.53 -1000 36.98 1.56 891.792
car -1 -1 0.00 0.00 0.00 100.00 100.00 -1000 2.30 7.19 3.25 -1000 34.54 1.40 887.461
car -1 -1 0.00 0.00 0.00 100.00 100.00 -1000 1.66 4.33 -10.18 -1000 20.81 1.52 880.196
car -1 -1 0.00 0.00 0.00 100.00 100.00 -1000 1.57 3.63 8.07 -1000 35.38 1.62 879.949
car -1 -1 0.00 0.00 0.00 100.00 100.00 -1000 1.53 3.60 4.44 -1000 44.65 1.59 874.682
car -1 -1 0.00 0.00 0.00 100.00 100.00 -1000 1.43 3.20 -0.99 -1000 44.50 1.49 874.334
car -1 -1 0.00 0.00 0.00 100.00 100.00 -1000 1.66 3.63 7.29 -1000 34.69 1.63 871.113
car -1 -1 0.00 0.00 0.00 100.00 100.00 -1000 1.59 3.36 12.14 -1000 18.47 1.62 870.668
car -1 -1 0.00 0.00 0.00 100.00 100.00 -1000 1.53 3.44 9.08 -1000 36.27 1.58 869.503
car -1 -1 0.00 0.00 0.00 100.00 100.00 -1000 1.38 2.99 6.82 -1000 22.41 -0.02 867.680
car -1 -1 0.00 0.00 0.00 100.00 100.00 -1000 1.58 3.62 11.04 -1000 16.74 1.56 867.161
car -1 -1 0.00 0.00 0.00 100.00 100.00 -1000 1.52 3.47 -0.67 -1000 34.95 1.53 861.248
car -1 -1 0.00 0.00 0.00 100.00 100.00 -1000 1.56 3.36 13.95 -1000 20.10 1.58 860.036
car -1 -1 0.00 0.00 0.00 100.00 100.00 -1000 1.59 3.43 12.93 -1000 17.61 1.58 860.034
car -1 -1 0.00 0.00 0.00 100.00 100.00 -1000 1.41 3.45 10.19 -1000 15.23 1.56 852.475
car -1 -1 0.00 0.00 0.00 100.00 100.00 -1000 1.47 3.26 -0.02 -1000 39.55 1.67 850.482
car -1 -1 0.00 0.00 0.00 100.00 100.00 -1000 1.49 3.34 -7.68 -1000 46.21 1.57 849.082
car -1 -1 0.00 0.00 0.00 100.00 100.00 -1000 1.42 2.99 -1.94 -1000 38.86 1.66 840.649
car -1 -1 0.00 0.00 0.00 100.00 100.00 -1000 1.42 2.99 10.70 -1000 13.59 -0.22 838.227
car -1 -1 0.00 0.00 0.00 100.00 100.00 -1000 1.96 5.09 5.34 -1000 33.73 1.48 836.563
car -1 -1 0.00 0.00 0.00 100.00 100.00 -1000 1.60 3.47 12.15 -1000 14.70 1.75 828.048
car -1 -1 0.00 0.00 0.00 100.00 100.00 -1000 1.62 3.63 8.68 -1000 24.93 1.58 825.990
car -1 -1 0.00 0.00 0.00 100.00 100.00 -1000 1.43 3.39 -10.39 -1000 20.09 1.60 825.311
car -1 -1 0.00 0.00 0.00 100.00 100.00 -1000 1.63 3.75 2.34 -1000 33.57 1.47 819.503
car -1 -1 0.00 0.00 0.00 100.00 100.00 -1000 1.47 2.96 -12.53 -1000 19.13 1.50 818.637
car -1 -1 0.00 0.00 0.00 100.00 100.00 -1000 1.50 3.36 -4.13 -1000 26.28 1.55 816.177
car -1 -1 0.00 0.00 0.00 100.00 100.00 -1000 1.52 3.57 2.73 -1000 32.41 1.50 815.894
car -1 -1 0.00 0.00 0.00 100.00 100.00 -1000 1.29 3.30 -4.16 -1000 4.71 -0.42 809.543
car -1 -1 0.00 0.00 0.00 100.00 100.00 -1000 1.48 3.12 4.85 -1000 43.75 1.68 808.993
car -1 -1 0.00 0.00 0.00 100.00 100.00 -1000 1.69 3.93 13.74 -1000 18.95 1.62 805.232
car -1 -1 0.00 0.00 0.00 100.00 100.00 -1000 1.61 3.56 6.24 -1000 33.06 1.50 804.318
car -1 -1 0.00 0.00 0.00 100.00 100.00 -1000 1.47 3.36 2.14 -1000 43.73 1.57 803.362
car -1 -1 0.00 0.00 0.00 100.00 100.00 -1000 1.53 3.41 -4.11 -1000 28.08 1.60 800.936
car -1 -1 0.00 0.00 0.00 100.00 100.00 -1000 1.75 4.33 1.27 -1000 34.67 1.56 797.732
car -1 -1 0.00 0.00 0.00 100.00 100.00 -1000 1.80 4.32 -0.07 -1000 45.42 1.42 788.999
car -1 -1 0.00 0.00 0.00 100.00 100.00 -1000 1.41 3.27 5.59 -1000 31.41 -0.14 787.440
car -1 -1 0.00 0.00 0.00 100.00 100.00 -1000 1.51 3.41 -8.04 -1000 47.08 1.51 776.843
car -1 -1 0.00 0.00 0.00 100.00 100.00 -1000 1.60 3.40 6.68 -1000 32.32 1.61 766.646
car -1 -1 0.00 0.00 0.00 100.00 100.00 -1000 1.52 3.14 10.32 -1000 24.99 1.64 763.378
car -1 -1 0.00 0.00 0.00 100.00 100.00 -1000 1.56 3.50 -0.68 -1000 34.04 1.71 760.139
car -1 -1 0.00 0.00 0.00 100.00 100.00 -1000 1.53 3.28 -6.93 -1000 45.64 -0.24 754.434
car -1 -1 0.00 0.00 0.00 100.00 100.00 -1000 1.66 3.78 -11.63 -1000 20.44 1.57 754.045
car -1 -1 0.00 0.00 0.00 100.00 100.00 -1000 1.67 4.44 -10.00 -1000 22.13 1.67 751.368
car -1 -1 0.00 0.00 0.00 100.00 100.00 -1000 1.70 4.04 9.39 -1000 37.63 1.57 744.943
car -1 -1 0.00 0.00 0.00 100.00 100.00 -1000 1.68 3.72 10.81 -1000 18.94 1.59 743.225
car -1 -1 0.00 0.00 0.00 100.00 100.00 -1000 1.59 3.20 12.37 -1000 19.31 1.64 741.940
car -1 -1 0.00 0.00 0.00 100.00 100.00 -1000 1.54 3.39 9.98 -1000 24.12 1.59 738.379
car -1 -1 0.00 0.00 0.00 100.00 100.00 -1000 1.47 3.35 9.99 -1000 12.95 1.54 738.331
car -1 -1 0.00 0.00 0.00 100.00 100.00 -1000 1.52 3.15 -1.91 -1000 32.17 1.46 735.692
car -1 -1 0.00 0.00 0.00 100.00 100.00 -1000 1.56 3.63 9.92 -1000 25.68 1.59 734.986
car -1 -1 0.00 0.00 0.00 100.00 100.00 -1000 1.54 3.30 13.08 -1000 15.54 1.69 734.863
car -1 -1 0.00 0.00 0.00 100.00 100.00 -1000 1.60 3.56 10.93 -1000 17.58 1.65 728.657
car -1 -1 0.00 0.00 0.00 100.00 100.00 -1000 2.04 5.49 3.30 -1000 36.90 1.41 727.849
car -1 -1 0.00 0.00 0.00 100.00 100.00 -1000 1.57 3.31 -0.70 -1000 43.23 -0.15 727.843
car -1 -1 0.00 0.00 0.00 100.00 100.00 -1000 2.23 6.37 -0.32 -1000 39.96 1.59 725.505
car -1 -1 0.00 0.00 0.00 100.00 100.00 -1000 1.71 4.21 14.06 -1000 18.09 1.59 722.951
car -1 -1 0.00 0.00 0.00 100.00 100.00 -1000 1.64 3.44 11.70 -1000 13.98 -0.42 722.917
car -1 -1 0.00 0.00 0.00 100.00 100.00 -1000 1.51 3.41 -5.45 -1000 28.23 1.61 714.381
car -1 -1 0.00 0.00 0.00 100.00 100.00 -1000 1.76 3.93 7.64 -1000 33.89 1.62 710.101
car -1 -1 0.00 0.00 0.00 100.00 100.00 -1000 1.54 3.46 13.92 -1000 16.97 1.59 709.382
car -1 -1 0.00 0.00 0.00 100.00 100.00 -1000 1.40 2.85 2.71 -1000 31.61 1.47 708.359
car -1 -1 0.00 0.00 0.00 100.00 100.00 -1000 1.57 3.89 12.25 -1000 20.10 1.60 704.114
car -1 -1 0.00 0.00 0.00 100.00 100.00 -1000 2.70 8.83 3.84 -1000 35.71 1.31 703.488
car -1 -1 0.00 0.00 0.00 100.00 100.00 -1000 1.36 3.17 19.06 -1000 41.19 1.51 700.932
car -1 -1 0.00 0.00 0.00 100.00 100.00 -1000 1.92 5.08 7.15 -1000 36.19 1.61 697.019
car -1 -1 0.00 0.00 0.00 100.00 100.00 -1000 1.48 3.19 17.77 -1000 42.05 1.57 695.220
car -1 -1 0.00 0.00 0.00 100.00 100.00 -1000 1.80 4.82 -9.76 -1000 23.07 1.68 693.655
car -1 -1 0.00 0.00 0.00 100.00 100.00 -1000 1.40 2.88 -1.71 -1000 34.64 1.61 690.590
car -1 -1 0.00 0.00 0.00 100.00 100.00 -1000 1.44 2.96 7.83 -1000 22.75 1.64 689.302
car -1 -1 0.00 0.00 0.00 100.00 100.00 -1000 2.20 5.96 -3.31 -1000 8.83 1.41 685.030
car -1 -1 0.00 0.00 0.00 100.00 100.00 -1000 1.49 3.19 9.68 -1000 23.34 1.61 683.965
car -1 -1 0.00 0.00 0.00 100.00 100.00 -1000 1.72 4.10 18.44 -1000 43.85 1.50 678.401
car -1 -1 0.00 0.00 0.00 100.00 100.00 -1000 1.60 3.77 14.85 -1000 20.55 1.58 677.266
car -1 -1 0.00 0.00 0.00 100.00 100.00 -1000 1.51 3.40 -1.66 -1000 33.53 1.54 674.180
car -1 -1 0.00 0.00 0.00 100.00 100.00 -1000 2.28 5.47 -0.55 -1000 47.27 1.43 672.071
car -1 -1 0.00 0.00 0.00 100.00 100.00 -1000 1.58 3.76 7.39 -1000 24.14 1.64 668.028
car -1 -1 0.00 0.00 0.00 100.00 100.00 -1000 1.63 3.63 7.73 -1000 32.77 1.58 666.237
car -1 -1 0.00 0.00 0.00 100.00 100.00 -1000 1.63 3.41 9.39 -1000 34.73 1.63 661.106
car -1 -1 0.00 0.00 0.00 100.00 100.00 -1000 1.65 4.67 -6.56 -1000 47.30 1.56 657.378
car -1 -1 0.00 0.00 0.00 100.00 100.00 -1000 1.67 4.01 -4.87 -1000 6.16 1.54 653.267
car -1 -1 0.00 0.00 0.00 100.00 100.00 -1000 1.55 3.33 -8.36 -1000 45.29 1.44 651.951
car -1 -1 0.00 0.00 0.00 100.00 100.00 -1000 1.69 4.00 7.76 -1000 25.61 1.57 651.141
car -1 -1 0.00 0.00 0.00 100.00 100.00 -1000 2.01 5.26 -1.17 -1000 45.98 1.36 645.396
car -1 -1 0.00 0.00 0.00 100.00 100.00 -1000 1.52 3.29 9.60 -1000 35.62 1.67 644.551
car -1 -1 0.00 0.00 0.00 100.00 100.00 -1000 1.77 4.30 1.25 -1000 32.27 1.58 639.332
car -1 -1 0.00 0.00 0.00 100.00 100.00 -1000 1.34 2.89 -1.50 -1000 43.73 1.54 632.123
car -1 -1 0.00 0.00 0.00 100.00 100.00 -1000 1.46 2.77 -12.70 -1000 18.28 1.46 630.133
car -1 -1 0.00 0.00 0.00 100.00 100.00 -1000 1.86 4.48 -4.63 -1000 7.31 1.47 626.851
car -1 -1 0.00 0.00 0.00 100.00 100.00 -1000 1.64 4.28 10.03 -1000 20.84 1.56 625.675
car -1 -1 0.00 0.00 0.00 100.00 100.00 -1000 2.14 6.31 5.01 -1000 45.07 1.66 622.815
car -1 -1 0.00 0.00 0.00 100.00 100.00 -1000 2.51 8.02 -4.66 -1000 5.54 1.49 621.778
car -1 -1 0.00 0.00 0.00 100.00 100.00 -1000 1.47 4.34 -2.38 -1000 39.67 1.59 618.697
car -1 -1 0.00 0.00 0.00 100.00 100.00 -1000 1.55 3.46 11.51 -1000 24.59 1.63 615.573
car -1 -1 0.00 0.00 0.00 100.00 100.00 -1000 1.53 3.48 14.83 -1000 19.44 1.63 613.870
car -1 -1 0.00 0.00 0.00 100.00 100.00 -1000 1.54 3.26 9.24 -1000 22.52 1.66 607.349
car -1 -1 0.00 0.00 0.00 100.00 100.00 -1000 3.66 12.31 5.48 -1000 34.86 1.42 607.156
car -1 -1 0.00 0.00 0.00 100.00 100.00 -1000 1.76 4.80 10.12 -1000 19.62 1.61 605.637
car -1 -1 0.00 0.00 0.00 100.00 100.00 -1000 1.64 4.57 -6.88 -1000 35.41 1.80 590.195
car -1 -1 0.00 0.00 0.00 100.00 100.00 -1000 1.74 4.15 9.88 -1000 26.50 1.66 590.077
car -1 -1 0.00 0.00 0.00 100.00 100.00 -1000 1.58 3.51 -6.22 -1000 46.18 1.66 588.704
car -1 -1 0.00 0.00 0.00 100.00 100.00 -1000 1.66 4.06 -2.83 -1000 28.52 1.52 587.901
car -1 -1 0.00 0.00 0.00 100.00 100.00 -1000 1.51 3.60 -5.08 -1000 27.43 1.51 586.443
car -1 -1 0.00 0.00 0.00 100.00 100.00 -1000 1.53 3.68 1.38 -1000 31.49 1.62 583.272
car -1 -1 0.00 0.00 0.00 100.00 100.00 -1000 1.60 3.93 5.82 -1000 44.41 1.67 580.364
car -1 -1 0.00 0.00 0.00 100.00 100.00 -1000 2.10 6.17 -11.44 -1000 21.26 1.52 577.760
car -1 -1 0.00 0.00 0.00 100.00 100.00 -1000 1.50 3.41 18.92 -1000 40.40 1.58 577.025
car -1 -1 0.00 0.00 0.00 100.00 100.00 -1000 1.79 3.46 2.81 -1000 30.86 1.44 576.554
car -1 -1 0.00 0.00 0.00 100.00 100.00 -1000 1.47 3.51 1.35 -1000 38.47 1.55 566.617
car -1 -1 0.00 0.00 0.00 100.00 100.00 -1000 1.64 3.71 14.73 -1000 34.83 1.53 559.253
car -1 -1 0.00 0.00 0.00 100.00 100.00 -1000 1.66 3.97 17.19 -1000 44.33 1.49 559.177
car -1 -1 0.00 0.00 0.00 100.00 100.00 -1000 1.63 4.26 8.19 -1000 26.95 1.53 554.214
car -1 -1 0.00 0.00 0.00 100.00 100.00 -1000 1.40 2.62 6.08 -1000 10.02 1.54 552.892
car -1 -1 0.00 0.00 0.00 100.00 100.00 -1000 1.46 3.28 19.28 -1000 32.83 1.52 552.561
car -1 -1 0.00 0.00 0.00 100.00 100.00 -1000 1.72 3.99 9.67 -1000 30.55 1.63 549.248
car -1 -1 0.00 0.00 0.00 100.00 100.00 -1000 1.64 3.82 -2.62 -1000 35.03 1.56 548.628
car -1 -1 0.00 0.00 0.00 100.00 100.00 -1000 1.68 4.07 -9.86 -1000 23.87 1.49 541.448
car -1 -1 0.00 0.00 0.00 100.00 100.00 -1000 1.42 3.42 -7.67 -1000 33.71 1.76 538.971
car -1 -1 0.00 0.00 0.00 100.00 100.00 -1000 1.66 4.06 -9.34 -1000 46.12 1.54 538.876
car -1 -1 0.00 0.00 0.00 100.00 100.00 -1000 1.51 3.79 -8.99 -1000 28.11 1.69 536.150
car -1 -1 0.00 0.00 0.00 100.00 100.00 -1000 2.24 5.75 3.14 -1000 47.56 1.55 535.906
car -1 -1 0.00 0.00 0.00 100.00 100.00 -1000 1.56 3.91 0.68 -1000 33.88 -0.11 535.885
car -1 -1 0.00 0.00 0.00 100.00 100.00 -1000 1.59 3.53 6.59 -1000 10.94 1.55 535.757
car -1 -1 0.00 0.00 0.00 100.00 100.00 -1000 1.80 4.56 17.40 -1000 20.54 1.62 529.004
car -1 -1 0.00 0.00 0.00 100.00 100.00 -1000 1.79 4.49 -0.98 -1000 32.69 1.62 528.486
car -1 -1 0.00 0.00 0.00 100.00 100.00 -1000 1.32 2.71 0.48 -1000 38.09 -0.12 527.001
car -1 -1 0.00 0.00 0.00 100.00 100.00 -1000 1.85 6.05 10.46 -1000 27.57 1.52 523.840
car -1 -1 0.00 0.00 0.00 100.00 100.00 -1000 1.58 4.01 11.17 -1000 37.18 1.62 523.168
car -1 -1 0.00 0.00 0.00 100.00 100.00 -1000 1.63 3.73 16.49 -1000 35.22 1.58 522.707
car -1 -1 0.00 0.00 0.00 100.00 100.00 -1000 1.89 4.37 6.08 -1000 26.10 1.65 520.594
car -1 -1 0.00 0.00 0.00 100.00 100.00 -1000 1.67 4.31 9.61 -1000 18.54 1.60 520.214
car -1 -1 0.00 0.00 0.00 100.00 100.00 -1000 1.44 3.09 -1.16 -1000 31.69 1.61 507.660
car -1 -1 0.00 0.00 0.00 100.00 100.00 -1000 1.73 4.10 17.26 -1000 43.19 1.60 507.170
car -1 -1 0.00 0.00 0.00 100.00 100.00 -1000 1.63 3.80 5.74 -1000 22.70 1.46 493.913
car -1 -1 0.00 0.00 0.00 100.00 100.00 -1000 1.41 2.72 5.89 -1000 9.30 1.59 493.187
car -1 -1 0.00 0.00 0.00 100.00 100.00 -1000 1.98 5.84 9.13 -1000 38.26 1.57 486.918
car -1 -1 0.00 0.00 0.00 100.00 100.00 -1000 1.69 3.93 15.85 -1000 44.85 1.61 486.661
car -1 -1 0.00 0.00 0.00 100.00 100.00 -1000 1.85 5.42 -9.58 -1000 24.75 1.59 485.307
car -1 -1 0.00 0.00 0.00 100.00 100.00 -1000 1.62 4.81 -9.51 -1000 30.19 1.42 485.283
car -1 -1 0.00 0.00 0.00 100.00 100.00 -1000 1.51 3.18 -4.53 -1000 25.48 1.61 483.412
car -1 -1 0.00 0.00 0.00 100.00 100.00 -1000 1.61 4.07 -4.95 -1000 46.87 1.62 482.593
car -1 -1 0.00 0.00 0.00 100.00 100.00 -1000 1.58 4.01 1.05 -1000 43.22 1.53 480.751
car -1 -1 0.00 0.00 0.00 100.00 100.00 -1000 1.71 4.72 -5.60 -1000 28.86 1.61 480.424
car -1 -1 0.00 0.00 0.00 100.00 100.00 -1000 1.98 4.97 13.07 -1000 20.74 1.51 474.343
car -1 -1 0.00 0.00 0.00 100.00 100.00 -1000 1.65 3.78 -7.56 -1000 28.67 1.66 474.317
car -1 -1 0.00 0.00 0.00 100.00 100.00 -1000 1.54 3.77 1.73 -1000 37.74 1.48 468.466
car -1 -1 0.00 0.00 0.00 100.00 100.00 -1000 1.86 3.30 2.91 -1000 42.31 1.63 468.063
car -1 -1 0.00 0.00 0.00 100.00 100.00 -1000 1.42 2.93 17.91 -1000 40.90 1.47 467.434
car -1 -1 0.00 0.00 0.00 100.00 100.00 -1000 1.66 3.94 17.45 -1000 46.03 1.56 463.148
car -1 -1 0.00 0.00 0.00 100.00 100.00 -1000 1.49 2.84 7.99 -1000 10.98 1.60 459.493
car -1 -1 0.00 0.00 0.00 100.00 100.00 -1000 1.68 4.15 11.16 -1000 23.42 1.75 459.182
car -1 -1 0.00 0.00 0.00 100.00 100.00 -1000 2.71 8.07 4.58 -1000 45.97 1.56 458.696
car -1 -1 0.00 0.00 0.00 100.00 100.00 -1000 1.98 5.40 -0.13 -1000 35.57 1.65 454.680
car -1 -1 0.00 0.00 0.00 100.00 100.00 -1000 1.50 3.21 8.33 -1000 11.72 1.57 448.170
car -1 -1 0.00 0.00 0.00 100.00 100.00 -1000 2.24 6.40 14.32 -1000 21.33 1.60 446.193
car -1 -1 0.00 0.00 0.00 100.00 100.00 -1000 1.74 4.11 9.67 -1000 21.69 1.55 445.327
car -1 -1 0.00 0.00 0.00 100.00 100.00 -1000 1.92 4.53 9.69 -1000 40.11 1.69 444.030
car -1 -1 0.00 0.00 0.00 100.00 100.00 -1000 1.67 3.94 -7.82 -1000 44.50 1.37 442.056
car -1 -1 0.00 0.00 0.00 100.00 100.00 -1000 1.80 5.79 -9.62 -1000 31.05 1.81 441.639
car -1 -1 0.00 0.00 0.00 100.00 100.00 -1000 1.60 3.40 14.65 -1000 33.97 1.52 439.452
car -1 -1 0.00 0.00 0.00 100.00 100.00 -1000 1.56 3.44 -9.11 -1000 27.26 1.67 438.717
car -1 -1 0.00 0.00 0.00 100.00 100.00 -1000 1.54 3.80 9.17 -1000 12.39 1.66 437.860
car -1 -1 0.00 0.00 0.00 100.00 100.00 -1000 1.69 4.66 -8.50 -1000 29.60 1.75 437.783
car -1 -1 0.00 0.00 0.00 100.00 100.00 -1000 1.73 3.56 10.93 -1000 34.68 1.59 434.731
car -1 -1 0.00 0.00 0.00 100.00 100.00 -1000 1.63 3.53 16.55 -1000 33.96 1.45 429.384
car -1 -1 0.00 0.00 0.00 100.00 100.00 -1000 1.95 5.85 10.42 -1000 28.54 1.40 425.212
car -1 -1 0.00 0.00 0.00 100.00 100.00 -1000 1.42 3.20 -6.96 -1000 34.83 1.72 424.673
car -1 -1 0.00 0.00 0.00 100.00 100.00 -1000 1.84 4.43 6.84 -1000 11.67 1.55 424.437
car -1 -1 0.00 0.00 0.00 100.00 100.00 -1000 1.46 3.15 -1.76 -1000 31.09 -0.11 422.471
car -1 -1 0.00 0.00 0.00 100.00 100.00 -1000 1.52 4.00 -9.11 -1000 26.17 1.63 420.244
car -1 -1 0.00 0.00 0.00 100.00 100.00 -1000 1.61 4.23 15.42 -1000 17.38 1.60 419.222
car -1 -1 0.00 0.00 0.00 100.00 100.00 -1000 1.69 4.26 -7.46 -1000 27.81 1.62 414.692
car -1 -1 0.00 0.00 0.00 100.00 100.00 -1000 1.57 4.29 -1.48 -1000 42.43 1.33 413.809
car -1 -1 0.00 0.00 0.00 100.00 100.00 -1000 1.59 3.73 4.79 -1000 10.81 1.61 412.262
car -1 -1 0.00 0.00 0.00 100.00 100.00 -1000 1.81 4.44 -9.63 -1000 29.04 1.50 406.933
car -1 -1 0.00 0.00 0.00 100.00 100.00 -1000 1.71 3.95 14.61 -1000 16.23 1.60 406.389
car -1 -1 0.00 0.00 0.00 100.00 100.00 -1000 1.65 3.71 -3.04 -1000 38.54 1.56 406.164
car -1 -1 0.00 0.00 0.00 100.00 100.00 -1000 1.65 3.35 -12.04 -1000 17.58 1.60 405.770
car -1 -1 0.00 0.00 0.00 100.00 100.00 -1000 2.05 5.64 6.12 -1000 24.54 1.59 401.885
car -1 -1 0.00 0.00 0.00 100.00 100.00 -1000 1.67 4.22 5.99 -1000 23.75 1.50 399.885
car -1 -1 0.00 0.00 0.00 100.00 100.00 -1000 1.94 3.92 4.53 -1000 30.49 1.55 395.845
car -1 -1 0.00 0.00 0.00 100.00 100.00 -1000 1.93 4.50 -10.05 -1000 18.12 1.49 394.697
car -1 -1 0.00 0.00 0.00 100.00 100.00 -1000 1.52 3.27 16.31 -1000 42.50 1.47 393.296
car -1 -1 0.00 0.00 0.00 100.00 100.00 -1000 1.53 3.85 -8.06 -1000 33.01 1.72 388.223
car -1 -1 0.00 0.00 0.00 100.00 100.00 -1000 1.47 3.03 10.25 -1000 12.09 -0.40 386.958
car -1 -1 0.00 0.00 0.00 100.00 100.00 -1000 1.69 4.09 16.01 -1000 43.59 1.53 386.236
car -1 -1 0.00 0.00 0.00 100.00 100.00 -1000 1.90 5.50 -9.17 -1000 21.38 1.62 385.859
car -1 -1 0.00 0.00 0.00 100.00 100.00 -1000 1.77 4.24 9.66 -1000 14.04 1.55 384.535
car -1 -1 0.00 0.00 0.00 100.00 100.00 -1000 1.63 4.12 16.12 -1000 19.85 1.59 384.343
car -1 -1 0.00 0.00 0.00 100.00 100.00 -1000 1.57 4.25 -2.29 -1000 27.12 1.72 383.389
car -1 -1 0.00 0.00 0.00 100.00 100.00 -1000 1.42 3.44 5.18 -1000 42.87 -0.11 376.926
car -1 -1 0.00 0.00 0.00 100.00 100.00 -1000 1.77 3.99 1.33 -1000 39.25 1.59 373.949
car -1 -1 0.00 0.00 0.00 100.00 100.00 -1000 1.74 4.54 7.31 -1000 44.79 1.61 370.217
car -1 -1 0.00 0.00 0.00 100.00 100.00 -1000 1.72 4.17 11.35 -1000 35.45 1.60 365.615
car -1 -1 0.00 0.00 0.00 100.00 100.00 -1000 1.75 4.42 10.87 -1000 22.61 1.59 363.781
car -1 -1 0.00 0.00 0.00 100.00 100.00 -1000 1.57 3.49 4.73 -1000 9.93 1.59 361.367
car -1 -1 0.00 0.00 0.00 100.00 100.00 -1000 1.69 4.16 7.34 -1000 43.65 1.63 359.672
car -1 -1 0.00 0.00 0.00 100.00 100.00 -1000 2.03 5.66 1.29 -1000 36.70 1.39 358.711
car -1 -1 0.00 0.00 0.00 100.00 100.00 -1000 1.69 4.18 12.09 -1000 36.36 1.62 356.131
car -1 -1 0.00 0.00 0.00 100.00 100.00 -1000 1.78 4.34 15.60 -1000 18.61 1.59 354.799
car -1 -1 0.00 0.00 0.00 100.00 100.00 -1000 1.67 4.19 -13.76 -1000 19.42 1.64 353.255
car -1 -1 0.00 0.00 0.00 100.00 100.00 -1000 1.69 4.29 15.22 -1000 35.79 1.61 352.122
car -1 -1 0.00 0.00 0.00 100.00 100.00 -1000 1.94 5.92 7.02 -1000 45.57 1.51 351.203
car -1 -1 0.00 0.00 0.00 100.00 100.00 -1000 1.46 2.85 7.37 -1000 10.04 1.62 346.538
car -1 -1 0.00 0.00 0.00 100.00 100.00 -1000 1.78 3.97 10.21 -1000 33.93 1.64 344.576
car -1 -1 0.00 0.00 0.00 100.00 100.00 -1000 1.47 3.41 -3.09 -1000 33.85 1.46 343.799
car -1 -1 0.00 0.00 0.00 100.00 100.00 -1000 2.00 4.92 9.39 -1000 39.11 1.69 343.158
car -1 -1 0.00 0.00 0.00 100.00 100.00 -1000 1.92 4.80 -2.41 -1000 44.87 1.58 342.214
car -1 -1 0.00 0.00 0.00 100.00 100.00 -1000 1.48 3.52 3.16 -1000 7.62 1.64 342.013
car -1 -1 0.00 0.00 0.00 100.00 100.00 -1000 1.63 4.13 8.89 -1000 33.58 1.61 341.066
car -1 -1 0.00 0.00 0.00 100.00 100.00 -1000 1.91 4.86 9.41 -1000 15.99 1.65 339.383
car -1 -1 0.00 0.00 0.00 100.00 100.00 -1000 2.18 8.61 -7.10 -1000 35.59 2.06 339.228
car -1 -1 0.00 0.00 0.00 100.00 100.00 -1000 1.79 5.98 -2.05 -1000 29.20 1.47 339.169
car -1 -1 0.00 0.00 0.00 100.00 100.00 -1000 1.91 4.43 -9.11 -1000 19.42 1.44 338.952
car -1 -1 0.00 0.00 0.00 100.00 100.00 -1000 1.79 5.14 11.66 -1000 37.97 1.60 334.589
car -1 -1 0.00 0.00 0.00 100.00 100.00 -1000 2.16 5.29 5.79 -1000 29.26 1.65 329.527
car -1 -1 0.00 0.00 0.00 100.00 100.00 -1000 1.68 4.16 -2.93 -1000 33.09 1.47 326.562
car -1 -1 0.00 0.00 0.00 100.00 100.00 -1000 1.99 5.47 9.48 -1000 17.33 1.55 325.782
car -1 -1 0.00 0.00 0.00 100.00 100.00 -1000 1.55 4.53 12.27 -1000 25.30 1.55 325.610
car -1 -1 0.00 0.00 0.00 100.00 100.00 -1000 1.72 4.30 15.16 -1000 15.40 1.57 317.424
car -1 -1 0.00 0.00 0.00 100.00 100.00 -1000 2.12 4.98 -2.94 -1000 35.84 1.60 316.951
car -1 -1 0.00 0.00 0.00 100.00 100.00 -1000 1.57 4.17 -6.23 -1000 5.81 1.61 313.416
car -1 -1 0.00 0.00 0.00 100.00 100.00 -1000 1.81 4.63 -8.50 -1000 20.18 1.53 312.358
car -1 -1 0.00 0.00 0.00 100.00 100.00 -1000 1.75 4.37 9.07 -1000 31.37 1.59 311.753
car -1 -1 0.00 0.00 0.00 100.00 100.00 -1000 1.57 3.44 -0.06 -1000 31.23 1.58 311.629
car -1 -1 0.00 0.00 0.00 100.00 100.00 -1000 2.05 4.65 -0.14 -1000 41.85 1.39 311.592
car -1 -1 0.00 0.00 0.00 100.00 100.00 -1000 1.82 5.21 -6.89 -1000 29.35 1.59 309.899
car -1 -1 0.00 0.00 0.00 100.00 100.00 -1000 1.72 4.19 14.19 -1000 14.62 1.60 309.622
car -1 -1 0.00 0.00 0.00 100.00 100.00 -1000 1.97 5.06 -6.55 -1000 44.95 1.49 303.879
car -1 -1 0.00 0.00 0.00 100.00 100.00 -1000 1.62 3.71 14.62 -1000 44.06 1.57 299.731
car -1 -1 0.00 0.00 0.00 100.00 100.00 -1000 1.79 4.54 -7.54 -1000 26.69 1.58 298.927
car -1 -1 0.00 0.00 0.00 100.00 100.00 -1000 2.50 7.32 -9.58 -1000 32.01 1.40 298.106
car -1 -1 0.00 0.00 0.00 100.00 100.00 -1000 2.24 5.18 3.00 -1000 41.63 1.54 297.573
car -1 -1 0.00 0.00 0.00 100.00 100.00 -1000 1.47 3.52 -0.82 -1000 37.60 1.59 293.931
car -1 -1 0.00 0.00 0.00 100.00 100.00 -1000 1.60 4.13 16.19 -1000 16.58 1.60 293.805
car -1 -1 0.00 0.00 0.00 100.00 100.00 -1000 1.90 5.35 17.64 -1000 21.38 1.60 293.389
car -1 -1 0.00 0.00 0.00 100.00 100.00 -1000 1.71 4.16 8.62 -1000 32.24 1.59 293.260
car -1 -1 0.00 0.00 0.00 100.00 100.00 -1000 1.81 4.43 10.01 -1000 41.20 1.52 289.671
car -1 -1 0.00 0.00 0.00 100.00 100.00 -1000 2.38 5.50 14.12 -1000 22.42 1.62 288.865
car -1 -1 0.00 0.00 0.00 100.00 100.00 -1000 1.73 4.21 -4.08 -1000 46.09 1.63 288.842
car -1 -1 0.00 0.00 0.00 100.00 100.00 -1000 1.64 4.35 -5.57 -1000 26.59 1.57 285.958
car -1 -1 0.00 0.00 0.00 100.00 100.00 -1000 1.65 3.82 3.25 -1000 37.61 1.55 285.362
car -1 -1 0.00 0.00 0.00 100.00 100.00 -1000 1.67 4.10 13.31 -1000 13.83 1.59 285.124
car -1 -1 0.00 0.00 0.00 100.00 100.00 -1000 1.91 4.35 17.94 -1000 45.11 1.65 284.594
car -1 -1 0.00 0.00 0.00 100.00 100.00 -1000 2.35 7.04 5.38 -1000 36.59 1.42 283.927
car -1 -1 0.00 0.00 0.00 100.00 100.00 -1000 1.82 4.20 15.67 -1000 45.96 1.53 283.569
car -1 -1 0.00 0.00 0.00 100.00 100.00 -1000 1.73 3.99 -2.35 -1000 36.98 1.52 280.812
car -1 -1 0.00 0.00 0.00 100.00 100.00 -1000 1.40 3.23 5.00 -1000 8.80 1.56 280.229
car -1 -1 0.00 0.00 0.00 100.00 100.00 -1000 1.75 4.39 -19.16 -1000 28.76 1.69 280.209
car -1 -1 0.00 0.00 0.00 100.00 100.00 -1000 1.64 3.75 7.69 -1000 12.60 1.55 275.905
car -1 -1 0.00 0.00 0.00 100.00 100.00 -1000 2.52 6.65 8.61 -1000 27.80 1.59 272.846
car -1 -1 0.00 0.00 0.00 100.00 100.00 -1000 1.77 5.26 -13.23 -1000 20.26 1.50 271.799
car -1 -1 0.00 0.00 0.00 100.00 100.00 -1000 1.58 3.97 -5.91 -1000 4.99 1.63 271.511
car -1 -1 0.00 0.00 0.00 100.00 100.00 -1000 1.58 3.74 16.81 -1000 33.15 1.48 269.400
car -1 -1 0.00 0.00 0.00 100.00 100.00 -1000 1.65 3.51 7.37 -1000 9.21 1.64 266.879
car -1 -1 0.00 0.00 0.00 100.00 100.00 -1000 1.74 4.12 -9.91 -1000 45.24 1.64 266.498
car -1 -1 0.00 0.00 0.00 100.00 100.00 -1000 1.49 4.16 4.90 -1000 12.38 1.55 265.684
car -1 -1 0.00 0.00 0.00 100.00 100.00 -1000 1.55 3.89 7.13 -1000 16.57 1.54 263.187
car -1 -1 0.00 0.00 0.00 100.00 100.00 -1000 1.70 3.31 -8.07 -1000 32.23 1.68 263.086
car -1 -1 0.00 0.00 0.00 100.00 100.00 -1000 1.95 6.41 -7.39 -1000 44.04 1.40 262.045
car -1 -1 0.00 0.00 0.00 100.00 100.00 -1000 1.71 4.10 -6.15 -1000 6.95 1.57 261.322
car -1 -1 0.00 0.00 0.00 100.00 100.00 -1000 1.83 4.93 -3.28 -1000 25.12 1.59 260.846
car -1 -1 0.00 0.00 0.00 100.00 100.00 -1000 1.93 5.03 10.23 -1000 29.77 1.78 259.991
car -1 -1 0.00 0.00 0.00 100.00 100.00 -1000 1.59 4.09 18.14 -1000 32.36 1.46 257.528
car -1 -1 0.00 0.00 0.00 100.00 100.00 -1000 0.88 1.65 6.23 -1000 22.99 0.05 255.817
car -1 -1 0.00 0.00 0.00 100.00 100.00 -1000 1.67 3.91 -13.58 -1000 17.85 1.59 255.187
