car -1 -1 0.00 0.00 0.00 100.00 100.00 -1000 1.53 3.14 2.57 -1000 8.17 1.54 996.874
car -1 -1 0.00 0.00 0.00 100.00 100.00 -1000 1.54 3.50 2.80 -1000 25.34 -0.03 995.569
car -1 -1 0.00 0.00 0.00 100.00 100.00 -1000 1.56 3.21 2.63 -1000 26.70 1.48 995.446
car -1 -1 0.00 0.00 0.00 100.00 100.00 -1000 1.50 3.23 -8.02 -1000 18.14 1.53 994.953
car -1 -1 0.00 0.00 0.00 100.00 100.00 -1000 1.48 3.24 -7.88 -1000 10.93 1.56 993.795
car -1 -1 0.00 0.00 0.00 100.00 100.00 -1000 1.50 3.85 2.32 -1000 7.48 -0.18 992.780
car -1 -1 0.00 0.00 0.00 100.00 100.00 -1000 1.42 3.16 2.68 -1000 13.82 1.43 991.403
car -1 -1 0.00 0.00 0.00 100.00 100.00 -1000 1.60 3.91 -8.07 -1000 17.30 -0.28 990.053
car -1 -1 0.00 0.00 0.00 100.00 100.00 -1000 1.57 3.97 2.69 -1000 12.66 -0.29 989.487
car -1 -1 0.00 0.00 0.00 100.00 100.00 -1000 1.50 3.39 -7.85 -1000 18.93 1.55 985.447
car -1 -1 0.00 0.00 0.00 100.00 100.00 -1000 1.43 3.29 5.64 -1000 12.05 1.54 980.429
car -1 -1 0.00 0.00 0.00 100.00 100.00 -1000 1.55 2.98 3.27 -1000 26.09 1.65 979.764
car -1 -1 0.00 0.00 0.00 100.00 100.00 -1000 1.69 3.73 -7.65 -1000 11.89 1.54 976.685
car -1 -1 0.00 0.00 0.00 100.00 100.00 -1000 1.52 3.32 -7.85 -1000 9.96 -0.11 968.449
car -1 -1 0.00 0.00 0.00 100.00 100.00 -1000 1.56 3.40 -12.52 -1000 45.59 1.65 965.048
car -1 -1 0.00 0.00 0.00 100.00 100.00 -1000 1.51 3.20 5.87 -1000 12.80 1.64 962.538
car -1 -1 0.00 0.00 0.00 100.00 100.00 -1000 1.48 2.99 1.60 -1000 34.73 1.58 960.855
car -1 -1 0.00 0.00 0.00 100.00 100.00 -1000 1.42 3.13 -0.45 -1000 34.02 1.57 960.714
car -1 -1 0.00 0.00 0.00 100.00 100.00 -1000 1.62 3.58 2.11 -1000 9.21 1.49 957.483
car -1 -1 0.00 0.00 0.00 100.00 100.00 -1000 1.42 2.88 3.87 -1000 13.41 1.65 954.863
car -1 -1 0.00 0.00 0.00 100.00 100.00 -1000 1.47 2.96 0.12 -1000 34.61 1.58 953.922
car -1 -1 0.00 0.00 0.00 100.00 100.00 -1000 1.61 3.68 6.08 -1000 8.83 1.63 951.731
car -1 -1 0.00 0.00 0.00 100.00 100.00 -1000 1.42 3.16 5.60 -1000 11.19 1.52 949.521
car -1 -1 0.00 0.00 0.00 100.00 100.00 -1000 1.76 4.07 -7.61 -1000 19.96 1.52 943.509
car -1 -1 0.00 0.00 0.00 100.00 100.00 -1000 1.49 3.24 5.68 -1000 8.07 1.60 942.304
car -1 -1 0.00 0.00 0.00 100.00 100.00 -1000 1.44 3.20 4.09 -1000 12.47 -0.10 941.036
car -1 -1 0.00 0.00 0.00 100.00 100.00 -1000 1.44 3.14 -8.75 -1000 45.54 1.51 940.008
car -1 -1 0.00 0.00 0.00 100.00 100.00 -1000 2.39 6.29 2.06 -1000 9.49 1.60 938.973
car -1 -1 0.00 0.00 0.00 100.00 100.00 -1000 1.66 4.02 11.74 -1000 15.08 -0.42 938.361
car -1 -1 0.00 0.00 0.00 100.00 100.00 -1000 1.57 3.36 5.42 -1000 13.57 1.57 933.287
car -1 -1 0.00 0.00 0.00 100.00 100.00 -1000 1.60 3.74 2.15 -1000 33.96 -0.20 933.262
car -1 -1 0.00 0.00 0.00 100.00 100.00 -1000 1.70 4.09 5.90 -1000 14.31 1.50 932.181
car -1 -1 0.00 0.00 0.00 100.00 100.00 -1000 1.45 3.04 -12.30 -1000 16.95 1.63 931.335
car -1 -1 0.00 0.00 0.00 100.00 100.00 -1000 1.55 3.69 -0.57 -1000 32.89 -0.40 929.886
car -1 -1 0.00 0.00 0.00 100.00 100.00 -1000 1.44 3.27 5.29 -1000 35.09 1.53 923.262
car -1 -1 0.00 0.00 0.00 100.00 100.00 -1000 1.63 3.68 3.45 -1000 8.73 1.57 922.617
car -1 -1 0.00 0.00 0.00 100.00 100.00 -1000 2.01 4.99 5.63 -1000 15.27 1.58 921.330
car -1 -1 0.00 0.00 0.00 100.00 100.00 -1000 1.48 3.16 4.88 -1000 8.52 1.57 920.314
car -1 -1 0.00 0.00 0.00 100.00 100.00 -1000 1.54 3.53 5.60 -1000 25.88 1.54 913.528
car -1 -1 0.00 0.00 0.00 100.00 100.00 -1000 1.49 3.04 3.73 -1000 7.91 1.75 913.023
car -1 -1 0.00 0.00 0.00 100.00 100.00 -1000 1.64 3.92 2.31 -1000 35.28 1.60 902.110
car -1 -1 0.00 0.00 0.00 100.00 100.00 -1000 1.55 3.62 4.44 -1000 26.90 1.56 900.765
car -1 -1 0.00 0.00 0.00 100.00 100.00 -1000 1.70 4.22 5.52 -1000 10.48 1.40 896.882
car -1 -1 0.00 0.00 0.00 100.00 100.00 -1000 1.49 3.08 -12.33 -1000 44.65 -0.22 894.608
car -1 -1 0.00 0.00 0.00 100.00 100.00 -1000 1.53 3.46 0.48 -1000 33.42 -0.31 894.308
car -1 -1 0.00 0.00 0.00 100.00 100.00 -1000 1.97 4.98 5.48 -1000 9.49 1.49 892.396
car -1 -1 0.00 0.00 0.00 100.00 100.00 -1000 1.37 2.99 1.64 -1000 45.06 1.58 891.960
car -1 -1 0.00 0.00 0.00 100.00 100.00 -1000 1.53 3.62 -12.12 -1000 46.62 1.48 889.282
car -1 -1 0.00 0.00 0.00 100.00 100.00 -1000 2.12 5.80 5.46 -1000 27.65 1.42 888.070
car -1 -1 0.00 0.00 0.00 100.00 100.00 -1000 1.59 3.35 -7.95 -1000 46.02 1.66 884.252
car -1 -1 0.00 0.00 0.00 100.00 100.00 -1000 1.89 5.06 2.43 -1000 27.70 1.49 880.158
car -1 -1 0.00 0.00 0.00 100.00 100.00 -1000 1.76 4.61 0.35 -1000 35.17 1.51 878.762
car -1 -1 0.00 0.00 0.00 100.00 100.00 -1000 1.72 4.12 4.01 -1000 14.28 1.58 877.253
car -1 -1 0.00 0.00 0.00 100.00 100.00 -1000 1.50 3.42 -12.04 -1000 36.30 1.62 874.477
car -1 -1 0.00 0.00 0.00 100.00 100.00 -1000 1.58 3.29 -10.09 -1000 45.60 1.60 873.121
car -1 -1 0.00 0.00 0.00 100.00 100.00 -1000 1.45 3.27 -12.46 -1000 16.19 1.66 871.866
car -1 -1 0.00 0.00 0.00 100.00 100.00 -1000 1.59 3.55 9.03 -1000 14.51 1.60 871.669
car -1 -1 0.00 0.00 0.00 100.00 100.00 -1000 2.08 5.15 -7.37 -1000 20.76 1.48 869.123
car -1 -1 0.00 0.00 0.00 100.00 100.00 -1000 1.55 3.38 1.69 -1000 44.05 -0.10 868.504
car -1 -1 0.00 0.00 0.00 100.00 100.00 -1000 1.94 5.03 -11.61 -1000 47.47 1.54 867.825
car -1 -1 0.00 0.00 0.00 100.00 100.00 -1000 1.42 3.01 5.81 -1000 25.16 1.48 867.392
car -1 -1 0.00 0.00 0.00 100.00 100.00 -1000 1.41 2.82 5.63 -1000 7.33 1.56 859.782
car -1 -1 0.00 0.00 0.00 100.00 100.00 -1000 1.55 3.59 -11.95 -1000 17.70 1.62 857.841
car -1 -1 0.00 0.00 0.00 100.00 100.00 -1000 1.60 3.80 11.82 -1000 16.03 1.51 855.276
car -1 -1 0.00 0.00 0.00 100.00 100.00 -1000 1.56 3.26 4.28 -1000 25.68 1.74 850.939
car -1 -1 0.00 0.00 0.00 100.00 100.00 -1000 1.66 4.06 -8.87 -1000 46.66 1.47 849.208
car -1 -1 0.00 0.00 0.00 100.00 100.00 -1000 1.55 3.27 3.50 -1000 34.82 1.65 848.595
car -1 -1 0.00 0.00 0.00 100.00 100.00 -1000 1.56 3.12 9.82 -1000 14.98 1.64 847.632
car -1 -1 0.00 0.00 0.00 100.00 100.00 -1000 1.69 4.07 5.19 -1000 35.79 1.48 838.891
car -1 -1 0.00 0.00 0.00 100.00 100.00 -1000 1.51 3.19 -13.77 -1000 27.34 1.71 835.800
car -1 -1 0.00 0.00 0.00 100.00 100.00 -1000 1.55 3.37 -8.94 -1000 36.48 1.57 831.193
car -1 -1 0.00 0.00 0.00 100.00 100.00 -1000 1.69 3.93 5.15 -1000 36.97 1.46 823.856
car -1 -1 0.00 0.00 0.00 100.00 100.00 -1000 1.56 3.39 6.00 -1000 24.26 -0.33 816.003
car -1 -1 0.00 0.00 0.00 100.00 100.00 -1000 1.78 4.58 -7.78 -1000 12.67 1.50 814.500
car -1 -1 0.00 0.00 0.00 100.00 100.00 -1000 2.64 6.59 2.64 -1000 28.60 1.42 813.418
car -1 -1 0.00 0.00 0.00 100.00 100.00 -1000 1.53 3.56 -13.66 -1000 45.06 1.55 810.975
car -1 -1 0.00 0.00 0.00 100.00 100.00 -1000 1.52 3.26 -1.39 -1000 33.57 1.52 805.788
car -1 -1 0.00 0.00 0.00 100.00 100.00 -1000 1.59 3.78 6.98 -1000 13.73 1.67 805.276
car -1 -1 0.00 0.00 0.00 100.00 100.00 -1000 1.65 3.71 10.38 -1000 15.61 1.56 802.905
car -1 -1 0.00 0.00 0.00 100.00 100.00 -1000 1.93 4.01 -8.79 -1000 44.45 -0.37 799.813
car -1 -1 0.00 0.00 0.00 100.00 100.00 -1000 1.42 3.41 -14.73 -1000 26.93 1.60 798.836
car -1 -1 0.00 0.00 0.00 100.00 100.00 -1000 1.61 3.49 -10.31 -1000 36.39 1.60 795.193
car -1 -1 0.00 0.00 0.00 100.00 100.00 -1000 1.37 2.78 -12.39 -1000 35.57 1.65 788.762
car -1 -1 0.00 0.00 0.00 100.00 100.00 -1000 1.80 4.72 2.71 -1000 14.70 1.49 777.876
car -1 -1 0.00 0.00 0.00 100.00 100.00 -1000 2.56 7.97 5.29 -1000 28.48 1.38 765.202
car -1 -1 0.00 0.00 0.00 100.00 100.00 -1000 1.50 3.25 4.71 -1000 34.47 1.57 763.424
car -1 -1 0.00 0.00 0.00 100.00 100.00 -1000 1.67 3.79 1.99 -1000 11.79 1.42 761.001
car -1 -1 0.00 0.00 0.00 100.00 100.00 -1000 1.60 3.59 -10.40 -1000 46.42 1.63 757.139
car -1 -1 0.00 0.00 0.00 100.00 100.00 -1000 1.66 3.99 -9.70 -1000 17.85 1.59 748.929
car -1 -1 0.00 0.00 0.00 100.00 100.00 -1000 1.47 3.06 5.45 -1000 6.56 1.63 741.928
car -1 -1 0.00 0.00 0.00 100.00 100.00 -1000 1.85 4.88 -12.22 -1000 18.43 1.61 741.909
car -1 -1 0.00 0.00 0.00 100.00 100.00 -1000 1.58 3.08 -7.23 -1000 9.23 1.73 735.932
car -1 -1 0.00 0.00 0.00 100.00 100.00 -1000 1.45 3.23 -14.41 -1000 44.47 1.54 735.458
car -1 -1 0.00 0.00 0.00 100.00 100.00 -1000 1.89 4.62 7.27 -1000 14.81 1.56 734.933
car -1 -1 0.00 0.00 0.00 100.00 100.00 -1000 1.73 4.74 5.43 -1000 28.90 1.50 732.293
car -1 -1 0.00 0.00 0.00 100.00 100.00 -1000 1.54 3.76 -9.02 -1000 11.72 1.46 729.071
car -1 -1 0.00 0.00 0.00 100.00 100.00 -1000 1.65 3.78 -12.60 -1000 36.94 1.56 723.267
car -1 -1 0.00 0.00 0.00 100.00 100.00 -1000 1.63 3.70 -13.44 -1000 28.13 1.62 721.651
car -1 -1 0.00 0.00 0.00 100.00 100.00 -1000 2.32 7.10 3.07 -1000 10.36 1.55 716.877
car -1 -1 0.00 0.00 0.00 100.00 100.00 -1000 1.69 4.40 -0.02 -1000 8.01 1.86 709.782
car -1 -1 0.00 0.00 0.00 100.00 100.00 -1000 1.61 3.17 1.56 -1000 14.08 1.56 707.831
car -1 -1 0.00 0.00 0.00 100.00 100.00 -1000 1.65 4.01 -13.30 -1000 39.82 1.50 702.823
car -1 -1 0.00 0.00 0.00 100.00 100.00 -1000 1.52 3.40 -15.02 -1000 26.21 1.63 697.566
car -1 -1 0.00 0.00 0.00 100.00 100.00 -1000 1.62 4.08 5.55 -1000 38.34 1.51 696.436
car -1 -1 0.00 0.00 0.00 100.00 100.00 -1000 1.61 3.64 2.31 -1000 4.82 1.52 691.874
car -1 -1 0.00 0.00 0.00 100.00 100.00 -1000 1.58 4.37 2.53 -1000 4.07 1.51 691.251
car -1 -1 0.00 0.00 0.00 100.00 100.00 -1000 1.51 3.39 -8.23 -1000 28.71 1.51 678.405
car -1 -1 0.00 0.00 0.00 100.00 100.00 -1000 1.68 3.58 11.07 -1000 14.32 1.69 677.176
car -1 -1 0.00 0.00 0.00 100.00 100.00 -1000 1.52 3.07 -1.39 -1000 32.41 1.51 675.400
car -1 -1 0.00 0.00 0.00 100.00 100.00 -1000 1.48 3.29 3.78 -1000 7.03 -0.17 659.554
car -1 -1 0.00 0.00 0.00 100.00 100.00 -1000 1.42 3.10 -12.76 -1000 15.49 1.50 656.598
car -1 -1 0.00 0.00 0.00 100.00 100.00 -1000 1.52 3.34 -15.13 -1000 22.15 1.55 654.534
car -1 -1 0.00 0.00 0.00 100.00 100.00 -1000 1.73 4.11 -13.67 -1000 45.95 1.59 649.423
car -1 -1 0.00 0.00 0.00 100.00 100.00 -1000 1.39 3.20 1.33 -1000 38.42 -0.29 644.883
car -1 -1 0.00 0.00 0.00 100.00 100.00 -1000 1.82 4.53 3.82 -1000 11.33 1.60 640.295
car -1 -1 0.00 0.00 0.00 100.00 100.00 -1000 1.58 3.66 5.15 -1000 33.53 1.52 639.803
car -1 -1 0.00 0.00 0.00 100.00 100.00 -1000 1.63 3.65 8.42 -1000 13.44 1.64 633.702
car -1 -1 0.00 0.00 0.00 100.00 100.00 -1000 1.58 4.11 -6.71 -1000 46.36 1.64 632.337
car -1 -1 0.00 0.00 0.00 100.00 100.00 -1000 1.65 3.60 9.67 -1000 13.91 1.66 628.550
car -1 -1 0.00 0.00 0.00 100.00 100.00 -1000 1.31 4.11 -8.47 -1000 16.46 -0.28 626.474
car -1 -1 0.00 0.00 0.00 100.00 100.00 -1000 1.91 3.46 -7.89 -1000 8.61 1.63 624.740
car -1 -1 0.00 0.00 0.00 100.00 100.00 -1000 1.44 2.96 -13.71 -1000 26.53 -0.29 621.825
car -1 -1 0.00 0.00 0.00 100.00 100.00 -1000 1.61 3.88 -8.81 -1000 37.34 1.52 620.236
car -1 -1 0.00 0.00 0.00 100.00 100.00 -1000 1.80 4.37 -12.61 -1000 37.85 1.70 617.893
car -1 -1 0.00 0.00 0.00 100.00 100.00 -1000 1.70 3.85 -7.79 -1000 45.12 -0.39 617.255
car -1 -1 0.00 0.00 0.00 100.00 100.00 -1000 1.75 4.40 -12.42 -1000 24.72 1.60 614.181
car -1 -1 0.00 0.00 0.00 100.00 100.00 -1000 1.61 3.71 -9.34 -1000 35.70 1.51 608.271
car -1 -1 0.00 0.00 0.00 100.00 100.00 -1000 1.68 3.63 -15.30 -1000 24.04 1.56 606.006
car -1 -1 0.00 0.00 0.00 100.00 100.00 -1000 1.51 3.74 3.05 -1000 45.51 1.62 600.792
car -1 -1 0.00 0.00 0.00 100.00 100.00 -1000 1.64 3.66 -15.41 -1000 22.95 1.56 600.792
car -1 -1 0.00 0.00 0.00 100.00 100.00 -1000 1.48 3.21 13.69 -1000 18.70 1.42 597.233
car -1 -1 0.00 0.00 0.00 100.00 100.00 -1000 2.05 6.48 6.35 -1000 16.22 1.51 597.039
car -1 -1 0.00 0.00 0.00 100.00 100.00 -1000 1.78 4.78 12.02 -1000 16.74 1.57 594.127
car -1 -1 0.00 0.00 0.00 100.00 100.00 -1000 1.94 5.78 -9.27 -1000 47.42 1.56 593.308
car -1 -1 0.00 0.00 0.00 100.00 100.00 -1000 1.55 3.21 -12.38 -1000 34.65 -0.36 592.607
car -1 -1 0.00 0.00 0.00 100.00 100.00 -1000 1.48 3.36 -4.69 -1000 42.90 1.54 587.569
car -1 -1 0.00 0.00 0.00 100.00 100.00 -1000 1.90 5.43 5.57 -1000 30.21 1.37 586.244
car -1 -1 0.00 0.00 0.00 100.00 100.00 -1000 2.03 5.19 -12.05 -1000 19.72 1.55 579.962
car -1 -1 0.00 0.00 0.00 100.00 100.00 -1000 1.55 3.37 -8.57 -1000 9.38 1.55 579.817
car -1 -1 0.00 0.00 0.00 100.00 100.00 -1000 2.54 7.35 2.08 -1000 36.22 1.57 577.516
car -1 -1 0.00 0.00 0.00 100.00 100.00 -1000 1.97 5.79 8.29 -1000 15.66 1.54 571.202
car -1 -1 0.00 0.00 0.00 100.00 100.00 -1000 1.47 3.54 -12.69 -1000 22.15 1.50 567.268
car -1 -1 0.00 0.00 0.00 100.00 100.00 -1000 1.59 3.65 6.96 -1000 12.18 1.64 561.607
car -1 -1 0.00 0.00 0.00 100.00 100.00 -1000 1.72 4.42 5.77 -1000 26.62 1.58 561.404
car -1 -1 0.00 0.00 0.00 100.00 100.00 -1000 1.78 4.09 6.14 -1000 36.31 1.60 559.236
car -1 -1 0.00 0.00 0.00 100.00 100.00 -1000 1.80 3.72 -12.44 -1000 40.56 1.67 557.415
car -1 -1 0.00 0.00 0.00 100.00 100.00 -1000 1.72 3.68 -15.50 -1000 24.92 1.54 555.601
car -1 -1 0.00 0.00 0.00 100.00 100.00 -1000 1.66 3.19 -12.95 -1000 43.94 1.83 550.936
car -1 -1 0.00 0.00 0.00 100.00 100.00 -1000 1.68 4.07 -10.27 -1000 17.17 1.62 543.768
car -1 -1 0.00 0.00 0.00 100.00 100.00 -1000 1.38 2.80 -16.71 -1000 38.10 1.57 543.328
car -1 -1 0.00 0.00 0.00 100.00 100.00 -1000 1.57 3.33 4.51 -1000 24.72 1.60 542.153
car -1 -1 0.00 0.00 0.00 100.00 100.00 -1000 1.77 3.51 1.33 -1000 39.21 1.71 538.396
car -1 -1 0.00 0.00 0.00 100.00 100.00 -1000 1.87 4.37 -9.45 -1000 10.91 1.57 538.171
car -1 -1 0.00 0.00 0.00 100.00 100.00 -1000 1.61 4.15 -16.03 -1000 26.64 1.51 536.516
car -1 -1 0.00 0.00 0.00 100.00 100.00 -1000 2.33 6.34 2.42 -1000 4.94 1.44 536.257
car -1 -1 0.00 0.00 0.00 100.00 100.00 -1000 1.51 3.09 5.32 -1000 46.37 1.54 533.403
car -1 -1 0.00 0.00 0.00 100.00 100.00 -1000 1.67 4.43 -12.38 -1000 28.56 1.61 530.940
car -1 -1 0.00 0.00 0.00 100.00 100.00 -1000 2.04 3.19 2.57 -1000 3.10 0.08 530.651
car -1 -1 0.00 0.00 0.00 100.00 100.00 -1000 2.19 5.78 -8.79 -1000 13.37 1.56 530.569
car -1 -1 0.00 0.00 0.00 100.00 100.00 -1000 1.84 5.11 -9.27 -1000 19.37 1.58 530.007
car -1 -1 0.00 0.00 0.00 100.00 100.00 -1000 1.47 3.72 -6.65 -1000 36.32 1.56 528.996
car -1 -1 0.00 0.00 0.00 100.00 100.00 -1000 1.57 3.31 12.75 -1000 15.47 1.69 527.867
car -1 -1 0.00 0.00 0.00 100.00 100.00 -1000 1.68 4.13 -10.04 -1000 12.56 1.60 526.233
car -1 -1 0.00 0.00 0.00 100.00 100.00 -1000 1.81 4.55 -2.22 -1000 34.17 1.54 525.882
car -1 -1 0.00 0.00 0.00 100.00 100.00 -1000 1.60 3.44 -4.14 -1000 36.91 1.59 522.922
car -1 -1 0.00 0.00 0.00 100.00 100.00 -1000 1.53 3.17 -14.99 -1000 43.65 -0.23 522.392
car -1 -1 0.00 0.00 0.00 100.00 100.00 -1000 1.52 3.38 -14.01 -1000 21.87 1.63 522.281
car -1 -1 0.00 0.00 0.00 100.00 100.00 -1000 2.42 7.69 3.30 -1000 15.46 1.50 518.252
car -1 -1 0.00 0.00 0.00 100.00 100.00 -1000 1.63 4.71 -8.20 -1000 28.01 1.64 518.152
car -1 -1 0.00 0.00 0.00 100.00 100.00 -1000 1.51 3.27 -14.30 -1000 38.22 1.54 515.260
car -1 -1 0.00 0.00 0.00 100.00 100.00 -1000 1.65 4.03 -9.54 -1000 43.36 1.45 513.571
car -1 -1 0.00 0.00 0.00 100.00 100.00 -1000 1.54 3.34 -12.39 -1000 27.47 1.63 506.590
car -1 -1 0.00 0.00 0.00 100.00 100.00 -1000 1.48 3.74 -9.98 -1000 44.81 0.08 505.264
car -1 -1 0.00 0.00 0.00 100.00 100.00 -1000 2.03 6.22 1.10 -1000 37.39 1.41 501.449
car -1 -1 0.00 0.00 0.00 100.00 100.00 -1000 1.95 5.31 1.69 -1000 32.79 1.46 498.546
car -1 -1 0.00 0.00 0.00 100.00 100.00 -1000 1.48 3.15 -13.98 -1000 25.81 1.75 496.829
car -1 -1 0.00 0.00 0.00 100.00 100.00 -1000 1.58 3.54 -15.08 -1000 21.03 1.56 493.634
car -1 -1 0.00 0.00 0.00 100.00 100.00 -1000 1.69 4.41 -12.52 -1000 39.10 1.74 486.517
car -1 -1 0.00 0.00 0.00 100.00 100.00 -1000 1.14 2.10 2.46 -1000 13.29 -0.08 486.331
car -1 -1 0.00 0.00 0.00 100.00 100.00 -1000 1.50 3.02 -16.61 -1000 22.27 1.66 485.626
car -1 -1 0.00 0.00 0.00 100.00 100.00 -1000 1.98 4.96 -14.82 -1000 27.84 1.59 481.115
car -1 -1 0.00 0.00 0.00 100.00 100.00 -1000 1.56 3.83 -5.76 -1000 36.80 1.54 481.066
car -1 -1 0.00 0.00 0.00 100.00 100.00 -1000 1.49 3.18 14.70 -1000 19.07 -0.12 476.334
car -1 -1 0.00 0.00 0.00 100.00 100.00 -1000 1.47 3.20 12.53 -1000 19.12 -0.08 475.721
car -1 -1 0.00 0.00 0.00 100.00 100.00 -1000 1.70 3.82 5.01 -1000 32.21 1.59 466.515
car -1 -1 0.00 0.00 0.00 100.00 100.00 -1000 1.64 3.87 -11.31 -1000 35.21 -0.30 466.393
car -1 -1 0.00 0.00 0.00 100.00 100.00 -1000 1.67 3.27 1.82 -1000 24.68 1.45 465.821
car -1 -1 0.00 0.00 0.00 100.00 100.00 -1000 1.83 4.66 -14.55 -1000 46.63 1.68 465.057
car -1 -1 0.00 0.00 0.00 100.00 100.00 -1000 1.86 3.74 5.92 -1000 19.77 1.73 462.561
car -1 -1 0.00 0.00 0.00 100.00 100.00 -1000 1.80 5.86 -11.96 -1000 42.15 1.56 460.882
car -1 -1 0.00 0.00 0.00 100.00 100.00 -1000 2.24 5.69 -12.90 -1000 29.56 1.62 454.971
car -1 -1 0.00 0.00 0.00 100.00 100.00 -1000 1.48 2.98 -15.80 -1000 38.55 1.48 450.081
car -1 -1 0.00 0.00 0.00 100.00 100.00 -1000 1.82 4.82 1.83 -1000 11.05 1.48 449.158
car -1 -1 0.00 0.00 0.00 100.00 100.00 -1000 3.19 12.13 1.55 -1000 10.30 1.32 448.719
car -1 -1 0.00 0.00 0.00 100.00 100.00 -1000 2.15 5.09 -13.23 -1000 47.11 1.53 446.492
car -1 -1 0.00 0.00 0.00 100.00 100.00 -1000 1.57 3.94 -12.27 -1000 26.18 1.56 445.352
car -1 -1 0.00 0.00 0.00 100.00 100.00 -1000 1.70 3.95 12.07 -1000 13.84 1.62 438.903
car -1 -1 0.00 0.00 0.00 100.00 100.00 -1000 1.69 3.82 -16.21 -1000 25.81 1.54 436.093
car -1 -1 0.00 0.00 0.00 100.00 100.00 -1000 0.92 1.62 -8.02 -1000 10.23 0.01 430.601
car -1 -1 0.00 0.00 0.00 100.00 100.00 -1000 1.44 3.00 -14.80 -1000 39.21 1.60 429.292
car -1 -1 0.00 0.00 0.00 100.00 100.00 -1000 1.81 4.64 1.42 -1000 26.25 1.58 429.114
car -1 -1 0.00 0.00 0.00 100.00 100.00 -1000 1.66 4.10 0.71 -1000 44.54 1.52 427.009
car -1 -1 0.00 0.00 0.00 100.00 100.00 -1000 1.34 2.71 -17.46 -1000 37.11 1.61 426.490
car -1 -1 0.00 0.00 0.00 100.00 100.00 -1000 1.61 3.64 -12.84 -1000 33.97 1.71 424.170
car -1 -1 0.00 0.00 0.00 100.00 100.00 -1000 1.78 3.74 3.42 -1000 33.67 1.60 416.945
car -1 -1 0.00 0.00 0.00 100.00 100.00 -1000 1.70 4.70 -12.60 -1000 22.88 1.51 415.743
car -1 -1 0.00 0.00 0.00 100.00 100.00 -1000 1.50 3.10 -12.77 -1000 14.63 1.39 415.565
car -1 -1 0.00 0.00 0.00 100.00 100.00 -1000 1.70 3.90 2.81 -1000 44.65 -0.38 412.273
car -1 -1 0.00 0.00 0.00 100.00 100.00 -1000 1.78 4.93 -1.45 -1000 35.04 1.61 405.792
car -1 -1 0.00 0.00 0.00 100.00 100.00 -1000 2.31 6.83 4.68 -1000 37.44 1.47 404.322
car -1 -1 0.00 0.00 0.00 100.00 100.00 -1000 1.78 3.88 -7.69 -1000 35.65 1.54 404.076
car -1 -1 0.00 0.00 0.00 100.00 100.00 -1000 1.64 4.50 -15.10 -1000 37.37 1.35 403.325
car -1 -1 0.00 0.00 0.00 100.00 100.00 -1000 1.57 3.00 -4.47 -1000 42.03 -0.14 399.839
car -1 -1 0.00 0.00 0.00 100.00 100.00 -1000 2.51 6.77 -9.49 -1000 20.54 1.46 395.623
car -1 -1 0.00 0.00 0.00 100.00 100.00 -1000 1.64 4.09 -8.02 -1000 29.45 1.63 392.665
car -1 -1 0.00 0.00 0.00 100.00 100.00 -1000 1.83 5.88 -10.13 -1000 13.93 1.46 392.330
car -1 -1 0.00 0.00 0.00 100.00 100.00 -1000 1.90 4.97 1.90 -1000 45.96 1.55 392.242
car -1 -1 0.00 0.00 0.00 100.00 100.00 -1000 1.65 4.45 -5.81 -1000 18.64 1.65 390.063
car -1 -1 0.00 0.00 0.00 100.00 100.00 -1000 1.78 5.43 -5.55 -1000 20.13 1.61 388.453
car -1 -1 0.00 0.00 0.00 100.00 100.00 -1000 1.83 4.76 -16.88 -1000 27.22 1.68 385.395
car -1 -1 0.00 0.00 0.00 100.00 100.00 -1000 1.98 4.97 -11.23 -1000 43.57 1.54 384.689
car -1 -1 0.00 0.00 0.00 100.00 100.00 -1000 1.57 4.30 0.62 -1000 42.24 1.61 384.635
car -1 -1 0.00 0.00 0.00 100.00 100.00 -1000 1.63 4.47 12.42 -1000 18.09 1.40 378.877
car -1 -1 0.00 0.00 0.00 100.00 100.00 -1000 1.70 3.98 -5.17 -1000 37.56 1.57 377.829
car -1 -1 0.00 0.00 0.00 100.00 100.00 -1000 1.60 3.12 -16.42 -1000 21.49 1.66 377.004
car -1 -1 0.00 0.00 0.00 100.00 100.00 -1000 1.32 2.99 -13.58 -1000 38.72 -0.04 376.770
car -1 -1 0.00 0.00 0.00 100.00 100.00 -1000 1.64 4.16 7.24 -1000 35.58 1.62 375.433
car -1 -1 0.00 0.00 0.00 100.00 100.00 -1000 1.55 4.12 7.10 -1000 9.29 1.64 375.114
car -1 -1 0.00 0.00 0.00 100.00 100.00 -1000 1.59 3.34 -16.82 -1000 23.38 1.67 371.767
car -1 -1 0.00 0.00 0.00 100.00 100.00 -1000 1.85 5.19 -12.58 -1000 23.83 1.47 371.472
car -1 -1 0.00 0.00 0.00 100.00 100.00 -1000 1.86 5.04 -15.20 -1000 45.04 1.58 370.519
car -1 -1 0.00 0.00 0.00 100.00 100.00 -1000 1.74 5.63 5.62 -1000 18.84 1.64 369.428
car -1 -1 0.00 0.00 0.00 100.00 100.00 -1000 2.10 4.94 5.58 -1000 39.12 1.63 369.268
car -1 -1 0.00 0.00 0.00 100.00 100.00 -1000 1.88 4.86 2.96 -1000 24.15 1.48 367.874
car -1 -1 0.00 0.00 0.00 100.00 100.00 -1000 2.21 7.18 -5.61 -1000 21.13 1.58 367.871
car -1 -1 0.00 0.00 0.00 100.00 100.00 -1000 1.83 4.37 13.68 -1000 19.92 1.81 360.604
car -1 -1 0.00 0.00 0.00 100.00 100.00 -1000 1.62 4.54 7.18 -1000 26.22 1.57 357.913
car -1 -1 0.00 0.00 0.00 100.00 100.00 -1000 1.72 4.22 -2.56 -1000 33.18 1.64 355.482
car -1 -1 0.00 0.00 0.00 100.00 100.00 -1000 1.52 3.39 5.52 -1000 47.26 1.54 353.475
car -1 -1 0.00 0.00 0.00 100.00 100.00 -1000 1.58 3.57 7.07 -1000 11.36 1.62 352.709
car -1 -1 0.00 0.00 0.00 100.00 100.00 -1000 2.08 5.70 -12.76 -1000 43.07 1.72 351.901
car -1 -1 0.00 0.00 0.00 100.00 100.00 -1000 1.82 4.36 4.03 -1000 46.04 1.62 349.335
car -1 -1 0.00 0.00 0.00 100.00 100.00 -1000 1.73 4.64 -15.71 -1000 46.05 1.70 349.105
car -1 -1 0.00 0.00 0.00 100.00 100.00 -1000 1.73 4.05 -3.46 -1000 33.75 1.58 347.312
car -1 -1 0.00 0.00 0.00 100.00 100.00 -1000 1.77 4.25 12.90 -1000 14.63 1.58 346.647
car -1 -1 0.00 0.00 0.00 100.00 100.00 -1000 1.74 4.33 9.64 -1000 12.96 1.61 346.163
car -1 -1 0.00 0.00 0.00 100.00 100.00 -1000 1.63 3.45 7.01 -1000 24.92 -0.34 343.931
car -1 -1 0.00 0.00 0.00 100.00 100.00 -1000 1.71 4.40 -13.98 -1000 25.10 1.64 342.572
car -1 -1 0.00 0.00 0.00 100.00 100.00 -1000 1.64 3.89 14.73 -1000 18.15 1.48 342.213
car -1 -1 0.00 0.00 0.00 100.00 100.00 -1000 2.39 9.36 -6.83 -1000 12.84 1.50 336.639
car -1 -1 0.00 0.00 0.00 100.00 100.00 -1000 1.66 4.09 -12.62 -1000 20.91 1.76 335.910
car -1 -1 0.00 0.00 0.00 100.00 100.00 -1000 1.64 3.70 6.46 -1000 45.99 1.48 327.116
car -1 -1 0.00 0.00 0.00 100.00 100.00 -1000 1.59 4.20 13.38 -1000 16.17 1.64 327.070
car -1 -1 0.00 0.00 0.00 100.00 100.00 -1000 1.74 5.05 -4.55 -1000 43.85 1.56 326.696
car -1 -1 0.00 0.00 0.00 100.00 100.00 -1000 1.63 3.74 -17.17 -1000 24.98 1.61 326.055
car -1 -1 0.00 0.00 0.00 100.00 100.00 -1000 1.66 4.23 -9.82 -1000 9.78 1.62 324.685
car -1 -1 0.00 0.00 0.00 100.00 100.00 -1000 1.58 3.68 -6.78 -1000 17.84 -0.29 317.482
car -1 -1 0.00 0.00 0.00 100.00 100.00 -1000 2.10 10.04 2.45 -1000 3.71 1.32 316.482
car -1 -1 0.00 0.00 0.00 100.00 100.00 -1000 2.26 6.37 -0.65 -1000 36.39 1.46 316.013
car -1 -1 0.00 0.00 0.00 100.00 100.00 -1000 2.18 7.21 9.68 -1000 16.37 1.53 315.741
car -1 -1 0.00 0.00 0.00 100.00 100.00 -1000 1.72 4.31 -10.46 -1000 16.31 1.60 308.601
car -1 -1 0.00 0.00 0.00 100.00 100.00 -1000 1.87 5.06 0.65 -1000 26.98 1.60 307.072
car -1 -1 0.00 0.00 0.00 100.00 100.00 -1000 1.94 4.22 1.85 -1000 6.08 1.67 305.885
car -1 -1 0.00 0.00 0.00 100.00 100.00 -1000 1.76 4.43 5.58 -1000 5.71 1.70 305.834
car -1 -1 0.00 0.00 0.00 100.00 100.00 -1000 1.87 4.39 5.93 -1000 23.49 1.60 302.721
car -1 -1 0.00 0.00 0.00 100.00 100.00 -1000 1.82 4.67 8.53 -1000 12.49 1.58 301.229
car -1 -1 0.00 0.00 0.00 100.00 100.00 -1000 1.69 4.37 -10.61 -1000 28.26 1.65 296.714
car -1 -1 0.00 0.00 0.00 100.00 100.00 -1000 1.89 5.78 -6.35 -1000 47.02 1.60 294.396
car -1 -1 0.00 0.00 0.00 100.00 100.00 -1000 1.97 4.99 -6.78 -1000 44.00 1.55 291.494
car -1 -1 0.00 0.00 0.00 100.00 100.00 -1000 1.69 3.27 -17.35 -1000 24.02 1.66 291.448
car -1 -1 0.00 0.00 0.00 100.00 100.00 -1000 1.97 4.62 -6.91 -1000 16.67 1.59 290.155
car -1 -1 0.00 0.00 0.00 100.00 100.00 -1000 2.10 5.04 1.19 -1000 39.93 1.59 288.958
car -1 -1 0.00 0.00 0.00 100.00 100.00 -1000 2.17 7.07 13.62 -1000 17.11 1.39 288.522
car -1 -1 0.00 0.00 0.00 100.00 100.00 -1000 1.85 4.66 -11.63 -1000 41.27 1.60 287.408
car -1 -1 0.00 0.00 0.00 100.00 100.00 -1000 1.32 2.18 1.76 -1000 26.01 -0.12 283.441
car -1 -1 0.00 0.00 0.00 100.00 100.00 -1000 2.02 5.44 -16.72 -1000 28.20 1.58 282.847
car -1 -1 0.00 0.00 0.00 100.00 100.00 -1000 1.91 4.42 -9.12 -1000 34.83 1.43 282.467
car -1 -1 0.00 0.00 0.00 100.00 100.00 -1000 1.51 4.27 0.80 -1000 12.62 1.57 281.626
car -1 -1 0.00 0.00 0.00 100.00 100.00 -1000 1.58 4.08 11.98 -1000 19.83 1.49 272.360
car -1 -1 0.00 0.00 0.00 100.00 100.00 -1000 1.84 5.80 -10.33 -1000 37.89 1.59 266.906
car -1 -1 0.00 0.00 0.00 100.00 100.00 -1000 1.20 2.54 -12.29 -1000 39.53 -0.22 265.575
car -1 -1 0.00 0.00 0.00 100.00 100.00 -1000 1.72 4.43 -6.03 -1000 45.67 1.65 264.232
