car -1 -1 0.00 0.00 0.00 100.00 100.00 -1000 1.46 2.96 18.77 -1000 29.97 1.52 998.781
car -1 -1 0.00 0.00 0.00 100.00 100.00 -1000 1.51 3.53 18.49 -1000 28.99 -0.17 997.783
car -1 -1 0.00 0.00 0.00 100.00 100.00 -1000 1.45 3.00 -0.64 -1000 24.38 1.50 995.996
car -1 -1 0.00 0.00 0.00 100.00 100.00 -1000 1.58 3.90 -0.75 -1000 23.63 -0.30 995.692
car -1 -1 0.00 0.00 0.00 100.00 100.00 -1000 1.56 3.47 -6.82 -1000 43.10 -0.18 991.404
car -1 -1 0.00 0.00 0.00 100.00 100.00 -1000 1.46 2.95 -6.83 -1000 43.94 1.55 991.394
car -1 -1 0.00 0.00 0.00 100.00 100.00 -1000 1.47 3.44 18.29 -1000 30.90 1.47 991.088
car -1 -1 0.00 0.00 0.00 100.00 100.00 -1000 1.88 5.18 18.12 -1000 31.64 1.43 976.107
car -1 -1 0.00 0.00 0.00 100.00 100.00 -1000 1.49 3.22 -0.40 -1000 25.24 1.56 952.477
car -1 -1 0.00 0.00 0.00 100.00 100.00 -1000 1.52 3.34 -15.45 -1000 20.48 1.56 949.126
car -1 -1 0.00 0.00 0.00 100.00 100.00 -1000 1.41 2.82 18.32 -1000 22.30 1.61 945.183
car -1 -1 0.00 0.00 0.00 100.00 100.00 -1000 1.80 4.65 18.17 -1000 32.90 1.48 942.025
car -1 -1 0.00 0.00 0.00 100.00 100.00 -1000 1.46 3.48 -15.90 -1000 40.60 1.53 941.173
car -1 -1 0.00 0.00 0.00 100.00 100.00 -1000 1.50 3.48 18.22 -1000 36.23 1.64 938.132
car -1 -1 0.00 0.00 0.00 100.00 100.00 -1000 1.38 3.41 18.03 -1000 21.52 -0.37 935.319
car -1 -1 0.00 0.00 0.00 100.00 100.00 -1000 1.41 3.12 -15.38 -1000 25.75 1.52 935.062
car -1 -1 0.00 0.00 0.00 100.00 100.00 -1000 1.40 2.82 13.84 -1000 29.87 1.64 931.321
car -1 -1 0.00 0.00 0.00 100.00 100.00 -1000 1.40 3.42 -15.61 -1000 28.48 1.50 921.290
car -1 -1 0.00 0.00 0.00 100.00 100.00 -1000 1.37 3.06 -9.45 -1000 42.72 1.52 917.500
car -1 -1 0.00 0.00 0.00 100.00 100.00 -1000 1.52 3.51 4.42 -1000 26.23 1.50 915.096
car -1 -1 0.00 0.00 0.00 100.00 100.00 -1000 1.33 3.35 -15.58 -1000 19.44 1.61 910.766
car -1 -1 0.00 0.00 0.00 100.00 100.00 -1000 1.70 3.75 -9.74 -1000 41.38 -0.27 909.713
car -1 -1 0.00 0.00 0.00 100.00 100.00 -1000 1.50 3.74 18.38 -1000 23.17 1.51 901.492
car -1 -1 0.00 0.00 0.00 100.00 100.00 -1000 1.44 3.16 -8.63 -1000 43.13 1.58 899.302
car -1 -1 0.00 0.00 0.00 100.00 100.00 -1000 1.42 3.13 -16.22 -1000 43.84 1.65 889.426
car -1 -1 0.00 0.00 0.00 100.00 100.00 -1000 1.41 2.98 -15.95 -1000 33.54 1.61 884.806
car -1 -1 0.00 0.00 0.00 100.00 100.00 -1000 1.59 3.57 -16.37 -1000 38.49 1.66 881.123
car -1 -1 0.00 0.00 0.00 100.00 100.00 -1000 1.69 4.29 -16.00 -1000 22.80 1.53 880.642
car -1 -1 0.00 0.00 0.00 100.00 100.00 -1000 1.54 3.54 14.14 -1000 30.62 1.65 869.606
car -1 -1 0.00 0.00 0.00 100.00 100.00 -1000 1.60 3.64 -6.18 -1000 44.49 1.61 869.062
car -1 -1 0.00 0.00 0.00 100.00 100.00 -1000 1.61 4.07 18.12 -1000 37.31 1.56 851.786
car -1 -1 0.00 0.00 0.00 100.00 100.00 -1000 2.32 5.77 -0.38 -1000 25.64 1.50 848.882
car -1 -1 0.00 0.00 0.00 100.00 100.00 -1000 1.55 3.43 14.70 -1000 21.79 1.64 846.954
car -1 -1 0.00 0.00 0.00 100.00 100.00 -1000 1.47 3.99 -16.32 -1000 21.27 1.53 840.071
car -1 -1 0.00 0.00 0.00 100.00 100.00 -1000 1.42 3.03 13.64 -1000 28.90 -0.25 833.472
car -1 -1 0.00 0.00 0.00 100.00 100.00 -1000 1.42 3.03 -9.96 -1000 42.15 1.50 827.723
car -1 -1 0.00 0.00 0.00 100.00 100.00 -1000 1.70 3.63 17.48 -1000 30.35 1.48 826.968
car -1 -1 0.00 0.00 0.00 100.00 100.00 -1000 1.80 4.48 4.22 -1000 27.05 1.46 825.403
car -1 -1 0.00 0.00 0.00 100.00 100.00 -1000 1.55 3.64 4.34 -1000 20.98 1.63 824.987
car -1 -1 0.00 0.00 0.00 100.00 100.00 -1000 1.52 3.19 -5.66 -1000 43.76 1.69 822.529
car -1 -1 0.00 0.00 0.00 100.00 100.00 -1000 1.63 3.75 4.26 -1000 15.98 1.58 818.691
car -1 -1 0.00 0.00 0.00 100.00 100.00 -1000 1.52 3.46 -14.62 -1000 19.92 1.66 818.244
car -1 -1 0.00 0.00 0.00 100.00 100.00 -1000 1.52 3.06 -15.21 -1000 24.90 -0.32 815.162
car -1 -1 0.00 0.00 0.00 100.00 100.00 -1000 1.34 2.98 4.66 -1000 32.15 1.56 812.406
car -1 -1 0.00 0.00 0.00 100.00 100.00 -1000 1.56 3.24 4.39 -1000 41.24 -0.36 811.037
car -1 -1 0.00 0.00 0.00 100.00 100.00 -1000 1.98 5.23 -16.03 -1000 41.20 1.55 779.259
car -1 -1 0.00 0.00 0.00 100.00 100.00 -1000 1.77 4.71 18.33 -1000 34.14 1.43 773.361
car -1 -1 0.00 0.00 0.00 100.00 100.00 -1000 1.55 3.49 -15.07 -1000 27.86 1.64 767.852
car -1 -1 0.00 0.00 0.00 100.00 100.00 -1000 1.73 4.03 17.94 -1000 38.53 1.51 765.136
car -1 -1 0.00 0.00 0.00 100.00 100.00 -1000 1.53 3.30 0.41 -1000 24.07 1.71 764.010
car -1 -1 0.00 0.00 0.00 100.00 100.00 -1000 1.38 3.21 -16.02 -1000 43.02 -0.28 754.621
car -1 -1 0.00 0.00 0.00 100.00 100.00 -1000 1.48 3.16 -15.56 -1000 32.87 -0.25 754.578
car -1 -1 0.00 0.00 0.00 100.00 100.00 -1000 1.53 2.93 18.47 -1000 35.45 -0.31 752.788
car -1 -1 0.00 0.00 0.00 100.00 100.00 -1000 1.87 4.68 13.81 -1000 25.75 1.69 751.769
car -1 -1 0.00 0.00 0.00 100.00 100.00 -1000 1.64 3.71 16.78 -1000 21.89 1.58 747.028
car -1 -1 0.00 0.00 0.00 100.00 100.00 -1000 1.39 3.39 13.21 -1000 40.06 1.56 742.349
car -1 -1 0.00 0.00 0.00 100.00 100.00 -1000 1.46 2.85 17.86 -1000 28.40 1.48 742.150
car -1 -1 0.00 0.00 0.00 100.00 100.00 -1000 1.66 3.83 -15.24 -1000 26.50 1.58 737.336
car -1 -1 0.00 0.00 0.00 100.00 100.00 -1000 2.32 6.72 -6.56 -1000 45.00 1.56 734.163
car -1 -1 0.00 0.00 0.00 100.00 100.00 -1000 1.59 3.38 -15.41 -1000 21.79 1.67 733.019
car -1 -1 0.00 0.00 0.00 100.00 100.00 -1000 1.54 3.18 -15.22 -1000 18.68 -0.28 725.668
car -1 -1 0.00 0.00 0.00 100.00 100.00 -1000 1.46 3.06 -9.75 -1000 27.15 1.53 722.520
car -1 -1 0.00 0.00 0.00 100.00 100.00 -1000 1.37 2.90 -15.75 -1000 39.76 -0.20 720.265
car -1 -1 0.00 0.00 0.00 100.00 100.00 -1000 1.47 3.11 14.46 -1000 21.04 1.61 717.487
car -1 -1 0.00 0.00 0.00 100.00 100.00 -1000 1.47 3.25 4.42 -1000 42.35 1.54 713.253
car -1 -1 0.00 0.00 0.00 100.00 100.00 -1000 1.61 3.23 4.76 -1000 31.13 -0.15 712.421
car -1 -1 0.00 0.00 0.00 100.00 100.00 -1000 1.61 3.44 4.76 -1000 25.44 -0.21 708.990
car -1 -1 0.00 0.00 0.00 100.00 100.00 -1000 1.63 3.26 17.92 -1000 20.69 1.57 708.188
car -1 -1 0.00 0.00 0.00 100.00 100.00 -1000 1.85 4.70 14.51 -1000 31.33 1.58 704.968
car -1 -1 0.00 0.00 0.00 100.00 100.00 -1000 1.50 3.61 1.17 -1000 24.69 1.66 696.553
car -1 -1 0.00 0.00 0.00 100.00 100.00 -1000 1.81 4.00 -15.63 -1000 29.24 1.67 696.166
car -1 -1 0.00 0.00 0.00 100.00 100.00 -1000 1.48 4.17 3.71 -1000 9.20 1.42 693.805
car -1 -1 0.00 0.00 0.00 100.00 100.00 -1000 1.68 3.84 13.76 -1000 22.38 1.59 688.584
car -1 -1 0.00 0.00 0.00 100.00 100.00 -1000 1.42 3.53 -15.97 -1000 37.60 1.65 677.039
car -1 -1 0.00 0.00 0.00 100.00 100.00 -1000 1.68 3.33 -7.35 -1000 42.33 1.58 671.723
car -1 -1 0.00 0.00 0.00 100.00 100.00 -1000 1.37 3.47 3.39 -1000 8.49 1.52 667.884
car -1 -1 0.00 0.00 0.00 100.00 100.00 -1000 1.97 5.44 -7.74 -1000 44.33 1.52 667.244
car -1 -1 0.00 0.00 0.00 100.00 100.00 -1000 1.42 2.88 -16.57 -1000 19.94 1.39 667.177
car -1 -1 0.00 0.00 0.00 100.00 100.00 -1000 1.68 4.06 -1.92 -1000 24.67 1.56 653.520
car -1 -1 0.00 0.00 0.00 100.00 100.00 -1000 1.56 3.63 4.67 -1000 15.06 1.47 640.740
car -1 -1 0.00 0.00 0.00 100.00 100.00 -1000 1.67 3.75 16.22 -1000 21.17 1.61 639.255
car -1 -1 0.00 0.00 0.00 100.00 100.00 -1000 1.49 4.12 -16.59 -1000 23.61 1.52 637.908
car -1 -1 0.00 0.00 0.00 100.00 100.00 -1000 1.75 4.64 4.40 -1000 16.80 1.58 627.426
car -1 -1 0.00 0.00 0.00 100.00 100.00 -1000 1.42 3.18 13.93 -1000 20.23 1.64 622.324
car -1 -1 0.00 0.00 0.00 100.00 100.00 -1000 1.57 3.45 14.72 -1000 29.23 1.61 620.804
car -1 -1 0.00 0.00 0.00 100.00 100.00 -1000 1.71 3.91 17.14 -1000 29.22 1.56 620.109
car -1 -1 0.00 0.00 0.00 100.00 100.00 -1000 1.64 4.42 -15.31 -1000 34.10 1.63 616.936
car -1 -1 0.00 0.00 0.00 100.00 100.00 -1000 1.40 2.96 -1.65 -1000 23.16 1.48 615.903
car -1 -1 0.00 0.00 0.00 100.00 100.00 -1000 1.41 2.91 -16.50 -1000 19.07 1.45 611.450
car -1 -1 0.00 0.00 0.00 100.00 100.00 -1000 1.52 3.46 -13.91 -1000 25.88 1.65 602.274
car -1 -1 0.00 0.00 0.00 100.00 100.00 -1000 1.32 2.63 13.75 -1000 39.51 -0.15 599.738
car -1 -1 0.00 0.00 0.00 100.00 100.00 -1000 1.84 5.31 18.06 -1000 35.11 1.57 596.532
car -1 -1 0.00 0.00 0.00 100.00 100.00 -1000 1.38 2.56 4.56 -1000 20.30 -0.02 590.774
car -1 -1 0.00 0.00 0.00 100.00 100.00 -1000 1.61 3.35 -7.80 -1000 43.56 0.01 577.866
car -1 -1 0.00 0.00 0.00 100.00 100.00 -1000 2.19 6.92 2.07 -1000 26.05 1.52 573.790
car -1 -1 0.00 0.00 0.00 100.00 100.00 -1000 1.90 5.04 14.91 -1000 22.88 1.60 573.447
car -1 -1 0.00 0.00 0.00 100.00 100.00 -1000 1.71 4.17 15.89 -1000 30.00 1.60 568.956
car -1 -1 0.00 0.00 0.00 100.00 100.00 -1000 1.62 3.93 5.52 -1000 32.59 1.62 561.710
car -1 -1 0.00 0.00 0.00 100.00 100.00 -1000 1.52 3.92 13.89 -1000 43.92 1.54 558.148
car -1 -1 0.00 0.00 0.00 100.00 100.00 -1000 1.67 4.29 -4.49 -1000 44.35 1.69 556.540
car -1 -1 0.00 0.00 0.00 100.00 100.00 -1000 1.60 5.37 -15.93 -1000 24.52 1.54 551.310
car -1 -1 0.00 0.00 0.00 100.00 100.00 -1000 1.74 3.95 -15.64 -1000 39.06 1.69 549.862
car -1 -1 0.00 0.00 0.00 100.00 100.00 -1000 2.80 7.63 17.55 -1000 32.65 1.43 546.255
car -1 -1 0.00 0.00 0.00 100.00 100.00 -1000 1.80 6.57 3.82 -1000 10.00 1.44 544.152
car -1 -1 0.00 0.00 0.00 100.00 100.00 -1000 1.53 3.43 -15.99 -1000 32.18 -0.25 543.405
car -1 -1 0.00 0.00 0.00 100.00 100.00 -1000 2.37 6.36 15.91 -1000 31.87 1.48 542.745
car -1 -1 0.00 0.00 0.00 100.00 100.00 -1000 1.84 5.89 -15.64 -1000 29.99 1.44 538.752
car -1 -1 0.00 0.00 0.00 100.00 100.00 -1000 1.90 5.00 5.42 -1000 35.06 1.51 533.404
car -1 -1 0.00 0.00 0.00 100.00 100.00 -1000 2.03 5.66 18.04 -1000 23.69 1.51 532.900
car -1 -1 0.00 0.00 0.00 100.00 100.00 -1000 1.77 4.82 -9.69 -1000 43.52 1.58 532.803
car -1 -1 0.00 0.00 0.00 100.00 100.00 -1000 1.94 5.14 -11.06 -1000 42.78 1.52 532.285
car -1 -1 0.00 0.00 0.00 100.00 100.00 -1000 1.57 3.83 -14.09 -1000 40.44 1.61 530.965
car -1 -1 0.00 0.00 0.00 100.00 100.00 -1000 1.71 4.75 -16.97 -1000 44.37 1.43 519.536
car -1 -1 0.00 0.00 0.00 100.00 100.00 -1000 1.55 4.35 -9.55 -1000 19.10 1.61 518.760
car -1 -1 0.00 0.00 0.00 100.00 100.00 -1000 1.49 3.49 -16.81 -1000 22.16 1.49 517.569
car -1 -1 0.00 0.00 0.00 100.00 100.00 -1000 1.67 4.44 -13.45 -1000 20.61 1.63 513.596
car -1 -1 0.00 0.00 0.00 100.00 100.00 -1000 1.59 4.95 13.67 -1000 26.63 1.67 509.753
car -1 -1 0.00 0.00 0.00 100.00 100.00 -1000 1.59 3.95 4.87 -1000 21.65 1.62 503.594
car -1 -1 0.00 0.00 0.00 100.00 100.00 -1000 1.69 3.82 12.90 -1000 40.81 1.56 498.000
car -1 -1 0.00 0.00 0.00 100.00 100.00 -1000 2.00 5.28 17.95 -1000 39.25 1.48 497.998
car -1 -1 0.00 0.00 0.00 100.00 100.00 -1000 1.41 2.65 -10.25 -1000 25.88 1.47 497.944
car -1 -1 0.00 0.00 0.00 100.00 100.00 -1000 1.80 4.59 16.16 -1000 31.10 1.54 497.080
car -1 -1 0.00 0.00 0.00 100.00 100.00 -1000 1.85 4.10 -16.44 -1000 26.16 1.53 496.771
car -1 -1 0.00 0.00 0.00 100.00 100.00 -1000 1.72 4.75 4.78 -1000 42.91 1.57 490.553
car -1 -1 0.00 0.00 0.00 100.00 100.00 -1000 1.52 3.20 5.67 -1000 13.78 1.58 484.328
car -1 -1 0.00 0.00 0.00 100.00 100.00 -1000 2.30 6.16 -16.25 -1000 35.64 1.71 483.729
car -1 -1 0.00 0.00 0.00 100.00 100.00 -1000 1.61 4.05 14.06 -1000 18.01 1.57 483.246
car -1 -1 0.00 0.00 0.00 100.00 100.00 -1000 1.54 3.80 -17.28 -1000 33.16 1.45 482.129
car -1 -1 0.00 0.00 0.00 100.00 100.00 -1000 1.42 2.62 14.09 -1000 25.13 -0.10 480.014
car -1 -1 0.00 0.00 0.00 100.00 100.00 -1000 2.02 4.89 5.45 -1000 46.62 1.72 476.506
car -1 -1 0.00 0.00 0.00 100.00 100.00 -1000 1.82 4.93 -14.07 -1000 21.30 1.57 473.350
car -1 -1 0.00 0.00 0.00 100.00 100.00 -1000 1.51 3.84 15.28 -1000 20.52 -0.40 472.809
car -1 -1 0.00 0.00 0.00 100.00 100.00 -1000 1.56 3.50 12.75 -1000 17.49 1.51 466.542
car -1 -1 0.00 0.00 0.00 100.00 100.00 -1000 1.46 3.20 5.73 -1000 31.66 1.62 455.668
car -1 -1 0.00 0.00 0.00 100.00 100.00 -1000 1.45 3.16 5.88 -1000 12.97 1.59 451.716
car -1 -1 0.00 0.00 0.00 100.00 100.00 -1000 1.62 3.83 -16.80 -1000 37.03 1.58 449.114
car -1 -1 0.00 0.00 0.00 100.00 100.00 -1000 1.79 3.65 -10.21 -1000 40.50 1.35 441.567
car -1 -1 0.00 0.00 0.00 100.00 100.00 -1000 1.22 2.69 -9.65 -1000 26.41 -0.13 440.063
car -1 -1 0.00 0.00 0.00 100.00 100.00 -1000 1.48 3.45 -16.29 -1000 27.34 1.52 438.891
car -1 -1 0.00 0.00 0.00 100.00 100.00 -1000 1.77 3.48 18.04 -1000 27.63 1.52 436.899
car -1 -1 0.00 0.00 0.00 100.00 100.00 -1000 1.52 4.06 5.43 -1000 26.66 1.70 436.440
car -1 -1 0.00 0.00 0.00 100.00 100.00 -1000 1.93 4.46 13.63 -1000 23.30 1.63 435.940
car -1 -1 0.00 0.00 0.00 100.00 100.00 -1000 1.42 3.35 4.23 -1000 14.24 1.40 432.385
car -1 -1 0.00 0.00 0.00 100.00 100.00 -1000 1.54 2.74 13.90 -1000 17.02 -0.25 428.932
car -1 -1 0.00 0.00 0.00 100.00 100.00 -1000 1.59 4.07 1.55 -1000 8.34 1.59 426.894
car -1 -1 0.00 0.00 0.00 100.00 100.00 -1000 1.75 4.64 -13.50 -1000 27.02 1.59 424.135
car -1 -1 0.00 0.00 0.00 100.00 100.00 -1000 1.67 3.84 -4.63 -1000 43.35 1.63 424.044
car -1 -1 0.00 0.00 0.00 100.00 100.00 -1000 2.02 4.61 -7.39 -1000 41.63 1.52 422.442
car -1 -1 0.00 0.00 0.00 100.00 100.00 -1000 1.53 3.31 12.96 -1000 38.88 1.46 416.629
car -1 -1 0.00 0.00 0.00 100.00 100.00 -1000 2.37 6.51 -4.00 -1000 45.06 1.66 416.381
car -1 -1 0.00 0.00 0.00 100.00 100.00 -1000 1.67 3.72 -0.63 -1000 22.55 1.56 415.361
car -1 -1 0.00 0.00 0.00 100.00 100.00 -1000 1.71 4.38 2.60 -1000 24.22 1.65 408.025
car -1 -1 0.00 0.00 0.00 100.00 100.00 -1000 1.71 3.94 -11.10 -1000 41.66 1.60 405.697
car -1 -1 0.00 0.00 0.00 100.00 100.00 -1000 1.53 3.53 4.15 -1000 40.38 1.55 403.333
car -1 -1 0.00 0.00 0.00 100.00 100.00 -1000 2.35 5.27 -6.03 -1000 41.14 1.34 403.219
car -1 -1 0.00 0.00 0.00 100.00 100.00 -1000 2.25 6.67 15.19 -1000 23.79 1.50 402.302
car -1 -1 0.00 0.00 0.00 100.00 100.00 -1000 1.74 4.83 4.17 -1000 24.56 1.61 401.571
car -1 -1 0.00 0.00 0.00 100.00 100.00 -1000 1.80 4.19 -15.16 -1000 17.78 1.57 401.424
car -1 -1 0.00 0.00 0.00 100.00 100.00 -1000 1.90 5.70 -16.79 -1000 30.92 1.60 401.158
car -1 -1 0.00 0.00 0.00 100.00 100.00 -1000 2.59 7.40 0.10 -1000 26.61 1.45 400.765
car -1 -1 0.00 0.00 0.00 100.00 100.00 -1000 1.66 4.58 4.27 -1000 19.85 1.44 400.720
car -1 -1 0.00 0.00 0.00 100.00 100.00 -1000 1.71 4.31 4.93 -1000 33.53 1.56 400.689
car -1 -1 0.00 0.00 0.00 100.00 100.00 -1000 1.70 4.26 -3.22 -1000 24.25 1.64 395.933
car -1 -1 0.00 0.00 0.00 100.00 100.00 -1000 1.91 4.98 13.97 -1000 27.71 1.56 392.432
car -1 -1 0.00 0.00 0.00 100.00 100.00 -1000 1.52 3.37 12.58 -1000 16.68 1.55 391.776
car -1 -1 0.00 0.00 0.00 100.00 100.00 -1000 1.61 3.73 6.81 -1000 32.20 1.61 388.023
car -1 -1 0.00 0.00 0.00 100.00 100.00 -1000 1.71 4.12 -17.45 -1000 43.59 1.67 386.342
car -1 -1 0.00 0.00 0.00 100.00 100.00 -1000 1.59 4.50 0.56 -1000 7.81 1.67 382.561
car -1 -1 0.00 0.00 0.00 100.00 100.00 -1000 1.80 3.72 5.92 -1000 7.59 1.50 379.369
car -1 -1 0.00 0.00 0.00 100.00 100.00 -1000 1.89 4.99 -2.65 -1000 25.42 1.57 378.312
car -1 -1 0.00 0.00 0.00 100.00 100.00 -1000 1.71 4.33 -3.07 -1000 43.60 1.63 378.029
car -1 -1 0.00 0.00 0.00 100.00 100.00 -1000 1.82 5.16 -13.39 -1000 44.74 1.57 375.861
car -1 -1 0.00 0.00 0.00 100.00 100.00 -1000 1.86 4.80 13.86 -1000 44.78 1.54 375.174
car -1 -1 0.00 0.00 0.00 100.00 100.00 -1000 1.61 3.39 -16.35 -1000 18.19 1.41 374.673
car -1 -1 0.00 0.00 0.00 100.00 100.00 -1000 1.50 3.42 -17.49 -1000 32.28 1.41 373.930
car -1 -1 0.00 0.00 0.00 100.00 100.00 -1000 1.69 4.33 -12.55 -1000 26.26 1.61 368.300
car -1 -1 0.00 0.00 0.00 100.00 100.00 -1000 1.74 4.06 13.10 -1000 15.71 1.64 366.242
car -1 -1 0.00 0.00 0.00 100.00 100.00 -1000 1.80 4.80 2.58 -1000 25.38 1.64 364.248
car -1 -1 0.00 0.00 0.00 100.00 100.00 -1000 1.89 4.31 18.23 -1000 19.84 1.58 363.409
car -1 -1 0.00 0.00 0.00 100.00 100.00 -1000 1.93 4.60 -16.05 -1000 42.39 1.59 361.722
car -1 -1 0.00 0.00 0.00 100.00 100.00 -1000 1.62 4.00 -13.39 -1000 43.61 1.62 360.488
car -1 -1 0.00 0.00 0.00 100.00 100.00 -1000 1.81 4.77 -14.05 -1000 22.92 1.64 357.078
car -1 -1 0.00 0.00 0.00 100.00 100.00 -1000 1.69 4.84 -13.56 -1000 41.13 1.58 356.357
car -1 -1 0.00 0.00 0.00 100.00 100.00 -1000 1.58 3.89 15.72 -1000 28.40 1.62 353.910
car -1 -1 0.00 0.00 0.00 100.00 100.00 -1000 1.73 4.42 -10.88 -1000 26.71 1.62 351.182
car -1 -1 0.00 0.00 0.00 100.00 100.00 -1000 1.72 4.14 3.27 -1000 41.65 1.59 348.853
car -1 -1 0.00 0.00 0.00 100.00 100.00 -1000 1.64 4.52 -13.30 -1000 28.59 1.58 347.652
car -1 -1 0.00 0.00 0.00 100.00 100.00 -1000 1.66 3.99 -17.43 -1000 40.35 1.46 346.204
car -1 -1 0.00 0.00 0.00 100.00 100.00 -1000 1.83 4.01 -17.28 -1000 20.70 1.56 345.256
car -1 -1 0.00 0.00 0.00 100.00 100.00 -1000 1.75 4.63 -12.02 -1000 20.20 1.63 342.867
car -1 -1 0.00 0.00 0.00 100.00 100.00 -1000 1.58 4.31 3.64 -1000 31.56 1.70 342.262
car -1 -1 0.00 0.00 0.00 100.00 100.00 -1000 1.94 6.26 0.99 -1000 8.92 1.61 338.804
car -1 -1 0.00 0.00 0.00 100.00 100.00 -1000 2.77 8.39 -8.49 -1000 45.59 1.36 338.393
car -1 -1 0.00 0.00 0.00 100.00 100.00 -1000 1.68 4.63 -9.07 -1000 27.68 1.67 335.250
car -1 -1 0.00 0.00 0.00 100.00 100.00 -1000 1.75 4.42 6.60 -1000 34.35 1.61 331.327
car -1 -1 0.00 0.00 0.00 100.00 100.00 -1000 1.36 2.72 5.62 -1000 46.07 -0.17 329.893
car -1 -1 0.00 0.00 0.00 100.00 100.00 -1000 2.07 6.40 16.52 -1000 33.46 1.47 326.703
car -1 -1 0.00 0.00 0.00 100.00 100.00 -1000 2.12 5.46 13.52 -1000 35.37 1.78 325.833
car -1 -1 0.00 0.00 0.00 100.00 100.00 -1000 2.20 6.27 -9.28 -1000 44.76 1.58 322.582
car -1 -1 0.00 0.00 0.00 100.00 100.00 -1000 1.35 3.67 3.02 -1000 7.57 1.58 320.164
car -1 -1 0.00 0.00 0.00 100.00 100.00 -1000 2.25 5.83 -16.30 -1000 45.54 1.44 319.490
car -1 -1 0.00 0.00 0.00 100.00 100.00 -1000 1.51 3.90 -14.89 -1000 38.16 1.64 318.776
car -1 -1 0.00 0.00 0.00 100.00 100.00 -1000 1.95 5.38 5.00 -1000 27.81 1.64 315.864
car -1 -1 0.00 0.00 0.00 100.00 100.00 -1000 1.67 3.51 5.44 -1000 9.62 1.53 312.227
car -1 -1 0.00 0.00 0.00 100.00 100.00 -1000 1.89 4.93 -16.39 -1000 34.63 1.50 308.518
car -1 -1 0.00 0.00 0.00 100.00 100.00 -1000 1.69 4.00 -12.44 -1000 40.45 1.59 307.361
car -1 -1 0.00 0.00 0.00 100.00 100.00 -1000 1.81 3.96 -9.99 -1000 25.13 1.46 306.598
car -1 -1 0.00 0.00 0.00 100.00 100.00 -1000 2.06 4.66 13.59 -1000 41.49 1.52 306.065
car -1 -1 0.00 0.00 0.00 100.00 100.00 -1000 1.64 3.62 5.59 -1000 42.04 1.59 305.270
car -1 -1 0.00 0.00 0.00 100.00 100.00 -1000 1.73 4.57 -12.57 -1000 19.39 1.59 304.442
car -1 -1 0.00 0.00 0.00 100.00 100.00 -1000 1.51 2.92 5.33 -1000 34.59 -0.21 302.006
car -1 -1 0.00 0.00 0.00 100.00 100.00 -1000 1.56 3.12 12.87 -1000 21.90 -0.09 298.963
car -1 -1 0.00 0.00 0.00 100.00 100.00 -1000 1.91 4.01 -16.81 -1000 28.83 1.44 298.349
car -1 -1 0.00 0.00 0.00 100.00 100.00 -1000 1.93 3.90 -16.17 -1000 47.23 1.68 297.133
car -1 -1 0.00 0.00 0.00 100.00 100.00 -1000 1.92 5.75 -14.37 -1000 41.88 1.55 296.800
car -1 -1 0.00 0.00 0.00 100.00 100.00 -1000 1.65 4.27 6.20 -1000 14.55 1.64 289.149
car -1 -1 0.00 0.00 0.00 100.00 100.00 -1000 1.64 4.17 -13.16 -1000 39.61 1.57 287.161
car -1 -1 0.00 0.00 0.00 100.00 100.00 -1000 1.86 5.00 -12.39 -1000 42.34 1.60 286.327
car -1 -1 0.00 0.00 0.00 100.00 100.00 -1000 1.62 3.99 -14.03 -1000 38.84 1.67 284.375
car -1 -1 0.00 0.00 0.00 100.00 100.00 -1000 1.49 3.67 12.82 -1000 28.32 1.44 283.988
car -1 -1 0.00 0.00 0.00 100.00 100.00 -1000 1.75 4.99 -12.08 -1000 21.34 1.61 283.466
car -1 -1 0.00 0.00 0.00 100.00 100.00 -1000 1.78 4.07 1.62 -1000 23.60 1.64 281.739
car -1 -1 0.00 0.00 0.00 100.00 100.00 -1000 2.10 5.47 13.39 -1000 33.74 1.73 279.152
car -1 -1 0.00 0.00 0.00 100.00 100.00 -1000 1.73 4.08 -4.27 -1000 42.44 1.58 278.420
car -1 -1 0.00 0.00 0.00 100.00 100.00 -1000 1.62 4.06 6.43 -1000 26.20 1.63 274.333
car -1 -1 0.00 0.00 0.00 100.00 100.00 -1000 2.12 5.67 -16.70 -1000 25.25 1.39 274.272
car -1 -1 0.00 0.00 0.00 100.00 100.00 -1000 1.78 4.08 14.55 -1000 19.56 1.60 272.556
car -1 -1 0.00 0.00 0.00 100.00 100.00 -1000 1.56 3.44 12.83 -1000 20.90 1.43 266.169
car -1 -1 0.00 0.00 0.00 100.00 100.00 -1000 1.72 5.01 -12.98 -1000 22.18 1.59 265.280
car -1 -1 0.00 0.00 0.00 100.00 100.00 -1000 2.91 8.47 -5.76 -1000 46.03 1.42 262.958
car -1 -1 0.00 0.00 0.00 100.00 100.00 -1000 1.72 4.01 -17.67 -1000 19.46 1.61 262.327
car -1 -1 0.00 0.00 0.00 100.00 100.00 -1000 1.52 4.01 6.23 -1000 8.52 1.62 260.952
car -1 -1 0.00 0.00 0.00 100.00 100.00 -1000 1.62 3.68 14.07 -1000 42.86 -0.21 260.565
car -1 -1 0.00 0.00 0.00 100.00 100.00 -1000 1.99 5.94 13.09 -1000 31.80 1.46 257.778
car -1 -1 0.00 0.00 0.00 100.00 100.00 -1000 1.80 4.93 6.46 -1000 33.12 1.61 257.200
car -1 -1 0.00 0.00 0.00 100.00 100.00 -1000 1.43 3.65 4.94 -1000 8.02 1.61 256.116
car -1 -1 0.00 0.00 0.00 100.00 100.00 -1000 1.73 3.90 12.77 -1000 19.95 1.60 253.453
car -1 -1 0.00 0.00 0.00 100.00 100.00 -1000 1.61 4.33 -16.22 -1000 46.32 1.42 252.627
car -1 -1 0.00 0.00 0.00 100.00 100.00 -1000 1.73 4.05 -14.64 -1000 42.86 1.61 252.069
car -1 -1 0.00 0.00 0.00 100.00 100.00 -1000 1.71 4.10 6.18 -1000 12.13 1.61 251.199
car -1 -1 0.00 0.00 0.00 100.00 100.00 -1000 1.77 4.54 1.68 -1000 15.20 1.52 246.737
car -1 -1 0.00 0.00 0.00 100.00 100.00 -1000 1.95 5.74 14.15 -1000 36.18 1.76 245.934
car -1 -1 0.00 0.00 0.00 100.00 100.00 -1000 1.64 4.09 -12.05 -1000 25.42 1.65 243.083
car -1 -1 0.00 0.00 0.00 100.00 100.00 -1000 1.68 4.55 13.27 -1000 24.55 1.51 242.780
car -1 -1 0.00 0.00 0.00 100.00 100.00 -1000 1.76 5.07 -17.61 -1000 38.11 1.67 239.334
car -1 -1 0.00 0.00 0.00 100.00 100.00 -1000 1.95 4.40 -17.43 -1000 41.98 1.23 238.858
car -1 -1 0.00 0.00 0.00 100.00 100.00 -1000 1.95 5.29 -8.59 -1000 40.25 1.55 238.611
car -1 -1 0.00 0.00 0.00 100.00 100.00 -1000 1.72 4.28 2.15 -1000 14.06 1.51 237.082
car -1 -1 0.00 0.00 0.00 100.00 100.00 -1000 1.69 4.39 1.38 -1000 13.19 1.59 232.766
car -1 -1 0.00 0.00 0.00 100.00 100.00 -1000 1.99 6.29 4.25 -1000 22.88 1.55 232.596
car -1 -1 0.00 0.00 0.00 100.00 100.00 -1000 2.10 4.55 -17.90 -1000 29.45 1.69 232.596
car -1 -1 0.00 0.00 0.00 100.00 100.00 -1000 1.57 4.20 -17.24 -1000 39.41 1.58 232.139
car -1 -1 0.00 0.00 0.00 100.00 100.00 -1000 1.95 4.27 -17.59 -1000 23.04 1.60 231.838
car -1 -1 0.00 0.00 0.00 100.00 100.00 -1000 1.75 4.62 -11.93 -1000 28.26 1.63 230.486
car -1 -1 0.00 0.00 0.00 100.00 100.00 -1000 1.69 4.10 -13.60 -1000 24.74 1.55 228.180
car -1 -1 0.00 0.00 0.00 100.00 100.00 -1000 1.80 4.64 -13.30 -1000 18.66 1.61 226.339
car -1 -1 0.00 0.00 0.00 100.00 100.00 -1000 2.38 5.72 4.20 -1000 11.38 1.32 225.840
car -1 -1 0.00 0.00 0.00 100.00 100.00 -1000 1.65 4.70 4.18 -1000 13.50 1.43 224.615
car -1 -1 0.00 0.00 0.00 100.00 100.00 -1000 2.00 6.52 -0.83 -1000 8.28 1.73 223.172
car -1 -1 0.00 0.00 0.00 100.00 100.00 -1000 1.99 5.59 13.10 -1000 30.13 1.55 222.473
car -1 -1 0.00 0.00 0.00 100.00 100.00 -1000 1.82 4.54 16.46 -1000 19.87 1.57 221.723
car -1 -1 0.00 0.00 0.00 100.00 100.00 -1000 1.62 3.77 -2.96 -1000 23.13 1.60 221.533
car -1 -1 0.00 0.00 0.00 100.00 100.00 -1000 1.65 4.25 12.25 -1000 15.02 1.57 221.098
car -1 -1 0.00 0.00 0.00 100.00 100.00 -1000 1.75 4.72 -12.00 -1000 27.33 1.63 220.244
car -1 -1 0.00 0.00 0.00 100.00 100.00 -1000 1.79 4.24 5.78 -1000 40.37 1.57 219.322
car -1 -1 0.00 0.00 0.00 100.00 100.00 -1000 1.83 4.76 1.41 -1000 22.58 1.52 216.120
car -1 -1 0.00 0.00 0.00 100.00 100.00 -1000 1.59 3.73 5.88 -1000 30.76 1.59 213.881
car -1 -1 0.00 0.00 0.00 100.00 100.00 -1000 1.90 5.22 14.57 -1000 38.71 1.69 213.596
car -1 -1 0.00 0.00 0.00 100.00 100.00 -1000 1.72 4.33 6.24 -1000 6.30 1.53 212.995
car -1 -1 0.00 0.00 0.00 100.00 100.00 -1000 1.71 4.07 3.25 -1000 23.46 1.61 210.537
car -1 -1 0.00 0.00 0.00 100.00 100.00 -1000 1.64 3.91 -16.59 -1000 31.53 1.73 208.249
car -1 -1 0.00 0.00 0.00 100.00 100.00 -1000 1.85 4.27 13.19 -1000 37.07 1.51 204.170
car -1 -1 0.00 0.00 0.00 100.00 100.00 -1000 1.76 4.48 -2.39 -1000 16.13 1.50 203.152
car -1 -1 0.00 0.00 0.00 100.00 100.00 -1000 1.74 4.28 12.31 -1000 22.64 1.53 202.675
car -1 -1 0.00 0.00 0.00 100.00 100.00 -1000 1.77 4.47 4.31 -1000 46.03 1.76 200.879
car -1 -1 0.00 0.00 0.00 100.00 100.00 -1000 2.03 5.48 -17.63 -1000 33.79 1.72 199.596
car -1 -1 0.00 0.00 0.00 100.00 100.00 -1000 1.71 4.03 -2.45 -1000 42.90 1.61 199.423
car -1 -1 0.00 0.00 0.00 100.00 100.00 -1000 2.06 5.24 15.35 -1000 40.73 1.69 198.664
car -1 -1 0.00 0.00 0.00 100.00 100.00 -1000 2.18 5.73 6.40 -1000 47.36 1.66 196.984
car -1 -1 0.00 0.00 0.00 100.00 100.00 -1000 1.81 5.40 -2.17 -1000 44.77 1.64 195.655
car -1 -1 0.00 0.00 0.00 100.00 100.00 -1000 2.33 5.84 13.89 -1000 45.68 1.69 194.756
car -1 -1 0.00 0.00 0.00 100.00 100.00 -1000 1.72 4.01 6.04 -1000 41.24 1.58 191.675
car -1 -1 0.00 0.00 0.00 100.00 100.00 -1000 1.68 4.71 0.16 -1000 13.87 1.50 191.433
car -1 -1 0.00 0.00 0.00 100.00 100.00 -1000 2.08 7.46 2.60 -1000 10.70 1.53 188.320
car -1 -1 0.00 0.00 0.00 100.00 100.00 -1000 2.03 5.51 -11.80 -1000 43.99 1.64 187.625
car -1 -1 0.00 0.00 0.00 100.00 100.00 -1000 1.91 5.40 16.43 -1000 37.14 1.50 187.283
