car -1 -1 0.00 0.00 0.00 100.00 100.00 -1000 1.55 3.03 -7.96 -1000 41.60 1.57 998.481
car -1 -1 0.00 0.00 0.00 100.00 100.00 -1000 1.52 3.71 -8.23 -1000 40.70 -0.27 996.741
car -1 -1 0.00 0.00 0.00 100.00 100.00 -1000 1.69 4.20 5.65 -1000 8.13 -0.31 987.507
car -1 -1 0.00 0.00 0.00 100.00 100.00 -1000 1.49 3.04 5.38 -1000 12.12 1.61 977.679
car -1 -1 0.00 0.00 0.00 100.00 100.00 -1000 1.47 3.02 8.58 -1000 36.31 1.58 976.394
car -1 -1 0.00 0.00 0.00 100.00 100.00 -1000 1.47 3.10 5.76 -1000 8.85 1.58 975.473
car -1 -1 0.00 0.00 0.00 100.00 100.00 -1000 1.87 4.91 -7.85 -1000 42.46 1.51 972.650
car -1 -1 0.00 0.00 0.00 100.00 100.00 -1000 1.50 3.10 6.46 -1000 35.51 1.59 972.410
car -1 -1 0.00 0.00 0.00 100.00 100.00 -1000 1.47 3.61 9.07 -1000 13.23 1.49 971.875
car -1 -1 0.00 0.00 0.00 100.00 100.00 -1000 1.95 5.02 8.93 -1000 12.62 -0.58 965.443
car -1 -1 0.00 0.00 0.00 100.00 100.00 -1000 1.62 3.75 4.71 -1000 23.94 -0.28 964.481
car -1 -1 0.00 0.00 0.00 100.00 100.00 -1000 1.52 3.30 6.01 -1000 34.63 -0.18 963.969
car -1 -1 0.00 0.00 0.00 100.00 100.00 -1000 1.57 3.19 4.64 -1000 15.79 1.61 962.030
car -1 -1 0.00 0.00 0.00 100.00 100.00 -1000 1.52 3.48 -9.25 -1000 21.83 1.68 957.049
car -1 -1 0.00 0.00 0.00 100.00 100.00 -1000 1.51 3.53 -8.84 -1000 22.59 1.69 951.264
car -1 -1 0.00 0.00 0.00 100.00 100.00 -1000 1.57 3.49 8.50 -1000 35.47 -0.15 947.539
car -1 -1 0.00 0.00 0.00 100.00 100.00 -1000 1.67 3.73 -13.18 -1000 24.87 1.58 946.970
car -1 -1 0.00 0.00 0.00 100.00 100.00 -1000 1.45 2.98 -6.85 -1000 46.48 1.58 946.315
car -1 -1 0.00 0.00 0.00 100.00 100.00 -1000 1.61 3.83 5.13 -1000 11.32 -0.31 943.986
car -1 -1 0.00 0.00 0.00 100.00 100.00 -1000 1.50 3.19 7.08 -1000 36.16 1.56 942.055
car -1 -1 0.00 0.00 0.00 100.00 100.00 -1000 1.86 4.74 8.31 -1000 36.89 1.49 941.605
car -1 -1 0.00 0.00 0.00 100.00 100.00 -1000 1.60 3.81 9.27 -1000 14.06 1.51 941.535
car -1 -1 0.00 0.00 0.00 100.00 100.00 -1000 1.51 3.44 -14.87 -1000 23.29 1.53 939.860
car -1 -1 0.00 0.00 0.00 100.00 100.00 -1000 1.76 4.69 5.36 -1000 9.42 1.51 939.012
car -1 -1 0.00 0.00 0.00 100.00 100.00 -1000 1.51 3.36 10.11 -1000 20.96 1.74 935.683
car -1 -1 0.00 0.00 0.00 100.00 100.00 -1000 1.49 3.19 7.28 -1000 35.00 -0.19 935.594
car -1 -1 0.00 0.00 0.00 100.00 100.00 -1000 2.30 6.29 -8.87 -1000 43.81 1.38 934.181
car -1 -1 0.00 0.00 0.00 100.00 100.00 -1000 1.54 3.62 -10.29 -1000 21.03 -0.13 933.697
car -1 -1 0.00 0.00 0.00 100.00 100.00 -1000 1.54 3.31 -14.06 -1000 24.11 1.58 930.220
car -1 -1 0.00 0.00 0.00 100.00 100.00 -1000 1.56 3.47 -10.75 -1000 22.06 1.53 925.173
car -1 -1 0.00 0.00 0.00 100.00 100.00 -1000 1.68 4.30 9.27 -1000 15.21 1.42 918.646
car -1 -1 0.00 0.00 0.00 100.00 100.00 -1000 1.42 3.07 5.00 -1000 25.02 1.57 918.212
car -1 -1 0.00 0.00 0.00 100.00 100.00 -1000 1.44 3.26 4.51 -1000 14.37 1.58 917.188
car -1 -1 0.00 0.00 0.00 100.00 100.00 -1000 1.46 3.31 -7.13 -1000 45.62 -0.13 911.243
car -1 -1 0.00 0.00 0.00 100.00 100.00 -1000 1.63 3.61 -11.60 -1000 24.12 1.63 911.132
car -1 -1 0.00 0.00 0.00 100.00 100.00 -1000 1.61 3.49 -8.47 -1000 23.31 1.56 904.756
car -1 -1 0.00 0.00 0.00 100.00 100.00 -1000 1.61 4.50 4.63 -1000 13.25 1.58 902.875
car -1 -1 0.00 0.00 0.00 100.00 100.00 -1000 1.52 3.34 -13.27 -1000 23.53 1.63 901.027
car -1 -1 0.00 0.00 0.00 100.00 100.00 -1000 1.49 3.12 -15.66 -1000 22.62 1.58 895.391
car -1 -1 0.00 0.00 0.00 100.00 100.00 -1000 1.53 3.47 5.84 -1000 12.77 1.57 895.099
car -1 -1 0.00 0.00 0.00 100.00 100.00 -1000 2.27 6.36 -4.53 -1000 43.82 1.37 878.126
car -1 -1 0.00 0.00 0.00 100.00 100.00 -1000 1.58 3.27 -7.03 -1000 41.08 1.80 877.397
car -1 -1 0.00 0.00 0.00 100.00 100.00 -1000 1.71 4.23 -11.10 -1000 24.83 1.54 870.296
car -1 -1 0.00 0.00 0.00 100.00 100.00 -1000 1.55 3.42 -3.45 -1000 43.99 1.55 866.853
car -1 -1 0.00 0.00 0.00 100.00 100.00 -1000 1.83 5.26 -13.23 -1000 25.53 1.53 865.865
car -1 -1 0.00 0.00 0.00 100.00 100.00 -1000 1.87 4.99 4.82 -1000 17.54 1.58 865.281
car -1 -1 0.00 0.00 0.00 100.00 100.00 -1000 1.49 4.09 10.19 -1000 21.68 1.62 863.221
car -1 -1 0.00 0.00 0.00 100.00 100.00 -1000 1.45 3.31 -2.16 -1000 44.24 1.57 860.506
car -1 -1 0.00 0.00 0.00 100.00 100.00 -1000 1.41 3.15 -6.52 -1000 29.42 1.62 857.472
car -1 -1 0.00 0.00 0.00 100.00 100.00 -1000 2.16 5.37 -8.06 -1000 44.69 1.34 857.355
car -1 -1 0.00 0.00 0.00 100.00 100.00 -1000 3.17 10.54 -5.82 -1000 43.76 1.42 857.185
car -1 -1 0.00 0.00 0.00 100.00 100.00 -1000 1.37 2.95 -6.12 -1000 20.25 1.55 853.728
car -1 -1 0.00 0.00 0.00 100.00 100.00 -1000 1.61 3.72 4.93 -1000 16.79 1.64 853.576
car -1 -1 0.00 0.00 0.00 100.00 100.00 -1000 2.26 5.30 8.49 -1000 37.87 1.65 847.310
car -1 -1 0.00 0.00 0.00 100.00 100.00 -1000 1.47 4.03 4.43 -1000 28.82 -0.25 846.088
car -1 -1 0.00 0.00 0.00 100.00 100.00 -1000 1.47 2.90 -6.59 -1000 28.34 -0.15 845.845
car -1 -1 0.00 0.00 0.00 100.00 100.00 -1000 1.61 3.60 7.30 -1000 12.91 1.60 843.908
car -1 -1 0.00 0.00 0.00 100.00 100.00 -1000 1.60 3.91 -11.96 -1000 22.68 1.67 843.881
car -1 -1 0.00 0.00 0.00 100.00 100.00 -1000 1.72 3.82 4.37 -1000 10.45 1.40 843.656
car -1 -1 0.00 0.00 0.00 100.00 100.00 -1000 1.50 3.49 9.60 -1000 20.20 1.56 836.772
car -1 -1 0.00 0.00 0.00 100.00 100.00 -1000 1.77 4.24 -9.98 -1000 43.21 1.50 833.720
car -1 -1 0.00 0.00 0.00 100.00 100.00 -1000 1.52 3.12 -16.72 -1000 22.22 1.59 825.522
car -1 -1 0.00 0.00 0.00 100.00 100.00 -1000 1.55 3.72 -6.30 -1000 19.49 -0.44 821.443
car -1 -1 0.00 0.00 0.00 100.00 100.00 -1000 1.53 3.16 -13.82 -1000 41.95 1.60 819.438
car -1 -1 0.00 0.00 0.00 100.00 100.00 -1000 1.63 3.76 -9.45 -1000 42.40 1.49 817.652
car -1 -1 0.00 0.00 0.00 100.00 100.00 -1000 1.54 3.21 -14.04 -1000 22.73 1.65 816.089
car -1 -1 0.00 0.00 0.00 100.00 100.00 -1000 2.16 5.29 -7.05 -1000 46.55 1.67 813.875
car -1 -1 0.00 0.00 0.00 100.00 100.00 -1000 1.82 5.15 -10.85 -1000 25.76 1.54 810.067
car -1 -1 0.00 0.00 0.00 100.00 100.00 -1000 1.71 4.18 -9.81 -1000 24.13 1.64 808.889
car -1 -1 0.00 0.00 0.00 100.00 100.00 -1000 1.50 3.32 12.55 -1000 35.48 1.56 804.123
car -1 -1 0.00 0.00 0.00 100.00 100.00 -1000 1.69 3.68 9.02 -1000 11.81 1.51 801.048
car -1 -1 0.00 0.00 0.00 100.00 100.00 -1000 1.64 3.73 -9.94 -1000 22.98 1.57 800.249
car -1 -1 0.00 0.00 0.00 100.00 100.00 -1000 1.47 3.17 0.09 -1000 47.37 -0.23 798.631
car -1 -1 0.00 0.00 0.00 100.00 100.00 -1000 1.68 4.27 -15.64 -1000 24.08 1.56 797.972
car -1 -1 0.00 0.00 0.00 100.00 100.00 -1000 2.51 6.97 -6.08 -1000 43.08 1.48 790.232
car -1 -1 0.00 0.00 0.00 100.00 100.00 -1000 1.40 3.28 -14.85 -1000 22.18 -0.17 779.739
car -1 -1 0.00 0.00 0.00 100.00 100.00 -1000 1.62 3.85 -7.34 -1000 21.01 1.60 770.651
car -1 -1 0.00 0.00 0.00 100.00 100.00 -1000 1.66 3.57 -9.23 -1000 41.30 1.51 770.457
car -1 -1 0.00 0.00 0.00 100.00 100.00 -1000 1.56 3.20 -14.42 -1000 41.24 -0.17 761.266
car -1 -1 0.00 0.00 0.00 100.00 100.00 -1000 1.72 3.36 -9.00 -1000 37.56 1.72 761.038
car -1 -1 0.00 0.00 0.00 100.00 100.00 -1000 1.59 2.96 -0.38 -1000 46.54 1.47 760.213
car -1 -1 0.00 0.00 0.00 100.00 100.00 -1000 1.97 6.40 9.50 -1000 16.48 1.54 757.264
car -1 -1 0.00 0.00 0.00 100.00 100.00 -1000 1.61 3.75 -1.07 -1000 44.54 1.62 754.103
car -1 -1 0.00 0.00 0.00 100.00 100.00 -1000 1.58 3.76 6.91 -1000 9.25 1.62 753.648
car -1 -1 0.00 0.00 0.00 100.00 100.00 -1000 1.40 3.18 -9.60 -1000 34.44 1.54 753.428
car -1 -1 0.00 0.00 0.00 100.00 100.00 -1000 1.78 3.61 -6.07 -1000 47.13 1.72 750.865
car -1 -1 0.00 0.00 0.00 100.00 100.00 -1000 1.68 3.78 -3.88 -1000 43.18 -0.12 750.685
car -1 -1 0.00 0.00 0.00 100.00 100.00 -1000 1.90 4.94 9.70 -1000 18.34 1.63 735.406
car -1 -1 0.00 0.00 0.00 100.00 100.00 -1000 1.69 4.16 -5.88 -1000 41.66 1.72 731.954
car -1 -1 0.00 0.00 0.00 100.00 100.00 -1000 1.48 2.86 -15.64 -1000 21.01 1.52 731.307
car -1 -1 0.00 0.00 0.00 100.00 100.00 -1000 1.56 3.97 4.64 -1000 29.87 1.66 726.393
car -1 -1 0.00 0.00 0.00 100.00 100.00 -1000 1.51 3.82 -2.64 -1000 43.45 -0.08 717.010
car -1 -1 0.00 0.00 0.00 100.00 100.00 -1000 1.59 3.63 10.07 -1000 36.40 1.63 714.473
car -1 -1 0.00 0.00 0.00 100.00 100.00 -1000 1.62 3.34 2.28 -1000 47.37 1.60 712.373
car -1 -1 0.00 0.00 0.00 100.00 100.00 -1000 1.41 2.93 -6.23 -1000 8.84 1.62 706.850
car -1 -1 0.00 0.00 0.00 100.00 100.00 -1000 1.53 3.83 -4.68 -1000 32.96 1.66 705.124
car -1 -1 0.00 0.00 0.00 100.00 100.00 -1000 1.51 3.62 -9.19 -1000 33.63 -0.24 702.935
car -1 -1 0.00 0.00 0.00 100.00 100.00 -1000 1.57 3.92 4.97 -1000 15.08 -0.61 700.306
car -1 -1 0.00 0.00 0.00 100.00 100.00 -1000 1.80 4.67 -13.15 -1000 28.79 1.62 696.782
car -1 -1 0.00 0.00 0.00 100.00 100.00 -1000 1.82 4.73 -15.34 -1000 25.04 1.58 691.928
car -1 -1 0.00 0.00 0.00 100.00 100.00 -1000 1.58 3.47 -11.80 -1000 21.56 1.52 689.975
car -1 -1 0.00 0.00 0.00 100.00 100.00 -1000 1.60 3.99 4.65 -1000 7.59 -0.23 689.659
car -1 -1 0.00 0.00 0.00 100.00 100.00 -1000 1.63 3.51 -13.06 -1000 21.88 1.65 686.045
car -1 -1 0.00 0.00 0.00 100.00 100.00 -1000 1.49 3.22 5.23 -1000 34.02 1.51 684.872
car -1 -1 0.00 0.00 0.00 100.00 100.00 -1000 1.67 4.00 -17.25 -1000 22.89 1.53 684.189
car -1 -1 0.00 0.00 0.00 100.00 100.00 -1000 1.59 3.71 -4.99 -1000 31.48 1.47 678.472
car -1 -1 0.00 0.00 0.00 100.00 100.00 -1000 1.76 4.47 5.87 -1000 13.62 1.56 673.674
car -1 -1 0.00 0.00 0.00 100.00 100.00 -1000 1.68 4.25 -5.58 -1000 21.11 1.59 673.436
car -1 -1 0.00 0.00 0.00 100.00 100.00 -1000 1.67 3.95 12.35 -1000 36.29 1.58 671.377
car -1 -1 0.00 0.00 0.00 100.00 100.00 -1000 2.05 5.10 10.42 -1000 22.44 1.42 667.206
car -1 -1 0.00 0.00 0.00 100.00 100.00 -1000 1.62 3.53 0.89 -1000 46.90 1.61 664.485
car -1 -1 0.00 0.00 0.00 100.00 100.00 -1000 1.77 4.78 -3.37 -1000 44.59 1.57 663.812
car -1 -1 0.00 0.00 0.00 100.00 100.00 -1000 1.99 5.16 -16.97 -1000 24.49 1.60 662.213
car -1 -1 0.00 0.00 0.00 100.00 100.00 -1000 1.67 3.90 6.88 -1000 11.91 1.63 658.437
car -1 -1 0.00 0.00 0.00 100.00 100.00 -1000 1.87 5.17 -11.88 -1000 26.50 1.55 657.385
car -1 -1 0.00 0.00 0.00 100.00 100.00 -1000 1.77 4.22 -8.91 -1000 35.06 1.64 653.145
car -1 -1 0.00 0.00 0.00 100.00 100.00 -1000 1.68 3.63 13.00 -1000 15.69 1.56 652.019
car -1 -1 0.00 0.00 0.00 100.00 100.00 -1000 1.96 5.19 -13.03 -1000 27.08 1.62 649.530
car -1 -1 0.00 0.00 0.00 100.00 100.00 -1000 1.62 3.55 9.40 -1000 19.29 1.64 647.409
car -1 -1 0.00 0.00 0.00 100.00 100.00 -1000 1.57 3.12 -1.26 -1000 43.77 1.64 641.532
car -1 -1 0.00 0.00 0.00 100.00 100.00 -1000 1.61 3.30 3.85 -1000 47.42 1.62 640.098
car -1 -1 0.00 0.00 0.00 100.00 100.00 -1000 1.65 5.10 5.32 -1000 25.46 1.58 637.382
car -1 -1 0.00 0.00 0.00 100.00 100.00 -1000 1.63 4.12 8.25 -1000 20.98 1.51 634.916
car -1 -1 0.00 0.00 0.00 100.00 100.00 -1000 1.70 3.43 -14.24 -1000 21.53 1.73 620.934
car -1 -1 0.00 0.00 0.00 100.00 100.00 -1000 1.63 3.57 -9.39 -1000 20.27 -0.28 619.676
car -1 -1 0.00 0.00 0.00 100.00 100.00 -1000 1.41 4.21 -8.91 -1000 36.82 -0.26 617.993
car -1 -1 0.00 0.00 0.00 100.00 100.00 -1000 1.61 3.98 -12.75 -1000 42.34 1.61 615.113
car -1 -1 0.00 0.00 0.00 100.00 100.00 -1000 1.84 4.27 -13.64 -1000 27.96 1.58 613.378
car -1 -1 0.00 0.00 0.00 100.00 100.00 -1000 1.68 5.43 -9.31 -1000 38.05 1.64 611.859
car -1 -1 0.00 0.00 0.00 100.00 100.00 -1000 1.60 3.48 -17.24 -1000 21.51 1.57 608.836
car -1 -1 0.00 0.00 0.00 100.00 100.00 -1000 1.61 4.09 -11.44 -1000 34.68 1.58 607.150
car -1 -1 0.00 0.00 0.00 100.00 100.00 -1000 1.82 4.75 -11.25 -1000 42.79 1.59 606.662
car -1 -1 0.00 0.00 0.00 100.00 100.00 -1000 1.68 4.01 11.07 -1000 13.77 1.63 606.318
car -1 -1 0.00 0.00 0.00 100.00 100.00 -1000 1.44 3.10 -15.20 -1000 41.98 1.56 595.453
car -1 -1 0.00 0.00 0.00 100.00 100.00 -1000 1.80 3.78 3.46 -1000 46.48 -0.14 593.278
car -1 -1 0.00 0.00 0.00 100.00 100.00 -1000 1.83 4.57 12.66 -1000 14.83 1.58 584.842
car -1 -1 0.00 0.00 0.00 100.00 100.00 -1000 1.86 5.00 9.42 -1000 17.29 1.45 579.694
car -1 -1 0.00 0.00 0.00 100.00 100.00 -1000 1.82 3.95 9.18 -1000 10.91 1.59 573.483
car -1 -1 0.00 0.00 0.00 100.00 100.00 -1000 1.45 3.19 -16.27 -1000 20.44 1.46 568.557
car -1 -1 0.00 0.00 0.00 100.00 100.00 -1000 1.85 4.77 11.58 -1000 15.34 1.52 567.731
car -1 -1 0.00 0.00 0.00 100.00 100.00 -1000 1.77 4.77 -6.47 -1000 30.05 1.54 567.016
car -1 -1 0.00 0.00 0.00 100.00 100.00 -1000 1.60 3.25 7.97 -1000 34.32 1.65 563.936
car -1 -1 0.00 0.00 0.00 100.00 100.00 -1000 1.57 3.51 -7.05 -1000 8.35 1.52 554.495
car -1 -1 0.00 0.00 0.00 100.00 100.00 -1000 1.89 7.18 -6.33 -1000 47.45 1.62 549.652
car -1 -1 0.00 0.00 0.00 100.00 100.00 -1000 1.89 4.55 -16.32 -1000 25.67 1.68 549.230
car -1 -1 0.00 0.00 0.00 100.00 100.00 -1000 1.58 4.61 -16.29 -1000 29.84 1.62 543.534
car -1 -1 0.00 0.00 0.00 100.00 100.00 -1000 1.66 3.13 -14.81 -1000 20.57 1.71 537.806
car -1 -1 0.00 0.00 0.00 100.00 100.00 -1000 1.75 5.24 -15.57 -1000 27.71 1.58 534.349
car -1 -1 0.00 0.00 0.00 100.00 100.00 -1000 1.44 3.03 -15.15 -1000 40.66 1.63 533.986
car -1 -1 0.00 0.00 0.00 100.00 100.00 -1000 2.07 5.87 -15.06 -1000 26.17 1.61 530.475
car -1 -1 0.00 0.00 0.00 100.00 100.00 -1000 2.22 5.68 -12.99 -1000 30.43 1.65 529.539
car -1 -1 0.00 0.00 0.00 100.00 100.00 -1000 1.78 4.37 -16.01 -1000 28.90 1.68 514.670
car -1 -1 0.00 0.00 0.00 100.00 100.00 -1000 2.12 4.92 -10.59 -1000 41.62 1.61 513.502
car -1 -1 0.00 0.00 0.00 100.00 100.00 -1000 1.55 3.96 7.20 -1000 8.40 -0.42 513.060
car -1 -1 0.00 0.00 0.00 100.00 100.00 -1000 2.09 5.78 -9.32 -1000 24.96 1.64 511.318
car -1 -1 0.00 0.00 0.00 100.00 100.00 -1000 1.73 4.54 5.57 -1000 6.94 1.51 511.040
car -1 -1 0.00 0.00 0.00 100.00 100.00 -1000 1.34 2.83 -10.38 -1000 33.84 -0.20 509.076
car -1 -1 0.00 0.00 0.00 100.00 100.00 -1000 2.29 6.66 6.14 -1000 37.01 1.45 503.354
car -1 -1 0.00 0.00 0.00 100.00 100.00 -1000 2.41 6.96 5.66 -1000 30.23 1.68 502.668
car -1 -1 0.00 0.00 0.00 100.00 100.00 -1000 1.65 3.66 6.64 -1000 7.65 -0.26 493.728
car -1 -1 0.00 0.00 0.00 100.00 100.00 -1000 1.69 5.01 -10.04 -1000 26.90 1.54 492.671
car -1 -1 0.00 0.00 0.00 100.00 100.00 -1000 1.56 3.58 -11.54 -1000 20.73 1.57 489.877
car -1 -1 0.00 0.00 0.00 100.00 100.00 -1000 1.62 4.13 -4.67 -1000 42.42 1.52 487.012
car -1 -1 0.00 0.00 0.00 100.00 100.00 -1000 1.73 3.51 -9.01 -1000 38.76 1.45 485.368
car -1 -1 0.00 0.00 0.00 100.00 100.00 -1000 1.64 3.87 -11.80 -1000 33.81 1.73 479.876
car -1 -1 0.00 0.00 0.00 100.00 100.00 -1000 1.52 3.01 -15.86 -1000 41.42 1.46 469.422
car -1 -1 0.00 0.00 0.00 100.00 100.00 -1000 1.70 4.31 -12.85 -1000 21.13 1.53 464.962
car -1 -1 0.00 0.00 0.00 100.00 100.00 -1000 1.59 3.42 -9.34 -1000 40.18 1.45 461.161
car -1 -1 0.00 0.00 0.00 100.00 100.00 -1000 1.76 4.34 11.81 -1000 34.80 1.56 456.579
car -1 -1 0.00 0.00 0.00 100.00 100.00 -1000 1.80 4.01 -0.14 -1000 45.59 1.50 455.711
car -1 -1 0.00 0.00 0.00 100.00 100.00 -1000 1.67 3.97 2.02 -1000 41.13 1.72 455.062
car -1 -1 0.00 0.00 0.00 100.00 100.00 -1000 2.31 6.15 -8.00 -1000 45.68 1.47 453.866
car -1 -1 0.00 0.00 0.00 100.00 100.00 -1000 1.97 6.33 -7.68 -1000 24.21 1.61 451.735
car -1 -1 0.00 0.00 0.00 100.00 100.00 -1000 1.81 4.44 -5.16 -1000 33.79 1.64 451.614
car -1 -1 0.00 0.00 0.00 100.00 100.00 -1000 1.60 3.79 -5.98 -1000 46.05 -0.37 450.624
car -1 -1 0.00 0.00 0.00 100.00 100.00 -1000 1.80 3.79 -6.81 -1000 9.51 1.47 450.478
car -1 -1 0.00 0.00 0.00 100.00 100.00 -1000 1.98 4.38 -6.12 -1000 38.72 1.48 447.625
car -1 -1 0.00 0.00 0.00 100.00 100.00 -1000 1.87 4.27 5.69 -1000 29.23 -0.25 446.864
car -1 -1 0.00 0.00 0.00 100.00 100.00 -1000 1.54 3.68 -1.84 -1000 42.95 1.53 445.313
car -1 -1 0.00 0.00 0.00 100.00 100.00 -1000 1.78 4.72 7.79 -1000 21.78 1.55 443.162
car -1 -1 0.00 0.00 0.00 100.00 100.00 -1000 1.79 4.29 -5.02 -1000 30.65 1.59 439.573
car -1 -1 0.00 0.00 0.00 100.00 100.00 -1000 2.06 5.08 -5.54 -1000 45.19 1.60 439.283
car -1 -1 0.00 0.00 0.00 100.00 100.00 -1000 1.67 4.53 -12.22 -1000 32.48 1.58 433.630
car -1 -1 0.00 0.00 0.00 100.00 100.00 -1000 1.54 3.81 3.19 -1000 7.87 1.56 433.361
car -1 -1 0.00 0.00 0.00 100.00 100.00 -1000 1.99 5.77 7.83 -1000 9.98 1.55 433.139
car -1 -1 0.00 0.00 0.00 100.00 100.00 -1000 1.77 4.77 4.67 -1000 35.09 1.59 432.356
car -1 -1 0.00 0.00 0.00 100.00 100.00 -1000 1.74 4.62 -14.51 -1000 42.74 1.51 428.457
car -1 -1 0.00 0.00 0.00 100.00 100.00 -1000 1.61 3.99 -5.20 -1000 34.63 1.56 426.189
car -1 -1 0.00 0.00 0.00 100.00 100.00 -1000 1.86 4.67 1.70 -1000 46.17 1.52 425.214
car -1 -1 0.00 0.00 0.00 100.00 100.00 -1000 2.36 6.46 4.83 -1000 18.31 1.51 423.935
car -1 -1 0.00 0.00 0.00 100.00 100.00 -1000 1.64 3.84 0.65 -1000 40.86 1.60 423.923
car -1 -1 0.00 0.00 0.00 100.00 100.00 -1000 1.89 4.84 3.20 -1000 11.93 1.49 423.435
car -1 -1 0.00 0.00 0.00 100.00 100.00 -1000 1.92 4.63 -3.85 -1000 41.43 1.55 419.266
car -1 -1 0.00 0.00 0.00 100.00 100.00 -1000 1.70 4.00 -12.16 -1000 41.68 1.64 417.521
car -1 -1 0.00 0.00 0.00 100.00 100.00 -1000 1.57 3.31 -15.64 -1000 19.88 -0.27 416.468
car -1 -1 0.00 0.00 0.00 100.00 100.00 -1000 1.56 4.17 -4.67 -1000 20.60 1.70 410.190
car -1 -1 0.00 0.00 0.00 100.00 100.00 -1000 1.95 5.02 9.02 -1000 33.87 1.62 408.070
car -1 -1 0.00 0.00 0.00 100.00 100.00 -1000 1.74 4.08 -19.17 -1000 30.26 1.66 406.651
car -1 -1 0.00 0.00 0.00 100.00 100.00 -1000 1.87 4.34 -2.62 -1000 41.98 1.45 402.546
car -1 -1 0.00 0.00 0.00 100.00 100.00 -1000 2.16 5.02 11.40 -1000 37.12 1.71 400.793
car -1 -1 0.00 0.00 0.00 100.00 100.00 -1000 1.70 4.37 -9.19 -1000 32.66 1.45 399.969
car -1 -1 0.00 0.00 0.00 100.00 100.00 -1000 1.69 3.55 5.43 -1000 47.46 1.61 396.033
car -1 -1 0.00 0.00 0.00 100.00 100.00 -1000 1.89 5.07 -7.39 -1000 21.77 1.59 395.739
car -1 -1 0.00 0.00 0.00 100.00 100.00 -1000 1.61 3.26 -7.02 -1000 27.57 1.49 392.487
car -1 -1 0.00 0.00 0.00 100.00 100.00 -1000 1.80 4.38 5.03 -1000 46.59 1.56 391.309
car -1 -1 0.00 0.00 0.00 100.00 100.00 -1000 1.73 3.67 -13.91 -1000 40.36 1.50 391.003
car -1 -1 0.00 0.00 0.00 100.00 100.00 -1000 1.89 4.84 -18.63 -1000 31.89 1.63 390.414
car -1 -1 0.00 0.00 0.00 100.00 100.00 -1000 2.42 6.18 -10.41 -1000 44.86 1.37 387.068
car -1 -1 0.00 0.00 0.00 100.00 100.00 -1000 1.61 3.79 11.60 -1000 21.02 1.65 385.547
car -1 -1 0.00 0.00 0.00 100.00 100.00 -1000 2.03 5.92 2.31 -1000 9.48 1.57 382.193
car -1 -1 0.00 0.00 0.00 100.00 100.00 -1000 1.84 4.75 -8.02 -1000 19.97 1.59 377.374
car -1 -1 0.00 0.00 0.00 100.00 100.00 -1000 1.49 2.96 -4.67 -1000 32.25 -0.27 377.070
car -1 -1 0.00 0.00 0.00 100.00 100.00 -1000 1.83 4.98 7.03 -1000 14.47 1.59 375.596
car -1 -1 0.00 0.00 0.00 100.00 100.00 -1000 1.93 5.20 4.98 -1000 36.34 1.59 373.090
car -1 -1 0.00 0.00 0.00 100.00 100.00 -1000 1.53 3.79 -6.21 -1000 7.84 1.51 372.440
car -1 -1 0.00 0.00 0.00 100.00 100.00 -1000 1.75 4.63 4.11 -1000 8.93 1.54 370.422
car -1 -1 0.00 0.00 0.00 100.00 100.00 -1000 1.46 3.51 -6.28 -1000 40.50 -0.16 370.319
car -1 -1 0.00 0.00 0.00 100.00 100.00 -1000 2.34 6.33 -11.50 -1000 35.36 1.63 367.645
car -1 -1 0.00 0.00 0.00 100.00 100.00 -1000 2.01 5.26 6.16 -1000 10.49 1.62 360.200
car -1 -1 0.00 0.00 0.00 100.00 100.00 -1000 1.70 3.69 -3.14 -1000 38.72 1.51 359.100
car -1 -1 0.00 0.00 0.00 100.00 100.00 -1000 1.88 4.52 -13.03 -1000 31.47 1.56 358.946
car -1 -1 0.00 0.00 0.00 100.00 100.00 -1000 1.61 3.82 -3.63 -1000 33.62 1.67 358.470
car -1 -1 0.00 0.00 0.00 100.00 100.00 -1000 1.59 3.35 5.92 -1000 24.62 -0.42 358.239
car -1 -1 0.00 0.00 0.00 100.00 100.00 -1000 1.68 3.96 10.54 -1000 12.98 -0.38 346.149
car -1 -1 0.00 0.00 0.00 100.00 100.00 -1000 1.51 3.75 3.33 -1000 33.93 1.61 344.075
car -1 -1 0.00 0.00 0.00 100.00 100.00 -1000 1.51 3.50 -5.79 -1000 28.91 -0.54 343.444
car -1 -1 0.00 0.00 0.00 100.00 100.00 -1000 1.88 4.57 10.64 -1000 35.25 1.61 342.895
car -1 -1 0.00 0.00 0.00 100.00 100.00 -1000 1.90 5.32 8.03 -1000 15.67 1.59 339.448
car -1 -1 0.00 0.00 0.00 100.00 100.00 -1000 1.70 3.78 -7.95 -1000 39.85 1.86 337.990
car -1 -1 0.00 0.00 0.00 100.00 100.00 -1000 1.89 4.56 -16.38 -1000 31.51 1.53 335.095
car -1 -1 0.00 0.00 0.00 100.00 100.00 -1000 1.70 4.35 8.75 -1000 9.25 1.63 333.127
car -1 -1 0.00 0.00 0.00 100.00 100.00 -1000 2.20 5.77 6.86 -1000 32.50 1.54 333.003
car -1 -1 0.00 0.00 0.00 100.00 100.00 -1000 1.64 4.19 13.22 -1000 16.49 1.49 330.221
car -1 -1 0.00 0.00 0.00 100.00 100.00 -1000 1.74 4.78 5.58 -1000 33.04 1.51 326.026
car -1 -1 0.00 0.00 0.00 100.00 100.00 -1000 1.90 4.75 -16.63 -1000 32.61 1.64 321.949
car -1 -1 0.00 0.00 0.00 100.00 100.00 -1000 1.92 4.48 -1.48 -1000 46.04 1.57 318.214
car -1 -1 0.00 0.00 0.00 100.00 100.00 -1000 1.95 5.09 6.62 -1000 22.41 1.44 313.623
car -1 -1 0.00 0.00 0.00 100.00 100.00 -1000 1.80 4.01 -0.53 -1000 36.74 1.61 312.649
car -1 -1 0.00 0.00 0.00 100.00 100.00 -1000 1.89 5.11 -1.90 -1000 45.19 1.60 303.175
car -1 -1 0.00 0.00 0.00 100.00 100.00 -1000 2.93 7.68 -8.00 -1000 38.30 1.44 300.258
car -1 -1 0.00 0.00 0.00 100.00 100.00 -1000 1.87 4.84 6.80 -1000 6.48 1.56 297.281
car -1 -1 0.00 0.00 0.00 100.00 100.00 -1000 1.83 4.29 -4.69 -1000 46.48 1.56 292.487
car -1 -1 0.00 0.00 0.00 100.00 100.00 -1000 1.93 4.04 -18.10 -1000 35.86 1.72 290.994
car -1 -1 0.00 0.00 0.00 100.00 100.00 -1000 1.56 4.25 -4.35 -1000 39.22 1.57 290.130
car -1 -1 0.00 0.00 0.00 100.00 100.00 -1000 1.48 2.96 -10.95 -1000 33.15 -0.41 288.101
car -1 -1 0.00 0.00 0.00 100.00 100.00 -1000 1.74 4.68 3.21 -1000 45.67 1.59 286.121
car -1 -1 0.00 0.00 0.00 100.00 100.00 -1000 1.79 4.63 4.57 -1000 22.84 1.50 285.246
car -1 -1 0.00 0.00 0.00 100.00 100.00 -1000 1.78 4.71 -6.98 -1000 23.02 1.62 284.656
car -1 -1 0.00 0.00 0.00 100.00 100.00 -1000 1.65 4.21 -10.73 -1000 40.49 1.62 281.674
car -1 -1 0.00 0.00 0.00 100.00 100.00 -1000 1.83 6.33 -10.98 -1000 29.35 1.58 280.524
car -1 -1 0.00 0.00 0.00 100.00 100.00 -1000 2.79 7.78 8.44 -1000 38.74 1.61 278.457
car -1 -1 0.00 0.00 0.00 100.00 100.00 -1000 1.85 4.60 -3.58 -1000 45.95 1.56 278.229
car -1 -1 0.00 0.00 0.00 100.00 100.00 -1000 1.84 4.51 12.27 -1000 33.90 1.64 277.835
car -1 -1 0.00 0.00 0.00 100.00 100.00 -1000 1.67 4.22 8.86 -1000 8.13 1.60 277.177
car -1 -1 0.00 0.00 0.00 100.00 100.00 -1000 2.52 6.76 6.40 -1000 31.17 1.63 268.782
car -1 -1 0.00 0.00 0.00 100.00 100.00 -1000 1.98 4.62 -0.64 -1000 41.52 1.53 262.763
car -1 -1 0.00 0.00 0.00 100.00 100.00 -1000 1.79 4.77 3.54 -1000 40.82 1.63 259.976
car -1 -1 0.00 0.00 0.00 100.00 100.00 -1000 1.78 4.53 -9.28 -1000 19.44 1.57 258.592
