car -1 -1 0.00 0.00 0.00 100.00 100.00 -1000 1.59 3.37 6.09 -1000 17.81 1.52 997.707
car -1 -1 0.00 0.00 0.00 100.00 100.00 -1000 1.83 4.33 6.04 -1000 16.93 -0.26 997.370
car -1 -1 0.00 0.00 0.00 100.00 100.00 -1000 1.94 5.58 0.41 -1000 38.76 -0.50 995.454
car -1 -1 0.00 0.00 0.00 100.00 100.00 -1000 1.51 4.01 -2.55 -1000 25.22 -0.33 994.084
car -1 -1 0.00 0.00 0.00 100.00 100.00 -1000 1.61 3.24 1.06 -1000 39.63 1.59 993.839
car -1 -1 0.00 0.00 0.00 100.00 100.00 -1000 1.52 3.59 6.56 -1000 10.98 1.56 984.171
car -1 -1 0.00 0.00 0.00 100.00 100.00 -1000 1.53 3.20 -2.25 -1000 26.22 1.57 976.792
car -1 -1 0.00 0.00 0.00 100.00 100.00 -1000 1.52 3.67 10.35 -1000 16.18 -0.21 975.782
car -1 -1 0.00 0.00 0.00 100.00 100.00 -1000 1.84 3.69 -3.14 -1000 15.34 -0.30 973.429
car -1 -1 0.00 0.00 0.00 100.00 100.00 -1000 1.54 3.60 -3.50 -1000 10.97 1.57 972.626
car -1 -1 0.00 0.00 0.00 100.00 100.00 -1000 1.51 3.59 14.07 -1000 16.53 -0.17 968.580
car -1 -1 0.00 0.00 0.00 100.00 100.00 -1000 1.75 3.83 6.86 -1000 11.86 1.54 965.991
car -1 -1 0.00 0.00 0.00 100.00 100.00 -1000 1.52 3.16 10.75 -1000 17.00 1.59 962.282
car -1 -1 0.00 0.00 0.00 100.00 100.00 -1000 1.54 3.25 14.45 -1000 17.34 1.57 961.564
car -1 -1 0.00 0.00 0.00 100.00 100.00 -1000 1.52 3.77 7.11 -1000 10.20 1.65 959.667
car -1 -1 0.00 0.00 0.00 100.00 100.00 -1000 1.95 4.82 6.12 -1000 19.94 1.48 958.089
car -1 -1 0.00 0.00 0.00 100.00 100.00 -1000 1.67 4.21 5.79 -1000 18.86 1.53 955.256
car -1 -1 0.00 0.00 0.00 100.00 100.00 -1000 1.51 3.62 6.16 -1000 22.11 1.56 950.068
car -1 -1 0.00 0.00 0.00 100.00 100.00 -1000 1.53 3.37 -0.32 -1000 39.94 1.48 948.840
car -1 -1 0.00 0.00 0.00 100.00 100.00 -1000 1.88 4.55 6.91 -1000 9.42 -0.44 948.596
car -1 -1 0.00 0.00 0.00 100.00 100.00 -1000 1.53 3.15 8.00 -1000 10.95 1.62 948.364
car -1 -1 0.00 0.00 0.00 100.00 100.00 -1000 1.62 3.41 7.52 -1000 17.43 1.62 945.921
car -1 -1 0.00 0.00 0.00 100.00 100.00 -1000 1.77 3.82 3.31 -1000 46.56 -0.26 940.606
car -1 -1 0.00 0.00 0.00 100.00 100.00 -1000 1.52 3.22 -4.37 -1000 10.51 1.59 939.007
car -1 -1 0.00 0.00 0.00 100.00 100.00 -1000 1.48 3.22 9.77 -1000 17.32 1.54 935.653
car -1 -1 0.00 0.00 0.00 100.00 100.00 -1000 1.52 3.35 3.41 -1000 47.56 1.60 920.257
car -1 -1 0.00 0.00 0.00 100.00 100.00 -1000 1.78 5.78 6.46 -1000 22.65 1.54 916.916
car -1 -1 0.00 0.00 0.00 100.00 100.00 -1000 1.51 3.27 12.56 -1000 17.34 1.55 907.778
car -1 -1 0.00 0.00 0.00 100.00 100.00 -1000 1.53 3.39 2.20 -1000 40.00 1.63 907.026
car -1 -1 0.00 0.00 0.00 100.00 100.00 -1000 1.68 4.06 1.07 -1000 40.48 1.48 896.757
car -1 -1 0.00 0.00 0.00 100.00 100.00 -1000 2.04 5.40 6.73 -1000 12.55 1.50 885.552
car -1 -1 0.00 0.00 0.00 100.00 100.00 -1000 1.62 3.90 5.85 -1000 20.92 1.63 884.393
car -1 -1 0.00 0.00 0.00 100.00 100.00 -1000 1.80 4.11 -3.35 -1000 10.08 1.74 880.853
car -1 -1 0.00 0.00 0.00 100.00 100.00 -1000 1.50 3.01 8.70 -1000 16.70 1.62 880.012
car -1 -1 0.00 0.00 0.00 100.00 100.00 -1000 1.53 3.17 6.71 -1000 16.30 -0.31 878.398
car -1 -1 0.00 0.00 0.00 100.00 100.00 -1000 1.55 3.44 -5.04 -1000 36.65 1.59 872.204
car -1 -1 0.00 0.00 0.00 100.00 100.00 -1000 1.51 3.14 6.81 -1000 46.50 1.54 868.674
car -1 -1 0.00 0.00 0.00 100.00 100.00 -1000 1.61 3.68 8.54 -1000 10.07 -0.29 864.594
car -1 -1 0.00 0.00 0.00 100.00 100.00 -1000 1.50 3.58 -4.88 -1000 14.95 1.62 858.143
car -1 -1 0.00 0.00 0.00 100.00 100.00 -1000 1.49 3.38 7.21 -1000 21.72 1.65 854.876
car -1 -1 0.00 0.00 0.00 100.00 100.00 -1000 1.67 3.99 6.94 -1000 45.46 -0.23 854.625
car -1 -1 0.00 0.00 0.00 100.00 100.00 -1000 1.59 3.81 -4.13 -1000 26.60 1.56 851.623
car -1 -1 0.00 0.00 0.00 100.00 100.00 -1000 1.57 3.44 -8.43 -1000 35.09 1.55 850.760
car -1 -1 0.00 0.00 0.00 100.00 100.00 -1000 1.78 4.31 -1.51 -1000 26.78 1.55 850.098
car -1 -1 0.00 0.00 0.00 100.00 100.00 -1000 1.46 3.60 -5.97 -1000 25.09 1.60 844.377
car -1 -1 0.00 0.00 0.00 100.00 100.00 -1000 1.43 3.56 -5.45 -1000 35.91 1.61 843.028
car -1 -1 0.00 0.00 0.00 100.00 100.00 -1000 2.01 5.29 7.50 -1000 20.55 1.58 840.244
car -1 -1 0.00 0.00 0.00 100.00 100.00 -1000 1.57 3.46 12.41 -1000 16.54 -0.08 840.228
car -1 -1 0.00 0.00 0.00 100.00 100.00 -1000 1.54 4.06 5.69 -1000 34.67 1.58 839.787
car -1 -1 0.00 0.00 0.00 100.00 100.00 -1000 1.57 3.82 -2.99 -1000 16.33 1.54 837.678
car -1 -1 0.00 0.00 0.00 100.00 100.00 -1000 1.92 5.01 7.42 -1000 18.43 1.57 834.169
car -1 -1 0.00 0.00 0.00 100.00 100.00 -1000 1.63 3.69 4.97 -1000 18.17 1.50 830.930
car -1 -1 0.00 0.00 0.00 100.00 100.00 -1000 1.63 3.58 -1.60 -1000 39.62 1.57 823.179
car -1 -1 0.00 0.00 0.00 100.00 100.00 -1000 1.81 4.95 -4.70 -1000 11.50 1.46 822.517
car -1 -1 0.00 0.00 0.00 100.00 100.00 -1000 1.50 3.03 -2.92 -1000 35.32 1.60 820.947
car -1 -1 0.00 0.00 0.00 100.00 100.00 -1000 1.42 3.17 -8.81 -1000 33.95 -0.13 816.795
car -1 -1 0.00 0.00 0.00 100.00 100.00 -1000 1.61 3.45 -0.34 -1000 26.37 1.63 811.238
car -1 -1 0.00 0.00 0.00 100.00 100.00 -1000 1.71 3.94 -5.65 -1000 26.89 1.54 810.501
car -1 -1 0.00 0.00 0.00 100.00 100.00 -1000 1.56 3.61 -1.19 -1000 25.77 -0.26 807.973
car -1 -1 0.00 0.00 0.00 100.00 100.00 -1000 1.58 3.19 -4.59 -1000 15.85 1.59 806.737
car -1 -1 0.00 0.00 0.00 100.00 100.00 -1000 1.72 4.54 13.66 -1000 18.03 1.48 806.499
car -1 -1 0.00 0.00 0.00 100.00 100.00 -1000 1.95 4.17 -5.87 -1000 47.06 -0.16 798.589
car -1 -1 0.00 0.00 0.00 100.00 100.00 -1000 1.72 4.41 -5.03 -1000 37.37 1.58 798.140
car -1 -1 0.00 0.00 0.00 100.00 100.00 -1000 1.56 3.38 -5.01 -1000 47.75 1.71 791.077
car -1 -1 0.00 0.00 0.00 100.00 100.00 -1000 1.55 3.30 -3.96 -1000 25.49 1.56 790.931
car -1 -1 0.00 0.00 0.00 100.00 100.00 -1000 1.60 3.42 0.92 -1000 26.97 1.50 789.889
car -1 -1 0.00 0.00 0.00 100.00 100.00 -1000 1.49 2.97 -5.10 -1000 9.59 1.52 779.938
car -1 -1 0.00 0.00 0.00 100.00 100.00 -1000 1.51 3.67 2.37 -1000 39.12 -0.28 777.727
car -1 -1 0.00 0.00 0.00 100.00 100.00 -1000 1.89 5.17 6.86 -1000 13.96 1.42 777.614
car -1 -1 0.00 0.00 0.00 100.00 100.00 -1000 1.93 4.46 -6.10 -1000 34.94 1.73 777.108
car -1 -1 0.00 0.00 0.00 100.00 100.00 -1000 1.61 3.35 -3.14 -1000 34.00 -0.24 775.382
car -1 -1 0.00 0.00 0.00 100.00 100.00 -1000 1.40 3.11 1.20 -1000 31.48 1.58 764.191
car -1 -1 0.00 0.00 0.00 100.00 100.00 -1000 1.60 3.68 6.83 -1000 8.58 1.66 762.360
car -1 -1 0.00 0.00 0.00 100.00 100.00 -1000 1.51 2.99 -5.07 -1000 7.33 1.48 753.707
car -1 -1 0.00 0.00 0.00 100.00 100.00 -1000 2.73 8.74 7.68 -1000 19.63 1.51 752.013
car -1 -1 0.00 0.00 0.00 100.00 100.00 -1000 1.53 3.51 -1.07 -1000 45.45 1.57 749.600
car -1 -1 0.00 0.00 0.00 100.00 100.00 -1000 1.56 3.47 -5.29 -1000 25.88 1.67 746.986
car -1 -1 0.00 0.00 0.00 100.00 100.00 -1000 1.74 4.69 10.65 -1000 17.92 1.57 742.953
car -1 -1 0.00 0.00 0.00 100.00 100.00 -1000 1.67 4.04 -2.34 -1000 38.76 1.54 738.328
car -1 -1 0.00 0.00 0.00 100.00 100.00 -1000 1.63 3.95 2.45 -1000 18.48 1.63 733.878
car -1 -1 0.00 0.00 0.00 100.00 100.00 -1000 1.53 3.58 9.16 -1000 11.20 1.57 733.872
car -1 -1 0.00 0.00 0.00 100.00 100.00 -1000 1.65 3.77 -3.72 -1000 35.90 1.64 721.982
car -1 -1 0.00 0.00 0.00 100.00 100.00 -1000 1.66 4.38 -5.79 -1000 22.89 1.60 719.871
car -1 -1 0.00 0.00 0.00 100.00 100.00 -1000 1.62 3.24 -5.24 -1000 8.77 1.46 719.116
car -1 -1 0.00 0.00 0.00 100.00 100.00 -1000 1.90 4.54 -3.28 -1000 37.95 1.55 712.365
car -1 -1 0.00 0.00 0.00 100.00 100.00 -1000 1.67 3.64 13.12 -1000 15.95 1.54 710.176
car -1 -1 0.00 0.00 0.00 100.00 100.00 -1000 1.57 4.52 5.78 -1000 32.67 1.57 700.862
car -1 -1 0.00 0.00 0.00 100.00 100.00 -1000 1.74 3.75 5.53 -1000 10.19 1.54 698.959
car -1 -1 0.00 0.00 0.00 100.00 100.00 -1000 1.62 3.91 15.34 -1000 16.86 -0.34 689.066
car -1 -1 0.00 0.00 0.00 100.00 100.00 -1000 2.07 5.30 -5.60 -1000 38.29 1.56 688.697
car -1 -1 0.00 0.00 0.00 100.00 100.00 -1000 1.50 3.25 2.32 -1000 47.24 1.48 684.215
car -1 -1 0.00 0.00 0.00 100.00 100.00 -1000 1.67 4.38 15.48 -1000 18.06 1.63 683.499
car -1 -1 0.00 0.00 0.00 100.00 100.00 -1000 1.52 3.32 1.95 -1000 46.43 1.54 675.058
car -1 -1 0.00 0.00 0.00 100.00 100.00 -1000 1.49 3.50 -1.64 -1000 35.70 1.56 673.052
car -1 -1 0.00 0.00 0.00 100.00 100.00 -1000 1.52 3.52 5.31 -1000 46.85 1.61 670.262
car -1 -1 0.00 0.00 0.00 100.00 100.00 -1000 1.37 3.09 -3.04 -1000 14.57 -0.21 665.590
car -1 -1 0.00 0.00 0.00 100.00 100.00 -1000 1.38 2.69 1.58 -1000 30.61 -0.12 663.184
car -1 -1 0.00 0.00 0.00 100.00 100.00 -1000 1.59 3.37 -4.30 -1000 34.77 1.54 660.755
car -1 -1 0.00 0.00 0.00 100.00 100.00 -1000 1.36 2.97 -5.78 -1000 14.44 -0.37 656.528
car -1 -1 0.00 0.00 0.00 100.00 100.00 -1000 2.05 6.34 3.54 -1000 35.12 1.24 655.173
car -1 -1 0.00 0.00 0.00 100.00 100.00 -1000 1.46 3.45 6.99 -1000 15.46 1.62 654.607
car -1 -1 0.00 0.00 0.00 100.00 100.00 -1000 1.63 3.64 0.86 -1000 25.94 1.55 651.773
car -1 -1 0.00 0.00 0.00 100.00 100.00 -1000 1.56 3.30 9.67 -1000 15.48 1.47 643.139
car -1 -1 0.00 0.00 0.00 100.00 100.00 -1000 1.86 4.33 5.55 -1000 33.65 1.57 642.000
car -1 -1 0.00 0.00 0.00 100.00 100.00 -1000 1.60 3.45 8.37 -1000 15.82 1.68 639.374
car -1 -1 0.00 0.00 0.00 100.00 100.00 -1000 2.34 6.30 5.98 -1000 23.96 1.66 636.491
car -1 -1 0.00 0.00 0.00 100.00 100.00 -1000 1.66 3.66 5.81 -1000 46.13 1.51 622.241
car -1 -1 0.00 0.00 0.00 100.00 100.00 -1000 1.43 3.82 -6.40 -1000 47.87 1.55 613.396
car -1 -1 0.00 0.00 0.00 100.00 100.00 -1000 2.13 5.10 -0.46 -1000 40.57 1.55 608.165
car -1 -1 0.00 0.00 0.00 100.00 100.00 -1000 1.58 3.32 -5.30 -1000 13.67 -0.21 603.750
car -1 -1 0.00 0.00 0.00 100.00 100.00 -1000 1.72 4.91 8.59 -1000 11.93 1.56 603.585
car -1 -1 0.00 0.00 0.00 100.00 100.00 -1000 1.57 4.35 -6.27 -1000 15.35 1.46 603.299
car -1 -1 0.00 0.00 0.00 100.00 100.00 -1000 1.93 5.13 1.08 -1000 27.70 1.45 598.627
car -1 -1 0.00 0.00 0.00 100.00 100.00 -1000 1.52 3.62 1.98 -1000 22.97 1.62 598.530
car -1 -1 0.00 0.00 0.00 100.00 100.00 -1000 1.71 4.09 4.23 -1000 39.97 1.59 596.801
car -1 -1 0.00 0.00 0.00 100.00 100.00 -1000 1.50 3.65 -0.10 -1000 45.91 1.63 593.547
car -1 -1 0.00 0.00 0.00 100.00 100.00 -1000 1.53 3.61 -16.85 -1000 46.36 1.58 590.518
car -1 -1 0.00 0.00 0.00 100.00 100.00 -1000 1.68 3.52 5.33 -1000 16.16 1.44 588.515
car -1 -1 0.00 0.00 0.00 100.00 100.00 -1000 2.11 5.53 1.67 -1000 9.84 1.52 584.086
car -1 -1 0.00 0.00 0.00 100.00 100.00 -1000 2.76 9.35 1.08 -1000 41.05 1.50 583.434
car -1 -1 0.00 0.00 0.00 100.00 100.00 -1000 1.47 3.74 0.04 -1000 31.89 1.52 582.695
car -1 -1 0.00 0.00 0.00 100.00 100.00 -1000 1.64 4.11 6.13 -1000 35.45 1.59 578.415
car -1 -1 0.00 0.00 0.00 100.00 100.00 -1000 2.23 6.32 -5.14 -1000 27.66 1.55 567.564
car -1 -1 0.00 0.00 0.00 100.00 100.00 -1000 2.68 7.73 12.37 -1000 18.50 1.55 566.574
car -1 -1 0.00 0.00 0.00 100.00 100.00 -1000 1.71 3.44 6.82 -1000 14.56 1.69 565.779
car -1 -1 0.00 0.00 0.00 100.00 100.00 -1000 1.91 5.34 -3.28 -1000 36.69 1.54 562.558
car -1 -1 0.00 0.00 0.00 100.00 100.00 -1000 1.72 4.17 2.90 -1000 5.86 1.62 558.070
car -1 -1 0.00 0.00 0.00 100.00 100.00 -1000 1.53 3.41 -5.46 -1000 24.43 1.64 556.243
car -1 -1 0.00 0.00 0.00 100.00 100.00 -1000 0.87 1.91 6.42 -1000 11.07 -0.33 551.868
car -1 -1 0.00 0.00 0.00 100.00 100.00 -1000 1.83 4.78 5.76 -1000 36.33 1.46 550.891
car -1 -1 0.00 0.00 0.00 100.00 100.00 -1000 1.95 5.25 -6.68 -1000 36.67 1.56 548.070
car -1 -1 0.00 0.00 0.00 100.00 100.00 -1000 1.58 4.05 7.94 -1000 47.01 1.62 543.676
car -1 -1 0.00 0.00 0.00 100.00 100.00 -1000 2.37 7.39 -1.23 -1000 27.21 1.53 543.456
car -1 -1 0.00 0.00 0.00 100.00 100.00 -1000 2.26 5.96 7.79 -1000 13.21 1.51 541.525
car -1 -1 0.00 0.00 0.00 100.00 100.00 -1000 1.91 4.92 5.36 -1000 11.59 1.64 534.996
car -1 -1 0.00 0.00 0.00 100.00 100.00 -1000 1.89 5.24 -3.94 -1000 39.13 1.61 534.056
car -1 -1 0.00 0.00 0.00 100.00 100.00 -1000 1.97 4.77 6.33 -1000 28.77 1.69 527.103
car -1 -1 0.00 0.00 0.00 100.00 100.00 -1000 1.86 4.81 -7.52 -1000 35.81 1.62 522.951
car -1 -1 0.00 0.00 0.00 100.00 100.00 -1000 1.45 3.01 -16.96 -1000 45.19 1.54 522.851
car -1 -1 0.00 0.00 0.00 100.00 100.00 -1000 1.68 3.50 -3.27 -1000 24.32 1.39 522.200
car -1 -1 0.00 0.00 0.00 100.00 100.00 -1000 1.73 4.58 2.90 -1000 40.62 1.62 519.427
car -1 -1 0.00 0.00 0.00 100.00 100.00 -1000 1.68 3.97 8.34 -1000 21.36 1.64 516.950
car -1 -1 0.00 0.00 0.00 100.00 100.00 -1000 1.74 4.14 13.74 -1000 15.25 1.56 516.243
car -1 -1 0.00 0.00 0.00 100.00 100.00 -1000 1.52 3.14 -5.34 -1000 6.54 1.46 513.493
car -1 -1 0.00 0.00 0.00 100.00 100.00 -1000 1.50 3.19 -1.82 -1000 44.94 1.57 512.995
car -1 -1 0.00 0.00 0.00 100.00 100.00 -1000 1.62 3.68 1.81 -1000 17.76 1.45 508.448
car -1 -1 0.00 0.00 0.00 100.00 100.00 -1000 1.70 4.31 -0.01 -1000 25.19 1.56 504.619
car -1 -1 0.00 0.00 0.00 100.00 100.00 -1000 2.13 6.04 -0.75 -1000 28.65 1.41 492.620
car -1 -1 0.00 0.00 0.00 100.00 100.00 -1000 1.59 3.84 6.02 -1000 31.53 1.46 482.704
car -1 -1 0.00 0.00 0.00 100.00 100.00 -1000 2.52 6.85 10.49 -1000 19.31 1.54 480.552
car -1 -1 0.00 0.00 0.00 100.00 100.00 -1000 1.80 4.37 3.69 -1000 17.83 1.66 480.424
car -1 -1 0.00 0.00 0.00 100.00 100.00 -1000 2.17 6.03 -5.83 -1000 12.70 1.60 478.989
car -1 -1 0.00 0.00 0.00 100.00 100.00 -1000 1.60 3.59 8.08 -1000 46.14 1.61 477.086
car -1 -1 0.00 0.00 0.00 100.00 100.00 -1000 1.91 5.10 -5.61 -1000 28.51 1.52 476.648
car -1 -1 0.00 0.00 0.00 100.00 100.00 -1000 1.58 3.40 -2.35 -1000 34.56 -0.17 475.384
car -1 -1 0.00 0.00 0.00 100.00 100.00 -1000 1.92 7.09 -6.55 -1000 33.94 1.50 473.190
car -1 -1 0.00 0.00 0.00 100.00 100.00 -1000 1.45 3.49 2.45 -1000 31.16 1.60 470.565
car -1 -1 0.00 0.00 0.00 100.00 100.00 -1000 2.06 5.54 6.14 -1000 24.99 1.51 463.502
car -1 -1 0.00 0.00 0.00 100.00 100.00 -1000 2.01 4.80 4.38 -1000 45.10 1.52 459.828
car -1 -1 0.00 0.00 0.00 100.00 100.00 -1000 1.55 3.60 -7.80 -1000 34.45 -0.26 458.935
car -1 -1 0.00 0.00 0.00 100.00 100.00 -1000 1.55 4.14 6.87 -1000 34.30 1.57 458.407
car -1 -1 0.00 0.00 0.00 100.00 100.00 -1000 1.86 4.17 14.63 -1000 15.82 1.63 457.140
car -1 -1 0.00 0.00 0.00 100.00 100.00 -1000 1.76 4.03 1.45 -1000 8.72 1.68 451.058
car -1 -1 0.00 0.00 0.00 100.00 100.00 -1000 1.85 3.66 2.75 -1000 45.84 1.56 449.369
car -1 -1 0.00 0.00 0.00 100.00 100.00 -1000 1.93 5.17 3.94 -1000 18.84 1.67 439.691
car -1 -1 0.00 0.00 0.00 100.00 100.00 -1000 2.42 7.43 16.32 -1000 18.86 1.53 436.679
car -1 -1 0.00 0.00 0.00 100.00 100.00 -1000 1.78 4.51 17.04 -1000 17.36 1.62 436.099
car -1 -1 0.00 0.00 0.00 100.00 100.00 -1000 1.74 4.30 11.35 -1000 15.51 1.61 431.546
car -1 -1 0.00 0.00 0.00 100.00 100.00 -1000 1.76 4.57 -4.83 -1000 39.96 1.60 431.304
car -1 -1 0.00 0.00 0.00 100.00 100.00 -1000 1.42 2.74 -1.02 -1000 44.49 -0.10 430.299
car -1 -1 0.00 0.00 0.00 100.00 100.00 -1000 1.80 4.67 -5.65 -1000 20.60 1.57 426.229
car -1 -1 0.00 0.00 0.00 100.00 100.00 -1000 1.60 4.04 4.54 -1000 33.12 1.51 421.245
car -1 -1 0.00 0.00 0.00 100.00 100.00 -1000 1.95 4.69 5.68 -1000 8.96 1.48 420.978
car -1 -1 0.00 0.00 0.00 100.00 100.00 -1000 1.65 3.44 -9.33 -1000 33.29 1.49 420.034
car -1 -1 0.00 0.00 0.00 100.00 100.00 -1000 2.07 4.37 -6.77 -1000 45.97 1.58 419.042
car -1 -1 0.00 0.00 0.00 100.00 100.00 -1000 1.60 4.29 3.46 -1000 33.70 1.40 417.994
car -1 -1 0.00 0.00 0.00 100.00 100.00 -1000 1.98 5.11 -1.47 -1000 38.15 1.50 415.084
car -1 -1 0.00 0.00 0.00 100.00 100.00 -1000 1.75 4.44 4.26 -1000 38.90 1.52 411.277
car -1 -1 0.00 0.00 0.00 100.00 100.00 -1000 1.75 4.83 2.57 -1000 31.76 1.61 406.490
car -1 -1 0.00 0.00 0.00 100.00 100.00 -1000 1.47 3.80 8.09 -1000 9.02 -0.19 406.131
car -1 -1 0.00 0.00 0.00 100.00 100.00 -1000 1.67 4.11 9.79 -1000 10.52 -0.26 402.397
car -1 -1 0.00 0.00 0.00 100.00 100.00 -1000 1.47 3.31 0.12 -1000 30.94 0.01 402.277
car -1 -1 0.00 0.00 0.00 100.00 100.00 -1000 1.45 2.91 -1.85 -1000 15.59 -0.28 399.991
car -1 -1 0.00 0.00 0.00 100.00 100.00 -1000 1.69 5.02 3.68 -1000 10.38 1.61 398.852
car -1 -1 0.00 0.00 0.00 100.00 100.00 -1000 1.56 3.59 17.75 -1000 39.93 1.57 398.734
car -1 -1 0.00 0.00 0.00 100.00 100.00 -1000 2.06 4.53 5.77 -1000 29.58 1.49 387.739
car -1 -1 0.00 0.00 0.00 100.00 100.00 -1000 2.47 7.98 -3.39 -1000 28.57 1.46 378.033
car -1 -1 0.00 0.00 0.00 100.00 100.00 -1000 2.15 5.36 10.56 -1000 20.18 1.53 377.301
car -1 -1 0.00 0.00 0.00 100.00 100.00 -1000 1.82 4.22 16.23 -1000 16.22 1.60 375.249
car -1 -1 0.00 0.00 0.00 100.00 100.00 -1000 2.23 6.12 -0.19 -1000 9.40 1.82 369.466
car -1 -1 0.00 0.00 0.00 100.00 100.00 -1000 1.87 4.48 11.13 -1000 14.53 1.59 367.874
car -1 -1 0.00 0.00 0.00 100.00 100.00 -1000 1.62 4.43 9.10 -1000 22.11 1.57 367.504
car -1 -1 0.00 0.00 0.00 100.00 100.00 -1000 1.70 3.86 3.03 -1000 4.88 0.00 364.420
car -1 -1 0.00 0.00 0.00 100.00 100.00 -1000 1.77 3.60 -4.36 -1000 14.09 1.57 363.686
car -1 -1 0.00 0.00 0.00 100.00 100.00 -1000 1.66 3.85 -17.69 -1000 45.70 1.53 359.386
car -1 -1 0.00 0.00 0.00 100.00 100.00 -1000 1.87 4.53 1.98 -1000 23.71 1.59 359.258
car -1 -1 0.00 0.00 0.00 100.00 100.00 -1000 2.04 6.57 5.95 -1000 37.31 1.58 358.870
car -1 -1 0.00 0.00 0.00 100.00 100.00 -1000 2.72 7.54 -1.30 -1000 41.60 1.42 356.326
car -1 -1 0.00 0.00 0.00 100.00 100.00 -1000 2.55 8.34 4.15 -1000 41.39 1.49 356.236
car -1 -1 0.00 0.00 0.00 100.00 100.00 -1000 2.01 4.93 5.94 -1000 27.27 1.59 353.398
car -1 -1 0.00 0.00 0.00 100.00 100.00 -1000 1.79 4.67 17.79 -1000 18.12 1.63 350.679
car -1 -1 0.00 0.00 0.00 100.00 100.00 -1000 1.86 4.76 15.85 -1000 15.35 1.49 348.549
car -1 -1 0.00 0.00 0.00 100.00 100.00 -1000 2.22 4.95 -4.68 -1000 8.21 1.47 348.156
car -1 -1 0.00 0.00 0.00 100.00 100.00 -1000 2.18 4.84 0.49 -1000 37.67 1.65 344.621
car -1 -1 0.00 0.00 0.00 100.00 100.00 -1000 1.82 4.17 14.96 -1000 14.62 1.54 341.395
car -1 -1 0.00 0.00 0.00 100.00 100.00 -1000 1.93 4.92 9.51 -1000 9.49 1.57 332.364
car -1 -1 0.00 0.00 0.00 100.00 100.00 -1000 2.30 7.31 -3.23 -1000 10.90 1.66 332.347
car -1 -1 0.00 0.00 0.00 100.00 100.00 -1000 1.95 6.85 7.92 -1000 24.36 1.47 332.025
car -1 -1 0.00 0.00 0.00 100.00 100.00 -1000 1.99 5.52 10.42 -1000 12.35 1.53 330.205
car -1 -1 0.00 0.00 0.00 100.00 100.00 -1000 1.70 4.17 17.90 -1000 16.58 1.62 327.774
car -1 -1 0.00 0.00 0.00 100.00 100.00 -1000 1.61 3.80 0.69 -1000 29.96 1.46 324.979
car -1 -1 0.00 0.00 0.00 100.00 100.00 -1000 2.35 6.59 -3.59 -1000 16.82 1.45 322.169
car -1 -1 0.00 0.00 0.00 100.00 100.00 -1000 1.80 4.47 9.06 -1000 14.72 1.68 321.860
car -1 -1 0.00 0.00 0.00 100.00 100.00 -1000 1.98 5.24 7.20 -1000 23.38 1.62 320.846
car -1 -1 0.00 0.00 0.00 100.00 100.00 -1000 1.96 6.37 -5.74 -1000 16.23 1.49 320.464
car -1 -1 0.00 0.00 0.00 100.00 100.00 -1000 1.74 5.23 -2.48 -1000 40.29 1.61 317.732
car -1 -1 0.00 0.00 0.00 100.00 100.00 -1000 1.83 5.16 4.81 -1000 28.29 1.45 317.317
car -1 -1 0.00 0.00 0.00 100.00 100.00 -1000 1.63 4.15 -16.87 -1000 44.47 1.44 315.847
car -1 -1 0.00 0.00 0.00 100.00 100.00 -1000 1.77 4.97 3.44 -1000 37.00 1.49 313.432
car -1 -1 0.00 0.00 0.00 100.00 100.00 -1000 2.04 5.40 -1.21 -1000 24.31 1.50 311.641
car -1 -1 0.00 0.00 0.00 100.00 100.00 -1000 1.60 3.72 -16.05 -1000 45.75 1.61 311.391
car -1 -1 0.00 0.00 0.00 100.00 100.00 -1000 1.82 4.60 2.47 -1000 8.03 1.69 307.450
car -1 -1 0.00 0.00 0.00 100.00 100.00 -1000 2.74 9.03 1.13 -1000 37.28 1.31 305.518
car -1 -1 0.00 0.00 0.00 100.00 100.00 -1000 1.65 5.15 7.38 -1000 36.63 1.53 304.281
car -1 -1 0.00 0.00 0.00 100.00 100.00 -1000 1.94 4.96 0.20 -1000 8.23 1.82 302.244
car -1 -1 0.00 0.00 0.00 100.00 100.00 -1000 1.85 5.90 0.61 -1000 32.35 1.56 295.223
car -1 -1 0.00 0.00 0.00 100.00 100.00 -1000 1.77 4.84 4.31 -1000 32.15 1.49 294.643
car -1 -1 0.00 0.00 0.00 100.00 100.00 -1000 2.55 7.92 1.80 -1000 10.55 1.42 290.209
car -1 -1 0.00 0.00 0.00 100.00 100.00 -1000 1.77 5.09 -5.79 -1000 23.77 1.60 289.242
car -1 -1 0.00 0.00 0.00 100.00 100.00 -1000 1.97 5.18 1.95 -1000 25.03 1.51 289.234
car -1 -1 0.00 0.00 0.00 100.00 100.00 -1000 2.41 7.92 -3.81 -1000 12.22 1.29 283.795
car -1 -1 0.00 0.00 0.00 100.00 100.00 -1000 1.70 4.78 0.78 -1000 46.79 1.62 282.564
car -1 -1 0.00 0.00 0.00 100.00 100.00 -1000 1.66 3.97 9.64 -1000 46.07 1.63 281.652
car -1 -1 0.00 0.00 0.00 100.00 100.00 -1000 1.85 4.76 7.69 -1000 44.37 1.45 281.503
car -1 -1 0.00 0.00 0.00 100.00 100.00 -1000 2.05 5.66 19.01 -1000 23.81 1.46 279.711
car -1 -1 0.00 0.00 0.00 100.00 100.00 -1000 1.77 4.52 -10.25 -1000 33.97 1.62 279.427
car -1 -1 0.00 0.00 0.00 100.00 100.00 -1000 0.89 2.14 6.22 -1000 11.73 -0.59 278.960
car -1 -1 0.00 0.00 0.00 100.00 100.00 -1000 1.95 5.44 -3.60 -1000 45.53 1.42 276.548
car -1 -1 0.00 0.00 0.00 100.00 100.00 -1000 2.37 7.11 -7.19 -1000 37.52 1.54 271.332
car -1 -1 0.00 0.00 0.00 100.00 100.00 -1000 1.95 4.86 2.44 -1000 13.31 1.76 269.067
car -1 -1 0.00 0.00 0.00 100.00 100.00 -1000 1.79 5.50 6.04 -1000 47.45 1.64 268.878
car -1 -1 0.00 0.00 0.00 100.00 100.00 -1000 1.64 4.37 11.34 -1000 10.90 1.65 267.673
car -1 -1 0.00 0.00 0.00 100.00 100.00 -1000 2.00 5.35 2.75 -1000 37.93 1.48 265.301
car -1 -1 0.00 0.00 0.00 100.00 100.00 -1000 1.66 4.53 -5.71 -1000 10.92 1.52 263.344
car -1 -1 0.00 0.00 0.00 100.00 100.00 -1000 1.71 5.09 -1.16 -1000 16.52 1.52 261.928
car -1 -1 0.00 0.00 0.00 100.00 100.00 -1000 1.78 4.04 0.35 -1000 29.18 1.55 259.974
car -1 -1 0.00 0.00 0.00 100.00 100.00 -1000 1.90 4.48 -5.15 -1000 46.22 1.58 259.235
car -1 -1 0.00 0.00 0.00 100.00 100.00 -1000 1.60 6.41 3.49 -1000 5.34 1.44 258.894
car -1 -1 0.00 0.00 0.00 100.00 100.00 -1000 1.84 5.15 10.12 -1000 21.32 1.62 257.206
car -1 -1 0.00 0.00 0.00 100.00 100.00 -1000 1.73 3.96 3.24 -1000 30.65 1.54 256.241
car -1 -1 0.00 0.00 0.00 100.00 100.00 -1000 1.68 3.39 -9.62 -1000 34.64 0.08 251.433
car -1 -1 0.00 0.00 0.00 100.00 100.00 -1000 2.13 5.58 7.16 -1000 7.80 1.51 250.883
car -1 -1 0.00 0.00 0.00 100.00 100.00 -1000 1.41 3.12 1.91 -1000 26.64 -0.39 249.346
car -1 -1 0.00 0.00 0.00 100.00 100.00 -1000 1.84 4.90 4.57 -1000 23.04 1.61 248.973
car -1 -1 0.00 0.00 0.00 100.00 100.00 -1000 1.74 4.71 3.13 -1000 17.05 1.58 248.284
car -1 -1 0.00 0.00 0.00 100.00 100.00 -1000 2.16 5.93 4.69 -1000 22.06 1.47 247.693
car -1 -1 0.00 0.00 0.00 100.00 100.00 -1000 1.78 5.29 3.34 -1000 9.30 1.61 247.002
car -1 -1 0.00 0.00 0.00 100.00 100.00 -1000 1.73 4.28 9.68 -1000 8.58 1.57 246.239
car -1 -1 0.00 0.00 0.00 100.00 100.00 -1000 1.77 4.60 13.05 -1000 14.51 1.65 245.916
car -1 -1 0.00 0.00 0.00 100.00 100.00 -1000 2.27 6.84 4.05 -1000 25.32 1.53 243.596
car -1 -1 0.00 0.00 0.00 100.00 100.00 -1000 1.74 3.49 2.13 -1000 14.19 1.50 242.968
car -1 -1 0.00 0.00 0.00 100.00 100.00 -1000 1.71 4.49 0.82 -1000 45.31 1.57 242.799
car -1 -1 0.00 0.00 0.00 100.00 100.00 -1000 1.92 4.62 0.78 -1000 24.21 1.49 239.962
car -1 -1 0.00 0.00 0.00 100.00 100.00 -1000 2.06 5.16 4.56 -1000 35.81 1.68 238.647
car -1 -1 0.00 0.00 0.00 100.00 100.00 -1000 1.73 4.47 3.86 -1000 7.72 1.57 237.542
car -1 -1 0.00 0.00 0.00 100.00 100.00 -1000 1.68 4.49 8.08 -1000 34.73 1.69 237.094
car -1 -1 0.00 0.00 0.00 100.00 100.00 -1000 2.49 6.09 -5.51 -1000 21.56 1.70 236.969
car -1 -1 0.00 0.00 0.00 100.00 100.00 -1000 1.65 3.66 -2.06 -1000 43.81 1.38 235.514
car -1 -1 0.00 0.00 0.00 100.00 100.00 -1000 3.62 14.17 1.16 -1000 42.17 1.36 233.567
car -1 -1 0.00 0.00 0.00 100.00 100.00 -1000 1.89 6.31 3.53 -1000 24.16 1.44 231.116
car -1 -1 0.00 0.00 0.00 100.00 100.00 -1000 1.75 5.08 8.26 -1000 35.83 1.59 229.059
car -1 -1 0.00 0.00 0.00 100.00 100.00 -1000 1.90 4.56 2.49 -1000 28.22 1.55 228.889
car -1 -1 0.00 0.00 0.00 100.00 100.00 -1000 1.71 3.63 6.67 -1000 27.91 1.80 228.684
car -1 -1 0.00 0.00 0.00 100.00 100.00 -1000 2.35 6.09 -4.97 -1000 13.53 1.52 227.846
car -1 -1 0.00 0.00 0.00 100.00 100.00 -1000 1.84 4.65 5.46 -1000 30.65 1.35 227.437
car -1 -1 0.00 0.00 0.00 100.00 100.00 -1000 1.77 5.85 7.72 -1000 29.29 1.58 224.516
car -1 -1 0.00 0.00 0.00 100.00 100.00 -1000 1.84 4.34 8.40 -1000 45.21 1.56 219.767
car -1 -1 0.00 0.00 0.00 100.00 100.00 -1000 2.63 7.93 13.66 -1000 19.32 1.37 219.452
car -1 -1 0.00 0.00 0.00 100.00 100.00 -1000 1.73 4.29 17.40 -1000 15.79 1.65 218.945
car -1 -1 0.00 0.00 0.00 100.00 100.00 -1000 1.28 3.45 1.60 -1000 22.21 -0.12 217.640
car -1 -1 0.00 0.00 0.00 100.00 100.00 -1000 1.58 3.78 -1.18 -1000 34.89 1.66 217.048
car -1 -1 0.00 0.00 0.00 100.00 100.00 -1000 2.39 6.11 -3.76 -1000 8.98 1.41 216.884
car -1 -1 0.00 0.00 0.00 100.00 100.00 -1000 1.88 5.15 -1.89 -1000 46.39 1.63 212.165
car -1 -1 0.00 0.00 0.00 100.00 100.00 -1000 2.17 6.04 2.48 -1000 32.75 1.51 211.264
car -1 -1 0.00 0.00 0.00 100.00 100.00 -1000 2.31 6.58 2.02 -1000 28.87 1.63 209.989
car -1 -1 0.00 0.00 0.00 100.00 100.00 -1000 2.33 7.21 -6.60 -1000 45.49 1.45 207.717
car -1 -1 0.00 0.00 0.00 100.00 100.00 -1000 1.70 3.99 11.34 -1000 9.68 1.60 206.803
car -1 -1 0.00 0.00 0.00 100.00 100.00 -1000 1.95 5.48 -9.77 -1000 35.86 1.54 203.097
car -1 -1 0.00 0.00 0.00 100.00 100.00 -1000 1.95 5.43 3.11 -1000 12.50 1.51 201.919
car -1 -1 0.00 0.00 0.00 100.00 100.00 -1000 1.66 3.67 -4.01 -1000 47.31 1.57 200.414
car -1 -1 0.00 0.00 0.00 100.00 100.00 -1000 1.77 4.51 -1.47 -1000 31.56 1.49 199.726
car -1 -1 0.00 0.00 0.00 100.00 100.00 -1000 1.70 4.89 1.01 -1000 17.01 1.49 198.321
car -1 -1 0.00 0.00 0.00 100.00 100.00 -1000 1.69 5.45 5.40 -1000 40.50 1.64 198.154
