car -1 -1 0.00 0.00 0.00 100.00 100.00 -1000 1.52 3.46 -4.25 -1000 9.66 1.47 999.029
car -1 -1 0.00 0.00 0.00 100.00 100.00 -1000 1.57 3.76 -4.45 -1000 8.53 -0.28 996.255
car -1 -1 0.00 0.00 0.00 100.00 100.00 -1000 1.69 4.31 -4.12 -1000 10.78 1.55 995.486
car -1 -1 0.00 0.00 0.00 100.00 100.00 -1000 1.49 3.15 17.96 -1000 41.98 1.53 992.002
car -1 -1 0.00 0.00 0.00 100.00 100.00 -1000 1.59 3.75 1.04 -1000 23.51 -0.20 991.952
car -1 -1 0.00 0.00 0.00 100.00 100.00 -1000 1.50 3.01 1.25 -1000 24.23 1.58 988.791
car -1 -1 0.00 0.00 0.00 100.00 100.00 -1000 1.58 3.74 17.80 -1000 43.09 1.53 987.287
car -1 -1 0.00 0.00 0.00 100.00 100.00 -1000 1.44 3.07 -7.18 -1000 13.71 1.55 982.987
car -1 -1 0.00 0.00 0.00 100.00 100.00 -1000 1.57 3.33 18.11 -1000 41.03 -0.11 982.015
car -1 -1 0.00 0.00 0.00 100.00 100.00 -1000 1.78 4.31 17.60 -1000 44.15 1.52 980.478
car -1 -1 0.00 0.00 0.00 100.00 100.00 -1000 1.52 3.04 -3.32 -1000 10.05 1.59 979.711
car -1 -1 0.00 0.00 0.00 100.00 100.00 -1000 1.48 3.11 17.09 -1000 42.39 1.53 974.987
car -1 -1 0.00 0.00 0.00 100.00 100.00 -1000 1.51 3.54 15.40 -1000 19.41 1.46 970.875
car -1 -1 0.00 0.00 0.00 100.00 100.00 -1000 1.44 3.93 16.06 -1000 27.76 1.55 962.466
car -1 -1 0.00 0.00 0.00 100.00 100.00 -1000 1.81 4.77 -3.77 -1000 11.92 1.43 958.994
car -1 -1 0.00 0.00 0.00 100.00 100.00 -1000 1.58 3.33 -6.82 -1000 14.46 1.61 950.271
car -1 -1 0.00 0.00 0.00 100.00 100.00 -1000 1.52 3.45 -7.22 -1000 12.86 -0.14 942.350
car -1 -1 0.00 0.00 0.00 100.00 100.00 -1000 1.52 3.25 15.32 -1000 18.49 -0.24 940.046
car -1 -1 0.00 0.00 0.00 100.00 100.00 -1000 1.53 3.75 15.74 -1000 29.68 1.57 936.797
car -1 -1 0.00 0.00 0.00 100.00 100.00 -1000 1.72 3.84 15.68 -1000 21.69 1.57 933.585
car -1 -1 0.00 0.00 0.00 100.00 100.00 -1000 1.51 3.20 15.83 -1000 20.10 1.60 933.140
car -1 -1 0.00 0.00 0.00 100.00 100.00 -1000 1.91 4.94 17.68 -1000 45.42 1.50 929.962
car -1 -1 0.00 0.00 0.00 100.00 100.00 -1000 1.54 3.59 15.80 -1000 28.85 1.53 925.204
car -1 -1 0.00 0.00 0.00 100.00 100.00 -1000 1.35 2.91 18.76 -1000 40.41 -0.24 924.176
car -1 -1 0.00 0.00 0.00 100.00 100.00 -1000 1.52 3.38 16.79 -1000 41.67 1.56 923.285
car -1 -1 0.00 0.00 0.00 100.00 100.00 -1000 1.43 3.25 -13.85 -1000 18.91 1.59 920.674
car -1 -1 0.00 0.00 0.00 100.00 100.00 -1000 1.55 3.70 16.09 -1000 30.53 1.59 909.636
car -1 -1 0.00 0.00 0.00 100.00 100.00 -1000 1.69 4.10 15.40 -1000 20.82 1.43 906.002
car -1 -1 0.00 0.00 0.00 100.00 100.00 -1000 1.60 3.66 1.90 -1000 24.81 1.56 905.307
car -1 -1 0.00 0.00 0.00 100.00 100.00 -1000 1.42 2.89 17.17 -1000 40.40 1.52 896.068
car -1 -1 0.00 0.00 0.00 100.00 100.00 -1000 1.61 3.57 16.50 -1000 43.51 1.54 892.231
car -1 -1 0.00 0.00 0.00 100.00 100.00 -1000 1.68 4.08 -7.17 -1000 15.22 1.48 883.735
car -1 -1 0.00 0.00 0.00 100.00 100.00 -1000 1.72 4.28 17.79 -1000 46.23 1.52 875.877
car -1 -1 0.00 0.00 0.00 100.00 100.00 -1000 1.56 3.56 -13.41 -1000 19.66 1.59 863.043
car -1 -1 0.00 0.00 0.00 100.00 100.00 -1000 1.58 3.89 16.79 -1000 26.60 -0.26 858.925
car -1 -1 0.00 0.00 0.00 100.00 100.00 -1000 1.62 4.67 16.00 -1000 31.65 1.59 855.498
car -1 -1 0.00 0.00 0.00 100.00 100.00 -1000 1.44 3.17 -14.02 -1000 17.73 1.56 854.735
car -1 -1 0.00 0.00 0.00 100.00 100.00 -1000 1.80 5.40 15.93 -1000 22.61 1.57 854.289
car -1 -1 0.00 0.00 0.00 100.00 100.00 -1000 1.64 3.64 -10.76 -1000 41.42 1.64 835.732
car -1 -1 0.00 0.00 0.00 100.00 100.00 -1000 1.55 3.30 -8.95 -1000 46.36 -0.15 834.955
car -1 -1 0.00 0.00 0.00 100.00 100.00 -1000 1.61 3.33 -5.41 -1000 10.06 1.53 831.723
car -1 -1 0.00 0.00 0.00 100.00 100.00 -1000 1.65 4.05 -13.53 -1000 20.46 1.54 824.949
car -1 -1 0.00 0.00 0.00 100.00 100.00 -1000 1.46 3.21 -8.24 -1000 13.39 1.52 823.017
car -1 -1 0.00 0.00 0.00 100.00 100.00 -1000 1.49 3.39 -9.74 -1000 47.09 1.53 821.850
car -1 -1 0.00 0.00 0.00 100.00 100.00 -1000 1.69 3.77 15.87 -1000 42.87 1.54 818.542
car -1 -1 0.00 0.00 0.00 100.00 100.00 -1000 1.93 5.10 15.71 -1000 44.35 1.47 813.773
car -1 -1 0.00 0.00 0.00 100.00 100.00 -1000 1.45 3.01 -1.22 -1000 42.37 1.57 808.569
car -1 -1 0.00 0.00 0.00 100.00 100.00 -1000 1.46 3.12 -13.39 -1000 17.01 1.63 803.499
car -1 -1 0.00 0.00 0.00 100.00 100.00 -1000 1.52 3.39 -14.93 -1000 18.60 1.54 803.149
car -1 -1 0.00 0.00 0.00 100.00 100.00 -1000 1.50 3.24 -9.25 -1000 41.60 1.59 797.707
car -1 -1 0.00 0.00 0.00 100.00 100.00 -1000 1.53 3.55 15.90 -1000 25.77 1.59 782.475
car -1 -1 0.00 0.00 0.00 100.00 100.00 -1000 1.73 4.18 14.70 -1000 43.59 1.59 781.735
car -1 -1 0.00 0.00 0.00 100.00 100.00 -1000 1.57 3.57 -10.35 -1000 46.28 -0.25 774.495
car -1 -1 0.00 0.00 0.00 100.00 100.00 -1000 1.49 3.23 12.05 -1000 41.92 1.58 773.111
car -1 -1 0.00 0.00 0.00 100.00 100.00 -1000 1.95 5.44 3.85 -1000 25.69 1.53 769.856
car -1 -1 0.00 0.00 0.00 100.00 100.00 -1000 1.49 3.37 -13.29 -1000 18.23 1.64 761.504
car -1 -1 0.00 0.00 0.00 100.00 100.00 -1000 2.27 8.28 -4.25 -1000 11.28 1.52 758.948
car -1 -1 0.00 0.00 0.00 100.00 100.00 -1000 1.51 3.27 5.61 -1000 46.86 1.63 758.246
car -1 -1 0.00 0.00 0.00 100.00 100.00 -1000 1.55 3.58 -7.89 -1000 41.85 1.56 755.712
car -1 -1 0.00 0.00 0.00 100.00 100.00 -1000 1.53 3.57 2.74 -1000 24.32 1.68 748.273
car -1 -1 0.00 0.00 0.00 100.00 100.00 -1000 1.36 3.03 -13.77 -1000 32.70 1.55 747.819
car -1 -1 0.00 0.00 0.00 100.00 100.00 -1000 1.42 3.11 -15.62 -1000 33.10 1.58 746.916
car -1 -1 0.00 0.00 0.00 100.00 100.00 -1000 1.51 3.65 -8.47 -1000 47.46 1.55 740.980
car -1 -1 0.00 0.00 0.00 100.00 100.00 -1000 2.08 5.49 -3.74 -1000 12.81 1.45 739.359
car -1 -1 0.00 0.00 0.00 100.00 100.00 -1000 1.71 3.87 3.44 -1000 24.99 1.55 738.568
car -1 -1 0.00 0.00 0.00 100.00 100.00 -1000 1.81 4.41 18.89 -1000 44.65 1.57 735.433
car -1 -1 0.00 0.00 0.00 100.00 100.00 -1000 1.57 3.63 17.04 -1000 28.19 1.70 734.658
car -1 -1 0.00 0.00 0.00 100.00 100.00 -1000 1.42 3.07 -18.13 -1000 33.54 1.57 731.456
car -1 -1 0.00 0.00 0.00 100.00 100.00 -1000 1.65 3.49 -1.29 -1000 41.57 -0.06 730.200
car -1 -1 0.00 0.00 0.00 100.00 100.00 -1000 1.66 3.83 13.31 -1000 42.80 1.59 729.914
car -1 -1 0.00 0.00 0.00 100.00 100.00 -1000 1.60 3.35 -2.53 -1000 42.38 1.56 726.711
car -1 -1 0.00 0.00 0.00 100.00 100.00 -1000 1.55 3.38 3.18 -1000 8.48 1.55 726.416
car -1 -1 0.00 0.00 0.00 100.00 100.00 -1000 1.55 3.33 14.35 -1000 19.06 1.51 721.675
car -1 -1 0.00 0.00 0.00 100.00 100.00 -1000 1.94 4.81 4.18 -1000 27.09 1.54 718.515
car -1 -1 0.00 0.00 0.00 100.00 100.00 -1000 1.56 3.40 -16.74 -1000 33.44 1.56 716.653
car -1 -1 0.00 0.00 0.00 100.00 100.00 -1000 1.44 3.10 -11.57 -1000 40.80 1.56 710.302
car -1 -1 0.00 0.00 0.00 100.00 100.00 -1000 1.59 3.34 -7.72 -1000 12.14 1.47 704.371
car -1 -1 0.00 0.00 0.00 100.00 100.00 -1000 1.60 3.86 17.15 -1000 20.89 1.57 697.655
car -1 -1 0.00 0.00 0.00 100.00 100.00 -1000 1.49 3.05 -17.55 -1000 32.78 -0.15 689.579
car -1 -1 0.00 0.00 0.00 100.00 100.00 -1000 1.93 4.78 -6.05 -1000 12.06 1.52 687.560
car -1 -1 0.00 0.00 0.00 100.00 100.00 -1000 1.94 5.08 16.30 -1000 33.45 1.56 686.615
car -1 -1 0.00 0.00 0.00 100.00 100.00 -1000 1.67 3.58 -15.34 -1000 17.75 1.55 685.997
car -1 -1 0.00 0.00 0.00 100.00 100.00 -1000 2.24 4.14 -4.98 -1000 7.41 1.62 681.547
car -1 -1 0.00 0.00 0.00 100.00 100.00 -1000 1.48 3.40 4.82 -1000 46.38 -0.09 677.561
car -1 -1 0.00 0.00 0.00 100.00 100.00 -1000 1.42 3.08 0.07 -1000 23.13 1.51 676.275
car -1 -1 0.00 0.00 0.00 100.00 100.00 -1000 1.90 4.86 16.03 -1000 46.04 1.54 667.162
car -1 -1 0.00 0.00 0.00 100.00 100.00 -1000 1.75 4.45 16.67 -1000 32.51 1.66 666.914
car -1 -1 0.00 0.00 0.00 100.00 100.00 -1000 1.60 3.61 14.29 -1000 17.93 1.48 666.671
car -1 -1 0.00 0.00 0.00 100.00 100.00 -1000 2.33 5.25 -6.72 -1000 15.97 1.57 665.797
car -1 -1 0.00 0.00 0.00 100.00 100.00 -1000 1.59 3.89 2.54 -1000 7.60 1.65 663.929
car -1 -1 0.00 0.00 0.00 100.00 100.00 -1000 1.45 2.89 -16.20 -1000 32.45 -0.16 661.002
car -1 -1 0.00 0.00 0.00 100.00 100.00 -1000 1.60 3.65 -13.46 -1000 35.05 1.60 660.984
car -1 -1 0.00 0.00 0.00 100.00 100.00 -1000 2.56 6.89 1.85 -1000 25.66 1.59 657.365
car -1 -1 0.00 0.00 0.00 100.00 100.00 -1000 1.69 3.55 -9.69 -1000 40.78 -0.17 656.342
car -1 -1 0.00 0.00 0.00 100.00 100.00 -1000 1.93 6.56 18.14 -1000 46.94 1.52 652.051
car -1 -1 0.00 0.00 0.00 100.00 100.00 -1000 1.55 4.38 -13.77 -1000 25.04 1.64 651.040
car -1 -1 0.00 0.00 0.00 100.00 100.00 -1000 1.77 4.53 -5.75 -1000 13.75 1.61 650.331
car -1 -1 0.00 0.00 0.00 100.00 100.00 -1000 1.79 4.60 17.25 -1000 29.42 1.61 649.568
car -1 -1 0.00 0.00 0.00 100.00 100.00 -1000 1.45 3.59 -8.66 -1000 14.16 1.50 648.414
car -1 -1 0.00 0.00 0.00 100.00 100.00 -1000 1.56 3.49 -14.45 -1000 33.49 1.54 637.051
car -1 -1 0.00 0.00 0.00 100.00 100.00 -1000 1.83 5.58 -13.39 -1000 21.17 1.55 631.752
car -1 -1 0.00 0.00 0.00 100.00 100.00 -1000 1.58 3.61 -6.65 -1000 42.30 1.58 631.048
car -1 -1 0.00 0.00 0.00 100.00 100.00 -1000 1.69 4.23 -1.07 -1000 43.03 1.58 630.065
car -1 -1 0.00 0.00 0.00 100.00 100.00 -1000 1.56 3.32 16.43 -1000 18.92 -0.35 627.753
car -1 -1 0.00 0.00 0.00 100.00 100.00 -1000 1.60 3.64 17.45 -1000 27.39 1.75 627.254
car -1 -1 0.00 0.00 0.00 100.00 100.00 -1000 1.68 3.73 13.70 -1000 42.05 1.62 626.270
car -1 -1 0.00 0.00 0.00 100.00 100.00 -1000 2.06 5.52 15.56 -1000 23.70 1.46 620.974
car -1 -1 0.00 0.00 0.00 100.00 100.00 -1000 1.68 3.68 16.35 -1000 40.87 1.55 618.632
car -1 -1 0.00 0.00 0.00 100.00 100.00 -1000 1.51 3.29 -3.34 -1000 8.97 -0.54 615.928
car -1 -1 0.00 0.00 0.00 100.00 100.00 -1000 1.63 3.84 6.78 -1000 47.12 1.62 615.091
car -1 -1 0.00 0.00 0.00 100.00 100.00 -1000 1.61 3.51 6.40 -1000 46.36 -0.19 607.903
car -1 -1 0.00 0.00 0.00 100.00 100.00 -1000 1.63 3.80 17.01 -1000 19.77 -0.32 606.518
car -1 -1 0.00 0.00 0.00 100.00 100.00 -1000 1.35 3.04 17.30 -1000 39.62 1.54 603.611
car -1 -1 0.00 0.00 0.00 100.00 100.00 -1000 1.74 4.40 17.26 -1000 22.19 1.59 601.332
car -1 -1 0.00 0.00 0.00 100.00 100.00 -1000 1.83 4.39 -14.98 -1000 19.64 1.53 596.891
car -1 -1 0.00 0.00 0.00 100.00 100.00 -1000 1.71 3.73 17.44 -1000 30.31 1.65 592.675
car -1 -1 0.00 0.00 0.00 100.00 100.00 -1000 1.42 2.83 -13.94 -1000 16.30 1.41 591.153
car -1 -1 0.00 0.00 0.00 100.00 100.00 -1000 1.53 3.34 -14.78 -1000 17.07 1.48 587.039
car -1 -1 0.00 0.00 0.00 100.00 100.00 -1000 1.58 3.48 4.50 -1000 47.26 1.53 582.536
car -1 -1 0.00 0.00 0.00 100.00 100.00 -1000 1.51 3.57 15.09 -1000 17.41 -0.27 582.009
car -1 -1 0.00 0.00 0.00 100.00 100.00 -1000 1.70 3.90 -13.93 -1000 24.16 1.44 579.514
car -1 -1 0.00 0.00 0.00 100.00 100.00 -1000 1.56 3.35 -7.70 -1000 46.65 -0.06 560.900
car -1 -1 0.00 0.00 0.00 100.00 100.00 -1000 1.76 5.35 -13.59 -1000 26.03 1.48 559.656
car -1 -1 0.00 0.00 0.00 100.00 100.00 -1000 2.02 5.55 15.62 -1000 24.91 1.66 550.950
car -1 -1 0.00 0.00 0.00 100.00 100.00 -1000 1.32 2.62 -14.92 -1000 32.37 1.61 549.897
car -1 -1 0.00 0.00 0.00 100.00 100.00 -1000 1.82 4.69 4.77 -1000 27.93 1.54 549.530
car -1 -1 0.00 0.00 0.00 100.00 100.00 -1000 1.55 3.48 18.88 -1000 41.55 -0.82 549.279
car -1 -1 0.00 0.00 0.00 100.00 100.00 -1000 1.69 3.24 -11.77 -1000 45.15 1.76 548.877
car -1 -1 0.00 0.00 0.00 100.00 100.00 -1000 1.64 3.84 18.82 -1000 42.55 -0.64 547.792
car -1 -1 0.00 0.00 0.00 100.00 100.00 -1000 1.78 3.71 0.77 -1000 22.58 1.67 543.489
car -1 -1 0.00 0.00 0.00 100.00 100.00 -1000 1.75 4.72 -13.74 -1000 22.15 1.41 536.975
car -1 -1 0.00 0.00 0.00 100.00 100.00 -1000 1.77 5.19 2.97 -1000 9.08 1.54 536.033
car -1 -1 0.00 0.00 0.00 100.00 100.00 -1000 1.59 3.65 -7.07 -1000 47.71 1.62 529.816
car -1 -1 0.00 0.00 0.00 100.00 100.00 -1000 1.72 4.52 4.36 -1000 24.23 1.56 527.236
car -1 -1 0.00 0.00 0.00 100.00 100.00 -1000 1.94 4.69 -7.17 -1000 11.51 1.49 523.429
car -1 -1 0.00 0.00 0.00 100.00 100.00 -1000 1.59 3.89 -0.24 -1000 24.26 1.66 500.628
car -1 -1 0.00 0.00 0.00 100.00 100.00 -1000 1.72 4.13 -11.73 -1000 43.97 1.78 500.379
car -1 -1 0.00 0.00 0.00 100.00 100.00 -1000 1.66 4.37 -5.77 -1000 43.07 1.57 497.414
car -1 -1 0.00 0.00 0.00 100.00 100.00 -1000 1.76 3.86 -13.49 -1000 34.05 1.61 494.911
car -1 -1 0.00 0.00 0.00 100.00 100.00 -1000 1.41 3.40 -12.57 -1000 39.56 1.66 491.299
car -1 -1 0.00 0.00 0.00 100.00 100.00 -1000 1.57 2.98 -18.96 -1000 32.95 -0.06 487.760
car -1 -1 0.00 0.00 0.00 100.00 100.00 -1000 1.81 4.39 -15.98 -1000 19.01 1.56 485.009
car -1 -1 0.00 0.00 0.00 100.00 100.00 -1000 1.43 3.56 -5.88 -1000 9.04 1.51 480.666
car -1 -1 0.00 0.00 0.00 100.00 100.00 -1000 1.95 5.79 -13.47 -1000 27.82 1.54 478.885
car -1 -1 0.00 0.00 0.00 100.00 100.00 -1000 1.76 4.63 17.98 -1000 31.80 1.58 477.538
car -1 -1 0.00 0.00 0.00 100.00 100.00 -1000 1.30 2.93 -11.49 -1000 45.99 1.66 476.232
car -1 -1 0.00 0.00 0.00 100.00 100.00 -1000 1.64 3.59 -8.29 -1000 40.91 1.59 472.734
car -1 -1 0.00 0.00 0.00 100.00 100.00 -1000 1.65 3.85 14.12 -1000 41.32 1.62 472.505
car -1 -1 0.00 0.00 0.00 100.00 100.00 -1000 1.75 5.05 -13.72 -1000 26.93 1.44 463.110
car -1 -1 0.00 0.00 0.00 100.00 100.00 -1000 1.41 2.76 -18.37 -1000 32.24 1.57 460.482
car -1 -1 0.00 0.00 0.00 100.00 100.00 -1000 1.53 3.60 2.25 -1000 23.18 -0.26 458.626
car -1 -1 0.00 0.00 0.00 100.00 100.00 -1000 1.92 4.83 13.46 -1000 44.34 1.55 457.141
car -1 -1 0.00 0.00 0.00 100.00 100.00 -1000 1.59 3.31 17.29 -1000 38.77 1.57 455.885
car -1 -1 0.00 0.00 0.00 100.00 100.00 -1000 1.89 5.09 16.34 -1000 34.53 1.71 454.471
car -1 -1 0.00 0.00 0.00 100.00 100.00 -1000 1.54 3.45 -13.92 -1000 31.87 1.62 443.253
car -1 -1 0.00 0.00 0.00 100.00 100.00 -1000 1.67 3.78 11.57 -1000 41.26 1.55 441.986
car -1 -1 0.00 0.00 0.00 100.00 100.00 -1000 1.72 3.97 5.31 -1000 45.24 1.49 438.985
car -1 -1 0.00 0.00 0.00 100.00 100.00 -1000 1.84 4.67 -11.55 -1000 46.65 1.52 434.209
car -1 -1 0.00 0.00 0.00 100.00 100.00 -1000 1.96 3.86 -3.79 -1000 7.86 1.48 420.690
car -1 -1 0.00 0.00 0.00 100.00 100.00 -1000 2.01 5.65 -3.65 -1000 14.14 1.38 419.337
car -1 -1 0.00 0.00 0.00 100.00 100.00 -1000 1.82 4.18 -12.41 -1000 41.35 1.52 418.471
car -1 -1 0.00 0.00 0.00 100.00 100.00 -1000 1.95 5.09 -14.06 -1000 23.39 1.48 417.717
car -1 -1 0.00 0.00 0.00 100.00 100.00 -1000 1.59 4.13 -12.34 -1000 19.00 1.64 415.313
car -1 -1 0.00 0.00 0.00 100.00 100.00 -1000 2.32 5.58 -14.02 -1000 28.77 1.72 413.726
car -1 -1 0.00 0.00 0.00 100.00 100.00 -1000 1.73 4.68 -3.58 -1000 43.08 1.55 412.448
car -1 -1 0.00 0.00 0.00 100.00 100.00 -1000 1.70 4.13 -14.29 -1000 31.03 1.51 407.650
car -1 -1 0.00 0.00 0.00 100.00 100.00 -1000 2.07 5.50 14.76 -1000 32.19 1.36 407.174
car -1 -1 0.00 0.00 0.00 100.00 100.00 -1000 1.65 3.85 3.97 -1000 7.30 1.62 400.385
car -1 -1 0.00 0.00 0.00 100.00 100.00 -1000 1.71 3.80 -1.04 -1000 40.43 1.42 397.934
car -1 -1 0.00 0.00 0.00 100.00 100.00 -1000 1.76 4.11 17.37 -1000 18.27 1.60 389.207
car -1 -1 0.00 0.00 0.00 100.00 100.00 -1000 1.84 4.19 5.23 -1000 25.07 1.58 386.561
car -1 -1 0.00 0.00 0.00 100.00 100.00 -1000 1.28 3.41 -6.22 -1000 7.97 1.50 383.691
car -1 -1 0.00 0.00 0.00 100.00 100.00 -1000 1.77 4.79 14.04 -1000 20.19 1.52 381.334
car -1 -1 0.00 0.00 0.00 100.00 100.00 -1000 1.76 4.51 4.93 -1000 26.21 1.58 378.568
car -1 -1 0.00 0.00 0.00 100.00 100.00 -1000 1.68 3.75 14.30 -1000 40.48 1.56 374.962
car -1 -1 0.00 0.00 0.00 100.00 100.00 -1000 1.78 4.27 18.07 -1000 33.10 1.65 374.897
car -1 -1 0.00 0.00 0.00 100.00 100.00 -1000 1.60 3.98 -12.25 -1000 17.81 1.65 373.102
car -1 -1 0.00 0.00 0.00 100.00 100.00 -1000 1.70 4.46 3.80 -1000 45.67 1.57 372.842
car -1 -1 0.00 0.00 0.00 100.00 100.00 -1000 1.61 3.92 0.01 -1000 42.00 1.63 368.107
car -1 -1 0.00 0.00 0.00 100.00 100.00 -1000 1.74 4.46 4.76 -1000 8.10 1.57 364.249
car -1 -1 0.00 0.00 0.00 100.00 100.00 -1000 2.04 5.20 -11.34 -1000 42.23 1.73 362.321
car -1 -1 0.00 0.00 0.00 100.00 100.00 -1000 1.82 4.93 -18.15 -1000 34.22 1.59 360.992
car -1 -1 0.00 0.00 0.00 100.00 100.00 -1000 2.27 5.58 -13.11 -1000 37.59 1.58 358.524
car -1 -1 0.00 0.00 0.00 100.00 100.00 -1000 1.64 3.28 -12.93 -1000 38.68 1.69 356.186
car -1 -1 0.00 0.00 0.00 100.00 100.00 -1000 1.63 4.25 -16.83 -1000 31.51 1.32 355.788
car -1 -1 0.00 0.00 0.00 100.00 100.00 -1000 1.86 4.94 18.52 -1000 28.94 1.66 352.026
car -1 -1 0.00 0.00 0.00 100.00 100.00 -1000 1.91 4.83 5.69 -1000 9.72 1.53 350.145
car -1 -1 0.00 0.00 0.00 100.00 100.00 -1000 1.85 5.23 5.87 -1000 10.91 1.56 346.811
car -1 -1 0.00 0.00 0.00 100.00 100.00 -1000 1.98 5.52 -4.64 -1000 14.91 1.57 345.791
car -1 -1 0.00 0.00 0.00 100.00 100.00 -1000 1.73 3.84 -12.55 -1000 16.24 1.54 345.647
car -1 -1 0.00 0.00 0.00 100.00 100.00 -1000 1.68 4.52 -9.10 -1000 14.90 1.55 344.569
car -1 -1 0.00 0.00 0.00 100.00 100.00 -1000 2.15 5.34 16.03 -1000 35.75 1.70 343.615
car -1 -1 0.00 0.00 0.00 100.00 100.00 -1000 1.45 2.90 17.63 -1000 31.13 -0.35 332.078
car -1 -1 0.00 0.00 0.00 100.00 100.00 -1000 1.80 4.06 -2.67 -1000 40.40 1.53 332.011
car -1 -1 0.00 0.00 0.00 100.00 100.00 -1000 1.75 4.39 -8.20 -1000 45.07 1.42 330.006
car -1 -1 0.00 0.00 0.00 100.00 100.00 -1000 1.68 4.34 -5.89 -1000 41.66 1.59 329.179
car -1 -1 0.00 0.00 0.00 100.00 100.00 -1000 2.13 5.33 13.85 -1000 29.72 1.57 325.814
car -1 -1 0.00 0.00 0.00 100.00 100.00 -1000 1.87 4.59 6.65 -1000 8.92 1.58 322.229
car -1 -1 0.00 0.00 0.00 100.00 100.00 -1000 1.82 4.76 7.02 -1000 7.73 1.58 320.253
car -1 -1 0.00 0.00 0.00 100.00 100.00 -1000 1.93 6.13 1.36 -1000 9.80 1.47 319.883
car -1 -1 0.00 0.00 0.00 100.00 100.00 -1000 1.73 4.76 17.62 -1000 33.89 1.65 318.374
car -1 -1 0.00 0.00 0.00 100.00 100.00 -1000 2.09 5.65 -15.32 -1000 20.59 1.57 317.050
car -1 -1 0.00 0.00 0.00 100.00 100.00 -1000 1.59 3.54 -9.57 -1000 45.64 1.56 315.100
car -1 -1 0.00 0.00 0.00 100.00 100.00 -1000 1.73 4.38 -12.93 -1000 36.58 1.56 314.110
car -1 -1 0.00 0.00 0.00 100.00 100.00 -1000 1.61 4.07 18.61 -1000 20.64 1.63 313.219
car -1 -1 0.00 0.00 0.00 100.00 100.00 -1000 1.76 4.17 18.26 -1000 19.03 1.56 312.856
car -1 -1 0.00 0.00 0.00 100.00 100.00 -1000 1.64 4.98 14.49 -1000 28.48 1.63 312.167
car -1 -1 0.00 0.00 0.00 100.00 100.00 -1000 1.64 3.45 -13.75 -1000 15.47 1.50 312.002
car -1 -1 0.00 0.00 0.00 100.00 100.00 -1000 1.88 5.38 -15.62 -1000 34.27 1.59 309.916
car -1 -1 0.00 0.00 0.00 100.00 100.00 -1000 1.77 4.58 -10.10 -1000 39.63 1.49 309.071
car -1 -1 0.00 0.00 0.00 100.00 100.00 -1000 1.76 4.08 -4.76 -1000 42.50 1.59 308.812
car -1 -1 0.00 0.00 0.00 100.00 100.00 -1000 1.69 4.26 15.52 -1000 42.00 -0.05 306.778
car -1 -1 0.00 0.00 0.00 100.00 100.00 -1000 1.79 4.40 -4.17 -1000 41.16 1.60 305.709
car -1 -1 0.00 0.00 0.00 100.00 100.00 -1000 2.20 5.56 -0.31 -1000 25.39 1.56 301.032
car -1 -1 0.00 0.00 0.00 100.00 100.00 -1000 1.59 4.99 -11.34 -1000 47.62 1.56 300.588
car -1 -1 0.00 0.00 0.00 100.00 100.00 -1000 2.10 6.25 -8.52 -1000 16.52 1.58 296.952
car -1 -1 0.00 0.00 0.00 100.00 100.00 -1000 1.61 3.68 18.78 -1000 39.56 -0.30 295.224
car -1 -1 0.00 0.00 0.00 100.00 100.00 -1000 2.61 7.32 15.63 -1000 46.68 1.62 294.390
car -1 -1 0.00 0.00 0.00 100.00 100.00 -1000 1.75 5.11 15.42 -1000 27.02 1.43 294.221
car -1 -1 0.00 0.00 0.00 100.00 100.00 -1000 1.74 3.90 18.77 -1000 30.60 1.54 291.055
car -1 -1 0.00 0.00 0.00 100.00 100.00 -1000 1.57 3.23 -0.19 -1000 47.67 -0.08 290.862
car -1 -1 0.00 0.00 0.00 100.00 100.00 -1000 1.97 6.13 3.70 -1000 9.89 1.41 281.894
car -1 -1 0.00 0.00 0.00 100.00 100.00 -1000 2.23 5.78 14.71 -1000 45.12 1.41 280.043
car -1 -1 0.00 0.00 0.00 100.00 100.00 -1000 1.73 4.15 -13.56 -1000 35.91 1.47 279.663
car -1 -1 0.00 0.00 0.00 100.00 100.00 -1000 1.79 4.36 -8.04 -1000 42.72 1.56 274.718
car -1 -1 0.00 0.00 0.00 100.00 100.00 -1000 1.82 4.33 4.23 -1000 23.01 1.62 274.639
car -1 -1 0.00 0.00 0.00 100.00 100.00 -1000 2.74 7.73 4.72 -1000 28.07 1.72 274.396
car -1 -1 0.00 0.00 0.00 100.00 100.00 -1000 1.65 4.22 3.04 -1000 46.48 1.60 273.571
car -1 -1 0.00 0.00 0.00 100.00 100.00 -1000 1.71 4.87 19.38 -1000 32.63 1.49 269.388
car -1 -1 0.00 0.00 0.00 100.00 100.00 -1000 1.65 4.05 5.48 -1000 6.92 1.49 269.110
car -1 -1 0.00 0.00 0.00 100.00 100.00 -1000 1.45 3.55 -11.64 -1000 40.02 1.74 268.837
car -1 -1 0.00 0.00 0.00 100.00 100.00 -1000 1.77 4.27 -6.46 -1000 45.62 1.45 265.750
car -1 -1 0.00 0.00 0.00 100.00 100.00 -1000 1.75 4.47 16.44 -1000 17.05 1.56 263.641
car -1 -1 0.00 0.00 0.00 100.00 100.00 -1000 1.82 4.61 -8.10 -1000 39.47 1.51 263.531
car -1 -1 0.00 0.00 0.00 100.00 100.00 -1000 2.16 6.46 14.25 -1000 25.74 1.61 262.828
car -1 -1 0.00 0.00 0.00 100.00 100.00 -1000 1.83 4.25 -7.07 -1000 40.40 1.50 262.423
car -1 -1 0.00 0.00 0.00 100.00 100.00 -1000 1.84 4.73 17.34 -1000 23.45 1.68 260.260
car -1 -1 0.00 0.00 0.00 100.00 100.00 -1000 2.11 5.76 1.83 -1000 21.87 1.46 258.745
car -1 -1 0.00 0.00 0.00 100.00 100.00 -1000 2.05 6.08 14.22 -1000 22.12 1.41 251.237
car -1 -1 0.00 0.00 0.00 100.00 100.00 -1000 1.71 4.06 18.59 -1000 43.66 -0.60 249.651
car -1 -1 0.00 0.00 0.00 100.00 100.00 -1000 2.15 4.98 14.77 -1000 30.91 1.67 246.127
car -1 -1 0.00 0.00 0.00 100.00 100.00 -1000 1.71 4.29 13.07 -1000 19.32 1.49 245.561
car -1 -1 0.00 0.00 0.00 100.00 100.00 -1000 1.94 5.95 17.91 -1000 24.50 1.60 244.743
car -1 -1 0.00 0.00 0.00 100.00 100.00 -1000 1.68 4.51 -10.46 -1000 18.96 1.61 242.241
car -1 -1 0.00 0.00 0.00 100.00 100.00 -1000 1.87 5.29 -4.42 -1000 16.07 1.66 241.728
car -1 -1 0.00 0.00 0.00 100.00 100.00 -1000 2.18 6.00 14.72 -1000 33.84 1.49 239.565
car -1 -1 0.00 0.00 0.00 100.00 100.00 -1000 1.99 4.98 18.25 -1000 25.73 1.71 236.090
car -1 -1 0.00 0.00 0.00 100.00 100.00 -1000 1.70 4.47 19.43 -1000 31.46 1.70 233.952
car -1 -1 0.00 0.00 0.00 100.00 100.00 -1000 2.30 6.19 -10.01 -1000 44.83 1.56 233.024
car -1 -1 0.00 0.00 0.00 100.00 100.00 -1000 2.68 9.83 3.07 -1000 26.84 1.50 232.003
car -1 -1 0.00 0.00 0.00 100.00 100.00 -1000 1.67 4.17 7.05 -1000 45.66 1.57 231.470
car -1 -1 0.00 0.00 0.00 100.00 100.00 -1000 1.66 4.12 -6.24 -1000 46.44 1.60 230.475
car -1 -1 0.00 0.00 0.00 100.00 100.00 -1000 1.80 4.64 6.56 -1000 27.09 1.64 224.267
car -1 -1 0.00 0.00 0.00 100.00 100.00 -1000 1.57 4.53 -9.91 -1000 16.06 1.57 222.071
car -1 -1 0.00 0.00 0.00 100.00 100.00 -1000 1.61 3.57 -12.87 -1000 40.33 1.39 221.902
car -1 -1 0.00 0.00 0.00 100.00 100.00 -1000 1.73 4.86 -2.98 -1000 41.65 1.59 218.886
car -1 -1 0.00 0.00 0.00 100.00 100.00 -1000 1.73 4.36 -10.45 -1000 20.22 1.62 218.360
car -1 -1 0.00 0.00 0.00 100.00 100.00 -1000 1.96 4.45 -15.65 -1000 30.67 1.20 216.577
car -1 -1 0.00 0.00 0.00 100.00 100.00 -1000 1.71 4.42 12.19 -1000 40.46 1.62 215.943
car -1 -1 0.00 0.00 0.00 100.00 100.00 -1000 1.82 5.16 -9.45 -1000 17.34 1.61 211.553
car -1 -1 0.00 0.00 0.00 100.00 100.00 -1000 1.60 4.00 19.33 -1000 19.84 1.61 211.353
car -1 -1 0.00 0.00 0.00 100.00 100.00 -1000 2.01 5.45 12.22 -1000 36.75 1.58 211.352
car -1 -1 0.00 0.00 0.00 100.00 100.00 -1000 1.84 4.70 -0.24 -1000 46.40 1.43 209.976
car -1 -1 0.00 0.00 0.00 100.00 100.00 -1000 1.90 4.52 -5.13 -1000 40.37 1.58 209.605
car -1 -1 0.00 0.00 0.00 100.00 100.00 -1000 1.96 5.84 -10.99 -1000 43.15 1.56 209.031
car -1 -1 0.00 0.00 0.00 100.00 100.00 -1000 1.80 4.69 -1.45 -1000 23.82 1.67 207.323
car -1 -1 0.00 0.00 0.00 100.00 100.00 -1000 1.96 5.92 14.79 -1000 16.68 1.53 205.974
car -1 -1 0.00 0.00 0.00 100.00 100.00 -1000 2.19 6.00 -7.17 -1000 10.66 1.45 205.464
car -1 -1 0.00 0.00 0.00 100.00 100.00 -1000 1.91 5.20 -6.36 -1000 43.85 1.50 204.833
car -1 -1 0.00 0.00 0.00 100.00 100.00 -1000 1.43 3.99 -8.99 -1000 12.57 1.44 203.636
car -1 -1 0.00 0.00 0.00 100.00 100.00 -1000 1.72 4.00 18.49 -1000 17.80 1.62 202.487
car -1 -1 0.00 0.00 0.00 100.00 100.00 -1000 2.02 4.98 5.80 -1000 12.19 1.62 198.344
car -1 -1 0.00 0.00 0.00 100.00 100.00 -1000 1.76 5.24 8.34 -1000 46.80 1.60 196.674
car -1 -1 0.00 0.00 0.00 100.00 100.00 -1000 1.46 4.13 2.48 -1000 6.59 1.69 195.880
car -1 -1 0.00 0.00 0.00 100.00 100.00 -1000 1.86 4.52 -8.90 -1000 37.67 1.58 195.384
car -1 -1 0.00 0.00 0.00 100.00 100.00 -1000 1.82 4.78 5.43 -1000 23.47 1.61 195.347
car -1 -1 0.00 0.00 0.00 100.00 100.00 -1000 1.96 5.21 12.89 -1000 30.66 1.46 193.887
car -1 -1 0.00 0.00 0.00 100.00 100.00 -1000 1.66 3.90 0.40 -1000 41.26 1.58 193.727
car -1 -1 0.00 0.00 0.00 100.00 100.00 -1000 1.65 4.90 -12.03 -1000 25.42 1.55 193.258
car -1 -1 0.00 0.00 0.00 100.00 100.00 -1000 2.92 11.71 -3.54 -1000 12.18 1.22 192.421
car -1 -1 0.00 0.00 0.00 100.00 100.00 -1000 2.14 4.64 17.27 -1000 37.39 1.69 190.775
car -1 -1 0.00 0.00 0.00 100.00 100.00 -1000 2.54 6.90 13.55 -1000 32.95 1.60 189.368
car -1 -1 0.00 0.00 0.00 100.00 100.00 -1000 1.70 4.18 7.08 -1000 6.56 1.60 188.665
car -1 -1 0.00 0.00 0.00 100.00 100.00 -1000 1.82 5.19 4.02 -1000 11.67 1.52 186.637
car -1 -1 0.00 0.00 0.00 100.00 100.00 -1000 1.41 2.96 -19.78 -1000 32.17 1.48 184.869
car -1 -1 0.00 0.00 0.00 100.00 100.00 -1000 1.86 4.48 18.04 -1000 34.78 1.61 183.879
car -1 -1 0.00 0.00 0.00 100.00 100.00 -1000 2.12 5.42 -12.50 -1000 29.27 1.69 181.794
car -1 -1 0.00 0.00 0.00 100.00 100.00 -1000 1.61 3.99 -1.30 -1000 22.66 1.64 180.040
car -1 -1 0.00 0.00 0.00 100.00 100.00 -1000 1.71 4.48 -10.95 -1000 16.93 1.53 179.810
car -1 -1 0.00 0.00 0.00 100.00 100.00 -1000 1.97 4.75 6.41 -1000 25.84 1.62 179.405
car -1 -1 0.00 0.00 0.00 100.00 100.00 -1000 1.73 4.67 19.47 -1000 29.84 1.67 178.784
car -1 -1 0.00 0.00 0.00 100.00 100.00 -1000 1.71 4.29 1.27 -1000 46.11 1.61 178.713
car -1 -1 0.00 0.00 0.00 100.00 100.00 -1000 1.64 4.57 -10.91 -1000 18.18 1.56 177.972
car -1 -1 0.00 0.00 0.00 100.00 100.00 -1000 1.66 4.43 19.32 -1000 21.40 1.61 177.514
