car -1 -1 0.00 0.00 0.00 100.00 100.00 -1000 1.41 3.01 -5.25 -1000 15.45 1.49 993.902
car -1 -1 0.00 0.00 0.00 100.00 100.00 -1000 1.48 3.25 -11.17 -1000 22.50 -0.07 987.531
car -1 -1 0.00 0.00 0.00 100.00 100.00 -1000 1.53 3.75 3.64 -1000 11.78 -0.21 987.483
car -1 -1 0.00 0.00 0.00 100.00 100.00 -1000 1.51 3.07 3.82 -1000 12.54 1.58 987.432
car -1 -1 0.00 0.00 0.00 100.00 100.00 -1000 1.43 2.91 -11.27 -1000 23.47 1.54 987.274
car -1 -1 0.00 0.00 0.00 100.00 100.00 -1000 1.43 3.25 9.00 -1000 13.40 1.53 986.728
car -1 -1 0.00 0.00 0.00 100.00 100.00 -1000 1.55 3.14 4.92 -1000 23.86 1.57 986.523
car -1 -1 0.00 0.00 0.00 100.00 100.00 -1000 1.57 3.42 2.30 -1000 21.89 -0.27 985.433
car -1 -1 0.00 0.00 0.00 100.00 100.00 -1000 1.52 3.14 3.22 -1000 23.04 1.59 984.556
car -1 -1 0.00 0.00 0.00 100.00 100.00 -1000 1.48 3.12 4.16 -1000 23.40 1.55 983.672
car -1 -1 0.00 0.00 0.00 100.00 100.00 -1000 1.53 3.51 -4.90 -1000 14.48 -0.14 983.499
car -1 -1 0.00 0.00 0.00 100.00 100.00 -1000 1.53 3.75 6.84 -1000 14.46 1.43 983.037
car -1 -1 0.00 0.00 0.00 100.00 100.00 -1000 1.48 3.30 7.76 -1000 14.01 1.51 979.672
car -1 -1 0.00 0.00 0.00 100.00 100.00 -1000 1.64 3.51 -3.63 -1000 35.31 1.57 978.778
car -1 -1 0.00 0.00 0.00 100.00 100.00 -1000 1.61 3.51 8.49 -1000 12.51 -0.14 977.631
car -1 -1 0.00 0.00 0.00 100.00 100.00 -1000 1.48 3.11 -2.72 -1000 34.59 1.58 977.463
car -1 -1 0.00 0.00 0.00 100.00 100.00 -1000 1.56 3.64 -2.36 -1000 33.53 -0.14 973.434
car -1 -1 0.00 0.00 0.00 100.00 100.00 -1000 1.51 3.10 -3.68 -1000 32.58 1.57 970.973
car -1 -1 0.00 0.00 0.00 100.00 100.00 -1000 2.00 4.35 6.89 -1000 13.08 -0.27 969.798
car -1 -1 0.00 0.00 0.00 100.00 100.00 -1000 1.76 4.68 4.79 -1000 24.43 1.44 969.725
car -1 -1 0.00 0.00 0.00 100.00 100.00 -1000 1.53 3.46 4.06 -1000 22.56 -0.22 968.458
car -1 -1 0.00 0.00 0.00 100.00 100.00 -1000 1.56 3.42 -4.07 -1000 31.78 -0.13 968.280
car -1 -1 0.00 0.00 0.00 100.00 100.00 -1000 1.73 4.51 9.39 -1000 14.38 1.55 964.808
car -1 -1 0.00 0.00 0.00 100.00 100.00 -1000 1.52 3.13 -1.44 -1000 34.34 1.60 958.647
car -1 -1 0.00 0.00 0.00 100.00 100.00 -1000 1.81 4.52 -5.29 -1000 16.31 1.54 953.115
car -1 -1 0.00 0.00 0.00 100.00 100.00 -1000 1.46 3.20 -4.24 -1000 15.08 1.66 951.317
car -1 -1 0.00 0.00 0.00 100.00 100.00 -1000 1.64 4.43 9.87 -1000 22.59 1.37 950.273
car -1 -1 0.00 0.00 0.00 100.00 100.00 -1000 1.50 3.13 -10.24 -1000 23.14 1.66 950.092
car -1 -1 0.00 0.00 0.00 100.00 100.00 -1000 1.46 3.17 -10.82 -1000 14.49 1.52 938.375
car -1 -1 0.00 0.00 0.00 100.00 100.00 -1000 1.69 3.96 -4.06 -1000 15.95 1.53 938.156
car -1 -1 0.00 0.00 0.00 100.00 100.00 -1000 1.47 3.23 10.29 -1000 33.39 1.54 935.398
car -1 -1 0.00 0.00 0.00 100.00 100.00 -1000 1.63 3.86 -10.47 -1000 16.75 1.55 935.196
car -1 -1 0.00 0.00 0.00 100.00 100.00 -1000 1.53 3.22 -4.84 -1000 32.99 1.49 926.866
car -1 -1 0.00 0.00 0.00 100.00 100.00 -1000 1.68 4.63 -3.71 -1000 18.11 1.54 926.379
car -1 -1 0.00 0.00 0.00 100.00 100.00 -1000 1.56 3.87 3.57 -1000 15.88 -0.38 924.499
car -1 -1 0.00 0.00 0.00 100.00 100.00 -1000 1.54 3.56 10.23 -1000 32.29 -0.21 916.352
car -1 -1 0.00 0.00 0.00 100.00 100.00 -1000 1.52 3.61 -4.42 -1000 34.74 1.52 915.449
car -1 -1 0.00 0.00 0.00 100.00 100.00 -1000 1.58 3.72 6.67 -1000 15.90 1.57 911.116
car -1 -1 0.00 0.00 0.00 100.00 100.00 -1000 1.44 3.02 -3.23 -1000 22.53 1.61 906.151
car -1 -1 0.00 0.00 0.00 100.00 100.00 -1000 1.82 4.65 -3.59 -1000 35.99 1.52 900.729
car -1 -1 0.00 0.00 0.00 100.00 100.00 -1000 1.96 5.09 4.70 -1000 25.64 1.62 900.246
car -1 -1 0.00 0.00 0.00 100.00 100.00 -1000 1.78 5.45 -3.83 -1000 17.31 1.60 898.318
car -1 -1 0.00 0.00 0.00 100.00 100.00 -1000 1.49 3.18 -5.40 -1000 32.31 1.49 897.073
car -1 -1 0.00 0.00 0.00 100.00 100.00 -1000 1.54 3.35 -3.60 -1000 33.91 1.61 896.428
car -1 -1 0.00 0.00 0.00 100.00 100.00 -1000 1.64 3.76 9.95 -1000 26.51 1.53 893.408
car -1 -1 0.00 0.00 0.00 100.00 100.00 -1000 1.43 2.73 -2.94 -1000 32.03 1.63 890.789
car -1 -1 0.00 0.00 0.00 100.00 100.00 -1000 1.77 4.51 6.07 -1000 13.70 1.52 890.247
car -1 -1 0.00 0.00 0.00 100.00 100.00 -1000 1.35 2.89 4.96 -1000 30.68 1.56 886.353
car -1 -1 0.00 0.00 0.00 100.00 100.00 -1000 1.55 3.31 4.03 -1000 16.56 1.57 885.345
car -1 -1 0.00 0.00 0.00 100.00 100.00 -1000 1.63 3.86 -10.27 -1000 23.94 1.51 884.984
car -1 -1 0.00 0.00 0.00 100.00 100.00 -1000 1.39 3.12 -14.94 -1000 34.19 1.55 883.410
car -1 -1 0.00 0.00 0.00 100.00 100.00 -1000 1.68 3.67 9.66 -1000 24.07 1.42 881.149
car -1 -1 0.00 0.00 0.00 100.00 100.00 -1000 1.61 3.70 -10.72 -1000 15.65 1.55 881.113
car -1 -1 0.00 0.00 0.00 100.00 100.00 -1000 1.88 5.31 4.70 -1000 26.83 1.49 877.256
car -1 -1 0.00 0.00 0.00 100.00 100.00 -1000 1.38 3.25 -12.19 -1000 23.85 1.46 876.481
car -1 -1 0.00 0.00 0.00 100.00 100.00 -1000 1.63 3.56 -3.49 -1000 18.85 1.54 875.578
car -1 -1 0.00 0.00 0.00 100.00 100.00 -1000 1.47 3.39 5.51 -1000 13.06 1.53 875.018
car -1 -1 0.00 0.00 0.00 100.00 100.00 -1000 1.55 3.21 -3.49 -1000 31.18 -0.21 874.329
car -1 -1 0.00 0.00 0.00 100.00 100.00 -1000 1.95 4.79 9.03 -1000 15.27 1.55 868.392
car -1 -1 0.00 0.00 0.00 100.00 100.00 -1000 1.72 4.98 9.54 -1000 17.43 1.51 864.071
car -1 -1 0.00 0.00 0.00 100.00 100.00 -1000 2.06 4.95 3.71 -1000 13.32 1.57 862.681
car -1 -1 0.00 0.00 0.00 100.00 100.00 -1000 1.69 4.04 -0.41 -1000 34.89 1.58 859.364
car -1 -1 0.00 0.00 0.00 100.00 100.00 -1000 1.54 3.40 11.20 -1000 25.77 1.60 856.566
car -1 -1 0.00 0.00 0.00 100.00 100.00 -1000 1.35 2.60 -12.02 -1000 28.40 -0.05 855.961
car -1 -1 0.00 0.00 0.00 100.00 100.00 -1000 1.42 3.05 -16.40 -1000 34.26 1.53 852.244
car -1 -1 0.00 0.00 0.00 100.00 100.00 -1000 1.64 4.12 9.84 -1000 25.05 1.51 847.261
car -1 -1 0.00 0.00 0.00 100.00 100.00 -1000 1.60 3.20 -3.47 -1000 21.77 -0.23 847.219
car -1 -1 0.00 0.00 0.00 100.00 100.00 -1000 1.95 4.76 10.24 -1000 34.07 1.64 844.147
car -1 -1 0.00 0.00 0.00 100.00 100.00 -1000 1.45 3.29 -5.47 -1000 31.17 1.47 833.237
car -1 -1 0.00 0.00 0.00 100.00 100.00 -1000 1.65 4.59 -10.37 -1000 17.53 1.55 831.526
car -1 -1 0.00 0.00 0.00 100.00 100.00 -1000 1.32 2.72 5.27 -1000 29.89 -0.05 825.261
car -1 -1 0.00 0.00 0.00 100.00 100.00 -1000 1.39 3.39 -12.03 -1000 29.40 1.51 820.782
car -1 -1 0.00 0.00 0.00 100.00 100.00 -1000 1.82 4.85 -1.46 -1000 37.37 1.55 811.904
car -1 -1 0.00 0.00 0.00 100.00 100.00 -1000 1.55 3.30 12.32 -1000 25.16 1.64 810.381
car -1 -1 0.00 0.00 0.00 100.00 100.00 -1000 1.96 4.99 9.83 -1000 15.97 1.41 809.821
car -1 -1 0.00 0.00 0.00 100.00 100.00 -1000 1.56 3.28 5.10 -1000 22.89 1.75 799.802
car -1 -1 0.00 0.00 0.00 100.00 100.00 -1000 1.46 2.89 9.97 -1000 31.59 1.44 799.729
car -1 -1 0.00 0.00 0.00 100.00 100.00 -1000 1.32 2.52 -13.80 -1000 33.88 1.58 797.947
car -1 -1 0.00 0.00 0.00 100.00 100.00 -1000 1.43 3.13 -14.84 -1000 18.68 1.49 793.357
car -1 -1 0.00 0.00 0.00 100.00 100.00 -1000 1.66 4.24 3.08 -1000 8.93 1.59 791.209
car -1 -1 0.00 0.00 0.00 100.00 100.00 -1000 1.94 5.03 -2.40 -1000 36.60 1.39 784.997
car -1 -1 0.00 0.00 0.00 100.00 100.00 -1000 1.49 3.29 -12.36 -1000 22.74 1.51 781.521
car -1 -1 0.00 0.00 0.00 100.00 100.00 -1000 1.68 4.29 -4.48 -1000 39.40 1.59 774.988
car -1 -1 0.00 0.00 0.00 100.00 100.00 -1000 2.12 6.40 7.57 -1000 16.32 1.52 773.988
car -1 -1 0.00 0.00 0.00 100.00 100.00 -1000 1.50 3.36 -17.59 -1000 35.05 1.55 772.403
car -1 -1 0.00 0.00 0.00 100.00 100.00 -1000 1.46 2.92 8.08 -1000 11.81 1.49 760.006
car -1 -1 0.00 0.00 0.00 100.00 100.00 -1000 1.48 3.37 -17.96 -1000 33.89 1.70 756.194
car -1 -1 0.00 0.00 0.00 100.00 100.00 -1000 1.80 4.54 6.10 -1000 24.90 1.66 755.636
car -1 -1 0.00 0.00 0.00 100.00 100.00 -1000 1.41 2.96 -10.82 -1000 13.72 -0.07 754.325
car -1 -1 0.00 0.00 0.00 100.00 100.00 -1000 1.59 3.72 -5.58 -1000 13.91 1.56 750.614
car -1 -1 0.00 0.00 0.00 100.00 100.00 -1000 1.49 3.79 5.17 -1000 31.32 1.56 747.446
car -1 -1 0.00 0.00 0.00 100.00 100.00 -1000 1.62 3.76 12.74 -1000 26.01 1.60 744.768
car -1 -1 0.00 0.00 0.00 100.00 100.00 -1000 1.51 3.17 10.99 -1000 32.84 1.67 742.316
car -1 -1 0.00 0.00 0.00 100.00 100.00 -1000 1.63 4.22 -5.26 -1000 33.69 1.48 740.391
car -1 -1 0.00 0.00 0.00 100.00 100.00 -1000 1.43 3.22 -14.77 -1000 17.86 -0.28 738.425
car -1 -1 0.00 0.00 0.00 100.00 100.00 -1000 1.49 3.41 -6.32 -1000 15.03 1.46 738.107
car -1 -1 0.00 0.00 0.00 100.00 100.00 -1000 1.68 4.10 -0.93 -1000 38.19 1.50 737.764
car -1 -1 0.00 0.00 0.00 100.00 100.00 -1000 1.58 2.95 -14.73 -1000 33.22 -0.25 733.233
car -1 -1 0.00 0.00 0.00 100.00 100.00 -1000 1.92 4.84 0.86 -1000 35.27 1.55 721.946
car -1 -1 0.00 0.00 0.00 100.00 100.00 -1000 1.59 3.35 -3.51 -1000 14.58 1.66 716.011
car -1 -1 0.00 0.00 0.00 100.00 100.00 -1000 1.84 4.85 -10.35 -1000 18.45 1.57 709.953
car -1 -1 0.00 0.00 0.00 100.00 100.00 -1000 1.51 3.63 5.07 -1000 12.34 1.67 707.158
car -1 -1 0.00 0.00 0.00 100.00 100.00 -1000 1.56 3.66 9.57 -1000 12.13 -0.35 695.320
car -1 -1 0.00 0.00 0.00 100.00 100.00 -1000 2.33 6.94 5.40 -1000 14.85 1.46 692.603
car -1 -1 0.00 0.00 0.00 100.00 100.00 -1000 1.66 4.09 -18.85 -1000 33.39 1.66 691.432
car -1 -1 0.00 0.00 0.00 100.00 100.00 -1000 1.59 3.10 -15.84 -1000 33.47 -0.12 689.421
car -1 -1 0.00 0.00 0.00 100.00 100.00 -1000 1.72 3.74 3.43 -1000 9.69 1.70 685.457
car -1 -1 0.00 0.00 0.00 100.00 100.00 -1000 2.01 4.48 2.92 -1000 10.61 1.49 678.373
car -1 -1 0.00 0.00 0.00 100.00 100.00 -1000 1.55 3.41 2.26 -1000 12.93 1.57 673.639
car -1 -1 0.00 0.00 0.00 100.00 100.00 -1000 2.28 6.99 -11.62 -1000 24.76 1.51 668.730
car -1 -1 0.00 0.00 0.00 100.00 100.00 -1000 1.64 3.80 11.21 -1000 24.72 1.62 668.628
car -1 -1 0.00 0.00 0.00 100.00 100.00 -1000 1.44 2.93 -13.39 -1000 33.23 -0.26 664.718
car -1 -1 0.00 0.00 0.00 100.00 100.00 -1000 1.75 4.41 -13.84 -1000 34.58 1.62 659.826
car -1 -1 0.00 0.00 0.00 100.00 100.00 -1000 1.63 3.98 -4.04 -1000 20.96 1.59 658.371
car -1 -1 0.00 0.00 0.00 100.00 100.00 -1000 1.74 4.06 4.85 -1000 15.38 1.63 656.102
car -1 -1 0.00 0.00 0.00 100.00 100.00 -1000 1.68 3.81 -0.36 -1000 33.93 -0.30 654.505
car -1 -1 0.00 0.00 0.00 100.00 100.00 -1000 1.73 4.25 11.86 -1000 26.52 1.62 649.872
car -1 -1 0.00 0.00 0.00 100.00 100.00 -1000 1.65 3.41 -4.41 -1000 30.63 1.60 645.793
car -1 -1 0.00 0.00 0.00 100.00 100.00 -1000 1.60 3.78 3.10 -1000 8.06 1.66 643.432
car -1 -1 0.00 0.00 0.00 100.00 100.00 -1000 1.88 3.98 1.71 -1000 9.64 1.62 642.636
car -1 -1 0.00 0.00 0.00 100.00 100.00 -1000 2.02 5.41 11.18 -1000 16.47 1.53 637.485
car -1 -1 0.00 0.00 0.00 100.00 100.00 -1000 1.92 4.87 2.40 -1000 23.62 1.58 633.408
car -1 -1 0.00 0.00 0.00 100.00 100.00 -1000 1.71 4.50 -4.86 -1000 36.62 1.54 623.926
car -1 -1 0.00 0.00 0.00 100.00 100.00 -1000 1.61 4.21 -16.18 -1000 20.52 1.54 620.189
car -1 -1 0.00 0.00 0.00 100.00 100.00 -1000 2.04 5.53 10.78 -1000 35.11 1.41 617.336
car -1 -1 0.00 0.00 0.00 100.00 100.00 -1000 1.57 3.96 11.78 -1000 33.52 1.64 616.172
car -1 -1 0.00 0.00 0.00 100.00 100.00 -1000 1.90 4.97 9.24 -1000 25.76 1.50 614.601
car -1 -1 0.00 0.00 0.00 100.00 100.00 -1000 1.89 5.71 10.22 -1000 27.56 1.59 612.221
car -1 -1 0.00 0.00 0.00 100.00 100.00 -1000 1.88 5.94 6.12 -1000 32.57 1.54 611.808
car -1 -1 0.00 0.00 0.00 100.00 100.00 -1000 1.63 4.08 -3.57 -1000 38.82 1.71 609.278
car -1 -1 0.00 0.00 0.00 100.00 100.00 -1000 1.86 4.06 -5.70 -1000 35.18 1.61 604.148
car -1 -1 0.00 0.00 0.00 100.00 100.00 -1000 1.69 3.63 -10.38 -1000 21.93 -0.39 601.841
car -1 -1 0.00 0.00 0.00 100.00 100.00 -1000 1.65 3.13 -4.12 -1000 13.76 1.67 591.796
car -1 -1 0.00 0.00 0.00 100.00 100.00 -1000 1.81 5.12 5.69 -1000 16.80 1.60 589.450
car -1 -1 0.00 0.00 0.00 100.00 100.00 -1000 1.60 3.58 -12.83 -1000 28.86 1.58 589.169
car -1 -1 0.00 0.00 0.00 100.00 100.00 -1000 1.61 3.66 6.14 -1000 23.56 1.62 586.803
car -1 -1 0.00 0.00 0.00 100.00 100.00 -1000 1.93 6.11 -3.54 -1000 19.42 1.56 586.581
car -1 -1 0.00 0.00 0.00 100.00 100.00 -1000 1.76 4.72 9.39 -1000 18.43 1.55 580.380
car -1 -1 0.00 0.00 0.00 100.00 100.00 -1000 1.62 4.94 -2.32 -1000 23.11 1.68 578.876
car -1 -1 0.00 0.00 0.00 100.00 100.00 -1000 2.37 6.43 -4.81 -1000 37.35 1.77 578.068
car -1 -1 0.00 0.00 0.00 100.00 100.00 -1000 1.56 3.71 -15.83 -1000 19.31 1.60 574.250
car -1 -1 0.00 0.00 0.00 100.00 100.00 -1000 1.55 3.30 8.41 -1000 11.05 1.54 571.795
car -1 -1 0.00 0.00 0.00 100.00 100.00 -1000 1.65 4.53 0.26 -1000 38.84 1.57 564.585
car -1 -1 0.00 0.00 0.00 100.00 100.00 -1000 1.43 3.03 -11.25 -1000 13.06 1.46 561.799
car -1 -1 0.00 0.00 0.00 100.00 100.00 -1000 1.69 3.63 12.28 -1000 24.30 1.59 558.310
car -1 -1 0.00 0.00 0.00 100.00 100.00 -1000 2.75 8.04 4.66 -1000 13.86 1.41 555.763
car -1 -1 0.00 0.00 0.00 100.00 100.00 -1000 1.46 3.09 -18.72 -1000 34.81 1.60 552.042
car -1 -1 0.00 0.00 0.00 100.00 100.00 -1000 1.57 3.55 -3.02 -1000 15.44 1.65 551.709
car -1 -1 0.00 0.00 0.00 100.00 100.00 -1000 1.64 3.99 -12.13 -1000 22.01 1.57 548.934
car -1 -1 0.00 0.00 0.00 100.00 100.00 -1000 1.43 3.12 0.32 -1000 37.90 -0.28 544.979
car -1 -1 0.00 0.00 0.00 100.00 100.00 -1000 1.88 4.97 -9.26 -1000 16.18 1.59 544.297
car -1 -1 0.00 0.00 0.00 100.00 100.00 -1000 1.63 3.95 -1.74 -1000 31.70 1.74 537.251
car -1 -1 0.00 0.00 0.00 100.00 100.00 -1000 1.56 3.20 10.13 -1000 30.77 1.52 536.969
car -1 -1 0.00 0.00 0.00 100.00 100.00 -1000 1.86 4.87 -16.16 -1000 35.02 1.63 536.611
car -1 -1 0.00 0.00 0.00 100.00 100.00 -1000 1.75 3.69 1.77 -1000 20.95 1.55 536.497
car -1 -1 0.00 0.00 0.00 100.00 100.00 -1000 1.55 3.69 -12.03 -1000 27.84 -0.21 535.396
car -1 -1 0.00 0.00 0.00 100.00 100.00 -1000 1.90 5.12 10.76 -1000 14.93 1.57 533.685
car -1 -1 0.00 0.00 0.00 100.00 100.00 -1000 2.31 6.97 -1.54 -1000 35.84 1.57 533.114
car -1 -1 0.00 0.00 0.00 100.00 100.00 -1000 1.60 3.72 -9.01 -1000 23.51 1.65 525.686
car -1 -1 0.00 0.00 0.00 100.00 100.00 -1000 2.06 5.55 -1.26 -1000 41.63 1.72 525.582
car -1 -1 0.00 0.00 0.00 100.00 100.00 -1000 2.21 6.63 6.17 -1000 26.15 1.54 522.286
car -1 -1 0.00 0.00 0.00 100.00 100.00 -1000 1.41 3.27 4.87 -1000 21.96 -0.33 519.668
car -1 -1 0.00 0.00 0.00 100.00 100.00 -1000 1.91 5.32 0.56 -1000 9.00 1.72 508.756
car -1 -1 0.00 0.00 0.00 100.00 100.00 -1000 1.76 4.01 -0.99 -1000 33.27 1.66 502.651
car -1 -1 0.00 0.00 0.00 100.00 100.00 -1000 1.86 4.60 9.19 -1000 32.73 1.55 502.647
car -1 -1 0.00 0.00 0.00 100.00 100.00 -1000 1.59 4.23 0.75 -1000 34.45 1.63 501.546
car -1 -1 0.00 0.00 0.00 100.00 100.00 -1000 1.83 4.35 11.29 -1000 23.82 1.68 500.882
car -1 -1 0.00 0.00 0.00 100.00 100.00 -1000 1.70 4.12 10.84 -1000 13.79 1.61 500.840
car -1 -1 0.00 0.00 0.00 100.00 100.00 -1000 1.71 4.07 7.02 -1000 24.27 1.63 493.806
car -1 -1 0.00 0.00 0.00 100.00 100.00 -1000 1.78 4.75 -12.23 -1000 17.63 1.69 487.893
car -1 -1 0.00 0.00 0.00 100.00 100.00 -1000 1.81 4.31 4.16 -1000 20.91 1.62 485.697
car -1 -1 0.00 0.00 0.00 100.00 100.00 -1000 1.91 5.66 -5.26 -1000 18.41 1.60 482.606
car -1 -1 0.00 0.00 0.00 100.00 100.00 -1000 1.72 3.89 -16.39 -1000 18.62 1.47 481.637
car -1 -1 0.00 0.00 0.00 100.00 100.00 -1000 1.80 4.75 13.71 -1000 26.88 1.59 469.153
car -1 -1 0.00 0.00 0.00 100.00 100.00 -1000 1.45 3.51 -13.36 -1000 18.95 1.60 465.956
car -1 -1 0.00 0.00 0.00 100.00 100.00 -1000 1.59 4.06 -12.09 -1000 18.58 1.60 465.793
car -1 -1 0.00 0.00 0.00 100.00 100.00 -1000 2.17 6.21 -10.12 -1000 19.49 1.57 460.331
car -1 -1 0.00 0.00 0.00 100.00 100.00 -1000 2.00 5.55 -0.47 -1000 36.74 1.53 456.186
car -1 -1 0.00 0.00 0.00 100.00 100.00 -1000 1.56 4.28 2.03 -1000 12.19 1.53 455.585
car -1 -1 0.00 0.00 0.00 100.00 100.00 -1000 1.86 4.43 -14.84 -1000 31.88 1.54 449.083
car -1 -1 0.00 0.00 0.00 100.00 100.00 -1000 1.80 4.76 1.38 -1000 22.56 1.64 447.611
car -1 -1 0.00 0.00 0.00 100.00 100.00 -1000 1.56 3.62 6.63 -1000 30.71 1.64 443.176
car -1 -1 0.00 0.00 0.00 100.00 100.00 -1000 1.51 5.36 -12.39 -1000 29.90 1.57 441.604
car -1 -1 0.00 0.00 0.00 100.00 100.00 -1000 1.96 5.30 -0.07 -1000 32.24 1.49 441.215
car -1 -1 0.00 0.00 0.00 100.00 100.00 -1000 1.75 4.67 -3.12 -1000 37.92 1.70 440.044
car -1 -1 0.00 0.00 0.00 100.00 100.00 -1000 1.40 3.09 -16.77 -1000 33.05 1.56 436.408
car -1 -1 0.00 0.00 0.00 100.00 100.00 -1000 1.51 3.44 -14.81 -1000 17.07 1.50 435.191
car -1 -1 0.00 0.00 0.00 100.00 100.00 -1000 1.64 3.87 -9.58 -1000 22.57 -0.38 434.916
car -1 -1 0.00 0.00 0.00 100.00 100.00 -1000 1.95 5.55 7.71 -1000 11.87 1.57 434.518
car -1 -1 0.00 0.00 0.00 100.00 100.00 -1000 1.88 5.14 -5.26 -1000 38.60 1.59 433.761
car -1 -1 0.00 0.00 0.00 100.00 100.00 -1000 2.03 5.63 -5.27 -1000 40.12 1.59 432.148
car -1 -1 0.00 0.00 0.00 100.00 100.00 -1000 1.52 3.72 13.11 -1000 47.15 1.55 428.768
car -1 -1 0.00 0.00 0.00 100.00 100.00 -1000 3.01 9.18 3.86 -1000 25.31 1.46 425.371
car -1 -1 0.00 0.00 0.00 100.00 100.00 -1000 1.74 4.44 6.43 -1000 33.48 1.58 425.194
car -1 -1 0.00 0.00 0.00 100.00 100.00 -1000 1.87 5.54 3.61 -1000 17.10 1.48 416.995
car -1 -1 0.00 0.00 0.00 100.00 100.00 -1000 1.79 3.69 -2.53 -1000 30.74 1.59 414.993
car -1 -1 0.00 0.00 0.00 100.00 100.00 -1000 1.73 4.53 1.09 -1000 10.43 1.66 411.822
car -1 -1 0.00 0.00 0.00 100.00 100.00 -1000 1.99 4.59 -10.20 -1000 21.08 1.51 403.886
car -1 -1 0.00 0.00 0.00 100.00 100.00 -1000 1.87 4.12 -1.99 -1000 39.07 1.61 402.051
car -1 -1 0.00 0.00 0.00 100.00 100.00 -1000 1.73 4.31 10.29 -1000 12.85 -0.42 399.121
car -1 -1 0.00 0.00 0.00 100.00 100.00 -1000 1.82 5.51 0.13 -1000 43.43 1.61 395.831
car -1 -1 0.00 0.00 0.00 100.00 100.00 -1000 2.23 6.04 -2.65 -1000 40.17 1.69 394.264
car -1 -1 0.00 0.00 0.00 100.00 100.00 -1000 1.84 4.48 -13.84 -1000 19.69 1.57 392.099
car -1 -1 0.00 0.00 0.00 100.00 100.00 -1000 1.53 3.46 4.65 -1000 29.22 -0.38 389.749
car -1 -1 0.00 0.00 0.00 100.00 100.00 -1000 1.72 4.44 -1.59 -1000 22.39 1.64 388.340
car -1 -1 0.00 0.00 0.00 100.00 100.00 -1000 1.94 5.30 8.12 -1000 24.95 1.64 386.792
car -1 -1 0.00 0.00 0.00 100.00 100.00 -1000 1.56 4.23 2.26 -1000 11.37 1.37 379.776
car -1 -1 0.00 0.00 0.00 100.00 100.00 -1000 1.54 2.98 -13.93 -1000 32.64 1.66 379.754
car -1 -1 0.00 0.00 0.00 100.00 100.00 -1000 2.13 6.32 -17.67 -1000 35.79 1.52 377.327
car -1 -1 0.00 0.00 0.00 100.00 100.00 -1000 1.75 4.16 1.99 -1000 34.81 1.62 377.142
car -1 -1 0.00 0.00 0.00 100.00 100.00 -1000 1.64 4.40 2.16 -1000 35.79 1.63 376.543
car -1 -1 0.00 0.00 0.00 100.00 100.00 -1000 1.52 4.12 -10.23 -1000 29.55 1.60 375.703
car -1 -1 0.00 0.00 0.00 100.00 100.00 -1000 1.81 5.41 -8.51 -1000 24.53 1.60 368.701
car -1 -1 0.00 0.00 0.00 100.00 100.00 -1000 1.46 3.57 -12.35 -1000 33.92 1.67 368.693
car -1 -1 0.00 0.00 0.00 100.00 100.00 -1000 1.92 5.91 -8.29 -1000 17.44 1.54 365.784
car -1 -1 0.00 0.00 0.00 100.00 100.00 -1000 2.14 6.70 7.34 -1000 26.97 1.53 363.559
car -1 -1 0.00 0.00 0.00 100.00 100.00 -1000 1.99 4.27 3.87 -1000 19.99 1.67 362.544
car -1 -1 0.00 0.00 0.00 100.00 100.00 -1000 1.67 3.53 -2.81 -1000 29.16 1.43 362.276
car -1 -1 0.00 0.00 0.00 100.00 100.00 -1000 1.75 4.34 6.63 -1000 22.76 1.58 360.601
car -1 -1 0.00 0.00 0.00 100.00 100.00 -1000 1.77 4.44 7.16 -1000 31.45 1.63 360.371
car -1 -1 0.00 0.00 0.00 100.00 100.00 -1000 1.65 3.54 -5.02 -1000 29.98 1.49 359.901
car -1 -1 0.00 0.00 0.00 100.00 100.00 -1000 1.73 4.44 -7.75 -1000 23.88 1.63 359.771
car -1 -1 0.00 0.00 0.00 100.00 100.00 -1000 1.73 4.40 12.06 -1000 13.36 1.61 349.222
car -1 -1 0.00 0.00 0.00 100.00 100.00 -1000 1.85 3.87 -18.02 -1000 32.84 1.45 348.832
car -1 -1 0.00 0.00 0.00 100.00 100.00 -1000 2.16 4.98 -12.19 -1000 19.98 1.60 348.048
car -1 -1 0.00 0.00 0.00 100.00 100.00 -1000 1.81 4.79 -0.01 -1000 8.17 1.80 344.436
car -1 -1 0.00 0.00 0.00 100.00 100.00 -1000 1.72 4.17 -13.52 -1000 16.16 1.57 344.353
car -1 -1 0.00 0.00 0.00 100.00 100.00 -1000 1.83 4.13 10.16 -1000 21.70 1.59 342.922
car -1 -1 0.00 0.00 0.00 100.00 100.00 -1000 1.79 4.00 -6.46 -1000 30.77 1.57 340.473
car -1 -1 0.00 0.00 0.00 100.00 100.00 -1000 2.08 6.21 9.60 -1000 19.24 1.58 333.425
car -1 -1 0.00 0.00 0.00 100.00 100.00 -1000 1.64 4.27 1.93 -1000 32.56 1.56 327.917
car -1 -1 0.00 0.00 0.00 100.00 100.00 -1000 1.80 4.09 13.10 -1000 46.33 1.60 322.797
car -1 -1 0.00 0.00 0.00 100.00 100.00 -1000 1.71 4.43 8.19 -1000 23.45 1.62 318.879
car -1 -1 0.00 0.00 0.00 100.00 100.00 -1000 1.88 4.37 -3.32 -1000 30.05 1.49 316.654
car -1 -1 0.00 0.00 0.00 100.00 100.00 -1000 2.04 5.49 7.46 -1000 34.21 1.63 315.760
car -1 -1 0.00 0.00 0.00 100.00 100.00 -1000 1.75 4.76 13.46 -1000 33.51 1.64 315.524
car -1 -1 0.00 0.00 0.00 100.00 100.00 -1000 1.64 4.13 11.53 -1000 17.38 1.57 312.593
car -1 -1 0.00 0.00 0.00 100.00 100.00 -1000 2.84 9.75 -8.67 -1000 25.23 1.44 310.426
car -1 -1 0.00 0.00 0.00 100.00 100.00 -1000 2.34 7.28 -10.48 -1000 20.48 1.46 301.172
car -1 -1 0.00 0.00 0.00 100.00 100.00 -1000 1.64 3.93 12.90 -1000 32.75 1.61 299.065
car -1 -1 0.00 0.00 0.00 100.00 100.00 -1000 1.38 2.93 -19.41 -1000 34.05 1.40 298.959
car -1 -1 0.00 0.00 0.00 100.00 100.00 -1000 1.83 4.50 -12.43 -1000 15.32 1.59 297.661
car -1 -1 0.00 0.00 0.00 100.00 100.00 -1000 1.90 5.05 -9.09 -1000 15.04 1.54 296.739
car -1 -1 0.00 0.00 0.00 100.00 100.00 -1000 1.54 3.18 -15.42 -1000 32.56 1.53 294.842
car -1 -1 0.00 0.00 0.00 100.00 100.00 -1000 2.17 6.08 -4.49 -1000 40.94 1.68 293.989
car -1 -1 0.00 0.00 0.00 100.00 100.00 -1000 1.79 4.84 0.19 -1000 42.42 1.63 291.977
car -1 -1 0.00 0.00 0.00 100.00 100.00 -1000 1.88 5.53 0.38 -1000 23.31 1.64 291.701
car -1 -1 0.00 0.00 0.00 100.00 100.00 -1000 1.95 6.13 -2.07 -1000 16.59 1.49 290.668
car -1 -1 0.00 0.00 0.00 100.00 100.00 -1000 1.69 4.70 12.63 -1000 14.15 1.64 287.939
car -1 -1 0.00 0.00 0.00 100.00 100.00 -1000 1.45 3.99 -6.78 -1000 14.27 1.41 287.596
car -1 -1 0.00 0.00 0.00 100.00 100.00 -1000 1.64 4.40 14.05 -1000 25.52 1.65 281.817
car -1 -1 0.00 0.00 0.00 100.00 100.00 -1000 1.95 5.55 5.36 -1000 10.40 1.51 280.817
car -1 -1 0.00 0.00 0.00 100.00 100.00 -1000 1.87 5.82 -6.82 -1000 16.93 1.49 278.646
car -1 -1 0.00 0.00 0.00 100.00 100.00 -1000 1.68 4.16 -7.15 -1000 23.06 1.63 278.122
car -1 -1 0.00 0.00 0.00 100.00 100.00 -1000 1.73 3.96 8.40 -1000 9.80 1.62 277.374
car -1 -1 0.00 0.00 0.00 100.00 100.00 -1000 1.86 4.17 5.58 -1000 11.43 1.59 275.246
car -1 -1 0.00 0.00 0.00 100.00 100.00 -1000 1.77 4.88 -6.91 -1000 15.72 1.47 274.834
car -1 -1 0.00 0.00 0.00 100.00 100.00 -1000 1.89 5.66 -12.24 -1000 35.08 1.58 272.999
car -1 -1 0.00 0.00 0.00 100.00 100.00 -1000 1.82 4.56 -12.13 -1000 21.11 1.43 272.545
car -1 -1 0.00 0.00 0.00 100.00 100.00 -1000 2.41 8.97 4.29 -1000 17.60 1.59 267.927
car -1 -1 0.00 0.00 0.00 100.00 100.00 -1000 1.97 5.54 10.42 -1000 28.48 1.63 263.899
car -1 -1 0.00 0.00 0.00 100.00 100.00 -1000 2.33 7.36 -12.48 -1000 30.83 1.32 260.421
car -1 -1 0.00 0.00 0.00 100.00 100.00 -1000 2.48 7.80 2.56 -1000 24.45 1.51 258.748
car -1 -1 0.00 0.00 0.00 100.00 100.00 -1000 1.84 4.55 -1.41 -1000 40.82 1.72 251.779
car -1 -1 0.00 0.00 0.00 100.00 100.00 -1000 1.66 3.73 -11.25 -1000 28.90 1.69 248.945
car -1 -1 0.00 0.00 0.00 100.00 100.00 -1000 1.84 4.56 -6.69 -1000 31.96 1.61 247.850
car -1 -1 0.00 0.00 0.00 100.00 100.00 -1000 1.77 4.63 11.48 -1000 31.28 1.56 241.485
car -1 -1 0.00 0.00 0.00 100.00 100.00 -1000 1.86 3.97 -1.01 -1000 45.97 1.61 241.452
car -1 -1 0.00 0.00 0.00 100.00 100.00 -1000 2.88 10.82 9.74 -1000 20.48 1.45 241.292
car -1 -1 0.00 0.00 0.00 100.00 100.00 -1000 2.50 7.31 5.70 -1000 27.53 1.66 240.755
car -1 -1 0.00 0.00 0.00 100.00 100.00 -1000 1.91 4.16 -5.34 -1000 43.86 1.66 236.743
car -1 -1 0.00 0.00 0.00 100.00 100.00 -1000 2.09 5.74 3.80 -1000 31.91 1.59 234.031
car -1 -1 0.00 0.00 0.00 100.00 100.00 -1000 1.88 5.81 1.24 -1000 13.50 1.51 232.698
