car -1 -1 0.00 0.00 0.00 100.00 100.00 -1000 1.45 3.36 -0.22 -1000 22.42 -0.12 991.463
car -1 -1 0.00 0.00 0.00 100.00 100.00 -1000 1.42 2.74 -0.02 -1000 23.10 1.58 989.373
car -1 -1 0.00 0.00 0.00 100.00 100.00 -1000 1.41 2.91 14.28 -1000 34.33 1.57 986.763
car -1 -1 0.00 0.00 0.00 100.00 100.00 -1000 1.40 2.82 18.54 -1000 36.76 1.55 986.643
car -1 -1 0.00 0.00 0.00 100.00 100.00 -1000 1.38 3.00 18.50 -1000 35.85 -0.17 979.153
car -1 -1 0.00 0.00 0.00 100.00 100.00 -1000 1.45 3.77 13.79 -1000 18.77 1.61 976.954
car -1 -1 0.00 0.00 0.00 100.00 100.00 -1000 1.57 3.30 13.89 -1000 38.94 1.56 976.948
car -1 -1 0.00 0.00 0.00 100.00 100.00 -1000 1.42 3.06 18.15 -1000 37.43 1.51 969.781
car -1 -1 0.00 0.00 0.00 100.00 100.00 -1000 1.32 3.37 13.84 -1000 17.81 1.64 969.586
car -1 -1 0.00 0.00 0.00 100.00 100.00 -1000 1.49 3.44 13.97 -1000 36.17 1.54 963.484
car -1 -1 0.00 0.00 0.00 100.00 100.00 -1000 1.30 2.66 14.18 -1000 33.58 -0.18 956.062
car -1 -1 0.00 0.00 0.00 100.00 100.00 -1000 1.46 3.49 14.11 -1000 27.77 1.49 953.141
car -1 -1 0.00 0.00 0.00 100.00 100.00 -1000 1.42 3.10 14.02 -1000 35.42 1.58 950.231
car -1 -1 0.00 0.00 0.00 100.00 100.00 -1000 1.40 3.04 -15.55 -1000 34.09 1.50 949.506
car -1 -1 0.00 0.00 0.00 100.00 100.00 -1000 1.64 4.14 13.71 -1000 37.36 1.53 944.767
car -1 -1 0.00 0.00 0.00 100.00 100.00 -1000 1.36 2.86 6.33 -1000 40.69 1.55 943.734
car -1 -1 0.00 0.00 0.00 100.00 100.00 -1000 1.62 3.82 13.84 -1000 24.09 1.66 943.258
car -1 -1 0.00 0.00 0.00 100.00 100.00 -1000 1.46 3.21 0.54 -1000 23.67 1.59 937.694
car -1 -1 0.00 0.00 0.00 100.00 100.00 -1000 1.40 3.04 -15.35 -1000 46.46 -0.14 937.264
car -1 -1 0.00 0.00 0.00 100.00 100.00 -1000 1.43 3.14 6.69 -1000 39.87 -0.05 935.311
car -1 -1 0.00 0.00 0.00 100.00 100.00 -1000 1.73 3.91 13.43 -1000 16.25 -0.52 935.061
car -1 -1 0.00 0.00 0.00 100.00 100.00 -1000 1.57 3.58 17.51 -1000 38.59 1.53 932.937
car -1 -1 0.00 0.00 0.00 100.00 100.00 -1000 1.34 3.14 13.74 -1000 17.06 1.63 931.161
car -1 -1 0.00 0.00 0.00 100.00 100.00 -1000 1.56 4.27 13.77 -1000 21.28 1.61 929.366
car -1 -1 0.00 0.00 0.00 100.00 100.00 -1000 1.70 4.05 13.59 -1000 39.73 1.57 926.575
car -1 -1 0.00 0.00 0.00 100.00 100.00 -1000 1.46 2.89 -15.38 -1000 47.44 1.58 917.873
car -1 -1 0.00 0.00 0.00 100.00 100.00 -1000 1.41 2.94 6.55 -1000 21.85 1.59 912.296
car -1 -1 0.00 0.00 0.00 100.00 100.00 -1000 1.43 3.11 -6.12 -1000 35.39 1.59 910.426
car -1 -1 0.00 0.00 0.00 100.00 100.00 -1000 1.50 3.19 0.97 -1000 22.78 1.72 902.575
car -1 -1 0.00 0.00 0.00 100.00 100.00 -1000 1.45 2.91 12.30 -1000 36.32 1.61 902.535
car -1 -1 0.00 0.00 0.00 100.00 100.00 -1000 1.40 2.90 -3.84 -1000 45.19 1.59 901.535
car -1 -1 0.00 0.00 0.00 100.00 100.00 -1000 1.47 3.16 13.99 -1000 26.88 -0.12 899.976
car -1 -1 0.00 0.00 0.00 100.00 100.00 -1000 1.36 3.06 -15.32 -1000 39.47 -0.11 895.296
car -1 -1 0.00 0.00 0.00 100.00 100.00 -1000 1.54 3.28 17.54 -1000 36.47 1.56 894.933
car -1 -1 0.00 0.00 0.00 100.00 100.00 -1000 1.64 4.41 13.78 -1000 19.58 1.52 894.213
car -1 -1 0.00 0.00 0.00 100.00 100.00 -1000 1.87 4.71 1.76 -1000 24.02 1.47 885.573
car -1 -1 0.00 0.00 0.00 100.00 100.00 -1000 1.54 3.63 15.77 -1000 38.70 1.63 884.180
car -1 -1 0.00 0.00 0.00 100.00 100.00 -1000 1.38 2.96 -2.70 -1000 45.53 1.54 880.435
car -1 -1 0.00 0.00 0.00 100.00 100.00 -1000 1.41 3.07 11.14 -1000 23.85 1.50 874.808
car -1 -1 0.00 0.00 0.00 100.00 100.00 -1000 1.44 2.98 -4.81 -1000 44.91 1.59 864.769
car -1 -1 0.00 0.00 0.00 100.00 100.00 -1000 2.04 4.64 2.49 -1000 25.73 1.56 860.011
car -1 -1 0.00 0.00 0.00 100.00 100.00 -1000 1.49 3.16 14.72 -1000 38.01 1.65 855.833
car -1 -1 0.00 0.00 0.00 100.00 100.00 -1000 1.57 3.40 -14.89 -1000 33.40 -0.17 854.730
car -1 -1 0.00 0.00 0.00 100.00 100.00 -1000 1.61 3.30 5.27 -1000 22.09 1.58 850.391
car -1 -1 0.00 0.00 0.00 100.00 100.00 -1000 1.66 3.84 15.29 -1000 37.18 1.64 849.085
car -1 -1 0.00 0.00 0.00 100.00 100.00 -1000 1.53 3.56 11.20 -1000 23.00 -0.26 845.331
car -1 -1 0.00 0.00 0.00 100.00 100.00 -1000 1.44 2.91 -15.10 -1000 40.26 1.57 844.259
car -1 -1 0.00 0.00 0.00 100.00 100.00 -1000 1.47 3.30 -4.60 -1000 35.39 1.55 840.984
car -1 -1 0.00 0.00 0.00 100.00 100.00 -1000 1.55 3.75 14.14 -1000 20.55 1.64 839.148
car -1 -1 0.00 0.00 0.00 100.00 100.00 -1000 1.44 3.36 -6.23 -1000 34.30 -0.22 837.878
car -1 -1 0.00 0.00 0.00 100.00 100.00 -1000 1.37 3.02 11.24 -1000 36.58 1.56 836.141
car -1 -1 0.00 0.00 0.00 100.00 100.00 -1000 1.67 4.16 13.50 -1000 24.93 1.45 835.460
car -1 -1 0.00 0.00 0.00 100.00 100.00 -1000 1.49 3.17 -4.12 -1000 44.33 -0.17 832.499
car -1 -1 0.00 0.00 0.00 100.00 100.00 -1000 1.44 3.07 -7.04 -1000 34.83 1.57 825.079
car -1 -1 0.00 0.00 0.00 100.00 100.00 -1000 2.70 7.90 2.48 -1000 25.22 1.37 824.816
car -1 -1 0.00 0.00 0.00 100.00 100.00 -1000 1.48 3.10 -3.03 -1000 35.51 1.58 820.723
car -1 -1 0.00 0.00 0.00 100.00 100.00 -1000 1.50 3.60 -15.25 -1000 34.84 1.54 819.527
car -1 -1 0.00 0.00 0.00 100.00 100.00 -1000 1.54 3.50 11.26 -1000 35.13 -0.20 818.480
car -1 -1 0.00 0.00 0.00 100.00 100.00 -1000 1.44 3.10 7.40 -1000 40.46 1.64 816.887
car -1 -1 0.00 0.00 0.00 100.00 100.00 -1000 1.63 3.76 13.86 -1000 22.10 1.53 816.887
car -1 -1 0.00 0.00 0.00 100.00 100.00 -1000 1.39 2.97 12.22 -1000 35.48 -0.11 816.242
car -1 -1 0.00 0.00 0.00 100.00 100.00 -1000 1.46 3.12 2.53 -1000 44.00 1.55 815.592
car -1 -1 0.00 0.00 0.00 100.00 100.00 -1000 1.49 3.50 -2.88 -1000 44.72 -0.18 813.554
car -1 -1 0.00 0.00 0.00 100.00 100.00 -1000 1.82 4.73 2.94 -1000 24.49 1.56 812.036
car -1 -1 0.00 0.00 0.00 100.00 100.00 -1000 1.36 2.75 -14.67 -1000 24.71 1.60 805.364
car -1 -1 0.00 0.00 0.00 100.00 100.00 -1000 1.40 3.13 13.02 -1000 23.49 1.57 804.704
car -1 -1 0.00 0.00 0.00 100.00 100.00 -1000 2.01 5.24 17.70 -1000 39.29 1.54 804.582
car -1 -1 0.00 0.00 0.00 100.00 100.00 -1000 1.58 3.54 15.39 -1000 36.01 1.67 795.218
car -1 -1 0.00 0.00 0.00 100.00 100.00 -1000 1.98 5.16 13.67 -1000 30.36 1.66 787.596
car -1 -1 0.00 0.00 0.00 100.00 100.00 -1000 1.41 3.27 5.53 -1000 21.29 -0.10 785.386
car -1 -1 0.00 0.00 0.00 100.00 100.00 -1000 1.46 3.15 -14.67 -1000 23.78 -0.16 781.522
car -1 -1 0.00 0.00 0.00 100.00 100.00 -1000 1.32 2.96 6.80 -1000 21.00 -0.17 780.637
car -1 -1 0.00 0.00 0.00 100.00 100.00 -1000 1.52 3.16 3.70 -1000 21.82 1.59 777.775
car -1 -1 0.00 0.00 0.00 100.00 100.00 -1000 1.43 3.24 0.73 -1000 21.87 -0.25 774.047
car -1 -1 0.00 0.00 0.00 100.00 100.00 -1000 1.62 3.44 17.20 -1000 35.66 1.60 772.658
car -1 -1 0.00 0.00 0.00 100.00 100.00 -1000 1.75 4.76 15.78 -1000 39.43 1.59 754.252
car -1 -1 0.00 0.00 0.00 100.00 100.00 -1000 1.46 3.22 5.48 -1000 26.19 1.51 752.661
car -1 -1 0.00 0.00 0.00 100.00 100.00 -1000 1.50 3.30 4.73 -1000 39.03 1.57 749.931
car -1 -1 0.00 0.00 0.00 100.00 100.00 -1000 1.69 3.91 6.54 -1000 41.29 1.57 749.675
car -1 -1 0.00 0.00 0.00 100.00 100.00 -1000 1.34 2.68 11.16 -1000 35.81 -0.02 740.690
car -1 -1 0.00 0.00 0.00 100.00 100.00 -1000 1.57 3.50 15.41 -1000 34.89 1.70 736.891
car -1 -1 0.00 0.00 0.00 100.00 100.00 -1000 1.50 3.57 11.36 -1000 29.02 1.56 736.473
car -1 -1 0.00 0.00 0.00 100.00 100.00 -1000 1.91 5.44 13.71 -1000 28.29 1.59 731.983
car -1 -1 0.00 0.00 0.00 100.00 100.00 -1000 1.45 3.26 5.74 -1000 47.69 1.62 728.276
car -1 -1 0.00 0.00 0.00 100.00 100.00 -1000 1.77 4.41 12.99 -1000 38.32 1.47 724.080
car -1 -1 0.00 0.00 0.00 100.00 100.00 -1000 1.82 4.49 -6.13 -1000 36.13 1.58 713.503
car -1 -1 0.00 0.00 0.00 100.00 100.00 -1000 2.01 6.09 13.81 -1000 40.54 1.54 711.038
car -1 -1 0.00 0.00 0.00 100.00 100.00 -1000 1.44 3.23 -16.12 -1000 46.95 1.63 705.568
car -1 -1 0.00 0.00 0.00 100.00 100.00 -1000 1.40 3.36 6.15 -1000 39.27 -0.23 705.166
car -1 -1 0.00 0.00 0.00 100.00 100.00 -1000 1.46 3.27 13.24 -1000 45.91 1.59 703.976
car -1 -1 0.00 0.00 0.00 100.00 100.00 -1000 1.75 4.38 4.91 -1000 24.45 1.60 693.628
car -1 -1 0.00 0.00 0.00 100.00 100.00 -1000 1.80 4.38 18.99 -1000 38.14 1.54 690.415
car -1 -1 0.00 0.00 0.00 100.00 100.00 -1000 1.25 3.53 -0.63 -1000 21.67 -0.36 688.027
car -1 -1 0.00 0.00 0.00 100.00 100.00 -1000 1.48 3.39 -3.56 -1000 34.73 -0.20 687.466
car -1 -1 0.00 0.00 0.00 100.00 100.00 -1000 1.55 3.00 18.12 -1000 34.86 1.58 686.085
car -1 -1 0.00 0.00 0.00 100.00 100.00 -1000 1.62 3.65 12.22 -1000 24.56 1.55 683.746
car -1 -1 0.00 0.00 0.00 100.00 100.00 -1000 1.54 3.40 12.91 -1000 34.35 1.60 681.530
car -1 -1 0.00 0.00 0.00 100.00 100.00 -1000 1.53 3.61 6.67 -1000 29.24 1.55 680.169
car -1 -1 0.00 0.00 0.00 100.00 100.00 -1000 1.61 3.37 -14.51 -1000 46.96 1.81 679.870
car -1 -1 0.00 0.00 0.00 100.00 100.00 -1000 1.68 4.10 3.10 -1000 22.56 1.57 679.599
car -1 -1 0.00 0.00 0.00 100.00 100.00 -1000 1.49 3.64 7.66 -1000 22.15 1.61 671.065
car -1 -1 0.00 0.00 0.00 100.00 100.00 -1000 1.54 4.08 11.89 -1000 21.74 1.57 669.286
car -1 -1 0.00 0.00 0.00 100.00 100.00 -1000 1.64 4.08 -2.48 -1000 36.14 1.52 668.531
car -1 -1 0.00 0.00 0.00 100.00 100.00 -1000 1.53 3.23 4.97 -1000 46.49 -0.17 667.854
car -1 -1 0.00 0.00 0.00 100.00 100.00 -1000 1.39 2.96 7.04 -1000 28.50 -0.10 660.103
car -1 -1 0.00 0.00 0.00 100.00 100.00 -1000 1.54 3.21 -4.06 -1000 38.39 -0.19 653.181
car -1 -1 0.00 0.00 0.00 100.00 100.00 -1000 1.66 4.42 13.91 -1000 22.86 1.68 650.532
car -1 -1 0.00 0.00 0.00 100.00 100.00 -1000 1.66 3.99 2.71 -1000 23.46 1.59 648.434
car -1 -1 0.00 0.00 0.00 100.00 100.00 -1000 1.42 3.03 13.37 -1000 45.10 1.59 645.044
car -1 -1 0.00 0.00 0.00 100.00 100.00 -1000 1.74 4.94 13.45 -1000 41.39 1.38 642.142
car -1 -1 0.00 0.00 0.00 100.00 100.00 -1000 1.93 5.70 13.65 -1000 31.37 1.47 640.259
car -1 -1 0.00 0.00 0.00 100.00 100.00 -1000 1.45 3.30 -14.36 -1000 34.41 1.68 639.594
car -1 -1 0.00 0.00 0.00 100.00 100.00 -1000 1.73 4.00 3.95 -1000 23.86 1.61 635.570
car -1 -1 0.00 0.00 0.00 100.00 100.00 -1000 1.65 3.74 -1.73 -1000 46.02 1.59 634.639
car -1 -1 0.00 0.00 0.00 100.00 100.00 -1000 1.52 3.22 -5.26 -1000 44.06 -0.13 634.407
car -1 -1 0.00 0.00 0.00 100.00 100.00 -1000 1.54 3.48 -14.29 -1000 40.69 1.58 629.262
car -1 -1 0.00 0.00 0.00 100.00 100.00 -1000 1.46 3.36 13.05 -1000 44.40 1.59 627.021
car -1 -1 0.00 0.00 0.00 100.00 100.00 -1000 1.50 3.34 3.27 -1000 21.11 1.62 623.864
car -1 -1 0.00 0.00 0.00 100.00 100.00 -1000 1.72 3.92 12.84 -1000 20.19 1.57 618.402
car -1 -1 0.00 0.00 0.00 100.00 100.00 -1000 1.68 4.08 4.88 -1000 25.41 1.59 616.038
car -1 -1 0.00 0.00 0.00 100.00 100.00 -1000 1.65 4.16 11.46 -1000 27.89 1.63 615.676
car -1 -1 0.00 0.00 0.00 100.00 100.00 -1000 1.49 3.05 -16.61 -1000 46.19 1.45 614.313
car -1 -1 0.00 0.00 0.00 100.00 100.00 -1000 1.38 2.75 -15.98 -1000 32.78 1.46 612.866
car -1 -1 0.00 0.00 0.00 100.00 100.00 -1000 1.59 3.66 11.79 -1000 20.94 1.57 612.811
car -1 -1 0.00 0.00 0.00 100.00 100.00 -1000 1.65 4.27 11.61 -1000 29.80 1.55 606.967
car -1 -1 0.00 0.00 0.00 100.00 100.00 -1000 1.71 3.40 -3.77 -1000 39.18 1.72 590.559
car -1 -1 0.00 0.00 0.00 100.00 100.00 -1000 1.59 3.69 15.12 -1000 18.28 1.60 590.177
car -1 -1 0.00 0.00 0.00 100.00 100.00 -1000 1.52 3.00 10.45 -1000 20.19 1.49 587.341
car -1 -1 0.00 0.00 0.00 100.00 100.00 -1000 1.45 3.09 -15.77 -1000 38.79 -0.20 585.366
car -1 -1 0.00 0.00 0.00 100.00 100.00 -1000 1.56 3.78 8.26 -1000 41.11 1.66 582.368
car -1 -1 0.00 0.00 0.00 100.00 100.00 -1000 1.46 2.93 4.34 -1000 37.00 1.50 579.831
car -1 -1 0.00 0.00 0.00 100.00 100.00 -1000 1.67 3.49 17.13 -1000 37.86 0.02 579.725
car -1 -1 0.00 0.00 0.00 100.00 100.00 -1000 1.63 3.53 -4.74 -1000 34.39 -0.12 578.696
car -1 -1 0.00 0.00 0.00 100.00 100.00 -1000 1.81 4.29 3.85 -1000 26.50 1.64 577.641
car -1 -1 0.00 0.00 0.00 100.00 100.00 -1000 1.78 4.34 2.06 -1000 21.45 1.53 574.069
car -1 -1 0.00 0.00 0.00 100.00 100.00 -1000 1.47 2.95 6.29 -1000 25.58 1.57 571.171
car -1 -1 0.00 0.00 0.00 100.00 100.00 -1000 1.50 3.92 14.89 -1000 24.66 1.59 568.673
car -1 -1 0.00 0.00 0.00 100.00 100.00 -1000 1.93 5.23 8.69 -1000 23.86 1.55 555.420
car -1 -1 0.00 0.00 0.00 100.00 100.00 -1000 1.50 3.13 -14.26 -1000 39.83 1.72 551.945
car -1 -1 0.00 0.00 0.00 100.00 100.00 -1000 1.69 3.92 -14.85 -1000 25.40 1.50 549.869
car -1 -1 0.00 0.00 0.00 100.00 100.00 -1000 1.80 4.39 10.51 -1000 24.43 1.55 548.286
car -1 -1 0.00 0.00 0.00 100.00 100.00 -1000 1.64 3.86 5.22 -1000 39.94 1.58 536.776
car -1 -1 0.00 0.00 0.00 100.00 100.00 -1000 1.69 3.73 -14.93 -1000 28.78 1.53 534.454
car -1 -1 0.00 0.00 0.00 100.00 100.00 -1000 1.60 3.10 13.44 -1000 15.46 1.53 534.318
car -1 -1 0.00 0.00 0.00 100.00 100.00 -1000 1.59 3.67 6.76 -1000 38.70 1.51 532.908
car -1 -1 0.00 0.00 0.00 100.00 100.00 -1000 1.44 3.18 12.58 -1000 22.64 1.69 532.532
car -1 -1 0.00 0.00 0.00 100.00 100.00 -1000 1.94 5.15 13.14 -1000 46.43 1.68 526.883
car -1 -1 0.00 0.00 0.00 100.00 100.00 -1000 1.66 4.28 -3.93 -1000 45.91 1.57 526.130
car -1 -1 0.00 0.00 0.00 100.00 100.00 -1000 1.71 3.92 2.55 -1000 44.81 1.58 525.959
car -1 -1 0.00 0.00 0.00 100.00 100.00 -1000 1.67 4.08 7.66 -1000 25.04 1.61 525.043
car -1 -1 0.00 0.00 0.00 100.00 100.00 -1000 1.78 3.34 6.49 -1000 47.12 -0.14 524.162
car -1 -1 0.00 0.00 0.00 100.00 100.00 -1000 1.83 4.49 13.81 -1000 32.12 1.65 518.025
car -1 -1 0.00 0.00 0.00 100.00 100.00 -1000 1.57 3.77 14.97 -1000 33.09 -0.26 516.968
car -1 -1 0.00 0.00 0.00 100.00 100.00 -1000 1.42 3.01 15.47 -1000 34.13 1.62 509.782
car -1 -1 0.00 0.00 0.00 100.00 100.00 -1000 1.60 3.81 -2.80 -1000 39.60 1.63 507.093
car -1 -1 0.00 0.00 0.00 100.00 100.00 -1000 1.68 3.75 -7.45 -1000 34.00 1.57 490.431
car -1 -1 0.00 0.00 0.00 100.00 100.00 -1000 1.66 3.81 7.31 -1000 11.48 1.59 487.043
car -1 -1 0.00 0.00 0.00 100.00 100.00 -1000 1.64 4.21 12.95 -1000 29.43 1.55 480.696
car -1 -1 0.00 0.00 0.00 100.00 100.00 -1000 1.66 4.20 10.52 -1000 21.38 1.56 473.065
car -1 -1 0.00 0.00 0.00 100.00 100.00 -1000 1.86 5.15 6.23 -1000 22.81 1.64 472.786
car -1 -1 0.00 0.00 0.00 100.00 100.00 -1000 1.54 3.41 -15.44 -1000 24.26 1.51 467.645
car -1 -1 0.00 0.00 0.00 100.00 100.00 -1000 1.99 5.23 13.77 -1000 26.22 1.67 467.105
car -1 -1 0.00 0.00 0.00 100.00 100.00 -1000 2.11 6.32 -4.48 -1000 36.52 1.53 462.872
car -1 -1 0.00 0.00 0.00 100.00 100.00 -1000 1.64 4.12 -13.20 -1000 41.05 1.59 461.995
car -1 -1 0.00 0.00 0.00 100.00 100.00 -1000 1.84 4.02 -18.54 -1000 35.92 1.71 443.333
car -1 -1 0.00 0.00 0.00 100.00 100.00 -1000 2.16 5.96 13.41 -1000 42.23 1.35 436.516
car -1 -1 0.00 0.00 0.00 100.00 100.00 -1000 1.64 4.08 6.82 -1000 19.85 1.46 434.788
car -1 -1 0.00 0.00 0.00 100.00 100.00 -1000 1.51 3.14 6.59 -1000 27.43 1.68 433.966
car -1 -1 0.00 0.00 0.00 100.00 100.00 -1000 1.65 4.40 -0.36 -1000 21.00 1.44 433.219
car -1 -1 0.00 0.00 0.00 100.00 100.00 -1000 1.54 3.80 -15.88 -1000 45.62 1.38 431.762
car -1 -1 0.00 0.00 0.00 100.00 100.00 -1000 1.77 4.11 -6.40 -1000 33.16 1.48 430.731
car -1 -1 0.00 0.00 0.00 100.00 100.00 -1000 1.67 4.36 5.69 -1000 37.35 1.52 430.635
car -1 -1 0.00 0.00 0.00 100.00 100.00 -1000 1.82 4.71 -5.80 -1000 45.53 1.53 427.462
car -1 -1 0.00 0.00 0.00 100.00 100.00 -1000 1.66 4.26 11.18 -1000 34.27 1.60 424.089
car -1 -1 0.00 0.00 0.00 100.00 100.00 -1000 1.72 4.01 -6.26 -1000 16.09 1.65 422.772
car -1 -1 0.00 0.00 0.00 100.00 100.00 -1000 1.64 4.29 -15.14 -1000 27.86 1.55 422.573
car -1 -1 0.00 0.00 0.00 100.00 100.00 -1000 1.56 3.36 8.21 -1000 21.14 1.61 418.972
car -1 -1 0.00 0.00 0.00 100.00 100.00 -1000 1.89 5.16 8.50 -1000 22.87 1.58 414.160
car -1 -1 0.00 0.00 0.00 100.00 100.00 -1000 1.67 4.28 13.12 -1000 43.50 1.74 413.171
car -1 -1 0.00 0.00 0.00 100.00 100.00 -1000 1.61 3.52 -3.48 -1000 32.13 1.60 410.036
car -1 -1 0.00 0.00 0.00 100.00 100.00 -1000 1.65 3.50 -16.45 -1000 33.55 1.56 409.958
car -1 -1 0.00 0.00 0.00 100.00 100.00 -1000 1.84 4.28 6.25 -1000 24.15 1.56 404.629
car -1 -1 0.00 0.00 0.00 100.00 100.00 -1000 1.60 3.74 9.00 -1000 21.80 1.59 402.401
car -1 -1 0.00 0.00 0.00 100.00 100.00 -1000 1.66 3.15 -18.69 -1000 35.17 -0.21 401.423
car -1 -1 0.00 0.00 0.00 100.00 100.00 -1000 1.66 4.24 16.27 -1000 19.04 1.59 401.265
car -1 -1 0.00 0.00 0.00 100.00 100.00 -1000 1.63 3.66 5.46 -1000 27.07 1.48 399.427
car -1 -1 0.00 0.00 0.00 100.00 100.00 -1000 1.61 3.36 4.73 -1000 38.07 -0.30 397.029
car -1 -1 0.00 0.00 0.00 100.00 100.00 -1000 1.75 4.26 11.34 -1000 19.33 1.58 396.251
car -1 -1 0.00 0.00 0.00 100.00 100.00 -1000 1.45 3.27 -14.45 -1000 18.22 1.60 394.070
car -1 -1 0.00 0.00 0.00 100.00 100.00 -1000 1.58 3.98 -10.93 -1000 43.86 1.58 393.757
car -1 -1 0.00 0.00 0.00 100.00 100.00 -1000 1.91 5.01 10.73 -1000 39.13 1.57 393.274
car -1 -1 0.00 0.00 0.00 100.00 100.00 -1000 1.64 3.85 -3.36 -1000 43.73 1.51 393.021
car -1 -1 0.00 0.00 0.00 100.00 100.00 -1000 1.79 4.69 10.34 -1000 37.11 1.52 392.307
car -1 -1 0.00 0.00 0.00 100.00 100.00 -1000 1.80 5.15 -5.05 -1000 37.53 1.49 385.235
car -1 -1 0.00 0.00 0.00 100.00 100.00 -1000 2.02 6.37 19.60 -1000 38.92 1.55 382.322
car -1 -1 0.00 0.00 0.00 100.00 100.00 -1000 1.87 5.47 11.75 -1000 37.84 1.54 379.014
car -1 -1 0.00 0.00 0.00 100.00 100.00 -1000 1.80 5.18 -0.87 -1000 24.11 1.60 378.071
car -1 -1 0.00 0.00 0.00 100.00 100.00 -1000 1.57 3.80 16.70 -1000 34.50 1.60 375.520
car -1 -1 0.00 0.00 0.00 100.00 100.00 -1000 2.15 4.98 12.75 -1000 47.39 1.52 372.812
car -1 -1 0.00 0.00 0.00 100.00 100.00 -1000 1.58 3.55 8.05 -1000 39.69 1.60 372.593
car -1 -1 0.00 0.00 0.00 100.00 100.00 -1000 1.30 2.82 14.09 -1000 29.90 0.00 370.444
car -1 -1 0.00 0.00 0.00 100.00 100.00 -1000 1.57 3.46 2.55 -1000 43.18 -0.17 369.250
car -1 -1 0.00 0.00 0.00 100.00 100.00 -1000 1.62 3.94 16.98 -1000 18.22 1.61 361.987
car -1 -1 0.00 0.00 0.00 100.00 100.00 -1000 1.73 4.11 15.52 -1000 17.07 1.56 358.482
car -1 -1 0.00 0.00 0.00 100.00 100.00 -1000 1.67 4.36 16.23 -1000 20.23 1.58 356.848
car -1 -1 0.00 0.00 0.00 100.00 100.00 -1000 1.82 3.73 7.60 -1000 37.95 1.56 355.494
car -1 -1 0.00 0.00 0.00 100.00 100.00 -1000 1.58 3.68 -2.22 -1000 44.10 1.57 353.902
car -1 -1 0.00 0.00 0.00 100.00 100.00 -1000 1.68 4.57 12.63 -1000 18.21 1.59 345.040
car -1 -1 0.00 0.00 0.00 100.00 100.00 -1000 1.70 3.34 2.60 -1000 18.19 1.72 343.170
car -1 -1 0.00 0.00 0.00 100.00 100.00 -1000 1.50 3.31 -12.04 -1000 42.35 1.56 342.432
car -1 -1 0.00 0.00 0.00 100.00 100.00 -1000 1.70 4.23 -13.86 -1000 47.57 1.65 342.382
car -1 -1 0.00 0.00 0.00 100.00 100.00 -1000 1.53 3.41 -2.69 -1000 38.57 0.05 339.890
car -1 -1 0.00 0.00 0.00 100.00 100.00 -1000 1.67 4.13 9.68 -1000 40.36 1.61 339.249
car -1 -1 0.00 0.00 0.00 100.00 100.00 -1000 1.63 4.92 15.35 -1000 28.58 1.55 337.975
car -1 -1 0.00 0.00 0.00 100.00 100.00 -1000 1.69 4.80 -13.10 -1000 35.01 1.64 337.951
car -1 -1 0.00 0.00 0.00 100.00 100.00 -1000 1.74 4.14 11.63 -1000 45.92 1.64 334.549
car -1 -1 0.00 0.00 0.00 100.00 100.00 -1000 1.69 4.47 -5.16 -1000 33.52 1.55 334.498
car -1 -1 0.00 0.00 0.00 100.00 100.00 -1000 1.39 3.26 -11.45 -1000 43.21 -0.15 331.667
car -1 -1 0.00 0.00 0.00 100.00 100.00 -1000 1.59 3.87 8.13 -1000 28.99 1.67 331.265
car -1 -1 0.00 0.00 0.00 100.00 100.00 -1000 1.68 3.91 -3.17 -1000 34.00 1.53 329.587
car -1 -1 0.00 0.00 0.00 100.00 100.00 -1000 1.88 4.36 6.19 -1000 46.09 1.56 329.286
car -1 -1 0.00 0.00 0.00 100.00 100.00 -1000 1.89 5.15 5.18 -1000 23.38 1.62 328.792
car -1 -1 0.00 0.00 0.00 100.00 100.00 -1000 1.75 4.52 10.10 -1000 22.62 1.59 328.029
car -1 -1 0.00 0.00 0.00 100.00 100.00 -1000 1.53 3.59 -2.14 -1000 34.86 1.59 327.641
car -1 -1 0.00 0.00 0.00 100.00 100.00 -1000 2.29 7.18 12.45 -1000 26.93 1.46 326.079
car -1 -1 0.00 0.00 0.00 100.00 100.00 -1000 1.83 5.00 9.96 -1000 41.56 1.61 322.791
car -1 -1 0.00 0.00 0.00 100.00 100.00 -1000 1.85 4.69 13.37 -1000 33.16 1.48 321.734
car -1 -1 0.00 0.00 0.00 100.00 100.00 -1000 1.55 3.13 15.29 -1000 27.22 -0.49 319.843
car -1 -1 0.00 0.00 0.00 100.00 100.00 -1000 1.57 4.05 -2.42 -1000 32.62 1.59 318.039
car -1 -1 0.00 0.00 0.00 100.00 100.00 -1000 1.61 4.05 -1.59 -1000 45.17 -0.32 317.962
car -1 -1 0.00 0.00 0.00 100.00 100.00 -1000 1.50 3.38 6.83 -1000 26.28 1.66 313.765
car -1 -1 0.00 0.00 0.00 100.00 100.00 -1000 1.74 4.40 5.07 -1000 45.64 1.51 310.978
car -1 -1 0.00 0.00 0.00 100.00 100.00 -1000 2.05 5.83 1.55 -1000 9.30 1.62 309.174
car -1 -1 0.00 0.00 0.00 100.00 100.00 -1000 1.83 4.45 -14.53 -1000 45.23 1.40 308.699
car -1 -1 0.00 0.00 0.00 100.00 100.00 -1000 1.76 5.19 -5.61 -1000 39.01 1.61 308.072
car -1 -1 0.00 0.00 0.00 100.00 100.00 -1000 1.78 5.70 15.22 -1000 25.29 1.50 306.492
car -1 -1 0.00 0.00 0.00 100.00 100.00 -1000 1.90 4.63 -2.83 -1000 36.96 1.52 304.868
car -1 -1 0.00 0.00 0.00 100.00 100.00 -1000 1.67 3.84 9.04 -1000 38.72 1.59 302.522
car -1 -1 0.00 0.00 0.00 100.00 100.00 -1000 1.85 5.13 6.03 -1000 30.16 1.58 301.341
car -1 -1 0.00 0.00 0.00 100.00 100.00 -1000 1.83 5.06 4.39 -1000 47.16 1.59 300.581
car -1 -1 0.00 0.00 0.00 100.00 100.00 -1000 1.72 3.83 7.16 -1000 37.12 1.66 299.046
car -1 -1 0.00 0.00 0.00 100.00 100.00 -1000 1.68 4.04 3.79 -1000 46.11 1.61 297.879
car -1 -1 0.00 0.00 0.00 100.00 100.00 -1000 1.86 4.75 7.79 -1000 9.68 1.46 297.741
car -1 -1 0.00 0.00 0.00 100.00 100.00 -1000 1.66 3.12 4.93 -1000 36.41 -0.28 297.027
car -1 -1 0.00 0.00 0.00 100.00 100.00 -1000 1.70 4.60 7.05 -1000 12.39 1.63 294.670
car -1 -1 0.00 0.00 0.00 100.00 100.00 -1000 1.69 4.47 -14.78 -1000 21.33 1.51 292.013
car -1 -1 0.00 0.00 0.00 100.00 100.00 -1000 1.86 4.42 -16.74 -1000 40.11 1.55 290.141
car -1 -1 0.00 0.00 0.00 100.00 100.00 -1000 2.25 7.08 0.12 -1000 24.86 1.62 289.778
car -1 -1 0.00 0.00 0.00 100.00 100.00 -1000 1.67 3.87 9.33 -1000 20.72 1.57 289.756
car -1 -1 0.00 0.00 0.00 100.00 100.00 -1000 2.35 6.94 15.91 -1000 40.27 1.56 289.116
car -1 -1 0.00 0.00 0.00 100.00 100.00 -1000 1.70 3.42 -1.45 -1000 23.00 0.05 287.959
car -1 -1 0.00 0.00 0.00 100.00 100.00 -1000 2.18 6.45 -14.61 -1000 35.76 1.61 286.126
car -1 -1 0.00 0.00 0.00 100.00 100.00 -1000 1.56 3.82 9.83 -1000 28.77 1.61 285.270
car -1 -1 0.00 0.00 0.00 100.00 100.00 -1000 1.70 3.81 -1.25 -1000 43.55 1.52 284.203
car -1 -1 0.00 0.00 0.00 100.00 100.00 -1000 1.66 3.99 -15.41 -1000 27.06 1.39 283.885
car -1 -1 0.00 0.00 0.00 100.00 100.00 -1000 1.74 4.38 -17.16 -1000 34.71 1.59 282.768
car -1 -1 0.00 0.00 0.00 100.00 100.00 -1000 1.64 3.25 -14.65 -1000 19.05 1.58 281.087
car -1 -1 0.00 0.00 0.00 100.00 100.00 -1000 2.46 6.25 6.27 -1000 41.81 1.50 277.277
car -1 -1 0.00 0.00 0.00 100.00 100.00 -1000 1.56 4.16 16.09 -1000 27.86 1.63 277.062
car -1 -1 0.00 0.00 0.00 100.00 100.00 -1000 1.63 3.98 -18.58 -1000 27.01 1.59 275.395
car -1 -1 0.00 0.00 0.00 100.00 100.00 -1000 1.60 3.59 -15.12 -1000 22.71 1.43 274.404
car -1 -1 0.00 0.00 0.00 100.00 100.00 -1000 1.20 2.50 -14.66 -1000 28.24 -0.04 274.128
car -1 -1 0.00 0.00 0.00 100.00 100.00 -1000 1.83 4.49 5.59 -1000 28.04 1.53 273.394
car -1 -1 0.00 0.00 0.00 100.00 100.00 -1000 1.64 3.69 18.21 -1000 34.00 1.59 270.034
car -1 -1 0.00 0.00 0.00 100.00 100.00 -1000 1.79 4.88 -12.10 -1000 41.61 1.58 268.538
car -1 -1 0.00 0.00 0.00 100.00 100.00 -1000 1.68 4.05 6.65 -1000 10.48 1.55 267.385
car -1 -1 0.00 0.00 0.00 100.00 100.00 -1000 1.41 4.13 15.18 -1000 23.75 -0.32 267.184
car -1 -1 0.00 0.00 0.00 100.00 100.00 -1000 1.75 4.30 15.93 -1000 16.20 1.57 267.009
car -1 -1 0.00 0.00 0.00 100.00 100.00 -1000 2.01 5.38 11.56 -1000 39.86 1.61 265.413
car -1 -1 0.00 0.00 0.00 100.00 100.00 -1000 1.63 4.20 -19.10 -1000 26.29 1.59 260.489
car -1 -1 0.00 0.00 0.00 100.00 100.00 -1000 1.60 4.21 -7.93 -1000 35.44 1.66 259.052
car -1 -1 0.00 0.00 0.00 100.00 100.00 -1000 1.65 4.29 7.94 -1000 25.86 1.62 257.186
car -1 -1 0.00 0.00 0.00 100.00 100.00 -1000 1.71 4.09 -12.56 -1000 40.37 1.71 253.304
car -1 -1 0.00 0.00 0.00 100.00 100.00 -1000 1.65 4.54 17.35 -1000 19.78 1.61 253.288
car -1 -1 0.00 0.00 0.00 100.00 100.00 -1000 1.68 4.28 -0.07 -1000 45.66 1.66 252.462
car -1 -1 0.00 0.00 0.00 100.00 100.00 -1000 1.81 4.26 -4.73 -1000 42.76 1.62 252.272
car -1 -1 0.00 0.00 0.00 100.00 100.00 -1000 1.61 3.82 -16.02 -1000 23.56 1.55 245.655
car -1 -1 0.00 0.00 0.00 100.00 100.00 -1000 2.28 5.48 -14.95 -1000 29.50 1.56 245.420
car -1 -1 0.00 0.00 0.00 100.00 100.00 -1000 1.76 4.77 -15.26 -1000 38.08 1.61 244.629
car -1 -1 0.00 0.00 0.00 100.00 100.00 -1000 1.56 4.25 4.17 -1000 20.38 1.56 242.378
car -1 -1 0.00 0.00 0.00 100.00 100.00 -1000 1.62 3.41 -14.55 -1000 17.19 1.64 239.481
car -1 -1 0.00 0.00 0.00 100.00 100.00 -1000 1.73 3.82 -18.22 -1000 33.76 1.48 237.139
car -1 -1 0.00 0.00 0.00 100.00 100.00 -1000 1.57 3.68 17.02 -1000 16.68 1.60 235.571
car -1 -1 0.00 0.00 0.00 100.00 100.00 -1000 1.77 3.76 2.75 -1000 32.63 1.78 234.613
car -1 -1 0.00 0.00 0.00 100.00 100.00 -1000 1.68 4.21 7.57 -1000 46.44 1.54 233.270
car -1 -1 0.00 0.00 0.00 100.00 100.00 -1000 1.87 4.87 -14.34 -1000 32.26 1.53 231.951
car -1 -1 0.00 0.00 0.00 100.00 100.00 -1000 1.96 5.65 -15.60 -1000 41.12 1.45 231.361
car -1 -1 0.00 0.00 0.00 100.00 100.00 -1000 1.67 4.33 15.12 -1000 46.49 1.63 230.620
