car -1 -1 0.00 0.00 0.00 100.00 100.00 -1000 1.83 4.56 16.07 -1000 22.20 -0.20 998.288
car -1 -1 0.00 0.00 0.00 100.00 100.00 -1000 1.62 4.04 14.83 -1000 22.62 -0.11 997.320
car -1 -1 0.00 0.00 0.00 100.00 100.00 -1000 1.61 3.81 -1.10 -1000 31.93 -0.23 995.379
car -1 -1 0.00 0.00 0.00 100.00 100.00 -1000 1.48 3.65 13.41 -1000 23.75 1.58 995.156
car -1 -1 0.00 0.00 0.00 100.00 100.00 -1000 1.45 2.76 15.85 -1000 23.14 1.57 995.118
car -1 -1 0.00 0.00 0.00 100.00 100.00 -1000 2.11 6.01 18.66 -1000 25.23 1.45 994.271
car -1 -1 0.00 0.00 0.00 100.00 100.00 -1000 1.50 3.01 17.27 -1000 23.01 1.57 994.217
car -1 -1 0.00 0.00 0.00 100.00 100.00 -1000 1.48 2.91 14.77 -1000 23.51 1.55 994.025
car -1 -1 0.00 0.00 0.00 100.00 100.00 -1000 1.49 2.95 -0.85 -1000 32.70 1.57 993.691
car -1 -1 0.00 0.00 0.00 100.00 100.00 -1000 1.61 3.57 17.67 -1000 22.10 -0.09 993.062
car -1 -1 0.00 0.00 0.00 100.00 100.00 -1000 1.76 4.78 18.56 -1000 26.01 1.54 991.441
car -1 -1 0.00 0.00 0.00 100.00 100.00 -1000 1.50 3.22 18.50 -1000 23.19 1.58 987.501
car -1 -1 0.00 0.00 0.00 100.00 100.00 -1000 2.12 5.99 13.21 -1000 25.27 1.54 983.314
car -1 -1 0.00 0.00 0.00 100.00 100.00 -1000 1.56 3.86 13.05 -1000 26.47 1.58 976.340
car -1 -1 0.00 0.00 0.00 100.00 100.00 -1000 1.96 5.22 18.46 -1000 24.11 1.60 972.829
car -1 -1 0.00 0.00 0.00 100.00 100.00 -1000 1.46 3.72 13.89 -1000 23.08 -0.15 971.479
car -1 -1 0.00 0.00 0.00 100.00 100.00 -1000 1.70 4.23 18.49 -1000 26.94 1.47 966.600
car -1 -1 0.00 0.00 0.00 100.00 100.00 -1000 1.41 2.91 6.37 -1000 29.82 1.56 964.561
car -1 -1 0.00 0.00 0.00 100.00 100.00 -1000 1.63 3.24 13.19 -1000 24.57 1.49 959.004
car -1 -1 0.00 0.00 0.00 100.00 100.00 -1000 1.45 3.23 6.54 -1000 28.99 -0.07 947.512
car -1 -1 0.00 0.00 0.00 100.00 100.00 -1000 1.52 3.21 -1.29 -1000 33.40 1.50 945.231
car -1 -1 0.00 0.00 0.00 100.00 100.00 -1000 1.57 3.44 13.06 -1000 25.67 1.48 940.769
car -1 -1 0.00 0.00 0.00 100.00 100.00 -1000 1.46 3.03 5.75 -1000 34.79 1.60 932.850
car -1 -1 0.00 0.00 0.00 100.00 100.00 -1000 1.90 5.01 16.05 -1000 23.92 1.49 928.307
car -1 -1 0.00 0.00 0.00 100.00 100.00 -1000 1.71 5.15 12.94 -1000 27.57 1.57 921.394
car -1 -1 0.00 0.00 0.00 100.00 100.00 -1000 1.38 3.09 18.84 -1000 22.35 -0.32 911.380
car -1 -1 0.00 0.00 0.00 100.00 100.00 -1000 2.89 6.96 14.04 -1000 26.27 1.54 909.529
car -1 -1 0.00 0.00 0.00 100.00 100.00 -1000 1.54 3.11 4.57 -1000 35.13 1.60 889.148
car -1 -1 0.00 0.00 0.00 100.00 100.00 -1000 1.44 3.15 -5.80 -1000 47.61 1.60 880.197
car -1 -1 0.00 0.00 0.00 100.00 100.00 -1000 1.40 3.02 -4.13 -1000 41.54 1.57 877.740
car -1 -1 0.00 0.00 0.00 100.00 100.00 -1000 1.48 3.71 18.92 -1000 24.71 -0.49 873.551
car -1 -1 0.00 0.00 0.00 100.00 100.00 -1000 1.60 3.41 -2.26 -1000 32.80 1.55 866.314
car -1 -1 0.00 0.00 0.00 100.00 100.00 -1000 1.65 4.30 18.61 -1000 28.04 1.50 862.119
car -1 -1 0.00 0.00 0.00 100.00 100.00 -1000 1.47 3.16 -5.36 -1000 41.18 1.60 858.534
car -1 -1 0.00 0.00 0.00 100.00 100.00 -1000 1.55 3.35 3.01 -1000 29.87 1.64 855.615
car -1 -1 0.00 0.00 0.00 100.00 100.00 -1000 1.66 3.54 -6.55 -1000 46.43 -0.23 850.127
car -1 -1 0.00 0.00 0.00 100.00 100.00 -1000 1.62 3.61 0.18 -1000 33.42 1.67 849.084
car -1 -1 0.00 0.00 0.00 100.00 100.00 -1000 1.50 3.42 6.20 -1000 33.84 -0.18 848.658
car -1 -1 0.00 0.00 0.00 100.00 100.00 -1000 1.81 4.48 13.34 -1000 22.33 -0.25 848.054
car -1 -1 0.00 0.00 0.00 100.00 100.00 -1000 1.52 3.72 13.02 -1000 28.19 1.47 847.580
car -1 -1 0.00 0.00 0.00 100.00 100.00 -1000 1.43 2.97 -6.80 -1000 47.26 1.60 846.919
car -1 -1 0.00 0.00 0.00 100.00 100.00 -1000 1.57 3.71 13.50 -1000 17.33 -0.21 839.555
car -1 -1 0.00 0.00 0.00 100.00 100.00 -1000 2.11 5.92 -0.40 -1000 34.00 1.54 824.285
car -1 -1 0.00 0.00 0.00 100.00 100.00 -1000 1.54 3.51 6.63 -1000 35.24 1.60 819.417
car -1 -1 0.00 0.00 0.00 100.00 100.00 -1000 1.93 4.95 19.15 -1000 28.88 1.60 818.688
car -1 -1 0.00 0.00 0.00 100.00 100.00 -1000 1.54 4.00 2.89 -1000 17.33 1.52 814.543
car -1 -1 0.00 0.00 0.00 100.00 100.00 -1000 1.49 3.19 -6.69 -1000 40.76 1.56 798.299
car -1 -1 0.00 0.00 0.00 100.00 100.00 -1000 1.48 3.41 -4.42 -1000 40.73 -0.19 795.046
car -1 -1 0.00 0.00 0.00 100.00 100.00 -1000 1.78 4.50 6.32 -1000 30.39 1.55 793.175
car -1 -1 0.00 0.00 0.00 100.00 100.00 -1000 1.65 3.63 -3.49 -1000 33.10 1.60 777.467
car -1 -1 0.00 0.00 0.00 100.00 100.00 -1000 2.46 6.42 1.55 -1000 34.58 1.63 776.440
car -1 -1 0.00 0.00 0.00 100.00 100.00 -1000 1.69 3.70 12.15 -1000 23.04 1.58 773.272
car -1 -1 0.00 0.00 0.00 100.00 100.00 -1000 1.76 3.98 3.55 -1000 34.69 1.58 769.493
car -1 -1 0.00 0.00 0.00 100.00 100.00 -1000 1.46 2.89 3.89 -1000 8.03 1.55 768.392
car -1 -1 0.00 0.00 0.00 100.00 100.00 -1000 1.51 3.14 2.56 -1000 29.13 1.65 762.116
car -1 -1 0.00 0.00 0.00 100.00 100.00 -1000 1.70 3.64 13.57 -1000 18.29 1.61 761.935
car -1 -1 0.00 0.00 0.00 100.00 100.00 -1000 1.87 5.16 -2.65 -1000 33.78 1.48 759.319
car -1 -1 0.00 0.00 0.00 100.00 100.00 -1000 1.54 3.43 -5.71 -1000 40.32 -0.22 757.998
car -1 -1 0.00 0.00 0.00 100.00 100.00 -1000 1.69 5.03 12.74 -1000 28.87 1.60 747.286
car -1 -1 0.00 0.00 0.00 100.00 100.00 -1000 1.56 3.30 -7.95 -1000 46.93 1.60 743.657
car -1 -1 0.00 0.00 0.00 100.00 100.00 -1000 2.10 5.23 12.25 -1000 38.38 1.67 742.817
car -1 -1 0.00 0.00 0.00 100.00 100.00 -1000 1.64 4.26 19.33 -1000 29.82 1.52 742.528
car -1 -1 0.00 0.00 0.00 100.00 100.00 -1000 1.48 3.49 -2.99 -1000 41.09 -0.21 739.935
car -1 -1 0.00 0.00 0.00 100.00 100.00 -1000 1.57 3.37 10.53 -1000 14.17 1.57 735.128
car -1 -1 0.00 0.00 0.00 100.00 100.00 -1000 2.02 4.26 3.86 -1000 8.85 1.50 733.830
car -1 -1 0.00 0.00 0.00 100.00 100.00 -1000 1.57 3.12 -5.35 -1000 46.82 -0.27 726.318
car -1 -1 0.00 0.00 0.00 100.00 100.00 -1000 1.77 4.71 3.59 -1000 30.51 1.59 723.182
car -1 -1 0.00 0.00 0.00 100.00 100.00 -1000 1.89 4.71 4.18 -1000 35.68 1.57 717.444
car -1 -1 0.00 0.00 0.00 100.00 100.00 -1000 1.53 3.44 10.27 -1000 12.97 1.57 708.530
car -1 -1 0.00 0.00 0.00 100.00 100.00 -1000 1.70 4.14 12.60 -1000 33.72 1.77 694.529
car -1 -1 0.00 0.00 0.00 100.00 100.00 -1000 1.55 3.17 -1.82 -1000 31.19 1.46 687.002
car -1 -1 0.00 0.00 0.00 100.00 100.00 -1000 1.61 3.49 -8.66 -1000 46.35 -0.15 683.105
car -1 -1 0.00 0.00 0.00 100.00 100.00 -1000 1.61 4.11 -2.77 -1000 42.02 1.59 678.508
car -1 -1 0.00 0.00 0.00 100.00 100.00 -1000 1.56 3.36 -4.40 -1000 47.84 1.71 677.511
car -1 -1 0.00 0.00 0.00 100.00 100.00 -1000 1.65 4.02 4.22 -1000 34.00 1.56 676.305
car -1 -1 0.00 0.00 0.00 100.00 100.00 -1000 1.61 3.57 0.60 -1000 32.46 1.64 670.398
car -1 -1 0.00 0.00 0.00 100.00 100.00 -1000 1.90 5.10 4.35 -1000 31.70 1.56 670.363
car -1 -1 0.00 0.00 0.00 100.00 100.00 -1000 1.56 3.67 12.57 -1000 29.79 1.47 660.946
car -1 -1 0.00 0.00 0.00 100.00 100.00 -1000 1.70 4.62 12.66 -1000 30.55 1.60 659.327
car -1 -1 0.00 0.00 0.00 100.00 100.00 -1000 1.59 3.67 -7.64 -1000 45.62 1.50 656.823
car -1 -1 0.00 0.00 0.00 100.00 100.00 -1000 1.64 3.37 -10.05 -1000 46.51 1.63 653.453
car -1 -1 0.00 0.00 0.00 100.00 100.00 -1000 2.71 10.10 16.29 -1000 25.00 1.43 650.711
car -1 -1 0.00 0.00 0.00 100.00 100.00 -1000 1.48 3.07 5.67 -1000 28.39 1.54 648.746
car -1 -1 0.00 0.00 0.00 100.00 100.00 -1000 1.42 3.22 2.54 -1000 16.65 1.49 641.029
car -1 -1 0.00 0.00 0.00 100.00 100.00 -1000 1.52 3.42 11.15 -1000 22.61 1.56 639.602
car -1 -1 0.00 0.00 0.00 100.00 100.00 -1000 1.55 3.60 -6.77 -1000 39.94 -0.24 634.463
car -1 -1 0.00 0.00 0.00 100.00 100.00 -1000 1.54 3.02 13.03 -1000 21.50 1.50 632.860
car -1 -1 0.00 0.00 0.00 100.00 100.00 -1000 1.55 3.57 8.06 -1000 29.55 1.62 625.478
car -1 -1 0.00 0.00 0.00 100.00 100.00 -1000 2.98 8.49 17.24 -1000 26.21 1.44 621.719
car -1 -1 0.00 0.00 0.00 100.00 100.00 -1000 1.58 3.38 6.47 -1000 21.73 1.60 619.804
car -1 -1 0.00 0.00 0.00 100.00 100.00 -1000 1.97 5.05 5.14 -1000 32.57 1.56 619.459
car -1 -1 0.00 0.00 0.00 100.00 100.00 -1000 2.35 6.95 -1.97 -1000 34.65 1.42 601.972
car -1 -1 0.00 0.00 0.00 100.00 100.00 -1000 1.60 3.77 12.57 -1000 31.41 1.49 597.576
car -1 -1 0.00 0.00 0.00 100.00 100.00 -1000 1.64 3.97 2.91 -1000 31.28 1.64 595.345
car -1 -1 0.00 0.00 0.00 100.00 100.00 -1000 1.45 3.15 12.02 -1000 21.99 1.63 575.574
car -1 -1 0.00 0.00 0.00 100.00 100.00 -1000 1.64 4.85 12.86 -1000 32.54 1.59 574.056
car -1 -1 0.00 0.00 0.00 100.00 100.00 -1000 1.36 3.21 18.55 -1000 21.49 -0.31 568.047
car -1 -1 0.00 0.00 0.00 100.00 100.00 -1000 1.69 3.78 1.21 -1000 31.47 1.57 566.939
car -1 -1 0.00 0.00 0.00 100.00 100.00 -1000 1.63 4.93 12.52 -1000 34.78 1.74 566.607
car -1 -1 0.00 0.00 0.00 100.00 100.00 -1000 1.65 3.44 -8.34 -1000 40.05 1.64 561.156
car -1 -1 0.00 0.00 0.00 100.00 100.00 -1000 1.66 4.13 -18.31 -1000 36.61 1.60 561.017
car -1 -1 0.00 0.00 0.00 100.00 100.00 -1000 1.86 4.80 12.40 -1000 37.06 1.48 549.696
car -1 -1 0.00 0.00 0.00 100.00 100.00 -1000 1.72 4.01 6.37 -1000 11.31 1.62 546.671
car -1 -1 0.00 0.00 0.00 100.00 100.00 -1000 1.48 3.09 10.81 -1000 21.77 -0.24 544.174
car -1 -1 0.00 0.00 0.00 100.00 100.00 -1000 1.79 4.26 12.02 -1000 43.49 1.38 530.876
car -1 -1 0.00 0.00 0.00 100.00 100.00 -1000 1.90 4.72 12.17 -1000 40.97 1.64 523.430
car -1 -1 0.00 0.00 0.00 100.00 100.00 -1000 1.78 4.04 12.66 -1000 35.88 1.75 523.122
car -1 -1 0.00 0.00 0.00 100.00 100.00 -1000 1.80 3.77 -3.95 -1000 36.83 1.63 521.688
car -1 -1 0.00 0.00 0.00 100.00 100.00 -1000 2.10 4.56 7.21 -1000 36.26 1.59 520.393
car -1 -1 0.00 0.00 0.00 100.00 100.00 -1000 1.74 4.53 12.36 -1000 42.58 1.73 520.114
car -1 -1 0.00 0.00 0.00 100.00 100.00 -1000 1.70 3.78 -4.35 -1000 32.35 1.61 519.555
car -1 -1 0.00 0.00 0.00 100.00 100.00 -1000 1.75 4.07 4.06 -1000 28.69 1.62 515.731
car -1 -1 0.00 0.00 0.00 100.00 100.00 -1000 2.14 6.09 16.46 -1000 27.06 1.47 507.204
car -1 -1 0.00 0.00 0.00 100.00 100.00 -1000 1.87 4.92 -1.06 -1000 30.52 1.63 503.706
car -1 -1 0.00 0.00 0.00 100.00 100.00 -1000 1.54 3.78 5.47 -1000 33.24 1.56 502.632
car -1 -1 0.00 0.00 0.00 100.00 100.00 -1000 1.75 4.19 11.76 -1000 16.74 1.64 501.092
car -1 -1 0.00 0.00 0.00 100.00 100.00 -1000 1.48 3.27 -3.77 -1000 47.14 -0.15 499.805
car -1 -1 0.00 0.00 0.00 100.00 100.00 -1000 1.64 4.56 10.66 -1000 15.32 1.67 499.754
car -1 -1 0.00 0.00 0.00 100.00 100.00 -1000 1.78 5.01 8.17 -1000 30.49 1.61 498.463
car -1 -1 0.00 0.00 0.00 100.00 100.00 -1000 1.57 3.81 4.82 -1000 9.70 1.56 496.730
car -1 -1 0.00 0.00 0.00 100.00 100.00 -1000 1.79 4.19 5.59 -1000 23.73 1.63 496.535
car -1 -1 0.00 0.00 0.00 100.00 100.00 -1000 2.36 6.75 6.43 -1000 31.80 1.50 495.456
car -1 -1 0.00 0.00 0.00 100.00 100.00 -1000 1.51 2.93 6.08 -1000 10.18 1.62 492.107
car -1 -1 0.00 0.00 0.00 100.00 100.00 -1000 1.62 3.63 3.82 -1000 10.92 1.60 492.080
car -1 -1 0.00 0.00 0.00 100.00 100.00 -1000 1.74 4.63 11.87 -1000 23.85 1.56 489.238
car -1 -1 0.00 0.00 0.00 100.00 100.00 -1000 1.48 3.39 7.02 -1000 34.50 1.59 486.535
car -1 -1 0.00 0.00 0.00 100.00 100.00 -1000 1.70 3.98 7.58 -1000 28.55 -0.28 482.882
car -1 -1 0.00 0.00 0.00 100.00 100.00 -1000 1.63 3.57 4.98 -1000 29.42 -0.08 481.362
car -1 -1 0.00 0.00 0.00 100.00 100.00 -1000 1.60 4.23 13.31 -1000 16.16 1.51 470.162
car -1 -1 0.00 0.00 0.00 100.00 100.00 -1000 1.58 3.23 3.81 -1000 7.09 1.72 468.814
car -1 -1 0.00 0.00 0.00 100.00 100.00 -1000 1.97 5.65 2.64 -1000 35.33 1.68 461.464
car -1 -1 0.00 0.00 0.00 100.00 100.00 -1000 1.73 4.25 10.70 -1000 33.00 1.64 451.823
car -1 -1 0.00 0.00 0.00 100.00 100.00 -1000 2.11 5.63 -5.15 -1000 41.76 1.57 449.968
car -1 -1 0.00 0.00 0.00 100.00 100.00 -1000 1.85 5.06 5.59 -1000 8.44 1.51 447.776
car -1 -1 0.00 0.00 0.00 100.00 100.00 -1000 1.54 3.65 -3.12 -1000 30.65 1.59 447.457
car -1 -1 0.00 0.00 0.00 100.00 100.00 -1000 1.96 5.36 14.62 -1000 27.92 1.56 435.078
car -1 -1 0.00 0.00 0.00 100.00 100.00 -1000 1.79 4.63 1.79 -1000 33.10 1.64 432.469
car -1 -1 0.00 0.00 0.00 100.00 100.00 -1000 1.66 3.67 6.18 -1000 27.53 1.51 429.462
car -1 -1 0.00 0.00 0.00 100.00 100.00 -1000 1.80 4.48 -4.33 -1000 46.05 1.49 427.203
car -1 -1 0.00 0.00 0.00 100.00 100.00 -1000 1.69 4.32 -3.17 -1000 31.60 1.62 420.177
car -1 -1 0.00 0.00 0.00 100.00 100.00 -1000 1.68 4.22 -9.47 -1000 45.69 1.59 416.401
car -1 -1 0.00 0.00 0.00 100.00 100.00 -1000 1.64 3.61 11.98 -1000 21.05 1.52 414.109
car -1 -1 0.00 0.00 0.00 100.00 100.00 -1000 1.81 4.58 11.82 -1000 44.39 1.41 412.117
car -1 -1 0.00 0.00 0.00 100.00 100.00 -1000 1.88 4.29 -6.04 -1000 45.10 1.54 411.944
car -1 -1 0.00 0.00 0.00 100.00 100.00 -1000 1.90 4.67 11.36 -1000 17.72 1.52 404.475
car -1 -1 0.00 0.00 0.00 100.00 100.00 -1000 1.52 3.35 16.98 -1000 21.45 1.68 403.199
car -1 -1 0.00 0.00 0.00 100.00 100.00 -1000 1.72 3.85 5.00 -1000 21.75 1.68 403.111
car -1 -1 0.00 0.00 0.00 100.00 100.00 -1000 1.85 4.56 3.89 -1000 33.08 1.62 402.229
car -1 -1 0.00 0.00 0.00 100.00 100.00 -1000 1.78 4.34 7.16 -1000 10.55 1.65 401.249
car -1 -1 0.00 0.00 0.00 100.00 100.00 -1000 1.82 4.30 -4.90 -1000 39.70 1.55 399.662
car -1 -1 0.00 0.00 0.00 100.00 100.00 -1000 2.37 5.71 14.28 -1000 21.11 1.39 399.530
car -1 -1 0.00 0.00 0.00 100.00 100.00 -1000 1.72 4.58 -9.02 -1000 47.31 1.63 397.802
car -1 -1 0.00 0.00 0.00 100.00 100.00 -1000 1.69 4.14 10.30 -1000 33.83 1.55 396.579
car -1 -1 0.00 0.00 0.00 100.00 100.00 -1000 1.83 4.59 3.72 -1000 11.65 1.64 396.188
car -1 -1 0.00 0.00 0.00 100.00 100.00 -1000 1.90 4.62 11.38 -1000 40.28 1.52 395.063
car -1 -1 0.00 0.00 0.00 100.00 100.00 -1000 1.76 3.97 7.18 -1000 23.53 1.62 391.736
car -1 -1 0.00 0.00 0.00 100.00 100.00 -1000 2.08 5.36 1.83 -1000 8.58 1.66 389.875
car -1 -1 0.00 0.00 0.00 100.00 100.00 -1000 1.46 3.50 2.41 -1000 15.70 1.59 389.648
car -1 -1 0.00 0.00 0.00 100.00 100.00 -1000 1.67 3.78 2.92 -1000 15.01 1.61 387.268
car -1 -1 0.00 0.00 0.00 100.00 100.00 -1000 1.68 4.28 12.16 -1000 45.91 1.73 383.648
car -1 -1 0.00 0.00 0.00 100.00 100.00 -1000 1.63 3.48 6.01 -1000 21.00 1.67 382.574
car -1 -1 0.00 0.00 0.00 100.00 100.00 -1000 2.42 6.65 19.24 -1000 30.49 1.57 378.301
car -1 -1 0.00 0.00 0.00 100.00 100.00 -1000 1.67 4.75 12.81 -1000 18.88 1.52 377.774
car -1 -1 0.00 0.00 0.00 100.00 100.00 -1000 1.85 4.70 12.19 -1000 39.42 1.69 377.717
car -1 -1 0.00 0.00 0.00 100.00 100.00 -1000 1.60 3.90 9.04 -1000 29.07 1.64 376.599
car -1 -1 0.00 0.00 0.00 100.00 100.00 -1000 1.58 3.49 -18.73 -1000 35.63 1.71 375.081
car -1 -1 0.00 0.00 0.00 100.00 100.00 -1000 1.51 3.39 10.24 -1000 21.05 1.52 370.928
car -1 -1 0.00 0.00 0.00 100.00 100.00 -1000 1.74 4.40 2.68 -1000 32.23 1.63 370.391
car -1 -1 0.00 0.00 0.00 100.00 100.00 -1000 1.43 3.03 2.32 -1000 28.35 -0.35 365.978
car -1 -1 0.00 0.00 0.00 100.00 100.00 -1000 1.87 5.11 1.61 -1000 30.28 1.54 363.112
car -1 -1 0.00 0.00 0.00 100.00 100.00 -1000 1.82 5.65 3.14 -1000 18.02 1.60 362.518
car -1 -1 0.00 0.00 0.00 100.00 100.00 -1000 1.73 4.62 9.24 -1000 29.90 1.62 361.742
car -1 -1 0.00 0.00 0.00 100.00 100.00 -1000 2.25 6.79 -2.91 -1000 35.90 1.56 360.494
car -1 -1 0.00 0.00 0.00 100.00 100.00 -1000 1.68 3.56 6.07 -1000 9.20 1.61 352.203
car -1 -1 0.00 0.00 0.00 100.00 100.00 -1000 1.92 5.00 7.22 -1000 12.07 1.65 351.395
car -1 -1 0.00 0.00 0.00 100.00 100.00 -1000 1.77 4.05 9.51 -1000 12.21 1.60 348.232
car -1 -1 0.00 0.00 0.00 100.00 100.00 -1000 1.86 4.33 11.25 -1000 19.69 1.66 345.082
car -1 -1 0.00 0.00 0.00 100.00 100.00 -1000 1.96 5.61 16.92 -1000 28.28 1.60 343.597
car -1 -1 0.00 0.00 0.00 100.00 100.00 -1000 1.73 3.76 -18.33 -1000 26.28 1.67 340.662
car -1 -1 0.00 0.00 0.00 100.00 100.00 -1000 1.73 3.89 3.06 -1000 12.44 1.56 338.915
car -1 -1 0.00 0.00 0.00 100.00 100.00 -1000 1.60 3.79 -10.66 -1000 45.23 1.59 336.614
car -1 -1 0.00 0.00 0.00 100.00 100.00 -1000 1.74 4.78 10.74 -1000 29.04 1.61 334.698
car -1 -1 0.00 0.00 0.00 100.00 100.00 -1000 2.04 5.87 -4.24 -1000 35.14 1.56 333.511
car -1 -1 0.00 0.00 0.00 100.00 100.00 -1000 2.11 5.13 -2.93 -1000 37.59 1.61 329.633
car -1 -1 0.00 0.00 0.00 100.00 100.00 -1000 1.66 4.42 5.39 -1000 14.87 1.64 328.010
car -1 -1 0.00 0.00 0.00 100.00 100.00 -1000 1.94 4.73 12.01 -1000 47.03 1.70 327.395
car -1 -1 0.00 0.00 0.00 100.00 100.00 -1000 2.01 5.15 16.32 -1000 20.83 1.49 325.613
car -1 -1 0.00 0.00 0.00 100.00 100.00 -1000 1.86 5.78 11.19 -1000 18.55 1.64 325.136
car -1 -1 0.00 0.00 0.00 100.00 100.00 -1000 1.83 4.68 -3.46 -1000 40.13 1.54 322.802
car -1 -1 0.00 0.00 0.00 100.00 100.00 -1000 2.12 6.07 10.51 -1000 30.98 1.63 319.017
car -1 -1 0.00 0.00 0.00 100.00 100.00 -1000 1.65 4.31 -9.22 -1000 40.55 1.60 318.297
car -1 -1 0.00 0.00 0.00 100.00 100.00 -1000 1.48 3.13 -15.92 -1000 19.15 1.42 317.124
car -1 -1 0.00 0.00 0.00 100.00 100.00 -1000 1.81 4.82 -5.31 -1000 36.52 1.73 313.230
car -1 -1 0.00 0.00 0.00 100.00 100.00 -1000 0.98 1.93 -6.49 -1000 46.62 -0.26 313.116
car -1 -1 0.00 0.00 0.00 100.00 100.00 -1000 2.07 5.04 11.61 -1000 41.78 1.71 312.310
car -1 -1 0.00 0.00 0.00 100.00 100.00 -1000 1.82 3.74 10.87 -1000 16.13 1.56 311.615
car -1 -1 0.00 0.00 0.00 100.00 100.00 -1000 1.65 4.36 8.80 -1000 34.75 1.59 307.255
car -1 -1 0.00 0.00 0.00 100.00 100.00 -1000 1.85 5.35 -1.88 -1000 36.78 1.60 304.664
car -1 -1 0.00 0.00 0.00 100.00 100.00 -1000 2.27 5.57 8.88 -1000 31.50 1.59 302.262
car -1 -1 0.00 0.00 0.00 100.00 100.00 -1000 1.49 2.99 -15.29 -1000 19.74 1.66 292.734
car -1 -1 0.00 0.00 0.00 100.00 100.00 -1000 1.34 2.99 -2.79 -1000 47.69 -0.29 289.049
car -1 -1 0.00 0.00 0.00 100.00 100.00 -1000 1.79 4.90 11.39 -1000 25.00 1.66 287.986
car -1 -1 0.00 0.00 0.00 100.00 100.00 -1000 2.35 6.17 -18.52 -1000 30.54 1.67 286.557
car -1 -1 0.00 0.00 0.00 100.00 100.00 -1000 1.67 3.73 -15.59 -1000 20.69 1.58 281.926
car -1 -1 0.00 0.00 0.00 100.00 100.00 -1000 1.73 5.57 0.35 -1000 8.04 1.58 279.307
car -1 -1 0.00 0.00 0.00 100.00 100.00 -1000 1.69 3.16 -18.70 -1000 25.47 -0.18 274.402
car -1 -1 0.00 0.00 0.00 100.00 100.00 -1000 1.78 4.27 -7.30 -1000 39.17 1.60 273.319
car -1 -1 0.00 0.00 0.00 100.00 100.00 -1000 1.82 5.21 10.82 -1000 32.18 1.65 271.848
car -1 -1 0.00 0.00 0.00 100.00 100.00 -1000 1.77 4.42 4.73 -1000 27.90 1.60 270.719
car -1 -1 0.00 0.00 0.00 100.00 100.00 -1000 1.74 4.30 6.69 -1000 22.48 1.59 270.237
car -1 -1 0.00 0.00 0.00 100.00 100.00 -1000 1.65 3.45 -9.98 -1000 39.68 -0.09 270.043
car -1 -1 0.00 0.00 0.00 100.00 100.00 -1000 1.76 4.36 -1.22 -1000 41.62 1.62 268.650
car -1 -1 0.00 0.00 0.00 100.00 100.00 -1000 1.67 4.21 7.92 -1000 35.51 1.62 266.396
car -1 -1 0.00 0.00 0.00 100.00 100.00 -1000 1.76 4.50 -2.77 -1000 46.33 1.53 266.278
car -1 -1 0.00 0.00 0.00 100.00 100.00 -1000 1.62 3.86 3.87 -1000 22.15 1.67 265.808
car -1 -1 0.00 0.00 0.00 100.00 100.00 -1000 1.77 5.30 2.28 -1000 10.60 1.52 265.427
car -1 -1 0.00 0.00 0.00 100.00 100.00 -1000 1.87 5.48 12.91 -1000 20.43 1.47 264.087
car -1 -1 0.00 0.00 0.00 100.00 100.00 -1000 1.63 3.91 5.10 -1000 46.41 1.62 263.307
car -1 -1 0.00 0.00 0.00 100.00 100.00 -1000 1.87 4.87 10.42 -1000 27.89 1.63 258.297
car -1 -1 0.00 0.00 0.00 100.00 100.00 -1000 1.99 5.78 7.38 -1000 32.63 1.53 257.585
car -1 -1 0.00 0.00 0.00 100.00 100.00 -1000 1.94 5.82 7.24 -1000 7.94 1.42 254.932
car -1 -1 0.00 0.00 0.00 100.00 100.00 -1000 1.61 3.66 11.24 -1000 13.56 1.60 254.650
car -1 -1 0.00 0.00 0.00 100.00 100.00 -1000 1.76 5.21 13.99 -1000 34.21 1.59 250.428
car -1 -1 0.00 0.00 0.00 100.00 100.00 -1000 1.86 4.96 0.02 -1000 29.81 1.59 250.028
car -1 -1 0.00 0.00 0.00 100.00 100.00 -1000 1.80 4.23 -2.49 -1000 39.52 1.53 244.697
car -1 -1 0.00 0.00 0.00 100.00 100.00 -1000 1.78 4.47 7.54 -1000 9.73 1.63 243.603
car -1 -1 0.00 0.00 0.00 100.00 100.00 -1000 1.96 5.05 -1.10 -1000 42.55 1.63 243.169
car -1 -1 0.00 0.00 0.00 100.00 100.00 -1000 1.79 5.00 12.68 -1000 45.14 1.72 242.409
car -1 -1 0.00 0.00 0.00 100.00 100.00 -1000 2.18 5.69 -3.14 -1000 42.76 1.50 242.209
car -1 -1 0.00 0.00 0.00 100.00 100.00 -1000 2.55 7.74 -0.89 -1000 35.49 1.38 240.889
car -1 -1 0.00 0.00 0.00 100.00 100.00 -1000 1.64 4.22 -7.75 -1000 44.82 1.65 240.127
car -1 -1 0.00 0.00 0.00 100.00 100.00 -1000 1.57 3.78 2.77 -1000 14.13 1.61 235.961
car -1 -1 0.00 0.00 0.00 100.00 100.00 -1000 1.58 3.67 -13.40 -1000 18.25 1.53 234.100
car -1 -1 0.00 0.00 0.00 100.00 100.00 -1000 1.92 5.18 -7.37 -1000 41.58 1.56 232.865
car -1 -1 0.00 0.00 0.00 100.00 100.00 -1000 1.69 4.38 10.38 -1000 23.43 1.69 230.260
car -1 -1 0.00 0.00 0.00 100.00 100.00 -1000 1.65 3.70 -14.34 -1000 18.76 1.55 227.474
car -1 -1 0.00 0.00 0.00 100.00 100.00 -1000 2.23 6.86 4.13 -1000 36.61 1.50 222.246
car -1 -1 0.00 0.00 0.00 100.00 100.00 -1000 1.93 4.91 -3.72 -1000 39.10 1.56 221.385
car -1 -1 0.00 0.00 0.00 100.00 100.00 -1000 1.75 4.76 13.87 -1000 33.13 1.75 220.963
car -1 -1 0.00 0.00 0.00 100.00 100.00 -1000 1.82 4.73 8.08 -1000 21.82 1.66 219.262
car -1 -1 0.00 0.00 0.00 100.00 100.00 -1000 1.86 4.36 4.60 -1000 22.90 1.68 218.696
car -1 -1 0.00 0.00 0.00 100.00 100.00 -1000 1.77 4.47 -3.97 -1000 30.06 1.61 217.943
car -1 -1 0.00 0.00 0.00 100.00 100.00 -1000 1.56 4.84 12.49 -1000 14.93 1.48 217.401
car -1 -1 0.00 0.00 0.00 100.00 100.00 -1000 1.84 4.48 14.96 -1000 16.09 1.51 213.334
car -1 -1 0.00 0.00 0.00 100.00 100.00 -1000 2.02 5.96 5.51 -1000 12.50 1.59 213.292
car -1 -1 0.00 0.00 0.00 100.00 100.00 -1000 1.80 5.30 1.62 -1000 38.28 1.58 213.279
car -1 -1 0.00 0.00 0.00 100.00 100.00 -1000 1.73 4.34 7.91 -1000 27.59 1.53 212.976
car -1 -1 0.00 0.00 0.00 100.00 100.00 -1000 1.89 5.00 1.96 -1000 11.81 1.61 211.080
car -1 -1 0.00 0.00 0.00 100.00 100.00 -1000 1.67 3.91 7.97 -1000 34.02 1.58 209.197
car -1 -1 0.00 0.00 0.00 100.00 100.00 -1000 1.92 4.35 13.19 -1000 40.33 1.51 208.598
car -1 -1 0.00 0.00 0.00 100.00 100.00 -1000 1.74 4.44 9.00 -1000 33.16 1.62 208.442
car -1 -1 0.00 0.00 0.00 100.00 100.00 -1000 1.77 5.04 10.19 -1000 35.08 1.61 207.913
car -1 -1 0.00 0.00 0.00 100.00 100.00 -1000 1.54 4.36 5.21 -1000 45.54 1.64 207.619
car -1 -1 0.00 0.00 0.00 100.00 100.00 -1000 2.51 7.37 14.78 -1000 28.95 1.72 205.498
car -1 -1 0.00 0.00 0.00 100.00 100.00 -1000 1.68 4.97 13.36 -1000 41.53 1.48 203.861
car -1 -1 0.00 0.00 0.00 100.00 100.00 -1000 1.90 5.78 2.67 -1000 9.71 1.52 203.684
car -1 -1 0.00 0.00 0.00 100.00 100.00 -1000 1.80 5.09 1.10 -1000 28.89 1.67 202.227
car -1 -1 0.00 0.00 0.00 100.00 100.00 -1000 1.97 6.60 -0.11 -1000 9.68 1.57 202.129
car -1 -1 0.00 0.00 0.00 100.00 100.00 -1000 1.57 4.65 -4.94 -1000 33.44 1.52 199.312
car -1 -1 0.00 0.00 0.00 100.00 100.00 -1000 1.66 3.41 -16.11 -1000 17.81 1.43 198.118
car -1 -1 0.00 0.00 0.00 100.00 100.00 -1000 1.77 4.54 8.43 -1000 8.46 1.57 197.501
car -1 -1 0.00 0.00 0.00 100.00 100.00 -1000 1.63 4.25 6.36 -1000 6.34 1.57 196.650
car -1 -1 0.00 0.00 0.00 100.00 100.00 -1000 2.03 5.46 10.59 -1000 20.48 1.56 196.601
car -1 -1 0.00 0.00 0.00 100.00 100.00 -1000 1.63 5.49 0.09 -1000 7.17 1.61 196.063
car -1 -1 0.00 0.00 0.00 100.00 100.00 -1000 2.04 5.48 11.35 -1000 26.17 1.67 192.488
car -1 -1 0.00 0.00 0.00 100.00 100.00 -1000 1.72 4.50 -15.34 -1000 24.66 1.56 190.789
car -1 -1 0.00 0.00 0.00 100.00 100.00 -1000 1.97 4.55 -5.29 -1000 38.71 1.58 190.504
car -1 -1 0.00 0.00 0.00 100.00 100.00 -1000 1.80 4.65 -4.14 -1000 45.17 1.56 189.562
car -1 -1 0.00 0.00 0.00 100.00 100.00 -1000 1.75 5.53 13.52 -1000 43.14 1.48 186.541
car -1 -1 0.00 0.00 0.00 100.00 100.00 -1000 1.45 3.79 1.66 -1000 16.22 1.42 185.797
car -1 -1 0.00 0.00 0.00 100.00 100.00 -1000 1.44 4.13 -12.13 -1000 43.94 1.52 185.439
car -1 -1 0.00 0.00 0.00 100.00 100.00 -1000 1.74 4.68 8.80 -1000 10.16 1.64 184.575
car -1 -1 0.00 0.00 0.00 100.00 100.00 -1000 1.77 4.09 13.51 -1000 37.71 -0.52 183.021
car -1 -1 0.00 0.00 0.00 100.00 100.00 -1000 1.67 4.42 4.87 -1000 17.38 1.61 182.901
car -1 -1 0.00 0.00 0.00 100.00 100.00 -1000 1.76 4.63 -15.88 -1000 27.20 1.55 181.346
car -1 -1 0.00 0.00 0.00 100.00 100.00 -1000 2.26 5.86 18.14 -1000 20.16 1.61 180.760
car -1 -1 0.00 0.00 0.00 100.00 100.00 -1000 1.68 3.96 14.99 -1000 17.58 1.66 180.592
car -1 -1 0.00 0.00 0.00 100.00 100.00 -1000 1.53 4.19 1.67 -1000 13.39 1.58 180.584
car -1 -1 0.00 0.00 0.00 100.00 100.00 -1000 1.69 4.04 -17.32 -1000 36.13 1.61 179.551
car -1 -1 0.00 0.00 0.00 100.00 100.00 -1000 1.75 4.40 7.35 -1000 6.87 1.59 176.823
car -1 -1 0.00 0.00 0.00 100.00 100.00 -1000 1.76 5.50 14.36 -1000 38.81 1.58 175.700
car -1 -1 0.00 0.00 0.00 100.00 100.00 -1000 1.75 3.92 -14.48 -1000 20.31 1.64 170.658
car -1 -1 0.00 0.00 0.00 100.00 100.00 -1000 1.56 4.05 0.73 -1000 16.95 1.57 168.593
car -1 -1 0.00 0.00 0.00 100.00 100.00 -1000 1.70 3.52 9.60 -1000 13.74 -0.06 167.701
car -1 -1 0.00 0.00 0.00 100.00 100.00 -1000 1.81 4.36 -15.31 -1000 25.85 1.60 167.657
car -1 -1 0.00 0.00 0.00 100.00 100.00 -1000 1.81 4.47 3.68 -1000 23.89 1.62 164.386
car -1 -1 0.00 0.00 0.00 100.00 100.00 -1000 1.80 5.10 14.10 -1000 36.34 1.71 160.786
car -1 -1 0.00 0.00 0.00 100.00 100.00 -1000 1.86 3.69 -18.25 -1000 29.93 -0.25 158.871
car -1 -1 0.00 0.00 0.00 100.00 100.00 -1000 1.68 4.45 -18.68 -1000 34.93 1.59 157.206
car -1 -1 0.00 0.00 0.00 100.00 100.00 -1000 1.85 4.50 14.08 -1000 15.47 1.65 155.922
car -1 -1 0.00 0.00 0.00 100.00 100.00 -1000 1.80 5.16 -18.12 -1000 27.01 1.61 154.674
car -1 -1 0.00 0.00 0.00 100.00 100.00 -1000 1.76 6.40 -1.52 -1000 9.04 1.61 153.267
car -1 -1 0.00 0.00 0.00 100.00 100.00 -1000 1.93 4.91 9.69 -1000 22.66 1.51 152.333
car -1 -1 0.00 0.00 0.00 100.00 100.00 -1000 1.85 4.99 -5.96 -1000 35.55 1.63 152.135
car -1 -1 0.00 0.00 0.00 100.00 100.00 -1000 1.87 4.41 3.37 -1000 13.46 1.63 150.506
