car -1 -1 0.00 0.00 0.00 100.00 100.00 -1000 1.46 3.18 13.90 -1000 33.67 1.43 997.101
car -1 -1 0.00 0.00 0.00 100.00 100.00 -1000 1.43 3.31 12.17 -1000 37.95 1.54 996.642
car -1 -1 0.00 0.00 0.00 100.00 100.00 -1000 1.45 3.07 0.46 -1000 19.11 1.47 996.548
car -1 -1 0.00 0.00 0.00 100.00 100.00 -1000 1.52 3.57 11.89 -1000 37.07 -0.17 996.308
car -1 -1 0.00 0.00 0.00 100.00 100.00 -1000 1.59 3.71 0.44 -1000 18.18 -0.18 995.799
car -1 -1 0.00 0.00 0.00 100.00 100.00 -1000 1.46 3.41 18.12 -1000 32.91 -0.13 993.664
car -1 -1 0.00 0.00 0.00 100.00 100.00 -1000 1.49 3.24 -5.71 -1000 36.18 1.54 992.140
car -1 -1 0.00 0.00 0.00 100.00 100.00 -1000 1.57 3.67 17.83 -1000 33.69 1.48 992.029
car -1 -1 0.00 0.00 0.00 100.00 100.00 -1000 1.62 3.71 17.25 -1000 32.44 -0.39 991.589
car -1 -1 0.00 0.00 0.00 100.00 100.00 -1000 1.75 4.13 14.44 -1000 32.86 -0.24 991.193
car -1 -1 0.00 0.00 0.00 100.00 100.00 -1000 1.82 4.18 2.74 -1000 37.39 -0.34 991.139
car -1 -1 0.00 0.00 0.00 100.00 100.00 -1000 1.64 3.52 14.10 -1000 34.57 1.53 990.393
car -1 -1 0.00 0.00 0.00 100.00 100.00 -1000 1.49 3.04 3.41 -1000 38.31 1.56 990.016
car -1 -1 0.00 0.00 0.00 100.00 100.00 -1000 1.47 2.97 15.26 -1000 33.56 1.59 988.976
car -1 -1 0.00 0.00 0.00 100.00 100.00 -1000 1.49 3.02 -11.46 -1000 39.66 1.58 985.535
car -1 -1 0.00 0.00 0.00 100.00 100.00 -1000 1.52 3.62 -5.94 -1000 35.10 -0.11 984.756
car -1 -1 0.00 0.00 0.00 100.00 100.00 -1000 1.91 4.66 14.72 -1000 35.23 1.50 977.755
car -1 -1 0.00 0.00 0.00 100.00 100.00 -1000 1.72 4.62 15.11 -1000 36.13 1.60 976.457
car -1 -1 0.00 0.00 0.00 100.00 100.00 -1000 1.98 4.39 10.36 -1000 37.68 -0.14 976.173
car -1 -1 0.00 0.00 0.00 100.00 100.00 -1000 1.53 3.61 -11.70 -1000 38.82 -0.22 974.661
car -1 -1 0.00 0.00 0.00 100.00 100.00 -1000 1.46 3.04 11.20 -1000 38.38 1.56 974.425
car -1 -1 0.00 0.00 0.00 100.00 100.00 -1000 1.48 3.23 7.15 -1000 32.12 1.54 974.282
car -1 -1 0.00 0.00 0.00 100.00 100.00 -1000 1.54 3.81 7.24 -1000 31.13 -0.29 973.792
car -1 -1 0.00 0.00 0.00 100.00 100.00 -1000 1.49 3.01 -6.62 -1000 35.69 1.55 973.617
car -1 -1 0.00 0.00 0.00 100.00 100.00 -1000 1.47 2.95 16.69 -1000 33.27 1.56 970.046
car -1 -1 0.00 0.00 0.00 100.00 100.00 -1000 1.47 3.64 3.00 -1000 38.97 1.42 964.448
car -1 -1 0.00 0.00 0.00 100.00 100.00 -1000 1.52 3.43 10.19 -1000 38.78 1.48 961.425
car -1 -1 0.00 0.00 0.00 100.00 100.00 -1000 1.50 3.12 12.96 -1000 34.27 1.56 961.409
car -1 -1 0.00 0.00 0.00 100.00 100.00 -1000 1.74 4.23 -4.45 -1000 28.01 -0.45 960.994
car -1 -1 0.00 0.00 0.00 100.00 100.00 -1000 1.74 4.39 8.34 -1000 17.15 -0.49 956.589
car -1 -1 0.00 0.00 0.00 100.00 100.00 -1000 1.55 3.04 -4.70 -1000 35.73 1.67 956.352
car -1 -1 0.00 0.00 0.00 100.00 100.00 -1000 1.55 3.85 6.17 -1000 31.62 1.57 954.991
car -1 -1 0.00 0.00 0.00 100.00 100.00 -1000 1.40 2.90 13.34 -1000 37.59 1.62 948.007
car -1 -1 0.00 0.00 0.00 100.00 100.00 -1000 1.50 3.38 -4.66 -1000 36.54 1.59 947.400
car -1 -1 0.00 0.00 0.00 100.00 100.00 -1000 1.74 4.13 12.57 -1000 41.07 1.53 944.124
car -1 -1 0.00 0.00 0.00 100.00 100.00 -1000 1.44 3.15 -1.04 -1000 29.54 1.53 941.373
car -1 -1 0.00 0.00 0.00 100.00 100.00 -1000 1.49 3.23 16.27 -1000 34.17 1.61 940.008
car -1 -1 0.00 0.00 0.00 100.00 100.00 -1000 1.37 2.85 17.25 -1000 27.16 1.55 937.181
car -1 -1 0.00 0.00 0.00 100.00 100.00 -1000 1.50 2.97 -4.47 -1000 28.72 1.57 936.998
car -1 -1 0.00 0.00 0.00 100.00 100.00 -1000 1.51 3.42 -0.89 -1000 28.64 -0.16 933.823
car -1 -1 0.00 0.00 0.00 100.00 100.00 -1000 1.68 4.28 -6.15 -1000 36.91 1.52 931.505
car -1 -1 0.00 0.00 0.00 100.00 100.00 -1000 1.97 5.14 12.41 -1000 40.21 1.51 930.043
car -1 -1 0.00 0.00 0.00 100.00 100.00 -1000 1.53 3.30 18.10 -1000 26.17 -0.08 930.005
car -1 -1 0.00 0.00 0.00 100.00 100.00 -1000 1.68 3.91 13.44 -1000 36.50 -0.27 929.700
car -1 -1 0.00 0.00 0.00 100.00 100.00 -1000 1.65 3.99 -11.01 -1000 40.43 1.50 926.799
car -1 -1 0.00 0.00 0.00 100.00 100.00 -1000 1.65 4.22 0.35 -1000 19.91 1.53 924.537
car -1 -1 0.00 0.00 0.00 100.00 100.00 -1000 1.98 5.27 11.45 -1000 39.22 1.51 923.397
car -1 -1 0.00 0.00 0.00 100.00 100.00 -1000 1.48 3.39 -2.87 -1000 29.39 1.57 920.006
car -1 -1 0.00 0.00 0.00 100.00 100.00 -1000 1.54 3.19 15.59 -1000 32.35 -0.06 917.350
car -1 -1 0.00 0.00 0.00 100.00 100.00 -1000 1.53 3.14 19.12 -1000 33.41 1.73 906.498
car -1 -1 0.00 0.00 0.00 100.00 100.00 -1000 1.86 4.18 -5.61 -1000 27.57 -0.32 905.251
car -1 -1 0.00 0.00 0.00 100.00 100.00 -1000 1.49 3.12 -6.95 -1000 34.76 -0.13 904.231
car -1 -1 0.00 0.00 0.00 100.00 100.00 -1000 2.18 6.22 16.47 -1000 36.66 1.51 901.893
car -1 -1 0.00 0.00 0.00 100.00 100.00 -1000 1.59 4.02 9.46 -1000 39.47 1.44 901.880
car -1 -1 0.00 0.00 0.00 100.00 100.00 -1000 1.57 3.51 12.81 -1000 33.31 1.53 899.099
car -1 -1 0.00 0.00 0.00 100.00 100.00 -1000 1.37 3.20 8.61 -1000 17.88 1.63 896.176
car -1 -1 0.00 0.00 0.00 100.00 100.00 -1000 1.53 3.33 1.52 -1000 18.75 1.69 891.647
car -1 -1 0.00 0.00 0.00 100.00 100.00 -1000 1.80 3.31 16.70 -1000 26.45 -0.09 891.369
car -1 -1 0.00 0.00 0.00 100.00 100.00 -1000 1.49 3.21 -4.65 -1000 34.77 -0.18 885.095
car -1 -1 0.00 0.00 0.00 100.00 100.00 -1000 1.59 3.28 4.36 -1000 37.85 1.78 883.721
car -1 -1 0.00 0.00 0.00 100.00 100.00 -1000 2.14 4.97 -10.91 -1000 41.92 1.50 881.636
car -1 -1 0.00 0.00 0.00 100.00 100.00 -1000 2.05 5.30 9.74 -1000 40.24 1.60 875.778
car -1 -1 0.00 0.00 0.00 100.00 100.00 -1000 2.19 5.34 2.84 -1000 40.21 1.42 862.276
car -1 -1 0.00 0.00 0.00 100.00 100.00 -1000 1.55 3.78 13.17 -1000 32.47 -0.13 859.550
car -1 -1 0.00 0.00 0.00 100.00 100.00 -1000 1.61 3.69 5.89 -1000 32.53 1.54 854.147
car -1 -1 0.00 0.00 0.00 100.00 100.00 -1000 1.62 3.89 8.40 -1000 32.50 1.59 841.488
car -1 -1 0.00 0.00 0.00 100.00 100.00 -1000 1.91 4.40 -3.65 -1000 36.98 1.63 841.054
car -1 -1 0.00 0.00 0.00 100.00 100.00 -1000 1.56 3.46 12.01 -1000 34.69 1.59 836.191
car -1 -1 0.00 0.00 0.00 100.00 100.00 -1000 2.14 5.48 16.75 -1000 35.43 1.56 834.361
car -1 -1 0.00 0.00 0.00 100.00 100.00 -1000 1.42 3.40 18.74 -1000 26.98 1.55 832.873
car -1 -1 0.00 0.00 0.00 100.00 100.00 -1000 1.46 2.93 14.65 -1000 37.09 1.58 831.849
car -1 -1 0.00 0.00 0.00 100.00 100.00 -1000 1.99 5.27 18.02 -1000 34.53 1.63 828.780
car -1 -1 0.00 0.00 0.00 100.00 100.00 -1000 1.47 3.30 -5.91 -1000 28.70 1.51 826.585
car -1 -1 0.00 0.00 0.00 100.00 100.00 -1000 2.15 5.46 -6.61 -1000 37.82 1.47 825.116
car -1 -1 0.00 0.00 0.00 100.00 100.00 -1000 1.60 3.66 -2.18 -1000 28.85 1.68 824.675
car -1 -1 0.00 0.00 0.00 100.00 100.00 -1000 1.69 4.10 14.25 -1000 38.17 1.56 824.512
car -1 -1 0.00 0.00 0.00 100.00 100.00 -1000 1.63 3.58 2.18 -1000 38.07 1.51 821.266
car -1 -1 0.00 0.00 0.00 100.00 100.00 -1000 1.82 5.08 12.44 -1000 35.25 1.56 820.401
car -1 -1 0.00 0.00 0.00 100.00 100.00 -1000 1.58 3.40 8.38 -1000 31.68 1.74 815.798
car -1 -1 0.00 0.00 0.00 100.00 100.00 -1000 1.78 4.91 -4.24 -1000 29.65 1.48 808.374
car -1 -1 0.00 0.00 0.00 100.00 100.00 -1000 1.83 4.86 -1.15 -1000 30.05 1.51 797.911
car -1 -1 0.00 0.00 0.00 100.00 100.00 -1000 1.66 4.41 1.84 -1000 19.63 1.64 793.763
car -1 -1 0.00 0.00 0.00 100.00 100.00 -1000 2.07 5.51 9.75 -1000 41.44 1.52 793.648
car -1 -1 0.00 0.00 0.00 100.00 100.00 -1000 2.93 9.48 17.93 -1000 35.73 1.48 790.181
car -1 -1 0.00 0.00 0.00 100.00 100.00 -1000 2.05 5.75 8.23 -1000 40.73 1.48 786.494
car -1 -1 0.00 0.00 0.00 100.00 100.00 -1000 1.56 3.66 11.67 -1000 33.61 1.49 781.572
car -1 -1 0.00 0.00 0.00 100.00 100.00 -1000 1.62 3.89 9.12 -1000 18.50 1.63 780.755
car -1 -1 0.00 0.00 0.00 100.00 100.00 -1000 1.55 3.66 15.65 -1000 37.72 1.60 775.377
car -1 -1 0.00 0.00 0.00 100.00 100.00 -1000 1.60 3.37 -3.38 -1000 28.46 1.71 770.314
car -1 -1 0.00 0.00 0.00 100.00 100.00 -1000 1.44 3.24 -7.62 -1000 35.33 1.59 766.425
car -1 -1 0.00 0.00 0.00 100.00 100.00 -1000 1.58 4.12 -7.28 -1000 36.29 1.58 764.637
car -1 -1 0.00 0.00 0.00 100.00 100.00 -1000 1.88 4.86 13.07 -1000 38.60 1.63 764.098
car -1 -1 0.00 0.00 0.00 100.00 100.00 -1000 1.45 3.30 9.31 -1000 38.09 1.47 763.568
car -1 -1 0.00 0.00 0.00 100.00 100.00 -1000 1.77 4.86 16.85 -1000 38.13 1.55 763.133
car -1 -1 0.00 0.00 0.00 100.00 100.00 -1000 1.40 3.55 3.48 -1000 36.84 -0.26 759.335
car -1 -1 0.00 0.00 0.00 100.00 100.00 -1000 2.23 5.86 18.31 -1000 36.27 1.60 747.021
car -1 -1 0.00 0.00 0.00 100.00 100.00 -1000 2.12 5.33 11.88 -1000 41.81 1.44 742.708
car -1 -1 0.00 0.00 0.00 100.00 100.00 -1000 1.43 3.50 -3.51 -1000 41.55 1.50 742.043
car -1 -1 0.00 0.00 0.00 100.00 100.00 -1000 1.78 4.60 5.73 -1000 30.76 1.61 737.352
car -1 -1 0.00 0.00 0.00 100.00 100.00 -1000 1.67 3.56 11.60 -1000 32.32 1.48 733.917
car -1 -1 0.00 0.00 0.00 100.00 100.00 -1000 1.80 4.04 8.47 -1000 38.75 1.53 732.011
car -1 -1 0.00 0.00 0.00 100.00 100.00 -1000 2.40 6.47 -4.21 -1000 37.76 1.62 730.145
car -1 -1 0.00 0.00 0.00 100.00 100.00 -1000 1.66 4.12 5.17 -1000 38.67 1.61 715.731
car -1 -1 0.00 0.00 0.00 100.00 100.00 -1000 1.71 3.82 -13.08 -1000 39.26 1.54 694.301
car -1 -1 0.00 0.00 0.00 100.00 100.00 -1000 1.75 3.80 -3.14 -1000 33.40 1.57 692.003
car -1 -1 0.00 0.00 0.00 100.00 100.00 -1000 1.59 3.91 -3.50 -1000 36.01 1.67 678.885
car -1 -1 0.00 0.00 0.00 100.00 100.00 -1000 1.57 3.59 -3.08 -1000 47.75 1.62 673.841
car -1 -1 0.00 0.00 0.00 100.00 100.00 -1000 1.94 5.02 10.37 -1000 32.97 1.44 669.062
car -1 -1 0.00 0.00 0.00 100.00 100.00 -1000 1.41 3.79 6.86 -1000 30.34 -0.29 668.283
car -1 -1 0.00 0.00 0.00 100.00 100.00 -1000 1.63 4.53 -4.03 -1000 31.38 1.62 665.158
car -1 -1 0.00 0.00 0.00 100.00 100.00 -1000 1.61 3.65 16.55 -1000 31.17 1.46 664.347
car -1 -1 0.00 0.00 0.00 100.00 100.00 -1000 1.64 3.96 -9.84 -1000 40.09 1.61 654.753
car -1 -1 0.00 0.00 0.00 100.00 100.00 -1000 1.66 3.67 10.59 -1000 35.16 1.58 654.192
car -1 -1 0.00 0.00 0.00 100.00 100.00 -1000 1.76 3.58 -3.39 -1000 46.86 -0.32 653.090
car -1 -1 0.00 0.00 0.00 100.00 100.00 -1000 1.51 3.44 -3.83 -1000 40.59 -0.10 651.611
car -1 -1 0.00 0.00 0.00 100.00 100.00 -1000 2.12 6.27 3.88 -1000 39.37 1.53 650.910
car -1 -1 0.00 0.00 0.00 100.00 100.00 -1000 1.52 3.39 -12.77 -1000 38.49 1.55 648.831
car -1 -1 0.00 0.00 0.00 100.00 100.00 -1000 1.80 3.81 -3.65 -1000 32.33 -0.42 648.253
car -1 -1 0.00 0.00 0.00 100.00 100.00 -1000 1.90 4.38 16.54 -1000 27.79 1.60 638.420
car -1 -1 0.00 0.00 0.00 100.00 100.00 -1000 1.56 3.15 12.00 -1000 31.53 1.57 637.746
car -1 -1 0.00 0.00 0.00 100.00 100.00 -1000 2.04 5.09 7.78 -1000 39.56 1.52 632.148
car -1 -1 0.00 0.00 0.00 100.00 100.00 -1000 1.74 4.81 10.54 -1000 31.07 1.56 626.272
car -1 -1 0.00 0.00 0.00 100.00 100.00 -1000 1.68 4.18 18.10 -1000 38.69 1.58 618.888
car -1 -1 0.00 0.00 0.00 100.00 100.00 -1000 1.77 4.79 -2.24 -1000 37.42 1.59 616.661
car -1 -1 0.00 0.00 0.00 100.00 100.00 -1000 1.59 4.02 -10.41 -1000 39.13 -0.28 613.357
car -1 -1 0.00 0.00 0.00 100.00 100.00 -1000 1.64 3.69 0.22 -1000 29.20 1.62 612.913
car -1 -1 0.00 0.00 0.00 100.00 100.00 -1000 1.82 5.14 -12.81 -1000 40.28 1.52 611.699
car -1 -1 0.00 0.00 0.00 100.00 100.00 -1000 1.73 2.89 -0.44 -1000 17.71 1.50 602.240
car -1 -1 0.00 0.00 0.00 100.00 100.00 -1000 1.89 5.47 9.55 -1000 34.36 1.45 590.874
car -1 -1 0.00 0.00 0.00 100.00 100.00 -1000 1.81 3.44 2.28 -1000 36.55 1.47 583.347
car -1 -1 0.00 0.00 0.00 100.00 100.00 -1000 1.60 3.85 -17.77 -1000 40.73 1.62 580.030
car -1 -1 0.00 0.00 0.00 100.00 100.00 -1000 1.68 4.43 0.81 -1000 30.25 1.63 574.662
car -1 -1 0.00 0.00 0.00 100.00 100.00 -1000 1.68 3.63 -4.59 -1000 39.61 1.54 574.344
car -1 -1 0.00 0.00 0.00 100.00 100.00 -1000 1.84 4.55 18.36 -1000 27.71 1.59 573.162
car -1 -1 0.00 0.00 0.00 100.00 100.00 -1000 1.53 3.15 -1.29 -1000 27.91 1.56 567.280
car -1 -1 0.00 0.00 0.00 100.00 100.00 -1000 1.72 3.84 8.44 -1000 30.80 1.59 565.869
car -1 -1 0.00 0.00 0.00 100.00 100.00 -1000 2.66 9.54 -3.33 -1000 30.98 1.53 561.186
car -1 -1 0.00 0.00 0.00 100.00 100.00 -1000 1.54 3.16 9.11 -1000 37.34 1.41 559.818
car -1 -1 0.00 0.00 0.00 100.00 100.00 -1000 1.81 5.10 1.45 -1000 38.78 1.56 558.715
car -1 -1 0.00 0.00 0.00 100.00 100.00 -1000 2.28 7.85 1.75 -1000 20.31 1.54 558.145
car -1 -1 0.00 0.00 0.00 100.00 100.00 -1000 1.86 4.83 18.02 -1000 37.60 1.58 552.942
car -1 -1 0.00 0.00 0.00 100.00 100.00 -1000 1.69 3.96 10.27 -1000 31.91 1.60 548.827
car -1 -1 0.00 0.00 0.00 100.00 100.00 -1000 1.79 4.32 13.67 -1000 31.35 1.43 545.760
car -1 -1 0.00 0.00 0.00 100.00 100.00 -1000 1.66 3.56 8.42 -1000 16.25 1.59 538.496
car -1 -1 0.00 0.00 0.00 100.00 100.00 -1000 1.64 4.05 -4.45 -1000 33.85 1.46 530.163
car -1 -1 0.00 0.00 0.00 100.00 100.00 -1000 2.22 6.42 6.08 -1000 33.31 1.56 524.800
car -1 -1 0.00 0.00 0.00 100.00 100.00 -1000 1.74 4.64 -7.65 -1000 38.74 1.56 522.841
car -1 -1 0.00 0.00 0.00 100.00 100.00 -1000 2.08 6.25 -11.63 -1000 41.02 1.58 521.191
car -1 -1 0.00 0.00 0.00 100.00 100.00 -1000 2.39 8.25 4.91 -1000 40.64 1.50 513.751
car -1 -1 0.00 0.00 0.00 100.00 100.00 -1000 2.24 6.65 -4.36 -1000 39.05 1.54 508.617
car -1 -1 0.00 0.00 0.00 100.00 100.00 -1000 1.68 4.81 18.07 -1000 39.58 1.60 507.835
car -1 -1 0.00 0.00 0.00 100.00 100.00 -1000 2.21 5.43 8.17 -1000 41.82 1.54 505.188
car -1 -1 0.00 0.00 0.00 100.00 100.00 -1000 1.54 3.22 16.81 -1000 25.51 1.52 501.565
car -1 -1 0.00 0.00 0.00 100.00 100.00 -1000 1.76 3.62 -12.22 -1000 37.83 1.65 496.057
car -1 -1 0.00 0.00 0.00 100.00 100.00 -1000 2.27 5.59 -3.23 -1000 42.33 1.61 496.009
car -1 -1 0.00 0.00 0.00 100.00 100.00 -1000 1.61 3.42 10.51 -1000 30.29 1.60 485.616
car -1 -1 0.00 0.00 0.00 100.00 100.00 -1000 1.79 4.30 7.94 -1000 38.01 1.61 485.465
car -1 -1 0.00 0.00 0.00 100.00 100.00 -1000 1.69 4.36 -2.31 -1000 36.43 1.63 478.758
car -1 -1 0.00 0.00 0.00 100.00 100.00 -1000 1.70 3.61 10.21 -1000 36.59 1.45 475.787
car -1 -1 0.00 0.00 0.00 100.00 100.00 -1000 1.71 4.01 2.57 -1000 18.34 1.66 473.230
car -1 -1 0.00 0.00 0.00 100.00 100.00 -1000 1.70 4.24 6.04 -1000 38.01 1.62 471.463
car -1 -1 0.00 0.00 0.00 100.00 100.00 -1000 1.97 5.95 -10.57 -1000 42.92 1.49 460.513
car -1 -1 0.00 0.00 0.00 100.00 100.00 -1000 1.85 5.01 -17.52 -1000 41.44 1.56 457.234
car -1 -1 0.00 0.00 0.00 100.00 100.00 -1000 1.62 3.63 17.75 -1000 31.58 1.71 451.649
car -1 -1 0.00 0.00 0.00 100.00 100.00 -1000 1.78 4.20 1.16 -1000 37.64 1.56 451.634
car -1 -1 0.00 0.00 0.00 100.00 100.00 -1000 1.78 4.55 9.13 -1000 46.42 1.51 448.336
car -1 -1 0.00 0.00 0.00 100.00 100.00 -1000 1.66 4.31 14.17 -1000 41.22 1.63 447.312
car -1 -1 0.00 0.00 0.00 100.00 100.00 -1000 1.64 3.55 -18.99 -1000 38.77 1.66 445.214
car -1 -1 0.00 0.00 0.00 100.00 100.00 -1000 1.72 4.75 3.72 -1000 19.38 1.62 445.111
car -1 -1 0.00 0.00 0.00 100.00 100.00 -1000 1.64 3.80 -7.78 -1000 34.08 1.44 443.815
car -1 -1 0.00 0.00 0.00 100.00 100.00 -1000 2.06 5.56 8.27 -1000 29.53 1.49 442.640
car -1 -1 0.00 0.00 0.00 100.00 100.00 -1000 1.81 4.77 -18.96 -1000 37.88 1.73 439.338
car -1 -1 0.00 0.00 0.00 100.00 100.00 -1000 2.00 5.19 -10.50 -1000 37.90 1.56 437.478
car -1 -1 0.00 0.00 0.00 100.00 100.00 -1000 1.60 3.63 9.79 -1000 35.82 1.61 436.529
car -1 -1 0.00 0.00 0.00 100.00 100.00 -1000 1.57 3.41 -18.47 -1000 46.58 1.66 436.515
car -1 -1 0.00 0.00 0.00 100.00 100.00 -1000 2.09 4.79 -18.06 -1000 47.44 1.66 436.257
car -1 -1 0.00 0.00 0.00 100.00 100.00 -1000 1.63 3.28 -5.57 -1000 34.31 1.58 433.262
car -1 -1 0.00 0.00 0.00 100.00 100.00 -1000 1.57 3.53 14.66 -1000 31.86 1.63 433.081
car -1 -1 0.00 0.00 0.00 100.00 100.00 -1000 1.83 5.09 6.36 -1000 39.11 1.61 432.063
car -1 -1 0.00 0.00 0.00 100.00 100.00 -1000 2.20 6.99 14.60 -1000 39.03 1.51 431.658
car -1 -1 0.00 0.00 0.00 100.00 100.00 -1000 1.87 5.28 -1.88 -1000 38.24 1.54 431.319
car -1 -1 0.00 0.00 0.00 100.00 100.00 -1000 1.62 4.14 -19.11 -1000 35.07 1.53 426.821
car -1 -1 0.00 0.00 0.00 100.00 100.00 -1000 1.66 3.73 11.92 -1000 30.74 1.55 424.935
car -1 -1 0.00 0.00 0.00 100.00 100.00 -1000 1.92 5.03 4.27 -1000 36.00 1.53 415.104
car -1 -1 0.00 0.00 0.00 100.00 100.00 -1000 1.86 5.11 17.80 -1000 24.50 1.58 413.626
car -1 -1 0.00 0.00 0.00 100.00 100.00 -1000 1.86 5.30 7.12 -1000 9.24 1.66 408.198
car -1 -1 0.00 0.00 0.00 100.00 100.00 -1000 1.71 3.84 9.82 -1000 17.51 1.64 402.076
car -1 -1 0.00 0.00 0.00 100.00 100.00 -1000 1.88 4.13 14.97 -1000 30.83 1.47 395.232
car -1 -1 0.00 0.00 0.00 100.00 100.00 -1000 1.76 4.80 -4.98 -1000 26.71 1.56 394.558
car -1 -1 0.00 0.00 0.00 100.00 100.00 -1000 1.74 4.53 -8.01 -1000 39.59 1.62 392.205
car -1 -1 0.00 0.00 0.00 100.00 100.00 -1000 1.56 4.32 -1.96 -1000 33.90 1.60 384.471
car -1 -1 0.00 0.00 0.00 100.00 100.00 -1000 1.81 3.87 1.03 -1000 17.40 1.66 382.232
car -1 -1 0.00 0.00 0.00 100.00 100.00 -1000 1.92 5.45 0.85 -1000 39.55 1.61 379.556
car -1 -1 0.00 0.00 0.00 100.00 100.00 -1000 1.58 3.95 -18.44 -1000 39.99 1.65 375.158
car -1 -1 0.00 0.00 0.00 100.00 100.00 -1000 1.88 5.16 14.28 -1000 40.34 1.56 374.695
car -1 -1 0.00 0.00 0.00 100.00 100.00 -1000 1.51 3.14 15.65 -1000 25.97 1.46 372.801
car -1 -1 0.00 0.00 0.00 100.00 100.00 -1000 1.78 4.64 4.29 -1000 18.60 1.63 369.635
car -1 -1 0.00 0.00 0.00 100.00 100.00 -1000 1.71 4.53 -3.99 -1000 27.25 1.69 369.582
car -1 -1 0.00 0.00 0.00 100.00 100.00 -1000 2.08 6.57 4.27 -1000 20.47 1.57 366.991
car -1 -1 0.00 0.00 0.00 100.00 100.00 -1000 1.82 5.93 5.61 -1000 5.61 1.57 362.359
car -1 -1 0.00 0.00 0.00 100.00 100.00 -1000 1.89 5.13 -6.18 -1000 29.40 1.57 357.918
car -1 -1 0.00 0.00 0.00 100.00 100.00 -1000 1.71 4.68 -18.70 -1000 43.90 1.58 357.716
car -1 -1 0.00 0.00 0.00 100.00 100.00 -1000 2.12 6.09 6.30 -1000 41.49 1.58 355.773
car -1 -1 0.00 0.00 0.00 100.00 100.00 -1000 1.54 3.65 -18.82 -1000 45.59 1.70 354.053
car -1 -1 0.00 0.00 0.00 100.00 100.00 -1000 1.92 4.94 -8.94 -1000 38.35 1.56 350.313
car -1 -1 0.00 0.00 0.00 100.00 100.00 -1000 1.80 4.08 10.50 -1000 29.50 1.57 348.053
car -1 -1 0.00 0.00 0.00 100.00 100.00 -1000 1.88 5.76 10.58 -1000 18.86 1.68 346.909
car -1 -1 0.00 0.00 0.00 100.00 100.00 -1000 3.01 10.75 1.52 -1000 21.15 1.43 346.638
car -1 -1 0.00 0.00 0.00 100.00 100.00 -1000 2.29 5.91 12.68 -1000 42.77 1.56 342.949
car -1 -1 0.00 0.00 0.00 100.00 100.00 -1000 1.69 4.67 1.80 -1000 7.80 1.62 342.812
car -1 -1 0.00 0.00 0.00 100.00 100.00 -1000 1.65 4.31 6.51 -1000 7.23 1.62 341.832
car -1 -1 0.00 0.00 0.00 100.00 100.00 -1000 1.63 3.96 3.57 -1000 7.15 1.62 333.652
car -1 -1 0.00 0.00 0.00 100.00 100.00 -1000 2.36 7.32 19.67 -1000 35.00 1.53 333.534
car -1 -1 0.00 0.00 0.00 100.00 100.00 -1000 2.15 6.98 0.73 -1000 30.96 1.53 333.178
car -1 -1 0.00 0.00 0.00 100.00 100.00 -1000 1.96 5.82 5.99 -1000 10.03 1.59 331.999
car -1 -1 0.00 0.00 0.00 100.00 100.00 -1000 1.79 3.77 -4.12 -1000 46.19 1.55 330.239
car -1 -1 0.00 0.00 0.00 100.00 100.00 -1000 2.04 4.91 -2.20 -1000 39.48 1.46 330.057
car -1 -1 0.00 0.00 0.00 100.00 100.00 -1000 1.98 5.24 -9.92 -1000 37.11 1.47 327.471
car -1 -1 0.00 0.00 0.00 100.00 100.00 -1000 1.81 5.05 -8.44 -1000 40.71 1.60 325.082
car -1 -1 0.00 0.00 0.00 100.00 100.00 -1000 1.90 5.65 -18.84 -1000 35.77 1.67 320.005
car -1 -1 0.00 0.00 0.00 100.00 100.00 -1000 2.72 7.16 7.94 -1000 33.84 1.52 311.607
car -1 -1 0.00 0.00 0.00 100.00 100.00 -1000 1.94 4.29 19.07 -1000 37.03 1.51 309.933
car -1 -1 0.00 0.00 0.00 100.00 100.00 -1000 1.91 5.66 7.23 -1000 8.10 1.60 309.512
car -1 -1 0.00 0.00 0.00 100.00 100.00 -1000 1.81 4.92 -6.45 -1000 33.76 1.44 305.432
car -1 -1 0.00 0.00 0.00 100.00 100.00 -1000 2.77 9.13 16.63 -1000 28.29 1.44 305.335
car -1 -1 0.00 0.00 0.00 100.00 100.00 -1000 1.98 5.99 -8.58 -1000 41.57 1.53 303.952
car -1 -1 0.00 0.00 0.00 100.00 100.00 -1000 2.07 5.81 -2.15 -1000 31.92 1.55 302.326
car -1 -1 0.00 0.00 0.00 100.00 100.00 -1000 1.70 4.50 -0.35 -1000 37.92 1.71 302.068
car -1 -1 0.00 0.00 0.00 100.00 100.00 -1000 1.88 4.70 0.35 -1000 27.44 1.53 299.767
car -1 -1 0.00 0.00 0.00 100.00 100.00 -1000 1.77 4.37 3.82 -1000 17.82 1.60 298.819
car -1 -1 0.00 0.00 0.00 100.00 100.00 -1000 1.73 4.80 -2.38 -1000 35.59 1.68 295.220
car -1 -1 0.00 0.00 0.00 100.00 100.00 -1000 1.84 5.01 2.16 -1000 29.14 1.62 293.960
car -1 -1 0.00 0.00 0.00 100.00 100.00 -1000 1.51 4.05 -6.46 -1000 8.35 1.57 292.895
car -1 -1 0.00 0.00 0.00 100.00 100.00 -1000 1.64 4.57 2.75 -1000 8.36 1.59 291.222
car -1 -1 0.00 0.00 0.00 100.00 100.00 -1000 1.71 4.15 5.75 -1000 43.25 1.53 287.772
car -1 -1 0.00 0.00 0.00 100.00 100.00 -1000 1.79 3.98 5.50 -1000 37.30 1.62 282.873
car -1 -1 0.00 0.00 0.00 100.00 100.00 -1000 1.76 3.88 -19.03 -1000 37.06 1.57 274.309
car -1 -1 0.00 0.00 0.00 100.00 100.00 -1000 1.92 4.22 0.00 -1000 16.76 1.55 272.086
car -1 -1 0.00 0.00 0.00 100.00 100.00 -1000 2.14 6.52 -18.81 -1000 44.68 1.70 266.421
car -1 -1 0.00 0.00 0.00 100.00 100.00 -1000 1.88 5.07 16.46 -1000 25.02 1.37 262.239
car -1 -1 0.00 0.00 0.00 100.00 100.00 -1000 1.82 4.15 4.83 -1000 31.89 0.02 261.606
car -1 -1 0.00 0.00 0.00 100.00 100.00 -1000 1.70 4.42 -6.88 -1000 28.27 1.70 259.407
car -1 -1 0.00 0.00 0.00 100.00 100.00 -1000 1.72 4.69 9.83 -1000 45.70 1.64 255.883
car -1 -1 0.00 0.00 0.00 100.00 100.00 -1000 1.73 4.86 5.01 -1000 19.77 1.65 254.941
car -1 -1 0.00 0.00 0.00 100.00 100.00 -1000 1.79 4.47 -14.49 -1000 38.67 1.59 253.400
car -1 -1 0.00 0.00 0.00 100.00 100.00 -1000 1.96 5.51 -3.36 -1000 45.51 1.47 253.197
car -1 -1 0.00 0.00 0.00 100.00 100.00 -1000 1.66 4.50 4.43 -1000 8.83 1.61 249.877
car -1 -1 0.00 0.00 0.00 100.00 100.00 -1000 2.31 5.79 9.52 -1000 47.34 1.65 248.199
car -1 -1 0.00 0.00 0.00 100.00 100.00 -1000 1.83 4.20 15.86 -1000 27.03 -0.02 247.469
car -1 -1 0.00 0.00 0.00 100.00 100.00 -1000 2.11 6.52 -14.45 -1000 40.68 1.60 245.879
car -1 -1 0.00 0.00 0.00 100.00 100.00 -1000 1.73 4.27 1.41 -1000 28.35 1.59 242.028
car -1 -1 0.00 0.00 0.00 100.00 100.00 -1000 1.61 4.44 4.93 -1000 8.06 1.59 237.864
car -1 -1 0.00 0.00 0.00 100.00 100.00 -1000 1.72 4.22 5.84 -1000 6.40 1.58 237.398
car -1 -1 0.00 0.00 0.00 100.00 100.00 -1000 1.90 4.67 10.10 -1000 16.24 1.55 232.641
car -1 -1 0.00 0.00 0.00 100.00 100.00 -1000 1.76 4.24 8.74 -1000 45.17 1.54 231.118
car -1 -1 0.00 0.00 0.00 100.00 100.00 -1000 1.91 4.63 -2.69 -1000 26.74 1.55 230.190
car -1 -1 0.00 0.00 0.00 100.00 100.00 -1000 1.89 6.12 14.96 -1000 42.24 1.54 229.365
car -1 -1 0.00 0.00 0.00 100.00 100.00 -1000 1.78 4.83 3.29 -1000 16.96 1.58 229.281
car -1 -1 0.00 0.00 0.00 100.00 100.00 -1000 2.50 8.10 -13.39 -1000 41.54 1.46 229.125
car -1 -1 0.00 0.00 0.00 100.00 100.00 -1000 1.85 5.04 -8.62 -1000 35.88 1.64 228.290
car -1 -1 0.00 0.00 0.00 100.00 100.00 -1000 1.83 4.59 4.90 -1000 29.90 1.64 228.015
car -1 -1 0.00 0.00 0.00 100.00 100.00 -1000 2.16 7.06 16.29 -1000 39.90 1.52 225.821
car -1 -1 0.00 0.00 0.00 100.00 100.00 -1000 2.33 7.14 -5.71 -1000 30.24 1.54 223.617
car -1 -1 0.00 0.00 0.00 100.00 100.00 -1000 1.65 3.10 -2.48 -1000 41.21 -0.26 222.915
car -1 -1 0.00 0.00 0.00 100.00 100.00 -1000 1.75 4.33 0.52 -1000 36.46 1.60 222.718
car -1 -1 0.00 0.00 0.00 100.00 100.00 -1000 1.82 4.93 -1.23 -1000 18.99 1.63 220.837
car -1 -1 0.00 0.00 0.00 100.00 100.00 -1000 2.04 6.08 -0.54 -1000 20.53 1.54 217.366
car -1 -1 0.00 0.00 0.00 100.00 100.00 -1000 1.82 5.89 1.25 -1000 9.07 1.62 214.751
car -1 -1 0.00 0.00 0.00 100.00 100.00 -1000 1.47 3.94 -19.21 -1000 34.20 1.59 213.054
car -1 -1 0.00 0.00 0.00 100.00 100.00 -1000 2.16 4.01 -7.35 -1000 31.56 -0.43 210.866
car -1 -1 0.00 0.00 0.00 100.00 100.00 -1000 2.13 5.56 -4.93 -1000 33.12 1.56 209.826
car -1 -1 0.00 0.00 0.00 100.00 100.00 -1000 2.25 7.12 2.75 -1000 9.87 1.41 209.015
car -1 -1 0.00 0.00 0.00 100.00 100.00 -1000 1.85 4.76 -7.85 -1000 32.97 1.47 207.566
car -1 -1 0.00 0.00 0.00 100.00 100.00 -1000 1.98 7.57 3.75 -1000 41.40 1.40 202.979
car -1 -1 0.00 0.00 0.00 100.00 100.00 -1000 1.77 4.08 7.12 -1000 37.16 1.56 197.281
car -1 -1 0.00 0.00 0.00 100.00 100.00 -1000 1.86 5.17 -16.93 -1000 39.57 1.65 196.917
