car -1 -1 0.00 0.00 0.00 100.00 100.00 -1000 1.58 3.54 -8.37 -1000 14.96 1.44 999.651
car -1 -1 0.00 0.00 0.00 100.00 100.00 -1000 1.68 4.47 -0.20 -1000 20.38 -0.31 999.020
car -1 -1 0.00 0.00 0.00 100.00 100.00 -1000 1.58 3.49 -0.04 -1000 21.12 1.47 998.667
car -1 -1 0.00 0.00 0.00 100.00 100.00 -1000 1.66 4.55 -8.56 -1000 13.93 -0.52 998.371
car -1 -1 0.00 0.00 0.00 100.00 100.00 -1000 1.98 5.39 -8.36 -1000 15.87 1.52 997.342
car -1 -1 0.00 0.00 0.00 100.00 100.00 -1000 1.46 3.09 -12.28 -1000 19.47 1.51 993.080
car -1 -1 0.00 0.00 0.00 100.00 100.00 -1000 1.55 3.17 -4.38 -1000 33.94 1.58 991.566
car -1 -1 0.00 0.00 0.00 100.00 100.00 -1000 1.52 3.61 -4.65 -1000 33.17 -0.19 988.714
car -1 -1 0.00 0.00 0.00 100.00 100.00 -1000 1.53 3.50 -12.31 -1000 18.63 -0.19 977.281
car -1 -1 0.00 0.00 0.00 100.00 100.00 -1000 1.49 3.44 1.12 -1000 21.43 1.60 970.228
car -1 -1 0.00 0.00 0.00 100.00 100.00 -1000 1.57 3.50 -0.52 -1000 22.09 1.51 969.515
car -1 -1 0.00 0.00 0.00 100.00 100.00 -1000 2.04 5.32 -7.68 -1000 16.68 1.47 966.313
car -1 -1 0.00 0.00 0.00 100.00 100.00 -1000 1.48 3.08 2.66 -1000 19.79 1.55 963.315
car -1 -1 0.00 0.00 0.00 100.00 100.00 -1000 1.46 3.05 4.07 -1000 12.91 1.61 960.222
car -1 -1 0.00 0.00 0.00 100.00 100.00 -1000 1.58 3.44 -12.41 -1000 20.47 1.53 953.720
car -1 -1 0.00 0.00 0.00 100.00 100.00 -1000 1.49 3.07 4.35 -1000 33.05 1.58 947.020
car -1 -1 0.00 0.00 0.00 100.00 100.00 -1000 1.85 4.88 -0.55 -1000 23.22 1.38 943.592
car -1 -1 0.00 0.00 0.00 100.00 100.00 -1000 2.32 6.38 -0.64 -1000 22.46 1.66 938.204
car -1 -1 0.00 0.00 0.00 100.00 100.00 -1000 1.53 3.26 -15.76 -1000 41.18 1.58 938.167
car -1 -1 0.00 0.00 0.00 100.00 100.00 -1000 1.61 3.30 -5.67 -1000 33.64 1.53 935.736
car -1 -1 0.00 0.00 0.00 100.00 100.00 -1000 1.49 3.14 2.69 -1000 43.14 1.56 935.398
car -1 -1 0.00 0.00 0.00 100.00 100.00 -1000 1.48 3.17 -13.13 -1000 41.55 1.56 932.545
car -1 -1 0.00 0.00 0.00 100.00 100.00 -1000 1.40 2.98 -9.42 -1000 41.92 1.56 930.411
car -1 -1 0.00 0.00 0.00 100.00 100.00 -1000 1.57 3.18 -11.07 -1000 41.73 1.59 928.901
car -1 -1 0.00 0.00 0.00 100.00 100.00 -1000 1.52 3.44 -8.42 -1000 41.18 -0.14 927.797
car -1 -1 0.00 0.00 0.00 100.00 100.00 -1000 1.41 2.95 -8.01 -1000 41.98 1.58 926.142
car -1 -1 0.00 0.00 0.00 100.00 100.00 -1000 1.60 3.91 3.77 -1000 12.14 -0.19 922.736
car -1 -1 0.00 0.00 0.00 100.00 100.00 -1000 1.53 3.48 -9.94 -1000 41.14 -0.10 919.475
car -1 -1 0.00 0.00 0.00 100.00 100.00 -1000 1.53 3.18 -14.23 -1000 41.26 1.61 913.232
car -1 -1 0.00 0.00 0.00 100.00 100.00 -1000 1.69 4.36 5.03 -1000 22.04 1.47 908.185
car -1 -1 0.00 0.00 0.00 100.00 100.00 -1000 1.52 3.17 1.59 -1000 20.78 1.73 908.082
car -1 -1 0.00 0.00 0.00 100.00 100.00 -1000 1.43 3.31 0.70 -1000 19.88 -0.23 898.600
car -1 -1 0.00 0.00 0.00 100.00 100.00 -1000 1.55 3.62 -11.60 -1000 41.06 -0.11 897.469
car -1 -1 0.00 0.00 0.00 100.00 100.00 -1000 1.39 3.04 -7.00 -1000 42.28 1.52 895.032
car -1 -1 0.00 0.00 0.00 100.00 100.00 -1000 1.92 5.76 -7.25 -1000 17.60 1.57 891.062
car -1 -1 0.00 0.00 0.00 100.00 100.00 -1000 1.61 3.74 -12.94 -1000 40.76 -0.18 885.985
car -1 -1 0.00 0.00 0.00 100.00 100.00 -1000 1.50 3.15 -16.95 -1000 40.80 1.52 885.444
car -1 -1 0.00 0.00 0.00 100.00 100.00 -1000 1.57 3.27 2.75 -1000 18.68 -0.13 885.044
car -1 -1 0.00 0.00 0.00 100.00 100.00 -1000 1.53 3.86 -7.09 -1000 41.42 -0.14 884.734
car -1 -1 0.00 0.00 0.00 100.00 100.00 -1000 1.60 3.82 3.71 -1000 31.97 -0.33 882.728
car -1 -1 0.00 0.00 0.00 100.00 100.00 -1000 1.53 3.17 -8.30 -1000 36.93 1.63 879.067
car -1 -1 0.00 0.00 0.00 100.00 100.00 -1000 1.67 3.93 -3.58 -1000 34.47 1.65 871.072
car -1 -1 0.00 0.00 0.00 100.00 100.00 -1000 1.48 3.29 -5.62 -1000 42.28 1.57 868.125
car -1 -1 0.00 0.00 0.00 100.00 100.00 -1000 1.47 3.15 -9.79 -1000 36.82 1.60 868.047
car -1 -1 0.00 0.00 0.00 100.00 100.00 -1000 1.83 4.71 -12.44 -1000 21.14 1.53 866.880
car -1 -1 0.00 0.00 0.00 100.00 100.00 -1000 1.53 3.66 -14.83 -1000 40.65 -0.12 860.144
car -1 -1 0.00 0.00 0.00 100.00 100.00 -1000 1.69 3.91 4.90 -1000 23.97 1.54 855.482
car -1 -1 0.00 0.00 0.00 100.00 100.00 -1000 1.78 4.18 3.54 -1000 20.44 1.56 855.314
car -1 -1 0.00 0.00 0.00 100.00 100.00 -1000 2.72 8.21 -0.32 -1000 23.44 1.39 854.071
car -1 -1 0.00 0.00 0.00 100.00 100.00 -1000 1.70 4.08 4.91 -1000 20.90 1.57 852.772
car -1 -1 0.00 0.00 0.00 100.00 100.00 -1000 1.65 3.97 4.06 -1000 25.38 1.58 851.893
car -1 -1 0.00 0.00 0.00 100.00 100.00 -1000 1.53 3.32 -3.82 -1000 42.31 1.57 850.953
car -1 -1 0.00 0.00 0.00 100.00 100.00 -1000 1.60 4.00 3.75 -1000 33.70 1.56 846.883
car -1 -1 0.00 0.00 0.00 100.00 100.00 -1000 1.50 3.56 -7.67 -1000 36.31 -0.18 843.208
car -1 -1 0.00 0.00 0.00 100.00 100.00 -1000 1.47 3.25 -9.10 -1000 36.28 -0.15 837.682
car -1 -1 0.00 0.00 0.00 100.00 100.00 -1000 1.73 3.78 -5.99 -1000 32.79 -0.13 837.349
car -1 -1 0.00 0.00 0.00 100.00 100.00 -1000 1.89 5.23 2.06 -1000 21.92 1.61 833.415
car -1 -1 0.00 0.00 0.00 100.00 100.00 -1000 1.51 3.28 -7.25 -1000 33.44 1.55 831.357
car -1 -1 0.00 0.00 0.00 100.00 100.00 -1000 1.57 3.46 -7.03 -1000 15.34 1.72 828.917
car -1 -1 0.00 0.00 0.00 100.00 100.00 -1000 1.64 4.09 3.14 -1000 11.39 1.48 827.360
car -1 -1 0.00 0.00 0.00 100.00 100.00 -1000 1.49 3.29 -11.39 -1000 19.87 1.68 826.980
car -1 -1 0.00 0.00 0.00 100.00 100.00 -1000 1.64 3.98 5.14 -1000 13.53 1.64 825.781
car -1 -1 0.00 0.00 0.00 100.00 100.00 -1000 1.67 3.96 -12.13 -1000 42.08 1.56 825.589
car -1 -1 0.00 0.00 0.00 100.00 100.00 -1000 1.71 3.83 -6.85 -1000 36.93 1.65 822.591
car -1 -1 0.00 0.00 0.00 100.00 100.00 -1000 1.64 4.33 -8.67 -1000 42.52 1.55 815.494
car -1 -1 0.00 0.00 0.00 100.00 100.00 -1000 1.65 3.96 3.08 -1000 34.54 1.58 809.937
car -1 -1 0.00 0.00 0.00 100.00 100.00 -1000 1.65 4.07 -16.83 -1000 41.54 1.50 807.370
car -1 -1 0.00 0.00 0.00 100.00 100.00 -1000 1.45 3.36 -11.30 -1000 36.68 1.54 802.612
car -1 -1 0.00 0.00 0.00 100.00 100.00 -1000 1.56 3.29 2.42 -1000 42.07 -0.16 800.227
car -1 -1 0.00 0.00 0.00 100.00 100.00 -1000 1.60 3.70 -8.90 -1000 47.66 1.56 794.085
car -1 -1 0.00 0.00 0.00 100.00 100.00 -1000 1.66 4.37 2.65 -1000 43.73 1.56 793.115
car -1 -1 0.00 0.00 0.00 100.00 100.00 -1000 1.91 5.05 3.41 -1000 24.65 1.52 790.550
car -1 -1 0.00 0.00 0.00 100.00 100.00 -1000 1.44 3.40 -8.43 -1000 46.60 -0.20 775.832
car -1 -1 0.00 0.00 0.00 100.00 100.00 -1000 1.54 3.35 5.83 -1000 12.93 1.66 771.910
car -1 -1 0.00 0.00 0.00 100.00 100.00 -1000 1.60 3.95 -5.17 -1000 41.48 -0.13 766.486
car -1 -1 0.00 0.00 0.00 100.00 100.00 -1000 2.93 9.99 2.82 -1000 23.59 1.35 765.173
car -1 -1 0.00 0.00 0.00 100.00 100.00 -1000 1.56 3.66 6.56 -1000 22.25 1.62 761.045
car -1 -1 0.00 0.00 0.00 100.00 100.00 -1000 1.96 4.95 3.83 -1000 23.33 1.44 753.608
car -1 -1 0.00 0.00 0.00 100.00 100.00 -1000 1.56 3.61 3.23 -1000 32.76 1.47 753.059
car -1 -1 0.00 0.00 0.00 100.00 100.00 -1000 1.68 3.57 -15.54 -1000 39.91 -0.19 734.989
car -1 -1 0.00 0.00 0.00 100.00 100.00 -1000 1.57 3.42 -8.48 -1000 33.07 1.55 731.478
car -1 -1 0.00 0.00 0.00 100.00 100.00 -1000 1.74 4.14 5.85 -1000 22.91 1.64 725.703
car -1 -1 0.00 0.00 0.00 100.00 100.00 -1000 1.56 3.48 -6.85 -1000 13.99 -0.17 724.169
car -1 -1 0.00 0.00 0.00 100.00 100.00 -1000 1.82 4.91 6.40 -1000 13.90 1.59 723.681
car -1 -1 0.00 0.00 0.00 100.00 100.00 -1000 1.44 3.30 -9.86 -1000 46.56 -0.14 717.066
car -1 -1 0.00 0.00 0.00 100.00 100.00 -1000 2.08 5.65 -15.86 -1000 42.16 1.61 715.794
car -1 -1 0.00 0.00 0.00 100.00 100.00 -1000 1.41 3.27 -10.57 -1000 36.18 -0.12 714.109
car -1 -1 0.00 0.00 0.00 100.00 100.00 -1000 1.58 3.93 -3.56 -1000 41.51 -0.16 703.260
car -1 -1 0.00 0.00 0.00 100.00 100.00 -1000 2.15 5.99 -5.91 -1000 34.56 1.48 701.419
car -1 -1 0.00 0.00 0.00 100.00 100.00 -1000 1.67 4.21 -16.55 -1000 21.82 1.68 698.681
car -1 -1 0.00 0.00 0.00 100.00 100.00 -1000 1.59 3.64 -12.49 -1000 36.28 1.64 697.843
car -1 -1 0.00 0.00 0.00 100.00 100.00 -1000 1.53 3.31 -13.40 -1000 35.86 1.64 697.806
car -1 -1 0.00 0.00 0.00 100.00 100.00 -1000 1.81 4.57 2.36 -1000 25.35 1.52 697.314
car -1 -1 0.00 0.00 0.00 100.00 100.00 -1000 1.77 4.30 -7.02 -1000 47.64 1.57 697.020
car -1 -1 0.00 0.00 0.00 100.00 100.00 -1000 1.60 3.49 4.35 -1000 19.32 1.65 688.103
car -1 -1 0.00 0.00 0.00 100.00 100.00 -1000 1.46 3.58 5.88 -1000 21.34 -0.27 681.973
car -1 -1 0.00 0.00 0.00 100.00 100.00 -1000 1.49 3.12 -17.64 -1000 40.14 1.52 677.871
car -1 -1 0.00 0.00 0.00 100.00 100.00 -1000 1.51 3.57 -6.85 -1000 46.58 -0.20 676.795
car -1 -1 0.00 0.00 0.00 100.00 100.00 -1000 1.67 3.77 -2.48 -1000 42.07 1.64 671.753
car -1 -1 0.00 0.00 0.00 100.00 100.00 -1000 1.49 3.37 -7.50 -1000 32.62 -0.18 668.208
car -1 -1 0.00 0.00 0.00 100.00 100.00 -1000 1.63 3.60 6.77 -1000 12.08 1.60 663.175
car -1 -1 0.00 0.00 0.00 100.00 100.00 -1000 1.94 3.96 -10.55 -1000 47.60 1.62 661.933
car -1 -1 0.00 0.00 0.00 100.00 100.00 -1000 1.85 5.03 -10.50 -1000 42.56 1.55 655.360
car -1 -1 0.00 0.00 0.00 100.00 100.00 -1000 1.61 3.50 -13.72 -1000 35.00 -0.18 653.995
car -1 -1 0.00 0.00 0.00 100.00 100.00 -1000 1.68 4.60 -14.46 -1000 20.29 1.57 652.352
car -1 -1 0.00 0.00 0.00 100.00 100.00 -1000 1.47 3.31 -11.52 -1000 35.83 -0.12 650.151
car -1 -1 0.00 0.00 0.00 100.00 100.00 -1000 1.64 4.10 -14.09 -1000 47.50 1.70 647.356
car -1 -1 0.00 0.00 0.00 100.00 100.00 -1000 1.54 3.34 7.39 -1000 10.08 1.60 644.296
car -1 -1 0.00 0.00 0.00 100.00 100.00 -1000 1.65 3.50 1.35 -1000 42.51 1.52 641.468
car -1 -1 0.00 0.00 0.00 100.00 100.00 -1000 1.94 5.45 -6.77 -1000 35.47 1.48 640.828
car -1 -1 0.00 0.00 0.00 100.00 100.00 -1000 1.70 3.50 1.68 -1000 41.41 1.61 640.653
car -1 -1 0.00 0.00 0.00 100.00 100.00 -1000 1.50 3.10 -16.94 -1000 21.03 1.64 627.801
car -1 -1 0.00 0.00 0.00 100.00 100.00 -1000 1.84 6.10 19.28 -1000 38.16 1.42 624.426
car -1 -1 0.00 0.00 0.00 100.00 100.00 -1000 1.89 4.24 -3.33 -1000 31.47 1.61 623.178
car -1 -1 0.00 0.00 0.00 100.00 100.00 -1000 1.63 3.72 -2.74 -1000 33.68 1.67 622.252
car -1 -1 0.00 0.00 0.00 100.00 100.00 -1000 1.55 3.36 4.17 -1000 6.96 1.53 612.673
car -1 -1 0.00 0.00 0.00 100.00 100.00 -1000 3.08 10.59 -3.20 -1000 35.70 1.45 611.631
car -1 -1 0.00 0.00 0.00 100.00 100.00 -1000 1.60 4.07 5.89 -1000 33.43 1.63 609.944
car -1 -1 0.00 0.00 0.00 100.00 100.00 -1000 1.49 3.11 -1.36 -1000 19.95 1.47 606.901
car -1 -1 0.00 0.00 0.00 100.00 100.00 -1000 2.68 8.88 2.37 -1000 22.35 1.52 605.563
car -1 -1 0.00 0.00 0.00 100.00 100.00 -1000 1.82 5.02 6.13 -1000 24.45 1.56 603.879
car -1 -1 0.00 0.00 0.00 100.00 100.00 -1000 1.58 3.59 5.28 -1000 32.30 -0.26 603.820
car -1 -1 0.00 0.00 0.00 100.00 100.00 -1000 1.49 3.42 -11.55 -1000 46.51 -0.17 602.991
car -1 -1 0.00 0.00 0.00 100.00 100.00 -1000 2.30 6.55 -4.98 -1000 36.73 1.49 601.663
car -1 -1 0.00 0.00 0.00 100.00 100.00 -1000 1.33 3.23 -9.60 -1000 13.43 1.39 590.012
car -1 -1 0.00 0.00 0.00 100.00 100.00 -1000 2.21 6.34 -15.82 -1000 43.18 1.51 587.988
car -1 -1 0.00 0.00 0.00 100.00 100.00 -1000 1.80 4.85 -3.19 -1000 43.03 1.60 582.695
car -1 -1 0.00 0.00 0.00 100.00 100.00 -1000 1.80 4.08 5.34 -1000 19.76 1.58 579.916
car -1 -1 0.00 0.00 0.00 100.00 100.00 -1000 1.52 3.15 -16.87 -1000 39.52 1.70 577.174
car -1 -1 0.00 0.00 0.00 100.00 100.00 -1000 1.55 4.16 3.90 -1000 8.46 1.59 564.932
car -1 -1 0.00 0.00 0.00 100.00 100.00 -1000 1.60 3.95 -12.22 -1000 47.64 1.59 563.212
car -1 -1 0.00 0.00 0.00 100.00 100.00 -1000 2.36 5.90 -11.18 -1000 21.79 1.61 561.621
car -1 -1 0.00 0.00 0.00 100.00 100.00 -1000 1.96 5.11 19.13 -1000 36.89 1.59 551.848
car -1 -1 0.00 0.00 0.00 100.00 100.00 -1000 1.55 3.47 -9.77 -1000 32.77 1.54 543.822
car -1 -1 0.00 0.00 0.00 100.00 100.00 -1000 1.69 4.81 -7.29 -1000 37.67 1.58 542.158
car -1 -1 0.00 0.00 0.00 100.00 100.00 -1000 2.19 3.90 -9.16 -1000 12.69 1.60 541.935
car -1 -1 0.00 0.00 0.00 100.00 100.00 -1000 1.59 3.40 3.19 -1000 30.73 1.49 537.982
car -1 -1 0.00 0.00 0.00 100.00 100.00 -1000 1.56 3.43 -10.94 -1000 40.45 1.59 533.703
car -1 -1 0.00 0.00 0.00 100.00 100.00 -1000 1.50 2.93 -13.80 -1000 46.52 -0.15 532.596
car -1 -1 0.00 0.00 0.00 100.00 100.00 -1000 1.96 4.94 -10.18 -1000 37.42 1.55 530.087
car -1 -1 0.00 0.00 0.00 100.00 100.00 -1000 1.85 5.55 -3.45 -1000 17.30 1.44 528.017
car -1 -1 0.00 0.00 0.00 100.00 100.00 -1000 1.66 4.17 -14.26 -1000 19.42 1.50 526.411
car -1 -1 0.00 0.00 0.00 100.00 100.00 -1000 1.77 4.64 -1.48 -1000 20.93 1.55 525.593
car -1 -1 0.00 0.00 0.00 100.00 100.00 -1000 2.01 3.85 -5.35 -1000 31.97 1.75 524.843
car -1 -1 0.00 0.00 0.00 100.00 100.00 -1000 1.60 3.71 -9.72 -1000 35.63 1.55 520.352
car -1 -1 0.00 0.00 0.00 100.00 100.00 -1000 1.65 4.06 -11.07 -1000 18.90 -0.31 514.430
car -1 -1 0.00 0.00 0.00 100.00 100.00 -1000 1.66 4.51 -10.46 -1000 20.59 1.62 514.387
car -1 -1 0.00 0.00 0.00 100.00 100.00 -1000 1.99 5.49 -2.15 -1000 34.97 1.58 507.201
car -1 -1 0.00 0.00 0.00 100.00 100.00 -1000 1.63 4.06 4.41 -1000 43.24 1.64 505.848
car -1 -1 0.00 0.00 0.00 100.00 100.00 -1000 1.62 3.47 -8.75 -1000 32.32 -0.20 504.621
car -1 -1 0.00 0.00 0.00 100.00 100.00 -1000 1.91 3.76 -5.63 -1000 47.39 1.80 503.304
car -1 -1 0.00 0.00 0.00 100.00 100.00 -1000 1.92 5.47 -8.52 -1000 18.54 1.60 501.453
car -1 -1 0.00 0.00 0.00 100.00 100.00 -1000 2.05 4.82 -8.43 -1000 34.60 1.44 499.059
car -1 -1 0.00 0.00 0.00 100.00 100.00 -1000 1.43 3.26 -13.12 -1000 18.18 1.49 498.584
car -1 -1 0.00 0.00 0.00 100.00 100.00 -1000 1.66 3.55 -9.05 -1000 40.41 1.55 498.044
car -1 -1 0.00 0.00 0.00 100.00 100.00 -1000 2.13 5.29 3.40 -1000 40.69 1.49 496.368
car -1 -1 0.00 0.00 0.00 100.00 100.00 -1000 2.04 5.87 -9.40 -1000 17.72 1.48 494.975
car -1 -1 0.00 0.00 0.00 100.00 100.00 -1000 1.80 4.97 7.24 -1000 23.79 1.54 494.558
car -1 -1 0.00 0.00 0.00 100.00 100.00 -1000 2.08 5.03 3.88 -1000 26.18 1.61 493.819
car -1 -1 0.00 0.00 0.00 100.00 100.00 -1000 2.03 5.66 -13.62 -1000 21.69 1.56 493.610
car -1 -1 0.00 0.00 0.00 100.00 100.00 -1000 1.62 4.08 7.11 -1000 13.20 1.63 489.871
car -1 -1 0.00 0.00 0.00 100.00 100.00 -1000 1.85 3.74 -7.74 -1000 13.19 1.61 488.915
car -1 -1 0.00 0.00 0.00 100.00 100.00 -1000 2.11 6.42 4.35 -1000 34.98 1.58 488.194
car -1 -1 0.00 0.00 0.00 100.00 100.00 -1000 1.90 5.19 -5.21 -1000 43.03 1.59 487.726
car -1 -1 0.00 0.00 0.00 100.00 100.00 -1000 1.97 6.29 -5.41 -1000 16.94 1.56 487.288
car -1 -1 0.00 0.00 0.00 100.00 100.00 -1000 1.54 3.75 -9.98 -1000 15.12 1.48 480.030
car -1 -1 0.00 0.00 0.00 100.00 100.00 -1000 1.58 3.88 3.60 -1000 42.67 -0.39 476.054
car -1 -1 0.00 0.00 0.00 100.00 100.00 -1000 1.40 3.44 3.64 -1000 7.74 1.61 470.479
car -1 -1 0.00 0.00 0.00 100.00 100.00 -1000 1.94 5.68 -15.99 -1000 22.83 1.59 460.389
car -1 -1 0.00 0.00 0.00 100.00 100.00 -1000 2.15 6.44 6.68 -1000 14.66 1.64 457.827
car -1 -1 0.00 0.00 0.00 100.00 100.00 -1000 1.63 3.70 -6.09 -1000 40.97 -0.27 456.629
car -1 -1 0.00 0.00 0.00 100.00 100.00 -1000 1.76 4.51 -0.93 -1000 34.31 1.61 456.363
car -1 -1 0.00 0.00 0.00 100.00 100.00 -1000 1.64 3.78 -4.34 -1000 40.90 1.55 453.964
car -1 -1 0.00 0.00 0.00 100.00 100.00 -1000 1.25 3.07 4.98 -1000 12.51 -0.32 451.844
car -1 -1 0.00 0.00 0.00 100.00 100.00 -1000 1.78 4.21 7.06 -1000 11.21 1.63 445.837
car -1 -1 0.00 0.00 0.00 100.00 100.00 -1000 1.77 4.11 -16.79 -1000 38.53 1.59 444.759
car -1 -1 0.00 0.00 0.00 100.00 100.00 -1000 1.91 4.60 -12.79 -1000 39.65 1.48 443.822
car -1 -1 0.00 0.00 0.00 100.00 100.00 -1000 2.32 4.36 -0.98 -1000 19.06 1.63 438.542
car -1 -1 0.00 0.00 0.00 100.00 100.00 -1000 2.10 5.14 4.51 -1000 10.39 1.39 431.408
car -1 -1 0.00 0.00 0.00 100.00 100.00 -1000 1.55 4.23 -17.56 -1000 24.65 1.55 426.761
car -1 -1 0.00 0.00 0.00 100.00 100.00 -1000 1.90 4.80 0.78 -1000 43.17 1.62 425.330
car -1 -1 0.00 0.00 0.00 100.00 100.00 -1000 2.21 6.50 -12.82 -1000 42.72 1.57 424.145
car -1 -1 0.00 0.00 0.00 100.00 100.00 -1000 1.60 3.78 -7.10 -1000 40.40 1.54 420.350
car -1 -1 0.00 0.00 0.00 100.00 100.00 -1000 1.81 4.97 -5.62 -1000 16.15 1.54 420.276
car -1 -1 0.00 0.00 0.00 100.00 100.00 -1000 1.52 3.62 -3.31 -1000 32.96 -0.22 418.259
car -1 -1 0.00 0.00 0.00 100.00 100.00 -1000 1.61 3.27 -16.82 -1000 20.15 1.62 417.476
car -1 -1 0.00 0.00 0.00 100.00 100.00 -1000 1.83 4.58 0.73 -1000 8.28 1.76 415.362
car -1 -1 0.00 0.00 0.00 100.00 100.00 -1000 1.51 3.62 -5.30 -1000 46.54 -0.26 414.576
car -1 -1 0.00 0.00 0.00 100.00 100.00 -1000 1.72 4.58 7.87 -1000 22.99 1.62 414.418
car -1 -1 0.00 0.00 0.00 100.00 100.00 -1000 1.62 3.79 -10.82 -1000 35.18 1.53 409.483
car -1 -1 0.00 0.00 0.00 100.00 100.00 -1000 1.65 3.93 6.84 -1000 32.81 1.62 406.456
car -1 -1 0.00 0.00 0.00 100.00 100.00 -1000 2.50 6.26 -3.72 -1000 37.55 1.55 402.655
car -1 -1 0.00 0.00 0.00 100.00 100.00 -1000 1.75 4.51 18.76 -1000 43.47 1.58 390.958
car -1 -1 0.00 0.00 0.00 100.00 100.00 -1000 2.02 5.38 -14.46 -1000 39.21 1.47 386.676
car -1 -1 0.00 0.00 0.00 100.00 100.00 -1000 1.60 3.44 -15.27 -1000 45.99 1.54 383.346
car -1 -1 0.00 0.00 0.00 100.00 100.00 -1000 1.85 4.26 -11.97 -1000 17.71 1.59 379.418
car -1 -1 0.00 0.00 0.00 100.00 100.00 -1000 1.87 4.32 -2.22 -1000 32.25 1.51 376.948
car -1 -1 0.00 0.00 0.00 100.00 100.00 -1000 1.77 4.55 -0.44 -1000 42.42 1.63 369.147
car -1 -1 0.00 0.00 0.00 100.00 100.00 -1000 1.78 4.62 8.44 -1000 22.23 1.62 366.797
car -1 -1 0.00 0.00 0.00 100.00 100.00 -1000 1.82 4.89 6.49 -1000 25.44 1.58 364.374
car -1 -1 0.00 0.00 0.00 100.00 100.00 -1000 1.73 4.30 5.55 -1000 42.85 1.63 362.770
car -1 -1 0.00 0.00 0.00 100.00 100.00 -1000 1.68 4.19 2.40 -1000 13.24 1.62 362.749
car -1 -1 0.00 0.00 0.00 100.00 100.00 -1000 1.75 4.60 -6.48 -1000 31.50 1.57 361.466
car -1 -1 0.00 0.00 0.00 100.00 100.00 -1000 1.69 5.36 19.54 -1000 35.84 1.61 359.187
car -1 -1 0.00 0.00 0.00 100.00 100.00 -1000 2.13 5.69 18.67 -1000 40.12 1.56 358.542
car -1 -1 0.00 0.00 0.00 100.00 100.00 -1000 1.85 4.54 -15.21 -1000 46.85 1.65 357.837
car -1 -1 0.00 0.00 0.00 100.00 100.00 -1000 1.77 4.40 -10.56 -1000 39.54 1.43 354.251
car -1 -1 0.00 0.00 0.00 100.00 100.00 -1000 1.73 4.31 6.82 -1000 9.33 1.66 351.225
car -1 -1 0.00 0.00 0.00 100.00 100.00 -1000 1.79 4.46 18.56 -1000 41.89 1.51 350.835
car -1 -1 0.00 0.00 0.00 100.00 100.00 -1000 1.96 5.83 5.61 -1000 34.24 1.60 349.933
car -1 -1 0.00 0.00 0.00 100.00 100.00 -1000 1.86 4.83 -9.25 -1000 19.79 1.64 349.418
car -1 -1 0.00 0.00 0.00 100.00 100.00 -1000 1.96 5.75 -2.87 -1000 22.52 1.55 348.114
car -1 -1 0.00 0.00 0.00 100.00 100.00 -1000 2.09 5.82 -7.42 -1000 43.06 1.60 346.555
car -1 -1 0.00 0.00 0.00 100.00 100.00 -1000 2.91 10.48 0.93 -1000 24.51 1.40 342.974
car -1 -1 0.00 0.00 0.00 100.00 100.00 -1000 1.77 3.81 -17.98 -1000 39.01 1.50 342.036
car -1 -1 0.00 0.00 0.00 100.00 100.00 -1000 2.29 5.57 3.98 -1000 44.43 1.59 331.570
car -1 -1 0.00 0.00 0.00 100.00 100.00 -1000 1.70 3.85 7.52 -1000 21.52 1.59 330.314
car -1 -1 0.00 0.00 0.00 100.00 100.00 -1000 1.76 3.93 4.91 -1000 31.49 1.52 326.288
car -1 -1 0.00 0.00 0.00 100.00 100.00 -1000 1.69 3.71 -10.96 -1000 32.38 1.58 323.556
car -1 -1 0.00 0.00 0.00 100.00 100.00 -1000 1.92 5.42 1.17 -1000 11.06 1.56 322.086
car -1 -1 0.00 0.00 0.00 100.00 100.00 -1000 1.99 5.44 2.04 -1000 34.01 1.57 320.383
car -1 -1 0.00 0.00 0.00 100.00 100.00 -1000 1.45 3.71 17.72 -1000 23.84 1.52 315.210
car -1 -1 0.00 0.00 0.00 100.00 100.00 -1000 2.20 6.61 -10.70 -1000 16.94 1.46 311.855
car -1 -1 0.00 0.00 0.00 100.00 100.00 -1000 1.92 5.89 4.82 -1000 9.11 1.60 311.635
car -1 -1 0.00 0.00 0.00 100.00 100.00 -1000 1.86 4.62 -1.59 -1000 33.16 1.62 309.707
car -1 -1 0.00 0.00 0.00 100.00 100.00 -1000 1.90 4.94 5.88 -1000 18.79 1.61 307.677
car -1 -1 0.00 0.00 0.00 100.00 100.00 -1000 1.94 4.75 6.00 -1000 17.58 1.71 305.847
car -1 -1 0.00 0.00 0.00 100.00 100.00 -1000 2.11 5.35 -8.91 -1000 20.91 1.69 305.813
car -1 -1 0.00 0.00 0.00 100.00 100.00 -1000 1.79 4.32 -2.96 -1000 40.43 1.54 305.439
car -1 -1 0.00 0.00 0.00 100.00 100.00 -1000 2.35 6.66 -9.00 -1000 38.97 1.53 303.920
car -1 -1 0.00 0.00 0.00 100.00 100.00 -1000 1.50 3.42 -17.78 -1000 21.50 1.43 303.872
car -1 -1 0.00 0.00 0.00 100.00 100.00 -1000 1.67 3.64 -15.52 -1000 19.86 1.51 302.644
car -1 -1 0.00 0.00 0.00 100.00 100.00 -1000 2.46 8.51 -10.46 -1000 43.84 1.51 300.454
car -1 -1 0.00 0.00 0.00 100.00 100.00 -1000 2.40 7.48 -2.88 -1000 24.51 1.47 293.737
car -1 -1 0.00 0.00 0.00 100.00 100.00 -1000 1.74 4.29 5.25 -1000 41.99 1.63 291.969
car -1 -1 0.00 0.00 0.00 100.00 100.00 -1000 2.11 7.03 3.17 -1000 26.92 1.48 291.791
car -1 -1 0.00 0.00 0.00 100.00 100.00 -1000 1.73 4.94 -4.61 -1000 31.06 1.61 288.401
car -1 -1 0.00 0.00 0.00 100.00 100.00 -1000 1.71 4.80 8.35 -1000 11.76 1.63 286.308
car -1 -1 0.00 0.00 0.00 100.00 100.00 -1000 1.74 5.62 -14.60 -1000 45.45 1.51 285.094
car -1 -1 0.00 0.00 0.00 100.00 100.00 -1000 1.87 4.61 -17.89 -1000 22.19 1.39 284.133
car -1 -1 0.00 0.00 0.00 100.00 100.00 -1000 1.63 3.98 2.41 -1000 17.75 1.56 282.243
car -1 -1 0.00 0.00 0.00 100.00 100.00 -1000 1.99 5.23 2.24 -1000 10.44 1.54 275.601
car -1 -1 0.00 0.00 0.00 100.00 100.00 -1000 2.24 7.45 -5.03 -1000 43.82 1.55 275.492
car -1 -1 0.00 0.00 0.00 100.00 100.00 -1000 1.73 4.52 -17.18 -1000 23.84 1.63 272.974
car -1 -1 0.00 0.00 0.00 100.00 100.00 -1000 2.18 7.45 -0.62 -1000 35.75 1.57 267.951
car -1 -1 0.00 0.00 0.00 100.00 100.00 -1000 1.73 4.67 -9.98 -1000 33.42 1.59 266.840
car -1 -1 0.00 0.00 0.00 100.00 100.00 -1000 1.87 4.65 7.18 -1000 20.20 1.53 265.992
car -1 -1 0.00 0.00 0.00 100.00 100.00 -1000 1.64 4.52 -2.70 -1000 20.22 1.65 264.991
car -1 -1 0.00 0.00 0.00 100.00 100.00 -1000 1.73 5.85 3.44 -1000 14.01 1.56 264.938
car -1 -1 0.00 0.00 0.00 100.00 100.00 -1000 1.97 6.18 -6.03 -1000 18.44 1.62 264.429
car -1 -1 0.00 0.00 0.00 100.00 100.00 -1000 1.61 4.11 -10.32 -1000 14.21 1.47 260.954
car -1 -1 0.00 0.00 0.00 100.00 100.00 -1000 1.71 4.79 -4.17 -1000 15.76 1.47 259.641
car -1 -1 0.00 0.00 0.00 100.00 100.00 -1000 2.09 5.62 -10.13 -1000 34.22 1.58 258.036
car -1 -1 0.00 0.00 0.00 100.00 100.00 -1000 1.65 4.06 17.38 -1000 23.06 1.53 257.496
car -1 -1 0.00 0.00 0.00 100.00 100.00 -1000 1.81 4.37 -1.94 -1000 41.25 1.58 256.689
car -1 -1 0.00 0.00 0.00 100.00 100.00 -1000 1.82 4.79 1.50 -1000 33.06 1.70 251.057
car -1 -1 0.00 0.00 0.00 100.00 100.00 -1000 1.99 5.06 5.21 -1000 30.60 1.55 246.232
car -1 -1 0.00 0.00 0.00 100.00 100.00 -1000 2.41 5.96 3.54 -1000 28.73 1.69 241.171
car -1 -1 0.00 0.00 0.00 100.00 100.00 -1000 1.63 4.85 -5.63 -1000 15.06 1.62 240.805
car -1 -1 0.00 0.00 0.00 100.00 100.00 -1000 1.67 4.49 -3.30 -1000 16.55 1.49 239.058
car -1 -1 0.00 0.00 0.00 100.00 100.00 -1000 1.61 3.80 16.74 -1000 21.94 1.51 237.570
car -1 -1 0.00 0.00 0.00 100.00 100.00 -1000 1.74 4.04 -12.93 -1000 46.05 1.55 234.611
car -1 -1 0.00 0.00 0.00 100.00 100.00 -1000 1.94 3.83 -4.14 -1000 24.93 1.60 234.370
car -1 -1 0.00 0.00 0.00 100.00 100.00 -1000 1.98 6.77 -0.28 -1000 9.57 1.64 231.782
car -1 -1 0.00 0.00 0.00 100.00 100.00 -1000 2.06 5.58 -8.08 -1000 44.49 1.44 231.363
car -1 -1 0.00 0.00 0.00 100.00 100.00 -1000 1.65 4.04 -3.01 -1000 19.35 1.58 230.656
car -1 -1 0.00 0.00 0.00 100.00 100.00 -1000 1.67 4.34 5.46 -1000 7.63 1.64 227.384
car -1 -1 0.00 0.00 0.00 100.00 100.00 -1000 1.87 4.69 1.98 -1000 40.26 1.56 226.748
car -1 -1 0.00 0.00 0.00 100.00 100.00 -1000 2.27 4.73 -13.10 -1000 43.48 1.43 226.231
car -1 -1 0.00 0.00 0.00 100.00 100.00 -1000 1.92 4.50 8.77 -1000 21.10 1.61 224.022
car -1 -1 0.00 0.00 0.00 100.00 100.00 -1000 1.97 5.69 1.53 -1000 44.29 1.66 223.898
car -1 -1 0.00 0.00 0.00 100.00 100.00 -1000 1.87 5.13 -4.92 -1000 44.64 1.50 223.228
car -1 -1 0.00 0.00 0.00 100.00 100.00 -1000 1.93 5.78 8.08 -1000 24.58 1.61 219.722
car -1 -1 0.00 0.00 0.00 100.00 100.00 -1000 1.74 5.25 -10.94 -1000 45.62 1.55 218.073
car -1 -1 0.00 0.00 0.00 100.00 100.00 -1000 1.71 4.40 -18.71 -1000 39.66 1.65 217.497
car -1 -1 0.00 0.00 0.00 100.00 100.00 -1000 1.94 4.36 -13.31 -1000 38.70 1.61 217.210
car -1 -1 0.00 0.00 0.00 100.00 100.00 -1000 1.86 5.27 -16.28 -1000 47.70 1.56 214.157
car -1 -1 0.00 0.00 0.00 100.00 100.00 -1000 1.88 5.68 -6.21 -1000 45.52 1.43 213.319
car -1 -1 0.00 0.00 0.00 100.00 100.00 -1000 1.65 5.11 -1.31 -1000 43.09 1.61 213.089
car -1 -1 0.00 0.00 0.00 100.00 100.00 -1000 1.72 4.59 -8.26 -1000 31.60 1.55 211.056
car -1 -1 0.00 0.00 0.00 100.00 100.00 -1000 1.84 4.91 0.17 -1000 33.55 1.63 211.027
car -1 -1 0.00 0.00 0.00 100.00 100.00 -1000 1.71 3.98 -13.67 -1000 34.01 1.53 211.004
car -1 -1 0.00 0.00 0.00 100.00 100.00 -1000 1.84 4.82 -18.58 -1000 40.71 1.60 210.579
car -1 -1 0.00 0.00 0.00 100.00 100.00 -1000 1.99 4.66 -7.28 -1000 39.48 1.48 209.330
car -1 -1 0.00 0.00 0.00 100.00 100.00 -1000 2.31 6.54 -13.72 -1000 22.63 1.43 208.400
car -1 -1 0.00 0.00 0.00 100.00 100.00 -1000 2.02 4.73 -12.65 -1000 37.01 1.52 207.776
car -1 -1 0.00 0.00 0.00 100.00 100.00 -1000 1.96 5.38 18.76 -1000 35.03 1.42 206.693
car -1 -1 0.00 0.00 0.00 100.00 100.00 -1000 1.72 4.21 -16.74 -1000 46.53 1.60 206.605
car -1 -1 0.00 0.00 0.00 100.00 100.00 -1000 1.41 3.20 -14.15 -1000 40.03 -0.08 206.202
car -1 -1 0.00 0.00 0.00 100.00 100.00 -1000 1.94 4.62 -12.37 -1000 45.24 1.39 205.528
car -1 -1 0.00 0.00 0.00 100.00 100.00 -1000 1.77 5.10 5.34 -1000 43.92 1.60 204.584
car -1 -1 0.00 0.00 0.00 100.00 100.00 -1000 2.57 6.37 4.40 -1000 27.80 1.77 200.700
car -1 -1 0.00 0.00 0.00 100.00 100.00 -1000 1.91 5.40 -2.92 -1000 21.37 1.67 197.130
