car -1 -1 0.00 0.00 0.00 100.00 100.00 -1000 1.48 2.95 0.16 -1000 31.14 1.58 989.656
car -1 -1 0.00 0.00 0.00 100.00 100.00 -1000 1.42 3.31 -0.38 -1000 30.39 -0.30 984.226
car -1 -1 0.00 0.00 0.00 100.00 100.00 -1000 1.50 3.08 -2.88 -1000 9.89 1.47 983.388
car -1 -1 0.00 0.00 0.00 100.00 100.00 -1000 1.48 3.48 11.79 -1000 16.09 -0.17 981.955
car -1 -1 0.00 0.00 0.00 100.00 100.00 -1000 1.45 2.89 12.15 -1000 16.91 1.60 974.475
car -1 -1 0.00 0.00 0.00 100.00 100.00 -1000 1.44 2.94 -14.33 -1000 23.81 1.57 970.505
car -1 -1 0.00 0.00 0.00 100.00 100.00 -1000 1.51 3.27 18.22 -1000 43.59 -0.17 969.883
car -1 -1 0.00 0.00 0.00 100.00 100.00 -1000 1.40 2.80 11.57 -1000 25.90 1.58 968.433
car -1 -1 0.00 0.00 0.00 100.00 100.00 -1000 1.62 3.79 12.38 -1000 24.84 -0.48 965.030
car -1 -1 0.00 0.00 0.00 100.00 100.00 -1000 1.60 3.58 10.58 -1000 25.08 -0.29 964.351
car -1 -1 0.00 0.00 0.00 100.00 100.00 -1000 1.85 3.97 17.49 -1000 47.18 1.55 962.832
car -1 -1 0.00 0.00 0.00 100.00 100.00 -1000 1.36 2.83 18.34 -1000 44.35 1.55 961.436
car -1 -1 0.00 0.00 0.00 100.00 100.00 -1000 1.41 3.28 -3.50 -1000 46.26 -0.07 960.992
car -1 -1 0.00 0.00 0.00 100.00 100.00 -1000 1.41 2.89 -4.14 -1000 46.82 1.58 960.811
car -1 -1 0.00 0.00 0.00 100.00 100.00 -1000 1.40 2.78 13.47 -1000 25.76 1.59 960.486
car -1 -1 0.00 0.00 0.00 100.00 100.00 -1000 1.41 2.90 -9.83 -1000 45.60 1.55 958.648
car -1 -1 0.00 0.00 0.00 100.00 100.00 -1000 1.43 2.88 -5.88 -1000 46.51 1.58 957.017
car -1 -1 0.00 0.00 0.00 100.00 100.00 -1000 1.49 3.91 -3.42 -1000 9.10 -0.44 955.821
car -1 -1 0.00 0.00 0.00 100.00 100.00 -1000 1.45 3.04 -8.17 -1000 45.95 1.55 955.598
car -1 -1 0.00 0.00 0.00 100.00 100.00 -1000 1.55 3.42 -9.57 -1000 44.74 -0.12 953.043
car -1 -1 0.00 0.00 0.00 100.00 100.00 -1000 1.48 3.37 -4.82 -1000 46.02 -0.14 952.867
car -1 -1 0.00 0.00 0.00 100.00 100.00 -1000 1.43 2.96 -3.09 -1000 47.08 1.55 945.832
car -1 -1 0.00 0.00 0.00 100.00 100.00 -1000 1.49 3.60 17.30 -1000 44.72 1.55 945.008
car -1 -1 0.00 0.00 0.00 100.00 100.00 -1000 1.40 3.00 -7.21 -1000 46.33 1.53 943.787
car -1 -1 0.00 0.00 0.00 100.00 100.00 -1000 1.40 2.97 10.61 -1000 26.19 1.54 943.728
car -1 -1 0.00 0.00 0.00 100.00 100.00 -1000 1.40 2.89 12.64 -1000 26.13 1.54 943.450
car -1 -1 0.00 0.00 0.00 100.00 100.00 -1000 1.44 2.91 -10.86 -1000 45.28 1.58 943.092
car -1 -1 0.00 0.00 0.00 100.00 100.00 -1000 1.51 3.45 -6.53 -1000 45.63 -0.21 934.171
car -1 -1 0.00 0.00 0.00 100.00 100.00 -1000 1.40 2.89 -14.18 -1000 31.45 1.58 933.509
car -1 -1 0.00 0.00 0.00 100.00 100.00 -1000 1.39 3.03 -14.64 -1000 22.95 -0.10 933.181
car -1 -1 0.00 0.00 0.00 100.00 100.00 -1000 1.48 3.36 -8.21 -1000 45.12 -0.18 925.693
car -1 -1 0.00 0.00 0.00 100.00 100.00 -1000 1.77 4.46 0.01 -1000 31.94 1.52 924.167
car -1 -1 0.00 0.00 0.00 100.00 100.00 -1000 1.39 3.25 14.02 -1000 24.93 -0.06 919.553
car -1 -1 0.00 0.00 0.00 100.00 100.00 -1000 1.46 2.93 14.69 -1000 25.46 1.58 904.015
car -1 -1 0.00 0.00 0.00 100.00 100.00 -1000 1.45 3.35 -14.00 -1000 30.66 -0.19 899.191
car -1 -1 0.00 0.00 0.00 100.00 100.00 -1000 1.49 2.90 10.98 -1000 31.91 1.58 897.532
car -1 -1 0.00 0.00 0.00 100.00 100.00 -1000 1.48 3.26 -2.26 -1000 46.06 -0.19 897.057
car -1 -1 0.00 0.00 0.00 100.00 100.00 -1000 1.42 3.00 -10.85 -1000 44.48 -0.17 893.644
car -1 -1 0.00 0.00 0.00 100.00 100.00 -1000 1.54 3.25 -15.64 -1000 23.52 1.48 891.958
car -1 -1 0.00 0.00 0.00 100.00 100.00 -1000 1.38 2.96 10.65 -1000 31.09 -0.16 886.259
car -1 -1 0.00 0.00 0.00 100.00 100.00 -1000 1.78 5.21 -4.54 -1000 47.29 1.48 874.257
car -1 -1 0.00 0.00 0.00 100.00 100.00 -1000 1.56 3.26 -15.23 -1000 31.15 1.51 866.459
car -1 -1 0.00 0.00 0.00 100.00 100.00 -1000 1.39 2.95 -8.37 -1000 39.63 1.60 864.473
car -1 -1 0.00 0.00 0.00 100.00 100.00 -1000 1.40 2.93 4.60 -1000 41.28 1.62 857.453
car -1 -1 0.00 0.00 0.00 100.00 100.00 -1000 1.61 3.66 -13.97 -1000 32.12 1.45 856.619
car -1 -1 0.00 0.00 0.00 100.00 100.00 -1000 1.35 2.99 -6.74 -1000 40.03 1.60 856.597
car -1 -1 0.00 0.00 0.00 100.00 100.00 -1000 1.49 3.23 1.67 -1000 30.71 1.60 854.646
car -1 -1 0.00 0.00 0.00 100.00 100.00 -1000 1.47 3.18 -5.54 -1000 39.51 -0.13 851.258
car -1 -1 0.00 0.00 0.00 100.00 100.00 -1000 1.45 3.04 6.21 -1000 41.25 1.63 849.590
car -1 -1 0.00 0.00 0.00 100.00 100.00 -1000 1.46 3.04 -4.17 -1000 39.89 -0.11 847.690
car -1 -1 0.00 0.00 0.00 100.00 100.00 -1000 1.55 3.31 -1.90 -1000 30.22 1.56 844.560
car -1 -1 0.00 0.00 0.00 100.00 100.00 -1000 1.47 3.42 1.17 -1000 30.10 -0.18 843.101
car -1 -1 0.00 0.00 0.00 100.00 100.00 -1000 1.45 3.07 7.97 -1000 41.22 1.61 840.677
car -1 -1 0.00 0.00 0.00 100.00 100.00 -1000 1.65 3.63 -3.38 -1000 8.21 1.67 838.581
car -1 -1 0.00 0.00 0.00 100.00 100.00 -1000 1.96 5.29 -1.82 -1000 32.88 1.49 838.312
car -1 -1 0.00 0.00 0.00 100.00 100.00 -1000 2.01 4.90 -14.43 -1000 24.75 1.57 833.625
car -1 -1 0.00 0.00 0.00 100.00 100.00 -1000 1.39 2.88 14.59 -1000 31.96 1.57 832.198
car -1 -1 0.00 0.00 0.00 100.00 100.00 -1000 1.44 2.94 2.44 -1000 41.54 1.59 831.623
car -1 -1 0.00 0.00 0.00 100.00 100.00 -1000 1.54 3.06 -15.06 -1000 30.22 -0.14 828.826
car -1 -1 0.00 0.00 0.00 100.00 100.00 -1000 1.41 3.02 -7.46 -1000 39.09 -0.14 823.323
car -1 -1 0.00 0.00 0.00 100.00 100.00 -1000 1.83 4.71 3.05 -1000 33.38 1.49 815.900
car -1 -1 0.00 0.00 0.00 100.00 100.00 -1000 1.43 2.88 -8.49 -1000 38.71 -0.20 814.973
car -1 -1 0.00 0.00 0.00 100.00 100.00 -1000 1.44 3.25 2.32 -1000 47.59 1.59 814.933
car -1 -1 0.00 0.00 0.00 100.00 100.00 -1000 1.48 3.03 -11.91 -1000 44.94 1.59 814.214
car -1 -1 0.00 0.00 0.00 100.00 100.00 -1000 1.56 3.18 14.49 -1000 31.19 -0.33 809.656
car -1 -1 0.00 0.00 0.00 100.00 100.00 -1000 1.63 4.41 11.70 -1000 26.74 1.57 809.624
car -1 -1 0.00 0.00 0.00 100.00 100.00 -1000 1.61 3.59 1.25 -1000 31.48 1.71 805.754
car -1 -1 0.00 0.00 0.00 100.00 100.00 -1000 1.44 3.19 3.93 -1000 47.64 1.61 801.788
car -1 -1 0.00 0.00 0.00 100.00 100.00 -1000 1.42 3.14 4.11 -1000 40.66 -0.12 800.166
car -1 -1 0.00 0.00 0.00 100.00 100.00 -1000 1.43 3.36 -4.46 -1000 40.60 1.55 799.977
car -1 -1 0.00 0.00 0.00 100.00 100.00 -1000 1.41 3.04 2.49 -1000 40.69 -0.06 799.453
car -1 -1 0.00 0.00 0.00 100.00 100.00 -1000 1.61 4.04 -10.03 -1000 46.22 1.50 799.103
car -1 -1 0.00 0.00 0.00 100.00 100.00 -1000 1.43 3.21 2.22 -1000 46.68 0.05 798.205
car -1 -1 0.00 0.00 0.00 100.00 100.00 -1000 1.52 3.53 18.45 -1000 38.27 1.57 794.088
car -1 -1 0.00 0.00 0.00 100.00 100.00 -1000 1.42 3.24 -3.07 -1000 40.72 1.59 786.911
car -1 -1 0.00 0.00 0.00 100.00 100.00 -1000 1.60 3.73 -16.68 -1000 24.14 1.61 786.593
car -1 -1 0.00 0.00 0.00 100.00 100.00 -1000 1.43 3.27 5.71 -1000 40.65 -0.13 782.246
car -1 -1 0.00 0.00 0.00 100.00 100.00 -1000 1.70 4.02 -3.71 -1000 32.53 1.58 781.647
car -1 -1 0.00 0.00 0.00 100.00 100.00 -1000 1.55 3.19 12.92 -1000 16.36 1.74 777.734
car -1 -1 0.00 0.00 0.00 100.00 100.00 -1000 1.52 3.46 -1.85 -1000 47.25 1.60 777.180
car -1 -1 0.00 0.00 0.00 100.00 100.00 -1000 1.49 3.47 14.94 -1000 24.54 -0.24 767.867
car -1 -1 0.00 0.00 0.00 100.00 100.00 -1000 1.46 3.18 3.82 -1000 46.69 0.05 762.991
car -1 -1 0.00 0.00 0.00 100.00 100.00 -1000 1.64 4.32 18.65 -1000 44.94 1.55 762.656
car -1 -1 0.00 0.00 0.00 100.00 100.00 -1000 1.44 3.30 9.26 -1000 41.43 1.59 762.516
car -1 -1 0.00 0.00 0.00 100.00 100.00 -1000 1.52 3.30 3.91 -1000 30.54 1.58 762.341
car -1 -1 0.00 0.00 0.00 100.00 100.00 -1000 1.41 3.17 -9.47 -1000 39.25 1.53 757.367
car -1 -1 0.00 0.00 0.00 100.00 100.00 -1000 1.47 3.22 5.43 -1000 47.70 1.64 753.211
car -1 -1 0.00 0.00 0.00 100.00 100.00 -1000 1.71 4.21 -1.40 -1000 31.08 1.52 749.954
car -1 -1 0.00 0.00 0.00 100.00 100.00 -1000 1.76 4.42 16.29 -1000 45.28 1.48 743.155
car -1 -1 0.00 0.00 0.00 100.00 100.00 -1000 1.58 2.91 18.48 -1000 37.50 -0.10 731.719
car -1 -1 0.00 0.00 0.00 100.00 100.00 -1000 1.47 3.18 -3.36 -1000 29.83 1.56 727.458
car -1 -1 0.00 0.00 0.00 100.00 100.00 -1000 1.62 3.38 -1.10 -1000 29.69 1.54 722.217
car -1 -1 0.00 0.00 0.00 100.00 100.00 -1000 1.37 3.24 8.62 -1000 40.66 -0.15 718.348
car -1 -1 0.00 0.00 0.00 100.00 100.00 -1000 1.47 3.30 1.01 -1000 47.27 1.54 717.732
car -1 -1 0.00 0.00 0.00 100.00 100.00 -1000 1.73 4.46 12.76 -1000 17.44 1.69 717.033
car -1 -1 0.00 0.00 0.00 100.00 100.00 -1000 1.54 3.64 -13.15 -1000 24.14 1.73 716.457
car -1 -1 0.00 0.00 0.00 100.00 100.00 -1000 1.52 2.99 -2.61 -1000 39.92 -0.12 715.701
car -1 -1 0.00 0.00 0.00 100.00 100.00 -1000 1.55 3.37 14.66 -1000 45.89 1.56 715.488
car -1 -1 0.00 0.00 0.00 100.00 100.00 -1000 2.57 6.69 0.52 -1000 33.14 1.55 712.177
car -1 -1 0.00 0.00 0.00 100.00 100.00 -1000 1.55 3.16 0.93 -1000 46.45 -0.24 708.439
car -1 -1 0.00 0.00 0.00 100.00 100.00 -1000 1.44 3.55 15.70 -1000 25.78 1.62 707.729
car -1 -1 0.00 0.00 0.00 100.00 100.00 -1000 1.42 3.22 17.61 -1000 46.35 -0.25 696.950
car -1 -1 0.00 0.00 0.00 100.00 100.00 -1000 1.60 4.19 11.34 -1000 32.49 1.60 696.876
car -1 -1 0.00 0.00 0.00 100.00 100.00 -1000 1.50 3.29 -17.84 -1000 38.66 1.62 690.225
car -1 -1 0.00 0.00 0.00 100.00 100.00 -1000 1.49 3.11 -16.67 -1000 22.76 1.53 688.792
car -1 -1 0.00 0.00 0.00 100.00 100.00 -1000 1.39 3.18 7.41 -1000 47.16 0.01 686.749
car -1 -1 0.00 0.00 0.00 100.00 100.00 -1000 1.81 5.12 -6.58 -1000 47.04 1.49 686.321
car -1 -1 0.00 0.00 0.00 100.00 100.00 -1000 1.78 4.16 3.92 -1000 32.72 1.60 686.255
car -1 -1 0.00 0.00 0.00 100.00 100.00 -1000 1.68 2.63 18.95 -1000 42.96 -0.18 681.708
car -1 -1 0.00 0.00 0.00 100.00 100.00 -1000 1.84 4.01 -2.80 -1000 31.98 1.65 680.865
car -1 -1 0.00 0.00 0.00 100.00 100.00 -1000 1.61 3.56 -17.16 -1000 31.54 1.67 679.959
car -1 -1 0.00 0.00 0.00 100.00 100.00 -1000 1.52 3.23 5.35 -1000 46.71 -0.00 679.722
car -1 -1 0.00 0.00 0.00 100.00 100.00 -1000 1.63 4.12 14.46 -1000 32.57 1.53 675.858
car -1 -1 0.00 0.00 0.00 100.00 100.00 -1000 1.49 3.39 7.07 -1000 40.37 -0.16 674.610
car -1 -1 0.00 0.00 0.00 100.00 100.00 -1000 1.62 3.58 -16.83 -1000 39.08 1.63 674.392
car -1 -1 0.00 0.00 0.00 100.00 100.00 -1000 1.52 3.01 -17.84 -1000 23.86 1.60 667.002
car -1 -1 0.00 0.00 0.00 100.00 100.00 -1000 1.49 3.86 16.24 -1000 46.67 1.44 664.366
car -1 -1 0.00 0.00 0.00 100.00 100.00 -1000 1.39 3.15 -9.92 -1000 38.37 -0.20 660.804
car -1 -1 0.00 0.00 0.00 100.00 100.00 -1000 1.45 2.83 -18.30 -1000 31.97 1.58 655.000
car -1 -1 0.00 0.00 0.00 100.00 100.00 -1000 1.55 3.14 2.57 -1000 30.06 1.61 645.547
car -1 -1 0.00 0.00 0.00 100.00 100.00 -1000 1.49 3.35 16.76 -1000 43.70 1.52 644.785
car -1 -1 0.00 0.00 0.00 100.00 100.00 -1000 1.68 3.44 11.50 -1000 15.03 1.56 638.169
car -1 -1 0.00 0.00 0.00 100.00 100.00 -1000 1.51 3.26 -11.94 -1000 44.10 -0.21 634.426
car -1 -1 0.00 0.00 0.00 100.00 100.00 -1000 1.75 4.36 -7.32 -1000 35.37 1.69 633.276
car -1 -1 0.00 0.00 0.00 100.00 100.00 -1000 1.68 3.89 -16.60 -1000 30.75 1.59 630.794
car -1 -1 0.00 0.00 0.00 100.00 100.00 -1000 1.64 3.88 11.09 -1000 17.37 1.56 630.593
car -1 -1 0.00 0.00 0.00 100.00 100.00 -1000 1.50 3.66 4.68 -1000 33.40 1.55 627.509
car -1 -1 0.00 0.00 0.00 100.00 100.00 -1000 1.54 3.87 -5.99 -1000 35.78 1.59 626.731
car -1 -1 0.00 0.00 0.00 100.00 100.00 -1000 1.37 2.29 -2.29 -1000 9.29 -0.28 626.280
car -1 -1 0.00 0.00 0.00 100.00 100.00 -1000 1.67 3.69 -15.57 -1000 22.45 -0.02 620.712
car -1 -1 0.00 0.00 0.00 100.00 100.00 -1000 1.90 5.26 -13.83 -1000 33.48 1.54 616.338
car -1 -1 0.00 0.00 0.00 100.00 100.00 -1000 1.70 4.63 14.57 -1000 26.48 1.59 616.268
car -1 -1 0.00 0.00 0.00 100.00 100.00 -1000 1.58 3.44 8.38 -1000 47.69 1.71 616.120
car -1 -1 0.00 0.00 0.00 100.00 100.00 -1000 2.41 7.28 2.30 -1000 32.49 1.47 611.605
car -1 -1 0.00 0.00 0.00 100.00 100.00 -1000 1.64 3.60 1.13 -1000 41.67 1.54 608.628
car -1 -1 0.00 0.00 0.00 100.00 100.00 -1000 1.54 3.17 10.36 -1000 24.29 1.54 605.161
car -1 -1 0.00 0.00 0.00 100.00 100.00 -1000 1.57 3.71 12.55 -1000 31.96 1.63 604.230
car -1 -1 0.00 0.00 0.00 100.00 100.00 -1000 1.68 4.38 -17.20 -1000 32.28 1.67 599.231
car -1 -1 0.00 0.00 0.00 100.00 100.00 -1000 1.63 3.99 -12.24 -1000 45.59 1.50 598.258
car -1 -1 0.00 0.00 0.00 100.00 100.00 -1000 1.80 4.43 18.35 -1000 39.09 1.60 594.411
car -1 -1 0.00 0.00 0.00 100.00 100.00 -1000 1.56 3.83 -1.95 -1000 41.04 1.68 591.906
car -1 -1 0.00 0.00 0.00 100.00 100.00 -1000 1.66 3.55 -4.65 -1000 32.02 1.65 591.035
car -1 -1 0.00 0.00 0.00 100.00 100.00 -1000 1.60 3.51 -15.86 -1000 39.50 1.61 588.339
car -1 -1 0.00 0.00 0.00 100.00 100.00 -1000 1.61 3.63 -1.10 -1000 46.34 -0.27 586.686
car -1 -1 0.00 0.00 0.00 100.00 100.00 -1000 1.25 2.93 13.17 -1000 24.36 -0.18 586.671
car -1 -1 0.00 0.00 0.00 100.00 100.00 -1000 1.61 3.09 4.73 -1000 30.00 1.59 586.276
car -1 -1 0.00 0.00 0.00 100.00 100.00 -1000 1.42 2.72 -18.16 -1000 22.95 1.58 586.151
car -1 -1 0.00 0.00 0.00 100.00 100.00 -1000 1.49 3.14 -3.14 -1000 29.06 -0.18 582.433
car -1 -1 0.00 0.00 0.00 100.00 100.00 -1000 1.79 4.59 -3.54 -1000 30.54 1.55 581.092
car -1 -1 0.00 0.00 0.00 100.00 100.00 -1000 1.66 4.14 -4.51 -1000 36.22 1.73 579.535
car -1 -1 0.00 0.00 0.00 100.00 100.00 -1000 2.15 6.16 -8.28 -1000 39.97 1.59 577.560
car -1 -1 0.00 0.00 0.00 100.00 100.00 -1000 1.27 2.57 -2.78 -1000 7.39 1.58 569.865
car -1 -1 0.00 0.00 0.00 100.00 100.00 -1000 1.87 5.23 -17.19 -1000 25.00 1.69 567.594
car -1 -1 0.00 0.00 0.00 100.00 100.00 -1000 1.65 3.55 -0.12 -1000 46.89 1.59 566.613
car -1 -1 0.00 0.00 0.00 100.00 100.00 -1000 1.60 3.50 14.28 -1000 23.95 1.56 566.210
car -1 -1 0.00 0.00 0.00 100.00 100.00 -1000 1.89 4.69 3.83 -1000 36.92 1.70 566.162
car -1 -1 0.00 0.00 0.00 100.00 100.00 -1000 1.81 4.29 9.61 -1000 32.55 1.59 561.281
car -1 -1 0.00 0.00 0.00 100.00 100.00 -1000 1.60 3.26 14.28 -1000 45.16 1.54 559.099
car -1 -1 0.00 0.00 0.00 100.00 100.00 -1000 1.97 5.65 -3.27 -1000 33.32 1.47 556.452
car -1 -1 0.00 0.00 0.00 100.00 100.00 -1000 1.53 3.35 -4.61 -1000 29.50 1.55 555.436
car -1 -1 0.00 0.00 0.00 100.00 100.00 -1000 1.59 3.55 13.20 -1000 46.01 1.58 552.921
car -1 -1 0.00 0.00 0.00 100.00 100.00 -1000 1.60 4.35 16.29 -1000 47.58 1.54 550.084
car -1 -1 0.00 0.00 0.00 100.00 100.00 -1000 1.79 4.98 2.73 -1000 31.81 1.60 549.782
car -1 -1 0.00 0.00 0.00 100.00 100.00 -1000 1.53 3.87 -12.54 -1000 31.88 1.67 541.516
car -1 -1 0.00 0.00 0.00 100.00 100.00 -1000 2.40 7.59 -15.24 -1000 25.32 1.44 540.892
car -1 -1 0.00 0.00 0.00 100.00 100.00 -1000 2.08 5.91 -8.57 -1000 46.68 1.58 539.582
car -1 -1 0.00 0.00 0.00 100.00 100.00 -1000 1.58 3.35 12.63 -1000 15.50 1.64 538.360
car -1 -1 0.00 0.00 0.00 100.00 100.00 -1000 1.35 2.92 -18.12 -1000 31.20 1.56 533.193
car -1 -1 0.00 0.00 0.00 100.00 100.00 -1000 1.27 2.73 -7.31 -1000 34.73 -0.15 525.348
car -1 -1 0.00 0.00 0.00 100.00 100.00 -1000 1.55 3.27 10.13 -1000 40.93 1.63 520.842
car -1 -1 0.00 0.00 0.00 100.00 100.00 -1000 1.94 5.43 -2.60 -1000 36.72 1.67 519.627
car -1 -1 0.00 0.00 0.00 100.00 100.00 -1000 1.58 3.87 -0.01 -1000 41.25 1.57 519.258
car -1 -1 0.00 0.00 0.00 100.00 100.00 -1000 1.52 3.55 -11.37 -1000 38.37 1.56 518.691
car -1 -1 0.00 0.00 0.00 100.00 100.00 -1000 2.00 5.32 -16.74 -1000 33.47 1.54 517.276
car -1 -1 0.00 0.00 0.00 100.00 100.00 -1000 1.72 4.07 1.47 -1000 37.06 1.52 516.962
car -1 -1 0.00 0.00 0.00 100.00 100.00 -1000 2.19 5.27 -3.15 -1000 10.58 1.28 516.670
car -1 -1 0.00 0.00 0.00 100.00 100.00 -1000 1.48 3.25 8.60 -1000 46.77 -0.06 513.566
car -1 -1 0.00 0.00 0.00 100.00 100.00 -1000 1.56 3.78 14.45 -1000 17.03 1.61 509.436
car -1 -1 0.00 0.00 0.00 100.00 100.00 -1000 1.78 3.58 -0.43 -1000 28.98 1.56 508.288
car -1 -1 0.00 0.00 0.00 100.00 100.00 -1000 1.66 3.88 -8.67 -1000 35.06 1.51 496.912
car -1 -1 0.00 0.00 0.00 100.00 100.00 -1000 2.00 5.19 -6.78 -1000 40.70 1.53 493.536
car -1 -1 0.00 0.00 0.00 100.00 100.00 -1000 1.49 3.71 -13.05 -1000 31.06 -0.38 493.448
car -1 -1 0.00 0.00 0.00 100.00 100.00 -1000 1.98 6.02 -12.35 -1000 24.91 1.63 491.665
car -1 -1 0.00 0.00 0.00 100.00 100.00 -1000 1.88 4.14 13.05 -1000 23.51 1.53 490.255
car -1 -1 0.00 0.00 0.00 100.00 100.00 -1000 1.71 4.03 12.75 -1000 47.18 1.65 489.815
car -1 -1 0.00 0.00 0.00 100.00 100.00 -1000 1.59 3.68 -14.17 -1000 36.31 1.59 483.648
car -1 -1 0.00 0.00 0.00 100.00 100.00 -1000 1.63 3.44 -5.12 -1000 45.22 1.53 481.875
car -1 -1 0.00 0.00 0.00 100.00 100.00 -1000 1.46 3.10 17.22 -1000 42.93 1.49 480.156
car -1 -1 0.00 0.00 0.00 100.00 100.00 -1000 1.61 3.94 16.48 -1000 25.13 1.62 472.625
car -1 -1 0.00 0.00 0.00 100.00 100.00 -1000 1.50 3.18 -18.25 -1000 24.58 1.52 469.257
car -1 -1 0.00 0.00 0.00 100.00 100.00 -1000 1.53 3.27 -18.26 -1000 37.93 -0.17 467.778
car -1 -1 0.00 0.00 0.00 100.00 100.00 -1000 1.41 3.46 -5.34 -1000 35.17 -0.27 466.965
car -1 -1 0.00 0.00 0.00 100.00 100.00 -1000 1.90 4.73 2.58 -1000 42.03 1.69 465.711
car -1 -1 0.00 0.00 0.00 100.00 100.00 -1000 2.63 8.66 -6.98 -1000 47.54 1.55 465.154
car -1 -1 0.00 0.00 0.00 100.00 100.00 -1000 1.27 2.66 4.31 -1000 36.37 -0.01 457.335
car -1 -1 0.00 0.00 0.00 100.00 100.00 -1000 1.69 3.73 2.99 -1000 36.29 -0.05 456.128
car -1 -1 0.00 0.00 0.00 100.00 100.00 -1000 1.62 4.01 7.69 -1000 46.10 1.56 447.756
car -1 -1 0.00 0.00 0.00 100.00 100.00 -1000 1.65 3.67 -3.46 -1000 45.13 1.48 439.126
car -1 -1 0.00 0.00 0.00 100.00 100.00 -1000 2.61 7.38 11.39 -1000 27.23 1.52 438.510
car -1 -1 0.00 0.00 0.00 100.00 100.00 -1000 1.79 4.12 12.74 -1000 14.68 1.53 437.577
car -1 -1 0.00 0.00 0.00 100.00 100.00 -1000 1.81 4.70 4.35 -1000 31.46 1.59 436.321
car -1 -1 0.00 0.00 0.00 100.00 100.00 -1000 1.82 4.38 13.82 -1000 46.69 1.56 431.780
car -1 -1 0.00 0.00 0.00 100.00 100.00 -1000 1.60 3.96 -14.21 -1000 29.49 1.47 431.470
car -1 -1 0.00 0.00 0.00 100.00 100.00 -1000 1.58 3.64 -13.55 -1000 23.33 1.74 430.569
car -1 -1 0.00 0.00 0.00 100.00 100.00 -1000 1.57 3.21 18.17 -1000 42.49 -0.14 429.359
car -1 -1 0.00 0.00 0.00 100.00 100.00 -1000 1.66 3.48 -6.15 -1000 32.05 1.60 429.220
car -1 -1 0.00 0.00 0.00 100.00 100.00 -1000 1.98 6.47 10.14 -1000 33.35 1.60 428.873
car -1 -1 0.00 0.00 0.00 100.00 100.00 -1000 1.94 5.95 -3.76 -1000 41.24 1.52 427.099
car -1 -1 0.00 0.00 0.00 100.00 100.00 -1000 1.55 3.99 11.03 -1000 41.54 1.63 424.051
car -1 -1 0.00 0.00 0.00 100.00 100.00 -1000 1.69 4.17 9.45 -1000 25.49 1.62 418.172
car -1 -1 0.00 0.00 0.00 100.00 100.00 -1000 1.58 3.64 3.10 -1000 46.11 1.55 412.057
car -1 -1 0.00 0.00 0.00 100.00 100.00 -1000 1.81 5.33 -12.39 -1000 32.57 1.61 411.585
car -1 -1 0.00 0.00 0.00 100.00 100.00 -1000 1.75 4.46 15.08 -1000 44.41 1.55 409.617
car -1 -1 0.00 0.00 0.00 100.00 100.00 -1000 1.67 4.38 10.07 -1000 16.25 1.63 408.471
car -1 -1 0.00 0.00 0.00 100.00 100.00 -1000 1.84 5.00 -11.67 -1000 46.36 1.58 408.206
car -1 -1 0.00 0.00 0.00 100.00 100.00 -1000 1.46 3.28 -5.41 -1000 31.49 -0.22 406.714
car -1 -1 0.00 0.00 0.00 100.00 100.00 -1000 1.64 3.08 -3.11 -1000 36.10 -0.10 405.378
car -1 -1 0.00 0.00 0.00 100.00 100.00 -1000 1.64 4.17 -7.25 -1000 44.43 1.54 405.121
car -1 -1 0.00 0.00 0.00 100.00 100.00 -1000 1.61 4.07 4.43 -1000 39.62 1.56 404.359
car -1 -1 0.00 0.00 0.00 100.00 100.00 -1000 1.73 4.06 8.27 -1000 39.65 1.56 403.837
car -1 -1 0.00 0.00 0.00 100.00 100.00 -1000 1.62 4.08 6.17 -1000 39.62 1.56 402.602
car -1 -1 0.00 0.00 0.00 100.00 100.00 -1000 1.60 3.99 -14.40 -1000 34.70 1.71 402.119
car -1 -1 0.00 0.00 0.00 100.00 100.00 -1000 1.93 4.54 0.27 -1000 28.30 1.52 400.186
car -1 -1 0.00 0.00 0.00 100.00 100.00 -1000 1.66 4.07 -9.74 -1000 43.65 1.43 398.669
car -1 -1 0.00 0.00 0.00 100.00 100.00 -1000 2.02 5.94 -15.14 -1000 32.67 1.50 396.521
car -1 -1 0.00 0.00 0.00 100.00 100.00 -1000 2.14 6.08 2.56 -1000 34.15 1.45 396.160
car -1 -1 0.00 0.00 0.00 100.00 100.00 -1000 2.08 6.34 -0.93 -1000 33.78 1.59 394.514
car -1 -1 0.00 0.00 0.00 100.00 100.00 -1000 1.81 5.10 1.18 -1000 9.83 1.60 393.242
car -1 -1 0.00 0.00 0.00 100.00 100.00 -1000 1.94 4.80 5.06 -1000 37.54 1.61 392.149
car -1 -1 0.00 0.00 0.00 100.00 100.00 -1000 1.93 4.97 -0.49 -1000 36.88 1.77 391.429
car -1 -1 0.00 0.00 0.00 100.00 100.00 -1000 1.73 4.61 5.59 -1000 30.89 1.63 389.054
car -1 -1 0.00 0.00 0.00 100.00 100.00 -1000 1.75 4.07 3.64 -1000 29.61 1.58 386.464
car -1 -1 0.00 0.00 0.00 100.00 100.00 -1000 1.75 4.30 -5.45 -1000 32.70 1.57 385.118
car -1 -1 0.00 0.00 0.00 100.00 100.00 -1000 1.52 3.37 10.36 -1000 30.38 1.66 384.963
car -1 -1 0.00 0.00 0.00 100.00 100.00 -1000 1.61 4.23 -1.94 -1000 28.22 1.59 380.507
car -1 -1 0.00 0.00 0.00 100.00 100.00 -1000 1.76 4.16 -17.18 -1000 30.01 1.37 379.450
car -1 -1 0.00 0.00 0.00 100.00 100.00 -1000 1.58 3.92 14.63 -1000 43.50 1.58 378.441
car -1 -1 0.00 0.00 0.00 100.00 100.00 -1000 1.63 3.86 0.76 -1000 40.40 1.59 374.555
car -1 -1 0.00 0.00 0.00 100.00 100.00 -1000 1.74 3.87 5.93 -1000 36.96 1.53 374.344
car -1 -1 0.00 0.00 0.00 100.00 100.00 -1000 1.59 3.52 -12.81 -1000 43.67 1.54 372.995
car -1 -1 0.00 0.00 0.00 100.00 100.00 -1000 1.62 2.70 1.55 -1000 36.34 -0.04 370.431
car -1 -1 0.00 0.00 0.00 100.00 100.00 -1000 1.67 4.03 -12.37 -1000 37.47 1.57 368.568
car -1 -1 0.00 0.00 0.00 100.00 100.00 -1000 1.68 4.15 -15.88 -1000 38.43 1.63 362.645
car -1 -1 0.00 0.00 0.00 100.00 100.00 -1000 1.99 6.17 11.37 -1000 18.02 1.69 362.432
car -1 -1 0.00 0.00 0.00 100.00 100.00 -1000 1.80 4.26 -8.04 -1000 43.67 1.45 362.087
car -1 -1 0.00 0.00 0.00 100.00 100.00 -1000 1.59 3.79 -3.65 -1000 28.23 1.60 360.706
car -1 -1 0.00 0.00 0.00 100.00 100.00 -1000 1.93 5.01 -5.48 -1000 44.50 1.45 358.299
car -1 -1 0.00 0.00 0.00 100.00 100.00 -1000 1.65 4.26 -11.40 -1000 31.50 1.63 358.142
car -1 -1 0.00 0.00 0.00 100.00 100.00 -1000 1.53 3.87 2.93 -1000 7.62 1.66 356.717
car -1 -1 0.00 0.00 0.00 100.00 100.00 -1000 1.61 4.06 15.29 -1000 16.23 1.62 355.225
car -1 -1 0.00 0.00 0.00 100.00 100.00 -1000 1.40 3.20 -6.15 -1000 38.83 -0.16 353.390
car -1 -1 0.00 0.00 0.00 100.00 100.00 -1000 1.76 4.05 5.61 -1000 32.76 1.62 351.067
car -1 -1 0.00 0.00 0.00 100.00 100.00 -1000 0.88 1.78 -3.81 -1000 45.94 -0.10 344.314
car -1 -1 0.00 0.00 0.00 100.00 100.00 -1000 1.72 3.98 -1.78 -1000 45.23 1.46 340.392
car -1 -1 0.00 0.00 0.00 100.00 100.00 -1000 1.70 4.11 -9.18 -1000 34.29 1.59 338.056
car -1 -1 0.00 0.00 0.00 100.00 100.00 -1000 1.90 5.03 1.70 -1000 28.78 1.55 337.972
car -1 -1 0.00 0.00 0.00 100.00 100.00 -1000 1.91 5.37 -11.26 -1000 33.35 1.60 336.691
car -1 -1 0.00 0.00 0.00 100.00 100.00 -1000 1.54 3.63 15.75 -1000 31.63 1.65 332.777
car -1 -1 0.00 0.00 0.00 100.00 100.00 -1000 1.85 4.50 0.64 -1000 45.68 1.55 331.933
car -1 -1 0.00 0.00 0.00 100.00 100.00 -1000 1.67 4.49 2.64 -1000 39.71 1.55 330.720
car -1 -1 0.00 0.00 0.00 100.00 100.00 -1000 2.65 7.75 -10.38 -1000 47.11 1.49 327.903
car -1 -1 0.00 0.00 0.00 100.00 100.00 -1000 1.56 3.12 9.71 -1000 31.79 0.01 327.677
car -1 -1 0.00 0.00 0.00 100.00 100.00 -1000 2.09 5.72 17.56 -1000 39.85 1.50 324.951
car -1 -1 0.00 0.00 0.00 100.00 100.00 -1000 1.58 3.85 -0.74 -1000 43.57 1.53 323.354
car -1 -1 0.00 0.00 0.00 100.00 100.00 -1000 1.74 4.58 -5.23 -1000 30.18 1.56 323.314
car -1 -1 0.00 0.00 0.00 100.00 100.00 -1000 1.65 3.51 -14.71 -1000 35.53 1.64 321.570
car -1 -1 0.00 0.00 0.00 100.00 100.00 -1000 1.51 3.87 -15.93 -1000 29.57 1.61 321.356
car -1 -1 0.00 0.00 0.00 100.00 100.00 -1000 1.47 4.06 -5.24 -1000 9.01 1.46 317.428
car -1 -1 0.00 0.00 0.00 100.00 100.00 -1000 1.63 3.94 12.73 -1000 30.76 1.64 315.606
car -1 -1 0.00 0.00 0.00 100.00 100.00 -1000 1.71 4.15 4.59 -1000 45.72 1.49 315.603
car -1 -1 0.00 0.00 0.00 100.00 100.00 -1000 1.56 3.63 14.37 -1000 30.36 1.62 313.441
car -1 -1 0.00 0.00 0.00 100.00 100.00 -1000 1.74 4.18 -13.36 -1000 36.99 1.73 304.134
car -1 -1 0.00 0.00 0.00 100.00 100.00 -1000 1.51 3.14 -18.95 -1000 37.33 1.68 302.147
car -1 -1 0.00 0.00 0.00 100.00 100.00 -1000 1.60 3.43 -2.50 -1000 35.33 0.09 301.820
car -1 -1 0.00 0.00 0.00 100.00 100.00 -1000 1.54 3.28 -17.26 -1000 22.19 1.54 301.049
car -1 -1 0.00 0.00 0.00 100.00 100.00 -1000 1.70 4.47 -1.25 -1000 36.03 1.68 300.987
car -1 -1 0.00 0.00 0.00 100.00 100.00 -1000 1.89 4.49 14.90 -1000 23.09 1.53 298.269
car -1 -1 0.00 0.00 0.00 100.00 100.00 -1000 1.60 3.35 -15.24 -1000 21.61 1.55 295.229
car -1 -1 0.00 0.00 0.00 100.00 100.00 -1000 1.46 3.19 -19.00 -1000 30.70 1.59 295.108
car -1 -1 0.00 0.00 0.00 100.00 100.00 -1000 2.02 4.58 -2.70 -1000 44.36 1.46 293.009
car -1 -1 0.00 0.00 0.00 100.00 100.00 -1000 1.86 4.11 -13.12 -1000 29.06 1.58 292.915
car -1 -1 0.00 0.00 0.00 100.00 100.00 -1000 1.87 5.30 5.80 -1000 10.02 1.58 292.532
car -1 -1 0.00 0.00 0.00 100.00 100.00 -1000 1.99 5.36 4.53 -1000 42.15 1.69 290.847
car -1 -1 0.00 0.00 0.00 100.00 100.00 -1000 1.82 3.90 1.99 -1000 45.24 1.45 289.669
car -1 -1 0.00 0.00 0.00 100.00 100.00 -1000 1.89 5.37 12.59 -1000 32.96 1.64 288.179
car -1 -1 0.00 0.00 0.00 100.00 100.00 -1000 1.53 4.19 9.38 -1000 40.13 1.62 287.296
car -1 -1 0.00 0.00 0.00 100.00 100.00 -1000 1.66 4.01 -11.13 -1000 30.61 1.58 284.560
car -1 -1 0.00 0.00 0.00 100.00 100.00 -1000 2.01 5.45 -4.60 -1000 36.96 1.48 283.802
car -1 -1 0.00 0.00 0.00 100.00 100.00 -1000 1.76 4.33 12.03 -1000 46.52 1.56 283.784
car -1 -1 0.00 0.00 0.00 100.00 100.00 -1000 1.74 4.61 3.39 -1000 9.63 1.57 282.813
car -1 -1 0.00 0.00 0.00 100.00 100.00 -1000 2.44 6.90 -0.98 -1000 41.71 1.67 281.183
car -1 -1 0.00 0.00 0.00 100.00 100.00 -1000 1.66 5.02 14.98 -1000 17.73 1.65 278.985
car -1 -1 0.00 0.00 0.00 100.00 100.00 -1000 1.30 2.70 5.75 -1000 36.39 -0.10 277.107
car -1 -1 0.00 0.00 0.00 100.00 100.00 -1000 1.96 5.96 7.03 -1000 42.16 1.58 273.572
car -1 -1 0.00 0.00 0.00 100.00 100.00 -1000 1.73 4.07 16.82 -1000 24.28 1.62 273.372
car -1 -1 0.00 0.00 0.00 100.00 100.00 -1000 1.79 4.68 -12.49 -1000 22.65 1.56 272.945
car -1 -1 0.00 0.00 0.00 100.00 100.00 -1000 1.98 4.96 -13.74 -1000 46.45 1.54 272.938
car -1 -1 0.00 0.00 0.00 100.00 100.00 -1000 1.70 4.24 9.30 -1000 46.01 1.52 272.575
car -1 -1 0.00 0.00 0.00 100.00 100.00 -1000 1.75 4.30 11.31 -1000 23.39 1.61 271.609
car -1 -1 0.00 0.00 0.00 100.00 100.00 -1000 2.10 6.23 3.71 -1000 39.03 1.53 269.378
