car -1 -1 0.00 0.00 0.00 100.00 100.00 -1000 1.71 3.88 -8.14 -1000 34.18 -0.10 998.749
car -1 -1 0.00 0.00 0.00 100.00 100.00 -1000 1.55 2.99 -7.85 -1000 34.96 1.57 998.331
car -1 -1 0.00 0.00 0.00 100.00 100.00 -1000 1.56 3.83 12.85 -1000 35.10 -0.36 994.606
car -1 -1 0.00 0.00 0.00 100.00 100.00 -1000 1.52 3.12 13.08 -1000 35.86 1.53 992.710
car -1 -1 0.00 0.00 0.00 100.00 100.00 -1000 1.49 3.18 12.02 -1000 24.24 1.52 992.268
car -1 -1 0.00 0.00 0.00 100.00 100.00 -1000 1.45 3.29 11.71 -1000 16.97 1.56 990.898
car -1 -1 0.00 0.00 0.00 100.00 100.00 -1000 1.56 3.79 -8.21 -1000 19.85 -0.17 990.213
car -1 -1 0.00 0.00 0.00 100.00 100.00 -1000 1.50 3.17 -8.15 -1000 20.67 1.56 989.859
car -1 -1 0.00 0.00 0.00 100.00 100.00 -1000 1.48 3.18 -9.14 -1000 35.04 1.47 987.794
car -1 -1 0.00 0.00 0.00 100.00 100.00 -1000 1.53 3.68 11.59 -1000 16.12 -0.21 981.734
car -1 -1 0.00 0.00 0.00 100.00 100.00 -1000 1.47 3.49 11.98 -1000 23.35 -0.28 978.005
car -1 -1 0.00 0.00 0.00 100.00 100.00 -1000 1.46 3.04 11.49 -1000 41.96 1.54 972.696
car -1 -1 0.00 0.00 0.00 100.00 100.00 -1000 1.44 2.97 7.77 -1000 42.87 1.54 967.719
car -1 -1 0.00 0.00 0.00 100.00 100.00 -1000 1.82 4.66 13.15 -1000 38.10 1.50 967.404
car -1 -1 0.00 0.00 0.00 100.00 100.00 -1000 1.56 3.52 -7.02 -1000 23.64 1.55 966.892
car -1 -1 0.00 0.00 0.00 100.00 100.00 -1000 1.55 3.56 -7.17 -1000 35.65 1.47 965.211
car -1 -1 0.00 0.00 0.00 100.00 100.00 -1000 1.46 3.08 12.48 -1000 42.25 1.59 962.564
car -1 -1 0.00 0.00 0.00 100.00 100.00 -1000 1.46 3.09 8.96 -1000 43.08 1.53 960.659
car -1 -1 0.00 0.00 0.00 100.00 100.00 -1000 1.48 3.24 12.02 -1000 41.04 -0.24 959.072
car -1 -1 0.00 0.00 0.00 100.00 100.00 -1000 1.51 3.16 -9.14 -1000 20.33 1.54 957.652
car -1 -1 0.00 0.00 0.00 100.00 100.00 -1000 1.42 2.95 10.54 -1000 42.39 1.55 954.732
car -1 -1 0.00 0.00 0.00 100.00 100.00 -1000 1.55 3.57 13.44 -1000 36.61 1.64 946.388
car -1 -1 0.00 0.00 0.00 100.00 100.00 -1000 1.49 3.07 12.77 -1000 16.68 1.63 943.804
car -1 -1 0.00 0.00 0.00 100.00 100.00 -1000 1.48 3.60 8.78 -1000 41.99 -0.16 938.869
car -1 -1 0.00 0.00 0.00 100.00 100.00 -1000 1.60 3.40 -15.56 -1000 46.31 1.59 935.294
car -1 -1 0.00 0.00 0.00 100.00 100.00 -1000 1.48 3.07 -6.73 -1000 34.60 1.80 934.201
car -1 -1 0.00 0.00 0.00 100.00 100.00 -1000 1.57 3.98 11.80 -1000 25.01 1.44 932.600
car -1 -1 0.00 0.00 0.00 100.00 100.00 -1000 2.32 7.54 -6.68 -1000 36.18 1.46 930.676
car -1 -1 0.00 0.00 0.00 100.00 100.00 -1000 1.95 4.91 -7.31 -1000 22.95 1.48 929.434
car -1 -1 0.00 0.00 0.00 100.00 100.00 -1000 1.61 3.38 -9.32 -1000 19.41 -0.21 928.611
car -1 -1 0.00 0.00 0.00 100.00 100.00 -1000 1.45 3.54 12.22 -1000 34.47 -0.49 925.454
car -1 -1 0.00 0.00 0.00 100.00 100.00 -1000 1.43 3.09 -15.50 -1000 26.55 -0.11 923.916
car -1 -1 0.00 0.00 0.00 100.00 100.00 -1000 1.51 3.34 11.92 -1000 35.51 1.46 923.765
car -1 -1 0.00 0.00 0.00 100.00 100.00 -1000 1.50 3.20 -9.43 -1000 33.99 -0.13 921.818
car -1 -1 0.00 0.00 0.00 100.00 100.00 -1000 1.43 2.98 6.45 -1000 42.76 1.58 919.988
car -1 -1 0.00 0.00 0.00 100.00 100.00 -1000 1.89 4.67 -7.80 -1000 21.51 1.49 917.931
car -1 -1 0.00 0.00 0.00 100.00 100.00 -1000 1.49 3.20 -15.97 -1000 27.30 1.49 910.957
car -1 -1 0.00 0.00 0.00 100.00 100.00 -1000 1.49 3.31 -15.48 -1000 45.30 -0.23 908.060
car -1 -1 0.00 0.00 0.00 100.00 100.00 -1000 1.71 3.71 6.44 -1000 41.56 -0.25 894.654
car -1 -1 0.00 0.00 0.00 100.00 100.00 -1000 1.60 3.77 12.85 -1000 17.49 1.55 893.608
car -1 -1 0.00 0.00 0.00 100.00 100.00 -1000 1.44 3.75 -6.91 -1000 33.90 -0.32 893.341
car -1 -1 0.00 0.00 0.00 100.00 100.00 -1000 1.38 3.02 8.64 -1000 32.76 1.58 890.014
car -1 -1 0.00 0.00 0.00 100.00 100.00 -1000 1.63 4.26 12.29 -1000 42.88 1.55 886.248
car -1 -1 0.00 0.00 0.00 100.00 100.00 -1000 1.71 4.50 11.60 -1000 17.87 1.57 883.458
car -1 -1 0.00 0.00 0.00 100.00 100.00 -1000 1.39 3.02 6.02 -1000 27.13 1.55 882.828
car -1 -1 0.00 0.00 0.00 100.00 100.00 -1000 1.47 3.40 10.59 -1000 41.29 1.49 876.087
car -1 -1 0.00 0.00 0.00 100.00 100.00 -1000 1.51 3.72 12.30 -1000 37.48 -0.21 874.817
car -1 -1 0.00 0.00 0.00 100.00 100.00 -1000 1.49 3.13 -17.44 -1000 46.41 1.57 874.293
car -1 -1 0.00 0.00 0.00 100.00 100.00 -1000 1.38 2.88 11.43 -1000 40.31 -0.23 858.142
car -1 -1 0.00 0.00 0.00 100.00 100.00 -1000 1.72 4.47 8.75 -1000 43.67 1.54 840.358
car -1 -1 0.00 0.00 0.00 100.00 100.00 -1000 1.38 3.28 8.25 -1000 31.86 -0.15 839.980
car -1 -1 0.00 0.00 0.00 100.00 100.00 -1000 1.51 3.17 -6.43 -1000 46.48 1.59 831.261
car -1 -1 0.00 0.00 0.00 100.00 100.00 -1000 1.56 3.37 13.97 -1000 17.00 1.62 827.129
car -1 -1 0.00 0.00 0.00 100.00 100.00 -1000 1.47 3.19 -6.82 -1000 20.42 1.73 825.827
car -1 -1 0.00 0.00 0.00 100.00 100.00 -1000 1.62 3.93 11.39 -1000 36.22 1.52 825.730
car -1 -1 0.00 0.00 0.00 100.00 100.00 -1000 1.68 4.38 6.86 -1000 43.32 1.56 824.316
car -1 -1 0.00 0.00 0.00 100.00 100.00 -1000 1.49 3.23 5.17 -1000 42.42 1.51 821.940
car -1 -1 0.00 0.00 0.00 100.00 100.00 -1000 1.54 3.30 7.44 -1000 42.17 1.67 820.091
car -1 -1 0.00 0.00 0.00 100.00 100.00 -1000 1.40 3.16 12.44 -1000 22.66 -0.25 794.075
car -1 -1 0.00 0.00 0.00 100.00 100.00 -1000 1.45 2.93 -9.90 -1000 33.16 1.51 792.647
car -1 -1 0.00 0.00 0.00 100.00 100.00 -1000 2.55 7.62 12.56 -1000 18.66 1.48 789.711
car -1 -1 0.00 0.00 0.00 100.00 100.00 -1000 1.53 3.85 11.62 -1000 38.19 1.45 787.064
car -1 -1 0.00 0.00 0.00 100.00 100.00 -1000 1.57 3.38 13.40 -1000 15.74 -0.25 784.405
car -1 -1 0.00 0.00 0.00 100.00 100.00 -1000 1.89 4.32 -9.06 -1000 35.80 1.51 772.481
car -1 -1 0.00 0.00 0.00 100.00 100.00 -1000 1.49 3.13 -7.28 -1000 46.00 1.53 769.078
car -1 -1 0.00 0.00 0.00 100.00 100.00 -1000 1.58 3.55 13.35 -1000 23.97 1.66 768.740
car -1 -1 0.00 0.00 0.00 100.00 100.00 -1000 1.84 4.70 10.69 -1000 43.37 1.56 765.208
car -1 -1 0.00 0.00 0.00 100.00 100.00 -1000 1.54 3.86 14.31 -1000 35.38 -0.36 761.346
car -1 -1 0.00 0.00 0.00 100.00 100.00 -1000 1.60 3.10 6.33 -1000 26.30 -0.23 755.445
car -1 -1 0.00 0.00 0.00 100.00 100.00 -1000 1.62 3.38 -16.61 -1000 45.66 -0.11 751.287
car -1 -1 0.00 0.00 0.00 100.00 100.00 -1000 1.55 3.50 10.77 -1000 15.47 1.54 751.099
car -1 -1 0.00 0.00 0.00 100.00 100.00 -1000 1.46 3.21 -14.95 -1000 19.79 1.65 739.112
car -1 -1 0.00 0.00 0.00 100.00 100.00 -1000 1.71 3.83 -15.62 -1000 36.66 1.59 735.329
car -1 -1 0.00 0.00 0.00 100.00 100.00 -1000 2.27 6.34 11.65 -1000 25.99 1.38 734.609
car -1 -1 0.00 0.00 0.00 100.00 100.00 -1000 1.83 5.14 -6.44 -1000 24.21 1.59 726.441
car -1 -1 0.00 0.00 0.00 100.00 100.00 -1000 1.58 3.74 14.76 -1000 36.36 1.62 722.785
car -1 -1 0.00 0.00 0.00 100.00 100.00 -1000 1.86 4.74 -16.27 -1000 27.89 1.53 721.824
car -1 -1 0.00 0.00 0.00 100.00 100.00 -1000 1.51 3.24 10.97 -1000 22.83 1.53 719.324
car -1 -1 0.00 0.00 0.00 100.00 100.00 -1000 1.36 2.91 -18.33 -1000 45.65 -0.21 718.381
car -1 -1 0.00 0.00 0.00 100.00 100.00 -1000 2.07 6.35 13.63 -1000 43.69 1.46 714.610
car -1 -1 0.00 0.00 0.00 100.00 100.00 -1000 1.63 3.35 4.88 -1000 41.62 1.61 710.116
car -1 -1 0.00 0.00 0.00 100.00 100.00 -1000 2.29 7.70 12.85 -1000 38.64 1.50 695.231
car -1 -1 0.00 0.00 0.00 100.00 100.00 -1000 1.66 3.80 11.01 -1000 34.04 1.54 695.156
car -1 -1 0.00 0.00 0.00 100.00 100.00 -1000 1.60 3.64 11.26 -1000 37.10 1.69 691.950
car -1 -1 0.00 0.00 0.00 100.00 100.00 -1000 2.86 6.89 -5.39 -1000 37.02 1.66 690.948
car -1 -1 0.00 0.00 0.00 100.00 100.00 -1000 1.61 3.72 9.48 -1000 33.48 1.63 689.865
car -1 -1 0.00 0.00 0.00 100.00 100.00 -1000 1.75 4.00 10.45 -1000 16.61 1.53 683.410
car -1 -1 0.00 0.00 0.00 100.00 100.00 -1000 1.80 4.82 14.24 -1000 37.48 1.54 683.099
car -1 -1 0.00 0.00 0.00 100.00 100.00 -1000 2.41 6.63 8.81 -1000 44.27 1.54 681.344
car -1 -1 0.00 0.00 0.00 100.00 100.00 -1000 1.86 4.86 13.32 -1000 25.30 1.57 679.343
car -1 -1 0.00 0.00 0.00 100.00 100.00 -1000 1.73 4.01 -18.37 -1000 46.92 1.63 674.197
car -1 -1 0.00 0.00 0.00 100.00 100.00 -1000 1.58 3.64 9.54 -1000 40.91 1.57 673.035
car -1 -1 0.00 0.00 0.00 100.00 100.00 -1000 1.64 3.61 11.71 -1000 15.04 1.64 667.404
car -1 -1 0.00 0.00 0.00 100.00 100.00 -1000 1.55 3.29 -15.92 -1000 33.81 1.61 664.742
car -1 -1 0.00 0.00 0.00 100.00 100.00 -1000 1.67 3.87 -15.10 -1000 20.54 1.66 663.522
car -1 -1 0.00 0.00 0.00 100.00 100.00 -1000 1.61 3.97 -9.80 -1000 46.27 1.50 656.597
car -1 -1 0.00 0.00 0.00 100.00 100.00 -1000 1.65 3.71 3.22 -1000 42.36 1.56 648.095
car -1 -1 0.00 0.00 0.00 100.00 100.00 -1000 1.66 3.90 -16.49 -1000 47.06 1.58 641.241
car -1 -1 0.00 0.00 0.00 100.00 100.00 -1000 3.51 11.68 -6.96 -1000 36.52 1.43 627.533
car -1 -1 0.00 0.00 0.00 100.00 100.00 -1000 1.79 4.64 4.29 -1000 43.09 1.60 626.671
car -1 -1 0.00 0.00 0.00 100.00 100.00 -1000 1.61 4.46 -15.02 -1000 28.65 1.58 622.308
car -1 -1 0.00 0.00 0.00 100.00 100.00 -1000 1.70 4.52 -10.03 -1000 20.97 1.60 622.113
car -1 -1 0.00 0.00 0.00 100.00 100.00 -1000 1.48 2.92 -14.77 -1000 45.81 1.68 620.624
car -1 -1 0.00 0.00 0.00 100.00 100.00 -1000 1.60 3.88 15.04 -1000 17.41 1.63 618.029
car -1 -1 0.00 0.00 0.00 100.00 100.00 -1000 1.51 3.20 10.07 -1000 32.32 1.64 612.535
car -1 -1 0.00 0.00 0.00 100.00 100.00 -1000 1.60 3.85 -14.28 -1000 46.68 1.65 610.214
car -1 -1 0.00 0.00 0.00 100.00 100.00 -1000 1.51 3.36 13.00 -1000 41.39 -0.39 602.971
car -1 -1 0.00 0.00 0.00 100.00 100.00 -1000 1.55 3.23 8.30 -1000 41.24 1.60 602.305
car -1 -1 0.00 0.00 0.00 100.00 100.00 -1000 1.59 4.20 10.50 -1000 23.57 1.53 588.581
car -1 -1 0.00 0.00 0.00 100.00 100.00 -1000 1.71 4.29 -16.16 -1000 34.59 1.62 583.349
car -1 -1 0.00 0.00 0.00 100.00 100.00 -1000 1.53 3.05 5.23 -1000 40.85 1.57 581.855
car -1 -1 0.00 0.00 0.00 100.00 100.00 -1000 1.68 3.71 6.23 -1000 10.16 1.60 581.086
car -1 -1 0.00 0.00 0.00 100.00 100.00 -1000 1.75 4.62 -10.67 -1000 34.82 1.56 580.600
car -1 -1 0.00 0.00 0.00 100.00 100.00 -1000 1.71 4.26 -5.14 -1000 35.21 1.65 578.204
car -1 -1 0.00 0.00 0.00 100.00 100.00 -1000 1.54 3.78 -15.39 -1000 22.10 1.61 572.078
car -1 -1 0.00 0.00 0.00 100.00 100.00 -1000 1.57 3.60 -6.93 -1000 45.29 -0.28 564.411
car -1 -1 0.00 0.00 0.00 100.00 100.00 -1000 1.85 5.40 14.17 -1000 17.98 1.58 550.183
car -1 -1 0.00 0.00 0.00 100.00 100.00 -1000 1.69 3.43 -18.63 -1000 24.56 1.73 543.563
car -1 -1 0.00 0.00 0.00 100.00 100.00 -1000 1.78 4.11 -17.19 -1000 23.97 1.66 541.159
car -1 -1 0.00 0.00 0.00 100.00 100.00 -1000 1.49 2.96 10.51 -1000 14.63 1.48 537.489
car -1 -1 0.00 0.00 0.00 100.00 100.00 -1000 2.25 6.82 -9.40 -1000 36.37 1.55 526.575
car -1 -1 0.00 0.00 0.00 100.00 100.00 -1000 1.86 4.85 -15.60 -1000 47.62 1.68 523.292
car -1 -1 0.00 0.00 0.00 100.00 100.00 -1000 1.57 3.43 -15.66 -1000 32.17 1.55 519.611
car -1 -1 0.00 0.00 0.00 100.00 100.00 -1000 1.47 3.51 -16.10 -1000 25.98 -0.26 514.001
car -1 -1 0.00 0.00 0.00 100.00 100.00 -1000 1.63 4.06 14.61 -1000 24.67 1.64 509.286
car -1 -1 0.00 0.00 0.00 100.00 100.00 -1000 1.45 3.26 -15.65 -1000 19.14 1.44 508.887
car -1 -1 0.00 0.00 0.00 100.00 100.00 -1000 1.89 5.43 10.37 -1000 25.40 1.58 504.094
car -1 -1 0.00 0.00 0.00 100.00 100.00 -1000 1.75 4.13 5.09 -1000 26.64 1.63 501.411
car -1 -1 0.00 0.00 0.00 100.00 100.00 -1000 2.22 5.96 -14.84 -1000 29.48 1.50 500.301
car -1 -1 0.00 0.00 0.00 100.00 100.00 -1000 1.98 5.14 -6.42 -1000 22.17 1.56 497.167
car -1 -1 0.00 0.00 0.00 100.00 100.00 -1000 2.49 6.58 12.39 -1000 44.42 1.49 496.778
car -1 -1 0.00 0.00 0.00 100.00 100.00 -1000 2.27 6.16 -16.40 -1000 31.99 1.61 488.959
car -1 -1 0.00 0.00 0.00 100.00 100.00 -1000 1.76 4.58 -17.19 -1000 26.64 1.75 487.788
car -1 -1 0.00 0.00 0.00 100.00 100.00 -1000 1.95 4.60 6.19 -1000 28.10 1.53 487.668
car -1 -1 0.00 0.00 0.00 100.00 100.00 -1000 1.70 3.90 -7.05 -1000 19.42 1.61 485.988
car -1 -1 0.00 0.00 0.00 100.00 100.00 -1000 1.65 3.85 7.64 -1000 27.15 1.64 484.687
car -1 -1 0.00 0.00 0.00 100.00 100.00 -1000 1.92 5.42 15.29 -1000 38.30 1.51 483.533
car -1 -1 0.00 0.00 0.00 100.00 100.00 -1000 2.11 5.94 -9.91 -1000 21.79 1.51 481.793
car -1 -1 0.00 0.00 0.00 100.00 100.00 -1000 1.89 4.70 -17.65 -1000 25.65 1.69 479.165
car -1 -1 0.00 0.00 0.00 100.00 100.00 -1000 1.59 3.46 13.53 -1000 23.18 1.60 477.966
car -1 -1 0.00 0.00 0.00 100.00 100.00 -1000 2.49 5.02 -9.02 -1000 32.77 1.55 475.784
car -1 -1 0.00 0.00 0.00 100.00 100.00 -1000 1.51 3.29 -15.44 -1000 21.34 1.59 475.018
car -1 -1 0.00 0.00 0.00 100.00 100.00 -1000 1.85 4.68 -17.87 -1000 30.64 1.66 469.276
car -1 -1 0.00 0.00 0.00 100.00 100.00 -1000 1.93 5.00 13.52 -1000 33.89 1.63 467.354
car -1 -1 0.00 0.00 0.00 100.00 100.00 -1000 1.71 3.94 -16.13 -1000 44.53 1.50 465.559
car -1 -1 0.00 0.00 0.00 100.00 100.00 -1000 1.73 4.79 -5.05 -1000 21.37 1.61 463.616
car -1 -1 0.00 0.00 0.00 100.00 100.00 -1000 1.69 3.70 -8.13 -1000 18.93 1.68 461.693
car -1 -1 0.00 0.00 0.00 100.00 100.00 -1000 1.64 3.89 3.72 -1000 41.31 1.55 460.085
car -1 -1 0.00 0.00 0.00 100.00 100.00 -1000 1.70 4.29 16.02 -1000 36.01 1.62 458.097
car -1 -1 0.00 0.00 0.00 100.00 100.00 -1000 1.55 3.02 -19.21 -1000 45.13 1.74 455.603
car -1 -1 0.00 0.00 0.00 100.00 100.00 -1000 2.38 7.71 11.60 -1000 27.04 1.46 454.866
car -1 -1 0.00 0.00 0.00 100.00 100.00 -1000 1.70 4.20 14.47 -1000 16.15 -0.37 453.783
car -1 -1 0.00 0.00 0.00 100.00 100.00 -1000 1.30 2.97 -19.31 -1000 46.13 1.50 453.354
car -1 -1 0.00 0.00 0.00 100.00 100.00 -1000 1.65 3.44 -9.38 -1000 17.58 1.48 448.926
car -1 -1 0.00 0.00 0.00 100.00 100.00 -1000 1.87 4.28 -15.60 -1000 24.43 1.71 448.405
car -1 -1 0.00 0.00 0.00 100.00 100.00 -1000 1.70 4.55 -4.55 -1000 23.83 1.64 443.987
car -1 -1 0.00 0.00 0.00 100.00 100.00 -1000 1.83 4.43 6.74 -1000 40.33 1.58 432.443
car -1 -1 0.00 0.00 0.00 100.00 100.00 -1000 1.94 5.19 -8.82 -1000 23.41 1.61 431.617
car -1 -1 0.00 0.00 0.00 100.00 100.00 -1000 1.81 4.79 -11.30 -1000 35.56 1.62 431.207
car -1 -1 0.00 0.00 0.00 100.00 100.00 -1000 1.48 2.62 -10.20 -1000 46.85 1.47 431.138
car -1 -1 0.00 0.00 0.00 100.00 100.00 -1000 1.49 3.05 -10.25 -1000 32.45 1.48 429.735
car -1 -1 0.00 0.00 0.00 100.00 100.00 -1000 1.73 4.03 -16.51 -1000 21.73 1.60 424.575
car -1 -1 0.00 0.00 0.00 100.00 100.00 -1000 1.89 4.82 -8.58 -1000 45.51 1.49 421.545
car -1 -1 0.00 0.00 0.00 100.00 100.00 -1000 2.62 6.84 12.95 -1000 19.77 1.51 417.662
car -1 -1 0.00 0.00 0.00 100.00 100.00 -1000 2.15 5.25 11.08 -1000 39.26 1.50 414.803
car -1 -1 0.00 0.00 0.00 100.00 100.00 -1000 1.71 4.75 -10.67 -1000 20.23 1.57 414.304
car -1 -1 0.00 0.00 0.00 100.00 100.00 -1000 1.63 3.43 -15.07 -1000 18.19 1.70 411.577
car -1 -1 0.00 0.00 0.00 100.00 100.00 -1000 1.78 4.87 -15.70 -1000 35.91 1.61 405.599
car -1 -1 0.00 0.00 0.00 100.00 100.00 -1000 4.36 18.33 -6.98 -1000 37.44 1.29 404.383
car -1 -1 0.00 0.00 0.00 100.00 100.00 -1000 1.61 3.74 -13.38 -1000 46.11 1.61 401.574
car -1 -1 0.00 0.00 0.00 100.00 100.00 -1000 1.88 3.85 8.51 -1000 40.42 1.49 399.882
car -1 -1 0.00 0.00 0.00 100.00 100.00 -1000 1.77 4.67 -3.95 -1000 34.73 1.62 399.541
car -1 -1 0.00 0.00 0.00 100.00 100.00 -1000 2.34 6.41 -4.13 -1000 36.30 1.65 398.352
car -1 -1 0.00 0.00 0.00 100.00 100.00 -1000 1.75 4.52 16.65 -1000 36.77 1.62 396.276
car -1 -1 0.00 0.00 0.00 100.00 100.00 -1000 1.62 4.17 14.02 -1000 42.44 1.64 395.407
car -1 -1 0.00 0.00 0.00 100.00 100.00 -1000 1.68 3.99 6.30 -1000 25.60 1.61 394.553
car -1 -1 0.00 0.00 0.00 100.00 100.00 -1000 1.83 5.19 15.35 -1000 25.41 1.59 391.454
car -1 -1 0.00 0.00 0.00 100.00 100.00 -1000 1.66 4.34 19.20 -1000 47.79 1.52 388.744
car -1 -1 0.00 0.00 0.00 100.00 100.00 -1000 1.78 4.67 9.68 -1000 24.19 1.64 386.994
car -1 -1 0.00 0.00 0.00 100.00 100.00 -1000 1.79 4.27 -4.75 -1000 33.97 1.57 386.663
car -1 -1 0.00 0.00 0.00 100.00 100.00 -1000 2.09 8.84 -9.88 -1000 32.21 -0.06 384.876
car -1 -1 0.00 0.00 0.00 100.00 100.00 -1000 1.66 4.04 15.90 -1000 16.63 1.60 383.170
car -1 -1 0.00 0.00 0.00 100.00 100.00 -1000 1.96 4.57 13.57 -1000 14.65 1.55 382.143
car -1 -1 0.00 0.00 0.00 100.00 100.00 -1000 2.56 7.72 -6.48 -1000 32.71 1.37 380.626
car -1 -1 0.00 0.00 0.00 100.00 100.00 -1000 1.75 5.15 -16.36 -1000 33.19 1.65 377.708
car -1 -1 0.00 0.00 0.00 100.00 100.00 -1000 1.73 3.84 4.01 -1000 40.47 1.51 377.509
car -1 -1 0.00 0.00 0.00 100.00 100.00 -1000 1.62 4.01 8.11 -1000 31.17 1.65 376.149
car -1 -1 0.00 0.00 0.00 100.00 100.00 -1000 1.72 4.09 -11.03 -1000 33.61 1.61 375.844
car -1 -1 0.00 0.00 0.00 100.00 100.00 -1000 1.73 4.60 -3.84 -1000 22.57 1.60 374.130
car -1 -1 0.00 0.00 0.00 100.00 100.00 -1000 2.38 7.33 14.60 -1000 26.13 1.50 370.711
car -1 -1 0.00 0.00 0.00 100.00 100.00 -1000 1.80 5.90 -15.09 -1000 37.27 1.53 370.108
car -1 -1 0.00 0.00 0.00 100.00 100.00 -1000 1.85 4.36 -16.91 -1000 24.88 1.50 367.876
car -1 -1 0.00 0.00 0.00 100.00 100.00 -1000 1.70 4.17 15.31 -1000 23.89 1.63 364.923
car -1 -1 0.00 0.00 0.00 100.00 100.00 -1000 1.79 3.41 9.41 -1000 31.59 -0.33 356.102
car -1 -1 0.00 0.00 0.00 100.00 100.00 -1000 2.00 5.01 10.22 -1000 34.75 1.58 355.138
car -1 -1 0.00 0.00 0.00 100.00 100.00 -1000 2.00 5.42 -6.92 -1000 17.77 1.54 354.653
car -1 -1 0.00 0.00 0.00 100.00 100.00 -1000 1.94 5.11 -14.99 -1000 44.06 1.51 353.669
car -1 -1 0.00 0.00 0.00 100.00 100.00 -1000 1.56 3.44 -9.81 -1000 47.67 1.55 352.983
car -1 -1 0.00 0.00 0.00 100.00 100.00 -1000 1.76 4.30 10.98 -1000 33.22 1.54 349.162
car -1 -1 0.00 0.00 0.00 100.00 100.00 -1000 1.64 4.59 -5.61 -1000 47.07 1.58 347.422
car -1 -1 0.00 0.00 0.00 100.00 100.00 -1000 1.68 3.77 -18.16 -1000 29.85 -0.19 347.082
car -1 -1 0.00 0.00 0.00 100.00 100.00 -1000 1.91 5.15 -19.27 -1000 44.22 1.53 345.897
car -1 -1 0.00 0.00 0.00 100.00 100.00 -1000 1.95 4.93 -3.04 -1000 35.51 1.70 342.607
car -1 -1 0.00 0.00 0.00 100.00 100.00 -1000 2.13 5.89 14.75 -1000 39.14 1.56 338.523
car -1 -1 0.00 0.00 0.00 100.00 100.00 -1000 1.64 4.62 -15.11 -1000 42.25 1.55 335.368
car -1 -1 0.00 0.00 0.00 100.00 100.00 -1000 2.10 6.07 -18.12 -1000 47.58 1.52 333.862
car -1 -1 0.00 0.00 0.00 100.00 100.00 -1000 1.78 4.19 -13.97 -1000 19.11 1.63 325.536
car -1 -1 0.00 0.00 0.00 100.00 100.00 -1000 1.94 4.68 16.90 -1000 37.99 1.57 324.898
car -1 -1 0.00 0.00 0.00 100.00 100.00 -1000 2.11 5.26 -9.97 -1000 31.59 1.57 319.544
car -1 -1 0.00 0.00 0.00 100.00 100.00 -1000 2.29 6.97 -6.85 -1000 25.02 1.57 319.034
car -1 -1 0.00 0.00 0.00 100.00 100.00 -1000 2.39 6.82 5.70 -1000 43.87 1.54 317.858
car -1 -1 0.00 0.00 0.00 100.00 100.00 -1000 1.84 4.75 -13.68 -1000 36.35 1.60 315.433
car -1 -1 0.00 0.00 0.00 100.00 100.00 -1000 2.10 4.55 -15.80 -1000 41.14 1.61 314.006
car -1 -1 0.00 0.00 0.00 100.00 100.00 -1000 1.66 4.54 -14.37 -1000 34.38 1.58 309.092
car -1 -1 0.00 0.00 0.00 100.00 100.00 -1000 1.80 4.46 16.60 -1000 35.24 1.62 308.533
car -1 -1 0.00 0.00 0.00 100.00 100.00 -1000 1.77 4.22 -8.11 -1000 47.14 1.63 308.147
car -1 -1 0.00 0.00 0.00 100.00 100.00 -1000 1.77 3.92 -7.88 -1000 44.54 1.51 306.285
car -1 -1 0.00 0.00 0.00 100.00 100.00 -1000 1.53 4.23 -6.32 -1000 8.39 1.55 298.502
car -1 -1 0.00 0.00 0.00 100.00 100.00 -1000 2.50 6.89 -16.90 -1000 28.74 1.67 297.751
car -1 -1 0.00 0.00 0.00 100.00 100.00 -1000 1.54 4.04 3.51 -1000 8.03 1.63 297.425
car -1 -1 0.00 0.00 0.00 100.00 100.00 -1000 1.77 4.33 -14.45 -1000 23.87 1.54 293.405
car -1 -1 0.00 0.00 0.00 100.00 100.00 -1000 1.80 4.33 7.85 -1000 26.23 1.62 293.112
car -1 -1 0.00 0.00 0.00 100.00 100.00 -1000 2.01 6.76 15.01 -1000 18.92 1.46 291.319
car -1 -1 0.00 0.00 0.00 100.00 100.00 -1000 1.79 4.02 15.24 -1000 34.86 1.58 291.060
car -1 -1 0.00 0.00 0.00 100.00 100.00 -1000 1.70 4.76 -14.79 -1000 22.93 1.64 287.431
car -1 -1 0.00 0.00 0.00 100.00 100.00 -1000 1.78 4.62 5.55 -1000 11.06 1.57 286.275
car -1 -1 0.00 0.00 0.00 100.00 100.00 -1000 1.56 3.99 -5.74 -1000 23.35 -0.40 283.310
car -1 -1 0.00 0.00 0.00 100.00 100.00 -1000 2.26 5.12 -19.03 -1000 31.19 1.60 282.495
car -1 -1 0.00 0.00 0.00 100.00 100.00 -1000 1.84 5.79 0.08 -1000 9.69 1.57 282.095
car -1 -1 0.00 0.00 0.00 100.00 100.00 -1000 1.78 4.38 -13.25 -1000 35.45 1.60 281.813
car -1 -1 0.00 0.00 0.00 100.00 100.00 -1000 1.64 4.10 -12.08 -1000 46.43 1.63 281.442
car -1 -1 0.00 0.00 0.00 100.00 100.00 -1000 1.55 4.22 -13.86 -1000 32.73 1.60 278.885
car -1 -1 0.00 0.00 0.00 100.00 100.00 -1000 2.16 6.22 -17.18 -1000 43.83 1.36 277.309
car -1 -1 0.00 0.00 0.00 100.00 100.00 -1000 1.92 6.86 -17.17 -1000 34.08 1.54 274.801
car -1 -1 0.00 0.00 0.00 100.00 100.00 -1000 2.04 6.31 -3.68 -1000 24.62 1.71 274.723
car -1 -1 0.00 0.00 0.00 100.00 100.00 -1000 1.79 4.90 -12.83 -1000 20.14 1.58 272.284
car -1 -1 0.00 0.00 0.00 100.00 100.00 -1000 1.57 4.28 -14.46 -1000 26.95 1.67 271.743
car -1 -1 0.00 0.00 0.00 100.00 100.00 -1000 1.79 4.62 -12.32 -1000 34.35 1.61 271.654
car -1 -1 0.00 0.00 0.00 100.00 100.00 -1000 1.92 6.37 11.40 -1000 32.58 1.62 270.625
car -1 -1 0.00 0.00 0.00 100.00 100.00 -1000 1.71 4.96 -15.17 -1000 31.03 1.61 268.163
car -1 -1 0.00 0.00 0.00 100.00 100.00 -1000 1.84 4.81 10.70 -1000 30.63 1.58 268.149
car -1 -1 0.00 0.00 0.00 100.00 100.00 -1000 1.99 5.17 7.07 -1000 24.62 1.49 267.486
car -1 -1 0.00 0.00 0.00 100.00 100.00 -1000 1.72 3.99 -17.55 -1000 44.74 1.58 264.159
car -1 -1 0.00 0.00 0.00 100.00 100.00 -1000 1.90 5.45 9.65 -1000 17.30 1.62 260.225
car -1 -1 0.00 0.00 0.00 100.00 100.00 -1000 1.92 4.92 -13.54 -1000 20.97 1.55 259.468
car -1 -1 0.00 0.00 0.00 100.00 100.00 -1000 1.63 4.48 10.56 -1000 22.06 1.59 259.365
car -1 -1 0.00 0.00 0.00 100.00 100.00 -1000 1.91 5.42 1.88 -1000 9.42 1.53 258.770
car -1 -1 0.00 0.00 0.00 100.00 100.00 -1000 2.01 5.58 -12.21 -1000 36.73 1.54 258.410
car -1 -1 0.00 0.00 0.00 100.00 100.00 -1000 1.65 3.90 6.45 -1000 8.49 1.60 258.329
car -1 -1 0.00 0.00 0.00 100.00 100.00 -1000 1.76 4.30 15.47 -1000 15.46 1.57 257.549
car -1 -1 0.00 0.00 0.00 100.00 100.00 -1000 1.63 4.47 -16.47 -1000 30.15 1.41 255.692
car -1 -1 0.00 0.00 0.00 100.00 100.00 -1000 1.60 3.74 -16.29 -1000 23.41 -0.10 255.435
car -1 -1 0.00 0.00 0.00 100.00 100.00 -1000 1.83 5.38 16.10 -1000 18.14 1.62 249.572
car -1 -1 0.00 0.00 0.00 100.00 100.00 -1000 1.94 5.24 7.68 -1000 33.48 1.58 249.564
car -1 -1 0.00 0.00 0.00 100.00 100.00 -1000 1.86 5.10 -13.73 -1000 22.21 1.58 249.145
car -1 -1 0.00 0.00 0.00 100.00 100.00 -1000 2.16 5.98 -9.60 -1000 17.12 1.52 248.019
car -1 -1 0.00 0.00 0.00 100.00 100.00 -1000 1.82 4.49 -18.82 -1000 33.75 1.73 247.312
car -1 -1 0.00 0.00 0.00 100.00 100.00 -1000 1.67 3.73 -9.75 -1000 16.54 1.59 247.021
car -1 -1 0.00 0.00 0.00 100.00 100.00 -1000 2.65 10.35 -8.92 -1000 37.41 1.53 245.370
car -1 -1 0.00 0.00 0.00 100.00 100.00 -1000 1.91 5.37 9.65 -1000 26.63 1.63 245.204
car -1 -1 0.00 0.00 0.00 100.00 100.00 -1000 1.72 3.99 14.70 -1000 22.73 1.58 243.636
car -1 -1 0.00 0.00 0.00 100.00 100.00 -1000 1.78 4.26 15.77 -1000 33.97 1.53 243.590
car -1 -1 0.00 0.00 0.00 100.00 100.00 -1000 1.92 4.92 -14.90 -1000 35.13 1.54 243.184
car -1 -1 0.00 0.00 0.00 100.00 100.00 -1000 2.15 5.51 -17.00 -1000 20.86 1.78 241.222
car -1 -1 0.00 0.00 0.00 100.00 100.00 -1000 1.75 4.09 11.15 -1000 13.93 1.69 240.954
car -1 -1 0.00 0.00 0.00 100.00 100.00 -1000 2.02 5.84 13.28 -1000 21.27 1.55 239.352
car -1 -1 0.00 0.00 0.00 100.00 100.00 -1000 1.95 6.04 -0.48 -1000 10.66 1.49 236.652
car -1 -1 0.00 0.00 0.00 100.00 100.00 -1000 1.70 4.61 -12.96 -1000 47.17 1.59 236.210
car -1 -1 0.00 0.00 0.00 100.00 100.00 -1000 1.87 5.06 14.38 -1000 33.10 1.52 235.696
car -1 -1 0.00 0.00 0.00 100.00 100.00 -1000 1.46 3.33 5.48 -1000 9.37 1.60 234.396
car -1 -1 0.00 0.00 0.00 100.00 100.00 -1000 1.66 4.29 -5.03 -1000 20.32 1.64 231.080
car -1 -1 0.00 0.00 0.00 100.00 100.00 -1000 2.02 4.49 7.10 -1000 7.57 1.53 230.638
car -1 -1 0.00 0.00 0.00 100.00 100.00 -1000 1.78 4.29 -12.44 -1000 45.31 1.61 229.140
car -1 -1 0.00 0.00 0.00 100.00 100.00 -1000 1.83 4.45 -4.35 -1000 33.18 1.57 226.150
car -1 -1 0.00 0.00 0.00 100.00 100.00 -1000 2.12 5.68 7.23 -1000 6.71 1.45 224.552
car -1 -1 0.00 0.00 0.00 100.00 100.00 -1000 1.63 4.18 10.96 -1000 31.72 1.62 223.729
car -1 -1 0.00 0.00 0.00 100.00 100.00 -1000 1.95 4.90 -18.95 -1000 29.05 1.89 222.509
car -1 -1 0.00 0.00 0.00 100.00 100.00 -1000 1.80 4.81 15.25 -1000 41.92 1.66 219.927
car -1 -1 0.00 0.00 0.00 100.00 100.00 -1000 1.78 4.53 -4.81 -1000 46.16 1.64 219.589
car -1 -1 0.00 0.00 0.00 100.00 100.00 -1000 1.33 3.50 -19.12 -1000 23.66 0.00 219.117
car -1 -1 0.00 0.00 0.00 100.00 100.00 -1000 1.70 4.47 -4.95 -1000 19.39 1.59 217.080
car -1 -1 0.00 0.00 0.00 100.00 100.00 -1000 2.03 6.61 0.20 -1000 8.81 1.66 216.511
car -1 -1 0.00 0.00 0.00 100.00 100.00 -1000 1.82 4.99 6.89 -1000 32.35 1.62 213.625
car -1 -1 0.00 0.00 0.00 100.00 100.00 -1000 1.63 4.65 -13.53 -1000 33.50 1.60 209.974
car -1 -1 0.00 0.00 0.00 100.00 100.00 -1000 1.82 4.54 -5.83 -1000 44.41 1.48 209.103
car -1 -1 0.00 0.00 0.00 100.00 100.00 -1000 1.73 4.39 -10.06 -1000 18.69 1.55 208.698
car -1 -1 0.00 0.00 0.00 100.00 100.00 -1000 1.95 5.06 -17.33 -1000 22.47 1.45 207.605
car -1 -1 0.00 0.00 0.00 100.00 100.00 -1000 2.20 5.67 -19.02 -1000 23.77 1.59 206.472
car -1 -1 0.00 0.00 0.00 100.00 100.00 -1000 2.01 5.28 18.55 -1000 46.74 1.63 201.758
car -1 -1 0.00 0.00 0.00 100.00 100.00 -1000 2.14 6.87 10.11 -1000 18.44 1.65 201.169
car -1 -1 0.00 0.00 0.00 100.00 100.00 -1000 1.81 4.58 -20.33 -1000 43.25 1.52 198.766
car -1 -1 0.00 0.00 0.00 100.00 100.00 -1000 1.95 4.92 8.58 -1000 24.98 1.58 197.236
car -1 -1 0.00 0.00 0.00 100.00 100.00 -1000 2.02 4.51 -14.68 -1000 38.01 1.54 196.709
car -1 -1 0.00 0.00 0.00 100.00 100.00 -1000 1.86 4.22 5.04 -1000 7.61 1.53 195.890
car -1 -1 0.00 0.00 0.00 100.00 100.00 -1000 1.88 4.75 -13.35 -1000 18.31 1.45 195.754
car -1 -1 0.00 0.00 0.00 100.00 100.00 -1000 1.61 4.18 -11.53 -1000 32.81 1.61 192.816
car -1 -1 0.00 0.00 0.00 100.00 100.00 -1000 1.64 4.27 -11.51 -1000 19.44 1.58 192.675
