car -1 -1 0.00 0.00 0.00 100.00 100.00 -1000 1.50 3.03 -4.25 -1000 43.55 1.55 994.753
car -1 -1 0.00 0.00 0.00 100.00 100.00 -1000 1.45 3.18 -4.35 -1000 42.66 -0.14 992.321
car -1 -1 0.00 0.00 0.00 100.00 100.00 -1000 1.38 2.94 10.56 -1000 39.62 1.47 991.194
car -1 -1 0.00 0.00 0.00 100.00 100.00 -1000 1.51 3.24 10.67 -1000 38.18 -0.13 989.607
car -1 -1 0.00 0.00 0.00 100.00 100.00 -1000 1.44 2.91 10.36 -1000 38.87 1.53 985.745
car -1 -1 0.00 0.00 0.00 100.00 100.00 -1000 1.46 2.96 3.98 -1000 42.03 1.57 984.492
car -1 -1 0.00 0.00 0.00 100.00 100.00 -1000 1.49 3.27 -7.36 -1000 16.01 1.58 982.063
car -1 -1 0.00 0.00 0.00 100.00 100.00 -1000 1.48 2.93 4.93 -1000 42.36 1.59 978.824
car -1 -1 0.00 0.00 0.00 100.00 100.00 -1000 1.50 3.51 13.33 -1000 18.05 1.57 976.259
car -1 -1 0.00 0.00 0.00 100.00 100.00 -1000 1.46 3.05 11.47 -1000 39.20 1.64 974.411
car -1 -1 0.00 0.00 0.00 100.00 100.00 -1000 1.44 3.12 -7.32 -1000 15.21 -0.11 974.404
car -1 -1 0.00 0.00 0.00 100.00 100.00 -1000 1.46 3.00 2.68 -1000 41.97 1.54 971.250
car -1 -1 0.00 0.00 0.00 100.00 100.00 -1000 1.43 3.25 4.58 -1000 41.38 -0.11 969.930
car -1 -1 0.00 0.00 0.00 100.00 100.00 -1000 1.44 2.94 8.87 -1000 39.14 1.55 968.177
car -1 -1 0.00 0.00 0.00 100.00 100.00 -1000 1.51 3.18 3.40 -1000 41.08 -0.14 966.550
car -1 -1 0.00 0.00 0.00 100.00 100.00 -1000 1.44 2.84 14.18 -1000 18.54 1.62 965.435
car -1 -1 0.00 0.00 0.00 100.00 100.00 -1000 1.47 2.81 -3.09 -1000 43.35 1.66 964.881
car -1 -1 0.00 0.00 0.00 100.00 100.00 -1000 1.47 3.06 3.30 -1000 8.39 1.55 964.529
car -1 -1 0.00 0.00 0.00 100.00 100.00 -1000 1.65 4.27 10.11 -1000 40.59 1.48 964.063
car -1 -1 0.00 0.00 0.00 100.00 100.00 -1000 1.54 3.44 12.65 -1000 19.35 1.63 961.838
car -1 -1 0.00 0.00 0.00 100.00 100.00 -1000 1.57 3.93 -2.95 -1000 46.38 -0.17 960.818
car -1 -1 0.00 0.00 0.00 100.00 100.00 -1000 1.46 3.15 7.79 -1000 39.52 1.61 959.262
car -1 -1 0.00 0.00 0.00 100.00 100.00 -1000 1.48 2.97 5.66 -1000 41.88 1.62 957.571
car -1 -1 0.00 0.00 0.00 100.00 100.00 -1000 1.41 2.95 6.41 -1000 39.56 1.54 952.153
car -1 -1 0.00 0.00 0.00 100.00 100.00 -1000 1.46 2.93 6.37 -1000 41.10 1.58 948.583
car -1 -1 0.00 0.00 0.00 100.00 100.00 -1000 1.39 2.95 9.52 -1000 44.25 1.59 945.806
car -1 -1 0.00 0.00 0.00 100.00 100.00 -1000 1.60 3.36 5.96 -1000 42.66 1.67 943.450
car -1 -1 0.00 0.00 0.00 100.00 100.00 -1000 1.47 3.18 -6.42 -1000 16.39 1.55 943.349
car -1 -1 0.00 0.00 0.00 100.00 100.00 -1000 1.60 4.06 -4.03 -1000 44.30 1.39 942.656
car -1 -1 0.00 0.00 0.00 100.00 100.00 -1000 1.49 2.96 9.48 -1000 39.99 1.60 942.150
car -1 -1 0.00 0.00 0.00 100.00 100.00 -1000 1.42 3.11 17.05 -1000 43.60 -0.20 938.811
car -1 -1 0.00 0.00 0.00 100.00 100.00 -1000 1.51 3.70 13.85 -1000 17.32 -0.25 938.622
car -1 -1 0.00 0.00 0.00 100.00 100.00 -1000 1.35 3.01 -2.58 -1000 42.64 -0.05 938.222
car -1 -1 0.00 0.00 0.00 100.00 100.00 -1000 1.62 3.83 12.62 -1000 20.48 1.66 935.719
car -1 -1 0.00 0.00 0.00 100.00 100.00 -1000 1.43 3.32 -5.24 -1000 22.05 -0.25 933.849
car -1 -1 0.00 0.00 0.00 100.00 100.00 -1000 1.46 3.34 14.46 -1000 39.48 -0.21 933.785
car -1 -1 0.00 0.00 0.00 100.00 100.00 -1000 1.47 3.00 11.77 -1000 39.91 1.63 932.648
car -1 -1 0.00 0.00 0.00 100.00 100.00 -1000 1.40 2.97 0.55 -1000 46.35 1.53 928.928
car -1 -1 0.00 0.00 0.00 100.00 100.00 -1000 1.56 3.09 8.57 -1000 40.37 1.59 928.791
car -1 -1 0.00 0.00 0.00 100.00 100.00 -1000 1.41 3.12 1.59 -1000 42.23 1.54 927.031
car -1 -1 0.00 0.00 0.00 100.00 100.00 -1000 1.61 3.64 6.71 -1000 43.39 1.54 926.010
car -1 -1 0.00 0.00 0.00 100.00 100.00 -1000 1.47 2.87 17.44 -1000 44.33 1.59 920.633
car -1 -1 0.00 0.00 0.00 100.00 100.00 -1000 1.44 3.34 -5.81 -1000 21.45 1.68 920.083
car -1 -1 0.00 0.00 0.00 100.00 100.00 -1000 1.58 3.15 7.43 -1000 40.71 1.61 917.702
car -1 -1 0.00 0.00 0.00 100.00 100.00 -1000 1.61 3.37 -3.32 -1000 38.01 -0.24 916.127
car -1 -1 0.00 0.00 0.00 100.00 100.00 -1000 2.08 5.80 10.37 -1000 41.28 1.40 915.192
car -1 -1 0.00 0.00 0.00 100.00 100.00 -1000 1.48 3.09 2.20 -1000 41.33 0.00 914.401
car -1 -1 0.00 0.00 0.00 100.00 100.00 -1000 1.40 2.90 -8.23 -1000 15.55 1.53 911.646
car -1 -1 0.00 0.00 0.00 100.00 100.00 -1000 1.50 3.16 14.69 -1000 40.25 1.59 911.563
car -1 -1 0.00 0.00 0.00 100.00 100.00 -1000 2.04 5.37 10.26 -1000 42.26 1.36 910.419
car -1 -1 0.00 0.00 0.00 100.00 100.00 -1000 1.70 3.43 -2.96 -1000 47.25 1.58 910.372
car -1 -1 0.00 0.00 0.00 100.00 100.00 -1000 1.40 3.76 11.68 -1000 20.04 1.58 908.557
car -1 -1 0.00 0.00 0.00 100.00 100.00 -1000 1.39 3.10 5.58 -1000 40.65 -0.10 907.414
car -1 -1 0.00 0.00 0.00 100.00 100.00 -1000 1.64 4.03 3.72 -1000 42.95 1.48 907.039
car -1 -1 0.00 0.00 0.00 100.00 100.00 -1000 1.49 3.06 13.35 -1000 39.97 1.58 906.372
car -1 -1 0.00 0.00 0.00 100.00 100.00 -1000 1.57 3.42 8.85 -1000 43.60 1.66 904.465
car -1 -1 0.00 0.00 0.00 100.00 100.00 -1000 1.42 2.84 1.82 -1000 46.07 1.61 904.339
car -1 -1 0.00 0.00 0.00 100.00 100.00 -1000 1.61 3.89 9.89 -1000 43.18 1.55 902.278
car -1 -1 0.00 0.00 0.00 100.00 100.00 -1000 1.46 3.32 0.13 -1000 45.55 -0.07 901.528
car -1 -1 0.00 0.00 0.00 100.00 100.00 -1000 1.38 3.14 7.43 -1000 38.62 -0.09 897.911
car -1 -1 0.00 0.00 0.00 100.00 100.00 -1000 1.55 3.33 12.89 -1000 39.29 1.70 896.831
car -1 -1 0.00 0.00 0.00 100.00 100.00 -1000 1.47 2.98 -0.96 -1000 46.50 1.59 895.411
car -1 -1 0.00 0.00 0.00 100.00 100.00 -1000 1.69 3.92 -4.36 -1000 45.92 1.44 893.554
car -1 -1 0.00 0.00 0.00 100.00 100.00 -1000 1.47 3.59 -8.25 -1000 14.69 -0.31 891.460
car -1 -1 0.00 0.00 0.00 100.00 100.00 -1000 1.42 3.18 8.90 -1000 38.30 -0.04 891.124
car -1 -1 0.00 0.00 0.00 100.00 100.00 -1000 1.63 4.18 12.04 -1000 21.52 1.55 891.098
car -1 -1 0.00 0.00 0.00 100.00 100.00 -1000 1.46 3.58 12.42 -1000 18.56 1.54 888.161
car -1 -1 0.00 0.00 0.00 100.00 100.00 -1000 1.47 3.33 1.44 -1000 45.23 -0.13 887.834
car -1 -1 0.00 0.00 0.00 100.00 100.00 -1000 1.45 3.45 3.50 -1000 7.46 -0.19 886.726
car -1 -1 0.00 0.00 0.00 100.00 100.00 -1000 1.46 3.02 0.13 -1000 42.31 1.56 884.852
car -1 -1 0.00 0.00 0.00 100.00 100.00 -1000 1.43 3.18 1.05 -1000 41.13 -0.07 883.418
car -1 -1 0.00 0.00 0.00 100.00 100.00 -1000 1.72 4.00 13.59 -1000 20.00 1.68 879.255
car -1 -1 0.00 0.00 0.00 100.00 100.00 -1000 1.47 3.44 -4.89 -1000 22.81 1.57 877.277
car -1 -1 0.00 0.00 0.00 100.00 100.00 -1000 1.53 3.33 16.24 -1000 42.68 1.55 872.122
car -1 -1 0.00 0.00 0.00 100.00 100.00 -1000 1.53 3.73 -6.21 -1000 15.51 -0.33 871.945
car -1 -1 0.00 0.00 0.00 100.00 100.00 -1000 1.76 4.20 2.80 -1000 44.34 1.47 868.894
car -1 -1 0.00 0.00 0.00 100.00 100.00 -1000 1.97 4.83 -4.46 -1000 45.10 1.40 866.210
car -1 -1 0.00 0.00 0.00 100.00 100.00 -1000 1.60 3.54 8.51 -1000 44.61 1.53 865.472
car -1 -1 0.00 0.00 0.00 100.00 100.00 -1000 1.57 3.96 12.44 -1000 28.94 1.59 863.884
car -1 -1 0.00 0.00 0.00 100.00 100.00 -1000 1.49 3.19 -1.72 -1000 43.17 1.59 861.683
car -1 -1 0.00 0.00 0.00 100.00 100.00 -1000 1.46 3.48 -1.87 -1000 46.01 -0.07 860.907
car -1 -1 0.00 0.00 0.00 100.00 100.00 -1000 2.21 5.85 -6.57 -1000 17.69 1.67 857.043
car -1 -1 0.00 0.00 0.00 100.00 100.00 -1000 2.35 6.07 7.93 -1000 41.33 1.50 854.782
car -1 -1 0.00 0.00 0.00 100.00 100.00 -1000 2.00 5.32 14.22 -1000 40.92 1.60 853.473
car -1 -1 0.00 0.00 0.00 100.00 100.00 -1000 1.78 4.51 -6.04 -1000 18.86 1.43 851.301
car -1 -1 0.00 0.00 0.00 100.00 100.00 -1000 1.57 3.66 -2.30 -1000 43.81 1.63 849.951
car -1 -1 0.00 0.00 0.00 100.00 100.00 -1000 1.55 3.61 -6.31 -1000 22.47 1.49 849.508
car -1 -1 0.00 0.00 0.00 100.00 100.00 -1000 1.44 3.31 -1.58 -1000 42.28 -0.04 847.332
car -1 -1 0.00 0.00 0.00 100.00 100.00 -1000 1.74 4.59 12.64 -1000 40.52 1.52 844.964
car -1 -1 0.00 0.00 0.00 100.00 100.00 -1000 1.92 4.56 6.25 -1000 44.13 1.52 843.061
car -1 -1 0.00 0.00 0.00 100.00 100.00 -1000 1.36 3.08 -4.93 -1000 31.77 -0.14 841.747
car -1 -1 0.00 0.00 0.00 100.00 100.00 -1000 1.56 3.50 14.86 -1000 19.28 1.62 840.839
car -1 -1 0.00 0.00 0.00 100.00 100.00 -1000 1.63 4.63 3.49 -1000 8.91 1.53 840.682
car -1 -1 0.00 0.00 0.00 100.00 100.00 -1000 1.54 3.52 7.72 -1000 43.90 1.50 837.068
car -1 -1 0.00 0.00 0.00 100.00 100.00 -1000 1.50 3.08 4.30 -1000 40.47 1.60 832.342
car -1 -1 0.00 0.00 0.00 100.00 100.00 -1000 1.38 3.17 -4.90 -1000 32.80 1.49 829.446
car -1 -1 0.00 0.00 0.00 100.00 100.00 -1000 1.48 3.38 3.26 -1000 46.20 1.58 825.940
car -1 -1 0.00 0.00 0.00 100.00 100.00 -1000 1.51 3.58 9.61 -1000 44.98 1.58 823.118
car -1 -1 0.00 0.00 0.00 100.00 100.00 -1000 1.67 3.58 -3.87 -1000 38.66 1.74 818.557
car -1 -1 0.00 0.00 0.00 100.00 100.00 -1000 1.40 3.40 -0.19 -1000 41.47 -0.05 817.373
car -1 -1 0.00 0.00 0.00 100.00 100.00 -1000 1.40 2.99 -13.75 -1000 17.28 1.60 813.992
car -1 -1 0.00 0.00 0.00 100.00 100.00 -1000 1.55 3.39 -15.98 -1000 32.22 1.58 813.729
car -1 -1 0.00 0.00 0.00 100.00 100.00 -1000 1.40 3.03 -5.94 -1000 8.05 1.61 813.047
car -1 -1 0.00 0.00 0.00 100.00 100.00 -1000 1.51 3.05 -2.48 -1000 38.57 1.69 811.928
car -1 -1 0.00 0.00 0.00 100.00 100.00 -1000 1.80 4.64 13.62 -1000 21.26 1.53 809.436
car -1 -1 0.00 0.00 0.00 100.00 100.00 -1000 1.63 3.65 11.95 -1000 38.56 -0.48 808.551
car -1 -1 0.00 0.00 0.00 100.00 100.00 -1000 1.56 3.40 10.62 -1000 43.96 1.62 806.979
car -1 -1 0.00 0.00 0.00 100.00 100.00 -1000 1.45 2.96 6.08 -1000 38.76 -0.05 805.951
car -1 -1 0.00 0.00 0.00 100.00 100.00 -1000 2.35 7.22 4.64 -1000 43.66 1.43 799.949
car -1 -1 0.00 0.00 0.00 100.00 100.00 -1000 1.40 2.63 -2.13 -1000 37.84 -0.02 795.821
car -1 -1 0.00 0.00 0.00 100.00 100.00 -1000 1.68 4.08 8.60 -1000 42.82 1.65 793.514
car -1 -1 0.00 0.00 0.00 100.00 100.00 -1000 1.67 3.98 -4.07 -1000 46.76 1.49 790.985
car -1 -1 0.00 0.00 0.00 100.00 100.00 -1000 2.00 5.04 7.82 -1000 24.15 -0.47 786.748
car -1 -1 0.00 0.00 0.00 100.00 100.00 -1000 1.51 3.59 4.72 -1000 45.86 1.58 777.823
car -1 -1 0.00 0.00 0.00 100.00 100.00 -1000 1.52 3.31 -5.28 -1000 43.02 1.53 773.940
car -1 -1 0.00 0.00 0.00 100.00 100.00 -1000 1.70 3.87 15.72 -1000 41.99 1.59 749.153
car -1 -1 0.00 0.00 0.00 100.00 100.00 -1000 1.61 3.40 13.49 -1000 38.42 1.65 748.666
car -1 -1 0.00 0.00 0.00 100.00 100.00 -1000 1.53 3.45 11.53 -1000 19.05 1.61 747.691
car -1 -1 0.00 0.00 0.00 100.00 100.00 -1000 1.77 4.67 7.84 -1000 46.28 1.45 747.235
car -1 -1 0.00 0.00 0.00 100.00 100.00 -1000 1.41 3.05 4.99 -1000 39.75 1.56 747.107
car -1 -1 0.00 0.00 0.00 100.00 100.00 -1000 1.48 3.25 -4.34 -1000 37.64 1.78 746.220
car -1 -1 0.00 0.00 0.00 100.00 100.00 -1000 1.77 3.47 -4.59 -1000 27.73 1.68 741.892
car -1 -1 0.00 0.00 0.00 100.00 100.00 -1000 1.55 3.37 2.70 -1000 40.47 -0.08 741.868
car -1 -1 0.00 0.00 0.00 100.00 100.00 -1000 1.67 4.23 9.36 -1000 45.86 1.60 741.001
car -1 -1 0.00 0.00 0.00 100.00 100.00 -1000 1.53 3.59 -13.75 -1000 18.98 1.59 729.716
car -1 -1 0.00 0.00 0.00 100.00 100.00 -1000 1.67 4.39 -10.52 -1000 32.68 1.66 723.332
car -1 -1 0.00 0.00 0.00 100.00 100.00 -1000 1.78 4.49 17.30 -1000 44.89 1.57 721.364
car -1 -1 0.00 0.00 0.00 100.00 100.00 -1000 1.49 3.19 0.21 -1000 36.60 -0.05 715.011
car -1 -1 0.00 0.00 0.00 100.00 100.00 -1000 1.68 4.30 15.21 -1000 20.14 1.55 714.333
car -1 -1 0.00 0.00 0.00 100.00 100.00 -1000 2.20 6.62 -1.77 -1000 44.72 1.39 708.709
car -1 -1 0.00 0.00 0.00 100.00 100.00 -1000 1.36 3.12 3.05 -1000 45.16 -0.11 706.227
car -1 -1 0.00 0.00 0.00 100.00 100.00 -1000 1.58 3.51 14.99 -1000 17.93 1.64 706.216
car -1 -1 0.00 0.00 0.00 100.00 100.00 -1000 1.59 4.52 -5.89 -1000 9.23 1.59 704.154
car -1 -1 0.00 0.00 0.00 100.00 100.00 -1000 1.43 3.04 1.42 -1000 36.33 -0.15 703.579
car -1 -1 0.00 0.00 0.00 100.00 100.00 -1000 1.58 3.50 9.56 -1000 37.75 -0.14 699.460
car -1 -1 0.00 0.00 0.00 100.00 100.00 -1000 1.43 3.40 -6.14 -1000 20.62 1.52 676.751
car -1 -1 0.00 0.00 0.00 100.00 100.00 -1000 1.61 4.01 -1.29 -1000 45.27 1.51 672.603
car -1 -1 0.00 0.00 0.00 100.00 100.00 -1000 1.77 4.33 5.98 -1000 45.56 1.52 667.502
car -1 -1 0.00 0.00 0.00 100.00 100.00 -1000 1.58 3.18 1.89 -1000 36.99 1.64 665.763
car -1 -1 0.00 0.00 0.00 100.00 100.00 -1000 1.45 2.81 -5.73 -1000 7.30 1.64 658.074
car -1 -1 0.00 0.00 0.00 100.00 100.00 -1000 1.44 3.29 -13.76 -1000 18.05 1.61 654.378
car -1 -1 0.00 0.00 0.00 100.00 100.00 -1000 1.52 2.91 -13.60 -1000 16.23 1.60 645.990
car -1 -1 0.00 0.00 0.00 100.00 100.00 -1000 1.52 3.89 -4.82 -1000 16.51 1.64 644.759
car -1 -1 0.00 0.00 0.00 100.00 100.00 -1000 1.50 3.55 -12.32 -1000 33.56 1.56 644.437
car -1 -1 0.00 0.00 0.00 100.00 100.00 -1000 1.78 4.58 11.48 -1000 22.39 1.45 643.159
car -1 -1 0.00 0.00 0.00 100.00 100.00 -1000 2.55 7.85 1.60 -1000 43.91 1.32 641.940
car -1 -1 0.00 0.00 0.00 100.00 100.00 -1000 1.55 3.64 -7.01 -1000 21.85 1.67 639.393
car -1 -1 0.00 0.00 0.00 100.00 100.00 -1000 2.06 5.24 4.68 -1000 44.75 1.50 635.654
car -1 -1 0.00 0.00 0.00 100.00 100.00 -1000 1.38 2.99 -10.99 -1000 35.18 1.54 634.061
car -1 -1 0.00 0.00 0.00 100.00 100.00 -1000 1.63 4.53 0.96 -1000 44.40 1.46 630.503
car -1 -1 0.00 0.00 0.00 100.00 100.00 -1000 1.64 3.50 -16.01 -1000 33.07 1.50 630.329
car -1 -1 0.00 0.00 0.00 100.00 100.00 -1000 1.84 4.75 -0.03 -1000 43.05 1.59 628.994
car -1 -1 0.00 0.00 0.00 100.00 100.00 -1000 1.98 3.90 -4.93 -1000 26.78 -0.47 628.860
car -1 -1 0.00 0.00 0.00 100.00 100.00 -1000 1.48 2.89 14.22 -1000 37.58 1.60 623.928
car -1 -1 0.00 0.00 0.00 100.00 100.00 -1000 1.86 5.01 -7.46 -1000 16.87 1.53 622.021
car -1 -1 0.00 0.00 0.00 100.00 100.00 -1000 1.44 3.76 -10.99 -1000 45.03 1.42 619.908
car -1 -1 0.00 0.00 0.00 100.00 100.00 -1000 1.54 3.68 4.60 -1000 8.19 1.67 614.305
car -1 -1 0.00 0.00 0.00 100.00 100.00 -1000 1.61 3.76 7.05 -1000 44.91 1.52 613.589
car -1 -1 0.00 0.00 0.00 100.00 100.00 -1000 1.59 3.36 -10.19 -1000 34.14 1.57 611.953
car -1 -1 0.00 0.00 0.00 100.00 100.00 -1000 1.92 5.31 -3.78 -1000 39.24 1.53 611.923
car -1 -1 0.00 0.00 0.00 100.00 100.00 -1000 1.62 4.66 -4.77 -1000 23.60 1.52 610.740
car -1 -1 0.00 0.00 0.00 100.00 100.00 -1000 1.54 4.19 -15.89 -1000 34.38 1.55 602.103
car -1 -1 0.00 0.00 0.00 100.00 100.00 -1000 1.60 3.79 15.68 -1000 18.67 1.64 599.862
car -1 -1 0.00 0.00 0.00 100.00 100.00 -1000 1.48 3.24 13.10 -1000 16.77 1.54 597.123
car -1 -1 0.00 0.00 0.00 100.00 100.00 -1000 1.48 3.27 0.11 -1000 37.46 1.58 596.866
car -1 -1 0.00 0.00 0.00 100.00 100.00 -1000 1.54 2.87 -15.55 -1000 31.55 1.48 596.648
car -1 -1 0.00 0.00 0.00 100.00 100.00 -1000 1.53 3.31 11.62 -1000 37.71 -0.31 592.453
car -1 -1 0.00 0.00 0.00 100.00 100.00 -1000 1.80 5.25 14.13 -1000 22.03 1.53 587.208
car -1 -1 0.00 0.00 0.00 100.00 100.00 -1000 1.46 2.90 -10.60 -1000 46.50 1.62 585.668
car -1 -1 0.00 0.00 0.00 100.00 100.00 -1000 1.49 2.93 -10.79 -1000 32.02 1.46 585.648
car -1 -1 0.00 0.00 0.00 100.00 100.00 -1000 1.48 2.87 -9.65 -1000 35.16 1.59 570.560
car -1 -1 0.00 0.00 0.00 100.00 100.00 -1000 1.66 4.10 -13.92 -1000 20.13 1.70 569.860
car -1 -1 0.00 0.00 0.00 100.00 100.00 -1000 2.42 7.20 14.59 -1000 42.15 1.52 567.238
car -1 -1 0.00 0.00 0.00 100.00 100.00 -1000 1.76 3.27 -5.02 -1000 36.53 -0.48 562.374
car -1 -1 0.00 0.00 0.00 100.00 100.00 -1000 1.54 3.14 -12.00 -1000 34.68 1.63 558.082
car -1 -1 0.00 0.00 0.00 100.00 100.00 -1000 1.70 3.38 13.37 -1000 29.43 1.71 555.489
car -1 -1 0.00 0.00 0.00 100.00 100.00 -1000 1.62 4.30 11.11 -1000 44.68 1.59 550.221
car -1 -1 0.00 0.00 0.00 100.00 100.00 -1000 1.59 3.10 -1.42 -1000 37.11 -0.18 548.874
car -1 -1 0.00 0.00 0.00 100.00 100.00 -1000 1.30 2.78 12.40 -1000 28.30 -0.16 546.572
car -1 -1 0.00 0.00 0.00 100.00 100.00 -1000 1.74 4.87 0.37 -1000 46.85 1.60 542.476
car -1 -1 0.00 0.00 0.00 100.00 100.00 -1000 1.50 2.71 -15.63 -1000 30.70 1.42 540.970
car -1 -1 0.00 0.00 0.00 100.00 100.00 -1000 0.90 1.86 3.16 -1000 7.68 0.08 538.510
car -1 -1 0.00 0.00 0.00 100.00 100.00 -1000 1.63 4.04 -14.38 -1000 23.98 1.62 535.210
car -1 -1 0.00 0.00 0.00 100.00 100.00 -1000 1.79 5.59 11.70 -1000 23.66 1.49 532.527
car -1 -1 0.00 0.00 0.00 100.00 100.00 -1000 1.35 2.42 -11.32 -1000 33.96 1.48 530.716
car -1 -1 0.00 0.00 0.00 100.00 100.00 -1000 1.65 4.33 15.46 -1000 43.37 1.56 523.886
car -1 -1 0.00 0.00 0.00 100.00 100.00 -1000 1.47 3.11 -0.78 -1000 37.88 1.60 519.139
car -1 -1 0.00 0.00 0.00 100.00 100.00 -1000 1.51 3.25 -10.59 -1000 31.24 1.46 513.524
car -1 -1 0.00 0.00 0.00 100.00 100.00 -1000 1.43 2.78 2.88 -1000 36.30 -0.16 501.058
car -1 -1 0.00 0.00 0.00 100.00 100.00 -1000 2.34 5.66 10.13 -1000 46.56 1.72 497.671
car -1 -1 0.00 0.00 0.00 100.00 100.00 -1000 1.70 4.40 -5.79 -1000 44.00 1.55 496.225
car -1 -1 0.00 0.00 0.00 100.00 100.00 -1000 1.68 3.96 16.15 -1000 40.37 1.61 493.691
car -1 -1 0.00 0.00 0.00 100.00 100.00 -1000 1.39 3.14 -5.29 -1000 31.08 -0.28 492.126
car -1 -1 0.00 0.00 0.00 100.00 100.00 -1000 1.73 4.45 16.11 -1000 41.21 1.56 492.086
car -1 -1 0.00 0.00 0.00 100.00 100.00 -1000 1.48 3.46 7.91 -1000 24.88 1.53 491.917
car -1 -1 0.00 0.00 0.00 100.00 100.00 -1000 1.75 4.25 16.54 -1000 19.41 1.61 491.745
car -1 -1 0.00 0.00 0.00 100.00 100.00 -1000 1.59 4.13 -7.32 -1000 21.02 1.58 488.085
car -1 -1 0.00 0.00 0.00 100.00 100.00 -1000 1.92 5.12 12.10 -1000 42.75 1.57 484.683
car -1 -1 0.00 0.00 0.00 100.00 100.00 -1000 1.55 3.23 -11.91 -1000 32.37 1.42 484.045
car -1 -1 0.00 0.00 0.00 100.00 100.00 -1000 1.96 5.09 -5.12 -1000 33.49 1.60 482.713
car -1 -1 0.00 0.00 0.00 100.00 100.00 -1000 1.67 3.24 -6.85 -1000 14.57 1.64 482.554
car -1 -1 0.00 0.00 0.00 100.00 100.00 -1000 1.61 3.90 -1.91 -1000 36.34 1.49 479.908
car -1 -1 0.00 0.00 0.00 100.00 100.00 -1000 1.74 4.23 13.17 -1000 30.16 1.56 477.492
car -1 -1 0.00 0.00 0.00 100.00 100.00 -1000 1.64 4.52 12.68 -1000 27.52 1.55 474.358
car -1 -1 0.00 0.00 0.00 100.00 100.00 -1000 1.38 2.82 -18.71 -1000 31.16 1.62 474.151
car -1 -1 0.00 0.00 0.00 100.00 100.00 -1000 1.73 4.36 -6.24 -1000 19.74 1.70 469.875
car -1 -1 0.00 0.00 0.00 100.00 100.00 -1000 1.72 4.15 12.77 -1000 25.74 1.62 467.154
car -1 -1 0.00 0.00 0.00 100.00 100.00 -1000 1.69 3.41 2.76 -1000 6.80 1.75 461.416
car -1 -1 0.00 0.00 0.00 100.00 100.00 -1000 1.83 4.34 -9.91 -1000 33.40 1.67 447.234
car -1 -1 0.00 0.00 0.00 100.00 100.00 -1000 1.66 3.43 -1.12 -1000 35.51 1.65 446.379
car -1 -1 0.00 0.00 0.00 100.00 100.00 -1000 1.40 3.12 -9.19 -1000 15.07 1.43 444.306
car -1 -1 0.00 0.00 0.00 100.00 100.00 -1000 1.56 2.94 -5.60 -1000 42.12 1.35 440.459
car -1 -1 0.00 0.00 0.00 100.00 100.00 -1000 1.78 4.28 17.75 -1000 42.48 1.58 439.459
car -1 -1 0.00 0.00 0.00 100.00 100.00 -1000 1.57 3.23 3.36 -1000 36.95 1.62 437.858
car -1 -1 0.00 0.00 0.00 100.00 100.00 -1000 1.60 3.59 15.04 -1000 38.85 1.62 434.030
car -1 -1 0.00 0.00 0.00 100.00 100.00 -1000 1.56 4.16 -15.59 -1000 29.97 1.64 428.336
car -1 -1 0.00 0.00 0.00 100.00 100.00 -1000 1.65 3.99 3.62 -1000 39.65 1.54 425.642
car -1 -1 0.00 0.00 0.00 100.00 100.00 -1000 2.14 5.97 3.78 -1000 46.41 1.72 423.611
car -1 -1 0.00 0.00 0.00 100.00 100.00 -1000 1.55 3.93 -0.43 -1000 40.43 1.51 408.781
car -1 -1 0.00 0.00 0.00 100.00 100.00 -1000 1.48 2.67 -11.29 -1000 45.78 1.42 407.995
car -1 -1 0.00 0.00 0.00 100.00 100.00 -1000 1.63 4.95 -13.73 -1000 21.30 1.58 403.828
car -1 -1 0.00 0.00 0.00 100.00 100.00 -1000 2.74 8.40 -4.79 -1000 24.02 1.59 401.477
car -1 -1 0.00 0.00 0.00 100.00 100.00 -1000 1.64 3.25 5.68 -1000 36.22 1.60 394.017
car -1 -1 0.00 0.00 0.00 100.00 100.00 -1000 1.61 3.65 4.42 -1000 38.90 1.52 392.907
car -1 -1 0.00 0.00 0.00 100.00 100.00 -1000 1.62 3.16 -3.80 -1000 42.06 1.62 392.695
car -1 -1 0.00 0.00 0.00 100.00 100.00 -1000 1.59 3.42 10.83 -1000 37.19 1.53 391.533
car -1 -1 0.00 0.00 0.00 100.00 100.00 -1000 1.59 3.90 11.96 -1000 43.57 1.63 385.280
car -1 -1 0.00 0.00 0.00 100.00 100.00 -1000 1.61 3.40 -11.80 -1000 31.53 1.45 384.809
car -1 -1 0.00 0.00 0.00 100.00 100.00 -1000 1.92 4.10 -5.42 -1000 35.35 1.62 381.927
car -1 -1 0.00 0.00 0.00 100.00 100.00 -1000 1.67 4.19 16.87 -1000 18.25 1.59 370.633
car -1 -1 0.00 0.00 0.00 100.00 100.00 -1000 1.91 4.48 -14.56 -1000 24.82 1.52 369.469
car -1 -1 0.00 0.00 0.00 100.00 100.00 -1000 1.45 3.02 -6.61 -1000 6.93 1.43 368.654
car -1 -1 0.00 0.00 0.00 100.00 100.00 -1000 1.87 4.61 7.13 -1000 42.29 -0.44 368.277
car -1 -1 0.00 0.00 0.00 100.00 100.00 -1000 1.59 3.61 -3.24 -1000 37.13 1.66 366.822
car -1 -1 0.00 0.00 0.00 100.00 100.00 -1000 2.06 4.78 15.79 -1000 20.96 1.57 366.055
car -1 -1 0.00 0.00 0.00 100.00 100.00 -1000 1.60 4.05 -18.97 -1000 31.88 1.65 365.710
car -1 -1 0.00 0.00 0.00 100.00 100.00 -1000 2.24 5.92 11.81 -1000 24.74 1.61 365.455
car -1 -1 0.00 0.00 0.00 100.00 100.00 -1000 1.82 4.32 12.89 -1000 37.15 1.59 362.392
car -1 -1 0.00 0.00 0.00 100.00 100.00 -1000 1.66 3.91 15.25 -1000 17.13 1.57 358.265
car -1 -1 0.00 0.00 0.00 100.00 100.00 -1000 1.47 3.58 4.66 -1000 36.68 1.55 358.171
car -1 -1 0.00 0.00 0.00 100.00 100.00 -1000 1.78 4.18 -14.42 -1000 33.17 1.62 357.203
car -1 -1 0.00 0.00 0.00 100.00 100.00 -1000 1.58 3.12 -15.32 -1000 29.13 1.43 356.927
car -1 -1 0.00 0.00 0.00 100.00 100.00 -1000 1.92 5.98 5.39 -1000 9.08 1.52 356.142
car -1 -1 0.00 0.00 0.00 100.00 100.00 -1000 1.57 4.09 -1.82 -1000 41.26 1.46 353.542
car -1 -1 0.00 0.00 0.00 100.00 100.00 -1000 1.76 4.90 10.82 -1000 45.52 1.62 351.942
car -1 -1 0.00 0.00 0.00 100.00 100.00 -1000 1.79 6.01 -4.08 -1000 28.33 1.47 346.824
car -1 -1 0.00 0.00 0.00 100.00 100.00 -1000 1.73 4.38 -13.26 -1000 15.47 1.67 341.881
car -1 -1 0.00 0.00 0.00 100.00 100.00 -1000 2.01 4.57 -15.10 -1000 25.65 1.44 341.701
car -1 -1 0.00 0.00 0.00 100.00 100.00 -1000 1.41 3.22 6.28 -1000 35.19 -0.14 339.446
car -1 -1 0.00 0.00 0.00 100.00 100.00 -1000 2.25 5.84 -6.22 -1000 44.81 1.53 335.710
car -1 -1 0.00 0.00 0.00 100.00 100.00 -1000 1.77 4.40 -4.23 -1000 35.93 1.61 332.585
car -1 -1 0.00 0.00 0.00 100.00 100.00 -1000 1.68 4.21 8.29 -1000 37.22 1.41 326.746
car -1 -1 0.00 0.00 0.00 100.00 100.00 -1000 1.62 3.69 1.22 -1000 37.76 1.54 324.021
car -1 -1 0.00 0.00 0.00 100.00 100.00 -1000 1.76 4.56 -14.53 -1000 22.10 1.58 323.469
car -1 -1 0.00 0.00 0.00 100.00 100.00 -1000 1.89 4.42 -10.02 -1000 44.39 1.39 321.825
car -1 -1 0.00 0.00 0.00 100.00 100.00 -1000 1.69 4.86 -1.12 -1000 38.97 1.67 320.391
car -1 -1 0.00 0.00 0.00 100.00 100.00 -1000 1.44 2.43 -6.23 -1000 8.75 -0.14 317.718
car -1 -1 0.00 0.00 0.00 100.00 100.00 -1000 2.03 5.12 11.05 -1000 28.54 1.51 314.470
car -1 -1 0.00 0.00 0.00 100.00 100.00 -1000 1.48 3.31 11.99 -1000 17.74 -0.04 312.185
car -1 -1 0.00 0.00 0.00 100.00 100.00 -1000 1.97 5.89 12.63 -1000 26.50 1.64 311.435
car -1 -1 0.00 0.00 0.00 100.00 100.00 -1000 1.57 3.64 6.62 -1000 38.02 1.55 308.098
car -1 -1 0.00 0.00 0.00 100.00 100.00 -1000 1.93 7.05 -1.01 -1000 47.42 1.70 305.991
car -1 -1 0.00 0.00 0.00 100.00 100.00 -1000 1.53 3.76 1.14 -1000 35.55 1.51 304.918
car -1 -1 0.00 0.00 0.00 100.00 100.00 -1000 1.71 4.09 -13.74 -1000 32.37 1.62 302.106
car -1 -1 0.00 0.00 0.00 100.00 100.00 -1000 1.91 4.60 -14.02 -1000 34.00 1.67 296.323
car -1 -1 0.00 0.00 0.00 100.00 100.00 -1000 1.93 6.21 -4.14 -1000 17.31 1.51 295.004
car -1 -1 0.00 0.00 0.00 100.00 100.00 -1000 1.73 4.16 14.20 -1000 16.27 1.60 294.251
car -1 -1 0.00 0.00 0.00 100.00 100.00 -1000 1.63 3.18 5.15 -1000 35.51 -0.20 292.463
car -1 -1 0.00 0.00 0.00 100.00 100.00 -1000 2.21 5.05 -5.08 -1000 25.80 1.54 290.466
car -1 -1 0.00 0.00 0.00 100.00 100.00 -1000 1.64 3.97 -4.56 -1000 15.60 1.58 287.552
car -1 -1 0.00 0.00 0.00 100.00 100.00 -1000 1.99 4.48 5.92 -1000 36.96 1.48 284.357
car -1 -1 0.00 0.00 0.00 100.00 100.00 -1000 1.77 3.91 -17.21 -1000 31.59 1.58 283.076
car -1 -1 0.00 0.00 0.00 100.00 100.00 -1000 1.60 3.56 -18.68 -1000 29.30 1.63 282.153
car -1 -1 0.00 0.00 0.00 100.00 100.00 -1000 1.83 5.35 -9.16 -1000 35.81 1.91 279.056
car -1 -1 0.00 0.00 0.00 100.00 100.00 -1000 1.65 3.77 -9.99 -1000 45.59 1.55 276.503
