car -1 -1 0.00 0.00 0.00 100.00 100.00 -1000 1.58 3.20 5.85 -1000 29.53 1.57 996.621
car -1 -1 0.00 0.00 0.00 100.00 100.00 -1000 1.60 3.37 -4.60 -1000 13.34 1.53 995.466
car -1 -1 0.00 0.00 0.00 100.00 100.00 -1000 1.57 3.30 6.59 -1000 29.01 1.60 992.458
car -1 -1 0.00 0.00 0.00 100.00 100.00 -1000 1.68 3.83 -4.76 -1000 12.38 -0.17 988.046
car -1 -1 0.00 0.00 0.00 100.00 100.00 -1000 1.54 3.25 4.86 -1000 29.89 1.52 987.036
car -1 -1 0.00 0.00 0.00 100.00 100.00 -1000 1.50 3.51 6.24 -1000 28.28 -0.15 986.410
car -1 -1 0.00 0.00 0.00 100.00 100.00 -1000 1.80 4.99 -4.35 -1000 14.27 1.52 982.320
car -1 -1 0.00 0.00 0.00 100.00 100.00 -1000 1.52 3.31 2.81 -1000 5.25 1.62 980.913
car -1 -1 0.00 0.00 0.00 100.00 100.00 -1000 1.89 4.70 6.04 -1000 30.41 1.50 977.644
car -1 -1 0.00 0.00 0.00 100.00 100.00 -1000 1.51 3.13 -4.58 -1000 26.25 1.49 976.792
car -1 -1 0.00 0.00 0.00 100.00 100.00 -1000 1.49 3.36 3.86 -1000 33.14 1.48 973.328
car -1 -1 0.00 0.00 0.00 100.00 100.00 -1000 1.65 3.74 5.03 -1000 29.03 0.00 967.716
car -1 -1 0.00 0.00 0.00 100.00 100.00 -1000 1.70 4.17 4.32 -1000 32.37 -0.37 967.350
car -1 -1 0.00 0.00 0.00 100.00 100.00 -1000 2.03 5.43 6.54 -1000 31.60 1.46 966.133
car -1 -1 0.00 0.00 0.00 100.00 100.00 -1000 1.51 3.54 5.23 -1000 33.48 1.47 965.243
car -1 -1 0.00 0.00 0.00 100.00 100.00 -1000 1.46 3.08 -3.97 -1000 40.97 -0.08 961.627
car -1 -1 0.00 0.00 0.00 100.00 100.00 -1000 1.55 3.39 -5.60 -1000 12.98 1.54 961.232
car -1 -1 0.00 0.00 0.00 100.00 100.00 -1000 1.53 3.35 -4.53 -1000 25.13 -0.23 958.733
car -1 -1 0.00 0.00 0.00 100.00 100.00 -1000 1.50 3.14 4.93 -1000 16.19 1.55 952.285
car -1 -1 0.00 0.00 0.00 100.00 100.00 -1000 1.48 3.17 -3.70 -1000 41.72 1.64 950.604
car -1 -1 0.00 0.00 0.00 100.00 100.00 -1000 1.79 4.12 4.30 -1000 30.54 1.46 948.463
car -1 -1 0.00 0.00 0.00 100.00 100.00 -1000 2.17 7.31 -4.27 -1000 15.48 1.44 945.440
car -1 -1 0.00 0.00 0.00 100.00 100.00 -1000 1.40 2.89 -4.65 -1000 46.06 -0.16 944.746
car -1 -1 0.00 0.00 0.00 100.00 100.00 -1000 1.81 4.41 5.49 -1000 15.06 -0.39 943.880
car -1 -1 0.00 0.00 0.00 100.00 100.00 -1000 1.82 4.57 -6.54 -1000 15.27 1.51 943.687
car -1 -1 0.00 0.00 0.00 100.00 100.00 -1000 1.57 3.47 -0.56 -1000 43.21 1.59 942.130
car -1 -1 0.00 0.00 0.00 100.00 100.00 -1000 1.65 3.62 -4.24 -1000 27.27 1.55 940.584
car -1 -1 0.00 0.00 0.00 100.00 100.00 -1000 1.77 4.46 -4.10 -1000 17.26 1.42 936.293
car -1 -1 0.00 0.00 0.00 100.00 100.00 -1000 1.47 3.06 -2.61 -1000 42.00 1.61 935.950
car -1 -1 0.00 0.00 0.00 100.00 100.00 -1000 1.61 3.48 -5.82 -1000 14.02 1.58 935.022
car -1 -1 0.00 0.00 0.00 100.00 100.00 -1000 1.47 3.13 2.15 -1000 43.16 1.58 934.880
car -1 -1 0.00 0.00 0.00 100.00 100.00 -1000 1.64 3.77 5.84 -1000 32.21 1.61 934.033
car -1 -1 0.00 0.00 0.00 100.00 100.00 -1000 1.49 3.16 -5.51 -1000 46.48 1.54 929.922
car -1 -1 0.00 0.00 0.00 100.00 100.00 -1000 1.72 4.23 2.82 -1000 34.56 1.44 929.633
car -1 -1 0.00 0.00 0.00 100.00 100.00 -1000 1.77 4.05 2.63 -1000 6.26 1.57 926.247
car -1 -1 0.00 0.00 0.00 100.00 100.00 -1000 1.53 3.19 6.24 -1000 16.08 1.60 921.004
car -1 -1 0.00 0.00 0.00 100.00 100.00 -1000 1.46 3.73 6.97 -1000 27.67 -0.32 917.584
car -1 -1 0.00 0.00 0.00 100.00 100.00 -1000 1.72 4.04 6.99 -1000 33.37 1.45 917.305
car -1 -1 0.00 0.00 0.00 100.00 100.00 -1000 1.58 3.28 2.71 -1000 3.99 -0.15 915.597
car -1 -1 0.00 0.00 0.00 100.00 100.00 -1000 1.53 3.37 2.72 -1000 33.44 1.48 912.099
car -1 -1 0.00 0.00 0.00 100.00 100.00 -1000 1.52 3.51 2.02 -1000 42.33 -0.19 903.872
car -1 -1 0.00 0.00 0.00 100.00 100.00 -1000 1.44 3.11 -2.71 -1000 41.14 -0.23 903.093
car -1 -1 0.00 0.00 0.00 100.00 100.00 -1000 1.91 4.93 4.86 -1000 31.35 1.44 902.208
car -1 -1 0.00 0.00 0.00 100.00 100.00 -1000 1.51 3.12 7.54 -1000 15.58 1.53 901.690
car -1 -1 0.00 0.00 0.00 100.00 100.00 -1000 1.59 3.51 0.88 -1000 42.93 1.61 901.173
car -1 -1 0.00 0.00 0.00 100.00 100.00 -1000 1.66 3.96 -1.01 -1000 42.35 -0.27 901.134
car -1 -1 0.00 0.00 0.00 100.00 100.00 -1000 1.64 4.10 -4.80 -1000 28.15 1.46 899.213
car -1 -1 0.00 0.00 0.00 100.00 100.00 -1000 1.76 4.69 -4.21 -1000 16.01 1.54 895.622
car -1 -1 0.00 0.00 0.00 100.00 100.00 -1000 1.55 3.46 -8.10 -1000 18.12 1.57 891.515
car -1 -1 0.00 0.00 0.00 100.00 100.00 -1000 1.71 3.96 6.91 -1000 14.63 -0.30 891.050
car -1 -1 0.00 0.00 0.00 100.00 100.00 -1000 1.50 3.53 -15.24 -1000 30.11 1.49 882.954
car -1 -1 0.00 0.00 0.00 100.00 100.00 -1000 1.49 3.58 -13.05 -1000 30.10 1.52 873.647
car -1 -1 0.00 0.00 0.00 100.00 100.00 -1000 1.49 3.11 -5.54 -1000 45.66 -0.15 871.536
car -1 -1 0.00 0.00 0.00 100.00 100.00 -1000 1.59 4.02 -4.33 -1000 46.98 1.53 871.167
car -1 -1 0.00 0.00 0.00 100.00 100.00 -1000 1.68 4.24 -7.24 -1000 13.72 1.58 861.443
car -1 -1 0.00 0.00 0.00 100.00 100.00 -1000 1.62 3.74 4.17 -1000 34.05 1.56 859.150
car -1 -1 0.00 0.00 0.00 100.00 100.00 -1000 1.50 3.20 -11.57 -1000 29.83 1.56 858.749
car -1 -1 0.00 0.00 0.00 100.00 100.00 -1000 1.48 3.19 -16.55 -1000 29.81 1.55 856.273
car -1 -1 0.00 0.00 0.00 100.00 100.00 -1000 1.54 3.39 -6.92 -1000 12.27 1.61 851.382
car -1 -1 0.00 0.00 0.00 100.00 100.00 -1000 1.67 4.03 2.63 -1000 43.83 1.59 851.181
car -1 -1 0.00 0.00 0.00 100.00 100.00 -1000 1.58 3.34 1.38 -1000 33.14 1.62 851.037
car -1 -1 0.00 0.00 0.00 100.00 100.00 -1000 1.76 4.49 6.12 -1000 16.71 1.55 850.764
car -1 -1 0.00 0.00 0.00 100.00 100.00 -1000 1.49 3.17 4.36 -1000 15.48 1.52 848.520
car -1 -1 0.00 0.00 0.00 100.00 100.00 -1000 1.57 3.75 4.69 -1000 28.27 1.50 847.165
car -1 -1 0.00 0.00 0.00 100.00 100.00 -1000 1.50 3.27 7.62 -1000 28.41 1.67 845.530
car -1 -1 0.00 0.00 0.00 100.00 100.00 -1000 1.95 5.50 -0.49 -1000 43.73 1.46 845.415
car -1 -1 0.00 0.00 0.00 100.00 100.00 -1000 1.56 3.50 3.54 -1000 29.64 1.56 844.581
car -1 -1 0.00 0.00 0.00 100.00 100.00 -1000 1.59 3.69 -0.25 -1000 33.82 1.57 835.233
car -1 -1 0.00 0.00 0.00 100.00 100.00 -1000 1.63 3.98 -8.96 -1000 18.78 1.59 832.703
car -1 -1 0.00 0.00 0.00 100.00 100.00 -1000 1.56 3.46 2.65 -1000 32.46 1.58 832.186
car -1 -1 0.00 0.00 0.00 100.00 100.00 -1000 2.00 5.13 3.02 -1000 36.67 1.55 829.761
car -1 -1 0.00 0.00 0.00 100.00 100.00 -1000 1.65 4.13 8.41 -1000 15.03 1.56 825.450
car -1 -1 0.00 0.00 0.00 100.00 100.00 -1000 1.65 3.89 7.57 -1000 29.49 1.63 821.075
car -1 -1 0.00 0.00 0.00 100.00 100.00 -1000 1.59 3.67 -10.15 -1000 30.07 1.55 820.819
car -1 -1 0.00 0.00 0.00 100.00 100.00 -1000 2.49 5.33 2.64 -1000 5.13 1.44 818.110
car -1 -1 0.00 0.00 0.00 100.00 100.00 -1000 1.68 3.80 -2.57 -1000 27.46 1.58 818.060
car -1 -1 0.00 0.00 0.00 100.00 100.00 -1000 1.51 3.40 -4.86 -1000 41.48 1.57 817.355
car -1 -1 0.00 0.00 0.00 100.00 100.00 -1000 1.60 3.86 7.46 -1000 16.36 1.58 813.603
car -1 -1 0.00 0.00 0.00 100.00 100.00 -1000 1.44 3.23 -2.08 -1000 33.12 1.62 806.512
car -1 -1 0.00 0.00 0.00 100.00 100.00 -1000 2.02 6.02 2.75 -1000 35.76 1.43 805.251
car -1 -1 0.00 0.00 0.00 100.00 100.00 -1000 1.71 4.89 -2.80 -1000 42.55 1.51 802.297
car -1 -1 0.00 0.00 0.00 100.00 100.00 -1000 1.70 3.62 -3.16 -1000 26.72 1.77 799.822
car -1 -1 0.00 0.00 0.00 100.00 100.00 -1000 1.58 3.83 -8.13 -1000 12.90 1.60 798.819
car -1 -1 0.00 0.00 0.00 100.00 100.00 -1000 1.76 4.51 3.06 -1000 31.54 1.47 790.751
car -1 -1 0.00 0.00 0.00 100.00 100.00 -1000 2.02 5.38 7.65 -1000 31.01 1.50 781.154
car -1 -1 0.00 0.00 0.00 100.00 100.00 -1000 1.68 3.90 0.75 -1000 42.07 -0.13 772.819
car -1 -1 0.00 0.00 0.00 100.00 100.00 -1000 1.93 4.70 7.44 -1000 32.29 1.66 772.296
car -1 -1 0.00 0.00 0.00 100.00 100.00 -1000 1.93 5.40 4.26 -1000 34.97 1.52 765.146
car -1 -1 0.00 0.00 0.00 100.00 100.00 -1000 1.43 3.39 -8.57 -1000 12.15 1.50 756.997
car -1 -1 0.00 0.00 0.00 100.00 100.00 -1000 1.79 4.36 1.04 -1000 34.11 1.57 756.318
car -1 -1 0.00 0.00 0.00 100.00 100.00 -1000 1.80 4.98 4.37 -1000 16.86 1.49 754.968
car -1 -1 0.00 0.00 0.00 100.00 100.00 -1000 1.64 3.66 8.98 -1000 16.05 1.57 750.492
car -1 -1 0.00 0.00 0.00 100.00 100.00 -1000 1.45 2.96 -14.07 -1000 29.56 1.58 750.155
car -1 -1 0.00 0.00 0.00 100.00 100.00 -1000 1.52 3.98 -1.51 -1000 41.59 -0.26 746.790
car -1 -1 0.00 0.00 0.00 100.00 100.00 -1000 1.66 3.66 -3.47 -1000 25.65 1.71 741.343
car -1 -1 0.00 0.00 0.00 100.00 100.00 -1000 1.68 3.91 10.44 -1000 15.49 1.59 740.631
car -1 -1 0.00 0.00 0.00 100.00 100.00 -1000 1.95 4.75 -1.47 -1000 28.05 1.59 740.447
car -1 -1 0.00 0.00 0.00 100.00 100.00 -1000 1.49 3.55 -3.41 -1000 36.77 1.50 734.238
car -1 -1 0.00 0.00 0.00 100.00 100.00 -1000 2.14 5.60 -5.90 -1000 16.41 1.50 734.164
car -1 -1 0.00 0.00 0.00 100.00 100.00 -1000 1.49 3.01 -5.86 -1000 11.89 1.63 731.005
car -1 -1 0.00 0.00 0.00 100.00 100.00 -1000 2.27 5.27 3.06 -1000 44.61 1.47 730.039
car -1 -1 0.00 0.00 0.00 100.00 100.00 -1000 1.67 3.93 2.77 -1000 28.75 1.51 728.032
car -1 -1 0.00 0.00 0.00 100.00 100.00 -1000 1.44 2.87 -8.84 -1000 29.48 1.61 717.790
car -1 -1 0.00 0.00 0.00 100.00 100.00 -1000 1.77 4.75 -7.28 -1000 15.97 1.59 707.789
car -1 -1 0.00 0.00 0.00 100.00 100.00 -1000 1.53 3.78 -3.62 -1000 32.98 1.54 704.529
car -1 -1 0.00 0.00 0.00 100.00 100.00 -1000 2.15 6.18 0.29 -1000 44.52 1.55 703.126
car -1 -1 0.00 0.00 0.00 100.00 100.00 -1000 1.93 4.32 -3.33 -1000 29.83 1.61 702.103
car -1 -1 0.00 0.00 0.00 100.00 100.00 -1000 1.66 3.63 11.96 -1000 16.60 1.55 698.640
car -1 -1 0.00 0.00 0.00 100.00 100.00 -1000 1.44 3.00 -2.13 -1000 32.27 -0.24 693.685
car -1 -1 0.00 0.00 0.00 100.00 100.00 -1000 1.62 3.23 -13.11 -1000 29.14 -0.20 688.438
car -1 -1 0.00 0.00 0.00 100.00 100.00 -1000 1.79 4.19 -7.56 -1000 17.44 1.67 688.226
car -1 -1 0.00 0.00 0.00 100.00 100.00 -1000 1.46 3.26 -8.76 -1000 30.25 1.54 681.400
car -1 -1 0.00 0.00 0.00 100.00 100.00 -1000 1.61 3.69 1.19 -1000 32.35 -0.12 680.483
car -1 -1 0.00 0.00 0.00 100.00 100.00 -1000 1.81 3.76 2.74 -1000 30.30 1.49 680.320
car -1 -1 0.00 0.00 0.00 100.00 100.00 -1000 1.94 4.22 -11.37 -1000 28.97 -0.03 671.516
car -1 -1 0.00 0.00 0.00 100.00 100.00 -1000 2.18 6.24 7.02 -1000 34.93 1.43 666.408
car -1 -1 0.00 0.00 0.00 100.00 100.00 -1000 1.69 3.73 4.40 -1000 14.51 1.68 666.123
car -1 -1 0.00 0.00 0.00 100.00 100.00 -1000 1.61 3.55 -17.66 -1000 29.24 1.45 665.089
car -1 -1 0.00 0.00 0.00 100.00 100.00 -1000 1.56 3.51 8.61 -1000 33.80 1.55 664.108
car -1 -1 0.00 0.00 0.00 100.00 100.00 -1000 1.65 3.86 -2.23 -1000 30.27 1.56 660.926
car -1 -1 0.00 0.00 0.00 100.00 100.00 -1000 1.73 3.78 9.11 -1000 13.64 1.58 658.431
car -1 -1 0.00 0.00 0.00 100.00 100.00 -1000 1.97 4.01 -4.24 -1000 37.31 1.74 657.154
car -1 -1 0.00 0.00 0.00 100.00 100.00 -1000 1.85 4.74 -4.32 -1000 28.89 1.66 656.470
car -1 -1 0.00 0.00 0.00 100.00 100.00 -1000 1.75 4.60 -1.78 -1000 25.84 1.58 655.267
car -1 -1 0.00 0.00 0.00 100.00 100.00 -1000 1.24 2.61 -2.54 -1000 36.23 -0.04 654.749
car -1 -1 0.00 0.00 0.00 100.00 100.00 -1000 1.87 6.81 -4.25 -1000 47.44 1.55 647.985
car -1 -1 0.00 0.00 0.00 100.00 100.00 -1000 1.41 3.20 -3.66 -1000 12.68 -0.43 647.952
car -1 -1 0.00 0.00 0.00 100.00 100.00 -1000 1.89 4.51 0.17 -1000 28.47 1.56 647.801
car -1 -1 0.00 0.00 0.00 100.00 100.00 -1000 1.56 3.11 -4.93 -1000 40.50 -0.21 646.958
car -1 -1 0.00 0.00 0.00 100.00 100.00 -1000 1.61 4.15 5.99 -1000 34.08 1.56 645.988
car -1 -1 0.00 0.00 0.00 100.00 100.00 -1000 1.59 3.24 -9.82 -1000 29.12 -0.19 631.838
car -1 -1 0.00 0.00 0.00 100.00 100.00 -1000 1.53 3.69 19.03 -1000 27.33 1.66 628.869
car -1 -1 0.00 0.00 0.00 100.00 100.00 -1000 1.53 3.66 -0.30 -1000 32.94 1.66 626.219
car -1 -1 0.00 0.00 0.00 100.00 100.00 -1000 1.55 3.45 -8.02 -1000 11.51 1.60 626.170
car -1 -1 0.00 0.00 0.00 100.00 100.00 -1000 1.70 3.48 -15.36 -1000 29.17 -0.13 623.978
car -1 -1 0.00 0.00 0.00 100.00 100.00 -1000 1.81 4.84 -4.38 -1000 18.44 1.46 618.941
car -1 -1 0.00 0.00 0.00 100.00 100.00 -1000 1.70 4.00 2.31 -1000 27.73 1.48 613.077
car -1 -1 0.00 0.00 0.00 100.00 100.00 -1000 1.71 4.10 0.73 -1000 31.47 1.49 611.113
car -1 -1 0.00 0.00 0.00 100.00 100.00 -1000 2.03 5.15 -0.34 -1000 47.77 1.59 603.123
car -1 -1 0.00 0.00 0.00 100.00 100.00 -1000 1.66 3.66 11.61 -1000 15.85 1.53 599.973
car -1 -1 0.00 0.00 0.00 100.00 100.00 -1000 1.68 4.10 -8.90 -1000 31.09 1.44 593.126
car -1 -1 0.00 0.00 0.00 100.00 100.00 -1000 1.83 4.83 1.76 -1000 29.42 1.48 591.362
car -1 -1 0.00 0.00 0.00 100.00 100.00 -1000 1.74 5.10 -9.06 -1000 19.58 1.57 579.675
car -1 -1 0.00 0.00 0.00 100.00 100.00 -1000 2.07 4.76 8.77 -1000 16.85 1.60 578.431
car -1 -1 0.00 0.00 0.00 100.00 100.00 -1000 1.79 4.64 -9.93 -1000 20.47 1.56 574.685
car -1 -1 0.00 0.00 0.00 100.00 100.00 -1000 1.46 3.27 -9.69 -1000 17.81 1.64 574.676
car -1 -1 0.00 0.00 0.00 100.00 100.00 -1000 1.96 5.58 -2.74 -1000 28.55 1.52 567.467
car -1 -1 0.00 0.00 0.00 100.00 100.00 -1000 1.95 4.88 -1.69 -1000 36.70 1.60 565.766
car -1 -1 0.00 0.00 0.00 100.00 100.00 -1000 1.68 4.10 8.66 -1000 29.10 1.62 561.591
car -1 -1 0.00 0.00 0.00 100.00 100.00 -1000 1.69 3.77 -1.05 -1000 27.10 1.62 560.447
car -1 -1 0.00 0.00 0.00 100.00 100.00 -1000 1.71 5.28 4.11 -1000 6.77 1.53 556.378
car -1 -1 0.00 0.00 0.00 100.00 100.00 -1000 1.77 4.28 9.56 -1000 14.50 1.60 556.068
car -1 -1 0.00 0.00 0.00 100.00 100.00 -1000 1.33 3.45 -3.16 -1000 40.51 -0.25 555.432
car -1 -1 0.00 0.00 0.00 100.00 100.00 -1000 1.57 3.56 13.02 -1000 16.96 1.59 548.067
car -1 -1 0.00 0.00 0.00 100.00 100.00 -1000 1.78 4.07 -16.50 -1000 28.81 -0.02 547.442
car -1 -1 0.00 0.00 0.00 100.00 100.00 -1000 2.09 5.72 -15.85 -1000 30.57 1.54 546.605
car -1 -1 0.00 0.00 0.00 100.00 100.00 -1000 2.27 7.02 0.98 -1000 34.92 1.48 543.864
car -1 -1 0.00 0.00 0.00 100.00 100.00 -1000 2.11 5.27 -4.91 -1000 42.43 1.51 542.773
car -1 -1 0.00 0.00 0.00 100.00 100.00 -1000 1.73 3.91 -0.60 -1000 31.04 1.57 541.152
car -1 -1 0.00 0.00 0.00 100.00 100.00 -1000 1.91 5.01 8.75 -1000 33.04 1.57 540.076
car -1 -1 0.00 0.00 0.00 100.00 100.00 -1000 1.70 3.29 2.37 -1000 41.57 -0.11 539.435
car -1 -1 0.00 0.00 0.00 100.00 100.00 -1000 2.04 5.52 -11.24 -1000 30.55 1.62 525.189
car -1 -1 0.00 0.00 0.00 100.00 100.00 -1000 1.60 3.53 -5.66 -1000 10.96 1.55 524.441
car -1 -1 0.00 0.00 0.00 100.00 100.00 -1000 1.60 3.59 1.11 -1000 46.64 -0.08 522.725
car -1 -1 0.00 0.00 0.00 100.00 100.00 -1000 1.67 3.39 -5.00 -1000 24.33 1.46 520.679
car -1 -1 0.00 0.00 0.00 100.00 100.00 -1000 1.64 3.23 5.42 -1000 27.40 1.49 518.924
car -1 -1 0.00 0.00 0.00 100.00 100.00 -1000 1.48 3.51 -3.39 -1000 35.78 -0.00 513.303
car -1 -1 0.00 0.00 0.00 100.00 100.00 -1000 1.88 4.70 -4.86 -1000 35.07 1.66 513.000
car -1 -1 0.00 0.00 0.00 100.00 100.00 -1000 1.98 4.90 -11.96 -1000 28.03 1.27 511.858
car -1 -1 0.00 0.00 0.00 100.00 100.00 -1000 1.67 3.61 8.71 -1000 34.72 1.69 509.306
car -1 -1 0.00 0.00 0.00 100.00 100.00 -1000 2.56 6.99 5.58 -1000 17.62 1.52 506.606
car -1 -1 0.00 0.00 0.00 100.00 100.00 -1000 1.73 4.49 0.28 -1000 30.45 1.64 504.758
car -1 -1 0.00 0.00 0.00 100.00 100.00 -1000 1.50 3.09 -3.43 -1000 32.15 -0.15 501.730
car -1 -1 0.00 0.00 0.00 100.00 100.00 -1000 1.63 3.09 9.94 -1000 12.92 1.63 500.145
car -1 -1 0.00 0.00 0.00 100.00 100.00 -1000 1.53 3.37 -6.61 -1000 45.37 1.52 497.958
car -1 -1 0.00 0.00 0.00 100.00 100.00 -1000 1.68 4.14 -0.26 -1000 47.02 0.14 486.413
car -1 -1 0.00 0.00 0.00 100.00 100.00 -1000 1.65 4.35 -8.29 -1000 16.75 1.60 485.800
car -1 -1 0.00 0.00 0.00 100.00 100.00 -1000 1.84 5.11 8.93 -1000 29.83 1.55 485.532
car -1 -1 0.00 0.00 0.00 100.00 100.00 -1000 1.93 4.86 -2.54 -1000 33.65 1.50 478.615
car -1 -1 0.00 0.00 0.00 100.00 100.00 -1000 1.75 4.13 5.48 -1000 14.08 1.56 476.935
car -1 -1 0.00 0.00 0.00 100.00 100.00 -1000 1.61 4.07 3.14 -1000 42.72 -0.40 473.380
car -1 -1 0.00 0.00 0.00 100.00 100.00 -1000 2.24 6.26 -7.93 -1000 14.79 1.57 472.732
car -1 -1 0.00 0.00 0.00 100.00 100.00 -1000 1.68 4.06 -8.98 -1000 28.10 1.53 469.882
car -1 -1 0.00 0.00 0.00 100.00 100.00 -1000 1.47 4.05 -3.26 -1000 46.41 -0.36 468.379
car -1 -1 0.00 0.00 0.00 100.00 100.00 -1000 1.76 3.79 19.15 -1000 28.23 1.55 465.101
car -1 -1 0.00 0.00 0.00 100.00 100.00 -1000 1.24 2.71 -0.19 -1000 47.56 0.11 464.464
car -1 -1 0.00 0.00 0.00 100.00 100.00 -1000 1.78 3.80 0.20 -1000 27.57 1.59 456.254
car -1 -1 0.00 0.00 0.00 100.00 100.00 -1000 1.84 4.89 -0.20 -1000 26.17 1.62 450.524
car -1 -1 0.00 0.00 0.00 100.00 100.00 -1000 2.05 5.43 0.32 -1000 41.30 1.39 447.766
car -1 -1 0.00 0.00 0.00 100.00 100.00 -1000 1.66 4.13 -0.87 -1000 31.93 1.61 443.759
car -1 -1 0.00 0.00 0.00 100.00 100.00 -1000 1.82 3.58 -4.13 -1000 11.55 1.55 442.740
car -1 -1 0.00 0.00 0.00 100.00 100.00 -1000 2.50 5.68 2.12 -1000 37.56 1.64 441.160
car -1 -1 0.00 0.00 0.00 100.00 100.00 -1000 1.76 3.89 12.79 -1000 15.38 1.47 436.238
car -1 -1 0.00 0.00 0.00 100.00 100.00 -1000 2.54 6.92 -9.17 -1000 21.32 1.59 436.226
car -1 -1 0.00 0.00 0.00 100.00 100.00 -1000 1.60 3.45 13.43 -1000 16.21 1.63 434.893
car -1 -1 0.00 0.00 0.00 100.00 100.00 -1000 2.00 6.15 -2.73 -1000 16.58 1.59 428.568
car -1 -1 0.00 0.00 0.00 100.00 100.00 -1000 1.97 5.79 2.40 -1000 45.57 1.45 427.450
car -1 -1 0.00 0.00 0.00 100.00 100.00 -1000 2.19 6.20 -0.90 -1000 34.51 1.52 424.574
car -1 -1 0.00 0.00 0.00 100.00 100.00 -1000 1.76 4.43 3.50 -1000 40.86 1.54 424.127
car -1 -1 0.00 0.00 0.00 100.00 100.00 -1000 1.95 6.78 -4.75 -1000 37.89 1.68 418.679
car -1 -1 0.00 0.00 0.00 100.00 100.00 -1000 1.68 4.33 -7.04 -1000 46.12 1.65 417.002
car -1 -1 0.00 0.00 0.00 100.00 100.00 -1000 1.54 3.13 -17.99 -1000 28.41 1.46 416.106
car -1 -1 0.00 0.00 0.00 100.00 100.00 -1000 1.58 4.22 -2.46 -1000 47.24 0.08 415.587
car -1 -1 0.00 0.00 0.00 100.00 100.00 -1000 2.16 6.10 9.51 -1000 31.76 1.49 415.093
car -1 -1 0.00 0.00 0.00 100.00 100.00 -1000 1.80 4.59 -9.36 -1000 13.30 1.57 414.189
car -1 -1 0.00 0.00 0.00 100.00 100.00 -1000 1.56 3.90 3.95 -1000 5.55 -0.39 409.224
car -1 -1 0.00 0.00 0.00 100.00 100.00 -1000 1.62 4.10 -11.56 -1000 20.19 1.56 408.992
car -1 -1 0.00 0.00 0.00 100.00 100.00 -1000 1.76 4.93 -8.75 -1000 31.93 1.33 407.395
car -1 -1 0.00 0.00 0.00 100.00 100.00 -1000 1.70 4.28 -10.74 -1000 18.54 1.57 402.396
car -1 -1 0.00 0.00 0.00 100.00 100.00 -1000 1.78 4.54 4.82 -1000 6.09 1.62 401.264
car -1 -1 0.00 0.00 0.00 100.00 100.00 -1000 2.39 6.55 -0.58 -1000 38.49 1.66 388.375
car -1 -1 0.00 0.00 0.00 100.00 100.00 -1000 1.89 6.67 -3.87 -1000 19.58 1.49 388.354
car -1 -1 0.00 0.00 0.00 100.00 100.00 -1000 2.92 10.15 -3.17 -1000 43.74 1.38 384.634
car -1 -1 0.00 0.00 0.00 100.00 100.00 -1000 1.80 4.60 7.42 -1000 13.84 1.53 383.606
car -1 -1 0.00 0.00 0.00 100.00 100.00 -1000 1.72 5.01 -5.93 -1000 26.65 1.58 380.998
car -1 -1 0.00 0.00 0.00 100.00 100.00 -1000 2.32 6.99 -13.38 -1000 30.94 1.56 380.008
car -1 -1 0.00 0.00 0.00 100.00 100.00 -1000 2.16 5.93 9.63 -1000 30.62 1.56 379.727
car -1 -1 0.00 0.00 0.00 100.00 100.00 -1000 1.79 4.64 10.63 -1000 29.06 1.63 374.531
car -1 -1 0.00 0.00 0.00 100.00 100.00 -1000 1.67 4.09 8.67 -1000 28.05 1.65 371.567
car -1 -1 0.00 0.00 0.00 100.00 100.00 -1000 2.26 4.75 5.93 -1000 26.41 1.61 360.926
car -1 -1 0.00 0.00 0.00 100.00 100.00 -1000 1.87 4.99 -6.62 -1000 28.22 1.56 360.336
car -1 -1 0.00 0.00 0.00 100.00 100.00 -1000 1.97 5.06 -11.48 -1000 22.20 1.58 359.551
car -1 -1 0.00 0.00 0.00 100.00 100.00 -1000 1.69 3.89 -2.13 -1000 29.39 -0.21 359.198
car -1 -1 0.00 0.00 0.00 100.00 100.00 -1000 2.10 6.33 -4.98 -1000 30.15 1.53 356.568
car -1 -1 0.00 0.00 0.00 100.00 100.00 -1000 1.79 4.11 -7.94 -1000 28.60 1.58 350.599
car -1 -1 0.00 0.00 0.00 100.00 100.00 -1000 1.63 3.56 3.56 -1000 41.98 1.62 350.483
car -1 -1 0.00 0.00 0.00 100.00 100.00 -1000 1.59 3.99 -13.50 -1000 21.82 1.43 345.001
car -1 -1 0.00 0.00 0.00 100.00 100.00 -1000 1.74 3.32 -5.15 -1000 36.79 0.05 339.800
car -1 -1 0.00 0.00 0.00 100.00 100.00 -1000 1.80 4.50 10.08 -1000 33.49 1.58 339.617
car -1 -1 0.00 0.00 0.00 100.00 100.00 -1000 1.96 5.90 -8.09 -1000 27.37 1.36 334.897
car -1 -1 0.00 0.00 0.00 100.00 100.00 -1000 1.79 4.66 4.52 -1000 43.51 1.59 322.445
car -1 -1 0.00 0.00 0.00 100.00 100.00 -1000 1.59 3.42 -14.12 -1000 28.54 1.58 322.311
car -1 -1 0.00 0.00 0.00 100.00 100.00 -1000 1.60 4.22 3.87 -1000 4.43 -0.31 322.215
car -1 -1 0.00 0.00 0.00 100.00 100.00 -1000 1.74 4.92 -5.08 -1000 33.21 1.52 318.381
car -1 -1 0.00 0.00 0.00 100.00 100.00 -1000 2.19 7.70 -2.47 -1000 14.90 1.41 315.456
car -1 -1 0.00 0.00 0.00 100.00 100.00 -1000 1.72 3.85 -7.89 -1000 10.64 1.57 312.889
car -1 -1 0.00 0.00 0.00 100.00 100.00 -1000 1.23 2.72 1.19 -1000 47.54 0.01 312.811
car -1 -1 0.00 0.00 0.00 100.00 100.00 -1000 1.90 4.53 9.28 -1000 12.00 1.61 312.420
car -1 -1 0.00 0.00 0.00 100.00 100.00 -1000 1.68 4.27 4.82 -1000 4.96 1.61 312.363
car -1 -1 0.00 0.00 0.00 100.00 100.00 -1000 1.87 4.83 10.39 -1000 32.62 1.53 312.014
car -1 -1 0.00 0.00 0.00 100.00 100.00 -1000 1.84 5.46 3.03 -1000 16.10 1.62 307.787
car -1 -1 0.00 0.00 0.00 100.00 100.00 -1000 1.59 3.63 -5.15 -1000 14.85 -0.28 305.842
car -1 -1 0.00 0.00 0.00 100.00 100.00 -1000 1.91 4.64 -12.63 -1000 23.34 1.65 305.664
car -1 -1 0.00 0.00 0.00 100.00 100.00 -1000 1.91 5.52 -0.48 -1000 29.57 1.54 305.520
car -1 -1 0.00 0.00 0.00 100.00 100.00 -1000 1.68 4.29 9.94 -1000 34.38 1.63 303.529
car -1 -1 0.00 0.00 0.00 100.00 100.00 -1000 1.78 5.17 -6.41 -1000 18.51 1.69 300.161
car -1 -1 0.00 0.00 0.00 100.00 100.00 -1000 1.92 6.20 0.16 -1000 37.44 1.64 297.787
car -1 -1 0.00 0.00 0.00 100.00 100.00 -1000 1.57 3.58 -9.04 -1000 11.04 1.46 296.536
car -1 -1 0.00 0.00 0.00 100.00 100.00 -1000 1.76 4.81 -5.47 -1000 34.28 1.49 289.849
car -1 -1 0.00 0.00 0.00 100.00 100.00 -1000 1.72 4.13 -1.51 -1000 24.66 1.58 289.112
car -1 -1 0.00 0.00 0.00 100.00 100.00 -1000 2.57 7.49 -2.84 -1000 44.68 1.39 287.542
car -1 -1 0.00 0.00 0.00 100.00 100.00 -1000 2.34 4.69 1.73 -1000 47.43 1.59 287.112
car -1 -1 0.00 0.00 0.00 100.00 100.00 -1000 2.14 5.69 -7.22 -1000 19.25 1.59 284.156
car -1 -1 0.00 0.00 0.00 100.00 100.00 -1000 1.83 5.12 -2.94 -1000 13.69 1.44 281.565
car -1 -1 0.00 0.00 0.00 100.00 100.00 -1000 1.87 4.64 10.85 -1000 13.54 1.50 279.740
car -1 -1 0.00 0.00 0.00 100.00 100.00 -1000 1.74 3.98 -12.32 -1000 21.04 1.39 276.593
car -1 -1 0.00 0.00 0.00 100.00 100.00 -1000 1.90 4.59 -4.05 -1000 20.19 1.53 276.336
car -1 -1 0.00 0.00 0.00 100.00 100.00 -1000 2.06 6.43 5.74 -1000 7.57 1.54 275.887
car -1 -1 0.00 0.00 0.00 100.00 100.00 -1000 1.78 4.48 -10.17 -1000 17.01 1.60 271.927
car -1 -1 0.00 0.00 0.00 100.00 100.00 -1000 1.78 4.66 10.28 -1000 27.92 1.62 269.421
car -1 -1 0.00 0.00 0.00 100.00 100.00 -1000 1.67 4.17 -2.42 -1000 31.46 1.58 267.194
car -1 -1 0.00 0.00 0.00 100.00 100.00 -1000 1.97 4.76 -1.96 -1000 40.50 1.51 266.364
car -1 -1 0.00 0.00 0.00 100.00 100.00 -1000 1.71 3.94 -6.77 -1000 8.14 1.34 265.986
car -1 -1 0.00 0.00 0.00 100.00 100.00 -1000 1.89 5.56 2.64 -1000 9.14 1.58 265.939
car -1 -1 0.00 0.00 0.00 100.00 100.00 -1000 2.15 5.10 11.82 -1000 14.58 1.48 261.941
car -1 -1 0.00 0.00 0.00 100.00 100.00 -1000 1.74 4.06 -4.81 -1000 32.33 1.48 261.817
car -1 -1 0.00 0.00 0.00 100.00 100.00 -1000 1.67 3.41 -5.52 -1000 25.81 0.07 260.797
car -1 -1 0.00 0.00 0.00 100.00 100.00 -1000 2.68 9.99 5.50 -1000 35.70 1.46 260.618
car -1 -1 0.00 0.00 0.00 100.00 100.00 -1000 1.72 4.34 -8.00 -1000 9.71 1.37 259.617
car -1 -1 0.00 0.00 0.00 100.00 100.00 -1000 1.75 4.54 -6.43 -1000 10.23 1.59 258.534
car -1 -1 0.00 0.00 0.00 100.00 100.00 -1000 2.03 6.80 -3.25 -1000 30.76 1.50 257.585
car -1 -1 0.00 0.00 0.00 100.00 100.00 -1000 1.84 5.00 0.04 -1000 45.96 1.41 256.382
car -1 -1 0.00 0.00 0.00 100.00 100.00 -1000 1.36 3.19 2.85 -1000 36.23 -0.14 252.197
car -1 -1 0.00 0.00 0.00 100.00 100.00 -1000 2.03 6.29 -3.17 -1000 34.64 1.52 250.541
car -1 -1 0.00 0.00 0.00 100.00 100.00 -1000 2.04 4.99 -6.02 -1000 47.04 1.68 249.907
car -1 -1 0.00 0.00 0.00 100.00 100.00 -1000 1.87 4.38 -1.45 -1000 46.48 1.43 249.825
car -1 -1 0.00 0.00 0.00 100.00 100.00 -1000 1.80 4.57 -8.95 -1000 14.14 1.48 248.001
car -1 -1 0.00 0.00 0.00 100.00 100.00 -1000 1.91 4.68 -3.94 -1000 45.58 1.67 246.508
car -1 -1 0.00 0.00 0.00 100.00 100.00 -1000 1.90 4.74 1.11 -1000 26.79 1.47 245.933
car -1 -1 0.00 0.00 0.00 100.00 100.00 -1000 1.85 4.84 -11.63 -1000 23.98 1.60 244.392
car -1 -1 0.00 0.00 0.00 100.00 100.00 -1000 2.31 5.41 -5.42 -1000 36.08 1.46 244.122
car -1 -1 0.00 0.00 0.00 100.00 100.00 -1000 1.84 4.54 -6.71 -1000 44.55 1.32 242.900
car -1 -1 0.00 0.00 0.00 100.00 100.00 -1000 1.72 4.26 -11.04 -1000 19.45 1.62 241.244
car -1 -1 0.00 0.00 0.00 100.00 100.00 -1000 1.89 5.26 -7.11 -1000 29.39 1.62 240.846
car -1 -1 0.00 0.00 0.00 100.00 100.00 -1000 1.90 5.54 1.05 -1000 8.59 1.67 239.617
car -1 -1 0.00 0.00 0.00 100.00 100.00 -1000 2.01 5.41 0.60 -1000 36.36 1.57 238.734
car -1 -1 0.00 0.00 0.00 100.00 100.00 -1000 4.47 25.92 3.00 -1000 4.37 0.50 238.591
car -1 -1 0.00 0.00 0.00 100.00 100.00 -1000 1.88 5.67 11.32 -1000 17.23 1.53 236.705
car -1 -1 0.00 0.00 0.00 100.00 100.00 -1000 1.06 2.12 -6.76 -1000 11.39 -0.17 236.329
car -1 -1 0.00 0.00 0.00 100.00 100.00 -1000 2.21 6.89 2.70 -1000 17.29 1.56 234.609
