car -1 -1 0.00 0.00 0.00 100.00 100.00 -1000 1.52 3.28 -2.15 -1000 10.07 1.48 999.477
car -1 -1 0.00 0.00 0.00 100.00 100.00 -1000 1.67 3.61 -2.11 -1000 11.28 1.45 998.614
car -1 -1 0.00 0.00 0.00 100.00 100.00 -1000 1.54 3.50 11.71 -1000 28.67 -0.27 994.639
car -1 -1 0.00 0.00 0.00 100.00 100.00 -1000 1.68 3.60 5.44 -1000 29.57 -0.16 992.920
car -1 -1 0.00 0.00 0.00 100.00 100.00 -1000 1.41 2.78 5.44 -1000 30.35 1.52 991.434
car -1 -1 0.00 0.00 0.00 100.00 100.00 -1000 1.41 2.85 11.61 -1000 29.53 1.54 991.233
car -1 -1 0.00 0.00 0.00 100.00 100.00 -1000 1.54 3.55 3.14 -1000 8.60 -0.21 990.385
car -1 -1 0.00 0.00 0.00 100.00 100.00 -1000 1.45 3.52 -2.10 -1000 9.26 -0.20 987.960
car -1 -1 0.00 0.00 0.00 100.00 100.00 -1000 1.68 3.90 11.91 -1000 16.18 -0.40 985.417
car -1 -1 0.00 0.00 0.00 100.00 100.00 -1000 1.42 3.10 9.14 -1000 17.76 1.47 983.098
car -1 -1 0.00 0.00 0.00 100.00 100.00 -1000 1.44 2.92 3.20 -1000 9.57 1.59 982.254
car -1 -1 0.00 0.00 0.00 100.00 100.00 -1000 1.47 3.49 9.27 -1000 16.90 -0.28 978.150
car -1 -1 0.00 0.00 0.00 100.00 100.00 -1000 1.39 2.81 12.01 -1000 17.09 1.52 977.508
car -1 -1 0.00 0.00 0.00 100.00 100.00 -1000 1.49 3.40 2.72 -1000 5.18 1.60 973.919
car -1 -1 0.00 0.00 0.00 100.00 100.00 -1000 1.38 2.77 -0.45 -1000 35.48 1.56 973.462
car -1 -1 0.00 0.00 0.00 100.00 100.00 -1000 1.44 2.99 2.26 -1000 4.30 -0.12 972.745
car -1 -1 0.00 0.00 0.00 100.00 100.00 -1000 1.98 5.89 -1.57 -1000 12.68 1.40 964.804
car -1 -1 0.00 0.00 0.00 100.00 100.00 -1000 1.43 2.94 -1.48 -1000 24.63 1.54 959.825
car -1 -1 0.00 0.00 0.00 100.00 100.00 -1000 1.50 3.29 -0.41 -1000 34.64 -0.19 955.760
car -1 -1 0.00 0.00 0.00 100.00 100.00 -1000 1.41 2.81 10.26 -1000 17.47 1.59 954.762
car -1 -1 0.00 0.00 0.00 100.00 100.00 -1000 1.58 3.39 10.38 -1000 16.22 -0.29 952.882
car -1 -1 0.00 0.00 0.00 100.00 100.00 -1000 1.43 3.11 12.25 -1000 30.10 1.55 951.754
car -1 -1 0.00 0.00 0.00 100.00 100.00 -1000 1.75 4.33 2.78 -1000 10.24 1.56 945.016
car -1 -1 0.00 0.00 0.00 100.00 100.00 -1000 1.43 3.08 10.97 -1000 28.05 -0.35 940.865
car -1 -1 0.00 0.00 0.00 100.00 100.00 -1000 1.37 2.83 -1.62 -1000 25.40 1.53 936.441
car -1 -1 0.00 0.00 0.00 100.00 100.00 -1000 1.61 4.17 9.28 -1000 32.02 1.46 930.593
car -1 -1 0.00 0.00 0.00 100.00 100.00 -1000 1.60 3.68 9.90 -1000 18.34 1.62 928.674
car -1 -1 0.00 0.00 0.00 100.00 100.00 -1000 1.47 3.09 10.52 -1000 29.18 1.49 925.423
car -1 -1 0.00 0.00 0.00 100.00 100.00 -1000 1.64 4.11 5.27 -1000 31.30 1.52 921.201
car -1 -1 0.00 0.00 0.00 100.00 100.00 -1000 1.74 4.24 11.25 -1000 32.14 1.51 917.597
car -1 -1 0.00 0.00 0.00 100.00 100.00 -1000 1.43 2.83 13.25 -1000 16.99 1.63 915.804
car -1 -1 0.00 0.00 0.00 100.00 100.00 -1000 1.40 3.19 12.52 -1000 29.15 -0.30 912.444
car -1 -1 0.00 0.00 0.00 100.00 100.00 -1000 1.47 3.32 6.70 -1000 30.58 1.64 911.612
car -1 -1 0.00 0.00 0.00 100.00 100.00 -1000 1.46 3.21 11.16 -1000 18.00 1.57 910.406
car -1 -1 0.00 0.00 0.00 100.00 100.00 -1000 1.45 3.00 -1.11 -1000 26.13 1.59 908.571
car -1 -1 0.00 0.00 0.00 100.00 100.00 -1000 1.56 3.73 8.86 -1000 18.83 1.57 903.849
car -1 -1 0.00 0.00 0.00 100.00 100.00 -1000 1.44 3.65 8.48 -1000 16.31 -0.97 901.967
car -1 -1 0.00 0.00 0.00 100.00 100.00 -1000 1.33 3.02 0.48 -1000 41.12 1.51 901.336
car -1 -1 0.00 0.00 0.00 100.00 100.00 -1000 1.44 2.94 11.96 -1000 15.37 -0.17 888.994
car -1 -1 0.00 0.00 0.00 100.00 100.00 -1000 1.55 3.07 -3.62 -1000 10.16 1.54 885.504
car -1 -1 0.00 0.00 0.00 100.00 100.00 -1000 1.45 2.99 4.07 -1000 9.07 1.70 873.401
car -1 -1 0.00 0.00 0.00 100.00 100.00 -1000 1.58 4.06 9.20 -1000 30.79 1.56 871.854
car -1 -1 0.00 0.00 0.00 100.00 100.00 -1000 1.36 3.05 -5.90 -1000 41.54 1.56 871.208
car -1 -1 0.00 0.00 0.00 100.00 100.00 -1000 1.70 4.09 11.18 -1000 30.47 1.49 868.875
car -1 -1 0.00 0.00 0.00 100.00 100.00 -1000 1.48 3.17 1.36 -1000 42.20 1.55 867.320
car -1 -1 0.00 0.00 0.00 100.00 100.00 -1000 1.42 2.95 11.47 -1000 38.28 1.60 862.610
car -1 -1 0.00 0.00 0.00 100.00 100.00 -1000 1.73 4.01 12.60 -1000 17.96 1.60 857.723
car -1 -1 0.00 0.00 0.00 100.00 100.00 -1000 1.43 3.07 4.41 -1000 29.94 1.50 855.726
car -1 -1 0.00 0.00 0.00 100.00 100.00 -1000 1.65 4.08 0.06 -1000 36.11 1.59 850.778
car -1 -1 0.00 0.00 0.00 100.00 100.00 -1000 1.50 3.43 13.32 -1000 16.07 -0.21 847.086
car -1 -1 0.00 0.00 0.00 100.00 100.00 -1000 1.83 4.22 8.36 -1000 31.47 1.56 841.697
car -1 -1 0.00 0.00 0.00 100.00 100.00 -1000 1.43 3.06 0.84 -1000 35.27 1.68 840.774
car -1 -1 0.00 0.00 0.00 100.00 100.00 -1000 1.39 3.19 6.41 -1000 29.06 -0.16 838.505
car -1 -1 0.00 0.00 0.00 100.00 100.00 -1000 2.19 5.65 5.12 -1000 32.04 1.48 837.648
car -1 -1 0.00 0.00 0.00 100.00 100.00 -1000 1.67 4.27 -1.24 -1000 26.79 1.54 832.187
car -1 -1 0.00 0.00 0.00 100.00 100.00 -1000 2.04 5.02 2.72 -1000 11.13 1.61 827.254
car -1 -1 0.00 0.00 0.00 100.00 100.00 -1000 1.44 3.17 0.33 -1000 41.86 1.50 824.986
car -1 -1 0.00 0.00 0.00 100.00 100.00 -1000 1.47 3.39 9.74 -1000 29.85 1.49 820.635
car -1 -1 0.00 0.00 0.00 100.00 100.00 -1000 1.83 4.55 -3.30 -1000 11.98 1.44 818.423
car -1 -1 0.00 0.00 0.00 100.00 100.00 -1000 1.48 3.10 11.38 -1000 37.16 -0.32 817.824
car -1 -1 0.00 0.00 0.00 100.00 100.00 -1000 1.35 2.86 2.25 -1000 34.73 1.58 799.727
car -1 -1 0.00 0.00 0.00 100.00 100.00 -1000 1.91 5.23 11.94 -1000 18.66 1.56 799.224
car -1 -1 0.00 0.00 0.00 100.00 100.00 -1000 1.56 3.47 7.91 -1000 17.38 1.54 798.861
car -1 -1 0.00 0.00 0.00 100.00 100.00 -1000 1.53 3.42 -16.69 -1000 34.23 1.57 797.144
car -1 -1 0.00 0.00 0.00 100.00 100.00 -1000 1.51 3.42 4.13 -1000 10.03 1.62 796.898
car -1 -1 0.00 0.00 0.00 100.00 100.00 -1000 1.49 3.51 9.39 -1000 15.83 -0.27 792.171
car -1 -1 0.00 0.00 0.00 100.00 100.00 -1000 1.85 5.37 2.50 -1000 5.72 1.58 790.636
car -1 -1 0.00 0.00 0.00 100.00 100.00 -1000 1.34 2.78 -19.03 -1000 26.23 1.55 789.845
car -1 -1 0.00 0.00 0.00 100.00 100.00 -1000 1.49 3.18 13.47 -1000 29.62 1.66 788.450
car -1 -1 0.00 0.00 0.00 100.00 100.00 -1000 1.46 3.19 2.32 -1000 41.44 -0.14 782.498
car -1 -1 0.00 0.00 0.00 100.00 100.00 -1000 2.44 5.77 8.93 -1000 19.49 1.63 781.773
car -1 -1 0.00 0.00 0.00 100.00 100.00 -1000 1.57 3.67 14.06 -1000 17.72 1.61 780.296
car -1 -1 0.00 0.00 0.00 100.00 100.00 -1000 2.50 7.19 -1.32 -1000 13.65 1.34 777.935
car -1 -1 0.00 0.00 0.00 100.00 100.00 -1000 1.59 3.29 8.77 -1000 29.47 1.57 771.853
car -1 -1 0.00 0.00 0.00 100.00 100.00 -1000 2.01 5.94 9.22 -1000 33.43 1.45 763.149
car -1 -1 0.00 0.00 0.00 100.00 100.00 -1000 1.52 3.78 0.45 -1000 42.63 1.50 760.006
car -1 -1 0.00 0.00 0.00 100.00 100.00 -1000 1.55 3.53 8.07 -1000 18.17 1.52 757.574
car -1 -1 0.00 0.00 0.00 100.00 100.00 -1000 1.45 3.20 2.79 -1000 42.34 1.54 738.881
car -1 -1 0.00 0.00 0.00 100.00 100.00 -1000 1.51 3.52 -7.34 -1000 31.74 1.54 738.295
car -1 -1 0.00 0.00 0.00 100.00 100.00 -1000 1.54 3.25 7.20 -1000 29.59 1.66 730.233
car -1 -1 0.00 0.00 0.00 100.00 100.00 -1000 1.93 4.75 14.28 -1000 18.50 1.61 729.331
car -1 -1 0.00 0.00 0.00 100.00 100.00 -1000 1.53 3.05 10.93 -1000 15.05 -0.13 723.030
car -1 -1 0.00 0.00 0.00 100.00 100.00 -1000 1.50 3.16 -18.02 -1000 33.93 1.58 721.187
car -1 -1 0.00 0.00 0.00 100.00 100.00 -1000 1.50 3.16 3.93 -1000 42.05 1.63 719.845
car -1 -1 0.00 0.00 0.00 100.00 100.00 -1000 1.52 3.18 3.36 -1000 29.42 1.56 710.641
car -1 -1 0.00 0.00 0.00 100.00 100.00 -1000 1.73 3.83 -6.55 -1000 40.54 -0.37 707.403
car -1 -1 0.00 0.00 0.00 100.00 100.00 -1000 1.33 3.42 -1.04 -1000 34.09 -0.26 705.049
car -1 -1 0.00 0.00 0.00 100.00 100.00 -1000 1.44 3.12 5.11 -1000 42.23 1.58 704.866
car -1 -1 0.00 0.00 0.00 100.00 100.00 -1000 1.59 3.87 -8.40 -1000 21.25 1.54 700.992
car -1 -1 0.00 0.00 0.00 100.00 100.00 -1000 1.63 3.43 9.48 -1000 28.46 1.60 690.923
car -1 -1 0.00 0.00 0.00 100.00 100.00 -1000 1.33 2.56 0.45 -1000 40.41 1.51 689.527
car -1 -1 0.00 0.00 0.00 100.00 100.00 -1000 2.47 7.90 8.18 -1000 32.36 1.48 683.833
car -1 -1 0.00 0.00 0.00 100.00 100.00 -1000 1.52 3.32 1.91 -1000 9.40 1.74 676.776
car -1 -1 0.00 0.00 0.00 100.00 100.00 -1000 1.71 3.67 -7.02 -1000 39.71 1.60 672.556
car -1 -1 0.00 0.00 0.00 100.00 100.00 -1000 1.52 4.45 10.16 -1000 31.37 -0.05 672.001
car -1 -1 0.00 0.00 0.00 100.00 100.00 -1000 1.73 4.48 3.50 -1000 31.54 1.52 671.084
car -1 -1 0.00 0.00 0.00 100.00 100.00 -1000 1.68 4.53 2.12 -1000 38.12 1.51 668.018
car -1 -1 0.00 0.00 0.00 100.00 100.00 -1000 2.26 6.04 0.81 -1000 37.57 1.53 662.286
car -1 -1 0.00 0.00 0.00 100.00 100.00 -1000 1.88 4.81 13.69 -1000 30.53 1.66 661.640
car -1 -1 0.00 0.00 0.00 100.00 100.00 -1000 1.48 3.29 -15.48 -1000 34.01 1.63 648.153
car -1 -1 0.00 0.00 0.00 100.00 100.00 -1000 1.57 3.48 -16.59 -1000 27.81 1.58 639.670
car -1 -1 0.00 0.00 0.00 100.00 100.00 -1000 1.38 2.89 -17.89 -1000 26.69 1.55 636.882
car -1 -1 0.00 0.00 0.00 100.00 100.00 -1000 1.60 3.79 0.88 -1000 10.33 1.69 635.641
car -1 -1 0.00 0.00 0.00 100.00 100.00 -1000 1.63 3.22 -15.19 -1000 25.27 1.55 633.990
car -1 -1 0.00 0.00 0.00 100.00 100.00 -1000 1.43 3.30 4.63 -1000 41.53 -0.16 632.770
car -1 -1 0.00 0.00 0.00 100.00 100.00 -1000 1.44 3.03 -1.97 -1000 19.90 1.55 630.404
car -1 -1 0.00 0.00 0.00 100.00 100.00 -1000 1.60 3.84 10.99 -1000 47.40 1.49 624.403
car -1 -1 0.00 0.00 0.00 100.00 100.00 -1000 1.32 2.99 -1.59 -1000 23.73 -0.09 610.072
car -1 -1 0.00 0.00 0.00 100.00 100.00 -1000 2.20 7.23 -1.56 -1000 11.65 1.55 610.030
car -1 -1 0.00 0.00 0.00 100.00 100.00 -1000 1.73 4.85 1.06 -1000 36.70 1.58 609.016
car -1 -1 0.00 0.00 0.00 100.00 100.00 -1000 1.46 3.40 -8.30 -1000 20.26 1.58 607.332
car -1 -1 0.00 0.00 0.00 100.00 100.00 -1000 1.56 2.88 -1.32 -1000 35.02 0.08 606.778
car -1 -1 0.00 0.00 0.00 100.00 100.00 -1000 1.52 3.65 3.55 -1000 3.99 -0.21 605.582
car -1 -1 0.00 0.00 0.00 100.00 100.00 -1000 1.52 3.22 -16.20 -1000 33.23 -0.12 605.021
car -1 -1 0.00 0.00 0.00 100.00 100.00 -1000 2.06 5.72 12.41 -1000 31.40 1.54 604.368
car -1 -1 0.00 0.00 0.00 100.00 100.00 -1000 1.44 3.34 4.15 -1000 8.09 -0.26 602.644
car -1 -1 0.00 0.00 0.00 100.00 100.00 -1000 1.49 3.28 3.31 -1000 35.04 1.58 600.399
car -1 -1 0.00 0.00 0.00 100.00 100.00 -1000 2.06 6.28 12.71 -1000 32.56 1.51 599.252
car -1 -1 0.00 0.00 0.00 100.00 100.00 -1000 1.28 2.57 -7.63 -1000 31.12 1.51 597.410
car -1 -1 0.00 0.00 0.00 100.00 100.00 -1000 1.57 3.62 0.01 -1000 25.51 1.68 597.099
car -1 -1 0.00 0.00 0.00 100.00 100.00 -1000 1.38 2.87 -16.98 -1000 27.14 1.52 592.801
car -1 -1 0.00 0.00 0.00 100.00 100.00 -1000 1.41 3.51 -4.37 -1000 9.34 1.51 587.807
car -1 -1 0.00 0.00 0.00 100.00 100.00 -1000 1.44 2.75 -16.07 -1000 24.71 1.51 585.143
car -1 -1 0.00 0.00 0.00 100.00 100.00 -1000 1.65 4.07 10.04 -1000 41.87 1.47 584.088
car -1 -1 0.00 0.00 0.00 100.00 100.00 -1000 1.74 4.59 9.30 -1000 34.66 1.53 582.242
car -1 -1 0.00 0.00 0.00 100.00 100.00 -1000 1.44 3.14 1.27 -1000 34.19 -0.16 580.771
car -1 -1 0.00 0.00 0.00 100.00 100.00 -1000 1.54 2.78 -0.75 -1000 10.32 -0.37 580.267
car -1 -1 0.00 0.00 0.00 100.00 100.00 -1000 1.56 4.09 7.55 -1000 27.53 1.59 573.521
car -1 -1 0.00 0.00 0.00 100.00 100.00 -1000 1.49 2.90 10.32 -1000 27.53 1.49 570.405
car -1 -1 0.00 0.00 0.00 100.00 100.00 -1000 1.58 3.71 -15.78 -1000 28.33 1.61 570.285
car -1 -1 0.00 0.00 0.00 100.00 100.00 -1000 1.64 4.47 3.85 -1000 30.67 1.51 569.710
car -1 -1 0.00 0.00 0.00 100.00 100.00 -1000 1.86 3.30 -2.84 -1000 8.17 1.68 564.680
car -1 -1 0.00 0.00 0.00 100.00 100.00 -1000 1.26 3.84 2.78 -1000 7.93 -0.33 559.861
car -1 -1 0.00 0.00 0.00 100.00 100.00 -1000 1.60 3.46 -1.73 -1000 20.68 1.59 555.479
car -1 -1 0.00 0.00 0.00 100.00 100.00 -1000 1.96 5.58 -4.48 -1000 12.90 1.55 549.792
car -1 -1 0.00 0.00 0.00 100.00 100.00 -1000 2.11 5.05 0.79 -1000 43.47 1.60 549.298
car -1 -1 0.00 0.00 0.00 100.00 100.00 -1000 2.21 5.57 3.57 -1000 12.05 1.57 548.198
car -1 -1 0.00 0.00 0.00 100.00 100.00 -1000 2.63 7.35 7.89 -1000 20.39 1.39 547.881
car -1 -1 0.00 0.00 0.00 100.00 100.00 -1000 1.74 4.34 11.71 -1000 38.82 1.63 546.714
car -1 -1 0.00 0.00 0.00 100.00 100.00 -1000 1.58 3.37 3.45 -1000 38.36 1.58 546.322
car -1 -1 0.00 0.00 0.00 100.00 100.00 -1000 1.53 3.33 -2.06 -1000 18.97 1.55 546.193
car -1 -1 0.00 0.00 0.00 100.00 100.00 -1000 1.68 4.15 -13.44 -1000 46.81 1.63 546.134
car -1 -1 0.00 0.00 0.00 100.00 100.00 -1000 1.77 4.77 2.19 -1000 43.01 1.55 542.735
car -1 -1 0.00 0.00 0.00 100.00 100.00 -1000 1.58 3.57 7.59 -1000 15.87 1.51 542.528
car -1 -1 0.00 0.00 0.00 100.00 100.00 -1000 1.63 3.95 -4.58 -1000 41.96 1.65 540.851
car -1 -1 0.00 0.00 0.00 100.00 100.00 -1000 1.73 3.88 8.04 -1000 28.80 1.60 536.037
car -1 -1 0.00 0.00 0.00 100.00 100.00 -1000 2.24 6.37 3.06 -1000 6.75 1.52 534.961
car -1 -1 0.00 0.00 0.00 100.00 100.00 -1000 2.17 6.38 11.44 -1000 33.28 1.48 529.289
car -1 -1 0.00 0.00 0.00 100.00 100.00 -1000 1.71 3.90 6.96 -1000 28.27 1.54 529.142
car -1 -1 0.00 0.00 0.00 100.00 100.00 -1000 1.83 4.78 2.29 -1000 35.83 1.55 521.684
car -1 -1 0.00 0.00 0.00 100.00 100.00 -1000 2.22 5.52 13.50 -1000 19.27 1.66 520.622
car -1 -1 0.00 0.00 0.00 100.00 100.00 -1000 1.44 3.17 12.35 -1000 37.64 1.66 515.631
car -1 -1 0.00 0.00 0.00 100.00 100.00 -1000 2.61 5.44 10.13 -1000 20.16 1.47 515.281
car -1 -1 0.00 0.00 0.00 100.00 100.00 -1000 1.49 2.86 -13.30 -1000 46.06 -0.06 509.649
car -1 -1 0.00 0.00 0.00 100.00 100.00 -1000 1.64 3.86 10.10 -1000 35.50 1.56 506.950
car -1 -1 0.00 0.00 0.00 100.00 100.00 -1000 1.63 3.24 5.25 -1000 28.76 1.61 503.304
car -1 -1 0.00 0.00 0.00 100.00 100.00 -1000 1.54 2.80 -19.01 -1000 25.07 -0.29 502.781
car -1 -1 0.00 0.00 0.00 100.00 100.00 -1000 3.41 10.87 2.82 -1000 4.67 0.97 502.596
car -1 -1 0.00 0.00 0.00 100.00 100.00 -1000 1.62 3.43 12.91 -1000 28.41 1.62 500.178
car -1 -1 0.00 0.00 0.00 100.00 100.00 -1000 1.54 3.61 -17.85 -1000 25.86 1.59 493.724
car -1 -1 0.00 0.00 0.00 100.00 100.00 -1000 1.50 4.45 0.69 -1000 26.63 1.64 490.455
car -1 -1 0.00 0.00 0.00 100.00 100.00 -1000 1.55 3.23 -18.31 -1000 33.19 -0.14 488.736
car -1 -1 0.00 0.00 0.00 100.00 100.00 -1000 1.77 4.02 12.43 -1000 27.56 1.57 485.673
car -1 -1 0.00 0.00 0.00 100.00 100.00 -1000 1.49 3.86 0.74 -1000 8.44 1.79 485.262
car -1 -1 0.00 0.00 0.00 100.00 100.00 -1000 1.57 3.88 10.43 -1000 36.29 1.58 485.062
car -1 -1 0.00 0.00 0.00 100.00 100.00 -1000 1.80 4.72 -6.01 -1000 42.24 1.60 484.263
car -1 -1 0.00 0.00 0.00 100.00 100.00 -1000 1.67 4.14 14.92 -1000 17.04 1.64 484.009
car -1 -1 0.00 0.00 0.00 100.00 100.00 -1000 1.34 2.62 -7.23 -1000 30.51 -0.30 473.257
car -1 -1 0.00 0.00 0.00 100.00 100.00 -1000 2.19 6.14 0.80 -1000 10.90 1.54 468.381
car -1 -1 0.00 0.00 0.00 100.00 100.00 -1000 1.98 5.17 5.32 -1000 10.43 1.66 467.784
car -1 -1 0.00 0.00 0.00 100.00 100.00 -1000 2.09 6.36 3.60 -1000 32.54 1.43 462.802
car -1 -1 0.00 0.00 0.00 100.00 100.00 -1000 1.43 3.21 10.88 -1000 46.46 -0.26 459.993
car -1 -1 0.00 0.00 0.00 100.00 100.00 -1000 1.51 3.79 4.93 -1000 38.61 1.56 458.779
car -1 -1 0.00 0.00 0.00 100.00 100.00 -1000 1.29 3.90 -20.23 -1000 24.49 1.47 458.139
car -1 -1 0.00 0.00 0.00 100.00 100.00 -1000 1.94 4.39 0.76 -1000 38.49 1.57 445.449
car -1 -1 0.00 0.00 0.00 100.00 100.00 -1000 1.65 3.89 -12.00 -1000 36.82 1.54 440.906
car -1 -1 0.00 0.00 0.00 100.00 100.00 -1000 1.58 3.50 2.42 -1000 29.02 1.63 440.763
car -1 -1 0.00 0.00 0.00 100.00 100.00 -1000 2.04 7.42 -0.74 -1000 27.45 1.54 434.287
car -1 -1 0.00 0.00 0.00 100.00 100.00 -1000 1.66 4.15 15.20 -1000 29.90 1.63 431.632
car -1 -1 0.00 0.00 0.00 100.00 100.00 -1000 2.05 5.54 -5.22 -1000 14.03 1.47 429.352
car -1 -1 0.00 0.00 0.00 100.00 100.00 -1000 1.61 3.74 -17.25 -1000 25.14 1.61 422.451
car -1 -1 0.00 0.00 0.00 100.00 100.00 -1000 1.43 2.87 -8.14 -1000 30.18 1.64 422.359
car -1 -1 0.00 0.00 0.00 100.00 100.00 -1000 1.87 4.31 -4.61 -1000 11.56 1.59 420.648
car -1 -1 0.00 0.00 0.00 100.00 100.00 -1000 1.33 2.88 2.34 -1000 33.89 -0.29 419.206
car -1 -1 0.00 0.00 0.00 100.00 100.00 -1000 1.34 2.90 -14.68 -1000 46.13 1.50 415.483
car -1 -1 0.00 0.00 0.00 100.00 100.00 -1000 1.50 2.99 11.80 -1000 14.60 1.63 406.319
car -1 -1 0.00 0.00 0.00 100.00 100.00 -1000 2.27 6.90 14.64 -1000 31.79 1.50 405.700
car -1 -1 0.00 0.00 0.00 100.00 100.00 -1000 1.46 3.13 18.31 -1000 28.39 0.06 405.668
car -1 -1 0.00 0.00 0.00 100.00 100.00 -1000 1.90 5.38 15.34 -1000 31.00 1.56 397.659
car -1 -1 0.00 0.00 0.00 100.00 100.00 -1000 1.77 4.39 -0.63 -1000 40.79 1.62 394.660
car -1 -1 0.00 0.00 0.00 100.00 100.00 -1000 1.55 3.84 5.75 -1000 9.39 1.64 392.511
car -1 -1 0.00 0.00 0.00 100.00 100.00 -1000 1.61 3.69 1.76 -1000 40.50 1.66 387.494
car -1 -1 0.00 0.00 0.00 100.00 100.00 -1000 1.66 4.05 16.26 -1000 29.15 1.61 386.444
car -1 -1 0.00 0.00 0.00 100.00 100.00 -1000 1.45 3.29 -12.93 -1000 41.73 1.53 386.208
car -1 -1 0.00 0.00 0.00 100.00 100.00 -1000 1.69 3.87 2.85 -1000 37.15 1.59 385.810
car -1 -1 0.00 0.00 0.00 100.00 100.00 -1000 1.49 2.87 4.03 -1000 28.90 1.46 385.202
car -1 -1 0.00 0.00 0.00 100.00 100.00 -1000 1.65 4.34 1.12 -1000 28.61 1.58 383.505
car -1 -1 0.00 0.00 0.00 100.00 100.00 -1000 1.73 4.00 4.38 -1000 28.25 1.33 382.140
car -1 -1 0.00 0.00 0.00 100.00 100.00 -1000 1.56 3.40 -16.27 -1000 26.56 1.53 381.239
car -1 -1 0.00 0.00 0.00 100.00 100.00 -1000 1.71 4.51 -17.85 -1000 34.74 1.51 377.234
car -1 -1 0.00 0.00 0.00 100.00 100.00 -1000 1.84 5.19 -0.98 -1000 36.61 1.57 375.688
car -1 -1 0.00 0.00 0.00 100.00 100.00 -1000 1.65 4.59 -15.07 -1000 34.63 1.59 369.861
car -1 -1 0.00 0.00 0.00 100.00 100.00 -1000 1.78 4.20 15.35 -1000 16.23 1.59 367.749
car -1 -1 0.00 0.00 0.00 100.00 100.00 -1000 1.48 3.01 5.77 -1000 41.27 -0.24 367.472
car -1 -1 0.00 0.00 0.00 100.00 100.00 -1000 1.58 3.95 -2.56 -1000 24.32 1.54 365.021
car -1 -1 0.00 0.00 0.00 100.00 100.00 -1000 1.85 4.45 9.87 -1000 38.66 1.48 363.401
car -1 -1 0.00 0.00 0.00 100.00 100.00 -1000 1.52 3.53 -16.35 -1000 32.29 1.45 362.405
car -1 -1 0.00 0.00 0.00 100.00 100.00 -1000 1.63 3.88 -7.77 -1000 40.87 1.59 362.219
car -1 -1 0.00 0.00 0.00 100.00 100.00 -1000 1.83 4.37 11.43 -1000 35.15 1.61 361.203
car -1 -1 0.00 0.00 0.00 100.00 100.00 -1000 2.14 7.45 5.40 -1000 11.60 1.45 359.221
car -1 -1 0.00 0.00 0.00 100.00 100.00 -1000 1.66 4.46 12.99 -1000 38.28 1.63 357.545
car -1 -1 0.00 0.00 0.00 100.00 100.00 -1000 1.81 4.09 13.69 -1000 15.04 1.57 357.146
car -1 -1 0.00 0.00 0.00 100.00 100.00 -1000 1.70 4.31 15.60 -1000 18.15 1.65 356.289
car -1 -1 0.00 0.00 0.00 100.00 100.00 -1000 2.70 11.42 -1.30 -1000 12.85 1.36 350.625
car -1 -1 0.00 0.00 0.00 100.00 100.00 -1000 1.73 3.73 -14.66 -1000 47.26 1.66 347.596
car -1 -1 0.00 0.00 0.00 100.00 100.00 -1000 1.77 4.21 14.56 -1000 28.81 1.60 346.712
car -1 -1 0.00 0.00 0.00 100.00 100.00 -1000 1.71 3.94 14.26 -1000 27.96 1.56 345.875
car -1 -1 0.00 0.00 0.00 100.00 100.00 -1000 1.62 3.94 -3.76 -1000 41.22 1.64 345.107
car -1 -1 0.00 0.00 0.00 100.00 100.00 -1000 2.27 7.50 5.12 -1000 33.36 1.51 343.311
car -1 -1 0.00 0.00 0.00 100.00 100.00 -1000 1.62 4.11 4.97 -1000 35.05 1.60 340.086
car -1 -1 0.00 0.00 0.00 100.00 100.00 -1000 1.65 4.04 16.90 -1000 27.59 1.53 337.944
car -1 -1 0.00 0.00 0.00 100.00 100.00 -1000 1.78 4.26 4.35 -1000 34.37 1.66 337.817
car -1 -1 0.00 0.00 0.00 100.00 100.00 -1000 1.68 3.68 1.76 -1000 7.43 1.63 335.844
car -1 -1 0.00 0.00 0.00 100.00 100.00 -1000 1.88 4.56 -16.36 -1000 25.70 1.39 334.075
car -1 -1 0.00 0.00 0.00 100.00 100.00 -1000 1.75 4.98 4.47 -1000 43.06 1.59 333.700
car -1 -1 0.00 0.00 0.00 100.00 100.00 -1000 1.45 3.06 -17.20 -1000 32.85 1.57 330.243
car -1 -1 0.00 0.00 0.00 100.00 100.00 -1000 1.64 4.33 3.58 -1000 40.82 1.50 327.232
car -1 -1 0.00 0.00 0.00 100.00 100.00 -1000 1.61 3.99 -18.28 -1000 24.25 1.58 326.176
car -1 -1 0.00 0.00 0.00 100.00 100.00 -1000 1.85 4.25 11.45 -1000 26.72 1.61 324.302
car -1 -1 0.00 0.00 0.00 100.00 100.00 -1000 2.07 4.91 -1.72 -1000 21.54 1.53 322.374
car -1 -1 0.00 0.00 0.00 100.00 100.00 -1000 1.86 4.52 -15.08 -1000 26.10 1.44 322.024
car -1 -1 0.00 0.00 0.00 100.00 100.00 -1000 1.71 4.22 -5.59 -1000 39.43 1.55 319.958
car -1 -1 0.00 0.00 0.00 100.00 100.00 -1000 1.64 4.07 5.15 -1000 40.41 1.51 313.339
car -1 -1 0.00 0.00 0.00 100.00 100.00 -1000 1.52 3.61 -9.16 -1000 20.70 1.48 310.216
car -1 -1 0.00 0.00 0.00 100.00 100.00 -1000 1.50 3.37 -0.69 -1000 24.15 -0.36 310.118
car -1 -1 0.00 0.00 0.00 100.00 100.00 -1000 1.65 3.75 0.20 -1000 39.59 1.50 308.320
car -1 -1 0.00 0.00 0.00 100.00 100.00 -1000 1.81 4.20 7.14 -1000 16.68 1.57 307.801
car -1 -1 0.00 0.00 0.00 100.00 100.00 -1000 1.63 3.78 15.93 -1000 28.31 1.61 307.657
car -1 -1 0.00 0.00 0.00 100.00 100.00 -1000 1.61 3.82 8.53 -1000 14.67 1.45 305.559
car -1 -1 0.00 0.00 0.00 100.00 100.00 -1000 1.71 4.97 7.00 -1000 18.66 1.50 304.102
car -1 -1 0.00 0.00 0.00 100.00 100.00 -1000 1.34 3.46 -4.05 -1000 8.21 1.57 303.985
car -1 -1 0.00 0.00 0.00 100.00 100.00 -1000 1.76 4.72 4.03 -1000 39.12 1.58 301.144
car -1 -1 0.00 0.00 0.00 100.00 100.00 -1000 1.75 4.68 3.47 -1000 36.34 1.52 299.642
car -1 -1 0.00 0.00 0.00 100.00 100.00 -1000 1.66 4.61 -7.42 -1000 29.20 1.48 299.589
car -1 -1 0.00 0.00 0.00 100.00 100.00 -1000 1.51 3.48 -12.53 -1000 35.63 1.42 296.072
car -1 -1 0.00 0.00 0.00 100.00 100.00 -1000 1.21 2.65 10.56 -1000 41.13 -0.13 293.714
car -1 -1 0.00 0.00 0.00 100.00 100.00 -1000 1.70 3.95 -15.46 -1000 43.41 1.57 291.208
car -1 -1 0.00 0.00 0.00 100.00 100.00 -1000 1.68 4.03 1.71 -1000 25.78 1.59 290.405
car -1 -1 0.00 0.00 0.00 100.00 100.00 -1000 1.63 3.94 -13.92 -1000 36.35 1.60 289.735
car -1 -1 0.00 0.00 0.00 100.00 100.00 -1000 1.81 4.70 -1.15 -1000 42.05 1.55 288.400
car -1 -1 0.00 0.00 0.00 100.00 100.00 -1000 1.53 3.76 -17.95 -1000 32.33 1.46 287.672
car -1 -1 0.00 0.00 0.00 100.00 100.00 -1000 1.75 5.21 1.58 -1000 27.82 1.49 286.176
car -1 -1 0.00 0.00 0.00 100.00 100.00 -1000 1.52 3.48 -14.05 -1000 24.87 1.58 283.485
car -1 -1 0.00 0.00 0.00 100.00 100.00 -1000 1.68 3.70 -4.57 -1000 40.41 1.58 282.101
car -1 -1 0.00 0.00 0.00 100.00 100.00 -1000 2.06 5.55 10.40 -1000 43.29 1.55 277.515
car -1 -1 0.00 0.00 0.00 100.00 100.00 -1000 1.70 3.72 4.32 -1000 37.67 1.74 275.075
car -1 -1 0.00 0.00 0.00 100.00 100.00 -1000 1.64 3.79 -15.50 -1000 27.44 1.64 273.582
car -1 -1 0.00 0.00 0.00 100.00 100.00 -1000 1.61 5.28 2.05 -1000 26.98 1.61 269.352
car -1 -1 0.00 0.00 0.00 100.00 100.00 -1000 1.45 3.53 -14.48 -1000 41.62 1.49 266.187
car -1 -1 0.00 0.00 0.00 100.00 100.00 -1000 1.56 3.84 -13.96 -1000 45.18 1.47 264.397
car -1 -1 0.00 0.00 0.00 100.00 100.00 -1000 1.40 3.28 -13.35 -1000 20.74 1.46 260.954
car -1 -1 0.00 0.00 0.00 100.00 100.00 -1000 1.72 4.23 1.93 -1000 3.68 1.59 257.140
car -1 -1 0.00 0.00 0.00 100.00 100.00 -1000 1.79 4.31 0.02 -1000 33.51 1.65 256.841
car -1 -1 0.00 0.00 0.00 100.00 100.00 -1000 1.65 4.35 7.00 -1000 10.09 1.62 256.605
car -1 -1 0.00 0.00 0.00 100.00 100.00 -1000 2.09 5.28 -12.15 -1000 37.62 1.62 255.681
car -1 -1 0.00 0.00 0.00 100.00 100.00 -1000 1.89 4.78 1.71 -1000 32.15 1.45 255.145
car -1 -1 0.00 0.00 0.00 100.00 100.00 -1000 1.53 3.57 6.53 -1000 8.59 1.61 253.451
car -1 -1 0.00 0.00 0.00 100.00 100.00 -1000 1.91 4.46 -9.46 -1000 21.82 1.55 253.303
car -1 -1 0.00 0.00 0.00 100.00 100.00 -1000 1.96 5.91 13.76 -1000 33.40 1.54 251.673
car -1 -1 0.00 0.00 0.00 100.00 100.00 -1000 1.83 7.57 -6.24 -1000 38.74 1.10 248.526
car -1 -1 0.00 0.00 0.00 100.00 100.00 -1000 1.66 4.28 -3.14 -1000 25.82 1.69 248.513
car -1 -1 0.00 0.00 0.00 100.00 100.00 -1000 1.62 3.41 10.30 -1000 45.11 1.56 248.418
car -1 -1 0.00 0.00 0.00 100.00 100.00 -1000 1.57 3.93 6.63 -1000 17.73 1.69 248.317
car -1 -1 0.00 0.00 0.00 100.00 100.00 -1000 1.97 6.14 15.98 -1000 18.89 1.67 247.922
car -1 -1 0.00 0.00 0.00 100.00 100.00 -1000 1.62 4.84 0.19 -1000 9.16 1.76 246.803
car -1 -1 0.00 0.00 0.00 100.00 100.00 -1000 1.45 3.12 -16.74 -1000 23.97 1.57 243.295
car -1 -1 0.00 0.00 0.00 100.00 100.00 -1000 1.63 8.06 2.40 -1000 4.45 1.44 242.488
car -1 -1 0.00 0.00 0.00 100.00 100.00 -1000 1.69 4.28 -12.24 -1000 25.54 1.63 239.363
car -1 -1 0.00 0.00 0.00 100.00 100.00 -1000 1.67 4.47 7.43 -1000 9.29 1.64 236.423
car -1 -1 0.00 0.00 0.00 100.00 100.00 -1000 1.51 3.48 -11.89 -1000 21.01 1.52 236.343
car -1 -1 0.00 0.00 0.00 100.00 100.00 -1000 2.02 5.96 10.57 -1000 39.47 1.43 234.919
car -1 -1 0.00 0.00 0.00 100.00 100.00 -1000 1.64 4.30 -2.55 -1000 34.38 1.62 234.875
car -1 -1 0.00 0.00 0.00 100.00 100.00 -1000 1.88 5.21 11.14 -1000 34.27 1.66 234.094
car -1 -1 0.00 0.00 0.00 100.00 100.00 -1000 1.51 3.67 -8.50 -1000 19.44 1.38 233.762
car -1 -1 0.00 0.00 0.00 100.00 100.00 -1000 1.74 3.95 9.56 -1000 40.80 1.59 233.641
car -1 -1 0.00 0.00 0.00 100.00 100.00 -1000 1.71 4.12 15.77 -1000 15.42 1.57 231.276
car -1 -1 0.00 0.00 0.00 100.00 100.00 -1000 1.75 3.85 -2.05 -1000 22.63 1.54 230.932
car -1 -1 0.00 0.00 0.00 100.00 100.00 -1000 1.63 4.06 -14.77 -1000 32.28 1.49 230.308
car -1 -1 0.00 0.00 0.00 100.00 100.00 -1000 1.68 3.90 -6.17 -1000 29.82 1.55 229.701
car -1 -1 0.00 0.00 0.00 100.00 100.00 -1000 1.65 4.49 14.17 -1000 38.73 1.67 228.952
car -1 -1 0.00 0.00 0.00 100.00 100.00 -1000 1.75 5.18 -12.19 -1000 35.01 1.43 228.774
car -1 -1 0.00 0.00 0.00 100.00 100.00 -1000 1.69 4.20 13.58 -1000 27.06 1.61 227.712
car -1 -1 0.00 0.00 0.00 100.00 100.00 -1000 1.64 4.29 -14.61 -1000 28.73 1.61 227.388
car -1 -1 0.00 0.00 0.00 100.00 100.00 -1000 1.18 3.78 -3.62 -1000 10.97 0.20 227.179
car -1 -1 0.00 0.00 0.00 100.00 100.00 -1000 1.59 3.94 -7.37 -1000 20.70 1.62 224.686
car -1 -1 0.00 0.00 0.00 100.00 100.00 -1000 1.74 4.14 14.96 -1000 14.60 1.51 224.290
car -1 -1 0.00 0.00 0.00 100.00 100.00 -1000 1.65 4.41 -2.47 -1000 35.58 1.64 219.342
car -1 -1 0.00 0.00 0.00 100.00 100.00 -1000 1.88 4.85 2.33 -1000 31.08 1.57 218.894
car -1 -1 0.00 0.00 0.00 100.00 100.00 -1000 1.92 4.72 -13.73 -1000 26.54 1.58 215.685
car -1 -1 0.00 0.00 0.00 100.00 100.00 -1000 1.63 4.71 4.83 -1000 5.25 1.66 214.693
