car -1 -1 0.00 0.00 0.00 100.00 100.00 -1000 1.67 3.75 8.79 -1000 36.61 -0.14 997.073
car -1 -1 0.00 0.00 0.00 100.00 100.00 -1000 1.52 3.52 3.86 -1000 10.24 1.48 996.178
car -1 -1 0.00 0.00 0.00 100.00 100.00 -1000 1.55 3.00 9.05 -1000 37.35 1.59 995.175
car -1 -1 0.00 0.00 0.00 100.00 100.00 -1000 1.49 3.36 -8.50 -1000 12.55 1.46 992.037
car -1 -1 0.00 0.00 0.00 100.00 100.00 -1000 1.50 3.31 -4.85 -1000 12.04 1.50 991.516
car -1 -1 0.00 0.00 0.00 100.00 100.00 -1000 1.40 3.25 9.58 -1000 12.99 1.40 988.961
car -1 -1 0.00 0.00 0.00 100.00 100.00 -1000 1.54 3.05 -4.42 -1000 9.34 1.53 988.288
car -1 -1 0.00 0.00 0.00 100.00 100.00 -1000 1.72 4.24 4.02 -1000 9.23 -0.42 988.263
car -1 -1 0.00 0.00 0.00 100.00 100.00 -1000 1.51 3.18 -0.08 -1000 23.37 1.50 987.983
car -1 -1 0.00 0.00 0.00 100.00 100.00 -1000 1.49 3.39 9.22 -1000 14.42 1.32 985.425
car -1 -1 0.00 0.00 0.00 100.00 100.00 -1000 1.57 3.78 0.12 -1000 22.28 -0.23 983.149
car -1 -1 0.00 0.00 0.00 100.00 100.00 -1000 1.59 3.73 -8.23 -1000 11.28 -0.27 980.244
car -1 -1 0.00 0.00 0.00 100.00 100.00 -1000 1.66 3.64 3.75 -1000 11.08 1.53 977.660
car -1 -1 0.00 0.00 0.00 100.00 100.00 -1000 1.50 3.15 9.16 -1000 46.33 1.56 975.222
car -1 -1 0.00 0.00 0.00 100.00 100.00 -1000 1.50 3.05 10.32 -1000 37.56 1.59 974.521
car -1 -1 0.00 0.00 0.00 100.00 100.00 -1000 1.58 3.92 -5.14 -1000 11.29 -0.34 974.014
car -1 -1 0.00 0.00 0.00 100.00 100.00 -1000 1.38 3.02 -3.57 -1000 8.68 1.62 972.819
car -1 -1 0.00 0.00 0.00 100.00 100.00 -1000 1.44 3.44 9.97 -1000 36.88 -0.18 972.542
car -1 -1 0.00 0.00 0.00 100.00 100.00 -1000 1.47 3.22 3.74 -1000 24.94 1.56 969.385
car -1 -1 0.00 0.00 0.00 100.00 100.00 -1000 1.58 3.60 9.27 -1000 45.26 -0.15 968.898
car -1 -1 0.00 0.00 0.00 100.00 100.00 -1000 1.67 4.06 -4.92 -1000 13.07 1.54 963.290
car -1 -1 0.00 0.00 0.00 100.00 100.00 -1000 1.65 3.90 9.63 -1000 12.08 -0.31 962.059
car -1 -1 0.00 0.00 0.00 100.00 100.00 -1000 1.48 3.11 -7.29 -1000 12.10 1.64 960.744
car -1 -1 0.00 0.00 0.00 100.00 100.00 -1000 1.48 3.15 -6.42 -1000 11.70 1.57 958.070
car -1 -1 0.00 0.00 0.00 100.00 100.00 -1000 1.49 3.23 -6.32 -1000 10.89 1.57 955.857
car -1 -1 0.00 0.00 0.00 100.00 100.00 -1000 2.00 5.33 -4.38 -1000 14.88 1.35 951.658
car -1 -1 0.00 0.00 0.00 100.00 100.00 -1000 1.72 4.17 9.06 -1000 15.37 1.41 949.725
car -1 -1 0.00 0.00 0.00 100.00 100.00 -1000 1.55 3.35 7.85 -1000 37.61 1.45 947.984
car -1 -1 0.00 0.00 0.00 100.00 100.00 -1000 1.49 3.22 -6.41 -1000 12.53 1.56 946.007
car -1 -1 0.00 0.00 0.00 100.00 100.00 -1000 1.50 3.11 -1.31 -1000 23.13 1.54 943.103
car -1 -1 0.00 0.00 0.00 100.00 100.00 -1000 1.86 4.49 -8.05 -1000 13.55 1.56 942.184
car -1 -1 0.00 0.00 0.00 100.00 100.00 -1000 1.51 3.10 -5.21 -1000 9.98 1.59 934.380
car -1 -1 0.00 0.00 0.00 100.00 100.00 -1000 1.42 2.86 -3.81 -1000 23.03 1.57 933.601
car -1 -1 0.00 0.00 0.00 100.00 100.00 -1000 1.66 3.66 3.30 -1000 23.94 -0.27 926.318
car -1 -1 0.00 0.00 0.00 100.00 100.00 -1000 1.49 3.07 -3.98 -1000 22.09 -0.15 925.054
car -1 -1 0.00 0.00 0.00 100.00 100.00 -1000 2.03 5.14 3.61 -1000 11.90 1.59 923.277
car -1 -1 0.00 0.00 0.00 100.00 100.00 -1000 1.52 3.40 12.50 -1000 23.29 1.56 921.376
car -1 -1 0.00 0.00 0.00 100.00 100.00 -1000 1.70 4.21 -0.56 -1000 24.04 1.53 917.050
car -1 -1 0.00 0.00 0.00 100.00 100.00 -1000 1.49 3.09 -2.30 -1000 36.38 1.61 916.000
car -1 -1 0.00 0.00 0.00 100.00 100.00 -1000 1.57 3.36 10.14 -1000 13.68 1.71 901.980
car -1 -1 0.00 0.00 0.00 100.00 100.00 -1000 1.48 3.43 -2.83 -1000 46.41 -0.21 896.442
car -1 -1 0.00 0.00 0.00 100.00 100.00 -1000 1.48 3.41 9.96 -1000 44.62 -0.19 895.682
car -1 -1 0.00 0.00 0.00 100.00 100.00 -1000 1.49 3.23 16.71 -1000 23.31 1.57 895.669
car -1 -1 0.00 0.00 0.00 100.00 100.00 -1000 2.07 5.66 -4.56 -1000 13.89 1.52 891.903
car -1 -1 0.00 0.00 0.00 100.00 100.00 -1000 1.53 3.17 4.95 -1000 9.89 1.73 882.556
car -1 -1 0.00 0.00 0.00 100.00 100.00 -1000 1.61 3.86 8.67 -1000 47.08 1.48 879.978
car -1 -1 0.00 0.00 0.00 100.00 100.00 -1000 1.46 3.30 15.25 -1000 23.29 1.55 878.428
car -1 -1 0.00 0.00 0.00 100.00 100.00 -1000 1.52 3.10 -6.67 -1000 10.17 1.56 874.647
car -1 -1 0.00 0.00 0.00 100.00 100.00 -1000 2.28 5.76 -0.32 -1000 24.87 1.54 870.331
car -1 -1 0.00 0.00 0.00 100.00 100.00 -1000 1.60 3.64 -3.11 -1000 23.63 1.58 865.297
car -1 -1 0.00 0.00 0.00 100.00 100.00 -1000 1.58 3.40 -2.35 -1000 22.81 1.67 860.920
car -1 -1 0.00 0.00 0.00 100.00 100.00 -1000 2.23 5.67 2.77 -1000 25.24 1.36 860.347
car -1 -1 0.00 0.00 0.00 100.00 100.00 -1000 1.50 3.11 -2.66 -1000 47.19 1.65 859.681
car -1 -1 0.00 0.00 0.00 100.00 100.00 -1000 1.14 2.33 -4.15 -1000 8.21 -0.11 855.016
car -1 -1 0.00 0.00 0.00 100.00 100.00 -1000 1.60 3.42 -9.10 -1000 11.77 1.52 854.795
car -1 -1 0.00 0.00 0.00 100.00 100.00 -1000 1.61 4.02 -1.25 -1000 36.89 1.59 851.071
car -1 -1 0.00 0.00 0.00 100.00 100.00 -1000 2.04 5.73 -8.06 -1000 15.69 1.54 848.506
car -1 -1 0.00 0.00 0.00 100.00 100.00 -1000 1.55 3.07 -3.39 -1000 36.66 1.50 845.164
car -1 -1 0.00 0.00 0.00 100.00 100.00 -1000 1.51 3.20 -0.37 -1000 36.06 1.58 844.953
car -1 -1 0.00 0.00 0.00 100.00 100.00 -1000 2.43 8.00 9.94 -1000 38.45 1.54 843.026
car -1 -1 0.00 0.00 0.00 100.00 100.00 -1000 1.97 4.90 -8.62 -1000 14.31 1.55 842.897
car -1 -1 0.00 0.00 0.00 100.00 100.00 -1000 1.51 4.50 9.48 -1000 17.25 1.48 839.279
car -1 -1 0.00 0.00 0.00 100.00 100.00 -1000 1.42 3.13 7.55 -1000 36.89 1.48 839.004
car -1 -1 0.00 0.00 0.00 100.00 100.00 -1000 1.48 3.12 8.36 -1000 45.70 1.47 836.089
car -1 -1 0.00 0.00 0.00 100.00 100.00 -1000 1.51 3.49 1.36 -1000 23.78 1.61 834.410
car -1 -1 0.00 0.00 0.00 100.00 100.00 -1000 1.57 3.50 -2.88 -1000 35.53 -0.32 834.138
car -1 -1 0.00 0.00 0.00 100.00 100.00 -1000 1.59 3.45 -5.92 -1000 9.41 1.59 827.533
car -1 -1 0.00 0.00 0.00 100.00 100.00 -1000 1.52 3.17 17.11 -1000 22.18 -0.10 825.947
car -1 -1 0.00 0.00 0.00 100.00 100.00 -1000 1.74 4.28 3.11 -1000 27.02 1.56 822.931
car -1 -1 0.00 0.00 0.00 100.00 100.00 -1000 1.57 3.25 13.78 -1000 23.08 1.58 822.225
car -1 -1 0.00 0.00 0.00 100.00 100.00 -1000 1.45 2.99 6.58 -1000 35.47 1.56 820.269
car -1 -1 0.00 0.00 0.00 100.00 100.00 -1000 1.53 3.42 10.57 -1000 45.70 1.66 817.831
car -1 -1 0.00 0.00 0.00 100.00 100.00 -1000 1.55 3.49 2.56 -1000 37.88 1.53 814.879
car -1 -1 0.00 0.00 0.00 100.00 100.00 -1000 1.60 3.34 -7.80 -1000 10.47 -0.20 808.139
car -1 -1 0.00 0.00 0.00 100.00 100.00 -1000 1.61 3.73 4.10 -1000 25.63 1.56 807.688
car -1 -1 0.00 0.00 0.00 100.00 100.00 -1000 1.58 3.88 9.28 -1000 11.09 -0.42 807.146
car -1 -1 0.00 0.00 0.00 100.00 100.00 -1000 1.59 3.69 5.32 -1000 10.93 1.63 794.036
car -1 -1 0.00 0.00 0.00 100.00 100.00 -1000 1.59 3.92 11.05 -1000 38.20 1.60 786.413
car -1 -1 0.00 0.00 0.00 100.00 100.00 -1000 1.49 3.21 -5.41 -1000 8.73 1.47 777.623
car -1 -1 0.00 0.00 0.00 100.00 100.00 -1000 1.66 3.61 12.93 -1000 22.17 -0.13 770.600
car -1 -1 0.00 0.00 0.00 100.00 100.00 -1000 1.51 3.29 0.99 -1000 22.89 1.76 765.829
car -1 -1 0.00 0.00 0.00 100.00 100.00 -1000 1.56 3.23 15.67 -1000 22.21 -0.10 758.572
car -1 -1 0.00 0.00 0.00 100.00 100.00 -1000 1.72 3.99 4.91 -1000 24.29 -0.30 755.838
car -1 -1 0.00 0.00 0.00 100.00 100.00 -1000 2.32 6.14 3.80 -1000 12.83 1.63 743.495
car -1 -1 0.00 0.00 0.00 100.00 100.00 -1000 1.53 3.14 17.66 -1000 22.77 1.68 742.739
car -1 -1 0.00 0.00 0.00 100.00 100.00 -1000 1.78 4.42 -8.10 -1000 16.83 1.69 742.428
car -1 -1 0.00 0.00 0.00 100.00 100.00 -1000 1.56 3.88 17.90 -1000 23.63 1.61 738.143
car -1 -1 0.00 0.00 0.00 100.00 100.00 -1000 1.85 4.88 10.60 -1000 14.77 1.53 729.719
car -1 -1 0.00 0.00 0.00 100.00 100.00 -1000 1.64 3.94 1.72 -1000 37.12 1.55 722.992
car -1 -1 0.00 0.00 0.00 100.00 100.00 -1000 3.28 11.27 10.51 -1000 39.68 1.31 715.187
car -1 -1 0.00 0.00 0.00 100.00 100.00 -1000 1.44 3.57 -4.68 -1000 35.50 1.43 713.440
car -1 -1 0.00 0.00 0.00 100.00 100.00 -1000 1.54 3.40 -4.56 -1000 37.03 1.59 712.201
car -1 -1 0.00 0.00 0.00 100.00 100.00 -1000 1.60 3.61 0.62 -1000 36.68 1.60 703.224
car -1 -1 0.00 0.00 0.00 100.00 100.00 -1000 1.92 5.08 1.53 -1000 24.56 1.55 701.758
car -1 -1 0.00 0.00 0.00 100.00 100.00 -1000 2.00 4.34 12.40 -1000 24.11 1.61 694.540
car -1 -1 0.00 0.00 0.00 100.00 100.00 -1000 1.81 4.74 -4.08 -1000 15.90 1.42 687.131
car -1 -1 0.00 0.00 0.00 100.00 100.00 -1000 1.72 4.71 4.56 -1000 26.59 1.55 683.484
car -1 -1 0.00 0.00 0.00 100.00 100.00 -1000 1.66 3.23 -3.76 -1000 34.77 1.51 677.317
car -1 -1 0.00 0.00 0.00 100.00 100.00 -1000 1.43 3.11 3.22 -1000 6.93 1.39 675.314
car -1 -1 0.00 0.00 0.00 100.00 100.00 -1000 1.45 3.88 -3.23 -1000 28.96 1.59 673.072
car -1 -1 0.00 0.00 0.00 100.00 100.00 -1000 1.76 4.13 7.79 -1000 46.41 1.52 667.791
car -1 -1 0.00 0.00 0.00 100.00 100.00 -1000 1.94 5.46 -2.89 -1000 39.02 1.60 665.380
car -1 -1 0.00 0.00 0.00 100.00 100.00 -1000 1.94 5.25 3.09 -1000 26.23 1.62 662.579
car -1 -1 0.00 0.00 0.00 100.00 100.00 -1000 1.73 4.50 7.30 -1000 38.27 1.49 659.677
car -1 -1 0.00 0.00 0.00 100.00 100.00 -1000 1.70 3.96 6.99 -1000 45.33 1.57 649.969
car -1 -1 0.00 0.00 0.00 100.00 100.00 -1000 1.76 4.47 2.62 -1000 27.99 1.60 649.451
car -1 -1 0.00 0.00 0.00 100.00 100.00 -1000 1.41 3.18 -5.29 -1000 36.31 1.53 646.313
car -1 -1 0.00 0.00 0.00 100.00 100.00 -1000 1.58 3.42 -9.05 -1000 10.65 1.54 640.870
car -1 -1 0.00 0.00 0.00 100.00 100.00 -1000 2.36 6.78 0.90 -1000 25.61 1.58 640.583
car -1 -1 0.00 0.00 0.00 100.00 100.00 -1000 1.54 3.63 5.26 -1000 25.05 1.62 639.085
car -1 -1 0.00 0.00 0.00 100.00 100.00 -1000 1.98 5.20 -2.69 -1000 37.28 1.60 634.894
car -1 -1 0.00 0.00 0.00 100.00 100.00 -1000 2.00 5.37 -3.70 -1000 25.08 1.55 632.024
car -1 -1 0.00 0.00 0.00 100.00 100.00 -1000 1.74 4.29 10.41 -1000 46.59 1.68 631.521
car -1 -1 0.00 0.00 0.00 100.00 100.00 -1000 1.36 3.01 -1.55 -1000 22.32 -0.02 627.118
car -1 -1 0.00 0.00 0.00 100.00 100.00 -1000 1.64 3.32 7.94 -1000 44.85 1.44 625.601
car -1 -1 0.00 0.00 0.00 100.00 100.00 -1000 1.59 3.53 11.54 -1000 37.25 1.62 624.336
car -1 -1 0.00 0.00 0.00 100.00 100.00 -1000 1.71 3.78 3.54 -1000 4.97 0.17 622.657
car -1 -1 0.00 0.00 0.00 100.00 100.00 -1000 1.61 3.77 9.68 -1000 16.05 1.70 620.371
car -1 -1 0.00 0.00 0.00 100.00 100.00 -1000 2.64 7.49 -2.60 -1000 26.09 1.61 606.896
car -1 -1 0.00 0.00 0.00 100.00 100.00 -1000 1.65 4.18 11.25 -1000 14.09 1.60 604.788
car -1 -1 0.00 0.00 0.00 100.00 100.00 -1000 1.95 5.65 -8.26 -1000 17.63 1.63 601.936
car -1 -1 0.00 0.00 0.00 100.00 100.00 -1000 1.57 3.32 14.31 -1000 22.40 1.64 601.748
car -1 -1 0.00 0.00 0.00 100.00 100.00 -1000 1.87 3.78 10.35 -1000 18.11 1.78 600.737
car -1 -1 0.00 0.00 0.00 100.00 100.00 -1000 2.05 6.30 8.39 -1000 47.53 1.52 600.056
car -1 -1 0.00 0.00 0.00 100.00 100.00 -1000 1.64 3.81 -0.27 -1000 35.24 1.59 593.866
car -1 -1 0.00 0.00 0.00 100.00 100.00 -1000 1.53 3.17 -7.25 -1000 9.14 1.60 591.438
car -1 -1 0.00 0.00 0.00 100.00 100.00 -1000 1.67 3.51 3.26 -1000 8.31 1.56 591.370
car -1 -1 0.00 0.00 0.00 100.00 100.00 -1000 2.33 7.75 -4.86 -1000 9.75 1.43 591.206
car -1 -1 0.00 0.00 0.00 100.00 100.00 -1000 1.57 2.92 6.55 -1000 34.25 0.01 590.741
car -1 -1 0.00 0.00 0.00 100.00 100.00 -1000 2.20 4.68 7.69 -1000 35.79 1.51 580.199
car -1 -1 0.00 0.00 0.00 100.00 100.00 -1000 2.36 7.02 -7.05 -1000 14.89 1.45 577.827
car -1 -1 0.00 0.00 0.00 100.00 100.00 -1000 1.56 3.88 -3.24 -1000 29.85 1.46 569.276
car -1 -1 0.00 0.00 0.00 100.00 100.00 -1000 1.83 5.21 5.84 -1000 11.61 1.59 565.788
car -1 -1 0.00 0.00 0.00 100.00 100.00 -1000 1.70 3.67 5.45 -1000 44.92 1.55 563.509
car -1 -1 0.00 0.00 0.00 100.00 100.00 -1000 2.09 5.28 16.44 -1000 24.08 1.58 559.126
car -1 -1 0.00 0.00 0.00 100.00 100.00 -1000 1.69 3.97 2.53 -1000 23.25 1.41 555.000
car -1 -1 0.00 0.00 0.00 100.00 100.00 -1000 1.53 4.12 -3.45 -1000 11.68 1.62 552.899
car -1 -1 0.00 0.00 0.00 100.00 100.00 -1000 1.63 3.96 6.24 -1000 10.22 1.65 546.628
car -1 -1 0.00 0.00 0.00 100.00 100.00 -1000 1.74 4.85 4.31 -1000 38.28 1.61 535.334
car -1 -1 0.00 0.00 0.00 100.00 100.00 -1000 1.68 3.99 11.36 -1000 13.00 1.65 534.998
car -1 -1 0.00 0.00 0.00 100.00 100.00 -1000 1.50 3.83 2.35 -1000 9.71 1.51 532.849
car -1 -1 0.00 0.00 0.00 100.00 100.00 -1000 2.17 6.75 4.34 -1000 14.00 1.48 524.311
car -1 -1 0.00 0.00 0.00 100.00 100.00 -1000 1.69 4.29 6.72 -1000 36.35 1.55 523.569
car -1 -1 0.00 0.00 0.00 100.00 100.00 -1000 1.72 4.29 4.21 -1000 15.44 1.67 510.894
car -1 -1 0.00 0.00 0.00 100.00 100.00 -1000 2.07 5.05 1.99 -1000 10.67 1.44 506.980
car -1 -1 0.00 0.00 0.00 100.00 100.00 -1000 1.78 3.54 -3.34 -1000 45.56 1.52 506.696
car -1 -1 0.00 0.00 0.00 100.00 100.00 -1000 1.52 3.54 -5.12 -1000 7.69 1.54 503.849
car -1 -1 0.00 0.00 0.00 100.00 100.00 -1000 1.87 5.27 0.14 -1000 37.34 1.62 499.861
car -1 -1 0.00 0.00 0.00 100.00 100.00 -1000 1.62 3.76 2.65 -1000 33.75 1.51 497.331
car -1 -1 0.00 0.00 0.00 100.00 100.00 -1000 1.72 4.87 4.51 -1000 27.77 1.53 491.658
car -1 -1 0.00 0.00 0.00 100.00 100.00 -1000 1.30 2.92 3.35 -1000 5.89 1.49 489.406
car -1 -1 0.00 0.00 0.00 100.00 100.00 -1000 1.30 3.13 -18.31 -1000 46.04 1.48 488.863
car -1 -1 0.00 0.00 0.00 100.00 100.00 -1000 1.82 3.70 -0.32 -1000 21.52 1.50 485.780
car -1 -1 0.00 0.00 0.00 100.00 100.00 -1000 1.69 4.31 12.59 -1000 37.93 1.66 482.377
car -1 -1 0.00 0.00 0.00 100.00 100.00 -1000 1.59 4.04 -2.62 -1000 39.82 1.49 482.036
car -1 -1 0.00 0.00 0.00 100.00 100.00 -1000 2.01 5.62 -3.81 -1000 19.30 1.41 481.792
car -1 -1 0.00 0.00 0.00 100.00 100.00 -1000 1.66 3.65 1.32 -1000 35.59 1.64 481.510
car -1 -1 0.00 0.00 0.00 100.00 100.00 -1000 1.71 4.44 11.94 -1000 46.38 1.63 478.564
car -1 -1 0.00 0.00 0.00 100.00 100.00 -1000 1.65 3.90 5.90 -1000 34.86 1.57 471.918
car -1 -1 0.00 0.00 0.00 100.00 100.00 -1000 2.40 7.69 6.49 -1000 12.39 1.48 465.624
car -1 -1 0.00 0.00 0.00 100.00 100.00 -1000 1.59 3.94 2.21 -1000 36.39 1.45 462.195
car -1 -1 0.00 0.00 0.00 100.00 100.00 -1000 1.84 4.93 8.22 -1000 12.87 1.62 455.379
car -1 -1 0.00 0.00 0.00 100.00 100.00 -1000 2.23 6.54 9.77 -1000 18.58 1.53 455.131
car -1 -1 0.00 0.00 0.00 100.00 100.00 -1000 2.09 4.87 -3.67 -1000 38.02 1.40 454.349
car -1 -1 0.00 0.00 0.00 100.00 100.00 -1000 5.49 6.74 -3.78 -1000 3.45 0.25 449.781
car -1 -1 0.00 0.00 0.00 100.00 100.00 -1000 1.56 4.17 3.00 -1000 43.52 1.63 447.741
car -1 -1 0.00 0.00 0.00 100.00 100.00 -1000 1.40 2.93 -4.65 -1000 22.58 -0.08 442.440
car -1 -1 0.00 0.00 0.00 100.00 100.00 -1000 2.15 6.10 13.95 -1000 24.53 1.55 436.378
car -1 -1 0.00 0.00 0.00 100.00 100.00 -1000 1.72 3.46 9.08 -1000 43.94 1.63 432.372
car -1 -1 0.00 0.00 0.00 100.00 100.00 -1000 3.17 8.38 7.77 -1000 39.14 1.42 429.761
car -1 -1 0.00 0.00 0.00 100.00 100.00 -1000 1.99 5.31 6.04 -1000 25.73 1.44 425.517
car -1 -1 0.00 0.00 0.00 100.00 100.00 -1000 1.74 3.68 -3.91 -1000 33.91 1.55 425.208
car -1 -1 0.00 0.00 0.00 100.00 100.00 -1000 1.83 4.85 8.05 -1000 11.77 1.61 422.234
car -1 -1 0.00 0.00 0.00 100.00 100.00 -1000 1.65 3.73 11.01 -1000 36.48 1.61 416.024
car -1 -1 0.00 0.00 0.00 100.00 100.00 -1000 1.63 4.50 -18.36 -1000 44.73 1.50 402.168
car -1 -1 0.00 0.00 0.00 100.00 100.00 -1000 2.20 5.70 -4.13 -1000 10.75 1.48 401.467
car -1 -1 0.00 0.00 0.00 100.00 100.00 -1000 1.74 5.10 3.30 -1000 6.25 1.62 400.004
car -1 -1 0.00 0.00 0.00 100.00 100.00 -1000 1.93 5.15 3.68 -1000 7.63 1.54 399.994
car -1 -1 0.00 0.00 0.00 100.00 100.00 -1000 1.64 3.60 10.16 -1000 35.91 1.67 397.503
car -1 -1 0.00 0.00 0.00 100.00 100.00 -1000 1.63 3.93 -6.52 -1000 8.31 1.44 390.895
car -1 -1 0.00 0.00 0.00 100.00 100.00 -1000 1.95 5.39 -3.62 -1000 4.30 1.47 390.608
car -1 -1 0.00 0.00 0.00 100.00 100.00 -1000 1.84 3.82 -14.86 -1000 26.22 1.67 387.834
car -1 -1 0.00 0.00 0.00 100.00 100.00 -1000 1.52 3.59 -2.88 -1000 7.97 1.61 385.968
car -1 -1 0.00 0.00 0.00 100.00 100.00 -1000 1.74 4.45 7.39 -1000 10.92 1.62 382.508
car -1 -1 0.00 0.00 0.00 100.00 100.00 -1000 2.04 4.54 -3.49 -1000 18.09 1.69 381.669
car -1 -1 0.00 0.00 0.00 100.00 100.00 -1000 1.83 5.02 10.75 -1000 16.53 1.62 381.001
car -1 -1 0.00 0.00 0.00 100.00 100.00 -1000 2.08 5.89 8.25 -1000 14.07 1.58 373.814
car -1 -1 0.00 0.00 0.00 100.00 100.00 -1000 1.97 5.07 11.72 -1000 15.30 1.58 372.821
car -1 -1 0.00 0.00 0.00 100.00 100.00 -1000 1.55 3.95 -4.14 -1000 21.07 1.60 372.820
car -1 -1 0.00 0.00 0.00 100.00 100.00 -1000 1.91 4.72 9.73 -1000 10.21 1.55 371.892
car -1 -1 0.00 0.00 0.00 100.00 100.00 -1000 1.71 3.92 5.51 -1000 9.02 1.59 371.060
car -1 -1 0.00 0.00 0.00 100.00 100.00 -1000 1.72 4.30 11.79 -1000 12.24 1.61 370.367
car -1 -1 0.00 0.00 0.00 100.00 100.00 -1000 2.22 7.44 12.70 -1000 38.98 1.47 367.353
car -1 -1 0.00 0.00 0.00 100.00 100.00 -1000 1.73 4.41 13.86 -1000 37.16 1.64 366.069
car -1 -1 0.00 0.00 0.00 100.00 100.00 -1000 1.78 4.68 13.84 -1000 38.32 1.62 361.397
car -1 -1 0.00 0.00 0.00 100.00 100.00 -1000 1.72 4.90 5.85 -1000 26.99 1.47 360.013
car -1 -1 0.00 0.00 0.00 100.00 100.00 -1000 1.72 4.15 -4.43 -1000 46.52 1.62 359.433
car -1 -1 0.00 0.00 0.00 100.00 100.00 -1000 1.74 5.29 5.40 -1000 28.48 1.50 355.525
car -1 -1 0.00 0.00 0.00 100.00 100.00 -1000 1.72 3.75 -8.46 -1000 9.76 1.56 354.865
car -1 -1 0.00 0.00 0.00 100.00 100.00 -1000 1.57 3.82 14.53 -1000 21.61 1.46 354.593
car -1 -1 0.00 0.00 0.00 100.00 100.00 -1000 1.37 3.47 -18.54 -1000 37.94 1.52 354.400
car -1 -1 0.00 0.00 0.00 100.00 100.00 -1000 1.74 4.16 17.69 -1000 21.37 1.48 354.326
car -1 -1 0.00 0.00 0.00 100.00 100.00 -1000 1.97 4.01 -3.95 -1000 25.81 1.46 353.663
car -1 -1 0.00 0.00 0.00 100.00 100.00 -1000 1.88 4.51 4.39 -1000 23.47 1.54 350.519
car -1 -1 0.00 0.00 0.00 100.00 100.00 -1000 1.86 4.79 -2.06 -1000 34.85 1.60 347.562
car -1 -1 0.00 0.00 0.00 100.00 100.00 -1000 1.42 3.47 11.10 -1000 17.33 -0.30 343.636
car -1 -1 0.00 0.00 0.00 100.00 100.00 -1000 1.70 4.16 7.34 -1000 9.75 1.62 341.566
car -1 -1 0.00 0.00 0.00 100.00 100.00 -1000 1.93 5.10 3.78 -1000 22.51 1.36 341.329
car -1 -1 0.00 0.00 0.00 100.00 100.00 -1000 1.72 4.26 -10.45 -1000 12.15 1.64 340.624
car -1 -1 0.00 0.00 0.00 100.00 100.00 -1000 1.59 3.21 2.74 -1000 42.69 -0.17 333.461
car -1 -1 0.00 0.00 0.00 100.00 100.00 -1000 1.75 4.83 -4.91 -1000 29.99 1.45 333.439
car -1 -1 0.00 0.00 0.00 100.00 100.00 -1000 1.82 4.16 11.06 -1000 11.43 1.54 330.516
car -1 -1 0.00 0.00 0.00 100.00 100.00 -1000 2.05 5.92 10.61 -1000 35.46 1.56 329.338
car -1 -1 0.00 0.00 0.00 100.00 100.00 -1000 1.64 4.05 -6.21 -1000 36.81 1.53 328.431
car -1 -1 0.00 0.00 0.00 100.00 100.00 -1000 1.43 3.48 -3.71 -1000 28.12 1.54 323.637
car -1 -1 0.00 0.00 0.00 100.00 100.00 -1000 1.65 4.21 12.59 -1000 45.65 1.63 316.869
car -1 -1 0.00 0.00 0.00 100.00 100.00 -1000 1.78 5.87 11.50 -1000 19.23 1.58 315.575
car -1 -1 0.00 0.00 0.00 100.00 100.00 -1000 3.72 2.50 -3.15 -1000 3.97 0.39 315.301
car -1 -1 0.00 0.00 0.00 100.00 100.00 -1000 1.67 3.91 11.57 -1000 22.62 1.63 314.620
car -1 -1 0.00 0.00 0.00 100.00 100.00 -1000 1.71 3.88 11.57 -1000 44.91 1.65 314.537
car -1 -1 0.00 0.00 0.00 100.00 100.00 -1000 1.81 5.16 6.14 -1000 37.16 1.61 306.976
car -1 -1 0.00 0.00 0.00 100.00 100.00 -1000 2.01 4.71 2.53 -1000 34.65 1.60 304.947
car -1 -1 0.00 0.00 0.00 100.00 100.00 -1000 2.15 7.41 -0.10 -1000 38.19 1.48 304.268
car -1 -1 0.00 0.00 0.00 100.00 100.00 -1000 1.77 4.90 -9.79 -1000 13.38 1.58 298.353
car -1 -1 0.00 0.00 0.00 100.00 100.00 -1000 1.64 3.80 5.23 -1000 44.08 1.53 298.137
car -1 -1 0.00 0.00 0.00 100.00 100.00 -1000 1.49 3.26 18.46 -1000 40.34 1.51 296.373
car -1 -1 0.00 0.00 0.00 100.00 100.00 -1000 1.56 3.83 2.44 -1000 8.88 1.50 295.067
car -1 -1 0.00 0.00 0.00 100.00 100.00 -1000 1.72 4.27 3.52 -1000 37.24 1.65 294.138
car -1 -1 0.00 0.00 0.00 100.00 100.00 -1000 1.63 4.39 2.54 -1000 32.73 1.54 292.670
car -1 -1 0.00 0.00 0.00 100.00 100.00 -1000 1.99 5.59 3.35 -1000 35.82 1.52 291.323
car -1 -1 0.00 0.00 0.00 100.00 100.00 -1000 1.97 5.72 12.16 -1000 47.13 1.59 288.864
car -1 -1 0.00 0.00 0.00 100.00 100.00 -1000 1.90 5.48 2.39 -1000 13.56 1.55 288.828
car -1 -1 0.00 0.00 0.00 100.00 100.00 -1000 1.71 4.49 12.94 -1000 21.04 1.47 288.791
car -1 -1 0.00 0.00 0.00 100.00 100.00 -1000 1.71 4.22 13.03 -1000 12.92 1.62 287.871
car -1 -1 0.00 0.00 0.00 100.00 100.00 -1000 1.64 4.20 -17.76 -1000 47.04 1.51 284.223
car -1 -1 0.00 0.00 0.00 100.00 100.00 -1000 1.77 4.16 7.06 -1000 25.02 1.59 280.070
car -1 -1 0.00 0.00 0.00 100.00 100.00 -1000 2.20 7.19 -4.88 -1000 23.75 1.50 279.351
car -1 -1 0.00 0.00 0.00 100.00 100.00 -1000 1.67 3.67 -14.82 -1000 38.83 1.53 279.013
car -1 -1 0.00 0.00 0.00 100.00 100.00 -1000 1.70 4.26 12.87 -1000 36.39 1.60 276.589
car -1 -1 0.00 0.00 0.00 100.00 100.00 -1000 1.90 4.76 5.57 -1000 8.18 1.49 272.281
car -1 -1 0.00 0.00 0.00 100.00 100.00 -1000 1.89 4.98 15.65 -1000 21.02 1.27 271.189
car -1 -1 0.00 0.00 0.00 100.00 100.00 -1000 1.54 3.98 -17.06 -1000 46.39 1.63 270.886
car -1 -1 0.00 0.00 0.00 100.00 100.00 -1000 1.94 5.58 4.56 -1000 6.79 1.68 270.188
car -1 -1 0.00 0.00 0.00 100.00 100.00 -1000 1.64 4.77 12.40 -1000 14.51 1.63 270.169
car -1 -1 0.00 0.00 0.00 100.00 100.00 -1000 1.83 4.22 4.11 -1000 14.54 1.59 268.744
car -1 -1 0.00 0.00 0.00 100.00 100.00 -1000 2.20 6.42 1.27 -1000 26.66 1.61 265.413
car -1 -1 0.00 0.00 0.00 100.00 100.00 -1000 2.02 6.44 18.50 -1000 24.52 1.54 262.605
car -1 -1 0.00 0.00 0.00 100.00 100.00 -1000 1.60 3.56 2.14 -1000 7.77 1.71 262.031
car -1 -1 0.00 0.00 0.00 100.00 100.00 -1000 1.81 4.71 10.50 -1000 43.63 1.58 262.023
car -1 -1 0.00 0.00 0.00 100.00 100.00 -1000 1.89 5.02 5.35 -1000 35.90 1.59 259.650
car -1 -1 0.00 0.00 0.00 100.00 100.00 -1000 2.04 5.78 6.33 -1000 13.62 1.61 257.401
car -1 -1 0.00 0.00 0.00 100.00 100.00 -1000 1.37 3.35 -18.14 -1000 39.12 1.49 256.788
car -1 -1 0.00 0.00 0.00 100.00 100.00 -1000 1.87 3.95 11.93 -1000 18.22 1.80 256.247
car -1 -1 0.00 0.00 0.00 100.00 100.00 -1000 1.75 4.43 -1.48 -1000 46.09 1.58 254.092
car -1 -1 0.00 0.00 0.00 100.00 100.00 -1000 2.09 6.37 10.51 -1000 40.25 1.57 250.716
car -1 -1 0.00 0.00 0.00 100.00 100.00 -1000 1.88 4.15 -17.90 -1000 32.04 1.75 250.500
car -1 -1 0.00 0.00 0.00 100.00 100.00 -1000 1.73 4.49 1.60 -1000 21.94 1.62 248.353
car -1 -1 0.00 0.00 0.00 100.00 100.00 -1000 1.94 4.90 -5.47 -1000 37.67 1.52 246.106
car -1 -1 0.00 0.00 0.00 100.00 100.00 -1000 2.04 4.67 -3.69 -1000 3.21 1.57 245.161
car -1 -1 0.00 0.00 0.00 100.00 100.00 -1000 2.06 6.01 -3.02 -1000 27.00 1.62 244.537
car -1 -1 0.00 0.00 0.00 100.00 100.00 -1000 2.25 6.79 -3.80 -1000 17.23 1.33 242.384
car -1 -1 0.00 0.00 0.00 100.00 100.00 -1000 1.61 2.19 -2.71 -1000 4.16 0.28 239.560
car -1 -1 0.00 0.00 0.00 100.00 100.00 -1000 2.18 5.94 6.60 -1000 47.11 1.60 237.718
car -1 -1 0.00 0.00 0.00 100.00 100.00 -1000 1.81 4.58 18.97 -1000 41.53 1.48 230.929
car -1 -1 0.00 0.00 0.00 100.00 100.00 -1000 1.55 3.51 -18.99 -1000 31.36 1.67 227.897
car -1 -1 0.00 0.00 0.00 100.00 100.00 -1000 1.87 4.46 -6.20 -1000 35.52 1.58 227.559
car -1 -1 0.00 0.00 0.00 100.00 100.00 -1000 2.73 4.23 7.53 -1000 34.31 0.06 226.722
car -1 -1 0.00 0.00 0.00 100.00 100.00 -1000 1.97 4.97 -1.61 -1000 45.19 1.44 224.919
car -1 -1 0.00 0.00 0.00 100.00 100.00 -1000 1.72 4.65 0.10 -1000 34.39 1.60 222.012
car -1 -1 0.00 0.00 0.00 100.00 100.00 -1000 1.53 3.45 -17.69 -1000 38.42 1.66 221.342
car -1 -1 0.00 0.00 0.00 100.00 100.00 -1000 1.83 6.23 0.37 -1000 9.88 1.61 219.203
car -1 -1 0.00 0.00 0.00 100.00 100.00 -1000 1.98 5.44 -2.13 -1000 33.90 1.53 216.879
car -1 -1 0.00 0.00 0.00 100.00 100.00 -1000 0.96 1.71 -3.68 -1000 7.53 -0.18 216.454
car -1 -1 0.00 0.00 0.00 100.00 100.00 -1000 1.72 4.41 6.29 -1000 23.42 1.59 216.263
car -1 -1 0.00 0.00 0.00 100.00 100.00 -1000 1.91 5.85 -6.46 -1000 16.14 1.62 213.852
car -1 -1 0.00 0.00 0.00 100.00 100.00 -1000 1.66 4.07 0.13 -1000 46.45 1.61 212.674
car -1 -1 0.00 0.00 0.00 100.00 100.00 -1000 2.19 6.22 7.35 -1000 14.84 1.60 211.000
car -1 -1 0.00 0.00 0.00 100.00 100.00 -1000 1.63 4.28 19.55 -1000 23.00 1.65 210.397
car -1 -1 0.00 0.00 0.00 100.00 100.00 -1000 1.58 3.75 -17.95 -1000 37.36 1.62 209.512
car -1 -1 0.00 0.00 0.00 100.00 100.00 -1000 1.42 2.96 -17.35 -1000 45.40 -0.05 208.878
car -1 -1 0.00 0.00 0.00 100.00 100.00 -1000 1.64 3.95 -10.68 -1000 10.57 1.62 208.479
car -1 -1 0.00 0.00 0.00 100.00 100.00 -1000 1.66 4.13 4.96 -1000 33.93 1.58 199.359
car -1 -1 0.00 0.00 0.00 100.00 100.00 -1000 1.86 4.25 2.12 -1000 42.00 1.61 196.662
car -1 -1 0.00 0.00 0.00 100.00 100.00 -1000 1.76 5.91 4.64 -1000 16.25 1.59 195.240
car -1 -1 0.00 0.00 0.00 100.00 100.00 -1000 1.78 3.60 -4.63 -1000 6.81 1.59 194.265
car -1 -1 0.00 0.00 0.00 100.00 100.00 -1000 2.03 5.14 -14.93 -1000 25.40 1.56 193.995
car -1 -1 0.00 0.00 0.00 100.00 100.00 -1000 2.06 5.68 1.06 -1000 21.00 1.49 193.727
car -1 -1 0.00 0.00 0.00 100.00 100.00 -1000 1.16 1.95 -3.66 -1000 12.00 -0.50 192.975
car -1 -1 0.00 0.00 0.00 100.00 100.00 -1000 1.72 3.42 -14.31 -1000 39.55 -0.23 192.717
car -1 -1 0.00 0.00 0.00 100.00 100.00 -1000 2.27 6.49 8.56 -1000 35.05 1.45 191.474
car -1 -1 0.00 0.00 0.00 100.00 100.00 -1000 1.63 3.94 7.37 -1000 8.57 1.61 190.442
car -1 -1 0.00 0.00 0.00 100.00 100.00 -1000 1.59 3.98 13.08 -1000 11.79 1.60 189.958
car -1 -1 0.00 0.00 0.00 100.00 100.00 -1000 1.84 4.20 -19.18 -1000 30.37 1.62 188.986
