car -1 -1 0.00 0.00 0.00 100.00 100.00 -1000 1.59 3.49 0.54 -1000 15.39 1.50 997.976
car -1 -1 0.00 0.00 0.00 100.00 100.00 -1000 1.70 3.93 0.45 -1000 14.39 -0.17 993.490
car -1 -1 0.00 0.00 0.00 100.00 100.00 -1000 1.54 3.42 10.43 -1000 31.39 1.52 993.105
car -1 -1 0.00 0.00 0.00 100.00 100.00 -1000 1.60 3.74 1.31 -1000 16.19 1.49 992.558
car -1 -1 0.00 0.00 0.00 100.00 100.00 -1000 1.57 3.51 3.54 -1000 21.11 1.58 990.234
car -1 -1 0.00 0.00 0.00 100.00 100.00 -1000 1.44 3.15 3.15 -1000 20.32 1.48 985.933
car -1 -1 0.00 0.00 0.00 100.00 100.00 -1000 1.52 3.22 -2.52 -1000 22.10 1.61 985.218
car -1 -1 0.00 0.00 0.00 100.00 100.00 -1000 1.53 3.71 -2.98 -1000 21.00 -0.29 985.064
car -1 -1 0.00 0.00 0.00 100.00 100.00 -1000 1.70 3.68 10.09 -1000 30.20 -0.09 983.525
car -1 -1 0.00 0.00 0.00 100.00 100.00 -1000 1.81 4.71 -1.73 -1000 23.62 1.59 979.590
car -1 -1 0.00 0.00 0.00 100.00 100.00 -1000 1.47 3.23 -1.19 -1000 23.03 1.56 977.348
car -1 -1 0.00 0.00 0.00 100.00 100.00 -1000 1.49 3.18 6.15 -1000 27.82 1.56 965.584
car -1 -1 0.00 0.00 0.00 100.00 100.00 -1000 1.65 3.54 3.86 -1000 22.09 1.58 959.010
car -1 -1 0.00 0.00 0.00 100.00 100.00 -1000 1.46 3.44 13.39 -1000 18.06 1.59 958.847
car -1 -1 0.00 0.00 0.00 100.00 100.00 -1000 1.53 3.35 11.32 -1000 40.73 1.52 956.261
car -1 -1 0.00 0.00 0.00 100.00 100.00 -1000 1.80 4.19 1.87 -1000 16.86 1.53 955.316
car -1 -1 0.00 0.00 0.00 100.00 100.00 -1000 1.66 4.06 -1.15 -1000 21.82 -0.28 954.598
car -1 -1 0.00 0.00 0.00 100.00 100.00 -1000 1.61 3.54 2.31 -1000 29.74 1.59 954.538
car -1 -1 0.00 0.00 0.00 100.00 100.00 -1000 1.67 3.52 2.95 -1000 19.40 -0.32 952.385
car -1 -1 0.00 0.00 0.00 100.00 100.00 -1000 1.59 3.60 -3.76 -1000 15.35 1.63 952.220
car -1 -1 0.00 0.00 0.00 100.00 100.00 -1000 1.52 3.27 9.63 -1000 20.59 1.58 952.114
car -1 -1 0.00 0.00 0.00 100.00 100.00 -1000 1.54 3.57 13.53 -1000 17.09 -0.25 948.827
car -1 -1 0.00 0.00 0.00 100.00 100.00 -1000 1.79 4.11 11.23 -1000 32.12 1.54 947.932
car -1 -1 0.00 0.00 0.00 100.00 100.00 -1000 1.56 3.63 14.35 -1000 46.13 -0.25 940.104
car -1 -1 0.00 0.00 0.00 100.00 100.00 -1000 1.67 4.06 1.85 -1000 28.66 -0.31 939.902
car -1 -1 0.00 0.00 0.00 100.00 100.00 -1000 2.19 6.77 1.52 -1000 17.46 1.48 927.426
car -1 -1 0.00 0.00 0.00 100.00 100.00 -1000 1.57 3.46 9.31 -1000 30.81 1.52 922.731
car -1 -1 0.00 0.00 0.00 100.00 100.00 -1000 2.06 5.44 -3.95 -1000 15.98 1.66 921.099
car -1 -1 0.00 0.00 0.00 100.00 100.00 -1000 1.56 3.53 -4.12 -1000 14.58 1.73 916.274
car -1 -1 0.00 0.00 0.00 100.00 100.00 -1000 1.71 4.09 6.40 -1000 28.90 1.56 914.992
car -1 -1 0.00 0.00 0.00 100.00 100.00 -1000 1.76 4.68 3.01 -1000 31.35 1.49 911.476
car -1 -1 0.00 0.00 0.00 100.00 100.00 -1000 2.29 6.03 10.96 -1000 32.85 1.52 910.780
car -1 -1 0.00 0.00 0.00 100.00 100.00 -1000 1.59 3.44 5.67 -1000 27.04 1.58 905.664
car -1 -1 0.00 0.00 0.00 100.00 100.00 -1000 1.63 3.94 -4.97 -1000 13.21 1.69 899.653
car -1 -1 0.00 0.00 0.00 100.00 100.00 -1000 1.60 3.43 -6.61 -1000 9.98 1.54 899.418
car -1 -1 0.00 0.00 0.00 100.00 100.00 -1000 2.29 7.27 -1.53 -1000 24.16 1.46 897.141
car -1 -1 0.00 0.00 0.00 100.00 100.00 -1000 2.27 5.62 -2.74 -1000 18.07 1.65 894.409
car -1 -1 0.00 0.00 0.00 100.00 100.00 -1000 1.78 4.75 -5.95 -1000 10.75 1.61 887.975
car -1 -1 0.00 0.00 0.00 100.00 100.00 -1000 1.50 3.10 0.68 -1000 28.19 1.57 882.318
car -1 -1 0.00 0.00 0.00 100.00 100.00 -1000 1.54 3.21 15.60 -1000 23.42 1.62 878.309
car -1 -1 0.00 0.00 0.00 100.00 100.00 -1000 1.95 5.32 4.40 -1000 22.67 1.50 876.247
car -1 -1 0.00 0.00 0.00 100.00 100.00 -1000 1.66 4.19 2.81 -1000 30.50 1.61 875.621
car -1 -1 0.00 0.00 0.00 100.00 100.00 -1000 1.69 3.83 10.28 -1000 21.23 1.62 867.204
car -1 -1 0.00 0.00 0.00 100.00 100.00 -1000 1.46 3.33 18.96 -1000 33.11 1.57 863.666
car -1 -1 0.00 0.00 0.00 100.00 100.00 -1000 1.55 3.28 -5.95 -1000 9.30 1.60 860.359
car -1 -1 0.00 0.00 0.00 100.00 100.00 -1000 1.53 3.59 -3.76 -1000 21.91 1.57 857.398
car -1 -1 0.00 0.00 0.00 100.00 100.00 -1000 1.58 3.53 14.71 -1000 47.20 1.51 854.903
car -1 -1 0.00 0.00 0.00 100.00 100.00 -1000 1.72 4.48 4.55 -1000 35.43 -0.28 854.386
car -1 -1 0.00 0.00 0.00 100.00 100.00 -1000 1.75 4.17 13.65 -1000 18.81 1.60 852.715
car -1 -1 0.00 0.00 0.00 100.00 100.00 -1000 1.48 3.74 -4.93 -1000 14.05 1.64 848.776
car -1 -1 0.00 0.00 0.00 100.00 100.00 -1000 1.72 4.14 6.86 -1000 29.63 1.57 848.667
car -1 -1 0.00 0.00 0.00 100.00 100.00 -1000 1.41 3.17 5.24 -1000 36.37 1.57 847.401
car -1 -1 0.00 0.00 0.00 100.00 100.00 -1000 1.67 3.67 11.34 -1000 39.87 -0.13 846.959
car -1 -1 0.00 0.00 0.00 100.00 100.00 -1000 1.62 3.62 11.54 -1000 41.51 1.64 844.954
car -1 -1 0.00 0.00 0.00 100.00 100.00 -1000 1.51 3.56 -0.84 -1000 14.65 1.45 843.479
car -1 -1 0.00 0.00 0.00 100.00 100.00 -1000 1.64 3.65 11.53 -1000 30.87 1.71 841.302
car -1 -1 0.00 0.00 0.00 100.00 100.00 -1000 1.39 3.13 -0.51 -1000 27.36 1.59 834.083
car -1 -1 0.00 0.00 0.00 100.00 100.00 -1000 1.57 3.47 2.52 -1000 21.49 1.46 826.309
car -1 -1 0.00 0.00 0.00 100.00 100.00 -1000 2.02 5.10 -3.33 -1000 16.89 1.71 824.538
car -1 -1 0.00 0.00 0.00 100.00 100.00 -1000 1.61 4.20 5.65 -1000 37.48 1.50 824.537
car -1 -1 0.00 0.00 0.00 100.00 100.00 -1000 1.69 3.99 8.46 -1000 30.26 1.54 824.442
car -1 -1 0.00 0.00 0.00 100.00 100.00 -1000 1.50 3.40 9.62 -1000 19.78 -0.17 818.787
car -1 -1 0.00 0.00 0.00 100.00 100.00 -1000 1.51 3.93 -0.33 -1000 26.69 1.65 817.654
car -1 -1 0.00 0.00 0.00 100.00 100.00 -1000 1.64 3.61 12.19 -1000 31.56 1.71 798.925
car -1 -1 0.00 0.00 0.00 100.00 100.00 -1000 1.41 3.23 -2.00 -1000 27.81 1.52 798.331
car -1 -1 0.00 0.00 0.00 100.00 100.00 -1000 1.62 3.62 0.50 -1000 28.93 1.54 798.186
car -1 -1 0.00 0.00 0.00 100.00 100.00 -1000 1.53 3.38 -0.67 -1000 28.14 1.62 797.263
car -1 -1 0.00 0.00 0.00 100.00 100.00 -1000 1.71 4.20 -5.33 -1000 12.06 1.72 795.108
car -1 -1 0.00 0.00 0.00 100.00 100.00 -1000 1.82 4.02 13.59 -1000 20.11 1.44 793.130
car -1 -1 0.00 0.00 0.00 100.00 100.00 -1000 1.53 3.72 -2.87 -1000 22.98 1.50 792.334
car -1 -1 0.00 0.00 0.00 100.00 100.00 -1000 1.59 3.57 5.27 -1000 8.54 1.60 788.202
car -1 -1 0.00 0.00 0.00 100.00 100.00 -1000 1.73 4.22 -0.02 -1000 29.73 1.53 787.036
car -1 -1 0.00 0.00 0.00 100.00 100.00 -1000 1.52 3.43 6.73 -1000 39.16 1.60 786.348
car -1 -1 0.00 0.00 0.00 100.00 100.00 -1000 2.02 5.20 10.12 -1000 22.04 1.57 774.747
car -1 -1 0.00 0.00 0.00 100.00 100.00 -1000 1.99 5.96 13.80 -1000 19.52 1.46 767.493
car -1 -1 0.00 0.00 0.00 100.00 100.00 -1000 1.90 5.22 -0.50 -1000 24.92 1.56 761.317
car -1 -1 0.00 0.00 0.00 100.00 100.00 -1000 1.53 3.53 14.84 -1000 22.75 1.52 758.080
car -1 -1 0.00 0.00 0.00 100.00 100.00 -1000 1.82 4.66 -1.10 -1000 15.79 1.52 756.969
car -1 -1 0.00 0.00 0.00 100.00 100.00 -1000 1.54 3.55 18.43 -1000 32.40 1.53 753.750
car -1 -1 0.00 0.00 0.00 100.00 100.00 -1000 1.54 3.40 14.65 -1000 17.54 1.69 745.247
car -1 -1 0.00 0.00 0.00 100.00 100.00 -1000 1.65 4.10 2.43 -1000 22.24 1.53 742.427
car -1 -1 0.00 0.00 0.00 100.00 100.00 -1000 1.92 5.36 11.82 -1000 42.07 1.54 740.153
car -1 -1 0.00 0.00 0.00 100.00 100.00 -1000 1.64 3.35 5.87 -1000 26.17 -0.18 733.394
car -1 -1 0.00 0.00 0.00 100.00 100.00 -1000 2.11 5.46 -3.57 -1000 23.70 1.50 730.221
car -1 -1 0.00 0.00 0.00 100.00 100.00 -1000 1.66 4.21 6.29 -1000 10.90 1.64 728.838
car -1 -1 0.00 0.00 0.00 100.00 100.00 -1000 1.49 3.39 -6.79 -1000 8.77 1.64 727.742
car -1 -1 0.00 0.00 0.00 100.00 100.00 -1000 1.58 3.64 17.59 -1000 39.88 1.55 716.132
car -1 -1 0.00 0.00 0.00 100.00 100.00 -1000 1.67 3.88 7.02 -1000 39.92 1.64 715.808
car -1 -1 0.00 0.00 0.00 100.00 100.00 -1000 1.76 4.17 16.02 -1000 24.47 1.44 713.923
car -1 -1 0.00 0.00 0.00 100.00 100.00 -1000 1.64 3.67 -0.27 -1000 22.36 1.66 705.083
car -1 -1 0.00 0.00 0.00 100.00 100.00 -1000 1.67 3.68 13.98 -1000 31.00 1.60 699.431
car -1 -1 0.00 0.00 0.00 100.00 100.00 -1000 1.54 3.72 4.50 -1000 36.99 1.47 696.331
car -1 -1 0.00 0.00 0.00 100.00 100.00 -1000 1.51 3.35 0.99 -1000 27.46 -0.27 696.103
car -1 -1 0.00 0.00 0.00 100.00 100.00 -1000 2.76 7.06 0.03 -1000 14.21 -0.43 693.632
car -1 -1 0.00 0.00 0.00 100.00 100.00 -1000 1.80 4.76 9.06 -1000 31.80 1.50 690.697
car -1 -1 0.00 0.00 0.00 100.00 100.00 -1000 1.84 4.77 2.27 -1000 18.43 1.54 688.136
car -1 -1 0.00 0.00 0.00 100.00 100.00 -1000 1.61 3.74 6.34 -1000 38.43 1.57 680.421
car -1 -1 0.00 0.00 0.00 100.00 100.00 -1000 1.76 4.56 13.80 -1000 21.05 1.50 676.223
car -1 -1 0.00 0.00 0.00 100.00 100.00 -1000 1.76 3.86 14.58 -1000 21.88 1.52 675.892
car -1 -1 0.00 0.00 0.00 100.00 100.00 -1000 1.70 3.99 8.52 -1000 20.28 1.55 672.997
car -1 -1 0.00 0.00 0.00 100.00 100.00 -1000 1.81 4.09 4.93 -1000 10.38 1.42 668.787
car -1 -1 0.00 0.00 0.00 100.00 100.00 -1000 1.57 3.53 -7.36 -1000 9.39 1.43 666.230
car -1 -1 0.00 0.00 0.00 100.00 100.00 -1000 1.62 4.20 -7.59 -1000 17.01 1.71 665.008
car -1 -1 0.00 0.00 0.00 100.00 100.00 -1000 1.55 3.85 -4.38 -1000 22.57 1.56 663.254
car -1 -1 0.00 0.00 0.00 100.00 100.00 -1000 1.39 3.33 -0.59 -1000 13.71 1.55 660.179
car -1 -1 0.00 0.00 0.00 100.00 100.00 -1000 1.73 4.14 -2.33 -1000 15.10 1.61 659.112
car -1 -1 0.00 0.00 0.00 100.00 100.00 -1000 1.74 4.32 5.16 -1000 28.25 1.55 650.636
car -1 -1 0.00 0.00 0.00 100.00 100.00 -1000 1.82 4.84 10.04 -1000 41.09 1.54 646.424
car -1 -1 0.00 0.00 0.00 100.00 100.00 -1000 1.64 3.33 9.22 -1000 29.48 1.46 644.338
car -1 -1 0.00 0.00 0.00 100.00 100.00 -1000 1.79 4.47 16.50 -1000 25.46 1.60 638.166
car -1 -1 0.00 0.00 0.00 100.00 100.00 -1000 1.89 4.46 -3.50 -1000 18.91 1.57 634.263
car -1 -1 0.00 0.00 0.00 100.00 100.00 -1000 1.44 3.57 -1.80 -1000 27.02 1.54 613.155
car -1 -1 0.00 0.00 0.00 100.00 100.00 -1000 1.83 4.04 -1.96 -1000 28.92 1.52 609.285
car -1 -1 0.00 0.00 0.00 100.00 100.00 -1000 1.63 4.07 -0.65 -1000 25.75 1.63 609.102
car -1 -1 0.00 0.00 0.00 100.00 100.00 -1000 1.60 3.55 -8.69 -1000 16.11 1.64 607.592
car -1 -1 0.00 0.00 0.00 100.00 100.00 -1000 1.73 4.14 13.39 -1000 16.05 1.66 595.451
car -1 -1 0.00 0.00 0.00 100.00 100.00 -1000 2.02 4.79 -4.44 -1000 17.61 1.41 591.487
car -1 -1 0.00 0.00 0.00 100.00 100.00 -1000 1.33 2.89 4.41 -1000 35.99 1.57 590.276
car -1 -1 0.00 0.00 0.00 100.00 100.00 -1000 1.55 3.54 18.39 -1000 31.57 1.49 589.632
car -1 -1 0.00 0.00 0.00 100.00 100.00 -1000 1.77 4.25 7.50 -1000 40.68 1.63 588.571
car -1 -1 0.00 0.00 0.00 100.00 100.00 -1000 1.70 4.23 -5.63 -1000 16.12 1.55 588.032
car -1 -1 0.00 0.00 0.00 100.00 100.00 -1000 2.02 5.39 4.76 -1000 29.79 1.57 578.595
car -1 -1 0.00 0.00 0.00 100.00 100.00 -1000 1.70 3.64 7.20 -1000 28.15 -0.38 577.110
car -1 -1 0.00 0.00 0.00 100.00 100.00 -1000 2.05 5.89 11.10 -1000 22.79 1.56 576.601
car -1 -1 0.00 0.00 0.00 100.00 100.00 -1000 1.84 4.70 11.72 -1000 20.63 1.62 567.927
car -1 -1 0.00 0.00 0.00 100.00 100.00 -1000 1.91 4.61 12.94 -1000 30.40 1.65 566.983
car -1 -1 0.00 0.00 0.00 100.00 100.00 -1000 1.73 4.47 7.61 -1000 41.62 1.58 563.894
car -1 -1 0.00 0.00 0.00 100.00 100.00 -1000 1.86 4.84 8.52 -1000 21.30 1.61 554.848
car -1 -1 0.00 0.00 0.00 100.00 100.00 -1000 1.65 3.53 13.94 -1000 45.29 1.43 552.783
car -1 -1 0.00 0.00 0.00 100.00 100.00 -1000 1.96 5.20 11.79 -1000 21.71 1.64 552.155
car -1 -1 0.00 0.00 0.00 100.00 100.00 -1000 1.67 3.67 14.51 -1000 16.67 -0.33 545.796
car -1 -1 0.00 0.00 0.00 100.00 100.00 -1000 1.85 4.95 9.36 -1000 40.38 1.58 545.366
car -1 -1 0.00 0.00 0.00 100.00 100.00 -1000 1.57 3.35 -4.50 -1000 21.22 0.04 544.145
car -1 -1 0.00 0.00 0.00 100.00 100.00 -1000 1.75 4.64 14.43 -1000 23.75 1.56 543.692
car -1 -1 0.00 0.00 0.00 100.00 100.00 -1000 2.05 6.59 13.07 -1000 33.35 1.51 543.504
car -1 -1 0.00 0.00 0.00 100.00 100.00 -1000 1.92 4.97 2.01 -1000 15.10 1.73 541.674
car -1 -1 0.00 0.00 0.00 100.00 100.00 -1000 1.88 3.84 -6.92 -1000 7.79 1.67 541.461
car -1 -1 0.00 0.00 0.00 100.00 100.00 -1000 2.00 6.53 4.64 -1000 23.50 1.54 540.924
car -1 -1 0.00 0.00 0.00 100.00 100.00 -1000 1.78 4.49 -7.58 -1000 10.48 1.56 538.421
car -1 -1 0.00 0.00 0.00 100.00 100.00 -1000 1.69 3.78 15.70 -1000 46.59 1.62 536.178
car -1 -1 0.00 0.00 0.00 100.00 100.00 -1000 1.97 4.83 1.57 -1000 30.94 1.48 535.971
car -1 -1 0.00 0.00 0.00 100.00 100.00 -1000 1.83 4.93 -2.00 -1000 29.83 1.61 533.348
car -1 -1 0.00 0.00 0.00 100.00 100.00 -1000 1.59 3.40 18.25 -1000 39.31 1.65 532.340
car -1 -1 0.00 0.00 0.00 100.00 100.00 -1000 1.91 4.92 4.90 -1000 20.28 1.59 530.081
car -1 -1 0.00 0.00 0.00 100.00 100.00 -1000 1.69 4.23 4.59 -1000 27.48 1.50 525.875
car -1 -1 0.00 0.00 0.00 100.00 100.00 -1000 1.72 4.41 14.39 -1000 31.74 1.64 518.773
car -1 -1 0.00 0.00 0.00 100.00 100.00 -1000 1.93 5.30 0.73 -1000 22.92 1.64 517.852
car -1 -1 0.00 0.00 0.00 100.00 100.00 -1000 1.84 4.68 11.83 -1000 19.39 1.59 515.335
car -1 -1 0.00 0.00 0.00 100.00 100.00 -1000 1.64 4.22 5.98 -1000 9.74 1.63 509.937
car -1 -1 0.00 0.00 0.00 100.00 100.00 -1000 1.92 5.07 4.41 -1000 31.86 1.54 508.790
car -1 -1 0.00 0.00 0.00 100.00 100.00 -1000 1.59 3.65 10.82 -1000 39.20 1.44 505.974
car -1 -1 0.00 0.00 0.00 100.00 100.00 -1000 1.73 4.63 -5.62 -1000 15.02 1.46 498.313
car -1 -1 0.00 0.00 0.00 100.00 100.00 -1000 2.34 7.28 -1.13 -1000 16.98 1.50 497.290
car -1 -1 0.00 0.00 0.00 100.00 100.00 -1000 1.82 4.70 -8.70 -1000 17.58 1.57 488.788
car -1 -1 0.00 0.00 0.00 100.00 100.00 -1000 1.77 4.30 -5.12 -1000 23.18 1.53 488.414
car -1 -1 0.00 0.00 0.00 100.00 100.00 -1000 1.82 4.47 5.18 -1000 21.46 1.62 487.409
car -1 -1 0.00 0.00 0.00 100.00 100.00 -1000 1.89 5.34 12.15 -1000 43.04 1.54 485.276
car -1 -1 0.00 0.00 0.00 100.00 100.00 -1000 1.62 4.12 15.35 -1000 18.17 1.61 483.173
car -1 -1 0.00 0.00 0.00 100.00 100.00 -1000 1.78 3.76 -5.75 -1000 8.37 1.57 479.965
car -1 -1 0.00 0.00 0.00 100.00 100.00 -1000 1.85 4.53 17.68 -1000 33.44 1.59 475.388
car -1 -1 0.00 0.00 0.00 100.00 100.00 -1000 1.48 3.30 3.90 -1000 7.77 1.56 467.643
car -1 -1 0.00 0.00 0.00 100.00 100.00 -1000 1.79 4.52 6.08 -1000 12.01 1.66 463.348
car -1 -1 0.00 0.00 0.00 100.00 100.00 -1000 3.09 11.13 1.23 -1000 17.84 1.45 460.967
car -1 -1 0.00 0.00 0.00 100.00 100.00 -1000 1.88 4.80 2.59 -1000 27.55 1.61 459.253
car -1 -1 0.00 0.00 0.00 100.00 100.00 -1000 1.57 3.88 16.87 -1000 29.52 1.57 455.205
car -1 -1 0.00 0.00 0.00 100.00 100.00 -1000 2.07 5.31 0.07 -1000 30.48 1.63 452.359
car -1 -1 0.00 0.00 0.00 100.00 100.00 -1000 1.51 3.75 8.94 -1000 45.96 1.55 447.805
car -1 -1 0.00 0.00 0.00 100.00 100.00 -1000 1.78 4.41 13.09 -1000 46.47 1.59 440.118
car -1 -1 0.00 0.00 0.00 100.00 100.00 -1000 1.82 4.72 13.40 -1000 41.15 1.64 438.763
car -1 -1 0.00 0.00 0.00 100.00 100.00 -1000 1.67 4.06 18.82 -1000 46.38 1.60 435.721
car -1 -1 0.00 0.00 0.00 100.00 100.00 -1000 2.67 8.06 -1.73 -1000 18.97 1.56 435.272
car -1 -1 0.00 0.00 0.00 100.00 100.00 -1000 1.64 3.44 -2.69 -1000 38.80 1.70 431.004
car -1 -1 0.00 0.00 0.00 100.00 100.00 -1000 1.69 4.15 8.32 -1000 39.61 1.64 430.829
car -1 -1 0.00 0.00 0.00 100.00 100.00 -1000 1.88 4.68 14.80 -1000 30.36 1.62 425.797
car -1 -1 0.00 0.00 0.00 100.00 100.00 -1000 1.47 3.44 -3.57 -1000 27.46 1.50 417.313
car -1 -1 0.00 0.00 0.00 100.00 100.00 -1000 2.04 5.68 6.69 -1000 30.54 1.62 416.336
car -1 -1 0.00 0.00 0.00 100.00 100.00 -1000 2.25 5.69 -7.46 -1000 18.10 1.58 413.432
car -1 -1 0.00 0.00 0.00 100.00 100.00 -1000 2.30 6.45 4.76 -1000 30.97 1.55 409.141
car -1 -1 0.00 0.00 0.00 100.00 100.00 -1000 1.86 4.97 6.08 -1000 22.18 1.62 407.652
car -1 -1 0.00 0.00 0.00 100.00 100.00 -1000 1.87 5.37 14.28 -1000 32.59 1.57 407.477
car -1 -1 0.00 0.00 0.00 100.00 100.00 -1000 1.68 3.98 5.32 -1000 7.36 1.63 404.310
car -1 -1 0.00 0.00 0.00 100.00 100.00 -1000 2.22 6.79 8.54 -1000 33.00 1.51 403.227
car -1 -1 0.00 0.00 0.00 100.00 100.00 -1000 1.83 4.68 -6.14 -1000 12.80 1.61 403.018
car -1 -1 0.00 0.00 0.00 100.00 100.00 -1000 2.11 5.28 8.26 -1000 28.79 1.58 401.321
car -1 -1 0.00 0.00 0.00 100.00 100.00 -1000 2.15 5.73 8.55 -1000 22.46 1.55 397.609
car -1 -1 0.00 0.00 0.00 100.00 100.00 -1000 1.94 5.50 7.28 -1000 31.43 1.63 395.160
car -1 -1 0.00 0.00 0.00 100.00 100.00 -1000 1.68 4.52 18.07 -1000 40.62 1.62 390.991
car -1 -1 0.00 0.00 0.00 100.00 100.00 -1000 2.03 6.02 8.00 -1000 42.67 1.74 387.251
car -1 -1 0.00 0.00 0.00 100.00 100.00 -1000 1.67 4.03 -8.05 -1000 15.45 1.70 384.594
car -1 -1 0.00 0.00 0.00 100.00 100.00 -1000 1.67 4.32 3.47 -1000 36.48 1.57 380.007
car -1 -1 0.00 0.00 0.00 100.00 100.00 -1000 1.88 4.82 -0.85 -1000 13.06 1.43 377.499
car -1 -1 0.00 0.00 0.00 100.00 100.00 -1000 1.77 4.09 6.53 -1000 8.14 1.63 375.359
car -1 -1 0.00 0.00 0.00 100.00 100.00 -1000 1.90 4.61 12.71 -1000 40.14 1.61 374.846
car -1 -1 0.00 0.00 0.00 100.00 100.00 -1000 2.18 5.74 1.52 -1000 31.87 1.41 373.058
car -1 -1 0.00 0.00 0.00 100.00 100.00 -1000 2.11 5.21 19.01 -1000 34.18 1.60 372.718
car -1 -1 0.00 0.00 0.00 100.00 100.00 -1000 2.79 10.44 -3.87 -1000 24.67 1.34 370.826
car -1 -1 0.00 0.00 0.00 100.00 100.00 -1000 1.56 3.75 -1.78 -1000 38.00 1.51 369.516
car -1 -1 0.00 0.00 0.00 100.00 100.00 -1000 1.80 4.30 10.09 -1000 19.04 1.64 368.631
car -1 -1 0.00 0.00 0.00 100.00 100.00 -1000 1.73 4.45 4.76 -1000 9.32 1.50 366.022
car -1 -1 0.00 0.00 0.00 100.00 100.00 -1000 1.92 5.18 6.65 -1000 20.96 1.60 364.326
car -1 -1 0.00 0.00 0.00 100.00 100.00 -1000 1.87 5.06 17.01 -1000 32.72 1.61 361.114
car -1 -1 0.00 0.00 0.00 100.00 100.00 -1000 1.57 3.57 -4.10 -1000 37.99 1.49 358.353
car -1 -1 0.00 0.00 0.00 100.00 100.00 -1000 1.80 4.58 -0.63 -1000 21.09 1.58 355.932
car -1 -1 0.00 0.00 0.00 100.00 100.00 -1000 1.51 2.73 -3.54 -1000 39.22 1.60 352.043
car -1 -1 0.00 0.00 0.00 100.00 100.00 -1000 1.70 3.85 15.77 -1000 22.26 -0.27 350.796
car -1 -1 0.00 0.00 0.00 100.00 100.00 -1000 1.94 4.36 16.79 -1000 30.49 1.55 350.270
car -1 -1 0.00 0.00 0.00 100.00 100.00 -1000 1.68 3.79 -10.29 -1000 16.05 1.63 348.368
car -1 -1 0.00 0.00 0.00 100.00 100.00 -1000 2.51 7.22 -3.25 -1000 29.21 1.70 347.956
car -1 -1 0.00 0.00 0.00 100.00 100.00 -1000 1.86 4.88 7.25 -1000 19.84 1.63 346.649
car -1 -1 0.00 0.00 0.00 100.00 100.00 -1000 1.81 4.52 1.83 -1000 20.63 1.55 340.900
car -1 -1 0.00 0.00 0.00 100.00 100.00 -1000 1.68 3.85 17.03 -1000 23.14 1.59 340.241
car -1 -1 0.00 0.00 0.00 100.00 100.00 -1000 1.99 5.00 -3.98 -1000 12.60 1.51 339.156
car -1 -1 0.00 0.00 0.00 100.00 100.00 -1000 2.23 7.50 -6.66 -1000 11.43 1.51 338.490
car -1 -1 0.00 0.00 0.00 100.00 100.00 -1000 1.63 3.93 8.55 -1000 45.17 1.55 336.164
car -1 -1 0.00 0.00 0.00 100.00 100.00 -1000 1.61 4.94 -1.78 -1000 26.20 1.60 330.099
car -1 -1 0.00 0.00 0.00 100.00 100.00 -1000 1.67 3.86 9.99 -1000 46.45 1.67 328.636
car -1 -1 0.00 0.00 0.00 100.00 100.00 -1000 1.38 3.77 -3.44 -1000 28.21 1.46 327.935
car -1 -1 0.00 0.00 0.00 100.00 100.00 -1000 1.69 4.08 8.38 -1000 19.17 1.49 327.901
car -1 -1 0.00 0.00 0.00 100.00 100.00 -1000 1.73 3.84 -8.21 -1000 8.18 1.55 324.014
car -1 -1 0.00 0.00 0.00 100.00 100.00 -1000 2.09 6.01 2.44 -1000 23.30 1.54 323.201
car -1 -1 0.00 0.00 0.00 100.00 100.00 -1000 1.77 4.44 17.53 -1000 23.94 1.59 320.538
car -1 -1 0.00 0.00 0.00 100.00 100.00 -1000 1.76 4.26 3.34 -1000 4.94 1.72 320.358
car -1 -1 0.00 0.00 0.00 100.00 100.00 -1000 1.86 5.48 13.32 -1000 22.99 1.50 320.165
car -1 -1 0.00 0.00 0.00 100.00 100.00 -1000 1.79 4.56 16.48 -1000 17.48 1.61 318.183
car -1 -1 0.00 0.00 0.00 100.00 100.00 -1000 1.90 4.60 11.91 -1000 38.75 1.47 313.393
car -1 -1 0.00 0.00 0.00 100.00 100.00 -1000 1.84 4.23 1.31 -1000 13.79 1.67 312.907
car -1 -1 0.00 0.00 0.00 100.00 100.00 -1000 1.68 4.61 10.33 -1000 47.71 1.69 312.526
car -1 -1 0.00 0.00 0.00 100.00 100.00 -1000 2.20 6.43 -4.88 -1000 10.06 1.52 310.514
car -1 -1 0.00 0.00 0.00 100.00 100.00 -1000 1.92 4.68 -3.93 -1000 20.16 1.64 308.452
car -1 -1 0.00 0.00 0.00 100.00 100.00 -1000 1.87 4.34 17.37 -1000 38.74 1.61 308.221
car -1 -1 0.00 0.00 0.00 100.00 100.00 -1000 1.74 4.27 14.34 -1000 40.33 1.64 306.873
car -1 -1 0.00 0.00 0.00 100.00 100.00 -1000 1.89 4.83 16.05 -1000 45.70 1.59 305.877
car -1 -1 0.00 0.00 0.00 100.00 100.00 -1000 1.80 4.39 18.38 -1000 30.65 1.53 305.053
car -1 -1 0.00 0.00 0.00 100.00 100.00 -1000 1.66 2.99 -2.57 -1000 39.59 -0.09 301.773
car -1 -1 0.00 0.00 0.00 100.00 100.00 -1000 1.83 4.14 11.10 -1000 29.56 1.62 301.503
car -1 -1 0.00 0.00 0.00 100.00 100.00 -1000 2.84 7.18 2.74 -1000 4.98 1.31 298.852
car -1 -1 0.00 0.00 0.00 100.00 100.00 -1000 1.96 7.38 15.73 -1000 26.11 1.49 297.015
car -1 -1 0.00 0.00 0.00 100.00 100.00 -1000 1.89 5.05 13.65 -1000 29.51 1.63 293.397
car -1 -1 0.00 0.00 0.00 100.00 100.00 -1000 2.87 6.90 3.02 -1000 32.61 1.45 288.228
car -1 -1 0.00 0.00 0.00 100.00 100.00 -1000 1.85 5.26 16.39 -1000 18.97 1.60 288.163
car -1 -1 0.00 0.00 0.00 100.00 100.00 -1000 2.88 10.38 -2.00 -1000 30.01 1.39 285.427
car -1 -1 0.00 0.00 0.00 100.00 100.00 -1000 1.85 4.67 -5.31 -1000 21.82 1.67 280.262
car -1 -1 0.00 0.00 0.00 100.00 100.00 -1000 1.86 4.43 16.62 -1000 26.55 1.62 279.384
car -1 -1 0.00 0.00 0.00 100.00 100.00 -1000 1.59 4.52 3.12 -1000 29.09 -0.22 279.160
car -1 -1 0.00 0.00 0.00 100.00 100.00 -1000 1.86 4.45 16.69 -1000 31.53 1.59 269.199
car -1 -1 0.00 0.00 0.00 100.00 100.00 -1000 1.88 4.20 3.94 -1000 34.69 1.51 265.969
car -1 -1 0.00 0.00 0.00 100.00 100.00 -1000 1.86 4.91 7.39 -1000 8.94 1.61 264.688
car -1 -1 0.00 0.00 0.00 100.00 100.00 -1000 2.07 5.19 14.86 -1000 44.75 1.62 264.630
car -1 -1 0.00 0.00 0.00 100.00 100.00 -1000 1.99 5.29 11.05 -1000 18.16 1.45 263.984
car -1 -1 0.00 0.00 0.00 100.00 100.00 -1000 1.84 4.68 16.67 -1000 47.25 1.64 263.962
car -1 -1 0.00 0.00 0.00 100.00 100.00 -1000 1.77 4.90 3.38 -1000 16.17 1.61 262.859
car -1 -1 0.00 0.00 0.00 100.00 100.00 -1000 2.24 6.09 3.95 -1000 18.03 1.41 260.254
car -1 -1 0.00 0.00 0.00 100.00 100.00 -1000 1.82 5.08 4.22 -1000 15.39 1.50 257.440
car -1 -1 0.00 0.00 0.00 100.00 100.00 -1000 1.80 4.33 18.15 -1000 25.05 1.59 255.028
car -1 -1 0.00 0.00 0.00 100.00 100.00 -1000 1.84 4.68 5.62 -1000 19.40 1.53 254.063
car -1 -1 0.00 0.00 0.00 100.00 100.00 -1000 1.94 4.59 -2.53 -1000 25.55 1.73 253.092
car -1 -1 0.00 0.00 0.00 100.00 100.00 -1000 1.66 3.55 6.91 -1000 26.66 -0.23 251.203
car -1 -1 0.00 0.00 0.00 100.00 100.00 -1000 1.90 4.40 9.51 -1000 38.85 1.55 250.526
car -1 -1 0.00 0.00 0.00 100.00 100.00 -1000 1.77 4.48 18.81 -1000 45.20 1.56 246.670
car -1 -1 0.00 0.00 0.00 100.00 100.00 -1000 1.91 4.99 5.52 -1000 6.51 1.62 246.652
car -1 -1 0.00 0.00 0.00 100.00 100.00 -1000 1.76 4.45 -9.57 -1000 16.88 1.67 240.509
car -1 -1 0.00 0.00 0.00 100.00 100.00 -1000 1.92 5.30 14.80 -1000 24.97 1.42 234.778
car -1 -1 0.00 0.00 0.00 100.00 100.00 -1000 1.72 4.41 2.74 -1000 8.12 1.62 233.131
car -1 -1 0.00 0.00 0.00 100.00 100.00 -1000 2.04 5.22 10.50 -1000 45.56 1.59 232.433
car -1 -1 0.00 0.00 0.00 100.00 100.00 -1000 1.78 4.42 13.76 -1000 39.60 1.61 230.452
car -1 -1 0.00 0.00 0.00 100.00 100.00 -1000 1.97 5.58 -2.72 -1000 13.93 1.41 228.870
car -1 -1 0.00 0.00 0.00 100.00 100.00 -1000 1.96 5.40 8.48 -1000 23.62 1.56 227.284
car -1 -1 0.00 0.00 0.00 100.00 100.00 -1000 1.95 5.40 15.98 -1000 21.46 1.59 225.334
car -1 -1 0.00 0.00 0.00 100.00 100.00 -1000 1.74 4.16 18.59 -1000 23.44 1.60 224.357
car -1 -1 0.00 0.00 0.00 100.00 100.00 -1000 1.90 5.02 7.49 -1000 37.09 1.52 223.781
car -1 -1 0.00 0.00 0.00 100.00 100.00 -1000 1.89 4.11 -9.06 -1000 18.60 1.49 221.581
