car -1 -1 0.00 0.00 0.00 100.00 100.00 -1000 1.83 4.22 -8.34 -1000 28.18 -0.30 998.409
car -1 -1 0.00 0.00 0.00 100.00 100.00 -1000 1.79 4.29 2.93 -1000 13.72 -0.15 996.516
car -1 -1 0.00 0.00 0.00 100.00 100.00 -1000 1.59 3.49 3.35 -1000 14.54 1.58 995.234
car -1 -1 0.00 0.00 0.00 100.00 100.00 -1000 1.58 3.35 -1.90 -1000 28.89 1.51 994.594
car -1 -1 0.00 0.00 0.00 100.00 100.00 -1000 1.60 3.41 -8.79 -1000 29.10 1.53 990.149
car -1 -1 0.00 0.00 0.00 100.00 100.00 -1000 1.70 4.59 -6.73 -1000 28.01 -0.21 986.199
car -1 -1 0.00 0.00 0.00 100.00 100.00 -1000 1.58 3.42 -10.72 -1000 29.38 1.51 984.432
car -1 -1 0.00 0.00 0.00 100.00 100.00 -1000 1.65 4.31 -15.21 -1000 32.79 -0.34 982.951
car -1 -1 0.00 0.00 0.00 100.00 100.00 -1000 1.56 3.57 -5.79 -1000 28.96 1.61 982.624
car -1 -1 0.00 0.00 0.00 100.00 100.00 -1000 1.72 4.30 -1.98 -1000 27.97 -0.28 982.562
car -1 -1 0.00 0.00 0.00 100.00 100.00 -1000 1.58 3.34 -7.50 -1000 29.38 1.55 976.869
car -1 -1 0.00 0.00 0.00 100.00 100.00 -1000 1.66 4.20 -13.53 -1000 33.26 -0.30 974.614
car -1 -1 0.00 0.00 0.00 100.00 100.00 -1000 1.63 3.74 2.55 -1000 15.18 1.48 974.520
car -1 -1 0.00 0.00 0.00 100.00 100.00 -1000 1.53 3.53 -10.62 -1000 28.47 -0.06 973.139
car -1 -1 0.00 0.00 0.00 100.00 100.00 -1000 1.50 3.18 -14.56 -1000 33.88 1.56 971.736
car -1 -1 0.00 0.00 0.00 100.00 100.00 -1000 1.63 3.54 -1.65 -1000 29.80 1.59 968.408
car -1 -1 0.00 0.00 0.00 100.00 100.00 -1000 1.56 3.32 -11.92 -1000 29.10 1.54 966.194
car -1 -1 0.00 0.00 0.00 100.00 100.00 -1000 1.58 4.12 3.78 -1000 26.66 1.59 963.338
car -1 -1 0.00 0.00 0.00 100.00 100.00 -1000 1.53 3.42 -13.45 -1000 28.94 1.55 959.490
car -1 -1 0.00 0.00 0.00 100.00 100.00 -1000 2.10 5.16 -5.06 -1000 30.51 1.57 956.242
car -1 -1 0.00 0.00 0.00 100.00 100.00 -1000 1.56 3.29 4.50 -1000 13.80 1.65 954.806
car -1 -1 0.00 0.00 0.00 100.00 100.00 -1000 1.56 3.53 -4.11 -1000 29.07 1.57 953.761
car -1 -1 0.00 0.00 0.00 100.00 100.00 -1000 1.52 3.28 -14.67 -1000 28.62 1.53 953.232
car -1 -1 0.00 0.00 0.00 100.00 100.00 -1000 1.48 3.12 -13.51 -1000 34.26 1.55 952.908
car -1 -1 0.00 0.00 0.00 100.00 100.00 -1000 2.45 7.86 -8.08 -1000 30.36 1.42 945.392
car -1 -1 0.00 0.00 0.00 100.00 100.00 -1000 1.58 3.56 -6.40 -1000 12.54 1.56 940.649
car -1 -1 0.00 0.00 0.00 100.00 100.00 -1000 1.76 4.50 -8.61 -1000 30.04 1.44 939.819
car -1 -1 0.00 0.00 0.00 100.00 100.00 -1000 1.51 3.61 2.88 -1000 32.20 1.54 934.439
car -1 -1 0.00 0.00 0.00 100.00 100.00 -1000 2.39 7.03 -5.15 -1000 31.29 1.49 932.256
car -1 -1 0.00 0.00 0.00 100.00 100.00 -1000 1.50 3.20 5.82 -1000 13.71 1.61 928.797
car -1 -1 0.00 0.00 0.00 100.00 100.00 -1000 1.46 3.38 -15.76 -1000 33.52 1.51 926.557
car -1 -1 0.00 0.00 0.00 100.00 100.00 -1000 1.53 3.29 4.24 -1000 7.21 1.58 920.684
car -1 -1 0.00 0.00 0.00 100.00 100.00 -1000 1.62 3.60 -13.14 -1000 28.12 -0.13 920.449
car -1 -1 0.00 0.00 0.00 100.00 100.00 -1000 1.62 3.56 -16.34 -1000 28.10 1.54 917.348
car -1 -1 0.00 0.00 0.00 100.00 100.00 -1000 1.65 3.87 4.95 -1000 14.87 1.62 916.356
car -1 -1 0.00 0.00 0.00 100.00 100.00 -1000 2.20 5.75 3.41 -1000 15.87 1.54 916.250
car -1 -1 0.00 0.00 0.00 100.00 100.00 -1000 2.01 4.00 2.76 -1000 25.55 -0.25 915.919
car -1 -1 0.00 0.00 0.00 100.00 100.00 -1000 1.48 3.25 -16.26 -1000 32.34 -0.31 915.554
car -1 -1 0.00 0.00 0.00 100.00 100.00 -1000 1.65 3.43 3.85 -1000 13.09 -0.23 913.754
car -1 -1 0.00 0.00 0.00 100.00 100.00 -1000 1.68 3.80 -6.19 -1000 29.73 1.54 908.751
car -1 -1 0.00 0.00 0.00 100.00 100.00 -1000 1.55 3.44 -14.72 -1000 27.76 -0.13 907.448
car -1 -1 0.00 0.00 0.00 100.00 100.00 -1000 1.07 2.36 -8.81 -1000 28.48 -0.10 905.465
car -1 -1 0.00 0.00 0.00 100.00 100.00 -1000 1.85 4.79 -5.86 -1000 13.53 1.50 902.362
car -1 -1 0.00 0.00 0.00 100.00 100.00 -1000 1.72 3.93 -3.23 -1000 14.38 1.47 897.348
car -1 -1 0.00 0.00 0.00 100.00 100.00 -1000 1.87 5.00 -1.49 -1000 30.41 1.47 897.260
car -1 -1 0.00 0.00 0.00 100.00 100.00 -1000 1.61 3.47 6.57 -1000 14.40 1.60 895.382
car -1 -1 0.00 0.00 0.00 100.00 100.00 -1000 1.53 3.19 -17.15 -1000 27.49 1.57 893.581
car -1 -1 0.00 0.00 0.00 100.00 100.00 -1000 1.59 3.39 6.72 -1000 46.42 1.60 892.862
car -1 -1 0.00 0.00 0.00 100.00 100.00 -1000 1.68 3.88 -3.56 -1000 29.80 1.64 890.007
car -1 -1 0.00 0.00 0.00 100.00 100.00 -1000 1.59 3.35 1.79 -1000 14.58 1.50 887.377
car -1 -1 0.00 0.00 0.00 100.00 100.00 -1000 1.51 3.26 -12.14 -1000 34.38 1.59 885.016
car -1 -1 0.00 0.00 0.00 100.00 100.00 -1000 1.57 3.83 -4.50 -1000 46.48 -0.23 874.534
car -1 -1 0.00 0.00 0.00 100.00 100.00 -1000 1.92 5.13 6.96 -1000 17.29 1.42 861.389
car -1 -1 0.00 0.00 0.00 100.00 100.00 -1000 1.49 3.29 5.15 -1000 12.79 -0.22 860.783
car -1 -1 0.00 0.00 0.00 100.00 100.00 -1000 1.51 3.33 7.09 -1000 26.59 1.50 860.476
car -1 -1 0.00 0.00 0.00 100.00 100.00 -1000 2.40 7.19 5.50 -1000 16.33 1.43 859.340
car -1 -1 0.00 0.00 0.00 100.00 100.00 -1000 1.86 4.94 -10.89 -1000 30.03 1.46 859.101
car -1 -1 0.00 0.00 0.00 100.00 100.00 -1000 1.63 3.28 -3.86 -1000 28.22 -0.10 854.144
car -1 -1 0.00 0.00 0.00 100.00 100.00 -1000 1.45 3.34 4.26 -1000 6.39 -0.19 852.674
car -1 -1 0.00 0.00 0.00 100.00 100.00 -1000 2.80 9.13 -9.34 -1000 31.32 1.37 851.588
car -1 -1 0.00 0.00 0.00 100.00 100.00 -1000 1.58 4.19 7.25 -1000 33.05 1.61 848.905
car -1 -1 0.00 0.00 0.00 100.00 100.00 -1000 1.00 2.69 -7.38 -1000 28.44 -0.11 847.512
car -1 -1 0.00 0.00 0.00 100.00 100.00 -1000 1.43 2.91 -4.83 -1000 7.79 1.55 847.425
car -1 -1 0.00 0.00 0.00 100.00 100.00 -1000 1.96 5.37 6.05 -1000 15.57 1.49 843.916
car -1 -1 0.00 0.00 0.00 100.00 100.00 -1000 1.66 5.70 -11.35 -1000 28.01 -0.27 843.422
car -1 -1 0.00 0.00 0.00 100.00 100.00 -1000 1.59 3.88 -12.09 -1000 33.48 -0.24 841.491
car -1 -1 0.00 0.00 0.00 100.00 100.00 -1000 1.62 4.09 -3.93 -1000 13.76 1.57 836.773
car -1 -1 0.00 0.00 0.00 100.00 100.00 -1000 2.03 5.88 -12.32 -1000 29.60 1.50 834.776
car -1 -1 0.00 0.00 0.00 100.00 100.00 -1000 1.62 3.45 5.53 -1000 46.08 1.66 833.232
car -1 -1 0.00 0.00 0.00 100.00 100.00 -1000 1.79 4.47 2.98 -1000 32.94 1.51 828.041
car -1 -1 0.00 0.00 0.00 100.00 100.00 -1000 1.47 2.94 -18.35 -1000 27.11 1.59 824.329
car -1 -1 0.00 0.00 0.00 100.00 100.00 -1000 1.69 3.72 2.67 -1000 31.16 -0.19 823.304
car -1 -1 0.00 0.00 0.00 100.00 100.00 -1000 1.92 4.94 -15.07 -1000 29.22 1.55 818.470
car -1 -1 0.00 0.00 0.00 100.00 100.00 -1000 2.75 9.34 -11.17 -1000 30.49 1.46 812.190
car -1 -1 0.00 0.00 0.00 100.00 100.00 -1000 1.57 3.33 -5.95 -1000 11.78 1.70 811.787
car -1 -1 0.00 0.00 0.00 100.00 100.00 -1000 1.54 3.53 -10.99 -1000 34.68 1.60 807.474
car -1 -1 0.00 0.00 0.00 100.00 100.00 -1000 1.60 3.45 7.29 -1000 32.18 1.45 806.932
car -1 -1 0.00 0.00 0.00 100.00 100.00 -1000 1.60 3.66 4.92 -1000 45.27 1.57 803.765
car -1 -1 0.00 0.00 0.00 100.00 100.00 -1000 1.83 3.77 -4.53 -1000 47.47 1.60 802.606
car -1 -1 0.00 0.00 0.00 100.00 100.00 -1000 1.57 3.60 5.91 -1000 7.62 1.60 802.346
car -1 -1 0.00 0.00 0.00 100.00 100.00 -1000 1.68 3.65 -17.08 -1000 31.43 1.59 795.879
car -1 -1 0.00 0.00 0.00 100.00 100.00 -1000 1.47 3.19 -7.79 -1000 11.81 1.47 789.409
car -1 -1 0.00 0.00 0.00 100.00 100.00 -1000 1.66 3.80 7.59 -1000 47.10 1.64 789.290
car -1 -1 0.00 0.00 0.00 100.00 100.00 -1000 1.54 3.69 -18.49 -1000 27.79 1.48 786.180
car -1 -1 0.00 0.00 0.00 100.00 100.00 -1000 2.10 5.55 -3.65 -1000 15.26 1.51 785.541
car -1 -1 0.00 0.00 0.00 100.00 100.00 -1000 1.69 4.13 7.09 -1000 27.81 1.59 775.981
car -1 -1 0.00 0.00 0.00 100.00 100.00 -1000 1.89 5.22 4.95 -1000 33.08 1.56 773.298
car -1 -1 0.00 0.00 0.00 100.00 100.00 -1000 3.16 9.13 -14.65 -1000 30.88 1.49 772.717
car -1 -1 0.00 0.00 0.00 100.00 100.00 -1000 1.52 3.51 6.88 -1000 25.80 1.60 772.004
car -1 -1 0.00 0.00 0.00 100.00 100.00 -1000 1.52 3.53 -4.51 -1000 12.82 1.59 771.164
car -1 -1 0.00 0.00 0.00 100.00 100.00 -1000 1.40 3.40 -3.86 -1000 7.46 1.63 759.856
car -1 -1 0.00 0.00 0.00 100.00 100.00 -1000 1.90 5.68 -13.10 -1000 34.86 1.49 754.720
car -1 -1 0.00 0.00 0.00 100.00 100.00 -1000 1.99 4.57 -10.68 -1000 27.19 1.41 753.402
car -1 -1 0.00 0.00 0.00 100.00 100.00 -1000 1.66 3.63 2.14 -1000 13.08 1.43 751.087
car -1 -1 0.00 0.00 0.00 100.00 100.00 -1000 2.33 5.73 -5.26 -1000 14.47 1.48 750.156
car -1 -1 0.00 0.00 0.00 100.00 100.00 -1000 1.56 3.26 2.91 -1000 43.51 1.59 749.404
car -1 -1 0.00 0.00 0.00 100.00 100.00 -1000 2.25 6.19 -16.64 -1000 30.28 1.56 746.110
car -1 -1 0.00 0.00 0.00 100.00 100.00 -1000 1.19 2.81 -11.75 -1000 28.21 -0.21 741.605
car -1 -1 0.00 0.00 0.00 100.00 100.00 -1000 1.66 3.69 6.44 -1000 45.58 -0.20 738.169
car -1 -1 0.00 0.00 0.00 100.00 100.00 -1000 2.03 5.93 -17.83 -1000 28.49 1.55 737.735
car -1 -1 0.00 0.00 0.00 100.00 100.00 -1000 1.67 3.55 -10.51 -1000 33.62 1.56 735.300
car -1 -1 0.00 0.00 0.00 100.00 100.00 -1000 1.57 3.10 6.60 -1000 12.91 1.64 734.614
car -1 -1 0.00 0.00 0.00 100.00 100.00 -1000 1.71 4.12 6.59 -1000 8.55 1.65 731.685
car -1 -1 0.00 0.00 0.00 100.00 100.00 -1000 2.35 6.49 -1.21 -1000 31.31 1.64 729.191
car -1 -1 0.00 0.00 0.00 100.00 100.00 -1000 1.90 4.31 -12.63 -1000 27.31 1.55 727.074
car -1 -1 0.00 0.00 0.00 100.00 100.00 -1000 1.97 4.62 2.80 -1000 7.58 1.55 721.986
car -1 -1 0.00 0.00 0.00 100.00 100.00 -1000 1.72 3.75 3.06 -1000 20.17 -0.18 719.793
car -1 -1 0.00 0.00 0.00 100.00 100.00 -1000 2.42 6.88 -1.11 -1000 32.55 1.52 715.633
car -1 -1 0.00 0.00 0.00 100.00 100.00 -1000 2.13 5.92 -9.80 -1000 32.11 1.59 696.791
car -1 -1 0.00 0.00 0.00 100.00 100.00 -1000 1.77 4.18 -1.12 -1000 33.41 1.52 693.308
car -1 -1 0.00 0.00 0.00 100.00 100.00 -1000 1.54 3.92 -4.69 -1000 34.65 1.75 687.521
car -1 -1 0.00 0.00 0.00 100.00 100.00 -1000 1.74 5.14 7.53 -1000 34.06 1.53 681.308
car -1 -1 0.00 0.00 0.00 100.00 100.00 -1000 2.66 7.67 -4.87 -1000 32.55 1.37 681.033
car -1 -1 0.00 0.00 0.00 100.00 100.00 -1000 1.57 3.62 4.00 -1000 43.97 1.59 677.089
car -1 -1 0.00 0.00 0.00 100.00 100.00 -1000 1.67 4.01 -4.92 -1000 33.57 1.66 675.131
car -1 -1 0.00 0.00 0.00 100.00 100.00 -1000 1.74 3.94 7.03 -1000 18.43 1.58 671.377
car -1 -1 0.00 0.00 0.00 100.00 100.00 -1000 1.63 3.51 2.87 -1000 42.46 -0.25 668.909
car -1 -1 0.00 0.00 0.00 100.00 100.00 -1000 1.74 4.13 7.38 -1000 28.68 1.60 655.885
car -1 -1 0.00 0.00 0.00 100.00 100.00 -1000 1.56 3.76 -16.80 -1000 33.07 1.66 652.000
car -1 -1 0.00 0.00 0.00 100.00 100.00 -1000 1.73 4.23 5.38 -1000 27.06 1.63 651.894
car -1 -1 0.00 0.00 0.00 100.00 100.00 -1000 1.96 4.74 -18.12 -1000 29.84 1.62 648.553
car -1 -1 0.00 0.00 0.00 100.00 100.00 -1000 2.62 7.69 -12.14 -1000 31.77 1.29 647.938
car -1 -1 0.00 0.00 0.00 100.00 100.00 -1000 1.81 4.97 -14.80 -1000 34.56 1.54 644.711
car -1 -1 0.00 0.00 0.00 100.00 100.00 -1000 1.38 2.90 -6.77 -1000 11.35 -0.03 641.661
car -1 -1 0.00 0.00 0.00 100.00 100.00 -1000 1.67 3.87 -0.84 -1000 28.45 1.65 638.002
car -1 -1 0.00 0.00 0.00 100.00 100.00 -1000 1.75 4.30 -0.02 -1000 29.14 1.65 623.211
car -1 -1 0.00 0.00 0.00 100.00 100.00 -1000 1.70 4.78 2.82 -1000 20.94 1.56 619.263
car -1 -1 0.00 0.00 0.00 100.00 100.00 -1000 1.85 4.43 7.18 -1000 36.90 1.75 617.905
car -1 -1 0.00 0.00 0.00 100.00 100.00 -1000 1.43 3.64 1.05 -1000 13.81 1.50 609.824
car -1 -1 0.00 0.00 0.00 100.00 100.00 -1000 2.60 7.97 3.58 -1000 16.85 1.47 601.326
car -1 -1 0.00 0.00 0.00 100.00 100.00 -1000 1.63 3.79 -10.87 -1000 14.22 1.66 597.270
car -1 -1 0.00 0.00 0.00 100.00 100.00 -1000 1.70 4.63 2.89 -1000 27.28 1.58 594.583
car -1 -1 0.00 0.00 0.00 100.00 100.00 -1000 1.86 5.22 -7.33 -1000 13.18 1.59 590.178
car -1 -1 0.00 0.00 0.00 100.00 100.00 -1000 1.95 5.28 4.40 -1000 27.83 1.54 588.590
car -1 -1 0.00 0.00 0.00 100.00 100.00 -1000 1.35 3.15 -19.30 -1000 26.79 1.48 581.017
car -1 -1 0.00 0.00 0.00 100.00 100.00 -1000 1.76 4.58 7.28 -1000 31.07 1.47 580.172
car -1 -1 0.00 0.00 0.00 100.00 100.00 -1000 1.67 3.94 3.80 -1000 12.09 1.56 577.243
car -1 -1 0.00 0.00 0.00 100.00 100.00 -1000 1.90 3.83 -15.72 -1000 31.67 1.69 569.679
car -1 -1 0.00 0.00 0.00 100.00 100.00 -1000 2.27 6.11 -10.20 -1000 35.37 1.75 568.225
car -1 -1 0.00 0.00 0.00 100.00 100.00 -1000 1.74 5.33 7.21 -1000 37.95 1.66 563.141
car -1 -1 0.00 0.00 0.00 100.00 100.00 -1000 1.73 4.64 -13.12 -1000 32.21 1.45 551.642
car -1 -1 0.00 0.00 0.00 100.00 100.00 -1000 1.73 3.52 -5.57 -1000 27.58 1.68 551.154
car -1 -1 0.00 0.00 0.00 100.00 100.00 -1000 3.01 9.59 -9.13 -1000 32.61 1.43 541.467
car -1 -1 0.00 0.00 0.00 100.00 100.00 -1000 1.74 4.01 5.44 -1000 25.94 1.58 534.412
car -1 -1 0.00 0.00 0.00 100.00 100.00 -1000 2.11 5.20 7.06 -1000 29.49 1.55 526.078
car -1 -1 0.00 0.00 0.00 100.00 100.00 -1000 1.97 4.66 -4.68 -1000 35.69 1.65 521.852
car -1 -1 0.00 0.00 0.00 100.00 100.00 -1000 1.59 3.71 6.39 -1000 12.16 1.61 515.121
car -1 -1 0.00 0.00 0.00 100.00 100.00 -1000 1.77 4.34 -14.12 -1000 26.94 1.60 508.346
car -1 -1 0.00 0.00 0.00 100.00 100.00 -1000 1.90 4.71 7.05 -1000 19.61 1.70 507.353
car -1 -1 0.00 0.00 0.00 100.00 100.00 -1000 2.44 4.65 -9.03 -1000 27.32 1.72 500.490
car -1 -1 0.00 0.00 0.00 100.00 100.00 -1000 1.97 5.45 -4.44 -1000 8.10 1.45 494.152
car -1 -1 0.00 0.00 0.00 100.00 100.00 -1000 1.70 3.93 -8.76 -1000 12.47 1.56 482.132
car -1 -1 0.00 0.00 0.00 100.00 100.00 -1000 1.90 5.58 5.54 -1000 46.85 1.57 481.494
car -1 -1 0.00 0.00 0.00 100.00 100.00 -1000 2.17 5.09 6.64 -1000 10.02 1.49 477.268
car -1 -1 0.00 0.00 0.00 100.00 100.00 -1000 1.90 5.41 7.32 -1000 35.00 1.41 476.751
car -1 -1 0.00 0.00 0.00 100.00 100.00 -1000 1.82 4.22 2.37 -1000 30.31 1.43 475.800
car -1 -1 0.00 0.00 0.00 100.00 100.00 -1000 1.65 3.43 -16.30 -1000 26.75 1.63 470.301
car -1 -1 0.00 0.00 0.00 100.00 100.00 -1000 1.77 4.18 -2.92 -1000 13.00 1.58 468.694
car -1 -1 0.00 0.00 0.00 100.00 100.00 -1000 1.65 4.49 -4.21 -1000 43.10 1.53 463.349
car -1 -1 0.00 0.00 0.00 100.00 100.00 -1000 1.75 4.74 8.00 -1000 14.95 1.58 459.622
car -1 -1 0.00 0.00 0.00 100.00 100.00 -1000 3.50 12.51 -6.29 -1000 31.76 1.39 452.468
car -1 -1 0.00 0.00 0.00 100.00 100.00 -1000 2.13 6.66 1.12 -1000 31.82 1.55 450.106
car -1 -1 0.00 0.00 0.00 100.00 100.00 -1000 1.87 4.20 6.55 -1000 11.27 1.54 445.603
car -1 -1 0.00 0.00 0.00 100.00 100.00 -1000 1.69 3.68 -2.54 -1000 27.25 1.49 431.832
car -1 -1 0.00 0.00 0.00 100.00 100.00 -1000 1.52 3.41 3.75 -1000 43.00 1.64 428.979
car -1 -1 0.00 0.00 0.00 100.00 100.00 -1000 2.00 5.17 -4.45 -1000 41.97 1.73 428.820
car -1 -1 0.00 0.00 0.00 100.00 100.00 -1000 1.62 3.27 -9.95 -1000 34.29 -0.26 426.724
car -1 -1 0.00 0.00 0.00 100.00 100.00 -1000 1.59 3.47 -2.26 -1000 23.66 -0.32 418.883
car -1 -1 0.00 0.00 0.00 100.00 100.00 -1000 1.68 3.96 7.99 -1000 13.81 1.60 408.390
car -1 -1 0.00 0.00 0.00 100.00 100.00 -1000 1.80 4.73 6.77 -1000 6.99 1.61 407.162
car -1 -1 0.00 0.00 0.00 100.00 100.00 -1000 1.92 4.65 7.42 -1000 44.84 1.60 405.124
car -1 -1 0.00 0.00 0.00 100.00 100.00 -1000 1.94 6.76 7.40 -1000 38.90 1.56 403.635
car -1 -1 0.00 0.00 0.00 100.00 100.00 -1000 1.88 4.75 -9.89 -1000 13.30 1.64 399.057
car -1 -1 0.00 0.00 0.00 100.00 100.00 -1000 1.57 4.09 -5.72 -1000 34.21 1.46 392.653
car -1 -1 0.00 0.00 0.00 100.00 100.00 -1000 1.82 4.75 7.26 -1000 16.14 1.60 389.166
car -1 -1 0.00 0.00 0.00 100.00 100.00 -1000 1.97 4.92 -1.32 -1000 26.85 1.39 387.321
car -1 -1 0.00 0.00 0.00 100.00 100.00 -1000 1.94 6.13 1.28 -1000 15.67 1.45 385.579
car -1 -1 0.00 0.00 0.00 100.00 100.00 -1000 1.83 4.37 -5.56 -1000 22.02 1.57 383.315
car -1 -1 0.00 0.00 0.00 100.00 100.00 -1000 1.96 5.36 1.92 -1000 29.39 1.61 378.860
car -1 -1 0.00 0.00 0.00 100.00 100.00 -1000 2.38 6.34 -6.55 -1000 33.46 1.48 378.496
car -1 -1 0.00 0.00 0.00 100.00 100.00 -1000 2.36 5.66 3.61 -1000 33.83 1.56 377.432
car -1 -1 0.00 0.00 0.00 100.00 100.00 -1000 1.77 4.48 7.17 -1000 24.77 1.50 367.578
car -1 -1 0.00 0.00 0.00 100.00 100.00 -1000 1.47 3.17 -11.71 -1000 13.38 1.56 367.309
car -1 -1 0.00 0.00 0.00 100.00 100.00 -1000 1.91 5.00 5.72 -1000 44.49 1.58 348.603
car -1 -1 0.00 0.00 0.00 100.00 100.00 -1000 1.91 4.28 -2.66 -1000 24.69 1.68 348.168
car -1 -1 0.00 0.00 0.00 100.00 100.00 -1000 2.44 7.66 -7.26 -1000 14.03 1.55 342.512
car -1 -1 0.00 0.00 0.00 100.00 100.00 -1000 2.17 5.83 -4.66 -1000 26.77 1.48 333.746
car -1 -1 0.00 0.00 0.00 100.00 100.00 -1000 1.78 4.37 8.30 -1000 46.17 1.59 333.487
car -1 -1 0.00 0.00 0.00 100.00 100.00 -1000 1.79 5.16 2.57 -1000 6.29 1.56 327.570
car -1 -1 0.00 0.00 0.00 100.00 100.00 -1000 1.72 4.22 4.01 -1000 31.59 1.61 326.393
car -1 -1 0.00 0.00 0.00 100.00 100.00 -1000 1.63 3.62 4.73 -1000 42.01 1.41 323.633
car -1 -1 0.00 0.00 0.00 100.00 100.00 -1000 2.24 5.99 -3.16 -1000 33.07 1.53 322.808
car -1 -1 0.00 0.00 0.00 100.00 100.00 -1000 2.38 7.23 -5.06 -1000 36.51 1.42 321.494
car -1 -1 0.00 0.00 0.00 100.00 100.00 -1000 1.74 4.65 1.93 -1000 26.33 1.59 318.835
car -1 -1 0.00 0.00 0.00 100.00 100.00 -1000 2.02 5.28 7.04 -1000 20.65 1.48 316.200
car -1 -1 0.00 0.00 0.00 100.00 100.00 -1000 3.22 9.77 -13.54 -1000 35.54 1.67 315.665
car -1 -1 0.00 0.00 0.00 100.00 100.00 -1000 1.05 2.08 -16.10 -1000 27.15 0.01 311.879
car -1 -1 0.00 0.00 0.00 100.00 100.00 -1000 1.72 3.78 -11.65 -1000 12.56 1.55 309.644
car -1 -1 0.00 0.00 0.00 100.00 100.00 -1000 1.63 4.51 -2.83 -1000 19.62 1.57 308.126
car -1 -1 0.00 0.00 0.00 100.00 100.00 -1000 2.04 6.08 7.45 -1000 35.89 1.44 307.469
car -1 -1 0.00 0.00 0.00 100.00 100.00 -1000 2.00 6.15 5.91 -1000 9.16 1.54 306.639
car -1 -1 0.00 0.00 0.00 100.00 100.00 -1000 1.86 4.10 2.63 -1000 19.38 -0.04 305.930
car -1 -1 0.00 0.00 0.00 100.00 100.00 -1000 1.78 4.84 7.86 -1000 11.67 1.59 299.361
car -1 -1 0.00 0.00 0.00 100.00 100.00 -1000 1.87 5.29 2.21 -1000 12.28 1.42 289.495
car -1 -1 0.00 0.00 0.00 100.00 100.00 -1000 1.75 3.61 -5.06 -1000 45.73 1.39 288.972
car -1 -1 0.00 0.00 0.00 100.00 100.00 -1000 2.14 5.71 -8.16 -1000 33.02 1.53 288.649
car -1 -1 0.00 0.00 0.00 100.00 100.00 -1000 1.94 5.92 7.09 -1000 22.09 1.36 287.410
car -1 -1 0.00 0.00 0.00 100.00 100.00 -1000 1.59 4.06 3.58 -1000 5.61 1.60 280.322
car -1 -1 0.00 0.00 0.00 100.00 100.00 -1000 2.18 5.16 -6.98 -1000 27.00 1.55 270.848
car -1 -1 0.00 0.00 0.00 100.00 100.00 -1000 1.77 5.45 -4.05 -1000 43.86 1.54 268.226
car -1 -1 0.00 0.00 0.00 100.00 100.00 -1000 1.94 6.92 7.61 -1000 40.63 1.50 264.007
car -1 -1 0.00 0.00 0.00 100.00 100.00 -1000 1.81 4.30 -6.37 -1000 35.51 1.50 263.729
car -1 -1 0.00 0.00 0.00 100.00 100.00 -1000 1.78 4.38 1.78 -1000 28.21 1.61 262.050
car -1 -1 0.00 0.00 0.00 100.00 100.00 -1000 1.51 3.76 -6.58 -1000 34.73 1.48 261.977
car -1 -1 0.00 0.00 0.00 100.00 100.00 -1000 1.69 3.81 4.82 -1000 43.39 1.60 253.399
car -1 -1 0.00 0.00 0.00 100.00 100.00 -1000 1.76 3.81 -4.20 -1000 41.22 -0.45 249.466
car -1 -1 0.00 0.00 0.00 100.00 100.00 -1000 1.80 5.80 2.96 -1000 21.71 1.73 249.071
car -1 -1 0.00 0.00 0.00 100.00 100.00 -1000 2.18 5.95 -5.05 -1000 37.73 1.67 247.351
car -1 -1 0.00 0.00 0.00 100.00 100.00 -1000 0.45 1.08 -8.70 -1000 28.74 -0.16 245.129
car -1 -1 0.00 0.00 0.00 100.00 100.00 -1000 1.23 3.58 -5.65 -1000 7.32 1.49 244.858
car -1 -1 0.00 0.00 0.00 100.00 100.00 -1000 1.75 5.45 -5.54 -1000 20.77 1.47 240.663
car -1 -1 0.00 0.00 0.00 100.00 100.00 -1000 2.04 5.23 3.54 -1000 29.82 1.53 240.289
car -1 -1 0.00 0.00 0.00 100.00 100.00 -1000 2.10 7.11 0.80 -1000 16.89 1.48 237.532
car -1 -1 0.00 0.00 0.00 100.00 100.00 -1000 1.83 5.47 2.11 -1000 8.35 1.52 237.455
car -1 -1 0.00 0.00 0.00 100.00 100.00 -1000 1.76 5.36 3.43 -1000 24.67 1.57 237.412
car -1 -1 0.00 0.00 0.00 100.00 100.00 -1000 1.95 5.00 -4.65 -1000 45.06 1.51 234.652
car -1 -1 0.00 0.00 0.00 100.00 100.00 -1000 1.91 6.40 -9.61 -1000 14.75 1.60 232.993
car -1 -1 0.00 0.00 0.00 100.00 100.00 -1000 0.87 1.40 -4.46 -1000 7.46 -0.20 232.458
car -1 -1 0.00 0.00 0.00 100.00 100.00 -1000 2.02 5.16 3.98 -1000 28.96 1.56 230.811
car -1 -1 0.00 0.00 0.00 100.00 100.00 -1000 1.84 4.92 4.25 -1000 11.12 1.51 229.930
car -1 -1 0.00 0.00 0.00 100.00 100.00 -1000 1.96 4.67 -0.29 -1000 27.54 1.51 229.270
car -1 -1 0.00 0.00 0.00 100.00 100.00 -1000 2.00 5.47 -0.19 -1000 26.27 1.45 228.990
car -1 -1 0.00 0.00 0.00 100.00 100.00 -1000 2.67 7.80 -16.00 -1000 35.07 1.50 226.625
car -1 -1 0.00 0.00 0.00 100.00 100.00 -1000 1.81 4.44 6.83 -1000 43.61 1.61 225.130
car -1 -1 0.00 0.00 0.00 100.00 100.00 -1000 2.36 7.19 3.57 -1000 18.02 1.51 224.096
car -1 -1 0.00 0.00 0.00 100.00 100.00 -1000 1.99 5.05 -1.00 -1000 34.22 1.67 222.012
car -1 -1 0.00 0.00 0.00 100.00 100.00 -1000 1.82 5.49 0.12 -1000 14.48 1.46 218.427
car -1 -1 0.00 0.00 0.00 100.00 100.00 -1000 1.91 5.42 4.46 -1000 8.31 1.56 218.272
car -1 -1 0.00 0.00 0.00 100.00 100.00 -1000 1.61 3.64 -6.68 -1000 10.67 1.58 216.489
car -1 -1 0.00 0.00 0.00 100.00 100.00 -1000 1.71 4.27 8.48 -1000 27.18 1.63 212.660
car -1 -1 0.00 0.00 0.00 100.00 100.00 -1000 2.56 6.06 -18.11 -1000 31.18 1.57 208.448
car -1 -1 0.00 0.00 0.00 100.00 100.00 -1000 1.88 4.78 -16.49 -1000 20.35 1.48 207.545
car -1 -1 0.00 0.00 0.00 100.00 100.00 -1000 2.19 5.01 4.43 -1000 37.56 1.68 206.567
car -1 -1 0.00 0.00 0.00 100.00 100.00 -1000 1.75 4.75 -8.68 -1000 34.80 1.61 204.978
car -1 -1 0.00 0.00 0.00 100.00 100.00 -1000 2.03 5.06 -4.26 -1000 20.05 1.59 203.598
car -1 -1 0.00 0.00 0.00 100.00 100.00 -1000 2.02 4.63 -3.55 -1000 22.96 1.66 202.331
car -1 -1 0.00 0.00 0.00 100.00 100.00 -1000 2.37 8.70 -7.17 -1000 26.49 1.32 200.830
car -1 -1 0.00 0.00 0.00 100.00 100.00 -1000 1.76 4.80 -15.30 -1000 26.15 1.54 199.192
car -1 -1 0.00 0.00 0.00 100.00 100.00 -1000 1.04 1.76 -17.36 -1000 26.54 -0.09 198.907
car -1 -1 0.00 0.00 0.00 100.00 100.00 -1000 1.93 4.78 7.91 -1000 10.55 1.77 196.272
car -1 -1 0.00 0.00 0.00 100.00 100.00 -1000 2.64 6.21 6.94 -1000 23.21 1.63 194.542
car -1 -1 0.00 0.00 0.00 100.00 100.00 -1000 2.30 6.68 0.86 -1000 33.22 1.61 193.834
car -1 -1 0.00 0.00 0.00 100.00 100.00 -1000 1.80 4.76 -3.71 -1000 33.98 1.58 191.760
car -1 -1 0.00 0.00 0.00 100.00 100.00 -1000 2.16 8.35 -12.12 -1000 26.65 1.19 191.140
car -1 -1 0.00 0.00 0.00 100.00 100.00 -1000 1.64 2.71 -4.23 -1000 42.63 -0.08 189.699
car -1 -1 0.00 0.00 0.00 100.00 100.00 -1000 1.03 2.21 -3.32 -1000 14.03 -0.24 187.424
