car -1 -1 0.00 0.00 0.00 100.00 100.00 -1000 1.53 3.39 3.21 -1000 29.11 1.50 997.178
car -1 -1 0.00 0.00 0.00 100.00 100.00 -1000 1.53 3.49 7.61 -1000 14.49 1.50 997.062
car -1 -1 0.00 0.00 0.00 100.00 100.00 -1000 1.47 2.82 3.24 -1000 7.35 1.56 996.876
car -1 -1 0.00 0.00 0.00 100.00 100.00 -1000 1.53 3.60 3.01 -1000 6.42 -0.17 995.890
car -1 -1 0.00 0.00 0.00 100.00 100.00 -1000 1.52 3.76 7.53 -1000 13.38 -0.24 994.586
car -1 -1 0.00 0.00 0.00 100.00 100.00 -1000 1.61 3.64 3.10 -1000 28.28 -0.15 991.232
car -1 -1 0.00 0.00 0.00 100.00 100.00 -1000 1.51 3.19 2.90 -1000 29.91 1.51 988.194
car -1 -1 0.00 0.00 0.00 100.00 100.00 -1000 1.53 3.21 7.09 -1000 27.07 1.51 986.582
car -1 -1 0.00 0.00 0.00 100.00 100.00 -1000 1.47 3.54 7.35 -1000 26.24 -0.21 985.313
car -1 -1 0.00 0.00 0.00 100.00 100.00 -1000 1.63 3.87 2.81 -1000 8.25 1.59 970.922
car -1 -1 0.00 0.00 0.00 100.00 100.00 -1000 1.64 3.53 0.52 -1000 31.30 1.51 969.597
car -1 -1 0.00 0.00 0.00 100.00 100.00 -1000 1.52 3.00 2.24 -1000 30.60 1.54 964.754
car -1 -1 0.00 0.00 0.00 100.00 100.00 -1000 1.44 2.94 -9.84 -1000 45.63 1.56 956.432
car -1 -1 0.00 0.00 0.00 100.00 100.00 -1000 1.45 2.98 -14.34 -1000 23.83 1.57 954.687
car -1 -1 0.00 0.00 0.00 100.00 100.00 -1000 1.44 3.00 -8.61 -1000 45.91 1.55 953.588
car -1 -1 0.00 0.00 0.00 100.00 100.00 -1000 1.48 3.08 12.04 -1000 16.63 1.58 951.707
car -1 -1 0.00 0.00 0.00 100.00 100.00 -1000 1.55 3.21 4.39 -1000 28.83 1.70 951.000
car -1 -1 0.00 0.00 0.00 100.00 100.00 -1000 1.56 3.66 7.35 -1000 15.35 1.51 949.501
car -1 -1 0.00 0.00 0.00 100.00 100.00 -1000 1.58 3.49 4.25 -1000 29.71 1.59 944.035
car -1 -1 0.00 0.00 0.00 100.00 100.00 -1000 2.13 4.32 17.70 -1000 47.44 1.63 943.141
car -1 -1 0.00 0.00 0.00 100.00 100.00 -1000 1.61 3.55 -9.60 -1000 44.76 -0.15 942.476
car -1 -1 0.00 0.00 0.00 100.00 100.00 -1000 1.49 3.06 8.55 -1000 13.93 1.71 942.468
car -1 -1 0.00 0.00 0.00 100.00 100.00 -1000 1.45 3.05 -6.68 -1000 46.40 1.56 939.456
car -1 -1 0.00 0.00 0.00 100.00 100.00 -1000 1.51 3.10 8.38 -1000 26.77 1.69 938.980
car -1 -1 0.00 0.00 0.00 100.00 100.00 -1000 2.34 6.43 2.52 -1000 8.68 1.64 938.597
car -1 -1 0.00 0.00 0.00 100.00 100.00 -1000 1.43 2.96 -4.10 -1000 46.84 1.59 937.115
car -1 -1 0.00 0.00 0.00 100.00 100.00 -1000 1.46 3.23 6.74 -1000 27.77 1.49 935.310
car -1 -1 0.00 0.00 0.00 100.00 100.00 -1000 1.58 3.21 -3.04 -1000 9.77 1.49 933.848
car -1 -1 0.00 0.00 0.00 100.00 100.00 -1000 1.54 3.41 -3.14 -1000 46.31 -0.11 930.771
car -1 -1 0.00 0.00 0.00 100.00 100.00 -1000 1.48 3.04 -10.84 -1000 45.33 1.58 927.257
car -1 -1 0.00 0.00 0.00 100.00 100.00 -1000 1.43 2.95 -3.01 -1000 47.09 1.56 927.025
car -1 -1 0.00 0.00 0.00 100.00 100.00 -1000 1.51 3.46 -8.54 -1000 45.11 -0.15 926.689
car -1 -1 0.00 0.00 0.00 100.00 100.00 -1000 1.42 3.10 10.51 -1000 26.20 1.58 926.313
car -1 -1 0.00 0.00 0.00 100.00 100.00 -1000 1.37 2.80 -5.31 -1000 46.72 1.58 922.054
car -1 -1 0.00 0.00 0.00 100.00 100.00 -1000 1.49 3.18 -0.32 -1000 30.77 1.50 917.068
car -1 -1 0.00 0.00 0.00 100.00 100.00 -1000 2.12 6.03 3.25 -1000 30.78 1.55 915.813
car -1 -1 0.00 0.00 0.00 100.00 100.00 -1000 1.61 3.52 10.50 -1000 25.11 -0.31 913.799
car -1 -1 0.00 0.00 0.00 100.00 100.00 -1000 1.51 3.38 -4.34 -1000 46.05 -0.16 905.672
car -1 -1 0.00 0.00 0.00 100.00 100.00 -1000 1.46 3.08 -14.27 -1000 31.46 1.52 905.313
car -1 -1 0.00 0.00 0.00 100.00 100.00 -1000 1.84 4.88 0.29 -1000 31.98 1.51 901.787
car -1 -1 0.00 0.00 0.00 100.00 100.00 -1000 1.38 3.21 0.75 -1000 30.50 -0.06 898.423
car -1 -1 0.00 0.00 0.00 100.00 100.00 -1000 1.34 2.95 -14.67 -1000 23.10 -0.18 896.110
car -1 -1 0.00 0.00 0.00 100.00 100.00 -1000 1.50 3.54 -7.01 -1000 45.53 -0.22 895.414
car -1 -1 0.00 0.00 0.00 100.00 100.00 -1000 1.51 3.36 12.79 -1000 24.72 1.61 894.009
car -1 -1 0.00 0.00 0.00 100.00 100.00 -1000 1.53 3.48 -5.70 -1000 45.94 -0.16 889.682
car -1 -1 0.00 0.00 0.00 100.00 100.00 -1000 1.56 3.46 6.23 -1000 29.43 1.61 887.239
car -1 -1 0.00 0.00 0.00 100.00 100.00 -1000 1.92 5.29 2.23 -1000 31.58 1.50 877.601
car -1 -1 0.00 0.00 0.00 100.00 100.00 -1000 1.67 3.85 11.46 -1000 15.75 1.56 870.212
car -1 -1 0.00 0.00 0.00 100.00 100.00 -1000 1.50 3.53 12.74 -1000 17.20 1.57 868.847
car -1 -1 0.00 0.00 0.00 100.00 100.00 -1000 1.48 3.24 11.71 -1000 25.83 1.65 867.448
car -1 -1 0.00 0.00 0.00 100.00 100.00 -1000 1.48 3.56 -11.37 -1000 44.66 -0.08 863.353
car -1 -1 0.00 0.00 0.00 100.00 100.00 -1000 1.55 3.54 6.52 -1000 28.67 1.58 858.256
car -1 -1 0.00 0.00 0.00 100.00 100.00 -1000 1.56 3.39 -15.66 -1000 23.52 1.49 856.685
car -1 -1 0.00 0.00 0.00 100.00 100.00 -1000 1.49 2.98 -0.67 -1000 29.98 1.55 855.756
car -1 -1 0.00 0.00 0.00 100.00 100.00 -1000 1.46 3.38 -13.96 -1000 30.67 -0.19 852.992
car -1 -1 0.00 0.00 0.00 100.00 100.00 -1000 1.62 3.78 14.53 -1000 24.30 1.64 848.710
car -1 -1 0.00 0.00 0.00 100.00 100.00 -1000 2.33 6.44 7.67 -1000 15.98 1.64 848.596
car -1 -1 0.00 0.00 0.00 100.00 100.00 -1000 1.51 3.52 8.65 -1000 25.88 -0.15 847.086
car -1 -1 0.00 0.00 0.00 100.00 100.00 -1000 1.76 5.07 -4.49 -1000 47.30 1.50 844.507
car -1 -1 0.00 0.00 0.00 100.00 100.00 -1000 1.53 3.54 4.45 -1000 7.72 1.63 842.841
car -1 -1 0.00 0.00 0.00 100.00 100.00 -1000 1.51 3.21 -4.07 -1000 39.86 -0.13 841.619
car -1 -1 0.00 0.00 0.00 100.00 100.00 -1000 1.53 3.23 5.42 -1000 28.39 1.64 841.045
car -1 -1 0.00 0.00 0.00 100.00 100.00 -1000 1.41 3.28 17.57 -1000 46.49 -0.18 828.638
car -1 -1 0.00 0.00 0.00 100.00 100.00 -1000 1.40 3.12 -6.74 -1000 40.03 1.61 821.895
car -1 -1 0.00 0.00 0.00 100.00 100.00 -1000 1.56 3.21 13.82 -1000 25.05 1.65 819.434
car -1 -1 0.00 0.00 0.00 100.00 100.00 -1000 1.55 3.23 -5.24 -1000 39.58 -0.19 816.998
car -1 -1 0.00 0.00 0.00 100.00 100.00 -1000 1.56 3.67 9.17 -1000 14.91 1.64 815.775
car -1 -1 0.00 0.00 0.00 100.00 100.00 -1000 2.32 6.71 1.89 -1000 33.29 1.41 811.395
car -1 -1 0.00 0.00 0.00 100.00 100.00 -1000 1.68 4.20 8.62 -1000 27.60 1.64 810.802
car -1 -1 0.00 0.00 0.00 100.00 100.00 -1000 1.43 2.93 -3.81 -1000 40.71 1.62 802.897
car -1 -1 0.00 0.00 0.00 100.00 100.00 -1000 1.61 3.83 10.02 -1000 26.92 1.60 800.189
car -1 -1 0.00 0.00 0.00 100.00 100.00 -1000 1.49 3.27 10.62 -1000 31.91 1.57 798.592
car -1 -1 0.00 0.00 0.00 100.00 100.00 -1000 1.67 3.51 -15.28 -1000 31.13 1.52 796.081
car -1 -1 0.00 0.00 0.00 100.00 100.00 -1000 1.74 4.31 5.22 -1000 30.16 1.59 791.937
car -1 -1 0.00 0.00 0.00 100.00 100.00 -1000 1.58 3.54 1.02 -1000 29.57 1.61 791.827
car -1 -1 0.00 0.00 0.00 100.00 100.00 -1000 1.56 3.44 13.09 -1000 25.61 1.57 791.218
car -1 -1 0.00 0.00 0.00 100.00 100.00 -1000 1.45 3.61 -3.29 -1000 8.84 1.55 790.698
car -1 -1 0.00 0.00 0.00 100.00 100.00 -1000 1.36 3.16 18.27 -1000 43.68 1.54 783.852
car -1 -1 0.00 0.00 0.00 100.00 100.00 -1000 1.77 4.20 -10.23 -1000 46.20 1.53 778.847
car -1 -1 0.00 0.00 0.00 100.00 100.00 -1000 1.53 3.17 -5.06 -1000 40.37 1.57 771.467
car -1 -1 0.00 0.00 0.00 100.00 100.00 -1000 1.62 4.20 -13.49 -1000 32.10 1.60 763.585
car -1 -1 0.00 0.00 0.00 100.00 100.00 -1000 1.66 3.38 -1.87 -1000 46.07 -0.20 759.948
car -1 -1 0.00 0.00 0.00 100.00 100.00 -1000 1.45 3.44 -2.63 -1000 41.03 1.60 754.178
car -1 -1 0.00 0.00 0.00 100.00 100.00 -1000 1.64 3.34 -14.97 -1000 30.26 -0.11 753.924
car -1 -1 0.00 0.00 0.00 100.00 100.00 -1000 1.72 3.40 11.47 -1000 14.94 1.57 744.005
car -1 -1 0.00 0.00 0.00 100.00 100.00 -1000 1.50 3.14 -7.33 -1000 39.09 -0.17 743.586
car -1 -1 0.00 0.00 0.00 100.00 100.00 -1000 2.02 5.06 -14.24 -1000 24.73 1.56 743.189
car -1 -1 0.00 0.00 0.00 100.00 100.00 -1000 1.61 3.75 1.60 -1000 28.74 1.54 743.120
car -1 -1 0.00 0.00 0.00 100.00 100.00 -1000 1.54 3.66 4.48 -1000 27.84 -0.16 737.264
car -1 -1 0.00 0.00 0.00 100.00 100.00 -1000 1.52 3.31 2.10 -1000 47.31 1.61 735.953
car -1 -1 0.00 0.00 0.00 100.00 100.00 -1000 1.43 3.59 10.34 -1000 30.68 1.61 732.775
car -1 -1 0.00 0.00 0.00 100.00 100.00 -1000 2.76 8.90 2.77 -1000 9.70 1.40 731.161
car -1 -1 0.00 0.00 0.00 100.00 100.00 -1000 1.47 3.38 -8.22 -1000 39.63 1.59 728.901
car -1 -1 0.00 0.00 0.00 100.00 100.00 -1000 1.64 3.84 -16.91 -1000 24.13 1.65 728.142
car -1 -1 0.00 0.00 0.00 100.00 100.00 -1000 1.56 3.12 -2.42 -1000 39.90 -0.11 716.283
car -1 -1 0.00 0.00 0.00 100.00 100.00 -1000 2.00 5.21 -1.66 -1000 32.95 1.53 715.808
car -1 -1 0.00 0.00 0.00 100.00 100.00 -1000 1.66 3.73 6.49 -1000 13.90 1.56 713.959
car -1 -1 0.00 0.00 0.00 100.00 100.00 -1000 1.44 3.03 -15.61 -1000 22.70 -0.14 713.937
car -1 -1 0.00 0.00 0.00 100.00 100.00 -1000 1.40 3.38 12.82 -1000 16.10 -0.20 705.673
car -1 -1 0.00 0.00 0.00 100.00 100.00 -1000 2.70 9.12 4.72 -1000 31.65 1.47 696.936
car -1 -1 0.00 0.00 0.00 100.00 100.00 -1000 1.56 3.37 -2.30 -1000 29.96 1.57 692.902
car -1 -1 0.00 0.00 0.00 100.00 100.00 -1000 1.69 4.23 12.07 -1000 26.49 1.59 691.862
car -1 -1 0.00 0.00 0.00 100.00 100.00 -1000 1.57 3.74 9.75 -1000 14.24 1.64 682.100
car -1 -1 0.00 0.00 0.00 100.00 100.00 -1000 1.40 3.46 8.57 -1000 12.97 -0.32 674.250
car -1 -1 0.00 0.00 0.00 100.00 100.00 -1000 1.93 5.82 7.18 -1000 30.10 1.52 673.011
car -1 -1 0.00 0.00 0.00 100.00 100.00 -1000 1.42 2.70 18.85 -1000 42.95 -0.10 670.401
car -1 -1 0.00 0.00 0.00 100.00 100.00 -1000 1.91 5.13 10.80 -1000 16.92 1.53 669.147
car -1 -1 0.00 0.00 0.00 100.00 100.00 -1000 1.80 4.39 -3.79 -1000 32.54 1.59 663.300
car -1 -1 0.00 0.00 0.00 100.00 100.00 -1000 1.82 3.76 6.94 -1000 25.45 1.60 663.185
car -1 -1 0.00 0.00 0.00 100.00 100.00 -1000 1.67 4.20 19.06 -1000 44.21 1.62 663.077
car -1 -1 0.00 0.00 0.00 100.00 100.00 -1000 1.49 3.11 2.90 -1000 46.76 -0.21 652.432
car -1 -1 0.00 0.00 0.00 100.00 100.00 -1000 1.54 3.65 -3.44 -1000 7.93 1.51 648.021
car -1 -1 0.00 0.00 0.00 100.00 100.00 -1000 1.59 3.29 1.80 -1000 41.64 1.61 645.645
car -1 -1 0.00 0.00 0.00 100.00 100.00 -1000 1.52 3.80 4.70 -1000 6.77 -0.42 639.269
car -1 -1 0.00 0.00 0.00 100.00 100.00 -1000 2.00 5.66 -8.57 -1000 46.62 1.56 638.703
car -1 -1 0.00 0.00 0.00 100.00 100.00 -1000 1.74 4.45 -1.35 -1000 41.30 1.61 634.092
car -1 -1 0.00 0.00 0.00 100.00 100.00 -1000 1.65 3.75 -16.85 -1000 31.14 1.63 634.022
car -1 -1 0.00 0.00 0.00 100.00 100.00 -1000 1.62 3.88 14.53 -1000 25.69 1.61 633.367
car -1 -1 0.00 0.00 0.00 100.00 100.00 -1000 1.64 4.51 1.48 -1000 7.77 1.88 630.832
car -1 -1 0.00 0.00 0.00 100.00 100.00 -1000 1.55 3.57 -1.14 -1000 47.20 1.67 624.648
car -1 -1 0.00 0.00 0.00 100.00 100.00 -1000 1.41 3.99 7.15 -1000 12.69 -0.28 623.951
car -1 -1 0.00 0.00 0.00 100.00 100.00 -1000 1.63 3.79 -17.59 -1000 31.97 1.71 621.302
car -1 -1 0.00 0.00 0.00 100.00 100.00 -1000 1.62 3.85 11.23 -1000 24.37 1.60 619.063
car -1 -1 0.00 0.00 0.00 100.00 100.00 -1000 1.66 3.55 -3.75 -1000 29.74 1.59 614.637
car -1 -1 0.00 0.00 0.00 100.00 100.00 -1000 1.54 3.38 13.60 -1000 16.65 1.59 614.409
car -1 -1 0.00 0.00 0.00 100.00 100.00 -1000 1.84 4.85 -13.61 -1000 33.47 1.49 612.891
car -1 -1 0.00 0.00 0.00 100.00 100.00 -1000 1.48 3.85 0.20 -1000 41.49 1.56 608.586
car -1 -1 0.00 0.00 0.00 100.00 100.00 -1000 1.69 3.85 -12.63 -1000 44.89 1.56 603.909
car -1 -1 0.00 0.00 0.00 100.00 100.00 -1000 1.87 4.57 5.47 -1000 27.16 1.58 601.285
car -1 -1 0.00 0.00 0.00 100.00 100.00 -1000 1.92 5.62 -6.74 -1000 47.04 1.52 601.250
car -1 -1 0.00 0.00 0.00 100.00 100.00 -1000 1.52 3.02 -17.80 -1000 23.43 1.64 599.589
car -1 -1 0.00 0.00 0.00 100.00 100.00 -1000 1.45 3.09 17.41 -1000 44.20 1.43 599.221
car -1 -1 0.00 0.00 0.00 100.00 100.00 -1000 1.68 3.61 -5.44 -1000 31.98 1.62 595.055
car -1 -1 0.00 0.00 0.00 100.00 100.00 -1000 1.70 3.70 -0.14 -1000 29.10 1.56 588.656
car -1 -1 0.00 0.00 0.00 100.00 100.00 -1000 1.61 4.09 -13.02 -1000 24.10 1.73 584.138
car -1 -1 0.00 0.00 0.00 100.00 100.00 -1000 1.68 3.80 12.75 -1000 23.90 1.60 583.553
car -1 -1 0.00 0.00 0.00 100.00 100.00 -1000 1.57 3.16 1.66 -1000 46.49 -0.29 583.104
car -1 -1 0.00 0.00 0.00 100.00 100.00 -1000 1.54 3.12 -8.38 -1000 38.68 -0.23 576.475
car -1 -1 0.00 0.00 0.00 100.00 100.00 -1000 2.04 6.92 -3.43 -1000 9.92 1.44 569.669
car -1 -1 0.00 0.00 0.00 100.00 100.00 -1000 1.90 3.59 2.64 -1000 27.39 1.65 569.257
car -1 -1 0.00 0.00 0.00 100.00 100.00 -1000 1.69 4.28 -11.86 -1000 45.96 1.57 567.568
car -1 -1 0.00 0.00 0.00 100.00 100.00 -1000 2.24 6.66 7.82 -1000 28.59 1.52 558.798
car -1 -1 0.00 0.00 0.00 100.00 100.00 -1000 2.18 6.84 4.92 -1000 8.79 1.54 557.756
car -1 -1 0.00 0.00 0.00 100.00 100.00 -1000 1.91 4.35 0.38 -1000 28.30 1.50 556.171
car -1 -1 0.00 0.00 0.00 100.00 100.00 -1000 1.60 3.51 -6.99 -1000 31.90 1.57 547.523
car -1 -1 0.00 0.00 0.00 100.00 100.00 -1000 2.27 6.63 9.76 -1000 28.09 1.65 538.138
car -1 -1 0.00 0.00 0.00 100.00 100.00 -1000 1.62 3.11 -12.22 -1000 44.10 -0.17 537.412
car -1 -1 0.00 0.00 0.00 100.00 100.00 -1000 1.67 3.61 18.68 -1000 38.46 1.52 533.372
car -1 -1 0.00 0.00 0.00 100.00 100.00 -1000 2.34 7.99 6.02 -1000 30.84 1.49 532.809
car -1 -1 0.00 0.00 0.00 100.00 100.00 -1000 1.89 5.64 -16.50 -1000 24.98 1.60 526.304
car -1 -1 0.00 0.00 0.00 100.00 100.00 -1000 2.21 6.92 8.80 -1000 29.36 1.49 524.573
car -1 -1 0.00 0.00 0.00 100.00 100.00 -1000 1.76 4.47 5.78 -1000 14.58 1.61 520.212
car -1 -1 0.00 0.00 0.00 100.00 100.00 -1000 1.59 3.38 7.20 -1000 41.19 1.67 520.148
car -1 -1 0.00 0.00 0.00 100.00 100.00 -1000 1.64 4.22 -12.52 -1000 31.54 1.68 518.916
car -1 -1 0.00 0.00 0.00 100.00 100.00 -1000 1.84 4.13 10.25 -1000 29.90 1.60 516.072
car -1 -1 0.00 0.00 0.00 100.00 100.00 -1000 1.77 4.74 5.78 -1000 26.31 1.55 515.809
car -1 -1 0.00 0.00 0.00 100.00 100.00 -1000 1.57 3.60 3.28 -1000 47.60 1.63 514.001
car -1 -1 0.00 0.00 0.00 100.00 100.00 -1000 1.95 4.85 -2.69 -1000 31.88 1.61 513.047
car -1 -1 0.00 0.00 0.00 100.00 100.00 -1000 1.65 3.91 0.64 -1000 46.89 1.59 511.621
car -1 -1 0.00 0.00 0.00 100.00 100.00 -1000 2.55 8.30 9.82 -1000 16.44 1.46 498.970
car -1 -1 0.00 0.00 0.00 100.00 100.00 -1000 2.25 6.74 12.11 -1000 17.91 1.57 497.834
car -1 -1 0.00 0.00 0.00 100.00 100.00 -1000 1.49 3.12 -17.30 -1000 22.68 1.53 493.628
car -1 -1 0.00 0.00 0.00 100.00 100.00 -1000 1.97 5.34 -14.51 -1000 32.64 1.36 493.352
car -1 -1 0.00 0.00 0.00 100.00 100.00 -1000 1.63 3.67 -5.01 -1000 45.22 1.48 484.963
car -1 -1 0.00 0.00 0.00 100.00 100.00 -1000 2.21 6.22 3.88 -1000 10.46 1.53 476.289
car -1 -1 0.00 0.00 0.00 100.00 100.00 -1000 1.54 3.85 -9.44 -1000 39.19 1.51 473.559
car -1 -1 0.00 0.00 0.00 100.00 100.00 -1000 1.41 3.35 16.40 -1000 45.88 1.57 468.092
car -1 -1 0.00 0.00 0.00 100.00 100.00 -1000 1.84 4.45 -17.11 -1000 33.05 1.60 466.566
car -1 -1 0.00 0.00 0.00 100.00 100.00 -1000 1.85 5.21 -5.08 -1000 41.01 1.52 465.029
car -1 -1 0.00 0.00 0.00 100.00 100.00 -1000 1.54 3.43 -1.69 -1000 40.57 1.66 464.754
car -1 -1 0.00 0.00 0.00 100.00 100.00 -1000 1.64 3.88 -3.32 -1000 45.14 1.43 464.361
car -1 -1 0.00 0.00 0.00 100.00 100.00 -1000 1.70 3.82 -1.94 -1000 29.17 1.57 458.555
car -1 -1 0.00 0.00 0.00 100.00 100.00 -1000 1.39 3.02 1.49 -1000 40.69 -0.11 458.384
car -1 -1 0.00 0.00 0.00 100.00 100.00 -1000 1.65 3.50 16.13 -1000 47.15 1.59 456.883
car -1 -1 0.00 0.00 0.00 100.00 100.00 -1000 1.88 4.32 12.96 -1000 14.60 1.53 455.892
car -1 -1 0.00 0.00 0.00 100.00 100.00 -1000 1.51 3.75 18.51 -1000 37.59 1.50 452.275
car -1 -1 0.00 0.00 0.00 100.00 100.00 -1000 1.58 3.91 -14.39 -1000 34.74 1.72 436.719
car -1 -1 0.00 0.00 0.00 100.00 100.00 -1000 1.92 4.17 3.03 -1000 5.58 1.78 435.380
car -1 -1 0.00 0.00 0.00 100.00 100.00 -1000 1.63 3.89 5.96 -1000 13.07 1.59 432.729
car -1 -1 0.00 0.00 0.00 100.00 100.00 -1000 1.81 4.43 16.64 -1000 44.87 1.52 432.340
car -1 -1 0.00 0.00 0.00 100.00 100.00 -1000 1.87 5.23 -12.45 -1000 32.65 1.60 430.582
car -1 -1 0.00 0.00 0.00 100.00 100.00 -1000 1.52 3.56 11.19 -1000 31.31 1.63 428.136
car -1 -1 0.00 0.00 0.00 100.00 100.00 -1000 1.76 4.98 -3.09 -1000 33.33 1.51 426.593
car -1 -1 0.00 0.00 0.00 100.00 100.00 -1000 1.53 3.26 -8.02 -1000 44.46 1.65 425.727
car -1 -1 0.00 0.00 0.00 100.00 100.00 -1000 1.92 4.89 -3.49 -1000 30.49 1.55 425.305
car -1 -1 0.00 0.00 0.00 100.00 100.00 -1000 1.54 3.51 -16.46 -1000 30.03 1.57 422.053
car -1 -1 0.00 0.00 0.00 100.00 100.00 -1000 1.71 4.71 5.98 -1000 7.99 1.60 417.275
car -1 -1 0.00 0.00 0.00 100.00 100.00 -1000 1.44 2.93 -18.53 -1000 30.71 1.54 407.068
car -1 -1 0.00 0.00 0.00 100.00 100.00 -1000 2.41 7.70 5.66 -1000 9.95 1.44 406.162
car -1 -1 0.00 0.00 0.00 100.00 100.00 -1000 1.70 4.45 6.62 -1000 7.29 1.66 404.369
car -1 -1 0.00 0.00 0.00 100.00 100.00 -1000 1.61 4.11 -1.66 -1000 28.21 1.58 402.106
car -1 -1 0.00 0.00 0.00 100.00 100.00 -1000 1.72 4.35 15.32 -1000 17.00 1.64 399.530
car -1 -1 0.00 0.00 0.00 100.00 100.00 -1000 1.73 4.33 11.43 -1000 14.12 1.68 396.906
car -1 -1 0.00 0.00 0.00 100.00 100.00 -1000 1.46 3.04 -10.23 -1000 44.00 1.59 396.573
car -1 -1 0.00 0.00 0.00 100.00 100.00 -1000 1.93 4.88 -6.56 -1000 44.51 1.48 394.610
car -1 -1 0.00 0.00 0.00 100.00 100.00 -1000 1.47 3.26 2.55 -1000 41.06 -0.12 394.559
car -1 -1 0.00 0.00 0.00 100.00 100.00 -1000 2.29 6.22 10.49 -1000 32.29 1.85 392.916
car -1 -1 0.00 0.00 0.00 100.00 100.00 -1000 1.78 5.00 8.00 -1000 12.08 1.62 392.399
car -1 -1 0.00 0.00 0.00 100.00 100.00 -1000 2.44 8.31 -14.20 -1000 25.19 1.43 390.599
car -1 -1 0.00 0.00 0.00 100.00 100.00 -1000 1.86 4.36 17.26 -1000 43.10 1.45 390.092
car -1 -1 0.00 0.00 0.00 100.00 100.00 -1000 1.86 5.15 -2.16 -1000 31.03 1.60 387.610
car -1 -1 0.00 0.00 0.00 100.00 100.00 -1000 1.84 4.55 2.00 -1000 45.67 1.50 380.261
car -1 -1 0.00 0.00 0.00 100.00 100.00 -1000 1.90 5.43 5.43 -1000 15.69 1.60 377.271
car -1 -1 0.00 0.00 0.00 100.00 100.00 -1000 2.18 5.75 8.43 -1000 24.54 1.41 376.780
car -1 -1 0.00 0.00 0.00 100.00 100.00 -1000 1.78 3.50 15.39 -1000 46.54 1.43 375.851
car -1 -1 0.00 0.00 0.00 100.00 100.00 -1000 1.78 4.27 -7.93 -1000 43.62 1.40 375.204
car -1 -1 0.00 0.00 0.00 100.00 100.00 -1000 2.71 7.54 6.14 -1000 16.61 1.42 374.026
car -1 -1 0.00 0.00 0.00 100.00 100.00 -1000 2.06 5.29 11.32 -1000 27.34 1.62 368.814
car -1 -1 0.00 0.00 0.00 100.00 100.00 -1000 1.80 4.06 -14.50 -1000 35.85 1.62 368.072
car -1 -1 0.00 0.00 0.00 100.00 100.00 -1000 1.64 3.80 -4.54 -1000 29.20 1.61 367.196
car -1 -1 0.00 0.00 0.00 100.00 100.00 -1000 1.64 4.24 -14.10 -1000 29.50 1.46 365.653
car -1 -1 0.00 0.00 0.00 100.00 100.00 -1000 1.95 3.66 18.15 -1000 42.39 -0.12 364.424
car -1 -1 0.00 0.00 0.00 100.00 100.00 -1000 1.58 3.99 7.77 -1000 47.78 1.66 361.621
car -1 -1 0.00 0.00 0.00 100.00 100.00 -1000 1.69 4.04 10.13 -1000 13.01 1.61 361.315
car -1 -1 0.00 0.00 0.00 100.00 100.00 -1000 2.72 8.20 -8.68 -1000 47.62 1.51 360.404
car -1 -1 0.00 0.00 0.00 100.00 100.00 -1000 2.04 5.77 -0.50 -1000 8.05 1.79 357.661
car -1 -1 0.00 0.00 0.00 100.00 100.00 -1000 1.62 3.75 6.97 -1000 40.36 1.58 353.699
car -1 -1 0.00 0.00 0.00 100.00 100.00 -1000 1.56 3.87 -5.45 -1000 38.83 1.52 352.986
car -1 -1 0.00 0.00 0.00 100.00 100.00 -1000 2.18 7.50 -0.36 -1000 9.22 1.75 350.384
car -1 -1 0.00 0.00 0.00 100.00 100.00 -1000 1.75 4.98 -5.99 -1000 35.73 1.58 347.032
car -1 -1 0.00 0.00 0.00 100.00 100.00 -1000 1.92 4.67 -4.87 -1000 44.30 1.46 343.597
car -1 -1 0.00 0.00 0.00 100.00 100.00 -1000 1.81 4.13 -14.80 -1000 33.92 1.57 342.475
car -1 -1 0.00 0.00 0.00 100.00 100.00 -1000 1.98 5.22 -2.56 -1000 36.81 1.67 339.967
car -1 -1 0.00 0.00 0.00 100.00 100.00 -1000 1.67 3.87 -18.76 -1000 31.61 1.66 339.950
car -1 -1 0.00 0.00 0.00 100.00 100.00 -1000 1.70 4.64 -5.24 -1000 30.15 1.57 335.086
car -1 -1 0.00 0.00 0.00 100.00 100.00 -1000 1.38 3.09 7.90 -1000 47.10 -0.11 334.759
car -1 -1 0.00 0.00 0.00 100.00 100.00 -1000 1.81 4.14 -18.15 -1000 38.37 1.61 334.237
car -1 -1 0.00 0.00 0.00 100.00 100.00 -1000 1.72 4.12 -0.24 -1000 46.16 1.60 332.834
car -1 -1 0.00 0.00 0.00 100.00 100.00 -1000 1.49 3.31 -18.31 -1000 24.58 1.53 327.535
car -1 -1 0.00 0.00 0.00 100.00 100.00 -1000 1.70 4.19 -11.30 -1000 30.60 1.59 327.126
car -1 -1 0.00 0.00 0.00 100.00 100.00 -1000 2.44 7.95 6.05 -1000 32.49 1.55 326.030
car -1 -1 0.00 0.00 0.00 100.00 100.00 -1000 1.75 4.05 -13.64 -1000 22.69 1.60 317.879
car -1 -1 0.00 0.00 0.00 100.00 100.00 -1000 1.96 5.62 -11.37 -1000 33.36 1.64 317.174
car -1 -1 0.00 0.00 0.00 100.00 100.00 -1000 1.66 3.85 0.23 -1000 40.45 1.56 310.781
car -1 -1 0.00 0.00 0.00 100.00 100.00 -1000 1.61 4.02 3.38 -1000 46.11 1.57 310.707
car -1 -1 0.00 0.00 0.00 100.00 100.00 -1000 1.68 4.07 8.40 -1000 40.84 1.66 309.262
car -1 -1 0.00 0.00 0.00 100.00 100.00 -1000 1.87 5.64 18.79 -1000 44.98 1.57 308.615
car -1 -1 0.00 0.00 0.00 100.00 100.00 -1000 1.48 3.67 -9.82 -1000 38.43 -0.15 305.808
car -1 -1 0.00 0.00 0.00 100.00 100.00 -1000 1.65 4.13 7.38 -1000 6.52 1.62 304.579
car -1 -1 0.00 0.00 0.00 100.00 100.00 -1000 1.65 3.34 -14.68 -1000 22.16 1.74 302.779
car -1 -1 0.00 0.00 0.00 100.00 100.00 -1000 1.63 3.92 -6.23 -1000 31.16 1.58 301.367
car -1 -1 0.00 0.00 0.00 100.00 100.00 -1000 1.99 5.57 -11.35 -1000 46.70 1.66 299.853
car -1 -1 0.00 0.00 0.00 100.00 100.00 -1000 1.71 4.70 -3.26 -1000 39.23 1.53 298.944
car -1 -1 0.00 0.00 0.00 100.00 100.00 -1000 1.68 4.26 4.79 -1000 13.78 1.63 297.472
car -1 -1 0.00 0.00 0.00 100.00 100.00 -1000 1.84 4.85 -7.62 -1000 35.46 1.58 296.806
car -1 -1 0.00 0.00 0.00 100.00 100.00 -1000 1.81 5.06 8.53 -1000 30.63 1.65 295.136
car -1 -1 0.00 0.00 0.00 100.00 100.00 -1000 2.01 6.31 13.49 -1000 26.98 1.51 294.916
car -1 -1 0.00 0.00 0.00 100.00 100.00 -1000 1.97 5.33 -4.42 -1000 36.16 1.74 293.103
car -1 -1 0.00 0.00 0.00 100.00 100.00 -1000 1.76 4.27 14.02 -1000 15.41 1.56 290.614
car -1 -1 0.00 0.00 0.00 100.00 100.00 -1000 1.80 3.63 18.38 -1000 36.41 1.65 289.599
car -1 -1 0.00 0.00 0.00 100.00 100.00 -1000 2.42 5.71 1.56 -1000 5.20 1.51 287.832
car -1 -1 0.00 0.00 0.00 100.00 100.00 -1000 2.52 6.14 0.01 -1000 33.85 1.42 285.728
car -1 -1 0.00 0.00 0.00 100.00 100.00 -1000 1.80 5.84 2.11 -1000 42.01 1.55 284.290
car -1 -1 0.00 0.00 0.00 100.00 100.00 -1000 1.75 4.28 7.17 -1000 46.40 1.58 278.399
car -1 -1 0.00 0.00 0.00 100.00 100.00 -1000 1.62 3.63 -15.60 -1000 21.72 1.47 274.448
car -1 -1 0.00 0.00 0.00 100.00 100.00 -1000 1.73 4.17 -1.59 -1000 45.24 1.45 270.430
car -1 -1 0.00 0.00 0.00 100.00 100.00 -1000 1.97 5.08 14.29 -1000 17.63 1.66 268.022
car -1 -1 0.00 0.00 0.00 100.00 100.00 -1000 1.79 3.81 -18.68 -1000 37.57 1.73 267.255
car -1 -1 0.00 0.00 0.00 100.00 100.00 -1000 2.06 4.47 -2.65 -1000 44.37 1.49 266.669
car -1 -1 0.00 0.00 0.00 100.00 100.00 -1000 1.80 4.08 -12.77 -1000 30.25 1.61 266.658
car -1 -1 0.00 0.00 0.00 100.00 100.00 -1000 2.04 4.63 1.49 -1000 37.12 1.48 266.447
car -1 -1 0.00 0.00 0.00 100.00 100.00 -1000 1.83 6.21 18.48 -1000 38.90 1.56 265.814
car -1 -1 0.00 0.00 0.00 100.00 100.00 -1000 0.84 1.76 3.50 -1000 6.56 -0.40 264.537
car -1 -1 0.00 0.00 0.00 100.00 100.00 -1000 1.86 4.60 3.20 -1000 45.10 1.54 264.278
car -1 -1 0.00 0.00 0.00 100.00 100.00 -1000 2.77 9.87 8.13 -1000 17.29 1.31 264.202
car -1 -1 0.00 0.00 0.00 100.00 100.00 -1000 1.73 4.25 -17.86 -1000 25.46 1.49 252.547
car -1 -1 0.00 0.00 0.00 100.00 100.00 -1000 1.95 4.96 -16.45 -1000 33.76 1.67 252.470
car -1 -1 0.00 0.00 0.00 100.00 100.00 -1000 2.28 6.62 3.16 -1000 26.58 1.36 250.167
car -1 -1 0.00 0.00 0.00 100.00 100.00 -1000 1.87 5.81 5.61 -1000 10.84 1.44 249.703
car -1 -1 0.00 0.00 0.00 100.00 100.00 -1000 1.69 4.25 15.40 -1000 15.83 1.60 245.898
car -1 -1 0.00 0.00 0.00 100.00 100.00 -1000 1.84 4.75 4.98 -1000 4.84 1.44 244.447
car -1 -1 0.00 0.00 0.00 100.00 100.00 -1000 1.65 4.14 -0.74 -1000 43.59 1.55 244.437
car -1 -1 0.00 0.00 0.00 100.00 100.00 -1000 1.90 5.02 9.92 -1000 12.16 1.55 243.716
car -1 -1 0.00 0.00 0.00 100.00 100.00 -1000 2.01 5.44 -12.04 -1000 34.24 1.61 243.580
car -1 -1 0.00 0.00 0.00 100.00 100.00 -1000 1.83 4.91 -13.88 -1000 36.63 1.57 240.938
car -1 -1 0.00 0.00 0.00 100.00 100.00 -1000 1.66 3.98 15.20 -1000 24.92 -0.32 240.619
car -1 -1 0.00 0.00 0.00 100.00 100.00 -1000 1.90 4.60 -12.87 -1000 29.04 1.52 238.601
car -1 -1 0.00 0.00 0.00 100.00 100.00 -1000 2.10 7.54 -0.70 -1000 42.20 1.52 237.758
car -1 -1 0.00 0.00 0.00 100.00 100.00 -1000 1.46 3.14 4.14 -1000 6.00 -0.16 235.515
car -1 -1 0.00 0.00 0.00 100.00 100.00 -1000 1.83 4.13 -6.09 -1000 43.63 1.56 233.536
car -1 -1 0.00 0.00 0.00 100.00 100.00 -1000 1.79 4.16 5.32 -1000 12.26 1.59 233.278
car -1 -1 0.00 0.00 0.00 100.00 100.00 -1000 1.96 5.37 -13.43 -1000 21.79 1.51 232.104
car -1 -1 0.00 0.00 0.00 100.00 100.00 -1000 1.76 4.21 14.65 -1000 23.08 1.58 232.053
car -1 -1 0.00 0.00 0.00 100.00 100.00 -1000 1.53 3.43 9.16 -1000 47.56 -0.15 228.819
car -1 -1 0.00 0.00 0.00 100.00 100.00 -1000 1.84 5.33 4.24 -1000 11.60 1.51 228.451
car -1 -1 0.00 0.00 0.00 100.00 100.00 -1000 2.04 6.71 -6.97 -1000 40.49 1.55 226.453
car -1 -1 0.00 0.00 0.00 100.00 100.00 -1000 2.09 4.62 10.96 -1000 28.99 1.51 225.019
car -1 -1 0.00 0.00 0.00 100.00 100.00 -1000 4.13 3.91 2.14 -1000 6.81 -0.01 224.467
car -1 -1 0.00 0.00 0.00 100.00 100.00 -1000 2.05 5.30 -1.22 -1000 36.29 1.79 221.375
car -1 -1 0.00 0.00 0.00 100.00 100.00 -1000 1.86 5.15 -17.03 -1000 29.46 1.52 220.261
car -1 -1 0.00 0.00 0.00 100.00 100.00 -1000 1.83 4.99 17.38 -1000 38.03 1.61 219.341
car -1 -1 0.00 0.00 0.00 100.00 100.00 -1000 1.87 4.06 0.55 -1000 45.26 1.54 218.434
car -1 -1 0.00 0.00 0.00 100.00 100.00 -1000 1.96 4.60 0.41 -1000 39.64 1.61 216.542
car -1 -1 0.00 0.00 0.00 100.00 100.00 -1000 1.59 3.41 -18.84 -1000 23.79 1.45 215.664
car -1 -1 0.00 0.00 0.00 100.00 100.00 -1000 2.39 6.34 -16.60 -1000 26.09 1.64 215.647
car -1 -1 0.00 0.00 0.00 100.00 100.00 -1000 1.82 4.26 4.58 -1000 25.86 1.58 213.732
car -1 -1 0.00 0.00 0.00 100.00 100.00 -1000 1.69 3.98 18.35 -1000 45.95 -0.38 213.696
car -1 -1 0.00 0.00 0.00 100.00 100.00 -1000 1.76 4.68 16.03 -1000 43.95 1.67 212.679
car -1 -1 0.00 0.00 0.00 100.00 100.00 -1000 1.86 4.46 -2.04 -1000 38.70 1.59 211.019
car -1 -1 0.00 0.00 0.00 100.00 100.00 -1000 1.68 4.39 -4.23 -1000 31.63 1.67 208.338
