car -1 -1 0.00 0.00 0.00 100.00 100.00 -1000 1.42 2.99 -4.30 -1000 7.51 1.56 998.338
car -1 -1 0.00 0.00 0.00 100.00 100.00 -1000 1.45 3.63 -4.77 -1000 6.89 -0.23 996.799
car -1 -1 0.00 0.00 0.00 100.00 100.00 -1000 1.49 2.91 11.47 -1000 38.09 1.57 994.353
car -1 -1 0.00 0.00 0.00 100.00 100.00 -1000 1.51 3.11 -4.93 -1000 8.11 1.51 994.227
car -1 -1 0.00 0.00 0.00 100.00 100.00 -1000 1.59 3.58 11.38 -1000 37.34 -0.02 994.048
car -1 -1 0.00 0.00 0.00 100.00 100.00 -1000 1.51 2.99 -3.42 -1000 34.82 1.59 992.411
car -1 -1 0.00 0.00 0.00 100.00 100.00 -1000 1.60 3.77 -3.63 -1000 34.06 -0.23 991.959
car -1 -1 0.00 0.00 0.00 100.00 100.00 -1000 1.60 3.37 10.36 -1000 38.33 1.49 991.577
car -1 -1 0.00 0.00 0.00 100.00 100.00 -1000 1.47 3.15 4.21 -1000 23.39 1.55 986.894
car -1 -1 0.00 0.00 0.00 100.00 100.00 -1000 1.47 3.16 3.72 -1000 15.80 1.51 984.636
car -1 -1 0.00 0.00 0.00 100.00 100.00 -1000 1.52 2.86 12.48 -1000 37.79 1.64 983.561
car -1 -1 0.00 0.00 0.00 100.00 100.00 -1000 1.51 3.17 -4.14 -1000 21.09 1.53 983.182
car -1 -1 0.00 0.00 0.00 100.00 100.00 -1000 1.69 3.97 -4.10 -1000 10.45 1.50 981.321
car -1 -1 0.00 0.00 0.00 100.00 100.00 -1000 1.52 3.51 4.05 -1000 22.45 -0.20 977.945
car -1 -1 0.00 0.00 0.00 100.00 100.00 -1000 1.49 3.26 0.05 -1000 20.62 1.54 976.893
car -1 -1 0.00 0.00 0.00 100.00 100.00 -1000 1.50 3.51 3.90 -1000 15.03 -0.22 968.892
car -1 -1 0.00 0.00 0.00 100.00 100.00 -1000 1.56 3.17 -3.43 -1000 21.63 1.54 967.724
car -1 -1 0.00 0.00 0.00 100.00 100.00 -1000 1.66 3.70 -5.54 -1000 8.73 1.48 965.355
car -1 -1 0.00 0.00 0.00 100.00 100.00 -1000 1.54 3.25 -4.01 -1000 20.25 -0.22 962.743
car -1 -1 0.00 0.00 0.00 100.00 100.00 -1000 1.54 3.22 -4.04 -1000 13.71 1.59 960.054
car -1 -1 0.00 0.00 0.00 100.00 100.00 -1000 1.48 3.30 0.26 -1000 19.69 -0.04 957.409
car -1 -1 0.00 0.00 0.00 100.00 100.00 -1000 1.68 3.78 3.33 -1000 24.91 1.59 944.949
car -1 -1 0.00 0.00 0.00 100.00 100.00 -1000 1.90 4.93 -4.28 -1000 11.45 1.47 940.356
car -1 -1 0.00 0.00 0.00 100.00 100.00 -1000 2.06 5.35 10.15 -1000 39.33 1.48 937.929
car -1 -1 0.00 0.00 0.00 100.00 100.00 -1000 1.46 3.55 -4.02 -1000 35.47 1.47 937.585
car -1 -1 0.00 0.00 0.00 100.00 100.00 -1000 1.91 4.64 -4.85 -1000 9.50 1.54 935.093
car -1 -1 0.00 0.00 0.00 100.00 100.00 -1000 1.55 3.52 13.37 -1000 38.25 1.64 924.296
car -1 -1 0.00 0.00 0.00 100.00 100.00 -1000 1.50 3.27 -14.39 -1000 27.01 1.55 916.244
car -1 -1 0.00 0.00 0.00 100.00 100.00 -1000 1.60 3.81 11.40 -1000 38.92 1.56 911.265
car -1 -1 0.00 0.00 0.00 100.00 100.00 -1000 1.52 3.38 13.29 -1000 37.11 -0.16 909.717
car -1 -1 0.00 0.00 0.00 100.00 100.00 -1000 1.47 3.20 -10.26 -1000 13.65 1.60 909.425
car -1 -1 0.00 0.00 0.00 100.00 100.00 -1000 1.55 3.83 -4.08 -1000 12.92 1.63 907.462
car -1 -1 0.00 0.00 0.00 100.00 100.00 -1000 1.50 3.39 -10.84 -1000 14.48 1.52 899.833
car -1 -1 0.00 0.00 0.00 100.00 100.00 -1000 2.35 6.17 9.92 -1000 40.26 1.47 897.016
car -1 -1 0.00 0.00 0.00 100.00 100.00 -1000 1.40 2.98 10.17 -1000 37.53 -0.01 896.194
car -1 -1 0.00 0.00 0.00 100.00 100.00 -1000 1.59 3.58 3.79 -1000 24.12 1.61 896.019
car -1 -1 0.00 0.00 0.00 100.00 100.00 -1000 1.42 2.86 4.30 -1000 40.27 1.63 890.786
car -1 -1 0.00 0.00 0.00 100.00 100.00 -1000 1.53 3.44 -4.52 -1000 22.03 1.54 889.958
car -1 -1 0.00 0.00 0.00 100.00 100.00 -1000 1.65 3.89 -2.51 -1000 35.30 1.56 888.262
car -1 -1 0.00 0.00 0.00 100.00 100.00 -1000 1.47 3.35 -0.44 -1000 21.34 1.53 887.101
car -1 -1 0.00 0.00 0.00 100.00 100.00 -1000 1.46 3.10 4.11 -1000 35.15 1.58 883.363
car -1 -1 0.00 0.00 0.00 100.00 100.00 -1000 2.54 7.64 14.03 -1000 39.65 1.38 882.325
car -1 -1 0.00 0.00 0.00 100.00 100.00 -1000 1.41 3.28 4.47 -1000 39.54 -0.15 877.133
car -1 -1 0.00 0.00 0.00 100.00 100.00 -1000 1.53 3.71 -2.98 -1000 20.81 -0.34 873.307
car -1 -1 0.00 0.00 0.00 100.00 100.00 -1000 1.63 3.56 -13.99 -1000 27.80 1.63 872.060
car -1 -1 0.00 0.00 0.00 100.00 100.00 -1000 1.51 3.32 0.49 -1000 32.81 1.55 871.029
car -1 -1 0.00 0.00 0.00 100.00 100.00 -1000 1.70 3.80 -1.70 -1000 21.69 1.62 866.304
car -1 -1 0.00 0.00 0.00 100.00 100.00 -1000 1.51 3.31 -4.65 -1000 34.47 1.49 864.492
car -1 -1 0.00 0.00 0.00 100.00 100.00 -1000 1.73 4.28 3.67 -1000 16.70 1.52 862.326
car -1 -1 0.00 0.00 0.00 100.00 100.00 -1000 1.52 3.31 -8.59 -1000 28.96 1.51 853.622
car -1 -1 0.00 0.00 0.00 100.00 100.00 -1000 2.20 5.86 9.92 -1000 41.49 1.44 846.895
car -1 -1 0.00 0.00 0.00 100.00 100.00 -1000 1.97 5.26 -3.03 -1000 22.21 1.54 845.612
car -1 -1 0.00 0.00 0.00 100.00 100.00 -1000 1.52 3.25 -2.34 -1000 34.55 1.75 840.203
car -1 -1 0.00 0.00 0.00 100.00 100.00 -1000 1.63 3.66 -6.46 -1000 9.60 1.47 834.789
car -1 -1 0.00 0.00 0.00 100.00 100.00 -1000 1.49 4.17 3.00 -1000 5.43 1.39 826.487
car -1 -1 0.00 0.00 0.00 100.00 100.00 -1000 1.56 3.78 1.34 -1000 21.01 1.63 824.164
car -1 -1 0.00 0.00 0.00 100.00 100.00 -1000 1.64 4.14 -4.63 -1000 14.35 1.55 823.223
car -1 -1 0.00 0.00 0.00 100.00 100.00 -1000 1.77 4.03 2.93 -1000 23.01 1.37 821.383
car -1 -1 0.00 0.00 0.00 100.00 100.00 -1000 1.49 2.96 3.11 -1000 6.38 1.54 812.419
car -1 -1 0.00 0.00 0.00 100.00 100.00 -1000 1.60 3.56 4.01 -1000 34.38 1.51 804.309
car -1 -1 0.00 0.00 0.00 100.00 100.00 -1000 1.52 3.37 4.93 -1000 15.53 1.68 800.800
car -1 -1 0.00 0.00 0.00 100.00 100.00 -1000 1.83 4.20 13.36 -1000 39.03 1.58 796.549
car -1 -1 0.00 0.00 0.00 100.00 100.00 -1000 1.56 3.47 5.38 -1000 23.13 1.65 780.279
car -1 -1 0.00 0.00 0.00 100.00 100.00 -1000 1.60 3.12 -14.98 -1000 26.29 1.54 774.048
car -1 -1 0.00 0.00 0.00 100.00 100.00 -1000 2.65 8.43 -2.38 -1000 37.41 1.38 771.627
car -1 -1 0.00 0.00 0.00 100.00 100.00 -1000 1.68 3.69 -8.16 -1000 23.84 1.67 770.319
car -1 -1 0.00 0.00 0.00 100.00 100.00 -1000 1.46 3.46 4.75 -1000 21.86 -0.27 770.259
car -1 -1 0.00 0.00 0.00 100.00 100.00 -1000 1.53 3.33 0.41 -1000 33.79 1.56 766.693
car -1 -1 0.00 0.00 0.00 100.00 100.00 -1000 3.45 9.88 10.48 -1000 40.70 1.42 756.401
car -1 -1 0.00 0.00 0.00 100.00 100.00 -1000 1.82 4.75 -14.30 -1000 28.49 1.52 755.596
car -1 -1 0.00 0.00 0.00 100.00 100.00 -1000 1.37 2.91 2.88 -1000 7.18 1.55 750.880
car -1 -1 0.00 0.00 0.00 100.00 100.00 -1000 1.51 3.83 -6.39 -1000 7.70 1.51 749.452
car -1 -1 0.00 0.00 0.00 100.00 100.00 -1000 1.69 3.99 -10.27 -1000 15.21 1.57 748.429
car -1 -1 0.00 0.00 0.00 100.00 100.00 -1000 2.52 7.03 -3.13 -1000 36.16 1.47 743.127
car -1 -1 0.00 0.00 0.00 100.00 100.00 -1000 1.49 3.50 -7.29 -1000 33.88 1.59 742.239
car -1 -1 0.00 0.00 0.00 100.00 100.00 -1000 1.39 3.13 16.44 -1000 46.46 1.56 741.564
car -1 -1 0.00 0.00 0.00 100.00 100.00 -1000 1.58 3.79 4.22 -1000 40.92 1.59 735.204
car -1 -1 0.00 0.00 0.00 100.00 100.00 -1000 1.39 3.19 18.34 -1000 41.56 -0.29 734.979
car -1 -1 0.00 0.00 0.00 100.00 100.00 -1000 1.51 3.29 -8.63 -1000 23.05 1.64 725.964
car -1 -1 0.00 0.00 0.00 100.00 100.00 -1000 1.78 4.08 2.51 -1000 23.81 1.41 722.719
car -1 -1 0.00 0.00 0.00 100.00 100.00 -1000 1.67 3.65 -8.66 -1000 27.88 1.52 716.458
car -1 -1 0.00 0.00 0.00 100.00 100.00 -1000 1.53 4.41 2.54 -1000 4.68 1.45 703.838
car -1 -1 0.00 0.00 0.00 100.00 100.00 -1000 1.54 3.41 -2.02 -1000 20.35 1.63 701.539
car -1 -1 0.00 0.00 0.00 100.00 100.00 -1000 1.83 4.49 -2.47 -1000 37.88 1.53 700.367
car -1 -1 0.00 0.00 0.00 100.00 100.00 -1000 2.51 6.50 -4.94 -1000 8.35 1.48 693.353
car -1 -1 0.00 0.00 0.00 100.00 100.00 -1000 1.54 3.67 14.23 -1000 37.77 1.69 676.194
car -1 -1 0.00 0.00 0.00 100.00 100.00 -1000 1.56 3.73 4.66 -1000 35.88 1.61 674.449
car -1 -1 0.00 0.00 0.00 100.00 100.00 -1000 1.76 4.19 2.56 -1000 21.89 1.39 672.124
car -1 -1 0.00 0.00 0.00 100.00 100.00 -1000 1.61 3.57 -17.66 -1000 45.97 1.69 670.086
car -1 -1 0.00 0.00 0.00 100.00 100.00 -1000 1.52 3.38 -5.59 -1000 34.03 1.56 659.741
car -1 -1 0.00 0.00 0.00 100.00 100.00 -1000 1.45 3.19 -11.26 -1000 12.94 1.49 658.267
car -1 -1 0.00 0.00 0.00 100.00 100.00 -1000 2.21 4.01 2.44 -1000 3.79 -0.36 657.311
car -1 -1 0.00 0.00 0.00 100.00 100.00 -1000 2.05 6.36 3.72 -1000 25.79 1.53 655.758
car -1 -1 0.00 0.00 0.00 100.00 100.00 -1000 1.45 2.81 -4.82 -1000 19.49 1.50 642.871
car -1 -1 0.00 0.00 0.00 100.00 100.00 -1000 1.68 3.99 3.03 -1000 7.82 1.56 639.402
car -1 -1 0.00 0.00 0.00 100.00 100.00 -1000 1.42 3.35 -9.97 -1000 12.49 -0.18 636.346
car -1 -1 0.00 0.00 0.00 100.00 100.00 -1000 1.85 4.86 5.34 -1000 24.47 1.57 634.965
car -1 -1 0.00 0.00 0.00 100.00 100.00 -1000 1.57 3.23 8.79 -1000 37.34 1.46 628.617
car -1 -1 0.00 0.00 0.00 100.00 100.00 -1000 1.59 3.54 -16.69 -1000 27.06 1.64 628.083
car -1 -1 0.00 0.00 0.00 100.00 100.00 -1000 1.68 3.80 -1.08 -1000 34.03 1.59 618.904
car -1 -1 0.00 0.00 0.00 100.00 100.00 -1000 1.55 3.42 -14.01 -1000 25.88 -0.39 617.964
car -1 -1 0.00 0.00 0.00 100.00 100.00 -1000 1.97 5.51 -6.36 -1000 10.39 1.49 616.834
car -1 -1 0.00 0.00 0.00 100.00 100.00 -1000 1.77 4.58 -8.58 -1000 30.15 1.54 615.139
car -1 -1 0.00 0.00 0.00 100.00 100.00 -1000 1.59 3.78 5.69 -1000 40.29 1.65 604.986
car -1 -1 0.00 0.00 0.00 100.00 100.00 -1000 1.76 4.80 8.84 -1000 38.76 1.55 604.731
car -1 -1 0.00 0.00 0.00 100.00 100.00 -1000 2.36 5.97 -0.03 -1000 22.47 1.62 600.225
car -1 -1 0.00 0.00 0.00 100.00 100.00 -1000 1.54 3.21 -8.92 -1000 11.65 1.54 591.673
car -1 -1 0.00 0.00 0.00 100.00 100.00 -1000 1.61 4.15 5.40 -1000 16.41 1.65 591.646
car -1 -1 0.00 0.00 0.00 100.00 100.00 -1000 1.66 3.92 -5.85 -1000 34.80 1.59 582.369
car -1 -1 0.00 0.00 0.00 100.00 100.00 -1000 1.67 4.14 2.05 -1000 33.85 1.65 581.413
car -1 -1 0.00 0.00 0.00 100.00 100.00 -1000 1.75 4.70 15.15 -1000 40.25 1.64 579.500
car -1 -1 0.00 0.00 0.00 100.00 100.00 -1000 1.90 4.43 -5.33 -1000 20.76 1.59 578.294
car -1 -1 0.00 0.00 0.00 100.00 100.00 -1000 1.79 3.88 -17.46 -1000 28.10 1.61 577.004
car -1 -1 0.00 0.00 0.00 100.00 100.00 -1000 1.44 2.99 1.28 -1000 20.08 1.69 576.873
car -1 -1 0.00 0.00 0.00 100.00 100.00 -1000 1.47 3.44 -11.73 -1000 13.85 1.41 573.579
car -1 -1 0.00 0.00 0.00 100.00 100.00 -1000 1.91 5.78 -13.52 -1000 29.20 1.55 572.126
car -1 -1 0.00 0.00 0.00 100.00 100.00 -1000 1.65 3.19 -17.52 -1000 26.30 1.68 571.225
car -1 -1 0.00 0.00 0.00 100.00 100.00 -1000 1.61 4.02 -9.34 -1000 14.44 1.64 565.456
car -1 -1 0.00 0.00 0.00 100.00 100.00 -1000 1.90 5.40 -5.35 -1000 12.05 1.62 559.148
car -1 -1 0.00 0.00 0.00 100.00 100.00 -1000 1.74 3.73 18.08 -1000 42.32 1.61 556.741
car -1 -1 0.00 0.00 0.00 100.00 100.00 -1000 1.60 4.00 8.90 -1000 29.06 1.51 555.977
car -1 -1 0.00 0.00 0.00 100.00 100.00 -1000 1.83 4.13 16.92 -1000 47.30 1.58 554.311
car -1 -1 0.00 0.00 0.00 100.00 100.00 -1000 1.48 3.81 2.55 -1000 15.47 1.44 553.038
car -1 -1 0.00 0.00 0.00 100.00 100.00 -1000 1.48 3.72 -2.85 -1000 13.33 1.68 550.632
car -1 -1 0.00 0.00 0.00 100.00 100.00 -1000 1.94 5.02 2.08 -1000 25.39 1.54 542.884
car -1 -1 0.00 0.00 0.00 100.00 100.00 -1000 1.58 4.25 9.92 -1000 45.64 1.44 533.087
car -1 -1 0.00 0.00 0.00 100.00 100.00 -1000 1.76 4.84 -0.72 -1000 35.44 1.56 520.127
car -1 -1 0.00 0.00 0.00 100.00 100.00 -1000 1.98 4.68 -3.46 -1000 12.25 1.66 519.576
car -1 -1 0.00 0.00 0.00 100.00 100.00 -1000 1.67 3.79 -4.58 -1000 33.57 1.37 518.903
car -1 -1 0.00 0.00 0.00 100.00 100.00 -1000 2.07 6.14 -4.42 -1000 22.75 1.57 512.559
car -1 -1 0.00 0.00 0.00 100.00 100.00 -1000 1.60 3.62 16.26 -1000 36.37 1.52 511.663
car -1 -1 0.00 0.00 0.00 100.00 100.00 -1000 1.91 4.37 10.29 -1000 36.70 1.52 509.008
car -1 -1 0.00 0.00 0.00 100.00 100.00 -1000 1.58 3.18 -7.31 -1000 32.91 -0.29 501.951
car -1 -1 0.00 0.00 0.00 100.00 100.00 -1000 1.73 4.74 -5.77 -1000 13.76 1.55 490.863
car -1 -1 0.00 0.00 0.00 100.00 100.00 -1000 1.69 4.57 -7.48 -1000 12.12 1.61 490.137
car -1 -1 0.00 0.00 0.00 100.00 100.00 -1000 1.63 3.26 3.43 -1000 21.33 1.59 488.640
car -1 -1 0.00 0.00 0.00 100.00 100.00 -1000 1.71 4.42 0.26 -1000 34.60 1.63 488.226
car -1 -1 0.00 0.00 0.00 100.00 100.00 -1000 1.65 3.34 18.28 -1000 40.39 1.48 486.790
car -1 -1 0.00 0.00 0.00 100.00 100.00 -1000 1.87 4.21 4.33 -1000 14.25 1.63 485.471
car -1 -1 0.00 0.00 0.00 100.00 100.00 -1000 1.95 4.41 -7.44 -1000 38.35 1.71 482.801
car -1 -1 0.00 0.00 0.00 100.00 100.00 -1000 1.62 3.66 -12.98 -1000 26.74 1.60 480.917
car -1 -1 0.00 0.00 0.00 100.00 100.00 -1000 1.67 4.37 6.64 -1000 23.81 1.63 475.258
car -1 -1 0.00 0.00 0.00 100.00 100.00 -1000 1.42 3.31 4.07 -1000 38.88 -0.23 474.167
car -1 -1 0.00 0.00 0.00 100.00 100.00 -1000 1.68 4.25 15.01 -1000 38.33 1.63 474.017
car -1 -1 0.00 0.00 0.00 100.00 100.00 -1000 1.64 3.95 -3.83 -1000 28.35 1.51 467.760
car -1 -1 0.00 0.00 0.00 100.00 100.00 -1000 2.59 9.28 -3.14 -1000 23.69 1.37 462.592
car -1 -1 0.00 0.00 0.00 100.00 100.00 -1000 1.70 3.69 17.26 -1000 37.93 1.61 461.400
car -1 -1 0.00 0.00 0.00 100.00 100.00 -1000 1.65 4.43 4.62 -1000 6.76 1.61 452.338
car -1 -1 0.00 0.00 0.00 100.00 100.00 -1000 2.89 11.43 13.88 -1000 40.57 1.36 451.231
car -1 -1 0.00 0.00 0.00 100.00 100.00 -1000 1.79 4.59 -7.03 -1000 23.43 1.60 449.668
car -1 -1 0.00 0.00 0.00 100.00 100.00 -1000 1.63 4.07 -8.50 -1000 13.70 1.64 448.633
car -1 -1 0.00 0.00 0.00 100.00 100.00 -1000 2.03 6.29 5.95 -1000 25.31 1.50 446.641
car -1 -1 0.00 0.00 0.00 100.00 100.00 -1000 1.53 3.62 -0.28 -1000 19.07 1.42 442.263
car -1 -1 0.00 0.00 0.00 100.00 100.00 -1000 2.14 6.17 -4.47 -1000 15.11 1.51 441.403
car -1 -1 0.00 0.00 0.00 100.00 100.00 -1000 1.69 3.83 8.65 -1000 36.53 1.52 439.981
car -1 -1 0.00 0.00 0.00 100.00 100.00 -1000 1.79 4.29 6.56 -1000 39.56 1.63 439.424
car -1 -1 0.00 0.00 0.00 100.00 100.00 -1000 1.76 4.64 16.66 -1000 41.62 1.56 439.205
car -1 -1 0.00 0.00 0.00 100.00 100.00 -1000 1.63 3.83 16.61 -1000 37.16 1.63 436.429
car -1 -1 0.00 0.00 0.00 100.00 100.00 -1000 1.59 3.89 -2.75 -1000 27.84 1.59 435.215
car -1 -1 0.00 0.00 0.00 100.00 100.00 -1000 1.72 4.38 -12.06 -1000 27.50 1.62 434.421
car -1 -1 0.00 0.00 0.00 100.00 100.00 -1000 1.83 4.29 -7.74 -1000 9.97 1.59 432.396
car -1 -1 0.00 0.00 0.00 100.00 100.00 -1000 1.56 3.33 9.20 -1000 28.32 -0.17 429.890
car -1 -1 0.00 0.00 0.00 100.00 100.00 -1000 1.68 4.20 8.06 -1000 38.00 1.63 429.716
car -1 -1 0.00 0.00 0.00 100.00 100.00 -1000 1.93 4.25 -8.02 -1000 10.88 1.56 429.454
car -1 -1 0.00 0.00 0.00 100.00 100.00 -1000 1.62 3.80 8.60 -1000 27.04 1.53 428.416
car -1 -1 0.00 0.00 0.00 100.00 100.00 -1000 2.13 6.97 5.51 -1000 17.22 1.56 427.419
car -1 -1 0.00 0.00 0.00 100.00 100.00 -1000 1.93 5.17 6.92 -1000 40.68 1.59 425.832
car -1 -1 0.00 0.00 0.00 100.00 100.00 -1000 2.26 5.98 -0.11 -1000 36.24 1.58 424.666
car -1 -1 0.00 0.00 0.00 100.00 100.00 -1000 2.02 5.02 -7.99 -1000 24.55 1.61 423.995
car -1 -1 0.00 0.00 0.00 100.00 100.00 -1000 1.49 2.88 -17.57 -1000 45.20 1.68 419.665
car -1 -1 0.00 0.00 0.00 100.00 100.00 -1000 1.70 4.23 6.82 -1000 15.83 1.63 418.034
car -1 -1 0.00 0.00 0.00 100.00 100.00 -1000 1.95 4.64 -17.39 -1000 29.32 1.65 417.308
car -1 -1 0.00 0.00 0.00 100.00 100.00 -1000 1.87 5.36 -16.04 -1000 28.88 1.58 417.166
car -1 -1 0.00 0.00 0.00 100.00 100.00 -1000 1.81 4.69 15.86 -1000 39.13 1.60 416.258
car -1 -1 0.00 0.00 0.00 100.00 100.00 -1000 1.58 3.39 -11.20 -1000 12.06 1.43 410.889
car -1 -1 0.00 0.00 0.00 100.00 100.00 -1000 1.86 3.86 -3.36 -1000 32.97 1.67 409.602
car -1 -1 0.00 0.00 0.00 100.00 100.00 -1000 1.95 4.79 -1.67 -1000 33.12 1.52 403.725
car -1 -1 0.00 0.00 0.00 100.00 100.00 -1000 0.68 2.08 -4.34 -1000 6.88 -0.21 398.590
car -1 -1 0.00 0.00 0.00 100.00 100.00 -1000 1.64 3.62 5.86 -1000 15.10 1.62 398.379
car -1 -1 0.00 0.00 0.00 100.00 100.00 -1000 1.77 4.89 -11.95 -1000 28.65 1.60 395.360
car -1 -1 0.00 0.00 0.00 100.00 100.00 -1000 1.45 3.12 16.10 -1000 45.31 1.47 391.890
car -1 -1 0.00 0.00 0.00 100.00 100.00 -1000 1.92 4.64 3.97 -1000 33.62 1.57 389.992
car -1 -1 0.00 0.00 0.00 100.00 100.00 -1000 1.83 4.66 -6.53 -1000 21.77 1.61 387.619
car -1 -1 0.00 0.00 0.00 100.00 100.00 -1000 2.24 5.66 0.85 -1000 23.40 1.55 385.315
car -1 -1 0.00 0.00 0.00 100.00 100.00 -1000 1.79 4.29 -16.04 -1000 46.26 1.60 380.717
car -1 -1 0.00 0.00 0.00 100.00 100.00 -1000 1.89 5.41 5.91 -1000 41.50 1.55 374.763
car -1 -1 0.00 0.00 0.00 100.00 100.00 -1000 1.70 4.03 -8.91 -1000 22.30 1.58 373.803
car -1 -1 0.00 0.00 0.00 100.00 100.00 -1000 1.89 5.30 7.31 -1000 24.59 1.58 372.044
car -1 -1 0.00 0.00 0.00 100.00 100.00 -1000 1.58 3.09 3.32 -1000 39.92 0.12 371.633
car -1 -1 0.00 0.00 0.00 100.00 100.00 -1000 1.67 4.17 7.31 -1000 23.04 1.63 366.876
car -1 -1 0.00 0.00 0.00 100.00 100.00 -1000 1.67 3.43 0.52 -1000 31.92 -0.28 364.640
car -1 -1 0.00 0.00 0.00 100.00 100.00 -1000 1.66 4.16 4.44 -1000 5.73 1.77 360.529
car -1 -1 0.00 0.00 0.00 100.00 100.00 -1000 1.76 4.03 14.76 -1000 36.81 1.61 356.559
car -1 -1 0.00 0.00 0.00 100.00 100.00 -1000 1.63 3.55 5.81 -1000 35.54 1.60 356.394
car -1 -1 0.00 0.00 0.00 100.00 100.00 -1000 1.81 4.17 -14.05 -1000 25.11 1.61 353.140
car -1 -1 0.00 0.00 0.00 100.00 100.00 -1000 1.93 4.96 -12.35 -1000 14.63 1.57 352.075
car -1 -1 0.00 0.00 0.00 100.00 100.00 -1000 2.24 5.61 -5.40 -1000 35.84 1.51 350.422
car -1 -1 0.00 0.00 0.00 100.00 100.00 -1000 1.73 3.82 -7.94 -1000 32.25 1.51 347.698
car -1 -1 0.00 0.00 0.00 100.00 100.00 -1000 1.82 4.98 -7.04 -1000 13.33 1.62 347.186
car -1 -1 0.00 0.00 0.00 100.00 100.00 -1000 1.84 5.32 16.63 -1000 40.76 1.54 346.785
car -1 -1 0.00 0.00 0.00 100.00 100.00 -1000 1.96 5.57 -11.82 -1000 15.68 1.57 345.860
car -1 -1 0.00 0.00 0.00 100.00 100.00 -1000 1.54 3.67 -6.11 -1000 33.29 1.67 345.034
car -1 -1 0.00 0.00 0.00 100.00 100.00 -1000 1.96 5.19 2.94 -1000 35.56 1.56 336.820
car -1 -1 0.00 0.00 0.00 100.00 100.00 -1000 1.80 4.80 4.87 -1000 21.05 1.56 336.168
car -1 -1 0.00 0.00 0.00 100.00 100.00 -1000 1.94 5.34 -7.05 -1000 14.43 1.63 333.130
car -1 -1 0.00 0.00 0.00 100.00 100.00 -1000 1.77 3.94 13.25 -1000 36.25 1.58 327.374
car -1 -1 0.00 0.00 0.00 100.00 100.00 -1000 1.86 5.48 4.12 -1000 36.58 1.62 324.962
car -1 -1 0.00 0.00 0.00 100.00 100.00 -1000 1.62 3.34 -17.54 -1000 25.43 1.68 323.010
car -1 -1 0.00 0.00 0.00 100.00 100.00 -1000 1.74 4.50 -1.46 -1000 19.55 1.38 322.235
car -1 -1 0.00 0.00 0.00 100.00 100.00 -1000 1.85 4.12 -17.50 -1000 30.25 1.61 319.909
car -1 -1 0.00 0.00 0.00 100.00 100.00 -1000 1.85 4.76 18.37 -1000 43.08 1.56 318.211
car -1 -1 0.00 0.00 0.00 100.00 100.00 -1000 2.16 6.27 -4.74 -1000 37.05 1.65 317.515
car -1 -1 0.00 0.00 0.00 100.00 100.00 -1000 1.90 5.92 6.48 -1000 26.16 1.51 313.131
car -1 -1 0.00 0.00 0.00 100.00 100.00 -1000 1.34 3.10 -18.27 -1000 26.96 1.54 310.245
car -1 -1 0.00 0.00 0.00 100.00 100.00 -1000 1.94 4.76 -15.82 -1000 25.58 1.63 308.540
car -1 -1 0.00 0.00 0.00 100.00 100.00 -1000 1.79 4.61 -10.72 -1000 28.21 1.67 307.786
car -1 -1 0.00 0.00 0.00 100.00 100.00 -1000 2.05 5.07 9.57 -1000 42.68 1.63 305.844
car -1 -1 0.00 0.00 0.00 100.00 100.00 -1000 1.77 4.33 15.34 -1000 35.57 1.44 305.364
car -1 -1 0.00 0.00 0.00 100.00 100.00 -1000 1.75 4.30 5.85 -1000 38.80 1.61 303.996
car -1 -1 0.00 0.00 0.00 100.00 100.00 -1000 1.84 4.27 -3.77 -1000 18.09 1.65 299.609
car -1 -1 0.00 0.00 0.00 100.00 100.00 -1000 1.84 5.86 16.57 -1000 39.84 1.59 297.766
car -1 -1 0.00 0.00 0.00 100.00 100.00 -1000 1.79 4.80 7.38 -1000 16.56 1.62 297.356
car -1 -1 0.00 0.00 0.00 100.00 100.00 -1000 1.98 6.23 -8.56 -1000 15.67 1.53 296.480
car -1 -1 0.00 0.00 0.00 100.00 100.00 -1000 1.71 4.06 -11.31 -1000 26.70 1.61 294.874
car -1 -1 0.00 0.00 0.00 100.00 100.00 -1000 1.59 4.68 -6.60 -1000 6.66 1.39 291.804
car -1 -1 0.00 0.00 0.00 100.00 100.00 -1000 1.75 4.19 -9.87 -1000 27.47 1.64 291.257
car -1 -1 0.00 0.00 0.00 100.00 100.00 -1000 2.03 5.67 -1.59 -1000 32.25 1.45 290.896
car -1 -1 0.00 0.00 0.00 100.00 100.00 -1000 1.64 3.92 7.37 -1000 15.02 1.62 288.975
car -1 -1 0.00 0.00 0.00 100.00 100.00 -1000 1.89 4.72 9.86 -1000 44.36 1.70 288.509
car -1 -1 0.00 0.00 0.00 100.00 100.00 -1000 1.73 3.99 6.11 -1000 36.37 1.57 286.578
car -1 -1 0.00 0.00 0.00 100.00 100.00 -1000 1.84 4.69 3.94 -1000 8.78 1.57 286.121
car -1 -1 0.00 0.00 0.00 100.00 100.00 -1000 2.22 9.49 -4.61 -1000 10.79 1.73 281.860
car -1 -1 0.00 0.00 0.00 100.00 100.00 -1000 1.86 4.59 4.58 -1000 37.96 1.57 278.653
car -1 -1 0.00 0.00 0.00 100.00 100.00 -1000 1.60 3.94 9.50 -1000 46.40 1.53 277.784
car -1 -1 0.00 0.00 0.00 100.00 100.00 -1000 1.81 4.47 6.49 -1000 22.43 1.63 274.434
car -1 -1 0.00 0.00 0.00 100.00 100.00 -1000 1.58 3.66 -7.08 -1000 28.77 1.63 271.529
car -1 -1 0.00 0.00 0.00 100.00 100.00 -1000 1.69 4.66 -7.11 -1000 37.10 1.68 266.993
car -1 -1 0.00 0.00 0.00 100.00 100.00 -1000 2.08 7.11 -4.31 -1000 38.27 1.59 262.806
car -1 -1 0.00 0.00 0.00 100.00 100.00 -1000 2.19 6.44 5.38 -1000 13.33 1.31 261.825
car -1 -1 0.00 0.00 0.00 100.00 100.00 -1000 1.64 3.72 -4.98 -1000 28.78 1.54 261.604
car -1 -1 0.00 0.00 0.00 100.00 100.00 -1000 1.65 3.97 7.02 -1000 37.21 1.61 260.398
car -1 -1 0.00 0.00 0.00 100.00 100.00 -1000 2.06 5.27 -17.90 -1000 46.72 1.72 258.150
car -1 -1 0.00 0.00 0.00 100.00 100.00 -1000 1.61 3.64 5.40 -1000 34.73 -0.28 255.682
car -1 -1 0.00 0.00 0.00 100.00 100.00 -1000 1.82 4.52 -3.34 -1000 19.40 1.58 255.615
car -1 -1 0.00 0.00 0.00 100.00 100.00 -1000 1.89 5.49 5.19 -1000 7.69 1.57 252.985
car -1 -1 0.00 0.00 0.00 100.00 100.00 -1000 2.11 6.01 3.47 -1000 41.48 1.58 247.713
car -1 -1 0.00 0.00 0.00 100.00 100.00 -1000 1.61 3.57 1.67 -1000 32.41 1.62 247.111
car -1 -1 0.00 0.00 0.00 100.00 100.00 -1000 1.71 4.09 5.91 -1000 21.55 1.55 243.852
car -1 -1 0.00 0.00 0.00 100.00 100.00 -1000 1.73 4.00 -3.92 -1000 27.47 1.45 242.908
car -1 -1 0.00 0.00 0.00 100.00 100.00 -1000 2.20 4.30 11.49 -1000 36.10 1.59 236.826
car -1 -1 0.00 0.00 0.00 100.00 100.00 -1000 1.91 5.86 8.94 -1000 26.16 1.46 234.186
car -1 -1 0.00 0.00 0.00 100.00 100.00 -1000 2.15 6.52 -14.20 -1000 30.17 1.63 230.952
car -1 -1 0.00 0.00 0.00 100.00 100.00 -1000 3.39 9.71 -3.34 -1000 16.72 1.40 230.793
car -1 -1 0.00 0.00 0.00 100.00 100.00 -1000 1.75 4.75 -8.01 -1000 9.09 1.54 228.836
car -1 -1 0.00 0.00 0.00 100.00 100.00 -1000 2.09 4.82 -8.09 -1000 31.41 1.54 226.896
car -1 -1 0.00 0.00 0.00 100.00 100.00 -1000 1.73 4.22 -12.77 -1000 13.00 1.62 225.686
car -1 -1 0.00 0.00 0.00 100.00 100.00 -1000 3.13 15.84 3.35 -1000 4.80 1.36 225.313
car -1 -1 0.00 0.00 0.00 100.00 100.00 -1000 1.83 4.29 18.24 -1000 39.53 1.63 218.272
car -1 -1 0.00 0.00 0.00 100.00 100.00 -1000 2.20 6.20 -3.73 -1000 32.43 1.47 217.555
car -1 -1 0.00 0.00 0.00 100.00 100.00 -1000 1.81 5.87 -3.24 -1000 17.28 1.37 213.943
car -1 -1 0.00 0.00 0.00 100.00 100.00 -1000 2.17 7.44 5.07 -1000 26.86 1.54 213.416
car -1 -1 0.00 0.00 0.00 100.00 100.00 -1000 1.81 3.98 -17.89 -1000 44.16 1.59 212.672
car -1 -1 0.00 0.00 0.00 100.00 100.00 -1000 1.77 4.00 -16.08 -1000 43.53 1.44 210.484
car -1 -1 0.00 0.00 0.00 100.00 100.00 -1000 1.97 5.84 1.73 -1000 9.81 1.53 208.327
car -1 -1 0.00 0.00 0.00 100.00 100.00 -1000 1.82 4.41 5.25 -1000 33.14 1.60 207.787
car -1 -1 0.00 0.00 0.00 100.00 100.00 -1000 1.70 3.85 -15.49 -1000 27.44 -0.06 206.586
car -1 -1 0.00 0.00 0.00 100.00 100.00 -1000 2.60 6.84 2.93 -1000 6.15 1.58 206.538
car -1 -1 0.00 0.00 0.00 100.00 100.00 -1000 1.83 4.75 -17.05 -1000 24.58 1.52 206.278
car -1 -1 0.00 0.00 0.00 100.00 100.00 -1000 1.93 5.09 -10.44 -1000 29.09 1.60 205.931
car -1 -1 0.00 0.00 0.00 100.00 100.00 -1000 1.80 4.93 0.78 -1000 24.95 1.70 205.499
car -1 -1 0.00 0.00 0.00 100.00 100.00 -1000 1.83 4.90 17.38 -1000 38.68 1.61 201.533
car -1 -1 0.00 0.00 0.00 100.00 100.00 -1000 1.69 3.33 -1.83 -1000 47.65 -0.11 200.956
car -1 -1 0.00 0.00 0.00 100.00 100.00 -1000 1.91 4.87 3.12 -1000 20.32 1.57 200.230
car -1 -1 0.00 0.00 0.00 100.00 100.00 -1000 1.82 4.48 5.67 -1000 6.14 1.64 199.583
car -1 -1 0.00 0.00 0.00 100.00 100.00 -1000 1.75 4.76 3.54 -1000 13.61 1.39 199.408
car -1 -1 0.00 0.00 0.00 100.00 100.00 -1000 1.66 4.24 -6.65 -1000 20.26 1.65 196.254
car -1 -1 0.00 0.00 0.00 100.00 100.00 -1000 1.69 4.62 -4.49 -1000 18.95 1.54 195.975
car -1 -1 0.00 0.00 0.00 100.00 100.00 -1000 2.74 8.47 4.14 -1000 18.01 1.56 194.039
car -1 -1 0.00 0.00 0.00 100.00 100.00 -1000 0.97 2.04 -1.43 -1000 21.02 -0.11 191.785
car -1 -1 0.00 0.00 0.00 100.00 100.00 -1000 2.42 8.60 -4.16 -1000 13.83 1.72 190.243
car -1 -1 0.00 0.00 0.00 100.00 100.00 -1000 1.66 4.68 17.12 -1000 45.75 1.68 188.931
car -1 -1 0.00 0.00 0.00 100.00 100.00 -1000 1.53 3.26 4.09 -1000 4.84 -0.36 188.394
car -1 -1 0.00 0.00 0.00 100.00 100.00 -1000 1.83 4.81 -11.70 -1000 25.91 1.60 187.593
car -1 -1 0.00 0.00 0.00 100.00 100.00 -1000 1.76 4.26 -6.01 -1000 28.30 1.61 187.193
car -1 -1 0.00 0.00 0.00 100.00 100.00 -1000 1.38 2.88 3.44 -1000 4.02 -0.34 186.723
car -1 -1 0.00 0.00 0.00 100.00 100.00 -1000 2.18 9.58 3.29 -1000 5.18 1.18 186.015
car -1 -1 0.00 0.00 0.00 100.00 100.00 -1000 1.87 4.88 10.02 -1000 26.75 1.54 184.806
car -1 -1 0.00 0.00 0.00 100.00 100.00 -1000 1.37 7.02 9.12 -1000 35.90 1.61 183.596
car -1 -1 0.00 0.00 0.00 100.00 100.00 -1000 1.05 2.26 -3.71 -1000 10.29 -0.41 180.760
