car -1 -1 0.00 0.00 0.00 100.00 100.00 -1000 1.67 3.96 -0.71 -1000 27.42 -0.18 994.479
car -1 -1 0.00 0.00 0.00 100.00 100.00 -1000 1.56 3.22 -0.47 -1000 28.22 1.57 992.447
car -1 -1 0.00 0.00 0.00 100.00 100.00 -1000 1.57 3.31 -13.18 -1000 33.06 1.55 985.428
car -1 -1 0.00 0.00 0.00 100.00 100.00 -1000 1.48 2.96 -14.02 -1000 39.66 1.57 983.139
car -1 -1 0.00 0.00 0.00 100.00 100.00 -1000 1.57 3.72 -14.32 -1000 38.87 -0.26 982.997
car -1 -1 0.00 0.00 0.00 100.00 100.00 -1000 1.52 3.11 -10.45 -1000 43.17 1.58 978.396
car -1 -1 0.00 0.00 0.00 100.00 100.00 -1000 1.47 3.04 0.62 -1000 27.97 1.66 969.560
car -1 -1 0.00 0.00 0.00 100.00 100.00 -1000 1.55 3.20 -9.56 -1000 18.11 1.58 968.515
car -1 -1 0.00 0.00 0.00 100.00 100.00 -1000 1.56 3.36 -10.61 -1000 31.08 1.52 968.320
car -1 -1 0.00 0.00 0.00 100.00 100.00 -1000 1.72 3.93 -12.37 -1000 33.68 1.54 966.221
car -1 -1 0.00 0.00 0.00 100.00 100.00 -1000 1.57 3.36 -9.14 -1000 32.17 1.62 964.567
car -1 -1 0.00 0.00 0.00 100.00 100.00 -1000 1.55 3.43 -13.77 -1000 31.87 -0.15 960.335
car -1 -1 0.00 0.00 0.00 100.00 100.00 -1000 1.64 3.33 -10.64 -1000 31.96 1.52 959.289
car -1 -1 0.00 0.00 0.00 100.00 100.00 -1000 1.54 3.20 -11.24 -1000 42.54 1.61 958.817
car -1 -1 0.00 0.00 0.00 100.00 100.00 -1000 1.54 3.21 -10.77 -1000 17.84 1.62 955.222
car -1 -1 0.00 0.00 0.00 100.00 100.00 -1000 1.56 3.72 -12.72 -1000 32.24 -0.14 953.767
car -1 -1 0.00 0.00 0.00 100.00 100.00 -1000 1.60 3.22 -12.00 -1000 32.82 1.66 946.826
car -1 -1 0.00 0.00 0.00 100.00 100.00 -1000 1.49 3.21 -10.05 -1000 17.13 -0.10 943.777
car -1 -1 0.00 0.00 0.00 100.00 100.00 -1000 1.77 4.24 -10.34 -1000 32.83 1.50 940.207
car -1 -1 0.00 0.00 0.00 100.00 100.00 -1000 1.67 3.93 2.64 -1000 8.68 1.53 938.655
car -1 -1 0.00 0.00 0.00 100.00 100.00 -1000 1.48 3.26 -8.94 -1000 31.34 -0.12 936.678
car -1 -1 0.00 0.00 0.00 100.00 100.00 -1000 1.48 3.06 3.06 -1000 6.84 1.58 935.833
car -1 -1 0.00 0.00 0.00 100.00 100.00 -1000 1.49 3.14 -10.62 -1000 30.21 -0.19 929.680
car -1 -1 0.00 0.00 0.00 100.00 100.00 -1000 1.55 3.57 2.74 -1000 7.70 1.62 929.223
car -1 -1 0.00 0.00 0.00 100.00 100.00 -1000 1.97 4.96 -8.51 -1000 32.81 1.52 926.611
car -1 -1 0.00 0.00 0.00 100.00 100.00 -1000 1.63 3.98 -10.54 -1000 18.74 1.54 926.386
car -1 -1 0.00 0.00 0.00 100.00 100.00 -1000 2.08 5.58 -12.85 -1000 34.42 1.49 923.649
car -1 -1 0.00 0.00 0.00 100.00 100.00 -1000 1.45 3.01 0.75 -1000 27.03 -0.04 921.701
car -1 -1 0.00 0.00 0.00 100.00 100.00 -1000 2.43 6.89 2.08 -1000 30.08 1.33 920.799
car -1 -1 0.00 0.00 0.00 100.00 100.00 -1000 1.48 3.60 -9.57 -1000 42.39 -0.16 915.031
car -1 -1 0.00 0.00 0.00 100.00 100.00 -1000 1.55 3.43 -9.00 -1000 43.49 1.63 912.907
car -1 -1 0.00 0.00 0.00 100.00 100.00 -1000 1.47 3.15 -11.66 -1000 41.88 -0.04 902.355
car -1 -1 0.00 0.00 0.00 100.00 100.00 -1000 1.53 3.39 -11.82 -1000 18.15 1.51 902.203
car -1 -1 0.00 0.00 0.00 100.00 100.00 -1000 1.53 3.47 -6.23 -1000 43.91 1.54 901.038
car -1 -1 0.00 0.00 0.00 100.00 100.00 -1000 1.45 3.04 -8.88 -1000 36.77 1.63 899.489
car -1 -1 0.00 0.00 0.00 100.00 100.00 -1000 1.46 3.12 -9.53 -1000 30.71 -0.22 899.328
car -1 -1 0.00 0.00 0.00 100.00 100.00 -1000 1.80 4.54 0.83 -1000 28.76 1.49 897.103
car -1 -1 0.00 0.00 0.00 100.00 100.00 -1000 1.58 3.90 1.62 -1000 41.10 1.47 894.965
car -1 -1 0.00 0.00 0.00 100.00 100.00 -1000 1.55 3.59 -9.15 -1000 35.86 1.59 893.970
car -1 -1 0.00 0.00 0.00 100.00 100.00 -1000 2.18 5.95 -9.82 -1000 35.05 1.40 892.562
car -1 -1 0.00 0.00 0.00 100.00 100.00 -1000 1.77 4.44 2.67 -1000 11.19 1.58 890.459
car -1 -1 0.00 0.00 0.00 100.00 100.00 -1000 1.43 3.04 -14.81 -1000 37.97 1.46 889.274
car -1 -1 0.00 0.00 0.00 100.00 100.00 -1000 1.70 4.23 2.66 -1000 9.57 1.57 888.975
car -1 -1 0.00 0.00 0.00 100.00 100.00 -1000 1.60 3.35 -7.77 -1000 32.07 1.72 888.173
car -1 -1 0.00 0.00 0.00 100.00 100.00 -1000 1.64 4.16 -0.65 -1000 28.99 1.48 877.726
car -1 -1 0.00 0.00 0.00 100.00 100.00 -1000 1.47 2.97 1.71 -1000 27.52 1.62 877.031
car -1 -1 0.00 0.00 0.00 100.00 100.00 -1000 1.52 3.49 -14.35 -1000 32.79 1.45 870.523
car -1 -1 0.00 0.00 0.00 100.00 100.00 -1000 2.04 4.90 -10.38 -1000 33.70 1.45 866.401
car -1 -1 0.00 0.00 0.00 100.00 100.00 -1000 1.67 4.23 -13.71 -1000 40.43 1.55 858.249
car -1 -1 0.00 0.00 0.00 100.00 100.00 -1000 1.80 4.50 -9.27 -1000 19.09 1.54 855.592
car -1 -1 0.00 0.00 0.00 100.00 100.00 -1000 2.25 5.56 -12.39 -1000 44.74 1.47 850.790
car -1 -1 0.00 0.00 0.00 100.00 100.00 -1000 1.53 3.06 1.20 -1000 40.03 1.47 834.681
car -1 -1 0.00 0.00 0.00 100.00 100.00 -1000 1.72 3.65 -12.35 -1000 42.97 1.57 834.635
car -1 -1 0.00 0.00 0.00 100.00 100.00 -1000 2.08 5.82 -10.15 -1000 44.16 1.56 831.415
car -1 -1 0.00 0.00 0.00 100.00 100.00 -1000 2.09 6.02 -9.66 -1000 20.44 1.43 827.257
car -1 -1 0.00 0.00 0.00 100.00 100.00 -1000 1.71 4.49 2.52 -1000 12.39 1.53 820.690
car -1 -1 0.00 0.00 0.00 100.00 100.00 -1000 1.54 3.95 2.75 -1000 22.90 1.63 811.249
car -1 -1 0.00 0.00 0.00 100.00 100.00 -1000 1.58 3.66 -5.04 -1000 44.28 1.60 809.200
car -1 -1 0.00 0.00 0.00 100.00 100.00 -1000 1.45 2.93 2.02 -1000 40.45 1.67 808.122
car -1 -1 0.00 0.00 0.00 100.00 100.00 -1000 2.18 5.82 -12.48 -1000 20.46 1.52 803.947
car -1 -1 0.00 0.00 0.00 100.00 100.00 -1000 1.61 3.61 -10.84 -1000 16.64 1.56 802.664
car -1 -1 0.00 0.00 0.00 100.00 100.00 -1000 1.60 3.47 -7.09 -1000 43.35 1.58 801.489
car -1 -1 0.00 0.00 0.00 100.00 100.00 -1000 1.46 3.26 1.80 -1000 26.72 1.49 798.007
car -1 -1 0.00 0.00 0.00 100.00 100.00 -1000 1.51 3.57 1.96 -1000 25.72 1.45 794.174
car -1 -1 0.00 0.00 0.00 100.00 100.00 -1000 1.64 3.44 -12.52 -1000 17.46 1.57 784.944
car -1 -1 0.00 0.00 0.00 100.00 100.00 -1000 1.64 3.79 -12.61 -1000 30.70 1.63 784.514
car -1 -1 0.00 0.00 0.00 100.00 100.00 -1000 1.93 5.14 2.19 -1000 30.86 1.51 783.062
car -1 -1 0.00 0.00 0.00 100.00 100.00 -1000 1.62 3.96 -12.29 -1000 18.88 1.60 780.495
car -1 -1 0.00 0.00 0.00 100.00 100.00 -1000 1.60 3.64 -3.84 -1000 39.45 1.58 777.887
car -1 -1 0.00 0.00 0.00 100.00 100.00 -1000 1.59 3.90 -8.27 -1000 37.36 1.56 769.276
car -1 -1 0.00 0.00 0.00 100.00 100.00 -1000 1.56 3.89 2.61 -1000 16.44 1.58 768.936
car -1 -1 0.00 0.00 0.00 100.00 100.00 -1000 1.44 3.17 3.17 -1000 5.87 -0.18 767.954
car -1 -1 0.00 0.00 0.00 100.00 100.00 -1000 1.50 3.20 -8.86 -1000 17.56 1.70 765.211
car -1 -1 0.00 0.00 0.00 100.00 100.00 -1000 1.57 4.43 2.35 -1000 23.63 1.51 764.954
car -1 -1 0.00 0.00 0.00 100.00 100.00 -1000 1.58 3.17 -14.63 -1000 31.18 1.47 760.032
car -1 -1 0.00 0.00 0.00 100.00 100.00 -1000 1.80 4.31 -13.33 -1000 19.67 1.60 756.360
car -1 -1 0.00 0.00 0.00 100.00 100.00 -1000 1.69 3.66 -5.82 -1000 43.08 -0.21 751.709
car -1 -1 0.00 0.00 0.00 100.00 100.00 -1000 1.74 4.25 -8.30 -1000 18.56 1.64 750.412
car -1 -1 0.00 0.00 0.00 100.00 100.00 -1000 1.82 4.55 -12.84 -1000 41.16 1.47 748.275
car -1 -1 0.00 0.00 0.00 100.00 100.00 -1000 1.51 3.49 2.30 -1000 21.83 1.58 746.973
car -1 -1 0.00 0.00 0.00 100.00 100.00 -1000 1.64 3.59 -8.15 -1000 43.00 1.67 743.548
car -1 -1 0.00 0.00 0.00 100.00 100.00 -1000 1.68 4.12 2.17 -1000 34.54 1.72 742.335
car -1 -1 0.00 0.00 0.00 100.00 100.00 -1000 1.45 3.56 -11.48 -1000 25.41 1.58 742.122
car -1 -1 0.00 0.00 0.00 100.00 100.00 -1000 1.48 3.08 -10.00 -1000 16.14 1.61 737.296
car -1 -1 0.00 0.00 0.00 100.00 100.00 -1000 1.56 3.59 2.64 -1000 15.36 1.67 708.704
car -1 -1 0.00 0.00 0.00 100.00 100.00 -1000 1.70 3.98 2.60 -1000 17.40 1.61 706.377
car -1 -1 0.00 0.00 0.00 100.00 100.00 -1000 1.51 3.58 -5.04 -1000 39.07 1.52 704.450
car -1 -1 0.00 0.00 0.00 100.00 100.00 -1000 1.98 5.65 -6.67 -1000 33.37 1.50 686.307
car -1 -1 0.00 0.00 0.00 100.00 100.00 -1000 1.42 2.80 -11.21 -1000 29.68 -0.10 682.227
car -1 -1 0.00 0.00 0.00 100.00 100.00 -1000 1.79 4.06 1.47 -1000 39.27 -0.29 675.974
car -1 -1 0.00 0.00 0.00 100.00 100.00 -1000 1.64 4.09 2.87 -1000 41.52 1.65 675.496
car -1 -1 0.00 0.00 0.00 100.00 100.00 -1000 1.84 4.11 -12.08 -1000 43.97 1.66 668.381
car -1 -1 0.00 0.00 0.00 100.00 100.00 -1000 1.69 3.77 -13.40 -1000 18.19 1.60 668.027
car -1 -1 0.00 0.00 0.00 100.00 100.00 -1000 1.64 3.54 2.66 -1000 31.94 1.59 664.619
car -1 -1 0.00 0.00 0.00 100.00 100.00 -1000 1.61 4.11 2.26 -1000 28.29 1.61 664.130
car -1 -1 0.00 0.00 0.00 100.00 100.00 -1000 1.76 3.65 -1.30 -1000 26.72 1.49 652.439
car -1 -1 0.00 0.00 0.00 100.00 100.00 -1000 2.53 8.09 -9.19 -1000 34.26 1.60 651.390
car -1 -1 0.00 0.00 0.00 100.00 100.00 -1000 1.85 5.05 2.05 -1000 29.37 1.55 647.679
car -1 -1 0.00 0.00 0.00 100.00 100.00 -1000 1.54 3.15 -12.95 -1000 16.72 1.56 645.650
car -1 -1 0.00 0.00 0.00 100.00 100.00 -1000 1.62 3.61 -5.50 -1000 38.24 -0.11 645.163
car -1 -1 0.00 0.00 0.00 100.00 100.00 -1000 1.98 5.72 -6.04 -1000 34.27 1.46 643.281
car -1 -1 0.00 0.00 0.00 100.00 100.00 -1000 1.76 4.24 -7.27 -1000 38.18 1.56 641.824
car -1 -1 0.00 0.00 0.00 100.00 100.00 -1000 1.39 2.76 -14.84 -1000 37.20 1.55 638.133
car -1 -1 0.00 0.00 0.00 100.00 100.00 -1000 1.75 4.50 -15.41 -1000 39.92 1.53 620.797
car -1 -1 0.00 0.00 0.00 100.00 100.00 -1000 1.40 4.15 2.78 -1000 4.93 1.58 620.661
car -1 -1 0.00 0.00 0.00 100.00 100.00 -1000 1.71 3.76 -14.08 -1000 19.04 1.61 615.433
car -1 -1 0.00 0.00 0.00 100.00 100.00 -1000 1.56 3.33 2.29 -1000 14.48 1.59 615.317
car -1 -1 0.00 0.00 0.00 100.00 100.00 -1000 1.75 4.08 -6.29 -1000 31.61 1.66 615.098
car -1 -1 0.00 0.00 0.00 100.00 100.00 -1000 1.53 3.41 4.21 -1000 6.60 1.63 614.457
car -1 -1 0.00 0.00 0.00 100.00 100.00 -1000 1.63 4.58 -9.81 -1000 27.69 1.59 604.405
car -1 -1 0.00 0.00 0.00 100.00 100.00 -1000 1.62 3.51 -8.43 -1000 9.61 1.49 603.742
car -1 -1 0.00 0.00 0.00 100.00 100.00 -1000 1.62 3.32 -10.04 -1000 25.04 1.65 596.135
car -1 -1 0.00 0.00 0.00 100.00 100.00 -1000 2.66 8.68 -0.23 -1000 29.75 1.43 595.128
car -1 -1 0.00 0.00 0.00 100.00 100.00 -1000 1.48 3.55 -8.19 -1000 30.82 -0.33 588.663
car -1 -1 0.00 0.00 0.00 100.00 100.00 -1000 3.00 8.64 -13.91 -1000 35.01 1.40 587.522
car -1 -1 0.00 0.00 0.00 100.00 100.00 -1000 1.78 4.34 0.36 -1000 8.33 1.75 583.877
car -1 -1 0.00 0.00 0.00 100.00 100.00 -1000 1.83 5.62 2.64 -1000 24.41 1.64 579.295
car -1 -1 0.00 0.00 0.00 100.00 100.00 -1000 1.87 5.03 -1.88 -1000 27.84 1.58 577.743
car -1 -1 0.00 0.00 0.00 100.00 100.00 -1000 2.39 7.88 -10.83 -1000 45.35 1.57 576.549
car -1 -1 0.00 0.00 0.00 100.00 100.00 -1000 1.61 3.46 -12.03 -1000 16.27 1.58 574.978
car -1 -1 0.00 0.00 0.00 100.00 100.00 -1000 1.58 3.54 -8.20 -1000 14.53 1.56 573.139
car -1 -1 0.00 0.00 0.00 100.00 100.00 -1000 2.84 9.31 -7.91 -1000 45.27 1.36 565.927
car -1 -1 0.00 0.00 0.00 100.00 100.00 -1000 1.75 4.38 -16.10 -1000 38.78 1.62 559.884
car -1 -1 0.00 0.00 0.00 100.00 100.00 -1000 1.44 3.31 -9.47 -1000 35.12 -0.19 554.931
car -1 -1 0.00 0.00 0.00 100.00 100.00 -1000 1.75 3.91 2.86 -1000 39.94 -0.24 553.574
car -1 -1 0.00 0.00 0.00 100.00 100.00 -1000 1.84 4.18 -12.49 -1000 28.95 1.47 551.409
car -1 -1 0.00 0.00 0.00 100.00 100.00 -1000 1.60 3.78 -7.67 -1000 17.88 1.57 545.371
car -1 -1 0.00 0.00 0.00 100.00 100.00 -1000 2.45 6.89 -12.88 -1000 42.31 1.47 544.709
car -1 -1 0.00 0.00 0.00 100.00 100.00 -1000 1.55 3.42 -13.16 -1000 43.48 1.50 540.946
car -1 -1 0.00 0.00 0.00 100.00 100.00 -1000 1.84 4.96 4.18 -1000 10.92 1.58 539.277
car -1 -1 0.00 0.00 0.00 100.00 100.00 -1000 1.81 4.58 2.71 -1000 18.43 1.69 529.875
car -1 -1 0.00 0.00 0.00 100.00 100.00 -1000 1.71 4.08 -8.54 -1000 16.69 1.63 524.316
car -1 -1 0.00 0.00 0.00 100.00 100.00 -1000 2.03 6.31 -8.09 -1000 19.64 1.53 522.729
car -1 -1 0.00 0.00 0.00 100.00 100.00 -1000 1.63 3.62 -14.21 -1000 22.97 1.62 522.546
car -1 -1 0.00 0.00 0.00 100.00 100.00 -1000 1.66 3.94 -8.77 -1000 15.28 1.53 520.690
car -1 -1 0.00 0.00 0.00 100.00 100.00 -1000 1.81 4.64 4.75 -1000 7.70 1.60 517.151
car -1 -1 0.00 0.00 0.00 100.00 100.00 -1000 1.63 3.76 -18.47 -1000 38.01 1.62 508.388
car -1 -1 0.00 0.00 0.00 100.00 100.00 -1000 1.55 3.18 -10.32 -1000 24.19 1.59 508.300
car -1 -1 0.00 0.00 0.00 100.00 100.00 -1000 2.04 5.34 2.06 -1000 35.31 1.43 507.951
car -1 -1 0.00 0.00 0.00 100.00 100.00 -1000 2.18 5.94 -12.94 -1000 27.22 1.64 506.741
car -1 -1 0.00 0.00 0.00 100.00 100.00 -1000 1.95 5.01 1.16 -1000 10.38 1.57 502.810
car -1 -1 0.00 0.00 0.00 100.00 100.00 -1000 1.66 3.77 -14.47 -1000 17.77 1.50 489.001
car -1 -1 0.00 0.00 0.00 100.00 100.00 -1000 1.62 3.88 -12.79 -1000 25.06 1.45 487.845
car -1 -1 0.00 0.00 0.00 100.00 100.00 -1000 1.81 5.00 -14.19 -1000 33.78 1.60 487.170
car -1 -1 0.00 0.00 0.00 100.00 100.00 -1000 1.54 3.46 -18.70 -1000 30.77 1.69 479.572
car -1 -1 0.00 0.00 0.00 100.00 100.00 -1000 1.82 4.60 0.06 -1000 40.36 1.63 474.870
car -1 -1 0.00 0.00 0.00 100.00 100.00 -1000 1.84 4.44 -11.04 -1000 26.26 1.58 472.506
car -1 -1 0.00 0.00 0.00 100.00 100.00 -1000 1.72 4.18 -12.76 -1000 29.85 1.46 470.651
car -1 -1 0.00 0.00 0.00 100.00 100.00 -1000 1.71 3.82 -7.38 -1000 42.08 1.45 463.009
car -1 -1 0.00 0.00 0.00 100.00 100.00 -1000 2.91 10.51 1.25 -1000 30.88 1.50 454.409
car -1 -1 0.00 0.00 0.00 100.00 100.00 -1000 2.05 5.45 -10.16 -1000 46.43 1.38 453.497
car -1 -1 0.00 0.00 0.00 100.00 100.00 -1000 1.79 5.13 5.11 -1000 8.88 1.58 452.610
car -1 -1 0.00 0.00 0.00 100.00 100.00 -1000 1.88 4.73 -6.78 -1000 30.80 1.60 451.553
car -1 -1 0.00 0.00 0.00 100.00 100.00 -1000 1.63 3.92 -7.19 -1000 36.95 1.68 449.790
car -1 -1 0.00 0.00 0.00 100.00 100.00 -1000 1.87 4.49 -8.67 -1000 40.84 1.47 449.484
car -1 -1 0.00 0.00 0.00 100.00 100.00 -1000 1.53 3.16 -18.57 -1000 37.26 -0.27 440.670
car -1 -1 0.00 0.00 0.00 100.00 100.00 -1000 1.97 5.04 -11.46 -1000 28.04 1.76 437.102
car -1 -1 0.00 0.00 0.00 100.00 100.00 -1000 1.76 4.43 0.54 -1000 26.25 1.51 436.064
car -1 -1 0.00 0.00 0.00 100.00 100.00 -1000 1.85 5.56 2.59 -1000 13.18 1.60 435.900
car -1 -1 0.00 0.00 0.00 100.00 100.00 -1000 2.36 6.82 -14.76 -1000 41.14 1.45 434.627
car -1 -1 0.00 0.00 0.00 100.00 100.00 -1000 2.47 6.55 -10.55 -1000 21.41 1.50 431.478
car -1 -1 0.00 0.00 0.00 100.00 100.00 -1000 1.79 4.36 -10.73 -1000 28.91 1.62 429.332
car -1 -1 0.00 0.00 0.00 100.00 100.00 -1000 2.14 6.19 -2.63 -1000 29.72 1.50 425.683
car -1 -1 0.00 0.00 0.00 100.00 100.00 -1000 1.80 4.07 -7.81 -1000 10.53 1.53 424.457
car -1 -1 0.00 0.00 0.00 100.00 100.00 -1000 1.68 3.62 -9.78 -1000 41.54 1.66 416.957
car -1 -1 0.00 0.00 0.00 100.00 100.00 -1000 1.71 4.66 -4.62 -1000 31.76 1.60 412.034
car -1 -1 0.00 0.00 0.00 100.00 100.00 -1000 2.15 5.36 -8.79 -1000 29.00 1.61 410.532
car -1 -1 0.00 0.00 0.00 100.00 100.00 -1000 2.08 5.46 -11.91 -1000 40.35 1.55 408.404
car -1 -1 0.00 0.00 0.00 100.00 100.00 -1000 1.74 3.96 -7.42 -1000 12.54 1.51 406.836
car -1 -1 0.00 0.00 0.00 100.00 100.00 -1000 2.55 8.14 -8.46 -1000 37.83 1.44 398.552
car -1 -1 0.00 0.00 0.00 100.00 100.00 -1000 1.68 4.21 5.46 -1000 6.90 1.61 396.105
car -1 -1 0.00 0.00 0.00 100.00 100.00 -1000 1.90 3.92 -8.19 -1000 8.21 1.35 394.715
car -1 -1 0.00 0.00 0.00 100.00 100.00 -1000 1.95 5.54 5.32 -1000 10.04 1.56 394.669
car -1 -1 0.00 0.00 0.00 100.00 100.00 -1000 2.05 5.94 2.44 -1000 19.19 1.58 388.173
car -1 -1 0.00 0.00 0.00 100.00 100.00 -1000 2.18 6.53 -9.46 -1000 36.91 1.61 387.918
car -1 -1 0.00 0.00 0.00 100.00 100.00 -1000 2.10 5.52 -8.38 -1000 45.78 1.36 385.114
car -1 -1 0.00 0.00 0.00 100.00 100.00 -1000 1.69 4.34 -15.85 -1000 31.58 1.60 383.190
car -1 -1 0.00 0.00 0.00 100.00 100.00 -1000 1.69 4.21 -17.22 -1000 38.36 1.63 378.676
car -1 -1 0.00 0.00 0.00 100.00 100.00 -1000 2.36 7.46 2.53 -1000 42.09 1.56 377.248
car -1 -1 0.00 0.00 0.00 100.00 100.00 -1000 1.56 3.94 -3.17 -1000 26.67 1.62 373.848
car -1 -1 0.00 0.00 0.00 100.00 100.00 -1000 1.78 4.35 -2.97 -1000 38.88 1.62 371.952
car -1 -1 0.00 0.00 0.00 100.00 100.00 -1000 1.76 4.26 -10.93 -1000 15.33 1.62 368.680
car -1 -1 0.00 0.00 0.00 100.00 100.00 -1000 2.16 5.11 -14.82 -1000 35.85 1.50 365.527
car -1 -1 0.00 0.00 0.00 100.00 100.00 -1000 1.75 4.93 -15.72 -1000 33.13 1.58 362.040
car -1 -1 0.00 0.00 0.00 100.00 100.00 -1000 1.70 3.82 -12.88 -1000 24.15 1.48 356.709
car -1 -1 0.00 0.00 0.00 100.00 100.00 -1000 1.74 4.83 6.20 -1000 8.11 1.63 353.901
car -1 -1 0.00 0.00 0.00 100.00 100.00 -1000 1.64 3.87 -6.35 -1000 37.62 1.56 353.481
car -1 -1 0.00 0.00 0.00 100.00 100.00 -1000 1.65 3.99 4.15 -1000 40.39 1.67 352.616
car -1 -1 0.00 0.00 0.00 100.00 100.00 -1000 2.24 5.57 -10.08 -1000 25.64 1.78 348.183
car -1 -1 0.00 0.00 0.00 100.00 100.00 -1000 1.61 3.17 2.08 -1000 33.79 -0.33 345.054
car -1 -1 0.00 0.00 0.00 100.00 100.00 -1000 1.77 4.03 2.62 -1000 20.99 1.76 344.385
car -1 -1 0.00 0.00 0.00 100.00 100.00 -1000 1.88 4.96 4.31 -1000 12.02 1.58 341.478
car -1 -1 0.00 0.00 0.00 100.00 100.00 -1000 1.60 4.48 -2.35 -1000 39.83 1.63 341.386
car -1 -1 0.00 0.00 0.00 100.00 100.00 -1000 1.64 4.50 -10.91 -1000 22.92 1.53 336.320
car -1 -1 0.00 0.00 0.00 100.00 100.00 -1000 1.71 3.98 -4.57 -1000 35.10 1.58 335.741
car -1 -1 0.00 0.00 0.00 100.00 100.00 -1000 2.06 6.95 -5.52 -1000 38.95 1.50 335.577
car -1 -1 0.00 0.00 0.00 100.00 100.00 -1000 1.88 4.67 -14.59 -1000 36.80 1.61 335.547
car -1 -1 0.00 0.00 0.00 100.00 100.00 -1000 1.60 3.01 -10.45 -1000 27.06 -0.15 331.662
car -1 -1 0.00 0.00 0.00 100.00 100.00 -1000 1.73 3.73 -14.65 -1000 30.34 1.52 331.193
car -1 -1 0.00 0.00 0.00 100.00 100.00 -1000 2.30 6.45 2.08 -1000 36.18 1.50 327.736
car -1 -1 0.00 0.00 0.00 100.00 100.00 -1000 1.76 5.44 -5.85 -1000 32.65 1.61 321.663
car -1 -1 0.00 0.00 0.00 100.00 100.00 -1000 2.23 5.46 -4.75 -1000 45.15 1.53 319.420
car -1 -1 0.00 0.00 0.00 100.00 100.00 -1000 2.14 5.80 -6.87 -1000 35.10 1.53 316.041
car -1 -1 0.00 0.00 0.00 100.00 100.00 -1000 1.98 5.05 2.78 -1000 32.72 1.60 315.502
car -1 -1 0.00 0.00 0.00 100.00 100.00 -1000 2.03 5.49 -9.65 -1000 40.25 1.52 315.317
car -1 -1 0.00 0.00 0.00 100.00 100.00 -1000 1.84 4.78 -9.63 -1000 47.71 1.53 305.939
car -1 -1 0.00 0.00 0.00 100.00 100.00 -1000 2.03 5.06 -7.37 -1000 41.34 1.53 305.886
car -1 -1 0.00 0.00 0.00 100.00 100.00 -1000 2.14 6.56 -13.45 -1000 37.52 1.71 305.280
car -1 -1 0.00 0.00 0.00 100.00 100.00 -1000 1.89 5.28 -6.36 -1000 29.96 1.43 304.422
car -1 -1 0.00 0.00 0.00 100.00 100.00 -1000 1.80 4.68 -16.97 -1000 39.57 1.65 302.510
car -1 -1 0.00 0.00 0.00 100.00 100.00 -1000 1.76 4.26 -8.35 -1000 11.82 1.60 302.396
car -1 -1 0.00 0.00 0.00 100.00 100.00 -1000 1.61 3.43 -12.71 -1000 39.37 1.77 301.011
car -1 -1 0.00 0.00 0.00 100.00 100.00 -1000 2.48 8.14 3.02 -1000 5.33 1.38 297.669
car -1 -1 0.00 0.00 0.00 100.00 100.00 -1000 2.12 5.81 0.02 -1000 41.54 1.57 288.177
car -1 -1 0.00 0.00 0.00 100.00 100.00 -1000 2.08 5.75 -13.62 -1000 23.49 1.57 287.365
car -1 -1 0.00 0.00 0.00 100.00 100.00 -1000 1.84 3.90 -18.42 -1000 26.26 1.71 284.589
car -1 -1 0.00 0.00 0.00 100.00 100.00 -1000 1.73 4.43 -16.41 -1000 37.66 1.64 284.414
car -1 -1 0.00 0.00 0.00 100.00 100.00 -1000 1.93 5.25 -4.31 -1000 28.87 1.56 283.210
car -1 -1 0.00 0.00 0.00 100.00 100.00 -1000 1.77 4.62 -0.71 -1000 39.65 1.63 281.645
car -1 -1 0.00 0.00 0.00 100.00 100.00 -1000 1.92 5.06 5.72 -1000 11.62 1.61 273.482
car -1 -1 0.00 0.00 0.00 100.00 100.00 -1000 1.84 4.22 -11.36 -1000 14.55 1.50 270.524
car -1 -1 0.00 0.00 0.00 100.00 100.00 -1000 2.19 6.16 -9.01 -1000 13.94 1.52 270.294
car -1 -1 0.00 0.00 0.00 100.00 100.00 -1000 1.82 4.70 -3.90 -1000 38.09 1.52 265.505
car -1 -1 0.00 0.00 0.00 100.00 100.00 -1000 2.53 8.82 -10.87 -1000 35.81 1.44 264.873
car -1 -1 0.00 0.00 0.00 100.00 100.00 -1000 1.91 5.03 -4.99 -1000 41.89 1.48 263.776
car -1 -1 0.00 0.00 0.00 100.00 100.00 -1000 1.50 3.61 -9.68 -1000 10.98 1.49 263.426
car -1 -1 0.00 0.00 0.00 100.00 100.00 -1000 1.94 5.96 -4.55 -1000 30.28 1.60 262.300
car -1 -1 0.00 0.00 0.00 100.00 100.00 -1000 1.80 4.19 -0.19 -1000 38.84 1.58 258.919
car -1 -1 0.00 0.00 0.00 100.00 100.00 -1000 1.75 5.28 3.13 -1000 10.32 -0.37 257.309
car -1 -1 0.00 0.00 0.00 100.00 100.00 -1000 1.66 4.88 4.39 -1000 41.18 1.66 255.657
car -1 -1 0.00 0.00 0.00 100.00 100.00 -1000 1.74 4.15 -13.03 -1000 15.58 1.44 255.479
car -1 -1 0.00 0.00 0.00 100.00 100.00 -1000 2.14 7.45 0.18 -1000 9.78 1.52 254.506
car -1 -1 0.00 0.00 0.00 100.00 100.00 -1000 1.35 2.38 -12.20 -1000 24.61 -0.25 250.457
car -1 -1 0.00 0.00 0.00 100.00 100.00 -1000 2.02 4.74 -14.31 -1000 29.46 1.63 249.982
car -1 -1 0.00 0.00 0.00 100.00 100.00 -1000 1.86 4.17 -9.42 -1000 12.67 1.58 249.805
car -1 -1 0.00 0.00 0.00 100.00 100.00 -1000 1.87 4.49 -12.36 -1000 22.54 1.67 245.106
car -1 -1 0.00 0.00 0.00 100.00 100.00 -1000 1.69 4.37 -17.59 -1000 31.45 1.73 243.886
car -1 -1 0.00 0.00 0.00 100.00 100.00 -1000 1.85 4.96 -4.27 -1000 26.15 1.63 237.997
car -1 -1 0.00 0.00 0.00 100.00 100.00 -1000 1.75 4.53 4.60 -1000 5.40 1.63 237.820
car -1 -1 0.00 0.00 0.00 100.00 100.00 -1000 2.33 6.74 2.09 -1000 22.40 1.61 236.903
car -1 -1 0.00 0.00 0.00 100.00 100.00 -1000 1.79 4.46 2.80 -1000 4.04 1.79 236.834
car -1 -1 0.00 0.00 0.00 100.00 100.00 -1000 1.38 2.63 -18.39 -1000 30.11 -0.01 233.223
car -1 -1 0.00 0.00 0.00 100.00 100.00 -1000 1.93 4.58 1.06 -1000 38.32 1.42 233.142
car -1 -1 0.00 0.00 0.00 100.00 100.00 -1000 1.90 6.44 -7.01 -1000 20.54 1.51 229.555
car -1 -1 0.00 0.00 0.00 100.00 100.00 -1000 1.93 5.78 -3.50 -1000 40.68 1.57 229.292
car -1 -1 0.00 0.00 0.00 100.00 100.00 -1000 2.15 7.21 -0.40 -1000 25.60 1.30 229.004
car -1 -1 0.00 0.00 0.00 100.00 100.00 -1000 2.08 6.00 -7.09 -1000 46.33 1.52 227.423
car -1 -1 0.00 0.00 0.00 100.00 100.00 -1000 1.71 3.76 3.84 -1000 21.70 -0.38 221.246
car -1 -1 0.00 0.00 0.00 100.00 100.00 -1000 2.32 6.93 1.00 -1000 31.85 1.57 220.072
car -1 -1 0.00 0.00 0.00 100.00 100.00 -1000 1.78 4.72 -4.28 -1000 42.84 1.57 213.739
car -1 -1 0.00 0.00 0.00 100.00 100.00 -1000 2.20 5.76 -14.29 -1000 22.18 1.62 213.280
car -1 -1 0.00 0.00 0.00 100.00 100.00 -1000 1.70 4.06 -16.60 -1000 30.76 1.61 206.353
car -1 -1 0.00 0.00 0.00 100.00 100.00 -1000 1.72 4.48 -3.87 -1000 43.65 1.68 205.286
car -1 -1 0.00 0.00 0.00 100.00 100.00 -1000 1.85 5.06 -6.57 -1000 36.01 1.45 204.911
car -1 -1 0.00 0.00 0.00 100.00 100.00 -1000 1.70 4.40 -7.82 -1000 15.84 1.51 201.518
car -1 -1 0.00 0.00 0.00 100.00 100.00 -1000 2.87 16.67 3.01 -1000 4.60 0.92 199.507
car -1 -1 0.00 0.00 0.00 100.00 100.00 -1000 2.03 4.81 2.37 -1000 20.07 1.52 198.191
car -1 -1 0.00 0.00 0.00 100.00 100.00 -1000 1.73 4.25 4.31 -1000 22.60 1.58 197.147
car -1 -1 0.00 0.00 0.00 100.00 100.00 -1000 2.05 5.44 -17.44 -1000 22.84 1.58 197.052
car -1 -1 0.00 0.00 0.00 100.00 100.00 -1000 2.11 5.25 -10.84 -1000 39.50 1.60 195.775
car -1 -1 0.00 0.00 0.00 100.00 100.00 -1000 1.85 4.43 3.72 -1000 39.28 1.56 195.751
car -1 -1 0.00 0.00 0.00 100.00 100.00 -1000 1.96 4.81 -4.51 -1000 37.21 1.42 195.367
car -1 -1 0.00 0.00 0.00 100.00 100.00 -1000 1.87 5.30 -4.72 -1000 33.55 1.60 193.868
car -1 -1 0.00 0.00 0.00 100.00 100.00 -1000 1.92 5.33 -6.04 -1000 28.52 1.59 191.404
car -1 -1 0.00 0.00 0.00 100.00 100.00 -1000 2.05 5.38 3.34 -1000 25.43 1.58 189.882
car -1 -1 0.00 0.00 0.00 100.00 100.00 -1000 2.57 9.28 1.04 -1000 11.41 1.29 187.080
car -1 -1 0.00 0.00 0.00 100.00 100.00 -1000 1.74 5.20 1.45 -1000 16.94 1.43 184.985
car -1 -1 0.00 0.00 0.00 100.00 100.00 -1000 1.77 4.86 4.31 -1000 23.45 1.62 184.940
car -1 -1 0.00 0.00 0.00 100.00 100.00 -1000 2.31 7.71 -7.35 -1000 9.09 1.61 184.506
car -1 -1 0.00 0.00 0.00 100.00 100.00 -1000 1.91 5.48 -14.21 -1000 20.88 1.47 184.308
car -1 -1 0.00 0.00 0.00 100.00 100.00 -1000 1.93 4.43 -13.29 -1000 26.21 1.68 182.259
car -1 -1 0.00 0.00 0.00 100.00 100.00 -1000 1.92 5.27 -2.55 -1000 37.50 1.54 180.850
car -1 -1 0.00 0.00 0.00 100.00 100.00 -1000 1.65 4.67 1.32 -1000 33.19 1.50 178.585
car -1 -1 0.00 0.00 0.00 100.00 100.00 -1000 2.16 6.55 -12.55 -1000 45.87 1.67 178.252
car -1 -1 0.00 0.00 0.00 100.00 100.00 -1000 2.02 5.27 -3.88 -1000 32.60 1.58 177.868
car -1 -1 0.00 0.00 0.00 100.00 100.00 -1000 1.76 4.60 -2.94 -1000 42.36 1.56 174.726
car -1 -1 0.00 0.00 0.00 100.00 100.00 -1000 1.65 4.72 4.36 -1000 15.79 1.60 173.955
car -1 -1 0.00 0.00 0.00 100.00 100.00 -1000 1.60 3.02 -18.58 -1000 25.53 -0.08 173.083
car -1 -1 0.00 0.00 0.00 100.00 100.00 -1000 1.78 4.29 -9.44 -1000 10.16 1.37 167.146
