car -1 -1 0.00 0.00 0.00 100.00 100.00 -1000 1.46 3.06 -4.93 -1000 21.85 1.44 995.651
car -1 -1 0.00 0.00 0.00 100.00 100.00 -1000 1.66 3.70 -5.11 -1000 20.91 -0.38 992.316
car -1 -1 0.00 0.00 0.00 100.00 100.00 -1000 1.45 3.56 10.68 -1000 17.73 1.57 992.093
car -1 -1 0.00 0.00 0.00 100.00 100.00 -1000 1.40 2.82 11.36 -1000 40.41 1.53 986.772
car -1 -1 0.00 0.00 0.00 100.00 100.00 -1000 1.56 3.63 11.03 -1000 16.78 -0.23 982.039
car -1 -1 0.00 0.00 0.00 100.00 100.00 -1000 1.55 3.25 10.24 -1000 18.40 1.59 976.528
car -1 -1 0.00 0.00 0.00 100.00 100.00 -1000 1.46 3.03 12.22 -1000 17.74 1.64 975.838
car -1 -1 0.00 0.00 0.00 100.00 100.00 -1000 1.48 3.03 11.53 -1000 39.46 -0.02 974.949
car -1 -1 0.00 0.00 0.00 100.00 100.00 -1000 1.44 2.87 -18.93 -1000 35.11 1.62 968.815
car -1 -1 0.00 0.00 0.00 100.00 100.00 -1000 1.48 3.14 10.85 -1000 41.06 1.55 968.540
car -1 -1 0.00 0.00 0.00 100.00 100.00 -1000 1.59 3.90 9.96 -1000 19.95 1.56 968.083
car -1 -1 0.00 0.00 0.00 100.00 100.00 -1000 1.56 3.90 -4.73 -1000 22.86 1.49 966.372
car -1 -1 0.00 0.00 0.00 100.00 100.00 -1000 1.38 3.09 -14.88 -1000 46.25 -0.07 965.727
car -1 -1 0.00 0.00 0.00 100.00 100.00 -1000 1.44 3.05 8.10 -1000 34.36 1.58 965.400
car -1 -1 0.00 0.00 0.00 100.00 100.00 -1000 1.48 2.97 9.02 -1000 33.96 1.61 960.882
car -1 -1 0.00 0.00 0.00 100.00 100.00 -1000 1.37 3.04 12.27 -1000 40.04 1.61 950.535
car -1 -1 0.00 0.00 0.00 100.00 100.00 -1000 1.47 3.25 9.89 -1000 19.21 1.58 950.434
car -1 -1 0.00 0.00 0.00 100.00 100.00 -1000 1.43 3.13 7.53 -1000 35.03 1.54 949.964
car -1 -1 0.00 0.00 0.00 100.00 100.00 -1000 1.43 2.98 -17.33 -1000 22.97 1.56 947.277
car -1 -1 0.00 0.00 0.00 100.00 100.00 -1000 1.42 2.93 -5.09 -1000 44.37 1.53 946.011
car -1 -1 0.00 0.00 0.00 100.00 100.00 -1000 1.46 3.04 -3.54 -1000 44.36 1.54 945.360
car -1 -1 0.00 0.00 0.00 100.00 100.00 -1000 1.49 3.11 10.04 -1000 34.60 1.61 944.439
car -1 -1 0.00 0.00 0.00 100.00 100.00 -1000 1.50 3.31 -18.20 -1000 35.76 1.52 944.314
car -1 -1 0.00 0.00 0.00 100.00 100.00 -1000 1.52 3.15 12.16 -1000 35.33 1.59 944.055
car -1 -1 0.00 0.00 0.00 100.00 100.00 -1000 1.50 3.23 3.81 -1000 34.76 1.63 940.582
car -1 -1 0.00 0.00 0.00 100.00 100.00 -1000 1.52 3.11 -15.98 -1000 45.96 -0.16 938.951
car -1 -1 0.00 0.00 0.00 100.00 100.00 -1000 1.59 3.31 8.49 -1000 33.31 -0.11 937.943
car -1 -1 0.00 0.00 0.00 100.00 100.00 -1000 1.48 2.97 10.53 -1000 16.08 -0.22 937.701
car -1 -1 0.00 0.00 0.00 100.00 100.00 -1000 1.41 3.32 -4.80 -1000 43.49 -0.05 936.164
car -1 -1 0.00 0.00 0.00 100.00 100.00 -1000 1.45 3.07 -1.84 -1000 44.33 1.54 935.473
car -1 -1 0.00 0.00 0.00 100.00 100.00 -1000 1.49 3.15 -16.89 -1000 35.94 1.54 932.732
car -1 -1 0.00 0.00 0.00 100.00 100.00 -1000 1.54 3.23 10.54 -1000 33.93 1.63 932.112
car -1 -1 0.00 0.00 0.00 100.00 100.00 -1000 1.65 4.18 10.84 -1000 41.71 1.57 927.654
car -1 -1 0.00 0.00 0.00 100.00 100.00 -1000 1.56 3.20 -15.04 -1000 47.10 1.66 926.095
car -1 -1 0.00 0.00 0.00 100.00 100.00 -1000 1.52 3.32 -5.98 -1000 22.20 1.51 922.186
car -1 -1 0.00 0.00 0.00 100.00 100.00 -1000 1.63 3.82 10.71 -1000 35.31 1.56 922.182
car -1 -1 0.00 0.00 0.00 100.00 100.00 -1000 1.48 3.20 -15.79 -1000 36.19 1.59 920.676
car -1 -1 0.00 0.00 0.00 100.00 100.00 -1000 1.37 3.00 -6.38 -1000 39.07 1.50 920.378
car -1 -1 0.00 0.00 0.00 100.00 100.00 -1000 1.55 3.95 -16.58 -1000 35.09 -0.11 920.304
car -1 -1 0.00 0.00 0.00 100.00 100.00 -1000 1.64 4.14 7.67 -1000 35.70 1.53 919.641
car -1 -1 0.00 0.00 0.00 100.00 100.00 -1000 1.41 2.92 3.44 -1000 38.43 1.57 918.078
car -1 -1 0.00 0.00 0.00 100.00 100.00 -1000 1.42 2.99 -0.28 -1000 44.33 1.56 917.607
car -1 -1 0.00 0.00 0.00 100.00 100.00 -1000 1.52 3.48 11.61 -1000 34.28 -0.19 915.256
car -1 -1 0.00 0.00 0.00 100.00 100.00 -1000 1.56 3.48 -1.53 -1000 43.18 -0.12 914.786
car -1 -1 0.00 0.00 0.00 100.00 100.00 -1000 1.59 3.58 -3.18 -1000 43.18 -0.14 913.562
car -1 -1 0.00 0.00 0.00 100.00 100.00 -1000 1.45 3.25 -17.90 -1000 23.76 1.56 909.479
car -1 -1 0.00 0.00 0.00 100.00 100.00 -1000 1.46 3.38 10.27 -1000 40.07 1.58 905.709
car -1 -1 0.00 0.00 0.00 100.00 100.00 -1000 1.43 3.05 -17.16 -1000 21.88 -0.12 905.378
car -1 -1 0.00 0.00 0.00 100.00 100.00 -1000 1.59 3.33 12.98 -1000 35.84 1.63 904.734
car -1 -1 0.00 0.00 0.00 100.00 100.00 -1000 1.52 3.40 9.34 -1000 32.68 -0.20 904.667
car -1 -1 0.00 0.00 0.00 100.00 100.00 -1000 1.59 3.39 5.31 -1000 34.77 1.65 903.903
car -1 -1 0.00 0.00 0.00 100.00 100.00 -1000 1.46 3.34 -5.65 -1000 38.21 -0.06 901.539
car -1 -1 0.00 0.00 0.00 100.00 100.00 -1000 1.94 4.99 -4.33 -1000 23.63 1.48 900.404
car -1 -1 0.00 0.00 0.00 100.00 100.00 -1000 1.56 3.39 3.15 -1000 35.37 1.52 900.168
car -1 -1 0.00 0.00 0.00 100.00 100.00 -1000 1.69 3.91 8.97 -1000 35.30 1.58 899.495
car -1 -1 0.00 0.00 0.00 100.00 100.00 -1000 1.44 3.31 -19.16 -1000 34.12 -0.30 897.578
car -1 -1 0.00 0.00 0.00 100.00 100.00 -1000 1.52 3.46 -0.04 -1000 43.15 -0.15 895.003
car -1 -1 0.00 0.00 0.00 100.00 100.00 -1000 1.57 3.20 -16.12 -1000 46.76 1.50 893.715
car -1 -1 0.00 0.00 0.00 100.00 100.00 -1000 1.59 3.97 -13.34 -1000 37.80 1.54 892.380
car -1 -1 0.00 0.00 0.00 100.00 100.00 -1000 1.51 3.33 6.73 -1000 34.47 1.61 891.631
car -1 -1 0.00 0.00 0.00 100.00 100.00 -1000 1.49 3.35 -14.85 -1000 36.57 1.58 891.283
car -1 -1 0.00 0.00 0.00 100.00 100.00 -1000 1.74 4.40 13.17 -1000 36.56 1.49 890.104
car -1 -1 0.00 0.00 0.00 100.00 100.00 -1000 1.40 2.90 -4.74 -1000 39.04 1.55 889.478
car -1 -1 0.00 0.00 0.00 100.00 100.00 -1000 1.73 4.45 -17.90 -1000 37.81 1.56 888.404
car -1 -1 0.00 0.00 0.00 100.00 100.00 -1000 1.53 3.24 4.49 -1000 34.07 1.62 886.959
car -1 -1 0.00 0.00 0.00 100.00 100.00 -1000 1.50 3.34 -13.72 -1000 37.07 1.56 886.898
car -1 -1 0.00 0.00 0.00 100.00 100.00 -1000 1.60 3.83 12.30 -1000 16.49 -0.39 882.889
car -1 -1 0.00 0.00 0.00 100.00 100.00 -1000 1.81 4.46 11.80 -1000 18.70 1.54 877.384
car -1 -1 0.00 0.00 0.00 100.00 100.00 -1000 1.53 3.44 -4.01 -1000 37.97 -0.17 873.831
car -1 -1 0.00 0.00 0.00 100.00 100.00 -1000 1.55 3.58 -16.49 -1000 24.04 1.53 873.575
car -1 -1 0.00 0.00 0.00 100.00 100.00 -1000 1.54 3.19 12.84 -1000 17.17 1.75 872.052
car -1 -1 0.00 0.00 0.00 100.00 100.00 -1000 1.84 4.42 10.87 -1000 42.63 1.58 868.996
car -1 -1 0.00 0.00 0.00 100.00 100.00 -1000 1.54 3.14 -2.69 -1000 43.88 1.67 865.278
car -1 -1 0.00 0.00 0.00 100.00 100.00 -1000 1.68 3.82 6.19 -1000 35.27 1.58 860.779
car -1 -1 0.00 0.00 0.00 100.00 100.00 -1000 1.78 4.72 -15.75 -1000 25.26 1.47 859.875
car -1 -1 0.00 0.00 0.00 100.00 100.00 -1000 2.13 5.62 8.02 -1000 36.45 1.53 856.804
car -1 -1 0.00 0.00 0.00 100.00 100.00 -1000 1.59 3.53 3.50 -1000 39.14 1.57 855.929
car -1 -1 0.00 0.00 0.00 100.00 100.00 -1000 1.55 3.13 -1.06 -1000 43.86 1.67 851.374
car -1 -1 0.00 0.00 0.00 100.00 100.00 -1000 1.68 3.88 7.51 -1000 33.72 1.50 846.281
car -1 -1 0.00 0.00 0.00 100.00 100.00 -1000 1.61 3.76 -15.26 -1000 35.44 -0.26 843.830
car -1 -1 0.00 0.00 0.00 100.00 100.00 -1000 1.38 2.91 1.26 -1000 44.37 1.60 840.340
car -1 -1 0.00 0.00 0.00 100.00 100.00 -1000 1.51 3.18 -11.03 -1000 36.76 1.55 838.616
car -1 -1 0.00 0.00 0.00 100.00 100.00 -1000 1.36 3.00 12.32 -1000 39.03 -0.18 838.257
car -1 -1 0.00 0.00 0.00 100.00 100.00 -1000 1.34 3.03 1.24 -1000 43.52 -0.10 838.073
car -1 -1 0.00 0.00 0.00 100.00 100.00 -1000 1.69 4.07 -5.31 -1000 44.97 1.53 831.639
car -1 -1 0.00 0.00 0.00 100.00 100.00 -1000 1.36 3.33 -8.30 -1000 15.69 1.62 825.808
car -1 -1 0.00 0.00 0.00 100.00 100.00 -1000 1.53 3.29 -11.51 -1000 37.56 1.64 825.202
car -1 -1 0.00 0.00 0.00 100.00 100.00 -1000 1.77 4.27 -6.86 -1000 39.85 1.52 823.306
car -1 -1 0.00 0.00 0.00 100.00 100.00 -1000 1.59 3.57 -7.08 -1000 21.90 1.56 822.163
car -1 -1 0.00 0.00 0.00 100.00 100.00 -1000 1.75 4.59 -17.74 -1000 36.60 1.59 817.031
car -1 -1 0.00 0.00 0.00 100.00 100.00 -1000 1.41 3.19 -6.11 -1000 44.09 1.49 812.008
car -1 -1 0.00 0.00 0.00 100.00 100.00 -1000 1.94 4.99 3.44 -1000 36.05 1.60 811.531
car -1 -1 0.00 0.00 0.00 100.00 100.00 -1000 1.62 3.99 13.24 -1000 18.36 1.52 809.726
car -1 -1 0.00 0.00 0.00 100.00 100.00 -1000 1.42 3.13 -3.12 -1000 39.00 1.56 803.640
car -1 -1 0.00 0.00 0.00 100.00 100.00 -1000 1.93 4.79 4.87 -1000 35.64 1.62 803.110
car -1 -1 0.00 0.00 0.00 100.00 100.00 -1000 1.75 5.36 9.79 -1000 20.75 1.54 800.723
car -1 -1 0.00 0.00 0.00 100.00 100.00 -1000 1.48 3.34 -2.49 -1000 38.20 -0.08 793.890
car -1 -1 0.00 0.00 0.00 100.00 100.00 -1000 1.49 3.04 -0.71 -1000 35.22 1.61 791.651
car -1 -1 0.00 0.00 0.00 100.00 100.00 -1000 1.40 3.26 -10.23 -1000 23.84 1.53 788.496
car -1 -1 0.00 0.00 0.00 100.00 100.00 -1000 1.58 3.62 12.40 -1000 41.06 1.56 786.521
car -1 -1 0.00 0.00 0.00 100.00 100.00 -1000 1.54 3.55 1.70 -1000 35.41 1.57 785.390
car -1 -1 0.00 0.00 0.00 100.00 100.00 -1000 1.83 4.83 -18.52 -1000 24.37 1.53 783.409
car -1 -1 0.00 0.00 0.00 100.00 100.00 -1000 1.46 3.40 -17.20 -1000 46.20 1.57 780.384
car -1 -1 0.00 0.00 0.00 100.00 100.00 -1000 2.04 5.62 11.24 -1000 36.07 1.56 773.935
car -1 -1 0.00 0.00 0.00 100.00 100.00 -1000 1.52 3.31 9.80 -1000 39.34 1.58 760.786
car -1 -1 0.00 0.00 0.00 100.00 100.00 -1000 1.44 3.26 -13.91 -1000 46.65 1.75 756.962
car -1 -1 0.00 0.00 0.00 100.00 100.00 -1000 1.72 3.97 -15.78 -1000 23.07 1.62 755.641
car -1 -1 0.00 0.00 0.00 100.00 100.00 -1000 1.65 3.46 10.64 -1000 33.03 -0.39 749.723
car -1 -1 0.00 0.00 0.00 100.00 100.00 -1000 2.25 7.69 -3.82 -1000 24.45 1.38 745.632
car -1 -1 0.00 0.00 0.00 100.00 100.00 -1000 1.52 3.09 -14.31 -1000 45.66 -0.20 744.551
car -1 -1 0.00 0.00 0.00 100.00 100.00 -1000 1.69 4.14 -11.64 -1000 38.54 1.55 742.923
car -1 -1 0.00 0.00 0.00 100.00 100.00 -1000 1.49 3.25 -0.81 -1000 38.26 -0.09 741.582
car -1 -1 0.00 0.00 0.00 100.00 100.00 -1000 1.68 3.89 -17.56 -1000 39.90 1.56 738.998
car -1 -1 0.00 0.00 0.00 100.00 100.00 -1000 1.61 3.56 4.86 -1000 38.50 1.69 737.961
car -1 -1 0.00 0.00 0.00 100.00 100.00 -1000 1.59 3.46 -0.82 -1000 34.31 -0.18 736.883
car -1 -1 0.00 0.00 0.00 100.00 100.00 -1000 1.63 3.98 3.22 -1000 37.52 1.54 731.217
car -1 -1 0.00 0.00 0.00 100.00 100.00 -1000 1.68 2.99 9.87 -1000 15.44 -0.08 730.302
car -1 -1 0.00 0.00 0.00 100.00 100.00 -1000 2.11 5.47 12.36 -1000 37.42 1.51 729.282
car -1 -1 0.00 0.00 0.00 100.00 100.00 -1000 1.46 3.21 11.42 -1000 38.38 1.46 726.919
car -1 -1 0.00 0.00 0.00 100.00 100.00 -1000 2.21 7.00 7.63 -1000 37.38 1.48 726.606
car -1 -1 0.00 0.00 0.00 100.00 100.00 -1000 1.54 3.50 11.43 -1000 15.69 -0.35 724.973
car -1 -1 0.00 0.00 0.00 100.00 100.00 -1000 1.52 3.14 -16.71 -1000 45.23 -0.34 723.785
car -1 -1 0.00 0.00 0.00 100.00 100.00 -1000 1.43 3.59 7.79 -1000 39.46 1.63 723.091
car -1 -1 0.00 0.00 0.00 100.00 100.00 -1000 1.44 3.40 -18.49 -1000 22.74 1.49 722.032
car -1 -1 0.00 0.00 0.00 100.00 100.00 -1000 1.88 3.50 -5.94 -1000 20.34 -0.18 718.624
car -1 -1 0.00 0.00 0.00 100.00 100.00 -1000 1.68 3.85 -14.20 -1000 35.96 -0.44 716.431
car -1 -1 0.00 0.00 0.00 100.00 100.00 -1000 1.68 4.61 10.38 -1000 43.45 1.55 715.523
car -1 -1 0.00 0.00 0.00 100.00 100.00 -1000 1.76 4.69 -3.22 -1000 45.01 1.58 711.426
car -1 -1 0.00 0.00 0.00 100.00 100.00 -1000 1.47 3.47 -12.51 -1000 36.49 1.64 709.344
car -1 -1 0.00 0.00 0.00 100.00 100.00 -1000 2.13 5.28 9.37 -1000 42.25 1.54 709.130
car -1 -1 0.00 0.00 0.00 100.00 100.00 -1000 1.50 3.56 -3.74 -1000 21.58 1.61 707.357
car -1 -1 0.00 0.00 0.00 100.00 100.00 -1000 1.62 3.82 12.88 -1000 38.22 1.56 703.691
car -1 -1 0.00 0.00 0.00 100.00 100.00 -1000 1.46 3.44 -1.24 -1000 39.01 1.56 701.102
car -1 -1 0.00 0.00 0.00 100.00 100.00 -1000 1.57 3.69 9.59 -1000 17.02 1.50 696.217
car -1 -1 0.00 0.00 0.00 100.00 100.00 -1000 1.53 3.19 7.54 -1000 32.89 1.50 687.390
car -1 -1 0.00 0.00 0.00 100.00 100.00 -1000 2.17 6.03 3.28 -1000 40.16 1.59 687.126
car -1 -1 0.00 0.00 0.00 100.00 100.00 -1000 1.55 3.66 2.38 -1000 38.07 1.58 686.453
car -1 -1 0.00 0.00 0.00 100.00 100.00 -1000 1.69 4.31 9.31 -1000 41.15 1.53 684.875
car -1 -1 0.00 0.00 0.00 100.00 100.00 -1000 1.62 3.53 2.65 -1000 34.45 1.57 684.799
car -1 -1 0.00 0.00 0.00 100.00 100.00 -1000 1.55 3.39 7.53 -1000 38.66 1.65 681.846
car -1 -1 0.00 0.00 0.00 100.00 100.00 -1000 2.20 6.70 11.80 -1000 20.47 1.47 680.716
car -1 -1 0.00 0.00 0.00 100.00 100.00 -1000 1.50 3.01 -18.01 -1000 34.54 1.74 679.709
car -1 -1 0.00 0.00 0.00 100.00 100.00 -1000 1.46 3.25 -2.07 -1000 35.29 1.56 669.047
car -1 -1 0.00 0.00 0.00 100.00 100.00 -1000 1.53 3.93 10.68 -1000 14.47 1.62 668.698
car -1 -1 0.00 0.00 0.00 100.00 100.00 -1000 1.20 2.41 13.30 -1000 39.53 -0.14 666.495
car -1 -1 0.00 0.00 0.00 100.00 100.00 -1000 1.83 4.79 1.01 -1000 45.00 1.56 665.399
car -1 -1 0.00 0.00 0.00 100.00 100.00 -1000 1.68 3.97 -11.13 -1000 36.06 1.55 663.128
car -1 -1 0.00 0.00 0.00 100.00 100.00 -1000 1.46 3.19 -9.06 -1000 14.66 1.56 662.664
car -1 -1 0.00 0.00 0.00 100.00 100.00 -1000 1.57 3.29 -8.19 -1000 21.48 1.57 661.413
car -1 -1 0.00 0.00 0.00 100.00 100.00 -1000 1.81 4.16 -6.45 -1000 45.49 1.57 654.120
car -1 -1 0.00 0.00 0.00 100.00 100.00 -1000 1.59 4.24 1.72 -1000 39.40 1.55 653.923
car -1 -1 0.00 0.00 0.00 100.00 100.00 -1000 1.67 3.93 8.12 -1000 41.80 1.65 651.615
car -1 -1 0.00 0.00 0.00 100.00 100.00 -1000 1.69 4.94 -7.41 -1000 22.52 1.59 650.599
car -1 -1 0.00 0.00 0.00 100.00 100.00 -1000 1.77 4.11 10.26 -1000 44.30 1.65 646.664
car -1 -1 0.00 0.00 0.00 100.00 100.00 -1000 1.67 5.13 -16.57 -1000 47.43 1.60 644.597
car -1 -1 0.00 0.00 0.00 100.00 100.00 -1000 1.91 4.98 12.62 -1000 21.36 1.45 642.380
car -1 -1 0.00 0.00 0.00 100.00 100.00 -1000 1.91 5.13 12.40 -1000 42.20 1.45 640.699
car -1 -1 0.00 0.00 0.00 100.00 100.00 -1000 1.69 4.94 3.73 -1000 41.21 1.69 640.456
car -1 -1 0.00 0.00 0.00 100.00 100.00 -1000 1.53 3.25 10.65 -1000 38.87 1.54 638.845
car -1 -1 0.00 0.00 0.00 100.00 100.00 -1000 1.97 5.50 -16.33 -1000 37.04 1.57 630.333
car -1 -1 0.00 0.00 0.00 100.00 100.00 -1000 1.61 3.83 11.16 -1000 45.09 1.61 628.082
car -1 -1 0.00 0.00 0.00 100.00 100.00 -1000 1.58 3.34 0.90 -1000 38.31 -0.11 626.750
car -1 -1 0.00 0.00 0.00 100.00 100.00 -1000 1.40 3.41 -5.44 -1000 42.91 -0.22 623.968
car -1 -1 0.00 0.00 0.00 100.00 100.00 -1000 1.50 3.19 -2.30 -1000 34.28 -0.09 621.311
car -1 -1 0.00 0.00 0.00 100.00 100.00 -1000 1.72 4.08 -8.29 -1000 16.39 1.67 616.893
car -1 -1 0.00 0.00 0.00 100.00 100.00 -1000 1.53 3.63 6.64 -1000 39.17 1.53 616.569
car -1 -1 0.00 0.00 0.00 100.00 100.00 -1000 1.96 5.38 -6.74 -1000 40.69 1.58 614.290
car -1 -1 0.00 0.00 0.00 100.00 100.00 -1000 1.61 4.08 8.39 -1000 40.21 1.64 613.218
car -1 -1 0.00 0.00 0.00 100.00 100.00 -1000 1.55 3.74 0.25 -1000 39.06 1.57 608.581
car -1 -1 0.00 0.00 0.00 100.00 100.00 -1000 1.77 4.11 -6.88 -1000 41.56 1.54 608.344
car -1 -1 0.00 0.00 0.00 100.00 100.00 -1000 1.60 3.48 4.61 -1000 33.19 -0.19 605.618
car -1 -1 0.00 0.00 0.00 100.00 100.00 -1000 1.91 4.98 -18.15 -1000 28.44 1.51 604.976
car -1 -1 0.00 0.00 0.00 100.00 100.00 -1000 1.87 4.14 -17.43 -1000 38.67 1.66 603.943
car -1 -1 0.00 0.00 0.00 100.00 100.00 -1000 1.69 4.03 12.70 -1000 34.62 -0.49 603.462
car -1 -1 0.00 0.00 0.00 100.00 100.00 -1000 1.40 2.91 13.23 -1000 40.34 1.67 603.373
car -1 -1 0.00 0.00 0.00 100.00 100.00 -1000 1.64 4.50 7.71 -1000 42.70 1.64 602.903
car -1 -1 0.00 0.00 0.00 100.00 100.00 -1000 1.61 3.46 0.61 -1000 34.91 1.63 602.671
car -1 -1 0.00 0.00 0.00 100.00 100.00 -1000 1.84 3.53 -13.83 -1000 42.37 1.76 588.030
car -1 -1 0.00 0.00 0.00 100.00 100.00 -1000 1.92 5.73 9.85 -1000 21.70 1.62 585.376
car -1 -1 0.00 0.00 0.00 100.00 100.00 -1000 1.79 4.94 14.31 -1000 20.47 1.45 582.617
car -1 -1 0.00 0.00 0.00 100.00 100.00 -1000 1.68 4.24 7.77 -1000 37.87 1.58 581.081
car -1 -1 0.00 0.00 0.00 100.00 100.00 -1000 1.78 4.81 -0.94 -1000 45.02 1.56 576.133
car -1 -1 0.00 0.00 0.00 100.00 100.00 -1000 1.61 3.65 -6.47 -1000 37.65 1.57 574.246
car -1 -1 0.00 0.00 0.00 100.00 100.00 -1000 1.50 3.44 -6.42 -1000 42.43 1.64 572.104
car -1 -1 0.00 0.00 0.00 100.00 100.00 -1000 2.66 8.40 4.79 -1000 36.58 1.51 572.045
car -1 -1 0.00 0.00 0.00 100.00 100.00 -1000 1.68 3.92 5.60 -1000 33.76 1.64 566.244
car -1 -1 0.00 0.00 0.00 100.00 100.00 -1000 1.53 4.31 10.05 -1000 24.86 1.58 555.395
car -1 -1 0.00 0.00 0.00 100.00 100.00 -1000 1.51 3.57 -9.53 -1000 24.58 1.59 551.180
car -1 -1 0.00 0.00 0.00 100.00 100.00 -1000 1.86 4.76 -8.59 -1000 23.39 1.65 548.757
car -1 -1 0.00 0.00 0.00 100.00 100.00 -1000 1.88 5.09 -8.47 -1000 17.20 1.55 548.752
car -1 -1 0.00 0.00 0.00 100.00 100.00 -1000 1.52 3.36 -3.54 -1000 35.33 1.51 545.065
car -1 -1 0.00 0.00 0.00 100.00 100.00 -1000 2.06 5.88 -18.91 -1000 25.33 1.55 542.399
car -1 -1 0.00 0.00 0.00 100.00 100.00 -1000 1.98 6.21 13.35 -1000 19.20 1.51 540.843
car -1 -1 0.00 0.00 0.00 100.00 100.00 -1000 1.89 4.99 12.52 -1000 43.13 1.45 539.692
car -1 -1 0.00 0.00 0.00 100.00 100.00 -1000 1.68 4.28 -15.27 -1000 40.02 1.62 527.419
car -1 -1 0.00 0.00 0.00 100.00 100.00 -1000 2.24 4.89 9.12 -1000 47.07 1.78 523.901
car -1 -1 0.00 0.00 0.00 100.00 100.00 -1000 1.98 5.27 8.20 -1000 43.86 1.60 516.006
car -1 -1 0.00 0.00 0.00 100.00 100.00 -1000 1.64 3.67 13.71 -1000 21.92 1.56 514.105
car -1 -1 0.00 0.00 0.00 100.00 100.00 -1000 1.75 4.59 -16.31 -1000 34.07 1.51 512.951
car -1 -1 0.00 0.00 0.00 100.00 100.00 -1000 1.85 4.62 9.20 -1000 44.92 1.68 511.360
car -1 -1 0.00 0.00 0.00 100.00 100.00 -1000 1.77 4.70 -4.44 -1000 39.80 1.59 508.006
car -1 -1 0.00 0.00 0.00 100.00 100.00 -1000 1.81 4.89 -13.51 -1000 47.51 1.69 506.948
car -1 -1 0.00 0.00 0.00 100.00 100.00 -1000 1.87 4.03 -14.38 -1000 33.74 1.56 506.439
car -1 -1 0.00 0.00 0.00 100.00 100.00 -1000 2.11 5.60 -6.33 -1000 46.21 1.48 504.537
car -1 -1 0.00 0.00 0.00 100.00 100.00 -1000 1.51 3.74 -6.28 -1000 21.33 1.58 492.958
car -1 -1 0.00 0.00 0.00 100.00 100.00 -1000 1.67 3.89 13.98 -1000 17.55 1.63 490.017
car -1 -1 0.00 0.00 0.00 100.00 100.00 -1000 1.61 4.43 -14.46 -1000 41.60 1.51 485.881
car -1 -1 0.00 0.00 0.00 100.00 100.00 -1000 1.68 4.64 10.63 -1000 45.95 1.65 483.384
car -1 -1 0.00 0.00 0.00 100.00 100.00 -1000 1.63 4.11 5.03 -1000 39.37 1.65 482.155
car -1 -1 0.00 0.00 0.00 100.00 100.00 -1000 1.87 4.72 4.55 -1000 42.12 1.65 479.152
car -1 -1 0.00 0.00 0.00 100.00 100.00 -1000 1.55 4.23 -10.99 -1000 34.16 1.61 476.974
car -1 -1 0.00 0.00 0.00 100.00 100.00 -1000 1.76 4.55 8.54 -1000 18.98 1.54 471.604
car -1 -1 0.00 0.00 0.00 100.00 100.00 -1000 1.81 4.51 -16.32 -1000 39.53 1.64 465.983
car -1 -1 0.00 0.00 0.00 100.00 100.00 -1000 1.76 4.44 9.11 -1000 38.46 1.62 460.699
car -1 -1 0.00 0.00 0.00 100.00 100.00 -1000 1.62 3.77 4.42 -1000 32.32 1.51 457.822
car -1 -1 0.00 0.00 0.00 100.00 100.00 -1000 1.55 4.10 -5.39 -1000 37.18 1.51 454.119
car -1 -1 0.00 0.00 0.00 100.00 100.00 -1000 1.79 5.02 -16.32 -1000 40.69 1.61 450.700
car -1 -1 0.00 0.00 0.00 100.00 100.00 -1000 1.58 3.80 3.82 -1000 7.05 1.67 447.938
car -1 -1 0.00 0.00 0.00 100.00 100.00 -1000 1.76 4.58 3.26 -1000 33.60 1.55 446.905
car -1 -1 0.00 0.00 0.00 100.00 100.00 -1000 1.19 3.06 -15.27 -1000 45.35 -0.34 445.033
car -1 -1 0.00 0.00 0.00 100.00 100.00 -1000 1.98 5.75 -13.76 -1000 38.57 1.50 436.513
car -1 -1 0.00 0.00 0.00 100.00 100.00 -1000 1.71 4.20 -9.83 -1000 16.00 1.61 431.103
car -1 -1 0.00 0.00 0.00 100.00 100.00 -1000 1.76 4.28 10.38 -1000 13.41 1.75 427.457
car -1 -1 0.00 0.00 0.00 100.00 100.00 -1000 1.70 5.05 6.56 -1000 39.86 1.58 423.004
car -1 -1 0.00 0.00 0.00 100.00 100.00 -1000 1.51 3.41 -4.03 -1000 34.27 0.01 421.110
car -1 -1 0.00 0.00 0.00 100.00 100.00 -1000 1.63 3.77 9.81 -1000 32.01 -0.10 416.368
car -1 -1 0.00 0.00 0.00 100.00 100.00 -1000 1.45 2.98 -18.44 -1000 21.45 1.51 414.622
car -1 -1 0.00 0.00 0.00 100.00 100.00 -1000 1.66 3.96 14.47 -1000 36.03 1.59 413.842
car -1 -1 0.00 0.00 0.00 100.00 100.00 -1000 1.64 3.82 -8.08 -1000 13.73 1.77 405.978
car -1 -1 0.00 0.00 0.00 100.00 100.00 -1000 2.06 6.09 -6.55 -1000 23.31 1.59 404.404
car -1 -1 0.00 0.00 0.00 100.00 100.00 -1000 1.76 4.32 -13.64 -1000 43.39 1.48 403.069
car -1 -1 0.00 0.00 0.00 100.00 100.00 -1000 1.78 4.13 14.20 -1000 37.04 1.59 402.332
car -1 -1 0.00 0.00 0.00 100.00 100.00 -1000 1.64 4.18 -1.55 -1000 42.42 1.45 401.796
car -1 -1 0.00 0.00 0.00 100.00 100.00 -1000 1.72 4.48 15.07 -1000 18.19 1.61 401.488
car -1 -1 0.00 0.00 0.00 100.00 100.00 -1000 1.47 3.30 -18.36 -1000 27.77 0.12 400.559
car -1 -1 0.00 0.00 0.00 100.00 100.00 -1000 1.67 4.20 1.26 -1000 33.98 1.55 399.597
car -1 -1 0.00 0.00 0.00 100.00 100.00 -1000 1.65 3.91 -6.69 -1000 19.66 1.58 399.361
car -1 -1 0.00 0.00 0.00 100.00 100.00 -1000 1.78 4.97 -14.28 -1000 23.36 1.64 395.112
car -1 -1 0.00 0.00 0.00 100.00 100.00 -1000 1.77 5.26 -17.85 -1000 41.19 1.62 393.344
car -1 -1 0.00 0.00 0.00 100.00 100.00 -1000 1.59 3.20 -16.95 -1000 20.92 1.67 389.067
car -1 -1 0.00 0.00 0.00 100.00 100.00 -1000 1.75 4.49 9.67 -1000 24.08 1.68 387.484
car -1 -1 0.00 0.00 0.00 100.00 100.00 -1000 1.64 4.28 8.90 -1000 17.88 1.46 386.210
car -1 -1 0.00 0.00 0.00 100.00 100.00 -1000 1.85 5.42 11.37 -1000 47.10 1.64 384.272
car -1 -1 0.00 0.00 0.00 100.00 100.00 -1000 2.16 4.94 10.11 -1000 27.60 1.73 379.549
car -1 -1 0.00 0.00 0.00 100.00 100.00 -1000 1.47 3.93 -10.44 -1000 23.08 1.47 379.479
car -1 -1 0.00 0.00 0.00 100.00 100.00 -1000 1.60 3.97 2.81 -1000 44.34 1.68 379.283
car -1 -1 0.00 0.00 0.00 100.00 100.00 -1000 1.79 4.52 6.70 -1000 32.26 1.53 378.216
car -1 -1 0.00 0.00 0.00 100.00 100.00 -1000 1.57 3.95 -3.48 -1000 37.22 1.48 376.195
car -1 -1 0.00 0.00 0.00 100.00 100.00 -1000 1.67 4.04 -1.70 -1000 37.63 1.57 373.810
car -1 -1 0.00 0.00 0.00 100.00 100.00 -1000 1.89 4.79 8.18 -1000 46.42 1.56 373.064
car -1 -1 0.00 0.00 0.00 100.00 100.00 -1000 1.55 4.03 14.29 -1000 40.69 1.59 372.475
car -1 -1 0.00 0.00 0.00 100.00 100.00 -1000 1.47 3.76 -3.74 -1000 42.39 1.48 371.130
car -1 -1 0.00 0.00 0.00 100.00 100.00 -1000 1.51 3.75 -9.23 -1000 25.36 1.52 369.793
car -1 -1 0.00 0.00 0.00 100.00 100.00 -1000 1.92 4.65 -9.44 -1000 22.53 1.44 368.412
car -1 -1 0.00 0.00 0.00 100.00 100.00 -1000 1.48 3.53 13.75 -1000 38.73 1.64 364.250
car -1 -1 0.00 0.00 0.00 100.00 100.00 -1000 2.23 6.12 2.09 -1000 36.69 1.50 363.753
car -1 -1 0.00 0.00 0.00 100.00 100.00 -1000 1.62 3.29 10.37 -1000 12.32 -0.34 357.547
car -1 -1 0.00 0.00 0.00 100.00 100.00 -1000 2.12 6.75 10.42 -1000 36.95 1.56 350.237
car -1 -1 0.00 0.00 0.00 100.00 100.00 -1000 2.06 5.48 11.35 -1000 22.18 1.51 349.689
car -1 -1 0.00 0.00 0.00 100.00 100.00 -1000 1.81 3.29 14.22 -1000 39.66 -0.39 348.809
car -1 -1 0.00 0.00 0.00 100.00 100.00 -1000 1.76 4.34 14.05 -1000 35.28 1.60 347.285
car -1 -1 0.00 0.00 0.00 100.00 100.00 -1000 2.25 6.85 -14.03 -1000 42.75 1.52 345.957
car -1 -1 0.00 0.00 0.00 100.00 100.00 -1000 1.61 3.97 -2.48 -1000 21.83 1.65 345.188
car -1 -1 0.00 0.00 0.00 100.00 100.00 -1000 1.70 3.59 -17.53 -1000 44.52 1.44 342.379
car -1 -1 0.00 0.00 0.00 100.00 100.00 -1000 1.76 4.38 14.37 -1000 37.91 1.60 340.093
car -1 -1 0.00 0.00 0.00 100.00 100.00 -1000 1.93 5.38 7.30 -1000 41.16 1.62 339.163
car -1 -1 0.00 0.00 0.00 100.00 100.00 -1000 1.73 4.40 -0.39 -1000 41.97 1.49 336.899
car -1 -1 0.00 0.00 0.00 100.00 100.00 -1000 1.91 5.37 9.69 -1000 25.63 1.60 334.890
car -1 -1 0.00 0.00 0.00 100.00 100.00 -1000 1.87 4.56 -2.64 -1000 41.94 1.41 331.811
car -1 -1 0.00 0.00 0.00 100.00 100.00 -1000 1.72 4.58 8.14 -1000 31.55 1.57 330.992
car -1 -1 0.00 0.00 0.00 100.00 100.00 -1000 1.69 5.54 1.04 -1000 8.93 1.56 330.279
car -1 -1 0.00 0.00 0.00 100.00 100.00 -1000 1.90 4.40 6.23 -1000 41.89 1.58 324.068
car -1 -1 0.00 0.00 0.00 100.00 100.00 -1000 1.77 4.36 -4.87 -1000 19.86 1.63 323.618
car -1 -1 0.00 0.00 0.00 100.00 100.00 -1000 1.71 4.16 -12.53 -1000 33.77 1.63 322.340
car -1 -1 0.00 0.00 0.00 100.00 100.00 -1000 2.37 8.04 -18.66 -1000 26.08 1.70 322.153
car -1 -1 0.00 0.00 0.00 100.00 100.00 -1000 1.61 4.15 12.23 -1000 15.11 1.62 319.725
car -1 -1 0.00 0.00 0.00 100.00 100.00 -1000 2.13 5.70 -16.56 -1000 41.79 1.50 316.374
car -1 -1 0.00 0.00 0.00 100.00 100.00 -1000 2.00 5.26 10.19 -1000 37.93 1.63 315.740
car -1 -1 0.00 0.00 0.00 100.00 100.00 -1000 1.68 4.17 1.57 -1000 7.08 1.64 313.375
