car -1 -1 0.00 0.00 0.00 100.00 100.00 -1000 1.46 3.25 -3.30 -1000 21.02 1.45 997.359
car -1 -1 0.00 0.00 0.00 100.00 100.00 -1000 1.56 3.91 -3.51 -1000 19.92 -0.29 989.624
car -1 -1 0.00 0.00 0.00 100.00 100.00 -1000 1.57 3.63 -3.17 -1000 22.09 1.52 985.428
car -1 -1 0.00 0.00 0.00 100.00 100.00 -1000 1.42 2.90 6.25 -1000 37.09 1.53 980.877
car -1 -1 0.00 0.00 0.00 100.00 100.00 -1000 1.44 3.11 -8.89 -1000 18.26 1.66 980.450
car -1 -1 0.00 0.00 0.00 100.00 100.00 -1000 1.43 3.14 7.47 -1000 36.69 1.57 977.232
car -1 -1 0.00 0.00 0.00 100.00 100.00 -1000 1.73 3.83 -11.16 -1000 18.58 -0.27 976.686
car -1 -1 0.00 0.00 0.00 100.00 100.00 -1000 1.43 3.02 -9.64 -1000 17.77 1.57 976.449
car -1 -1 0.00 0.00 0.00 100.00 100.00 -1000 1.43 3.02 -11.11 -1000 19.30 1.59 976.067
car -1 -1 0.00 0.00 0.00 100.00 100.00 -1000 1.49 3.10 8.94 -1000 39.38 1.63 974.861
car -1 -1 0.00 0.00 0.00 100.00 100.00 -1000 1.74 4.14 -9.38 -1000 17.00 -0.41 972.289
car -1 -1 0.00 0.00 0.00 100.00 100.00 -1000 1.49 3.61 6.97 -1000 21.85 -0.24 970.586
car -1 -1 0.00 0.00 0.00 100.00 100.00 -1000 1.50 3.05 -9.22 -1000 39.38 1.51 963.413
car -1 -1 0.00 0.00 0.00 100.00 100.00 -1000 1.45 3.04 -9.88 -1000 18.98 1.57 961.191
car -1 -1 0.00 0.00 0.00 100.00 100.00 -1000 1.42 2.96 -17.07 -1000 21.78 1.57 960.536
car -1 -1 0.00 0.00 0.00 100.00 100.00 -1000 1.45 3.16 -8.98 -1000 28.14 1.64 960.337
car -1 -1 0.00 0.00 0.00 100.00 100.00 -1000 1.43 2.85 -11.59 -1000 38.38 1.57 959.937
car -1 -1 0.00 0.00 0.00 100.00 100.00 -1000 1.32 2.76 7.28 -1000 35.72 -0.05 953.802
car -1 -1 0.00 0.00 0.00 100.00 100.00 -1000 1.46 3.07 -8.39 -1000 18.94 1.57 950.263
car -1 -1 0.00 0.00 0.00 100.00 100.00 -1000 1.40 2.89 6.79 -1000 22.53 1.58 948.565
car -1 -1 0.00 0.00 0.00 100.00 100.00 -1000 1.35 3.90 -10.94 -1000 15.43 1.69 946.812
car -1 -1 0.00 0.00 0.00 100.00 100.00 -1000 1.46 3.61 15.16 -1000 36.04 1.50 946.343
car -1 -1 0.00 0.00 0.00 100.00 100.00 -1000 1.41 2.74 6.43 -1000 36.14 -0.00 943.919
car -1 -1 0.00 0.00 0.00 100.00 100.00 -1000 1.60 3.60 6.80 -1000 37.80 1.63 943.604
car -1 -1 0.00 0.00 0.00 100.00 100.00 -1000 1.50 3.44 -11.37 -1000 37.58 -0.16 942.182
car -1 -1 0.00 0.00 0.00 100.00 100.00 -1000 1.42 3.19 5.49 -1000 31.39 -0.11 939.801
car -1 -1 0.00 0.00 0.00 100.00 100.00 -1000 1.49 3.12 9.21 -1000 36.68 1.55 939.778
car -1 -1 0.00 0.00 0.00 100.00 100.00 -1000 1.63 3.68 8.06 -1000 38.61 1.58 939.194
car -1 -1 0.00 0.00 0.00 100.00 100.00 -1000 1.40 2.87 6.31 -1000 19.34 1.57 937.905
car -1 -1 0.00 0.00 0.00 100.00 100.00 -1000 1.47 3.01 8.44 -1000 36.13 1.62 936.544
car -1 -1 0.00 0.00 0.00 100.00 100.00 -1000 1.55 3.38 -9.57 -1000 38.37 -0.17 928.957
car -1 -1 0.00 0.00 0.00 100.00 100.00 -1000 2.03 5.71 -2.94 -1000 22.71 1.49 928.689
car -1 -1 0.00 0.00 0.00 100.00 100.00 -1000 1.63 3.86 -8.49 -1000 29.70 1.51 926.431
car -1 -1 0.00 0.00 0.00 100.00 100.00 -1000 1.49 3.31 16.84 -1000 42.44 1.64 924.446
car -1 -1 0.00 0.00 0.00 100.00 100.00 -1000 1.51 3.23 -10.78 -1000 39.03 1.48 920.917
car -1 -1 0.00 0.00 0.00 100.00 100.00 -1000 1.55 3.92 -10.97 -1000 19.99 1.49 920.486
car -1 -1 0.00 0.00 0.00 100.00 100.00 -1000 1.45 2.95 15.36 -1000 36.77 1.54 915.666
car -1 -1 0.00 0.00 0.00 100.00 100.00 -1000 1.53 3.54 -9.27 -1000 28.91 1.57 911.583
car -1 -1 0.00 0.00 0.00 100.00 100.00 -1000 1.41 2.87 5.47 -1000 32.17 1.65 910.281
car -1 -1 0.00 0.00 0.00 100.00 100.00 -1000 1.71 4.34 8.72 -1000 40.06 1.47 909.912
car -1 -1 0.00 0.00 0.00 100.00 100.00 -1000 1.54 3.09 9.94 -1000 38.82 1.73 898.771
car -1 -1 0.00 0.00 0.00 100.00 100.00 -1000 1.30 2.84 9.12 -1000 35.52 -0.17 897.840
car -1 -1 0.00 0.00 0.00 100.00 100.00 -1000 1.72 3.78 16.15 -1000 41.50 -0.22 891.409
car -1 -1 0.00 0.00 0.00 100.00 100.00 -1000 1.46 2.98 -16.04 -1000 21.50 1.61 890.130
car -1 -1 0.00 0.00 0.00 100.00 100.00 -1000 1.57 3.46 -16.65 -1000 20.92 -0.14 884.098
car -1 -1 0.00 0.00 0.00 100.00 100.00 -1000 1.48 3.17 6.21 -1000 18.53 -0.12 882.116
car -1 -1 0.00 0.00 0.00 100.00 100.00 -1000 1.44 3.23 -9.11 -1000 27.32 -0.16 878.295
car -1 -1 0.00 0.00 0.00 100.00 100.00 -1000 1.37 3.34 -14.45 -1000 19.34 1.53 876.805
car -1 -1 0.00 0.00 0.00 100.00 100.00 -1000 1.51 3.24 14.16 -1000 21.40 1.61 876.308
car -1 -1 0.00 0.00 0.00 100.00 100.00 -1000 1.50 3.22 -12.86 -1000 26.24 -0.12 875.824
car -1 -1 0.00 0.00 0.00 100.00 100.00 -1000 1.55 3.53 -10.59 -1000 42.27 1.52 870.651
car -1 -1 0.00 0.00 0.00 100.00 100.00 -1000 1.47 3.18 -11.46 -1000 14.62 1.56 867.759
car -1 -1 0.00 0.00 0.00 100.00 100.00 -1000 1.48 3.38 -12.64 -1000 19.30 1.49 866.253
car -1 -1 0.00 0.00 0.00 100.00 100.00 -1000 1.43 3.14 -12.97 -1000 27.16 1.54 859.721
car -1 -1 0.00 0.00 0.00 100.00 100.00 -1000 1.59 3.78 12.10 -1000 20.49 1.61 858.729
car -1 -1 0.00 0.00 0.00 100.00 100.00 -1000 1.42 2.98 10.71 -1000 36.31 1.63 857.882
car -1 -1 0.00 0.00 0.00 100.00 100.00 -1000 1.54 3.70 6.23 -1000 21.30 1.54 854.731
car -1 -1 0.00 0.00 0.00 100.00 100.00 -1000 1.56 3.59 10.00 -1000 39.77 1.61 854.648
car -1 -1 0.00 0.00 0.00 100.00 100.00 -1000 1.55 4.07 -7.55 -1000 19.64 1.59 853.225
car -1 -1 0.00 0.00 0.00 100.00 100.00 -1000 1.43 3.03 8.52 -1000 32.77 1.61 847.941
car -1 -1 0.00 0.00 0.00 100.00 100.00 -1000 1.41 3.26 11.27 -1000 32.99 1.61 840.595
car -1 -1 0.00 0.00 0.00 100.00 100.00 -1000 1.71 4.45 5.20 -1000 39.50 1.59 837.705
car -1 -1 0.00 0.00 0.00 100.00 100.00 -1000 1.41 3.46 -11.21 -1000 17.70 1.51 837.575
car -1 -1 0.00 0.00 0.00 100.00 100.00 -1000 1.51 3.49 14.85 -1000 22.10 1.56 837.552
car -1 -1 0.00 0.00 0.00 100.00 100.00 -1000 1.50 3.42 -10.46 -1000 28.61 1.51 836.023
car -1 -1 0.00 0.00 0.00 100.00 100.00 -1000 1.58 3.75 11.10 -1000 18.04 1.59 835.526
car -1 -1 0.00 0.00 0.00 100.00 100.00 -1000 1.46 3.61 -8.30 -1000 39.78 1.60 833.604
car -1 -1 0.00 0.00 0.00 100.00 100.00 -1000 1.65 3.96 13.99 -1000 20.64 -0.40 832.851
car -1 -1 0.00 0.00 0.00 100.00 100.00 -1000 1.43 3.52 3.55 -1000 42.05 1.57 832.315
car -1 -1 0.00 0.00 0.00 100.00 100.00 -1000 1.42 3.07 -10.69 -1000 16.07 1.66 831.252
car -1 -1 0.00 0.00 0.00 100.00 100.00 -1000 1.45 3.27 -10.48 -1000 27.47 1.59 828.718
car -1 -1 0.00 0.00 0.00 100.00 100.00 -1000 1.54 3.43 8.59 -1000 31.92 -0.21 828.106
car -1 -1 0.00 0.00 0.00 100.00 100.00 -1000 1.59 3.72 11.39 -1000 39.45 1.61 824.571
car -1 -1 0.00 0.00 0.00 100.00 100.00 -1000 1.64 4.52 6.65 -1000 23.15 1.61 815.454
car -1 -1 0.00 0.00 0.00 100.00 100.00 -1000 1.70 4.20 9.96 -1000 37.42 1.60 814.591
car -1 -1 0.00 0.00 0.00 100.00 100.00 -1000 1.46 3.28 6.61 -1000 32.54 1.58 814.301
car -1 -1 0.00 0.00 0.00 100.00 100.00 -1000 1.66 3.54 6.63 -1000 20.04 1.62 813.172
car -1 -1 0.00 0.00 0.00 100.00 100.00 -1000 1.84 4.67 -9.64 -1000 40.03 1.50 811.561
car -1 -1 0.00 0.00 0.00 100.00 100.00 -1000 1.79 4.35 -17.42 -1000 22.79 1.52 806.149
car -1 -1 0.00 0.00 0.00 100.00 100.00 -1000 1.71 3.83 6.26 -1000 38.58 1.54 805.064
car -1 -1 0.00 0.00 0.00 100.00 100.00 -1000 1.81 4.80 8.71 -1000 41.42 1.44 804.134
car -1 -1 0.00 0.00 0.00 100.00 100.00 -1000 1.58 3.64 12.79 -1000 17.99 1.54 801.973
car -1 -1 0.00 0.00 0.00 100.00 100.00 -1000 1.70 3.55 12.12 -1000 31.87 -0.28 796.257
car -1 -1 0.00 0.00 0.00 100.00 100.00 -1000 1.59 3.87 -15.27 -1000 22.10 1.63 796.080
car -1 -1 0.00 0.00 0.00 100.00 100.00 -1000 1.65 4.07 6.95 -1000 39.47 1.58 788.404
car -1 -1 0.00 0.00 0.00 100.00 100.00 -1000 1.58 3.75 8.07 -1000 37.54 1.69 787.774
car -1 -1 0.00 0.00 0.00 100.00 100.00 -1000 1.37 3.07 -10.60 -1000 41.46 -0.17 785.803
car -1 -1 0.00 0.00 0.00 100.00 100.00 -1000 1.37 2.98 10.16 -1000 35.76 -0.25 783.532
car -1 -1 0.00 0.00 0.00 100.00 100.00 -1000 1.68 3.82 9.14 -1000 33.37 1.68 779.952
car -1 -1 0.00 0.00 0.00 100.00 100.00 -1000 1.53 3.41 -2.71 -1000 20.45 1.74 778.176
car -1 -1 0.00 0.00 0.00 100.00 100.00 -1000 1.37 2.84 -14.76 -1000 46.04 -0.18 771.300
car -1 -1 0.00 0.00 0.00 100.00 100.00 -1000 1.42 2.93 -11.94 -1000 26.67 1.60 768.071
car -1 -1 0.00 0.00 0.00 100.00 100.00 -1000 1.42 3.15 4.37 -1000 30.73 1.55 766.057
car -1 -1 0.00 0.00 0.00 100.00 100.00 -1000 1.63 3.80 13.03 -1000 19.41 1.57 763.311
car -1 -1 0.00 0.00 0.00 100.00 100.00 -1000 1.53 3.26 9.93 -1000 32.87 1.63 761.914
car -1 -1 0.00 0.00 0.00 100.00 100.00 -1000 1.52 3.61 -2.14 -1000 21.50 1.65 759.469
car -1 -1 0.00 0.00 0.00 100.00 100.00 -1000 1.59 3.76 7.82 -1000 11.70 1.59 758.103
car -1 -1 0.00 0.00 0.00 100.00 100.00 -1000 1.45 3.20 -8.35 -1000 38.98 1.67 756.348
car -1 -1 0.00 0.00 0.00 100.00 100.00 -1000 1.63 3.91 16.99 -1000 43.37 1.52 755.101
car -1 -1 0.00 0.00 0.00 100.00 100.00 -1000 1.62 3.07 -16.21 -1000 20.25 -0.20 754.503
car -1 -1 0.00 0.00 0.00 100.00 100.00 -1000 1.62 3.64 10.83 -1000 38.37 1.68 748.613
car -1 -1 0.00 0.00 0.00 100.00 100.00 -1000 1.57 3.51 -14.93 -1000 20.97 1.59 745.810
car -1 -1 0.00 0.00 0.00 100.00 100.00 -1000 1.51 3.77 15.32 -1000 37.43 1.50 744.600
car -1 -1 0.00 0.00 0.00 100.00 100.00 -1000 1.73 4.44 10.82 -1000 18.96 1.65 743.602
car -1 -1 0.00 0.00 0.00 100.00 100.00 -1000 1.59 3.04 -15.43 -1000 46.59 1.49 734.591
car -1 -1 0.00 0.00 0.00 100.00 100.00 -1000 1.36 2.62 6.02 -1000 35.50 -0.09 733.949
car -1 -1 0.00 0.00 0.00 100.00 100.00 -1000 1.77 4.29 -13.34 -1000 22.10 1.59 733.542
car -1 -1 0.00 0.00 0.00 100.00 100.00 -1000 1.57 3.57 10.04 -1000 31.87 -0.19 731.841
car -1 -1 0.00 0.00 0.00 100.00 100.00 -1000 1.51 3.72 -11.30 -1000 16.87 1.53 730.626
car -1 -1 0.00 0.00 0.00 100.00 100.00 -1000 1.40 3.33 -11.54 -1000 27.78 1.61 725.919
car -1 -1 0.00 0.00 0.00 100.00 100.00 -1000 1.53 3.50 15.02 -1000 41.91 1.57 722.630
car -1 -1 0.00 0.00 0.00 100.00 100.00 -1000 1.70 3.97 11.19 -1000 19.82 1.58 719.849
car -1 -1 0.00 0.00 0.00 100.00 100.00 -1000 1.64 3.51 14.65 -1000 40.51 1.48 719.436
car -1 -1 0.00 0.00 0.00 100.00 100.00 -1000 1.55 3.90 3.99 -1000 42.72 1.47 718.462
car -1 -1 0.00 0.00 0.00 100.00 100.00 -1000 2.40 7.20 -2.39 -1000 23.61 1.45 713.862
car -1 -1 0.00 0.00 0.00 100.00 100.00 -1000 1.82 3.83 13.50 -1000 17.33 -0.45 713.397
car -1 -1 0.00 0.00 0.00 100.00 100.00 -1000 2.22 5.39 -11.25 -1000 39.49 1.67 711.665
car -1 -1 0.00 0.00 0.00 100.00 100.00 -1000 1.45 3.38 -9.26 -1000 43.15 -0.19 703.458
car -1 -1 0.00 0.00 0.00 100.00 100.00 -1000 1.44 3.39 -13.45 -1000 18.84 1.59 697.794
car -1 -1 0.00 0.00 0.00 100.00 100.00 -1000 1.55 3.71 -7.53 -1000 18.50 -0.39 696.904
car -1 -1 0.00 0.00 0.00 100.00 100.00 -1000 2.04 5.01 -11.17 -1000 29.29 1.51 696.217
car -1 -1 0.00 0.00 0.00 100.00 100.00 -1000 1.35 2.85 6.77 -1000 31.52 -0.17 695.347
car -1 -1 0.00 0.00 0.00 100.00 100.00 -1000 1.76 5.96 -8.62 -1000 12.45 1.52 692.377
car -1 -1 0.00 0.00 0.00 100.00 100.00 -1000 1.44 3.17 11.09 -1000 32.22 -0.21 691.465
car -1 -1 0.00 0.00 0.00 100.00 100.00 -1000 1.65 3.75 13.79 -1000 18.55 1.58 688.171
car -1 -1 0.00 0.00 0.00 100.00 100.00 -1000 1.68 4.11 12.61 -1000 21.24 1.58 685.680
car -1 -1 0.00 0.00 0.00 100.00 100.00 -1000 1.51 3.34 4.59 -1000 9.70 1.55 684.716
car -1 -1 0.00 0.00 0.00 100.00 100.00 -1000 1.45 2.88 -10.53 -1000 26.70 1.59 684.121
car -1 -1 0.00 0.00 0.00 100.00 100.00 -1000 1.91 4.56 -9.64 -1000 44.04 1.57 680.735
car -1 -1 0.00 0.00 0.00 100.00 100.00 -1000 1.47 3.74 5.46 -1000 37.57 1.43 679.561
car -1 -1 0.00 0.00 0.00 100.00 100.00 -1000 1.63 3.83 2.47 -1000 22.97 1.57 677.184
car -1 -1 0.00 0.00 0.00 100.00 100.00 -1000 1.54 3.38 12.26 -1000 16.90 -0.21 670.825
car -1 -1 0.00 0.00 0.00 100.00 100.00 -1000 1.59 3.69 15.05 -1000 35.19 1.62 669.965
car -1 -1 0.00 0.00 0.00 100.00 100.00 -1000 1.38 2.69 -11.07 -1000 13.77 -0.22 664.646
car -1 -1 0.00 0.00 0.00 100.00 100.00 -1000 1.62 4.76 -14.30 -1000 23.81 1.39 651.737
car -1 -1 0.00 0.00 0.00 100.00 100.00 -1000 1.85 3.81 -13.31 -1000 22.95 1.45 650.097
car -1 -1 0.00 0.00 0.00 100.00 100.00 -1000 1.66 4.38 11.24 -1000 36.93 1.58 649.648
car -1 -1 0.00 0.00 0.00 100.00 100.00 -1000 1.95 4.12 7.75 -1000 33.62 1.50 649.272
car -1 -1 0.00 0.00 0.00 100.00 100.00 -1000 1.62 3.48 -13.03 -1000 17.89 -0.27 637.931
car -1 -1 0.00 0.00 0.00 100.00 100.00 -1000 1.51 3.30 5.02 -1000 36.91 1.53 637.415
car -1 -1 0.00 0.00 0.00 100.00 100.00 -1000 1.54 3.31 12.78 -1000 33.11 1.59 636.816
car -1 -1 0.00 0.00 0.00 100.00 100.00 -1000 1.76 3.86 -14.78 -1000 47.21 1.59 636.194
car -1 -1 0.00 0.00 0.00 100.00 100.00 -1000 1.60 4.34 -13.25 -1000 20.21 1.59 634.254
car -1 -1 0.00 0.00 0.00 100.00 100.00 -1000 1.48 3.92 8.97 -1000 38.01 -0.12 626.286
car -1 -1 0.00 0.00 0.00 100.00 100.00 -1000 1.60 3.25 -9.11 -1000 16.14 1.64 621.407
car -1 -1 0.00 0.00 0.00 100.00 100.00 -1000 1.76 4.69 8.50 -1000 42.68 1.47 620.350
car -1 -1 0.00 0.00 0.00 100.00 100.00 -1000 1.89 4.40 11.43 -1000 33.65 1.54 620.018
car -1 -1 0.00 0.00 0.00 100.00 100.00 -1000 1.48 3.36 3.26 -1000 41.33 1.54 616.680
car -1 -1 0.00 0.00 0.00 100.00 100.00 -1000 1.76 3.65 -10.01 -1000 37.52 1.60 616.310
car -1 -1 0.00 0.00 0.00 100.00 100.00 -1000 1.68 4.00 11.17 -1000 35.17 1.62 610.189
car -1 -1 0.00 0.00 0.00 100.00 100.00 -1000 1.84 4.83 -9.08 -1000 41.56 1.70 606.285
car -1 -1 0.00 0.00 0.00 100.00 100.00 -1000 1.21 2.89 8.09 -1000 35.25 -0.07 598.942
car -1 -1 0.00 0.00 0.00 100.00 100.00 -1000 1.57 4.49 -5.74 -1000 19.84 1.61 597.980
car -1 -1 0.00 0.00 0.00 100.00 100.00 -1000 1.58 3.36 -10.52 -1000 25.83 1.68 596.310
car -1 -1 0.00 0.00 0.00 100.00 100.00 -1000 1.67 4.09 12.94 -1000 36.34 1.63 592.896
car -1 -1 0.00 0.00 0.00 100.00 100.00 -1000 1.71 4.33 10.00 -1000 43.08 1.63 591.364
car -1 -1 0.00 0.00 0.00 100.00 100.00 -1000 1.92 4.67 -10.74 -1000 40.69 1.76 584.434
car -1 -1 0.00 0.00 0.00 100.00 100.00 -1000 1.46 3.80 7.28 -1000 18.86 -0.36 583.336
car -1 -1 0.00 0.00 0.00 100.00 100.00 -1000 1.55 3.07 -4.27 -1000 19.29 1.39 579.719
car -1 -1 0.00 0.00 0.00 100.00 100.00 -1000 2.00 5.81 10.07 -1000 40.59 1.54 578.768
car -1 -1 0.00 0.00 0.00 100.00 100.00 -1000 1.63 3.29 14.52 -1000 33.08 1.53 577.663
car -1 -1 0.00 0.00 0.00 100.00 100.00 -1000 2.33 6.83 -8.94 -1000 20.03 1.49 576.882
car -1 -1 0.00 0.00 0.00 100.00 100.00 -1000 1.68 4.64 8.95 -1000 27.68 1.57 576.333
car -1 -1 0.00 0.00 0.00 100.00 100.00 -1000 1.53 3.43 11.80 -1000 36.01 1.60 570.169
car -1 -1 0.00 0.00 0.00 100.00 100.00 -1000 1.71 4.89 -7.27 -1000 30.21 1.60 567.445
car -1 -1 0.00 0.00 0.00 100.00 100.00 -1000 1.53 3.84 10.70 -1000 17.12 1.68 567.336
car -1 -1 0.00 0.00 0.00 100.00 100.00 -1000 1.63 4.20 7.33 -1000 10.55 1.49 566.389
car -1 -1 0.00 0.00 0.00 100.00 100.00 -1000 0.86 1.49 5.94 -1000 36.57 -0.01 563.391
car -1 -1 0.00 0.00 0.00 100.00 100.00 -1000 2.27 7.11 -10.72 -1000 20.59 1.62 561.817
car -1 -1 0.00 0.00 0.00 100.00 100.00 -1000 1.40 2.80 7.64 -1000 32.26 -0.17 560.767
car -1 -1 0.00 0.00 0.00 100.00 100.00 -1000 1.61 3.43 -8.30 -1000 17.45 1.72 559.798
car -1 -1 0.00 0.00 0.00 100.00 100.00 -1000 1.79 4.34 16.83 -1000 44.29 1.54 556.994
car -1 -1 0.00 0.00 0.00 100.00 100.00 -1000 1.62 3.10 -15.03 -1000 19.99 -0.09 550.223
car -1 -1 0.00 0.00 0.00 100.00 100.00 -1000 1.54 3.37 -9.66 -1000 15.17 1.63 539.375
car -1 -1 0.00 0.00 0.00 100.00 100.00 -1000 1.50 3.25 9.18 -1000 31.26 1.55 533.411
car -1 -1 0.00 0.00 0.00 100.00 100.00 -1000 1.77 3.79 15.47 -1000 31.53 -0.23 532.443
car -1 -1 0.00 0.00 0.00 100.00 100.00 -1000 1.72 4.50 11.77 -1000 40.30 1.52 532.412
car -1 -1 0.00 0.00 0.00 100.00 100.00 -1000 1.54 3.91 -10.97 -1000 43.00 1.37 530.708
car -1 -1 0.00 0.00 0.00 100.00 100.00 -1000 1.63 3.29 14.86 -1000 32.33 1.52 528.401
car -1 -1 0.00 0.00 0.00 100.00 100.00 -1000 1.48 3.11 -17.56 -1000 20.20 1.45 525.663
car -1 -1 0.00 0.00 0.00 100.00 100.00 -1000 1.63 4.23 8.46 -1000 12.34 1.64 519.629
car -1 -1 0.00 0.00 0.00 100.00 100.00 -1000 1.56 3.62 -7.15 -1000 39.24 1.63 519.006
car -1 -1 0.00 0.00 0.00 100.00 100.00 -1000 1.62 4.03 -7.28 -1000 27.91 1.60 516.534
car -1 -1 0.00 0.00 0.00 100.00 100.00 -1000 1.47 3.43 8.15 -1000 22.32 1.63 510.750
car -1 -1 0.00 0.00 0.00 100.00 100.00 -1000 2.17 6.90 11.93 -1000 23.05 1.53 507.275
car -1 -1 0.00 0.00 0.00 100.00 100.00 -1000 1.94 5.33 6.07 -1000 40.22 1.51 506.217
car -1 -1 0.00 0.00 0.00 100.00 100.00 -1000 1.66 4.72 -4.78 -1000 20.60 1.50 505.776
car -1 -1 0.00 0.00 0.00 100.00 100.00 -1000 1.56 3.62 8.62 -1000 28.91 1.52 498.332
car -1 -1 0.00 0.00 0.00 100.00 100.00 -1000 1.52 3.10 4.22 -1000 29.93 -0.15 493.984
car -1 -1 0.00 0.00 0.00 100.00 100.00 -1000 1.82 3.94 13.39 -1000 33.84 1.51 493.234
car -1 -1 0.00 0.00 0.00 100.00 100.00 -1000 1.88 4.11 14.55 -1000 19.33 1.53 490.821
car -1 -1 0.00 0.00 0.00 100.00 100.00 -1000 1.94 5.29 -16.24 -1000 23.33 1.59 486.375
car -1 -1 0.00 0.00 0.00 100.00 100.00 -1000 1.42 3.25 -14.15 -1000 18.22 1.56 484.885
car -1 -1 0.00 0.00 0.00 100.00 100.00 -1000 1.61 3.79 15.37 -1000 21.12 1.62 481.907
car -1 -1 0.00 0.00 0.00 100.00 100.00 -1000 1.96 5.12 4.33 -1000 23.69 1.59 480.700
car -1 -1 0.00 0.00 0.00 100.00 100.00 -1000 1.45 2.89 -11.83 -1000 25.89 -0.31 478.471
car -1 -1 0.00 0.00 0.00 100.00 100.00 -1000 1.77 4.40 -12.45 -1000 16.03 1.37 478.449
car -1 -1 0.00 0.00 0.00 100.00 100.00 -1000 1.82 4.23 9.32 -1000 13.25 1.72 477.373
car -1 -1 0.00 0.00 0.00 100.00 100.00 -1000 2.01 5.14 12.45 -1000 22.04 1.56 474.498
car -1 -1 0.00 0.00 0.00 100.00 100.00 -1000 1.45 4.08 -11.62 -1000 36.84 -0.22 469.941
car -1 -1 0.00 0.00 0.00 100.00 100.00 -1000 1.97 5.41 9.17 -1000 34.15 1.63 469.892
car -1 -1 0.00 0.00 0.00 100.00 100.00 -1000 1.59 3.25 -15.34 -1000 45.30 1.49 461.043
car -1 -1 0.00 0.00 0.00 100.00 100.00 -1000 1.71 4.06 17.45 -1000 41.83 1.66 460.149
car -1 -1 0.00 0.00 0.00 100.00 100.00 -1000 2.04 5.90 -13.38 -1000 21.24 1.62 457.362
car -1 -1 0.00 0.00 0.00 100.00 100.00 -1000 1.99 6.14 14.95 -1000 22.67 1.51 454.063
car -1 -1 0.00 0.00 0.00 100.00 100.00 -1000 1.84 5.04 -9.01 -1000 37.01 1.38 453.745
car -1 -1 0.00 0.00 0.00 100.00 100.00 -1000 1.52 3.50 -8.87 -1000 13.66 1.55 453.158
car -1 -1 0.00 0.00 0.00 100.00 100.00 -1000 1.68 3.96 -7.46 -1000 29.10 1.66 451.375
car -1 -1 0.00 0.00 0.00 100.00 100.00 -1000 1.39 2.78 -8.74 -1000 47.85 -0.17 446.297
car -1 -1 0.00 0.00 0.00 100.00 100.00 -1000 1.74 4.70 -0.66 -1000 21.80 1.61 443.720
car -1 -1 0.00 0.00 0.00 100.00 100.00 -1000 1.80 4.72 8.38 -1000 20.02 1.61 443.156
car -1 -1 0.00 0.00 0.00 100.00 100.00 -1000 1.88 4.94 7.25 -1000 24.96 1.65 441.762
car -1 -1 0.00 0.00 0.00 100.00 100.00 -1000 1.58 3.34 4.79 -1000 36.03 1.57 439.959
car -1 -1 0.00 0.00 0.00 100.00 100.00 -1000 1.60 3.63 9.94 -1000 30.67 1.52 438.949
car -1 -1 0.00 0.00 0.00 100.00 100.00 -1000 1.63 4.40 5.65 -1000 10.09 1.62 438.879
car -1 -1 0.00 0.00 0.00 100.00 100.00 -1000 1.58 3.92 -6.20 -1000 19.13 1.64 435.306
car -1 -1 0.00 0.00 0.00 100.00 100.00 -1000 1.47 3.30 -10.44 -1000 14.31 1.65 431.907
car -1 -1 0.00 0.00 0.00 100.00 100.00 -1000 1.64 4.30 -6.62 -1000 39.94 1.65 431.174
car -1 -1 0.00 0.00 0.00 100.00 100.00 -1000 1.63 3.42 -9.00 -1000 26.34 1.66 421.747
car -1 -1 0.00 0.00 0.00 100.00 100.00 -1000 1.63 3.81 10.47 -1000 16.11 1.73 421.073
car -1 -1 0.00 0.00 0.00 100.00 100.00 -1000 1.60 3.61 -12.80 -1000 24.11 1.60 412.159
car -1 -1 0.00 0.00 0.00 100.00 100.00 -1000 1.44 3.48 -12.35 -1000 25.27 1.67 409.873
car -1 -1 0.00 0.00 0.00 100.00 100.00 -1000 1.75 5.54 -4.49 -1000 21.76 1.52 407.517
car -1 -1 0.00 0.00 0.00 100.00 100.00 -1000 2.28 6.62 -9.62 -1000 30.17 1.50 403.340
car -1 -1 0.00 0.00 0.00 100.00 100.00 -1000 1.80 4.12 14.18 -1000 41.31 1.52 394.228
car -1 -1 0.00 0.00 0.00 100.00 100.00 -1000 1.68 3.96 7.79 -1000 30.69 1.53 393.752
car -1 -1 0.00 0.00 0.00 100.00 100.00 -1000 1.80 4.23 12.25 -1000 38.75 1.55 391.759
car -1 -1 0.00 0.00 0.00 100.00 100.00 -1000 1.39 3.59 -14.91 -1000 18.71 1.42 390.940
car -1 -1 0.00 0.00 0.00 100.00 100.00 -1000 1.86 4.35 3.91 -1000 40.13 1.55 390.382
car -1 -1 0.00 0.00 0.00 100.00 100.00 -1000 1.77 4.36 7.64 -1000 20.95 1.58 389.672
car -1 -1 0.00 0.00 0.00 100.00 100.00 -1000 1.53 3.31 -8.05 -1000 38.20 -0.28 382.863
car -1 -1 0.00 0.00 0.00 100.00 100.00 -1000 1.76 5.50 13.95 -1000 23.84 1.57 382.497
car -1 -1 0.00 0.00 0.00 100.00 100.00 -1000 1.87 4.60 10.65 -1000 14.44 1.79 381.743
car -1 -1 0.00 0.00 0.00 100.00 100.00 -1000 1.70 4.75 11.38 -1000 25.01 1.52 378.620
car -1 -1 0.00 0.00 0.00 100.00 100.00 -1000 1.58 4.50 3.94 -1000 31.55 1.59 376.409
car -1 -1 0.00 0.00 0.00 100.00 100.00 -1000 1.71 4.37 -18.36 -1000 21.11 1.59 374.743
car -1 -1 0.00 0.00 0.00 100.00 100.00 -1000 1.62 4.17 9.74 -1000 41.99 1.63 371.346
car -1 -1 0.00 0.00 0.00 100.00 100.00 -1000 1.99 6.41 8.92 -1000 43.70 1.56 369.533
car -1 -1 0.00 0.00 0.00 100.00 100.00 -1000 1.68 4.06 -12.91 -1000 37.25 1.63 368.521
car -1 -1 0.00 0.00 0.00 100.00 100.00 -1000 1.71 4.72 11.96 -1000 26.08 1.58 366.368
car -1 -1 0.00 0.00 0.00 100.00 100.00 -1000 1.79 4.91 4.80 -1000 32.59 1.60 366.101
car -1 -1 0.00 0.00 0.00 100.00 100.00 -1000 1.93 5.18 6.19 -1000 29.94 1.50 363.301
car -1 -1 0.00 0.00 0.00 100.00 100.00 -1000 2.52 7.21 4.36 -1000 43.26 1.65 354.944
car -1 -1 0.00 0.00 0.00 100.00 100.00 -1000 1.85 5.32 -13.22 -1000 27.79 1.54 353.802
car -1 -1 0.00 0.00 0.00 100.00 100.00 -1000 2.44 6.52 6.78 -1000 24.14 1.46 347.806
car -1 -1 0.00 0.00 0.00 100.00 100.00 -1000 1.72 2.73 -9.94 -1000 47.72 -0.11 347.724
car -1 -1 0.00 0.00 0.00 100.00 100.00 -1000 1.63 4.72 -13.21 -1000 16.86 1.50 346.607
car -1 -1 0.00 0.00 0.00 100.00 100.00 -1000 1.73 4.10 -16.28 -1000 19.14 1.45 346.296
car -1 -1 0.00 0.00 0.00 100.00 100.00 -1000 1.72 4.27 14.00 -1000 34.73 1.53 345.224
car -1 -1 0.00 0.00 0.00 100.00 100.00 -1000 1.80 4.86 10.14 -1000 20.57 1.55 344.908
car -1 -1 0.00 0.00 0.00 100.00 100.00 -1000 1.80 4.67 8.49 -1000 9.65 1.47 343.044
car -1 -1 0.00 0.00 0.00 100.00 100.00 -1000 1.79 5.04 1.62 -1000 22.21 1.59 342.217
car -1 -1 0.00 0.00 0.00 100.00 100.00 -1000 1.73 4.19 16.71 -1000 21.86 1.60 341.653
car -1 -1 0.00 0.00 0.00 100.00 100.00 -1000 1.96 4.90 12.13 -1000 41.19 1.59 341.030
car -1 -1 0.00 0.00 0.00 100.00 100.00 -1000 1.92 5.32 14.22 -1000 37.94 1.56 339.648
car -1 -1 0.00 0.00 0.00 100.00 100.00 -1000 1.76 4.63 -6.01 -1000 28.71 1.59 338.023
car -1 -1 0.00 0.00 0.00 100.00 100.00 -1000 1.67 4.02 19.46 -1000 32.60 1.62 337.605
car -1 -1 0.00 0.00 0.00 100.00 100.00 -1000 1.65 3.96 14.03 -1000 25.10 1.56 335.896
car -1 -1 0.00 0.00 0.00 100.00 100.00 -1000 1.72 4.75 -13.28 -1000 38.07 1.59 334.957
car -1 -1 0.00 0.00 0.00 100.00 100.00 -1000 0.78 1.43 6.70 -1000 35.67 -0.05 333.713
car -1 -1 0.00 0.00 0.00 100.00 100.00 -1000 1.76 5.04 15.23 -1000 42.83 1.53 332.705
car -1 -1 0.00 0.00 0.00 100.00 100.00 -1000 1.57 3.72 -8.32 -1000 11.68 1.44 331.421
car -1 -1 0.00 0.00 0.00 100.00 100.00 -1000 1.64 3.55 9.23 -1000 34.71 1.71 330.707
car -1 -1 0.00 0.00 0.00 100.00 100.00 -1000 1.84 4.70 16.06 -1000 20.19 1.58 330.664
car -1 -1 0.00 0.00 0.00 100.00 100.00 -1000 2.01 5.48 3.84 -1000 10.32 1.47 328.080
car -1 -1 0.00 0.00 0.00 100.00 100.00 -1000 1.99 6.06 -7.10 -1000 40.69 1.56 325.878
car -1 -1 0.00 0.00 0.00 100.00 100.00 -1000 1.40 3.55 7.21 -1000 34.82 -0.18 322.623
car -1 -1 0.00 0.00 0.00 100.00 100.00 -1000 1.73 4.10 -13.93 -1000 25.88 1.55 310.362
car -1 -1 0.00 0.00 0.00 100.00 100.00 -1000 1.84 4.56 11.40 -1000 31.18 1.64 306.930
car -1 -1 0.00 0.00 0.00 100.00 100.00 -1000 1.67 3.93 -12.37 -1000 13.93 1.55 305.023
car -1 -1 0.00 0.00 0.00 100.00 100.00 -1000 2.05 6.50 -0.27 -1000 22.90 1.61 304.902
car -1 -1 0.00 0.00 0.00 100.00 100.00 -1000 1.64 5.95 14.99 -1000 33.43 1.65 303.390
car -1 -1 0.00 0.00 0.00 100.00 100.00 -1000 1.90 5.40 12.00 -1000 37.94 1.63 302.660
car -1 -1 0.00 0.00 0.00 100.00 100.00 -1000 1.82 3.96 -11.75 -1000 12.95 1.62 300.595
car -1 -1 0.00 0.00 0.00 100.00 100.00 -1000 1.64 4.22 -5.53 -1000 39.21 1.63 300.235
car -1 -1 0.00 0.00 0.00 100.00 100.00 -1000 1.75 4.04 18.26 -1000 34.72 1.61 298.487
car -1 -1 0.00 0.00 0.00 100.00 100.00 -1000 1.44 2.87 -13.54 -1000 24.61 1.57 296.237
car -1 -1 0.00 0.00 0.00 100.00 100.00 -1000 1.80 4.14 -2.34 -1000 19.51 1.52 292.323
car -1 -1 0.00 0.00 0.00 100.00 100.00 -1000 1.89 5.55 4.39 -1000 38.22 1.43 289.933
car -1 -1 0.00 0.00 0.00 100.00 100.00 -1000 1.66 4.31 17.46 -1000 40.86 1.51 288.101
car -1 -1 0.00 0.00 0.00 100.00 100.00 -1000 0.86 1.38 4.94 -1000 31.67 -0.11 287.528
car -1 -1 0.00 0.00 0.00 100.00 100.00 -1000 2.03 4.78 9.13 -1000 26.21 1.68 286.439
car -1 -1 0.00 0.00 0.00 100.00 100.00 -1000 1.85 5.53 9.94 -1000 45.31 1.59 284.003
car -1 -1 0.00 0.00 0.00 100.00 100.00 -1000 1.73 4.51 -5.50 -1000 29.47 1.59 283.725
car -1 -1 0.00 0.00 0.00 100.00 100.00 -1000 1.83 4.18 -6.65 -1000 17.95 1.49 283.631
car -1 -1 0.00 0.00 0.00 100.00 100.00 -1000 1.87 4.85 15.20 -1000 34.21 1.62 283.290
car -1 -1 0.00 0.00 0.00 100.00 100.00 -1000 1.91 5.16 7.87 -1000 25.71 1.62 278.756
car -1 -1 0.00 0.00 0.00 100.00 100.00 -1000 1.72 5.86 8.71 -1000 23.36 1.60 278.266
car -1 -1 0.00 0.00 0.00 100.00 100.00 -1000 1.78 4.48 17.05 -1000 21.02 1.64 276.868
