car -1 -1 0.00 0.00 0.00 100.00 100.00 -1000 1.47 3.38 -3.18 -1000 10.61 1.48 995.656
car -1 -1 0.00 0.00 0.00 100.00 100.00 -1000 1.85 4.58 -3.22 -1000 11.57 1.48 995.538
car -1 -1 0.00 0.00 0.00 100.00 100.00 -1000 1.53 3.24 0.40 -1000 15.40 1.56 991.143
car -1 -1 0.00 0.00 0.00 100.00 100.00 -1000 1.53 3.45 -3.38 -1000 9.84 1.49 989.372
car -1 -1 0.00 0.00 0.00 100.00 100.00 -1000 1.70 4.52 0.87 -1000 14.32 -0.40 988.906
car -1 -1 0.00 0.00 0.00 100.00 100.00 -1000 1.51 3.38 -2.48 -1000 9.41 1.55 988.279
car -1 -1 0.00 0.00 0.00 100.00 100.00 -1000 1.48 3.38 -5.07 -1000 14.59 1.52 988.052
car -1 -1 0.00 0.00 0.00 100.00 100.00 -1000 1.68 4.46 -3.35 -1000 12.46 1.51 987.887
car -1 -1 0.00 0.00 0.00 100.00 100.00 -1000 1.52 3.10 -0.73 -1000 15.04 1.53 983.938
car -1 -1 0.00 0.00 0.00 100.00 100.00 -1000 1.59 3.25 1.45 -1000 15.74 1.56 983.445
car -1 -1 0.00 0.00 0.00 100.00 100.00 -1000 1.84 4.65 -3.32 -1000 8.66 -0.33 983.145
car -1 -1 0.00 0.00 0.00 100.00 100.00 -1000 1.56 3.50 -2.52 -1000 13.69 1.58 982.688
car -1 -1 0.00 0.00 0.00 100.00 100.00 -1000 1.69 3.80 -0.64 -1000 13.82 -0.32 982.252
car -1 -1 0.00 0.00 0.00 100.00 100.00 -1000 1.50 3.38 -5.49 -1000 15.27 1.52 980.121
car -1 -1 0.00 0.00 0.00 100.00 100.00 -1000 1.71 3.80 -3.73 -1000 13.29 1.54 976.637
car -1 -1 0.00 0.00 0.00 100.00 100.00 -1000 1.69 4.27 -5.15 -1000 16.45 1.49 973.694
car -1 -1 0.00 0.00 0.00 100.00 100.00 -1000 1.52 3.16 -1.96 -1000 14.51 1.55 971.046
car -1 -1 0.00 0.00 0.00 100.00 100.00 -1000 1.58 3.36 16.37 -1000 22.11 1.51 970.854
car -1 -1 0.00 0.00 0.00 100.00 100.00 -1000 1.70 3.99 -0.72 -1000 15.93 1.58 970.442
car -1 -1 0.00 0.00 0.00 100.00 100.00 -1000 1.50 3.18 2.61 -1000 15.45 1.63 967.675
car -1 -1 0.00 0.00 0.00 100.00 100.00 -1000 1.56 3.43 -3.43 -1000 14.37 1.61 964.683
car -1 -1 0.00 0.00 0.00 100.00 100.00 -1000 1.71 4.17 0.82 -1000 16.38 1.55 963.933
car -1 -1 0.00 0.00 0.00 100.00 100.00 -1000 1.76 4.02 -3.91 -1000 16.01 1.58 960.960
car -1 -1 0.00 0.00 0.00 100.00 100.00 -1000 1.49 3.38 -4.33 -1000 10.94 1.48 959.562
car -1 -1 0.00 0.00 0.00 100.00 100.00 -1000 1.59 3.44 14.82 -1000 22.07 1.51 958.823
car -1 -1 0.00 0.00 0.00 100.00 100.00 -1000 2.01 4.86 -0.15 -1000 17.56 1.58 957.330
car -1 -1 0.00 0.00 0.00 100.00 100.00 -1000 1.94 4.64 -0.87 -1000 16.81 1.59 956.774
car -1 -1 0.00 0.00 0.00 100.00 100.00 -1000 1.65 3.73 -3.50 -1000 15.22 1.64 955.876
car -1 -1 0.00 0.00 0.00 100.00 100.00 -1000 1.56 3.28 8.61 -1000 23.26 1.55 955.328
car -1 -1 0.00 0.00 0.00 100.00 100.00 -1000 1.52 3.36 9.77 -1000 22.88 1.54 953.351
car -1 -1 0.00 0.00 0.00 100.00 100.00 -1000 1.56 3.28 10.87 -1000 22.54 1.54 953.053
car -1 -1 0.00 0.00 0.00 100.00 100.00 -1000 1.48 3.38 -4.84 -1000 13.85 1.51 952.383
car -1 -1 0.00 0.00 0.00 100.00 100.00 -1000 1.90 4.53 -3.33 -1000 16.79 1.58 949.634
car -1 -1 0.00 0.00 0.00 100.00 100.00 -1000 1.61 3.33 12.99 -1000 22.13 1.52 948.867
car -1 -1 0.00 0.00 0.00 100.00 100.00 -1000 1.51 3.20 7.44 -1000 23.74 1.53 948.800
car -1 -1 0.00 0.00 0.00 100.00 100.00 -1000 1.56 3.61 -6.11 -1000 16.00 1.49 948.380
car -1 -1 0.00 0.00 0.00 100.00 100.00 -1000 1.89 4.63 2.45 -1000 16.77 1.53 946.116
car -1 -1 0.00 0.00 0.00 100.00 100.00 -1000 1.79 4.11 -1.88 -1000 17.56 1.54 944.071
car -1 -1 0.00 0.00 0.00 100.00 100.00 -1000 1.92 5.35 1.15 -1000 9.18 1.48 943.511
car -1 -1 0.00 0.00 0.00 100.00 100.00 -1000 1.40 3.28 1.77 -1000 14.78 -0.14 943.331
car -1 -1 0.00 0.00 0.00 100.00 100.00 -1000 1.74 4.61 -5.90 -1000 17.18 1.51 939.489
car -1 -1 0.00 0.00 0.00 100.00 100.00 -1000 1.46 3.23 17.77 -1000 22.18 1.57 935.925
car -1 -1 0.00 0.00 0.00 100.00 100.00 -1000 1.66 3.68 -1.93 -1000 15.60 1.59 935.290
car -1 -1 0.00 0.00 0.00 100.00 100.00 -1000 1.53 3.34 15.86 -1000 21.10 -0.18 934.286
car -1 -1 0.00 0.00 0.00 100.00 100.00 -1000 1.60 3.86 6.34 -1000 24.41 1.54 929.952
car -1 -1 0.00 0.00 0.00 100.00 100.00 -1000 1.47 3.16 -1.82 -1000 12.99 1.60 927.811
car -1 -1 0.00 0.00 0.00 100.00 100.00 -1000 1.98 5.14 -0.05 -1000 18.86 1.50 925.401
car -1 -1 0.00 0.00 0.00 100.00 100.00 -1000 2.22 6.44 1.88 -1000 17.92 1.48 922.975
car -1 -1 0.00 0.00 0.00 100.00 100.00 -1000 1.53 3.97 4.76 -1000 23.80 1.48 920.827
car -1 -1 0.00 0.00 0.00 100.00 100.00 -1000 1.67 4.30 -1.84 -1000 12.06 1.61 920.508
car -1 -1 0.00 0.00 0.00 100.00 100.00 -1000 1.61 3.51 3.64 -1000 15.78 1.60 914.577
car -1 -1 0.00 0.00 0.00 100.00 100.00 -1000 1.49 3.22 9.28 -1000 22.10 -0.02 913.598
car -1 -1 0.00 0.00 0.00 100.00 100.00 -1000 1.52 3.36 17.37 -1000 21.16 -0.21 909.560
car -1 -1 0.00 0.00 0.00 100.00 100.00 -1000 1.45 3.21 10.44 -1000 21.79 -0.03 908.413
car -1 -1 0.00 0.00 0.00 100.00 100.00 -1000 1.53 3.09 11.69 -1000 22.00 1.59 904.211
car -1 -1 0.00 0.00 0.00 100.00 100.00 -1000 1.86 4.68 -4.22 -1000 17.50 1.57 902.161
car -1 -1 0.00 0.00 0.00 100.00 100.00 -1000 1.83 4.48 3.46 -1000 17.59 1.52 901.434
car -1 -1 0.00 0.00 0.00 100.00 100.00 -1000 1.50 3.18 3.17 -1000 14.74 1.64 899.808
car -1 -1 0.00 0.00 0.00 100.00 100.00 -1000 1.51 3.32 14.11 -1000 21.04 -0.10 898.725
car -1 -1 0.00 0.00 0.00 100.00 100.00 -1000 1.88 4.52 -2.54 -1000 18.49 1.62 895.462
car -1 -1 0.00 0.00 0.00 100.00 100.00 -1000 1.53 3.35 12.36 -1000 21.40 -0.12 888.638
car -1 -1 0.00 0.00 0.00 100.00 100.00 -1000 1.50 3.28 -4.63 -1000 10.18 1.47 886.280
car -1 -1 0.00 0.00 0.00 100.00 100.00 -1000 1.50 3.28 2.24 -1000 14.05 -0.14 878.172
car -1 -1 0.00 0.00 0.00 100.00 100.00 -1000 1.56 4.09 -4.60 -1000 12.14 1.57 869.427
car -1 -1 0.00 0.00 0.00 100.00 100.00 -1000 1.58 4.59 -1.80 -1000 10.94 1.63 860.497
car -1 -1 0.00 0.00 0.00 100.00 100.00 -1000 1.65 3.88 0.94 -1000 23.32 1.56 857.345
car -1 -1 0.00 0.00 0.00 100.00 100.00 -1000 1.53 3.45 7.84 -1000 22.62 -0.03 856.804
car -1 -1 0.00 0.00 0.00 100.00 100.00 -1000 1.47 3.36 -0.13 -1000 8.45 1.61 847.958
car -1 -1 0.00 0.00 0.00 100.00 100.00 -1000 1.53 3.23 -4.87 -1000 12.95 1.59 846.030
car -1 -1 0.00 0.00 0.00 100.00 100.00 -1000 1.66 3.87 12.33 -1000 22.73 1.59 838.591
car -1 -1 0.00 0.00 0.00 100.00 100.00 -1000 1.68 4.34 3.43 -1000 24.86 1.57 834.908
car -1 -1 0.00 0.00 0.00 100.00 100.00 -1000 1.61 3.70 5.27 -1000 24.82 1.51 828.711
car -1 -1 0.00 0.00 0.00 100.00 100.00 -1000 1.68 3.50 2.49 -1000 22.58 1.65 825.613
car -1 -1 0.00 0.00 0.00 100.00 100.00 -1000 1.84 5.00 2.89 -1000 18.86 1.52 816.372
car -1 -1 0.00 0.00 0.00 100.00 100.00 -1000 1.65 4.30 17.31 -1000 22.81 1.49 806.032
car -1 -1 0.00 0.00 0.00 100.00 100.00 -1000 1.49 3.25 -8.30 -1000 41.11 1.57 799.167
car -1 -1 0.00 0.00 0.00 100.00 100.00 -1000 1.74 4.73 -6.28 -1000 17.98 1.48 796.178
car -1 -1 0.00 0.00 0.00 100.00 100.00 -1000 1.63 3.43 4.83 -1000 22.64 1.43 791.801
car -1 -1 0.00 0.00 0.00 100.00 100.00 -1000 1.59 3.56 -5.52 -1000 41.87 1.53 789.365
car -1 -1 0.00 0.00 0.00 100.00 100.00 -1000 1.67 3.95 1.96 -1000 24.17 1.60 787.584
car -1 -1 0.00 0.00 0.00 100.00 100.00 -1000 1.52 3.43 -7.10 -1000 41.49 1.51 787.268
car -1 -1 0.00 0.00 0.00 100.00 100.00 -1000 1.63 3.68 -7.44 -1000 30.23 1.54 785.580
car -1 -1 0.00 0.00 0.00 100.00 100.00 -1000 1.88 4.33 -1.83 -1000 19.20 1.54 785.024
car -1 -1 0.00 0.00 0.00 100.00 100.00 -1000 1.98 4.78 0.75 -1000 10.37 1.54 784.787
car -1 -1 0.00 0.00 0.00 100.00 100.00 -1000 1.49 3.25 6.23 -1000 23.40 -0.02 783.581
car -1 -1 0.00 0.00 0.00 100.00 100.00 -1000 1.51 3.28 -6.29 -1000 14.27 1.55 771.444
car -1 -1 0.00 0.00 0.00 100.00 100.00 -1000 1.50 3.12 -0.38 -1000 13.04 1.59 766.102
car -1 -1 0.00 0.00 0.00 100.00 100.00 -1000 1.98 4.74 0.62 -1000 19.73 1.56 764.481
car -1 -1 0.00 0.00 0.00 100.00 100.00 -1000 1.68 3.97 1.14 -1000 24.90 1.53 758.315
car -1 -1 0.00 0.00 0.00 100.00 100.00 -1000 1.65 3.43 1.01 -1000 22.52 1.61 757.122
car -1 -1 0.00 0.00 0.00 100.00 100.00 -1000 1.58 4.06 -1.23 -1000 9.76 1.60 753.819
car -1 -1 0.00 0.00 0.00 100.00 100.00 -1000 1.53 3.30 -4.88 -1000 9.43 1.47 745.688
car -1 -1 0.00 0.00 0.00 100.00 100.00 -1000 1.81 4.63 -1.23 -1000 20.00 1.64 743.926
car -1 -1 0.00 0.00 0.00 100.00 100.00 -1000 1.78 3.77 -3.08 -1000 5.15 1.54 743.619
car -1 -1 0.00 0.00 0.00 100.00 100.00 -1000 1.58 3.59 -3.96 -1000 42.30 1.52 739.349
car -1 -1 0.00 0.00 0.00 100.00 100.00 -1000 1.91 4.86 4.24 -1000 25.73 1.57 736.367
car -1 -1 0.00 0.00 0.00 100.00 100.00 -1000 1.87 4.98 8.76 -1000 24.00 1.58 736.258
car -1 -1 0.00 0.00 0.00 100.00 100.00 -1000 1.51 4.54 -2.48 -1000 3.59 1.52 728.187
car -1 -1 0.00 0.00 0.00 100.00 100.00 -1000 1.69 4.26 4.31 -1000 15.15 1.62 726.557
car -1 -1 0.00 0.00 0.00 100.00 100.00 -1000 1.61 4.40 -7.73 -1000 17.07 1.46 724.788
car -1 -1 0.00 0.00 0.00 100.00 100.00 -1000 1.49 3.23 -9.64 -1000 40.80 1.54 721.539
car -1 -1 0.00 0.00 0.00 100.00 100.00 -1000 2.10 5.94 -4.67 -1000 18.76 1.45 712.847
car -1 -1 0.00 0.00 0.00 100.00 100.00 -1000 1.63 3.76 -12.83 -1000 38.61 1.51 710.280
car -1 -1 0.00 0.00 0.00 100.00 100.00 -1000 1.72 3.89 3.37 -1000 23.45 1.42 709.436
car -1 -1 0.00 0.00 0.00 100.00 100.00 -1000 1.59 3.64 4.32 -1000 21.90 1.48 708.662
car -1 -1 0.00 0.00 0.00 100.00 100.00 -1000 1.64 3.98 2.05 -1000 21.86 1.69 707.083
car -1 -1 0.00 0.00 0.00 100.00 100.00 -1000 1.70 4.23 4.29 -1000 16.56 1.64 700.840
car -1 -1 0.00 0.00 0.00 100.00 100.00 -1000 1.90 8.62 -3.02 -1000 4.21 1.43 698.327
car -1 -1 0.00 0.00 0.00 100.00 100.00 -1000 1.55 3.30 -10.90 -1000 40.39 1.60 690.351
car -1 -1 0.00 0.00 0.00 100.00 100.00 -1000 1.62 4.25 1.37 -1000 20.42 1.53 688.459
car -1 -1 0.00 0.00 0.00 100.00 100.00 -1000 1.51 3.91 18.98 -1000 22.47 1.60 687.833
car -1 -1 0.00 0.00 0.00 100.00 100.00 -1000 1.59 4.06 3.48 -1000 21.25 1.55 687.504
car -1 -1 0.00 0.00 0.00 100.00 100.00 -1000 1.86 6.12 1.57 -1000 25.92 1.46 686.370
car -1 -1 0.00 0.00 0.00 100.00 100.00 -1000 1.44 2.90 -11.85 -1000 40.02 1.60 683.776
car -1 -1 0.00 0.00 0.00 100.00 100.00 -1000 1.79 4.34 -0.49 -1000 22.86 1.61 673.253
car -1 -1 0.00 0.00 0.00 100.00 100.00 -1000 1.63 3.74 -6.20 -1000 29.83 1.63 666.901
car -1 -1 0.00 0.00 0.00 100.00 100.00 -1000 1.39 2.95 -4.43 -1000 41.60 1.59 665.995
car -1 -1 0.00 0.00 0.00 100.00 100.00 -1000 1.81 3.95 -6.33 -1000 40.07 1.47 664.072
car -1 -1 0.00 0.00 0.00 100.00 100.00 -1000 1.58 3.85 -11.40 -1000 30.55 1.36 662.640
car -1 -1 0.00 0.00 0.00 100.00 100.00 -1000 1.74 3.57 -3.69 -1000 40.70 1.58 662.149
car -1 -1 0.00 0.00 0.00 100.00 100.00 -1000 1.38 3.02 -6.04 -1000 41.19 1.58 660.136
car -1 -1 0.00 0.00 0.00 100.00 100.00 -1000 1.51 3.33 3.52 -1000 13.75 -0.20 658.863
car -1 -1 0.00 0.00 0.00 100.00 100.00 -1000 1.80 4.05 0.45 -1000 12.52 1.51 653.791
car -1 -1 0.00 0.00 0.00 100.00 100.00 -1000 1.51 3.87 -6.14 -1000 13.50 1.43 645.716
car -1 -1 0.00 0.00 0.00 100.00 100.00 -1000 1.78 4.30 1.05 -1000 21.28 1.60 645.321
car -1 -1 0.00 0.00 0.00 100.00 100.00 -1000 1.56 3.74 18.48 -1000 21.65 -0.40 639.868
car -1 -1 0.00 0.00 0.00 100.00 100.00 -1000 2.40 6.33 -3.57 -1000 19.75 1.47 639.113
car -1 -1 0.00 0.00 0.00 100.00 100.00 -1000 1.45 2.94 -7.29 -1000 29.54 1.55 635.009
car -1 -1 0.00 0.00 0.00 100.00 100.00 -1000 1.49 2.95 -10.88 -1000 39.60 1.54 621.673
car -1 -1 0.00 0.00 0.00 100.00 100.00 -1000 2.21 6.09 7.73 -1000 24.92 1.62 618.857
car -1 -1 0.00 0.00 0.00 100.00 100.00 -1000 1.45 3.38 -8.75 -1000 28.71 1.45 616.467
car -1 -1 0.00 0.00 0.00 100.00 100.00 -1000 1.44 2.97 -13.14 -1000 27.34 1.51 613.614
car -1 -1 0.00 0.00 0.00 100.00 100.00 -1000 1.49 3.11 -14.62 -1000 31.10 1.58 612.601
car -1 -1 0.00 0.00 0.00 100.00 100.00 -1000 1.81 3.77 6.01 -1000 22.16 1.53 610.469
car -1 -1 0.00 0.00 0.00 100.00 100.00 -1000 1.80 4.85 3.57 -1000 19.63 1.62 604.069
car -1 -1 0.00 0.00 0.00 100.00 100.00 -1000 1.56 3.42 -5.86 -1000 28.90 1.56 603.239
car -1 -1 0.00 0.00 0.00 100.00 100.00 -1000 1.45 2.88 -4.75 -1000 8.62 1.42 602.952
car -1 -1 0.00 0.00 0.00 100.00 100.00 -1000 1.77 4.68 -0.36 -1000 21.66 1.51 598.770
car -1 -1 0.00 0.00 0.00 100.00 100.00 -1000 1.39 2.95 -7.10 -1000 40.77 1.60 596.488
car -1 -1 0.00 0.00 0.00 100.00 100.00 -1000 1.74 4.26 2.81 -1000 26.54 1.56 595.727
car -1 -1 0.00 0.00 0.00 100.00 100.00 -1000 1.07 2.13 -2.44 -1000 8.92 -0.23 592.903
car -1 -1 0.00 0.00 0.00 100.00 100.00 -1000 1.74 3.90 -0.25 -1000 24.05 1.51 589.609
car -1 -1 0.00 0.00 0.00 100.00 100.00 -1000 1.63 4.09 -7.06 -1000 15.45 1.52 589.083
car -1 -1 0.00 0.00 0.00 100.00 100.00 -1000 1.32 2.97 -11.54 -1000 31.49 1.51 587.649
car -1 -1 0.00 0.00 0.00 100.00 100.00 -1000 1.94 4.81 1.38 -1000 11.51 1.52 583.226
car -1 -1 0.00 0.00 0.00 100.00 100.00 -1000 1.98 5.76 4.73 -1000 18.11 1.57 582.040
car -1 -1 0.00 0.00 0.00 100.00 100.00 -1000 1.82 2.43 -2.80 -1000 4.09 0.02 581.718
car -1 -1 0.00 0.00 0.00 100.00 100.00 -1000 1.41 2.77 -13.01 -1000 30.81 1.52 576.609
car -1 -1 0.00 0.00 0.00 100.00 100.00 -1000 1.51 3.55 -12.25 -1000 27.82 1.57 576.332
car -1 -1 0.00 0.00 0.00 100.00 100.00 -1000 1.36 3.04 -12.75 -1000 39.56 1.57 568.474
car -1 -1 0.00 0.00 0.00 100.00 100.00 -1000 1.95 4.75 -9.01 -1000 39.18 1.47 568.135
car -1 -1 0.00 0.00 0.00 100.00 100.00 -1000 2.14 6.04 12.10 -1000 23.29 1.61 565.693
car -1 -1 0.00 0.00 0.00 100.00 100.00 -1000 1.38 3.16 -8.79 -1000 40.38 1.53 564.811
car -1 -1 0.00 0.00 0.00 100.00 100.00 -1000 1.99 5.08 14.30 -1000 22.82 1.62 563.763
car -1 -1 0.00 0.00 0.00 100.00 100.00 -1000 2.78 8.87 15.70 -1000 23.33 1.49 557.102
car -1 -1 0.00 0.00 0.00 100.00 100.00 -1000 1.72 3.96 -7.09 -1000 31.07 1.59 556.500
car -1 -1 0.00 0.00 0.00 100.00 100.00 -1000 1.61 3.45 -14.69 -1000 29.82 1.45 547.313
car -1 -1 0.00 0.00 0.00 100.00 100.00 -1000 1.78 4.59 -13.29 -1000 29.32 1.55 546.265
car -1 -1 0.00 0.00 0.00 100.00 100.00 -1000 1.86 4.58 -4.39 -1000 28.48 1.54 542.754
car -1 -1 0.00 0.00 0.00 100.00 100.00 -1000 1.68 4.09 1.32 -1000 13.39 1.65 542.646
car -1 -1 0.00 0.00 0.00 100.00 100.00 -1000 1.93 4.42 -2.28 -1000 22.87 1.69 539.217
car -1 -1 0.00 0.00 0.00 100.00 100.00 -1000 1.84 4.99 -7.82 -1000 18.46 1.48 538.709
car -1 -1 0.00 0.00 0.00 100.00 100.00 -1000 1.64 3.20 -13.09 -1000 29.95 1.50 535.726
car -1 -1 0.00 0.00 0.00 100.00 100.00 -1000 1.83 5.00 -1.22 -1000 20.89 1.59 520.455
car -1 -1 0.00 0.00 0.00 100.00 100.00 -1000 1.70 4.40 1.99 -1000 27.74 1.61 517.797
car -1 -1 0.00 0.00 0.00 100.00 100.00 -1000 1.71 5.17 -0.55 -1000 25.04 1.63 513.841
car -1 -1 0.00 0.00 0.00 100.00 100.00 -1000 1.68 4.24 -6.74 -1000 27.95 1.50 508.850
car -1 -1 0.00 0.00 0.00 100.00 100.00 -1000 1.69 3.46 -11.48 -1000 38.82 1.46 508.496
car -1 -1 0.00 0.00 0.00 100.00 100.00 -1000 1.67 4.23 -3.14 -1000 28.89 1.55 508.254
car -1 -1 0.00 0.00 0.00 100.00 100.00 -1000 1.81 4.05 -4.01 -1000 7.55 1.59 507.623
car -1 -1 0.00 0.00 0.00 100.00 100.00 -1000 1.61 3.73 -13.59 -1000 28.27 1.49 498.475
car -1 -1 0.00 0.00 0.00 100.00 100.00 -1000 1.49 4.34 -1.69 -1000 8.75 1.68 498.240
car -1 -1 0.00 0.00 0.00 100.00 100.00 -1000 1.65 3.91 -13.55 -1000 31.43 1.61 497.349
car -1 -1 0.00 0.00 0.00 100.00 100.00 -1000 1.64 4.41 -4.75 -1000 29.34 1.60 488.940
car -1 -1 0.00 0.00 0.00 100.00 100.00 -1000 1.54 3.45 -2.95 -1000 41.64 -0.29 488.227
car -1 -1 0.00 0.00 0.00 100.00 100.00 -1000 1.93 4.49 -2.11 -1000 24.03 1.50 485.273
car -1 -1 0.00 0.00 0.00 100.00 100.00 -1000 1.98 4.38 -4.52 -1000 30.41 1.68 474.794
car -1 -1 0.00 0.00 0.00 100.00 100.00 -1000 2.44 6.81 10.59 -1000 24.16 1.59 469.810
car -1 -1 0.00 0.00 0.00 100.00 100.00 -1000 1.77 3.82 -4.49 -1000 40.12 1.45 466.966
car -1 -1 0.00 0.00 0.00 100.00 100.00 -1000 1.71 4.66 3.95 -1000 20.48 1.55 461.873
car -1 -1 0.00 0.00 0.00 100.00 100.00 -1000 1.70 3.86 -13.14 -1000 25.63 1.61 454.713
car -1 -1 0.00 0.00 0.00 100.00 100.00 -1000 1.72 4.15 -4.58 -1000 27.38 1.55 454.667
car -1 -1 0.00 0.00 0.00 100.00 100.00 -1000 2.46 6.52 -3.24 -1000 5.73 1.34 453.377
car -1 -1 0.00 0.00 0.00 100.00 100.00 -1000 1.51 3.38 -7.13 -1000 28.73 1.56 448.217
car -1 -1 0.00 0.00 0.00 100.00 100.00 -1000 1.75 5.63 -2.28 -1000 21.83 1.71 447.716
car -1 -1 0.00 0.00 0.00 100.00 100.00 -1000 1.46 3.79 -1.97 -1000 2.82 1.49 443.364
car -1 -1 0.00 0.00 0.00 100.00 100.00 -1000 1.62 3.63 -15.75 -1000 30.84 1.47 440.904
car -1 -1 0.00 0.00 0.00 100.00 100.00 -1000 1.51 3.44 -15.32 -1000 25.44 1.49 440.049
car -1 -1 0.00 0.00 0.00 100.00 100.00 -1000 1.68 3.91 -3.14 -1000 39.58 1.40 435.152
car -1 -1 0.00 0.00 0.00 100.00 100.00 -1000 1.76 4.84 -2.97 -1000 27.79 1.61 434.956
car -1 -1 0.00 0.00 0.00 100.00 100.00 -1000 1.42 3.08 -18.15 -1000 30.06 1.52 431.167
car -1 -1 0.00 0.00 0.00 100.00 100.00 -1000 2.36 5.95 -6.53 -1000 19.17 1.46 423.057
car -1 -1 0.00 0.00 0.00 100.00 100.00 -1000 2.00 4.86 -3.35 -1000 20.81 1.47 422.845
car -1 -1 0.00 0.00 0.00 100.00 100.00 -1000 1.94 6.09 -1.23 -1000 25.99 1.52 422.498
car -1 -1 0.00 0.00 0.00 100.00 100.00 -1000 1.76 4.04 -7.62 -1000 39.65 1.58 421.294
car -1 -1 0.00 0.00 0.00 100.00 100.00 -1000 2.01 4.78 -3.72 -1000 22.45 1.74 417.151
car -1 -1 0.00 0.00 0.00 100.00 100.00 -1000 1.57 4.40 1.14 -1000 26.91 1.47 415.509
car -1 -1 0.00 0.00 0.00 100.00 100.00 -1000 1.72 4.62 -14.84 -1000 31.78 1.57 414.710
car -1 -1 0.00 0.00 0.00 100.00 100.00 -1000 1.68 3.52 7.02 -1000 21.73 1.44 408.337
car -1 -1 0.00 0.00 0.00 100.00 100.00 -1000 2.82 8.97 18.82 -1000 23.64 1.46 405.508
car -1 -1 0.00 0.00 0.00 100.00 100.00 -1000 1.82 5.47 -4.48 -1000 26.08 1.57 401.812
car -1 -1 0.00 0.00 0.00 100.00 100.00 -1000 2.09 5.15 -3.75 -1000 24.41 1.65 393.467
car -1 -1 0.00 0.00 0.00 100.00 100.00 -1000 1.52 3.39 2.75 -1000 12.91 1.54 389.611
car -1 -1 0.00 0.00 0.00 100.00 100.00 -1000 1.75 4.77 -12.05 -1000 28.52 1.53 387.041
car -1 -1 0.00 0.00 0.00 100.00 100.00 -1000 1.79 5.39 -3.72 -1000 23.42 1.69 384.251
car -1 -1 0.00 0.00 0.00 100.00 100.00 -1000 1.30 2.56 -12.30 -1000 26.70 -0.15 382.688
car -1 -1 0.00 0.00 0.00 100.00 100.00 -1000 2.16 6.38 6.91 -1000 25.72 1.68 379.990
car -1 -1 0.00 0.00 0.00 100.00 100.00 -1000 1.86 4.43 -3.02 -1000 29.84 1.71 379.578
car -1 -1 0.00 0.00 0.00 100.00 100.00 -1000 1.63 4.07 -10.65 -1000 27.90 1.61 378.809
car -1 -1 0.00 0.00 0.00 100.00 100.00 -1000 1.95 4.99 -0.26 -1000 28.59 1.57 378.542
car -1 -1 0.00 0.00 0.00 100.00 100.00 -1000 1.73 4.38 -8.67 -1000 29.87 1.48 377.575
car -1 -1 0.00 0.00 0.00 100.00 100.00 -1000 1.46 3.50 -13.94 -1000 30.45 -0.18 369.057
car -1 -1 0.00 0.00 0.00 100.00 100.00 -1000 1.75 4.90 5.93 -1000 16.27 1.53 368.194
car -1 -1 0.00 0.00 0.00 100.00 100.00 -1000 1.55 3.66 -13.99 -1000 26.79 1.57 367.140
car -1 -1 0.00 0.00 0.00 100.00 100.00 -1000 1.47 3.13 -15.02 -1000 26.26 1.62 366.254
car -1 -1 0.00 0.00 0.00 100.00 100.00 -1000 1.56 3.96 -1.07 -1000 8.00 1.57 364.369
car -1 -1 0.00 0.00 0.00 100.00 100.00 -1000 2.03 5.65 -9.67 -1000 41.49 1.58 363.211
car -1 -1 0.00 0.00 0.00 100.00 100.00 -1000 1.82 4.13 -0.67 -1000 27.39 1.53 361.800
car -1 -1 0.00 0.00 0.00 100.00 100.00 -1000 2.01 6.44 4.75 -1000 26.87 1.65 361.644
car -1 -1 0.00 0.00 0.00 100.00 100.00 -1000 1.76 4.51 -7.77 -1000 16.11 1.62 360.901
car -1 -1 0.00 0.00 0.00 100.00 100.00 -1000 2.20 5.77 -7.79 -1000 41.94 1.55 359.216
car -1 -1 0.00 0.00 0.00 100.00 100.00 -1000 1.62 3.48 -16.11 -1000 30.08 1.42 357.523
car -1 -1 0.00 0.00 0.00 100.00 100.00 -1000 2.50 6.65 2.87 -1000 8.49 1.42 357.138
car -1 -1 0.00 0.00 0.00 100.00 100.00 -1000 2.27 5.48 -6.12 -1000 31.69 1.52 355.753
car -1 -1 0.00 0.00 0.00 100.00 100.00 -1000 1.60 4.14 -4.54 -1000 34.66 1.49 345.844
car -1 -1 0.00 0.00 0.00 100.00 100.00 -1000 1.67 4.40 -2.29 -1000 2.03 1.45 343.062
car -1 -1 0.00 0.00 0.00 100.00 100.00 -1000 1.81 5.79 -2.60 -1000 26.62 1.67 341.029
car -1 -1 0.00 0.00 0.00 100.00 100.00 -1000 1.74 4.57 -8.46 -1000 17.72 1.55 338.842
car -1 -1 0.00 0.00 0.00 100.00 100.00 -1000 1.81 4.68 8.55 -1000 20.90 1.29 335.273
car -1 -1 0.00 0.00 0.00 100.00 100.00 -1000 1.86 5.93 6.14 -1000 17.35 1.47 334.000
car -1 -1 0.00 0.00 0.00 100.00 100.00 -1000 2.15 5.87 -10.62 -1000 29.35 1.44 332.943
car -1 -1 0.00 0.00 0.00 100.00 100.00 -1000 1.62 3.41 -19.02 -1000 24.58 1.67 328.837
car -1 -1 0.00 0.00 0.00 100.00 100.00 -1000 1.55 3.88 -11.96 -1000 37.94 1.51 328.649
car -1 -1 0.00 0.00 0.00 100.00 100.00 -1000 1.45 3.17 -2.12 -1000 16.49 -0.31 326.378
car -1 -1 0.00 0.00 0.00 100.00 100.00 -1000 1.69 4.48 -6.02 -1000 12.61 1.40 319.846
car -1 -1 0.00 0.00 0.00 100.00 100.00 -1000 1.53 4.27 -14.50 -1000 24.57 1.60 315.484
car -1 -1 0.00 0.00 0.00 100.00 100.00 -1000 1.83 4.52 -5.66 -1000 11.35 1.43 314.457
car -1 -1 0.00 0.00 0.00 100.00 100.00 -1000 1.63 4.33 4.22 -1000 10.75 1.52 310.041
car -1 -1 0.00 0.00 0.00 100.00 100.00 -1000 1.96 4.95 17.25 -1000 19.95 1.45 307.851
car -1 -1 0.00 0.00 0.00 100.00 100.00 -1000 1.98 4.74 -6.09 -1000 26.45 1.61 305.063
car -1 -1 0.00 0.00 0.00 100.00 100.00 -1000 2.34 5.99 -2.84 -1000 31.05 1.55 305.028
car -1 -1 0.00 0.00 0.00 100.00 100.00 -1000 1.82 3.84 -3.59 -1000 6.71 1.44 303.673
car -1 -1 0.00 0.00 0.00 100.00 100.00 -1000 1.66 4.07 -17.55 -1000 31.01 1.60 295.458
car -1 -1 0.00 0.00 0.00 100.00 100.00 -1000 1.56 3.40 -18.11 -1000 28.97 1.48 293.084
car -1 -1 0.00 0.00 0.00 100.00 100.00 -1000 2.57 8.97 10.08 -1000 25.23 1.53 292.890
car -1 -1 0.00 0.00 0.00 100.00 100.00 -1000 1.94 4.72 12.07 -1000 20.11 1.35 290.050
car -1 -1 0.00 0.00 0.00 100.00 100.00 -1000 1.78 4.60 5.27 -1000 14.30 1.53 287.135
car -1 -1 0.00 0.00 0.00 100.00 100.00 -1000 1.73 4.64 -8.56 -1000 27.89 1.39 286.362
car -1 -1 0.00 0.00 0.00 100.00 100.00 -1000 1.94 4.72 -2.84 -1000 42.76 1.57 283.598
car -1 -1 0.00 0.00 0.00 100.00 100.00 -1000 1.67 4.85 4.36 -1000 12.59 1.46 283.074
car -1 -1 0.00 0.00 0.00 100.00 100.00 -1000 1.26 2.98 -4.12 -1000 29.88 -0.09 279.342
car -1 -1 0.00 0.00 0.00 100.00 100.00 -1000 1.82 3.83 -11.46 -1000 32.30 1.46 277.925
car -1 -1 0.00 0.00 0.00 100.00 100.00 -1000 1.78 6.37 -7.25 -1000 25.08 1.48 276.613
car -1 -1 0.00 0.00 0.00 100.00 100.00 -1000 1.66 3.84 -2.10 -1000 40.81 1.57 275.035
car -1 -1 0.00 0.00 0.00 100.00 100.00 -1000 1.74 4.60 6.51 -1000 15.04 1.45 272.770
car -1 -1 0.00 0.00 0.00 100.00 100.00 -1000 1.62 3.46 -19.19 -1000 25.41 1.65 270.077
car -1 -1 0.00 0.00 0.00 100.00 100.00 -1000 1.17 6.06 -0.50 -1000 11.51 1.55 268.436
car -1 -1 0.00 0.00 0.00 100.00 100.00 -1000 1.45 7.85 -1.55 -1000 2.60 1.17 265.053
car -1 -1 0.00 0.00 0.00 100.00 100.00 -1000 1.75 4.21 -7.04 -1000 25.82 1.60 260.691
car -1 -1 0.00 0.00 0.00 100.00 100.00 -1000 1.88 4.40 -8.47 -1000 31.54 1.59 255.902
car -1 -1 0.00 0.00 0.00 100.00 100.00 -1000 1.60 3.88 -4.51 -1000 36.31 1.59 254.727
car -1 -1 0.00 0.00 0.00 100.00 100.00 -1000 1.90 5.46 -3.39 -1000 25.38 1.54 254.594
car -1 -1 0.00 0.00 0.00 100.00 100.00 -1000 1.70 4.78 -1.40 -1000 29.34 1.44 254.420
car -1 -1 0.00 0.00 0.00 100.00 100.00 -1000 1.81 4.73 -0.96 -1000 30.44 1.71 253.377
car -1 -1 0.00 0.00 0.00 100.00 100.00 -1000 1.72 4.43 -15.00 -1000 29.03 1.20 252.129
car -1 -1 0.00 0.00 0.00 100.00 100.00 -1000 1.92 5.16 -12.38 -1000 40.69 1.61 251.224
car -1 -1 0.00 0.00 0.00 100.00 100.00 -1000 2.11 5.56 -7.92 -1000 20.69 1.48 249.042
car -1 -1 0.00 0.00 0.00 100.00 100.00 -1000 1.77 4.82 1.59 -1000 28.63 1.57 249.020
car -1 -1 0.00 0.00 0.00 100.00 100.00 -1000 2.17 5.58 4.90 -1000 8.18 1.48 245.006
car -1 -1 0.00 0.00 0.00 100.00 100.00 -1000 1.80 5.32 -12.85 -1000 24.90 1.30 244.550
car -1 -1 0.00 0.00 0.00 100.00 100.00 -1000 1.86 4.09 6.99 -1000 10.10 1.58 241.259
car -1 -1 0.00 0.00 0.00 100.00 100.00 -1000 1.76 4.36 -1.35 -1000 41.63 1.61 241.209
car -1 -1 0.00 0.00 0.00 100.00 100.00 -1000 1.66 5.03 3.38 -1000 11.65 1.55 238.594
car -1 -1 0.00 0.00 0.00 100.00 100.00 -1000 2.34 6.22 -5.58 -1000 42.81 1.53 237.975
car -1 -1 0.00 0.00 0.00 100.00 100.00 -1000 1.94 6.78 14.85 -1000 19.77 1.28 223.644
car -1 -1 0.00 0.00 0.00 100.00 100.00 -1000 2.73 8.15 13.80 -1000 24.20 1.33 223.456
car -1 -1 0.00 0.00 0.00 100.00 100.00 -1000 2.07 7.41 -3.24 -1000 39.02 1.26 219.569
car -1 -1 0.00 0.00 0.00 100.00 100.00 -1000 1.61 4.28 -3.14 -1000 35.93 1.60 219.294
car -1 -1 0.00 0.00 0.00 100.00 100.00 -1000 1.77 4.47 18.31 -1000 20.63 1.61 218.724
car -1 -1 0.00 0.00 0.00 100.00 100.00 -1000 2.05 5.46 -4.74 -1000 21.74 1.53 218.524
car -1 -1 0.00 0.00 0.00 100.00 100.00 -1000 1.80 4.90 7.38 -1000 15.80 1.53 216.466
car -1 -1 0.00 0.00 0.00 100.00 100.00 -1000 2.08 5.93 18.77 -1000 19.26 1.40 214.704
car -1 -1 0.00 0.00 0.00 100.00 100.00 -1000 2.20 5.21 -5.27 -1000 24.83 1.56 208.965
car -1 -1 0.00 0.00 0.00 100.00 100.00 -1000 2.27 6.49 6.41 -1000 21.61 1.33 203.148
car -1 -1 0.00 0.00 0.00 100.00 100.00 -1000 1.99 7.25 -8.84 -1000 38.40 1.14 200.572
car -1 -1 0.00 0.00 0.00 100.00 100.00 -1000 1.73 5.01 -18.86 -1000 27.78 1.70 199.610
car -1 -1 0.00 0.00 0.00 100.00 100.00 -1000 1.64 4.23 -10.17 -1000 31.92 1.64 199.311
car -1 -1 0.00 0.00 0.00 100.00 100.00 -1000 2.04 9.38 -6.06 -1000 38.73 1.26 198.877
car -1 -1 0.00 0.00 0.00 100.00 100.00 -1000 2.12 6.32 7.01 -1000 7.61 1.45 198.159
car -1 -1 0.00 0.00 0.00 100.00 100.00 -1000 1.98 4.82 -8.93 -1000 21.70 1.49 197.367
car -1 -1 0.00 0.00 0.00 100.00 100.00 -1000 1.72 4.81 4.67 -1000 9.93 1.49 193.918
car -1 -1 0.00 0.00 0.00 100.00 100.00 -1000 1.89 4.86 -3.73 -1000 33.84 1.47 191.507
car -1 -1 0.00 0.00 0.00 100.00 100.00 -1000 1.79 4.49 6.10 -1000 6.84 1.52 190.436
