car -1 -1 0.00 0.00 0.00 100.00 100.00 -1000 1.52 3.83 6.59 -1000 12.07 1.49 997.684
car -1 -1 0.00 0.00 0.00 100.00 100.00 -1000 1.47 3.26 6.79 -1000 36.18 -0.06 996.381
car -1 -1 0.00 0.00 0.00 100.00 100.00 -1000 1.83 4.51 6.67 -1000 11.10 -0.32 996.071
car -1 -1 0.00 0.00 0.00 100.00 100.00 -1000 1.54 3.18 6.74 -1000 37.03 1.53 995.620
car -1 -1 0.00 0.00 0.00 100.00 100.00 -1000 1.50 3.13 12.99 -1000 41.52 1.60 995.003
car -1 -1 0.00 0.00 0.00 100.00 100.00 -1000 1.52 3.06 2.90 -1000 38.88 1.57 994.028
car -1 -1 0.00 0.00 0.00 100.00 100.00 -1000 1.52 3.35 12.25 -1000 42.13 1.49 993.349
car -1 -1 0.00 0.00 0.00 100.00 100.00 -1000 1.60 4.33 6.34 -1000 13.19 1.53 991.454
car -1 -1 0.00 0.00 0.00 100.00 100.00 -1000 1.60 4.01 2.75 -1000 38.08 -0.28 990.052
car -1 -1 0.00 0.00 0.00 100.00 100.00 -1000 1.35 3.17 13.05 -1000 40.52 -0.08 987.309
car -1 -1 0.00 0.00 0.00 100.00 100.00 -1000 1.55 3.17 7.52 -1000 11.62 1.62 983.495
car -1 -1 0.00 0.00 0.00 100.00 100.00 -1000 1.62 4.01 6.19 -1000 14.30 1.59 977.420
car -1 -1 0.00 0.00 0.00 100.00 100.00 -1000 1.54 3.27 0.10 -1000 31.32 1.54 971.637
car -1 -1 0.00 0.00 0.00 100.00 100.00 -1000 1.55 3.19 -2.99 -1000 9.81 1.50 959.591
car -1 -1 0.00 0.00 0.00 100.00 100.00 -1000 1.59 3.10 7.74 -1000 36.64 1.71 957.843
car -1 -1 0.00 0.00 0.00 100.00 100.00 -1000 1.78 4.59 11.85 -1000 42.87 1.58 955.875
car -1 -1 0.00 0.00 0.00 100.00 100.00 -1000 1.42 3.11 -0.20 -1000 30.37 -0.28 955.093
car -1 -1 0.00 0.00 0.00 100.00 100.00 -1000 1.45 3.02 -14.33 -1000 23.80 1.57 953.840
car -1 -1 0.00 0.00 0.00 100.00 100.00 -1000 1.57 3.26 13.96 -1000 41.00 1.74 952.954
car -1 -1 0.00 0.00 0.00 100.00 100.00 -1000 1.45 3.02 -6.64 -1000 46.42 1.56 944.653
car -1 -1 0.00 0.00 0.00 100.00 100.00 -1000 1.44 3.00 -9.83 -1000 45.62 1.56 943.575
car -1 -1 0.00 0.00 0.00 100.00 100.00 -1000 1.47 3.09 -8.16 -1000 46.00 1.56 942.637
car -1 -1 0.00 0.00 0.00 100.00 100.00 -1000 1.62 4.08 6.19 -1000 15.18 1.54 942.515
car -1 -1 0.00 0.00 0.00 100.00 100.00 -1000 1.44 3.00 12.07 -1000 16.55 1.56 933.639
car -1 -1 0.00 0.00 0.00 100.00 100.00 -1000 1.52 3.43 6.35 -1000 37.81 1.46 933.107
car -1 -1 0.00 0.00 0.00 100.00 100.00 -1000 1.41 2.98 -4.64 -1000 46.80 1.58 930.179
car -1 -1 0.00 0.00 0.00 100.00 100.00 -1000 1.48 3.49 11.80 -1000 15.78 -0.32 925.399
car -1 -1 0.00 0.00 0.00 100.00 100.00 -1000 1.49 3.11 -10.87 -1000 45.30 1.61 918.348
car -1 -1 0.00 0.00 0.00 100.00 100.00 -1000 1.50 3.19 -14.47 -1000 31.41 1.53 915.444
car -1 -1 0.00 0.00 0.00 100.00 100.00 -1000 1.55 3.44 5.36 -1000 37.14 1.54 915.385
car -1 -1 0.00 0.00 0.00 100.00 100.00 -1000 1.63 3.59 -9.66 -1000 44.74 -0.16 914.639
car -1 -1 0.00 0.00 0.00 100.00 100.00 -1000 1.82 4.47 3.00 -1000 39.59 1.56 909.708
car -1 -1 0.00 0.00 0.00 100.00 100.00 -1000 1.49 3.40 -3.98 -1000 46.28 -0.12 909.613
car -1 -1 0.00 0.00 0.00 100.00 100.00 -1000 1.47 3.44 -6.90 -1000 45.57 -0.19 905.742
car -1 -1 0.00 0.00 0.00 100.00 100.00 -1000 1.54 3.51 -5.78 -1000 45.93 -0.17 905.582
car -1 -1 0.00 0.00 0.00 100.00 100.00 -1000 1.54 3.55 -8.56 -1000 45.14 -0.18 904.575
car -1 -1 0.00 0.00 0.00 100.00 100.00 -1000 1.42 3.00 -2.98 -1000 47.08 1.56 903.742
car -1 -1 0.00 0.00 0.00 100.00 100.00 -1000 1.47 3.15 -15.06 -1000 23.19 1.56 899.085
car -1 -1 0.00 0.00 0.00 100.00 100.00 -1000 1.50 3.13 1.10 -1000 30.76 1.67 892.133
car -1 -1 0.00 0.00 0.00 100.00 100.00 -1000 1.81 4.84 0.14 -1000 31.97 1.53 887.414
car -1 -1 0.00 0.00 0.00 100.00 100.00 -1000 1.40 3.00 -8.32 -1000 39.63 1.61 881.844
car -1 -1 0.00 0.00 0.00 100.00 100.00 -1000 1.60 3.60 17.36 -1000 43.95 1.43 879.250
car -1 -1 0.00 0.00 0.00 100.00 100.00 -1000 1.19 2.51 7.29 -1000 10.96 -0.28 877.247
car -1 -1 0.00 0.00 0.00 100.00 100.00 -1000 1.41 2.95 -7.19 -1000 39.98 1.59 874.058
car -1 -1 0.00 0.00 0.00 100.00 100.00 -1000 2.28 4.86 17.57 -1000 47.38 1.60 870.387
car -1 -1 0.00 0.00 0.00 100.00 100.00 -1000 1.90 4.30 4.31 -1000 39.13 1.67 869.199
car -1 -1 0.00 0.00 0.00 100.00 100.00 -1000 1.51 3.47 11.23 -1000 41.68 1.52 866.129
car -1 -1 0.00 0.00 0.00 100.00 100.00 -1000 1.50 3.44 8.10 -1000 12.41 1.62 865.459
car -1 -1 0.00 0.00 0.00 100.00 100.00 -1000 1.32 3.13 7.59 -1000 35.66 -0.20 864.678
car -1 -1 0.00 0.00 0.00 100.00 100.00 -1000 2.29 6.10 3.06 -1000 41.40 1.46 856.920
car -1 -1 0.00 0.00 0.00 100.00 100.00 -1000 1.52 3.73 -2.27 -1000 46.32 -0.17 850.604
car -1 -1 0.00 0.00 0.00 100.00 100.00 -1000 1.54 3.77 11.93 -1000 40.83 1.44 850.050
car -1 -1 0.00 0.00 0.00 100.00 100.00 -1000 1.66 3.66 17.13 -1000 42.76 1.51 843.881
car -1 -1 0.00 0.00 0.00 100.00 100.00 -1000 1.46 2.79 1.65 -1000 37.59 1.53 842.702
car -1 -1 0.00 0.00 0.00 100.00 100.00 -1000 1.55 3.37 10.69 -1000 25.09 -0.29 842.483
car -1 -1 0.00 0.00 0.00 100.00 100.00 -1000 1.48 3.41 -14.00 -1000 30.64 -0.20 841.803
car -1 -1 0.00 0.00 0.00 100.00 100.00 -1000 1.59 3.54 -15.71 -1000 23.81 1.51 840.848
car -1 -1 0.00 0.00 0.00 100.00 100.00 -1000 1.50 3.20 -4.03 -1000 39.89 -0.12 836.849
car -1 -1 0.00 0.00 0.00 100.00 100.00 -1000 1.50 3.10 -10.82 -1000 44.46 -0.16 832.418
car -1 -1 0.00 0.00 0.00 100.00 100.00 -1000 1.76 5.06 -4.61 -1000 47.29 1.51 832.388
car -1 -1 0.00 0.00 0.00 100.00 100.00 -1000 1.51 3.70 13.91 -1000 39.98 -0.23 824.595
car -1 -1 0.00 0.00 0.00 100.00 100.00 -1000 1.52 3.28 -7.42 -1000 39.08 -0.20 821.635
car -1 -1 0.00 0.00 0.00 100.00 100.00 -1000 1.40 3.54 -3.29 -1000 9.10 -0.38 820.807
car -1 -1 0.00 0.00 0.00 100.00 100.00 -1000 1.98 4.75 5.08 -1000 41.15 1.57 819.873
car -1 -1 0.00 0.00 0.00 100.00 100.00 -1000 1.25 2.81 2.26 -1000 47.62 -0.17 819.597
car -1 -1 0.00 0.00 0.00 100.00 100.00 -1000 1.66 3.83 -14.01 -1000 32.11 1.44 816.544
car -1 -1 0.00 0.00 0.00 100.00 100.00 -1000 1.48 3.24 -8.50 -1000 38.74 -0.21 813.324
car -1 -1 0.00 0.00 0.00 100.00 100.00 -1000 1.50 3.70 4.13 -1000 37.87 -0.16 812.652
car -1 -1 0.00 0.00 0.00 100.00 100.00 -1000 1.60 3.63 14.83 -1000 41.76 1.67 811.964
car -1 -1 0.00 0.00 0.00 100.00 100.00 -1000 1.57 3.89 12.85 -1000 17.17 1.57 808.935
car -1 -1 0.00 0.00 0.00 100.00 100.00 -1000 1.58 3.40 -1.32 -1000 30.01 1.59 807.527
car -1 -1 0.00 0.00 0.00 100.00 100.00 -1000 1.48 3.51 8.17 -1000 37.40 1.62 806.521
car -1 -1 0.00 0.00 0.00 100.00 100.00 -1000 1.43 3.28 8.48 -1000 36.14 -0.22 803.194
car -1 -1 0.00 0.00 0.00 100.00 100.00 -1000 1.48 3.34 -6.04 -1000 39.49 -0.17 801.510
car -1 -1 0.00 0.00 0.00 100.00 100.00 -1000 1.60 3.18 -14.96 -1000 30.22 -0.10 798.530
car -1 -1 0.00 0.00 0.00 100.00 100.00 -1000 1.64 4.18 -10.07 -1000 46.22 1.52 797.682
car -1 -1 0.00 0.00 0.00 100.00 100.00 -1000 2.14 5.98 5.47 -1000 40.29 1.49 789.476
car -1 -1 0.00 0.00 0.00 100.00 100.00 -1000 1.46 3.33 -4.38 -1000 40.60 1.56 789.277
car -1 -1 0.00 0.00 0.00 100.00 100.00 -1000 2.05 5.71 13.56 -1000 42.59 1.69 788.042
car -1 -1 0.00 0.00 0.00 100.00 100.00 -1000 1.31 2.83 -14.41 -1000 22.70 -0.22 785.712
car -1 -1 0.00 0.00 0.00 100.00 100.00 -1000 1.47 3.29 -3.06 -1000 40.72 1.59 779.432
car -1 -1 0.00 0.00 0.00 100.00 100.00 -1000 1.55 3.25 -5.54 -1000 40.19 1.66 776.224
car -1 -1 0.00 0.00 0.00 100.00 100.00 -1000 1.53 3.40 2.53 -1000 30.58 1.61 775.287
car -1 -1 0.00 0.00 0.00 100.00 100.00 -1000 1.69 4.08 1.73 -1000 39.14 1.48 773.533
car -1 -1 0.00 0.00 0.00 100.00 100.00 -1000 1.39 3.11 -9.55 -1000 39.26 1.52 770.283
car -1 -1 0.00 0.00 0.00 100.00 100.00 -1000 1.35 2.87 10.55 -1000 31.08 -0.06 763.536
car -1 -1 0.00 0.00 0.00 100.00 100.00 -1000 1.69 3.65 -3.32 -1000 8.19 1.64 756.152
car -1 -1 0.00 0.00 0.00 100.00 100.00 -1000 1.54 3.16 10.48 -1000 31.98 1.58 752.657
car -1 -1 0.00 0.00 0.00 100.00 100.00 -1000 1.54 3.22 -11.94 -1000 44.93 1.58 752.383
car -1 -1 0.00 0.00 0.00 100.00 100.00 -1000 1.58 3.43 -16.43 -1000 23.15 1.51 749.880
car -1 -1 0.00 0.00 0.00 100.00 100.00 -1000 1.85 4.35 3.71 -1000 37.11 1.68 749.788
car -1 -1 0.00 0.00 0.00 100.00 100.00 -1000 2.50 7.57 12.98 -1000 43.40 1.63 749.609
car -1 -1 0.00 0.00 0.00 100.00 100.00 -1000 1.55 3.70 0.68 -1000 29.81 -0.24 742.026
car -1 -1 0.00 0.00 0.00 100.00 100.00 -1000 2.06 5.21 -14.39 -1000 24.75 1.56 732.373
car -1 -1 0.00 0.00 0.00 100.00 100.00 -1000 1.37 3.04 18.24 -1000 43.23 -0.27 731.062
car -1 -1 0.00 0.00 0.00 100.00 100.00 -1000 1.65 3.71 17.09 -1000 44.73 1.48 726.841
car -1 -1 0.00 0.00 0.00 100.00 100.00 -1000 1.52 3.35 -17.95 -1000 38.62 1.62 723.316
car -1 -1 0.00 0.00 0.00 100.00 100.00 -1000 1.42 3.23 17.62 -1000 46.50 -0.31 722.669
car -1 -1 0.00 0.00 0.00 100.00 100.00 -1000 2.25 5.93 6.50 -1000 38.04 1.57 722.638
car -1 -1 0.00 0.00 0.00 100.00 100.00 -1000 1.63 3.46 -15.83 -1000 31.11 1.54 719.499
car -1 -1 0.00 0.00 0.00 100.00 100.00 -1000 1.61 3.13 11.57 -1000 14.98 1.56 718.416
car -1 -1 0.00 0.00 0.00 100.00 100.00 -1000 1.88 6.04 -3.35 -1000 10.07 1.48 700.117
car -1 -1 0.00 0.00 0.00 100.00 100.00 -1000 1.79 5.00 -6.64 -1000 47.03 1.50 695.521
car -1 -1 0.00 0.00 0.00 100.00 100.00 -1000 2.23 5.73 6.22 -1000 39.46 1.51 695.148
car -1 -1 0.00 0.00 0.00 100.00 100.00 -1000 1.61 3.53 -2.93 -1000 29.86 1.59 693.620
car -1 -1 0.00 0.00 0.00 100.00 100.00 -1000 1.71 3.70 10.21 -1000 41.30 1.61 693.560
car -1 -1 0.00 0.00 0.00 100.00 100.00 -1000 1.95 5.37 7.61 -1000 14.85 1.52 692.270
car -1 -1 0.00 0.00 0.00 100.00 100.00 -1000 1.69 3.81 -16.83 -1000 39.07 1.61 688.447
car -1 -1 0.00 0.00 0.00 100.00 100.00 -1000 2.07 5.54 -1.77 -1000 32.95 1.54 684.797
car -1 -1 0.00 0.00 0.00 100.00 100.00 -1000 1.93 5.32 2.22 -1000 33.38 1.48 684.410
car -1 -1 0.00 0.00 0.00 100.00 100.00 -1000 1.58 3.55 1.07 -1000 47.26 1.55 683.198
car -1 -1 0.00 0.00 0.00 100.00 100.00 -1000 1.45 3.27 -9.90 -1000 38.37 -0.18 681.130
car -1 -1 0.00 0.00 0.00 100.00 100.00 -1000 1.82 5.66 1.87 -1000 40.25 1.54 656.025
car -1 -1 0.00 0.00 0.00 100.00 100.00 -1000 1.46 3.38 18.81 -1000 44.33 1.59 653.465
car -1 -1 0.00 0.00 0.00 100.00 100.00 -1000 1.58 3.23 -2.48 -1000 39.94 -0.17 652.215
car -1 -1 0.00 0.00 0.00 100.00 100.00 -1000 1.56 3.43 -17.34 -1000 23.85 1.61 651.911
car -1 -1 0.00 0.00 0.00 100.00 100.00 -1000 1.57 3.86 3.62 -1000 30.95 1.59 649.509
car -1 -1 0.00 0.00 0.00 100.00 100.00 -1000 1.62 3.48 6.14 -1000 10.20 1.43 645.277
car -1 -1 0.00 0.00 0.00 100.00 100.00 -1000 1.70 3.80 -17.15 -1000 31.51 1.66 643.216
car -1 -1 0.00 0.00 0.00 100.00 100.00 -1000 1.51 3.28 13.23 -1000 16.25 1.64 642.342
car -1 -1 0.00 0.00 0.00 100.00 100.00 -1000 1.81 4.32 -3.77 -1000 32.56 1.63 638.452
car -1 -1 0.00 0.00 0.00 100.00 100.00 -1000 1.50 3.33 0.67 -1000 37.23 1.56 635.882
car -1 -1 0.00 0.00 0.00 100.00 100.00 -1000 1.93 5.43 -8.50 -1000 46.61 1.56 635.539
car -1 -1 0.00 0.00 0.00 100.00 100.00 -1000 2.66 6.44 6.23 -1000 15.93 1.61 631.100
car -1 -1 0.00 0.00 0.00 100.00 100.00 -1000 1.64 4.01 -1.86 -1000 41.03 1.64 625.991
car -1 -1 0.00 0.00 0.00 100.00 100.00 -1000 1.87 4.64 -1.37 -1000 31.03 1.56 620.105
car -1 -1 0.00 0.00 0.00 100.00 100.00 -1000 1.59 4.24 10.74 -1000 26.03 1.56 617.694
car -1 -1 0.00 0.00 0.00 100.00 100.00 -1000 1.70 3.87 12.39 -1000 39.96 1.65 617.475
car -1 -1 0.00 0.00 0.00 100.00 100.00 -1000 1.60 4.08 9.65 -1000 12.16 1.62 606.960
car -1 -1 0.00 0.00 0.00 100.00 100.00 -1000 1.60 4.05 -12.95 -1000 24.10 1.73 602.033
car -1 -1 0.00 0.00 0.00 100.00 100.00 -1000 1.68 3.81 -15.58 -1000 22.43 -0.01 599.978
car -1 -1 0.00 0.00 0.00 100.00 100.00 -1000 1.81 4.07 16.38 -1000 42.01 1.60 599.452
car -1 -1 0.00 0.00 0.00 100.00 100.00 -1000 1.52 3.89 8.83 -1000 11.25 -0.40 593.396
car -1 -1 0.00 0.00 0.00 100.00 100.00 -1000 2.26 6.49 2.28 -1000 32.53 1.53 590.655
car -1 -1 0.00 0.00 0.00 100.00 100.00 -1000 1.59 3.67 -1.05 -1000 47.25 1.67 590.510
car -1 -1 0.00 0.00 0.00 100.00 100.00 -1000 1.49 3.01 -18.26 -1000 31.97 1.57 583.912
car -1 -1 0.00 0.00 0.00 100.00 100.00 -1000 1.39 2.94 -18.18 -1000 23.41 1.61 583.050
car -1 -1 0.00 0.00 0.00 100.00 100.00 -1000 2.10 6.21 16.07 -1000 43.48 1.54 582.203
car -1 -1 0.00 0.00 0.00 100.00 100.00 -1000 1.84 5.23 8.18 -1000 13.23 1.59 581.363
car -1 -1 0.00 0.00 0.00 100.00 100.00 -1000 1.83 3.67 5.91 -1000 35.48 1.54 578.435
car -1 -1 0.00 0.00 0.00 100.00 100.00 -1000 1.59 3.32 3.15 -1000 29.97 1.59 574.035
car -1 -1 0.00 0.00 0.00 100.00 100.00 -1000 1.84 5.02 -0.13 -1000 41.13 1.57 565.461
car -1 -1 0.00 0.00 0.00 100.00 100.00 -1000 1.64 3.78 15.86 -1000 41.20 1.64 564.075
car -1 -1 0.00 0.00 0.00 100.00 100.00 -1000 3.10 9.98 6.61 -1000 39.04 1.42 563.631
car -1 -1 0.00 0.00 0.00 100.00 100.00 -1000 1.89 4.57 -2.83 -1000 31.91 1.62 561.778
car -1 -1 0.00 0.00 0.00 100.00 100.00 -1000 1.57 3.47 -4.66 -1000 29.49 1.57 559.241
car -1 -1 0.00 0.00 0.00 100.00 100.00 -1000 1.97 5.27 -17.08 -1000 24.52 1.65 558.240
car -1 -1 0.00 0.00 0.00 100.00 100.00 -1000 1.71 3.74 17.96 -1000 41.95 1.51 555.180
car -1 -1 0.00 0.00 0.00 100.00 100.00 -1000 2.09 5.41 0.30 -1000 33.02 1.59 548.052
car -1 -1 0.00 0.00 0.00 100.00 100.00 -1000 1.54 3.37 -13.12 -1000 31.22 1.63 547.095
car -1 -1 0.00 0.00 0.00 100.00 100.00 -1000 1.74 4.23 10.56 -1000 16.18 1.60 545.757
car -1 -1 0.00 0.00 0.00 100.00 100.00 -1000 1.53 3.33 -18.31 -1000 37.91 -0.17 542.903
car -1 -1 0.00 0.00 0.00 100.00 100.00 -1000 2.15 6.18 -8.35 -1000 39.99 1.59 538.442
car -1 -1 0.00 0.00 0.00 100.00 100.00 -1000 1.64 4.15 2.27 -1000 36.77 1.68 536.925
car -1 -1 0.00 0.00 0.00 100.00 100.00 -1000 2.01 5.29 -13.91 -1000 33.44 1.49 528.592
car -1 -1 0.00 0.00 0.00 100.00 100.00 -1000 1.67 3.51 -0.27 -1000 29.08 1.56 528.244
car -1 -1 0.00 0.00 0.00 100.00 100.00 -1000 2.02 6.07 8.16 -1000 15.67 1.54 525.629
car -1 -1 0.00 0.00 0.00 100.00 100.00 -1000 1.86 4.85 11.28 -1000 17.30 1.53 525.171
car -1 -1 0.00 0.00 0.00 100.00 100.00 -1000 1.69 3.71 0.79 -1000 46.09 1.58 520.307
car -1 -1 0.00 0.00 0.00 100.00 100.00 -1000 1.43 2.95 -17.21 -1000 22.69 1.53 514.442
car -1 -1 0.00 0.00 0.00 100.00 100.00 -1000 1.45 3.43 16.50 -1000 45.81 1.57 513.722
car -1 -1 0.00 0.00 0.00 100.00 100.00 -1000 1.60 3.69 -1.87 -1000 36.95 1.56 512.898
car -1 -1 0.00 0.00 0.00 100.00 100.00 -1000 1.50 3.63 9.61 -1000 37.10 1.62 504.962
car -1 -1 0.00 0.00 0.00 100.00 100.00 -1000 1.70 4.36 -11.91 -1000 45.96 1.59 499.027
car -1 -1 0.00 0.00 0.00 100.00 100.00 -1000 1.62 3.69 -5.07 -1000 45.23 1.49 494.578
car -1 -1 0.00 0.00 0.00 100.00 100.00 -1000 1.68 3.94 -15.77 -1000 39.49 1.60 493.219
car -1 -1 0.00 0.00 0.00 100.00 100.00 -1000 2.20 7.32 9.58 -1000 39.03 1.42 491.714
car -1 -1 0.00 0.00 0.00 100.00 100.00 -1000 1.83 4.81 -3.13 -1000 30.51 1.57 490.173
car -1 -1 0.00 0.00 0.00 100.00 100.00 -1000 1.83 5.54 11.12 -1000 43.60 1.54 488.273
car -1 -1 0.00 0.00 0.00 100.00 100.00 -1000 2.42 7.21 15.75 -1000 44.72 1.45 488.146
car -1 -1 0.00 0.00 0.00 100.00 100.00 -1000 1.71 5.10 10.06 -1000 12.92 1.59 484.061
car -1 -1 0.00 0.00 0.00 100.00 100.00 -1000 1.92 5.75 -3.72 -1000 41.27 1.52 483.117
car -1 -1 0.00 0.00 0.00 100.00 100.00 -1000 1.62 3.78 -3.24 -1000 45.24 1.43 476.095
car -1 -1 0.00 0.00 0.00 100.00 100.00 -1000 1.41 3.33 -3.98 -1000 7.45 1.57 473.726
car -1 -1 0.00 0.00 0.00 100.00 100.00 -1000 1.55 3.28 -17.94 -1000 30.65 1.55 473.264
car -1 -1 0.00 0.00 0.00 100.00 100.00 -1000 1.66 4.08 9.83 -1000 40.39 1.61 470.918
car -1 -1 0.00 0.00 0.00 100.00 100.00 -1000 1.56 3.54 5.28 -1000 36.18 1.52 469.172
car -1 -1 0.00 0.00 0.00 100.00 100.00 -1000 1.63 3.66 14.95 -1000 40.55 1.64 467.432
car -1 -1 0.00 0.00 0.00 100.00 100.00 -1000 1.77 4.83 -17.75 -1000 32.50 1.56 465.999
car -1 -1 0.00 0.00 0.00 100.00 100.00 -1000 1.67 3.74 -12.36 -1000 44.12 1.55 463.160
car -1 -1 0.00 0.00 0.00 100.00 100.00 -1000 1.71 3.84 -0.30 -1000 46.59 1.65 459.403
car -1 -1 0.00 0.00 0.00 100.00 100.00 -1000 1.64 3.48 7.65 -1000 10.26 1.65 455.944
car -1 -1 0.00 0.00 0.00 100.00 100.00 -1000 1.72 4.42 10.19 -1000 42.40 1.50 453.796
car -1 -1 0.00 0.00 0.00 100.00 100.00 -1000 1.70 3.94 -16.42 -1000 30.36 1.56 452.192
car -1 -1 0.00 0.00 0.00 100.00 100.00 -1000 2.04 4.99 10.51 -1000 32.58 1.62 449.993
car -1 -1 0.00 0.00 0.00 100.00 100.00 -1000 1.60 4.25 -12.29 -1000 31.87 1.66 445.031
car -1 -1 0.00 0.00 0.00 100.00 100.00 -1000 1.91 4.74 0.85 -1000 38.38 1.59 444.289
car -1 -1 0.00 0.00 0.00 100.00 100.00 -1000 1.65 3.41 -3.52 -1000 29.17 1.64 442.802
car -1 -1 0.00 0.00 0.00 100.00 100.00 -1000 2.04 5.39 -6.92 -1000 40.67 1.57 440.463
car -1 -1 0.00 0.00 0.00 100.00 100.00 -1000 1.66 3.98 14.55 -1000 16.64 1.61 435.148
car -1 -1 0.00 0.00 0.00 100.00 100.00 -1000 2.04 5.85 9.62 -1000 14.06 1.52 432.624
car -1 -1 0.00 0.00 0.00 100.00 100.00 -1000 1.66 3.45 10.45 -1000 24.31 1.58 431.767
car -1 -1 0.00 0.00 0.00 100.00 100.00 -1000 1.85 4.24 12.91 -1000 14.61 1.53 430.735
car -1 -1 0.00 0.00 0.00 100.00 100.00 -1000 1.55 3.59 -7.84 -1000 44.46 1.55 425.076
car -1 -1 0.00 0.00 0.00 100.00 100.00 -1000 1.80 5.16 3.65 -1000 31.84 1.59 424.061
car -1 -1 0.00 0.00 0.00 100.00 100.00 -1000 1.73 4.00 -1.91 -1000 29.18 1.58 421.786
car -1 -1 0.00 0.00 0.00 100.00 100.00 -1000 1.65 3.84 -11.07 -1000 38.04 1.64 418.711
car -1 -1 0.00 0.00 0.00 100.00 100.00 -1000 1.81 4.91 1.25 -1000 9.87 1.62 415.954
car -1 -1 0.00 0.00 0.00 100.00 100.00 -1000 1.99 5.55 9.35 -1000 37.89 1.63 409.704
car -1 -1 0.00 0.00 0.00 100.00 100.00 -1000 1.88 5.44 0.29 -1000 39.52 1.55 408.494
car -1 -1 0.00 0.00 0.00 100.00 100.00 -1000 1.91 5.04 2.48 -1000 46.44 1.65 404.900
car -1 -1 0.00 0.00 0.00 100.00 100.00 -1000 2.54 8.24 -7.03 -1000 47.54 1.59 403.525
car -1 -1 0.00 0.00 0.00 100.00 100.00 -1000 1.74 3.90 -5.39 -1000 31.99 1.60 403.226
car -1 -1 0.00 0.00 0.00 100.00 100.00 -1000 1.61 3.85 -16.73 -1000 38.07 1.60 400.232
car -1 -1 0.00 0.00 0.00 100.00 100.00 -1000 1.62 4.06 -14.20 -1000 29.51 1.46 399.012
car -1 -1 0.00 0.00 0.00 100.00 100.00 -1000 1.87 4.45 0.32 -1000 28.32 1.51 391.741
car -1 -1 0.00 0.00 0.00 100.00 100.00 -1000 1.72 4.11 5.60 -1000 47.59 1.66 391.306
car -1 -1 0.00 0.00 0.00 100.00 100.00 -1000 1.77 4.45 -0.65 -1000 40.36 1.63 391.093
car -1 -1 0.00 0.00 0.00 100.00 100.00 -1000 1.96 5.40 -3.45 -1000 33.33 1.52 384.103
car -1 -1 0.00 0.00 0.00 100.00 100.00 -1000 1.71 4.08 5.04 -1000 46.59 1.56 383.781
car -1 -1 0.00 0.00 0.00 100.00 100.00 -1000 1.69 3.70 15.82 -1000 46.47 1.36 379.743
car -1 -1 0.00 0.00 0.00 100.00 100.00 -1000 1.72 4.84 -5.92 -1000 35.76 1.59 377.082
car -1 -1 0.00 0.00 0.00 100.00 100.00 -1000 1.89 5.56 -16.02 -1000 32.15 1.61 377.006
car -1 -1 0.00 0.00 0.00 100.00 100.00 -1000 1.75 4.26 -9.55 -1000 43.71 1.44 376.014
car -1 -1 0.00 0.00 0.00 100.00 100.00 -1000 1.81 4.40 -5.94 -1000 44.38 1.48 375.399
car -1 -1 0.00 0.00 0.00 100.00 100.00 -1000 1.59 3.94 -5.38 -1000 38.84 1.54 369.568
car -1 -1 0.00 0.00 0.00 100.00 100.00 -1000 1.53 3.78 12.91 -1000 15.44 -0.30 363.534
car -1 -1 0.00 0.00 0.00 100.00 100.00 -1000 1.97 5.75 -12.21 -1000 24.93 1.64 360.581
car -1 -1 0.00 0.00 0.00 100.00 100.00 -1000 1.63 3.65 11.80 -1000 25.58 1.65 360.051
car -1 -1 0.00 0.00 0.00 100.00 100.00 -1000 1.98 6.62 -16.24 -1000 25.45 1.57 358.392
car -1 -1 0.00 0.00 0.00 100.00 100.00 -1000 1.52 3.80 3.07 -1000 7.65 1.65 358.041
car -1 -1 0.00 0.00 0.00 100.00 100.00 -1000 1.86 5.77 6.78 -1000 41.49 1.61 352.547
car -1 -1 0.00 0.00 0.00 100.00 100.00 -1000 1.59 3.89 -13.51 -1000 23.33 1.72 348.534
car -1 -1 0.00 0.00 0.00 100.00 100.00 -1000 1.91 5.09 -4.47 -1000 36.17 1.75 345.642
car -1 -1 0.00 0.00 0.00 100.00 100.00 -1000 1.77 4.97 18.56 -1000 45.04 1.57 345.323
car -1 -1 0.00 0.00 0.00 100.00 100.00 -1000 1.91 5.08 -4.63 -1000 30.16 1.61 343.637
car -1 -1 0.00 0.00 0.00 100.00 100.00 -1000 1.66 4.48 -0.60 -1000 37.50 1.63 342.771
car -1 -1 0.00 0.00 0.00 100.00 100.00 -1000 2.07 7.97 8.79 -1000 39.91 1.46 335.510
car -1 -1 0.00 0.00 0.00 100.00 100.00 -1000 1.82 4.11 -7.78 -1000 43.64 1.41 334.856
car -1 -1 0.00 0.00 0.00 100.00 100.00 -1000 1.45 3.44 -18.45 -1000 22.55 1.50 333.134
car -1 -1 0.00 0.00 0.00 100.00 100.00 -1000 1.61 4.18 -1.67 -1000 28.22 1.59 328.014
car -1 -1 0.00 0.00 0.00 100.00 100.00 -1000 1.66 4.16 10.54 -1000 11.36 1.61 326.900
car -1 -1 0.00 0.00 0.00 100.00 100.00 -1000 2.12 7.12 13.59 -1000 18.06 1.52 326.339
car -1 -1 0.00 0.00 0.00 100.00 100.00 -1000 1.92 5.73 -12.30 -1000 32.60 1.62 320.689
car -1 -1 0.00 0.00 0.00 100.00 100.00 -1000 2.12 5.45 14.24 -1000 38.61 1.49 319.423
car -1 -1 0.00 0.00 0.00 100.00 100.00 -1000 1.70 4.58 4.71 -1000 10.55 1.62 317.147
car -1 -1 0.00 0.00 0.00 100.00 100.00 -1000 2.08 5.18 -7.37 -1000 35.35 1.71 317.126
car -1 -1 0.00 0.00 0.00 100.00 100.00 -1000 1.56 3.63 2.10 -1000 29.59 -0.21 317.063
car -1 -1 0.00 0.00 0.00 100.00 100.00 -1000 2.06 5.79 -16.80 -1000 33.43 1.52 316.526
car -1 -1 0.00 0.00 0.00 100.00 100.00 -1000 1.89 4.74 6.98 -1000 9.29 1.51 316.155
car -1 -1 0.00 0.00 0.00 100.00 100.00 -1000 1.73 4.53 -3.61 -1000 36.92 1.65 310.896
car -1 -1 0.00 0.00 0.00 100.00 100.00 -1000 1.73 4.54 -17.57 -1000 29.91 1.36 308.260
car -1 -1 0.00 0.00 0.00 100.00 100.00 -1000 1.57 4.06 -15.83 -1000 29.57 1.59 308.079
car -1 -1 0.00 0.00 0.00 100.00 100.00 -1000 1.67 4.78 14.78 -1000 17.39 1.64 306.733
car -1 -1 0.00 0.00 0.00 100.00 100.00 -1000 2.67 8.54 12.11 -1000 44.47 1.41 305.819
car -1 -1 0.00 0.00 0.00 100.00 100.00 -1000 1.75 4.09 -1.53 -1000 45.26 1.45 304.485
car -1 -1 0.00 0.00 0.00 100.00 100.00 -1000 1.57 3.38 -15.18 -1000 21.69 1.54 303.487
car -1 -1 0.00 0.00 0.00 100.00 100.00 -1000 1.80 4.42 -3.50 -1000 38.71 1.48 303.327
car -1 -1 0.00 0.00 0.00 100.00 100.00 -1000 1.88 4.77 10.95 -1000 39.68 1.59 302.880
car -1 -1 0.00 0.00 0.00 100.00 100.00 -1000 1.59 3.78 10.14 -1000 36.40 1.64 302.458
car -1 -1 0.00 0.00 0.00 100.00 100.00 -1000 1.84 4.59 17.56 -1000 41.16 1.62 300.519
car -1 -1 0.00 0.00 0.00 100.00 100.00 -1000 1.59 3.64 3.48 -1000 47.76 1.70 299.328
car -1 -1 0.00 0.00 0.00 100.00 100.00 -1000 1.69 3.74 -19.06 -1000 37.19 1.65 296.177
car -1 -1 0.00 0.00 0.00 100.00 100.00 -1000 1.75 5.05 4.63 -1000 12.91 1.59 293.918
car -1 -1 0.00 0.00 0.00 100.00 100.00 -1000 1.60 3.82 10.11 -1000 30.39 1.54 291.312
car -1 -1 0.00 0.00 0.00 100.00 100.00 -1000 1.48 3.38 -16.52 -1000 21.92 1.49 287.348
car -1 -1 0.00 0.00 0.00 100.00 100.00 -1000 1.70 4.10 -8.29 -1000 38.05 1.54 286.979
car -1 -1 0.00 0.00 0.00 100.00 100.00 -1000 2.49 7.71 -10.46 -1000 47.07 1.52 285.489
car -1 -1 0.00 0.00 0.00 100.00 100.00 -1000 1.83 4.46 -3.90 -1000 44.31 1.51 284.420
car -1 -1 0.00 0.00 0.00 100.00 100.00 -1000 1.78 5.00 -2.39 -1000 39.21 1.54 283.765
car -1 -1 0.00 0.00 0.00 100.00 100.00 -1000 1.64 3.96 -19.03 -1000 31.15 1.54 283.615
car -1 -1 0.00 0.00 0.00 100.00 100.00 -1000 1.74 4.66 1.17 -1000 7.84 1.65 280.125
car -1 -1 0.00 0.00 0.00 100.00 100.00 -1000 1.91 5.10 1.84 -1000 28.78 1.56 278.981
car -1 -1 0.00 0.00 0.00 100.00 100.00 -1000 1.54 3.93 -14.14 -1000 35.93 1.59 278.040
car -1 -1 0.00 0.00 0.00 100.00 100.00 -1000 1.95 5.48 2.57 -1000 10.42 1.50 276.512
car -1 -1 0.00 0.00 0.00 100.00 100.00 -1000 1.92 4.85 3.51 -1000 36.04 1.59 276.434
car -1 -1 0.00 0.00 0.00 100.00 100.00 -1000 1.93 5.71 4.68 -1000 14.87 1.58 275.401
car -1 -1 0.00 0.00 0.00 100.00 100.00 -1000 1.64 4.12 12.88 -1000 24.77 1.52 272.740
car -1 -1 0.00 0.00 0.00 100.00 100.00 -1000 2.20 7.81 8.71 -1000 16.58 1.49 270.669
car -1 -1 0.00 0.00 0.00 100.00 100.00 -1000 1.51 4.12 -4.83 -1000 8.58 1.49 261.566
car -1 -1 0.00 0.00 0.00 100.00 100.00 -1000 2.02 6.55 8.06 -1000 40.74 1.58 260.523
car -1 -1 0.00 0.00 0.00 100.00 100.00 -1000 1.71 4.22 -11.13 -1000 30.62 1.59 259.937
car -1 -1 0.00 0.00 0.00 100.00 100.00 -1000 1.71 2.56 -2.06 -1000 9.27 -0.23 254.485
car -1 -1 0.00 0.00 0.00 100.00 100.00 -1000 1.64 3.77 -18.30 -1000 25.04 1.57 252.868
car -1 -1 0.00 0.00 0.00 100.00 100.00 -1000 1.82 4.74 -12.39 -1000 22.62 1.55 252.371
car -1 -1 0.00 0.00 0.00 100.00 100.00 -1000 1.93 5.25 -13.55 -1000 21.81 1.54 251.740
car -1 -1 0.00 0.00 0.00 100.00 100.00 -1000 1.69 4.52 -9.60 -1000 37.62 1.52 250.752
car -1 -1 0.00 0.00 0.00 100.00 100.00 -1000 1.70 3.86 9.44 -1000 35.55 1.55 250.544
car -1 -1 0.00 0.00 0.00 100.00 100.00 -1000 1.71 4.71 3.57 -1000 9.72 1.51 250.078
car -1 -1 0.00 0.00 0.00 100.00 100.00 -1000 1.64 4.36 2.84 -1000 8.42 1.62 249.229
car -1 -1 0.00 0.00 0.00 100.00 100.00 -1000 1.59 4.37 12.46 -1000 31.92 1.59 247.562
car -1 -1 0.00 0.00 0.00 100.00 100.00 -1000 1.82 4.71 14.94 -1000 15.42 1.59 245.546
car -1 -1 0.00 0.00 0.00 100.00 100.00 -1000 1.87 4.73 11.33 -1000 13.66 1.58 245.098
car -1 -1 0.00 0.00 0.00 100.00 100.00 -1000 1.63 4.00 4.24 -1000 7.28 1.62 242.233
car -1 -1 0.00 0.00 0.00 100.00 100.00 -1000 1.73 4.81 2.71 -1000 13.61 1.53 239.228
car -1 -1 0.00 0.00 0.00 100.00 100.00 -1000 1.80 4.26 -12.78 -1000 30.27 1.60 237.395
car -1 -1 0.00 0.00 0.00 100.00 100.00 -1000 2.37 7.49 4.55 -1000 42.11 1.58 236.305
car -1 -1 0.00 0.00 0.00 100.00 100.00 -1000 1.88 4.63 -13.00 -1000 29.05 1.54 236.008
car -1 -1 0.00 0.00 0.00 100.00 100.00 -1000 1.54 3.85 1.08 -1000 36.41 1.56 235.673
car -1 -1 0.00 0.00 0.00 100.00 100.00 -1000 1.81 4.37 12.84 -1000 39.06 1.60 234.915
car -1 -1 0.00 0.00 0.00 100.00 100.00 -1000 1.66 4.00 -15.70 -1000 38.52 -0.36 233.194
car -1 -1 0.00 0.00 0.00 100.00 100.00 -1000 1.96 4.58 -15.63 -1000 37.03 1.50 228.812
car -1 -1 0.00 0.00 0.00 100.00 100.00 -1000 1.88 4.88 -0.97 -1000 38.59 1.56 225.905
car -1 -1 0.00 0.00 0.00 100.00 100.00 -1000 1.76 4.63 -13.92 -1000 36.74 1.58 220.419
