car -1 -1 0.00 0.00 0.00 100.00 100.00 -1000 1.60 4.23 -4.74 -1000 10.99 -0.36 998.979
car -1 -1 0.00 0.00 0.00 100.00 100.00 -1000 1.65 3.48 -4.21 -1000 11.83 1.52 998.629
car -1 -1 0.00 0.00 0.00 100.00 100.00 -1000 1.56 3.80 1.47 -1000 14.01 1.60 992.051
car -1 -1 0.00 0.00 0.00 100.00 100.00 -1000 1.72 4.17 -4.56 -1000 12.70 1.53 987.821
car -1 -1 0.00 0.00 0.00 100.00 100.00 -1000 1.64 3.68 -1.72 -1000 14.01 1.53 986.855
car -1 -1 0.00 0.00 0.00 100.00 100.00 -1000 1.69 4.11 3.08 -1000 18.20 -0.17 984.763
car -1 -1 0.00 0.00 0.00 100.00 100.00 -1000 1.65 4.02 -6.19 -1000 13.84 1.56 980.628
car -1 -1 0.00 0.00 0.00 100.00 100.00 -1000 1.75 5.09 -7.26 -1000 15.21 1.42 976.674
car -1 -1 0.00 0.00 0.00 100.00 100.00 -1000 2.00 5.14 -2.52 -1000 13.33 1.58 976.351
car -1 -1 0.00 0.00 0.00 100.00 100.00 -1000 1.53 3.09 3.89 -1000 18.97 1.60 975.035
car -1 -1 0.00 0.00 0.00 100.00 100.00 -1000 1.95 4.84 -0.00 -1000 15.92 1.50 974.583
car -1 -1 0.00 0.00 0.00 100.00 100.00 -1000 1.64 3.78 -3.93 -1000 16.47 1.51 972.673
car -1 -1 0.00 0.00 0.00 100.00 100.00 -1000 2.20 6.65 -5.32 -1000 14.66 1.40 970.911
car -1 -1 0.00 0.00 0.00 100.00 100.00 -1000 1.57 4.39 -0.35 -1000 14.32 1.60 970.802
car -1 -1 0.00 0.00 0.00 100.00 100.00 -1000 1.52 3.76 4.73 -1000 18.16 -0.11 967.769
car -1 -1 0.00 0.00 0.00 100.00 100.00 -1000 1.89 5.24 -2.87 -1000 15.77 1.61 967.652
car -1 -1 0.00 0.00 0.00 100.00 100.00 -1000 1.59 3.28 -18.22 -1000 27.02 1.54 965.007
car -1 -1 0.00 0.00 0.00 100.00 100.00 -1000 1.48 3.80 -2.90 -1000 12.48 1.59 963.896
car -1 -1 0.00 0.00 0.00 100.00 100.00 -1000 1.59 3.48 7.29 -1000 13.16 1.58 963.207
car -1 -1 0.00 0.00 0.00 100.00 100.00 -1000 1.48 3.67 1.68 -1000 13.21 -0.17 963.174
car -1 -1 0.00 0.00 0.00 100.00 100.00 -1000 2.03 4.90 -1.66 -1000 16.31 1.55 961.753
car -1 -1 0.00 0.00 0.00 100.00 100.00 -1000 1.53 3.15 2.37 -1000 19.00 1.55 961.666
car -1 -1 0.00 0.00 0.00 100.00 100.00 -1000 2.08 5.93 2.88 -1000 15.54 1.51 959.727
car -1 -1 0.00 0.00 0.00 100.00 100.00 -1000 1.52 3.23 -10.15 -1000 14.91 1.57 955.498
car -1 -1 0.00 0.00 0.00 100.00 100.00 -1000 1.65 3.87 4.31 -1000 13.52 1.62 954.280
car -1 -1 0.00 0.00 0.00 100.00 100.00 -1000 1.55 3.21 6.00 -1000 12.85 1.58 951.549
car -1 -1 0.00 0.00 0.00 100.00 100.00 -1000 1.58 3.41 2.63 -1000 13.70 1.61 950.556
car -1 -1 0.00 0.00 0.00 100.00 100.00 -1000 1.67 3.60 -5.87 -1000 13.03 1.59 942.806
car -1 -1 0.00 0.00 0.00 100.00 100.00 -1000 1.58 3.83 1.76 -1000 17.86 -0.24 940.003
car -1 -1 0.00 0.00 0.00 100.00 100.00 -1000 1.62 4.40 0.87 -1000 14.91 1.59 939.891
car -1 -1 0.00 0.00 0.00 100.00 100.00 -1000 1.64 3.40 1.09 -1000 19.19 1.55 935.273
car -1 -1 0.00 0.00 0.00 100.00 100.00 -1000 1.49 3.00 5.62 -1000 18.96 1.61 934.891
car -1 -1 0.00 0.00 0.00 100.00 100.00 -1000 2.21 5.54 -3.65 -1000 14.25 1.51 929.285
car -1 -1 0.00 0.00 0.00 100.00 100.00 -1000 1.73 4.83 -0.37 -1000 17.70 1.57 928.536
car -1 -1 0.00 0.00 0.00 100.00 100.00 -1000 1.65 4.42 0.56 -1000 18.25 1.58 928.490
car -1 -1 0.00 0.00 0.00 100.00 100.00 -1000 1.65 3.91 3.15 -1000 19.50 1.52 924.565
car -1 -1 0.00 0.00 0.00 100.00 100.00 -1000 1.70 4.25 -10.98 -1000 15.49 1.54 919.901
car -1 -1 0.00 0.00 0.00 100.00 100.00 -1000 1.86 4.64 -5.58 -1000 16.73 1.52 918.872
car -1 -1 0.00 0.00 0.00 100.00 100.00 -1000 1.63 3.45 -6.91 -1000 14.46 1.53 913.605
car -1 -1 0.00 0.00 0.00 100.00 100.00 -1000 1.44 3.12 -15.38 -1000 21.70 1.57 913.028
car -1 -1 0.00 0.00 0.00 100.00 100.00 -1000 1.54 3.31 5.39 -1000 12.20 1.57 913.013
car -1 -1 0.00 0.00 0.00 100.00 100.00 -1000 1.45 3.16 -18.16 -1000 26.07 -0.10 912.271
car -1 -1 0.00 0.00 0.00 100.00 100.00 -1000 2.09 5.37 8.23 -1000 14.42 1.55 908.695
car -1 -1 0.00 0.00 0.00 100.00 100.00 -1000 1.55 3.31 -9.12 -1000 14.59 1.59 899.705
car -1 -1 0.00 0.00 0.00 100.00 100.00 -1000 1.61 3.44 6.78 -1000 12.30 -0.11 898.522
car -1 -1 0.00 0.00 0.00 100.00 100.00 -1000 1.56 3.71 9.58 -1000 13.26 1.56 895.819
car -1 -1 0.00 0.00 0.00 100.00 100.00 -1000 1.42 3.11 -10.37 -1000 13.97 -0.07 887.118
car -1 -1 0.00 0.00 0.00 100.00 100.00 -1000 1.56 3.57 6.26 -1000 18.11 -0.19 886.743
car -1 -1 0.00 0.00 0.00 100.00 100.00 -1000 1.61 3.30 8.07 -1000 12.63 1.59 883.810
car -1 -1 0.00 0.00 0.00 100.00 100.00 -1000 1.61 3.57 2.60 -1000 12.58 -0.20 883.388
car -1 -1 0.00 0.00 0.00 100.00 100.00 -1000 1.67 3.57 5.40 -1000 11.02 -0.25 880.459
car -1 -1 0.00 0.00 0.00 100.00 100.00 -1000 1.60 3.48 4.93 -1000 7.66 1.54 873.057
car -1 -1 0.00 0.00 0.00 100.00 100.00 -1000 2.01 5.49 -1.98 -1000 14.60 1.60 872.852
car -1 -1 0.00 0.00 0.00 100.00 100.00 -1000 1.69 4.33 2.56 -1000 14.47 1.76 872.488
car -1 -1 0.00 0.00 0.00 100.00 100.00 -1000 1.76 4.03 -0.38 -1000 18.83 1.53 853.450
car -1 -1 0.00 0.00 0.00 100.00 100.00 -1000 1.82 4.59 5.75 -1000 19.48 1.55 852.215
car -1 -1 0.00 0.00 0.00 100.00 100.00 -1000 1.85 4.87 6.59 -1000 13.97 1.58 851.662
car -1 -1 0.00 0.00 0.00 100.00 100.00 -1000 1.89 4.86 -1.24 -1000 15.38 1.66 849.590
car -1 -1 0.00 0.00 0.00 100.00 100.00 -1000 1.73 4.39 -8.97 -1000 15.55 1.46 845.958
car -1 -1 0.00 0.00 0.00 100.00 100.00 -1000 1.57 3.91 -2.90 -1000 11.53 -0.38 843.116
car -1 -1 0.00 0.00 0.00 100.00 100.00 -1000 2.30 6.59 3.18 -1000 19.92 1.52 842.456
car -1 -1 0.00 0.00 0.00 100.00 100.00 -1000 1.92 4.62 0.64 -1000 16.66 1.59 840.025
car -1 -1 0.00 0.00 0.00 100.00 100.00 -1000 2.13 5.65 4.65 -1000 15.18 1.55 838.732
car -1 -1 0.00 0.00 0.00 100.00 100.00 -1000 1.64 4.23 3.71 -1000 8.57 1.66 836.988
car -1 -1 0.00 0.00 0.00 100.00 100.00 -1000 1.75 3.82 -1.78 -1000 12.08 1.69 835.371
car -1 -1 0.00 0.00 0.00 100.00 100.00 -1000 1.51 3.21 -12.26 -1000 14.56 1.51 835.061
car -1 -1 0.00 0.00 0.00 100.00 100.00 -1000 2.34 6.23 -8.11 -1000 16.84 1.46 833.610
car -1 -1 0.00 0.00 0.00 100.00 100.00 -1000 2.32 6.51 6.48 -1000 14.76 1.53 831.600
car -1 -1 0.00 0.00 0.00 100.00 100.00 -1000 1.73 4.20 -3.26 -1000 17.12 1.42 828.662
car -1 -1 0.00 0.00 0.00 100.00 100.00 -1000 1.48 3.61 -15.14 -1000 20.66 -0.19 828.351
car -1 -1 0.00 0.00 0.00 100.00 100.00 -1000 1.28 2.76 -2.58 -1000 13.06 -0.52 827.799
car -1 -1 0.00 0.00 0.00 100.00 100.00 -1000 1.57 3.65 0.14 -1000 12.91 1.61 825.233
car -1 -1 0.00 0.00 0.00 100.00 100.00 -1000 1.68 3.62 5.50 -1000 6.90 -0.28 824.114
car -1 -1 0.00 0.00 0.00 100.00 100.00 -1000 1.72 4.14 10.77 -1000 13.64 1.60 811.580
car -1 -1 0.00 0.00 0.00 100.00 100.00 -1000 1.93 3.61 -3.70 -1000 10.40 1.79 811.332
car -1 -1 0.00 0.00 0.00 100.00 100.00 -1000 1.76 3.98 9.75 -1000 11.79 -0.17 796.736
car -1 -1 0.00 0.00 0.00 100.00 100.00 -1000 1.84 4.50 -1.67 -1000 18.44 1.50 795.712
car -1 -1 0.00 0.00 0.00 100.00 100.00 -1000 1.62 3.57 10.53 -1000 12.65 1.66 772.055
car -1 -1 0.00 0.00 0.00 100.00 100.00 -1000 2.05 5.61 0.06 -1000 19.97 1.50 769.270
car -1 -1 0.00 0.00 0.00 100.00 100.00 -1000 1.56 3.28 -17.19 -1000 26.41 1.67 765.955
car -1 -1 0.00 0.00 0.00 100.00 100.00 -1000 1.53 3.60 4.17 -1000 12.69 1.62 762.614
car -1 -1 0.00 0.00 0.00 100.00 100.00 -1000 1.74 4.81 -4.16 -1000 15.25 1.58 759.357
car -1 -1 0.00 0.00 0.00 100.00 100.00 -1000 2.00 5.38 -11.88 -1000 17.30 1.53 758.975
car -1 -1 0.00 0.00 0.00 100.00 100.00 -1000 1.66 3.67 -6.38 -1000 12.10 1.58 745.891
car -1 -1 0.00 0.00 0.00 100.00 100.00 -1000 1.48 3.54 5.37 -1000 17.47 -0.25 742.495
car -1 -1 0.00 0.00 0.00 100.00 100.00 -1000 2.03 5.71 9.44 -1000 15.11 1.57 737.406
car -1 -1 0.00 0.00 0.00 100.00 100.00 -1000 1.96 6.03 -12.80 -1000 15.52 1.43 732.531
car -1 -1 0.00 0.00 0.00 100.00 100.00 -1000 1.94 4.97 -6.77 -1000 16.05 1.58 729.659
car -1 -1 0.00 0.00 0.00 100.00 100.00 -1000 1.83 4.22 2.30 -1000 16.87 1.45 727.498
car -1 -1 0.00 0.00 0.00 100.00 100.00 -1000 1.83 5.41 3.75 -1000 9.83 1.41 726.651
car -1 -1 0.00 0.00 0.00 100.00 100.00 -1000 1.53 3.36 7.03 -1000 18.64 1.66 725.585
car -1 -1 0.00 0.00 0.00 100.00 100.00 -1000 1.24 2.50 -0.45 -1000 13.64 -0.21 720.506
car -1 -1 0.00 0.00 0.00 100.00 100.00 -1000 2.13 5.60 -18.44 -1000 28.02 1.60 719.352
car -1 -1 0.00 0.00 0.00 100.00 100.00 -1000 1.81 4.10 3.81 -1000 17.46 1.68 714.478
car -1 -1 0.00 0.00 0.00 100.00 100.00 -1000 2.35 6.98 -6.52 -1000 17.60 1.47 699.217
car -1 -1 0.00 0.00 0.00 100.00 100.00 -1000 1.74 4.35 -16.94 -1000 27.33 1.68 691.943
car -1 -1 0.00 0.00 0.00 100.00 100.00 -1000 2.23 6.78 4.29 -1000 16.50 1.55 679.834
car -1 -1 0.00 0.00 0.00 100.00 100.00 -1000 1.41 3.11 -8.35 -1000 14.09 -0.03 678.028
car -1 -1 0.00 0.00 0.00 100.00 100.00 -1000 1.65 3.52 -12.54 -1000 13.82 1.44 667.873
car -1 -1 0.00 0.00 0.00 100.00 100.00 -1000 1.76 3.87 4.37 -1000 10.48 1.61 665.631
car -1 -1 0.00 0.00 0.00 100.00 100.00 -1000 1.38 3.01 -16.07 -1000 21.08 1.47 663.949
car -1 -1 0.00 0.00 0.00 100.00 100.00 -1000 2.76 7.90 -10.30 -1000 16.41 1.49 651.385
car -1 -1 0.00 0.00 0.00 100.00 100.00 -1000 1.23 3.20 -7.00 -1000 13.34 -0.36 645.212
car -1 -1 0.00 0.00 0.00 100.00 100.00 -1000 1.99 4.93 -7.22 -1000 19.08 1.67 631.862
car -1 -1 0.00 0.00 0.00 100.00 100.00 -1000 2.61 7.36 -2.07 -1000 18.98 1.35 619.983
car -1 -1 0.00 0.00 0.00 100.00 100.00 -1000 1.76 4.05 8.17 -1000 11.11 -0.15 618.300
car -1 -1 0.00 0.00 0.00 100.00 100.00 -1000 0.98 1.98 -1.59 -1000 13.45 -0.39 598.170
car -1 -1 0.00 0.00 0.00 100.00 100.00 -1000 2.02 5.05 11.51 -1000 14.33 1.61 597.918
car -1 -1 0.00 0.00 0.00 100.00 100.00 -1000 1.63 3.35 -10.17 -1000 12.94 1.71 597.082
car -1 -1 0.00 0.00 0.00 100.00 100.00 -1000 2.57 7.24 6.11 -1000 20.01 1.65 591.781
car -1 -1 0.00 0.00 0.00 100.00 100.00 -1000 2.53 7.30 -8.40 -1000 18.08 1.48 573.305
car -1 -1 0.00 0.00 0.00 100.00 100.00 -1000 1.78 3.45 -7.86 -1000 12.01 1.58 572.303
car -1 -1 0.00 0.00 0.00 100.00 100.00 -1000 1.68 4.37 -8.19 -1000 18.47 1.51 568.458
car -1 -1 0.00 0.00 0.00 100.00 100.00 -1000 2.02 5.40 5.88 -1000 15.95 1.57 567.358
car -1 -1 0.00 0.00 0.00 100.00 100.00 -1000 1.41 3.62 -5.75 -1000 10.51 1.51 557.026
car -1 -1 0.00 0.00 0.00 100.00 100.00 -1000 2.11 7.97 4.00 -1000 9.13 1.61 552.768
car -1 -1 0.00 0.00 0.00 100.00 100.00 -1000 1.69 4.51 8.09 -1000 19.30 1.59 543.722
car -1 -1 0.00 0.00 0.00 100.00 100.00 -1000 1.75 4.19 11.79 -1000 12.97 1.63 524.876
car -1 -1 0.00 0.00 0.00 100.00 100.00 -1000 1.93 4.44 -5.13 -1000 15.85 -0.20 522.680
car -1 -1 0.00 0.00 0.00 100.00 100.00 -1000 1.67 4.19 3.18 -1000 7.69 1.59 514.956
car -1 -1 0.00 0.00 0.00 100.00 100.00 -1000 1.57 3.99 -14.16 -1000 22.18 1.67 512.429
car -1 -1 0.00 0.00 0.00 100.00 100.00 -1000 1.64 3.66 5.08 -1000 6.14 1.71 511.860
car -1 -1 0.00 0.00 0.00 100.00 100.00 -1000 3.17 9.18 3.26 -1000 20.94 1.42 509.549
car -1 -1 0.00 0.00 0.00 100.00 100.00 -1000 1.78 4.52 -15.17 -1000 27.02 1.61 505.403
car -1 -1 0.00 0.00 0.00 100.00 100.00 -1000 1.86 5.54 5.94 -1000 8.22 1.64 504.362
car -1 -1 0.00 0.00 0.00 100.00 100.00 -1000 1.52 3.85 -13.27 -1000 16.85 1.60 502.002
car -1 -1 0.00 0.00 0.00 100.00 100.00 -1000 1.89 5.24 -1.36 -1000 20.86 1.59 501.648
car -1 -1 0.00 0.00 0.00 100.00 100.00 -1000 2.64 7.98 -2.90 -1000 18.01 1.43 487.855
car -1 -1 0.00 0.00 0.00 100.00 100.00 -1000 1.66 3.15 -9.32 -1000 12.48 1.54 484.436
car -1 -1 0.00 0.00 0.00 100.00 100.00 -1000 1.79 3.70 -11.81 -1000 12.74 1.49 480.396
car -1 -1 0.00 0.00 0.00 100.00 100.00 -1000 2.09 6.78 10.91 -1000 15.61 1.54 469.825
car -1 -1 0.00 0.00 0.00 100.00 100.00 -1000 1.88 4.73 12.75 -1000 13.68 1.63 456.689
car -1 -1 0.00 0.00 0.00 100.00 100.00 -1000 1.66 3.49 -17.45 -1000 25.52 -0.21 446.605
car -1 -1 0.00 0.00 0.00 100.00 100.00 -1000 1.00 1.98 5.12 -1000 11.56 -0.28 445.922
car -1 -1 0.00 0.00 0.00 100.00 100.00 -1000 1.66 4.05 0.28 -1000 12.08 1.54 445.237
car -1 -1 0.00 0.00 0.00 100.00 100.00 -1000 1.71 5.06 -7.65 -1000 20.07 1.65 445.009
car -1 -1 0.00 0.00 0.00 100.00 100.00 -1000 2.46 7.73 -16.12 -1000 28.53 1.55 442.577
car -1 -1 0.00 0.00 0.00 100.00 100.00 -1000 2.28 6.37 -5.68 -1000 18.56 1.58 434.171
car -1 -1 0.00 0.00 0.00 100.00 100.00 -1000 1.99 5.37 -13.39 -1000 17.89 1.64 429.649
car -1 -1 0.00 0.00 0.00 100.00 100.00 -1000 1.58 3.24 -16.46 -1000 20.22 1.42 428.384
car -1 -1 0.00 0.00 0.00 100.00 100.00 -1000 1.72 3.84 15.27 -1000 18.50 1.60 425.324
car -1 -1 0.00 0.00 0.00 100.00 100.00 -1000 2.60 9.01 7.39 -1000 16.41 1.51 421.486
car -1 -1 0.00 0.00 0.00 100.00 100.00 -1000 1.55 3.11 -18.65 -1000 22.21 -0.13 417.457
car -1 -1 0.00 0.00 0.00 100.00 100.00 -1000 1.79 4.14 -16.95 -1000 22.17 1.51 413.219
car -1 -1 0.00 0.00 0.00 100.00 100.00 -1000 1.83 4.87 -14.48 -1000 27.77 1.62 410.727
car -1 -1 0.00 0.00 0.00 100.00 100.00 -1000 1.63 3.65 3.73 -1000 6.96 1.63 406.295
car -1 -1 0.00 0.00 0.00 100.00 100.00 -1000 1.92 5.25 10.45 -1000 11.05 1.65 403.450
car -1 -1 0.00 0.00 0.00 100.00 100.00 -1000 2.09 5.31 6.79 -1000 16.94 1.57 395.841
car -1 -1 0.00 0.00 0.00 100.00 100.00 -1000 2.23 6.94 8.08 -1000 20.50 1.57 395.081
car -1 -1 0.00 0.00 0.00 100.00 100.00 -1000 1.74 4.01 -16.18 -1000 25.98 1.59 380.914
car -1 -1 0.00 0.00 0.00 100.00 100.00 -1000 1.76 4.00 -14.35 -1000 26.33 1.56 378.070
car -1 -1 0.00 0.00 0.00 100.00 100.00 -1000 1.99 5.75 12.89 -1000 14.83 1.61 376.000
car -1 -1 0.00 0.00 0.00 100.00 100.00 -1000 1.24 2.64 -11.15 -1000 13.57 -0.07 373.500
car -1 -1 0.00 0.00 0.00 100.00 100.00 -1000 1.60 4.60 3.73 -1000 11.88 1.55 369.853
car -1 -1 0.00 0.00 0.00 100.00 100.00 -1000 1.86 4.47 13.73 -1000 12.94 1.63 369.187
car -1 -1 0.00 0.00 0.00 100.00 100.00 -1000 1.50 4.03 6.20 -1000 11.64 1.78 361.461
car -1 -1 0.00 0.00 0.00 100.00 100.00 -1000 1.95 4.39 -13.59 -1000 14.57 1.46 348.910
car -1 -1 0.00 0.00 0.00 100.00 100.00 -1000 1.81 4.50 5.51 -1000 9.98 1.64 347.981
car -1 -1 0.00 0.00 0.00 100.00 100.00 -1000 2.05 6.52 -17.89 -1000 22.82 1.60 339.826
car -1 -1 0.00 0.00 0.00 100.00 100.00 -1000 2.58 4.25 -5.60 -1000 9.20 1.60 334.836
car -1 -1 0.00 0.00 0.00 100.00 100.00 -1000 1.78 4.48 12.88 -1000 12.12 1.60 332.326
car -1 -1 0.00 0.00 0.00 100.00 100.00 -1000 1.64 4.20 8.85 -1000 18.61 1.63 331.483
car -1 -1 0.00 0.00 0.00 100.00 100.00 -1000 1.94 5.08 -14.80 -1000 15.81 1.30 321.504
car -1 -1 0.00 0.00 0.00 100.00 100.00 -1000 2.10 3.37 6.26 -1000 7.49 -0.51 321.185
car -1 -1 0.00 0.00 0.00 100.00 100.00 -1000 1.71 4.24 7.60 -1000 10.40 1.54 317.480
car -1 -1 0.00 0.00 0.00 100.00 100.00 -1000 1.55 3.35 -14.08 -1000 21.32 -0.29 312.478
car -1 -1 0.00 0.00 0.00 100.00 100.00 -1000 2.47 6.97 -16.21 -1000 23.68 1.51 311.919
car -1 -1 0.00 0.00 0.00 100.00 100.00 -1000 1.93 4.65 12.38 -1000 11.34 1.54 294.285
car -1 -1 0.00 0.00 0.00 100.00 100.00 -1000 1.92 5.74 9.82 -1000 17.29 1.59 289.743
car -1 -1 0.00 0.00 0.00 100.00 100.00 -1000 0.93 1.95 7.24 -1000 12.01 -0.23 288.267
car -1 -1 0.00 0.00 0.00 100.00 100.00 -1000 1.98 5.34 4.97 -1000 5.37 1.53 286.574
car -1 -1 0.00 0.00 0.00 100.00 100.00 -1000 1.77 4.33 -15.59 -1000 19.68 1.55 283.631
car -1 -1 0.00 0.00 0.00 100.00 100.00 -1000 1.84 3.88 -18.38 -1000 24.99 1.76 282.337
car -1 -1 0.00 0.00 0.00 100.00 100.00 -1000 1.42 3.21 -14.47 -1000 17.40 1.45 279.858
car -1 -1 0.00 0.00 0.00 100.00 100.00 -1000 2.13 4.95 -1.40 -1000 21.93 1.43 274.029
car -1 -1 0.00 0.00 0.00 100.00 100.00 -1000 1.55 3.95 -6.92 -1000 10.94 1.51 270.452
car -1 -1 0.00 0.00 0.00 100.00 100.00 -1000 1.77 4.30 -10.39 -1000 11.92 1.55 266.116
car -1 -1 0.00 0.00 0.00 100.00 100.00 -1000 0.90 1.95 -7.54 -1000 13.92 -0.27 262.441
car -1 -1 0.00 0.00 0.00 100.00 100.00 -1000 1.73 4.17 8.04 -1000 17.87 1.58 258.538
car -1 -1 0.00 0.00 0.00 100.00 100.00 -1000 1.85 4.40 -13.11 -1000 13.09 1.60 258.170
car -1 -1 0.00 0.00 0.00 100.00 100.00 -1000 1.76 4.25 -18.46 -1000 21.00 1.57 254.947
car -1 -1 0.00 0.00 0.00 100.00 100.00 -1000 2.26 6.30 10.07 -1000 10.12 1.44 244.798
car -1 -1 0.00 0.00 0.00 100.00 100.00 -1000 2.06 6.16 -18.19 -1000 24.41 1.56 244.751
car -1 -1 0.00 0.00 0.00 100.00 100.00 -1000 2.21 6.18 -11.53 -1000 18.39 1.56 244.713
car -1 -1 0.00 0.00 0.00 100.00 100.00 -1000 2.13 6.26 -9.94 -1000 18.93 1.59 244.471
car -1 -1 0.00 0.00 0.00 100.00 100.00 -1000 1.95 6.02 -14.67 -1000 24.62 1.51 241.289
car -1 -1 0.00 0.00 0.00 100.00 100.00 -1000 1.76 4.83 -14.53 -1000 25.47 1.59 241.220
car -1 -1 0.00 0.00 0.00 100.00 100.00 -1000 1.80 4.62 -12.44 -1000 22.27 1.64 237.485
car -1 -1 0.00 0.00 0.00 100.00 100.00 -1000 1.03 2.23 -3.13 -1000 12.09 -0.48 232.560
car -1 -1 0.00 0.00 0.00 100.00 100.00 -1000 2.42 6.29 -3.23 -1000 9.88 1.36 222.859
car -1 -1 0.00 0.00 0.00 100.00 100.00 -1000 1.00 2.55 -7.74 -1000 12.77 -0.15 221.224
car -1 -1 0.00 0.00 0.00 100.00 100.00 -1000 2.01 4.80 14.68 -1000 19.32 1.56 218.183
car -1 -1 0.00 0.00 0.00 100.00 100.00 -1000 1.48 3.82 12.38 -1000 46.46 1.56 216.019
car -1 -1 0.00 0.00 0.00 100.00 100.00 -1000 1.68 3.92 3.54 -1000 40.19 1.49 215.577
car -1 -1 0.00 0.00 0.00 100.00 100.00 -1000 1.63 3.37 -14.69 -1000 16.55 1.35 211.500
car -1 -1 0.00 0.00 0.00 100.00 100.00 -1000 0.89 1.83 -9.32 -1000 13.96 -0.27 211.095
car -1 -1 0.00 0.00 0.00 100.00 100.00 -1000 2.01 5.65 -6.36 -1000 20.57 1.62 208.550
car -1 -1 0.00 0.00 0.00 100.00 100.00 -1000 2.45 7.01 -5.04 -1000 19.65 1.63 208.114
car -1 -1 0.00 0.00 0.00 100.00 100.00 -1000 1.76 4.88 9.66 -1000 19.74 1.63 207.754
car -1 -1 0.00 0.00 0.00 100.00 100.00 -1000 2.01 5.19 6.50 -1000 5.74 1.54 196.899
car -1 -1 0.00 0.00 0.00 100.00 100.00 -1000 1.93 4.76 14.61 -1000 17.74 1.61 195.052
car -1 -1 0.00 0.00 0.00 100.00 100.00 -1000 1.55 3.95 -9.26 -1000 13.62 1.72 194.350
car -1 -1 0.00 0.00 0.00 100.00 100.00 -1000 2.21 7.47 -14.17 -1000 22.82 1.60 193.992
car -1 -1 0.00 0.00 0.00 100.00 100.00 -1000 1.61 3.92 -19.16 -1000 25.59 1.31 193.261
car -1 -1 0.00 0.00 0.00 100.00 100.00 -1000 2.09 5.60 2.79 -1000 6.22 1.50 193.092
car -1 -1 0.00 0.00 0.00 100.00 100.00 -1000 1.73 4.37 -12.15 -1000 20.92 1.64 188.085
car -1 -1 0.00 0.00 0.00 100.00 100.00 -1000 2.45 8.54 0.21 -1000 9.22 1.66 178.036
car -1 -1 0.00 0.00 0.00 100.00 100.00 -1000 1.75 4.56 13.03 -1000 10.19 1.60 174.667
car -1 -1 0.00 0.00 0.00 100.00 100.00 -1000 2.54 9.17 -17.87 -1000 29.24 1.56 163.857
car -1 -1 0.00 0.00 0.00 100.00 100.00 -1000 1.52 3.94 11.37 -1000 11.89 -0.30 156.262
car -1 -1 0.00 0.00 0.00 100.00 100.00 -1000 2.27 6.28 -14.00 -1000 19.21 1.50 154.240
car -1 -1 0.00 0.00 0.00 100.00 100.00 -1000 1.89 4.85 13.82 -1000 10.91 1.68 153.324
car -1 -1 0.00 0.00 0.00 100.00 100.00 -1000 1.87 6.58 11.86 -1000 16.38 1.58 151.636
car -1 -1 0.00 0.00 0.00 100.00 100.00 -1000 1.93 5.15 16.71 -1000 18.94 1.65 151.234
car -1 -1 0.00 0.00 0.00 100.00 100.00 -1000 0.80 1.89 -11.57 -1000 14.40 -0.16 148.156
car -1 -1 0.00 0.00 0.00 100.00 100.00 -1000 1.93 5.20 14.75 -1000 11.72 1.65 142.437
car -1 -1 0.00 0.00 0.00 100.00 100.00 -1000 2.40 7.41 1.53 -1000 21.75 1.36 140.882
car -1 -1 0.00 0.00 0.00 100.00 100.00 -1000 1.58 4.19 -9.21 -1000 11.33 1.43 140.709
car -1 -1 0.00 0.00 0.00 100.00 100.00 -1000 1.08 2.19 3.89 -1000 8.28 -0.35 134.185
car -1 -1 0.00 0.00 0.00 100.00 100.00 -1000 1.78 5.01 -13.08 -1000 27.05 1.69 133.051
car -1 -1 0.00 0.00 0.00 100.00 100.00 -1000 2.16 6.62 8.60 -1000 9.46 1.32 131.792
car -1 -1 0.00 0.00 0.00 100.00 100.00 -1000 1.97 5.25 15.17 -1000 16.94 1.67 131.381
car -1 -1 0.00 0.00 0.00 100.00 100.00 -1000 1.81 4.46 11.72 -1000 9.79 1.61 130.126
car -1 -1 0.00 0.00 0.00 100.00 100.00 -1000 1.99 6.55 -12.93 -1000 23.71 1.52 128.993
car -1 -1 0.00 0.00 0.00 100.00 100.00 -1000 2.08 6.83 9.12 -1000 21.29 1.63 128.624
car -1 -1 0.00 0.00 0.00 100.00 100.00 -1000 1.85 4.99 -13.14 -1000 20.22 1.58 128.497
car -1 -1 0.00 0.00 0.00 100.00 100.00 -1000 2.25 6.50 5.50 -1000 21.79 1.58 123.431
car -1 -1 0.00 0.00 0.00 100.00 100.00 -1000 1.99 6.44 -13.52 -1000 28.60 1.67 121.745
car -1 -1 0.00 0.00 0.00 100.00 100.00 -1000 1.14 2.22 3.40 -1000 12.14 -0.16 120.207
car -1 -1 0.00 0.00 0.00 100.00 100.00 -1000 1.83 4.58 6.94 -1000 4.92 1.56 112.072
car -1 -1 0.00 0.00 0.00 100.00 100.00 -1000 1.78 5.38 10.24 -1000 18.13 1.62 111.411
car -1 -1 0.00 0.00 0.00 100.00 100.00 -1000 0.78 1.76 9.66 -1000 12.43 -0.28 111.352
car -1 -1 0.00 0.00 0.00 100.00 100.00 -1000 1.80 5.55 3.81 -1000 39.13 1.54 110.809
car -1 -1 0.00 0.00 0.00 100.00 100.00 -1000 1.98 4.98 16.63 -1000 17.76 1.61 109.306
car -1 -1 0.00 0.00 0.00 100.00 100.00 -1000 1.59 5.38 14.19 -1000 14.07 1.60 106.358
car -1 -1 0.00 0.00 0.00 100.00 100.00 -1000 2.25 5.76 -14.87 -1000 17.27 1.45 106.206
car -1 -1 0.00 0.00 0.00 100.00 100.00 -1000 1.92 5.49 12.97 -1000 45.71 1.52 106.146
car -1 -1 0.00 0.00 0.00 100.00 100.00 -1000 1.86 6.36 -14.89 -1000 29.28 1.57 105.048
car -1 -1 0.00 0.00 0.00 100.00 100.00 -1000 2.85 9.72 6.88 -1000 8.70 1.29 104.387
car -1 -1 0.00 0.00 0.00 100.00 100.00 -1000 1.09 2.10 6.70 -1000 11.21 -0.32 103.977
car -1 -1 0.00 0.00 0.00 100.00 100.00 -1000 2.30 6.53 -3.20 -1000 20.24 1.45 101.292
car -1 -1 0.00 0.00 0.00 100.00 100.00 -1000 1.72 4.89 8.08 -1000 6.12 1.61 101.231
car -1 -1 0.00 0.00 0.00 100.00 100.00 -1000 1.57 5.85 13.40 -1000 15.66 1.55 99.163
car -1 -1 0.00 0.00 0.00 100.00 100.00 -1000 2.16 6.26 -8.84 -1000 20.64 1.61 98.817
car -1 -1 0.00 0.00 0.00 100.00 100.00 -1000 1.92 4.56 -13.11 -1000 25.87 1.57 97.974
car -1 -1 0.00 0.00 0.00 100.00 100.00 -1000 0.66 1.23 4.96 -1000 12.07 -0.43 90.194
car -1 -1 0.00 0.00 0.00 100.00 100.00 -1000 1.82 4.55 -2.20 -1000 10.88 1.71 89.362
car -1 -1 0.00 0.00 0.00 100.00 100.00 -1000 1.85 5.17 -16.40 -1000 15.24 1.61 89.127
car -1 -1 0.00 0.00 0.00 100.00 100.00 -1000 3.53 9.20 -19.04 -1000 23.31 1.43 89.080
car -1 -1 0.00 0.00 0.00 100.00 100.00 -1000 1.61 3.08 3.68 -1000 41.03 -0.11 87.315
car -1 -1 0.00 0.00 0.00 100.00 100.00 -1000 1.87 5.44 -14.73 -1000 13.68 1.53 86.191
car -1 -1 0.00 0.00 0.00 100.00 100.00 -1000 0.65 1.26 -2.61 -1000 13.38 -0.75 84.991
car -1 -1 0.00 0.00 0.00 100.00 100.00 -1000 1.88 5.39 -6.27 -1000 8.30 1.46 84.349
car -1 -1 0.00 0.00 0.00 100.00 100.00 -1000 1.95 6.34 -11.17 -1000 19.81 1.60 84.259
car -1 -1 0.00 0.00 0.00 100.00 100.00 -1000 0.77 1.70 5.43 -1000 7.74 -0.17 82.531
car -1 -1 0.00 0.00 0.00 100.00 100.00 -1000 0.88 1.76 3.24 -1000 8.79 -0.34 82.282
car -1 -1 0.00 0.00 0.00 100.00 100.00 -1000 2.20 7.93 7.62 -1000 22.14 1.59 81.352
car -1 -1 0.00 0.00 0.00 100.00 100.00 -1000 2.19 7.11 -5.51 -1000 21.51 1.69 80.884
car -1 -1 0.00 0.00 0.00 100.00 100.00 -1000 1.89 4.83 -14.70 -1000 12.79 1.50 80.548
car -1 -1 0.00 0.00 0.00 100.00 100.00 -1000 2.16 5.08 12.45 -1000 47.38 1.61 80.480
car -1 -1 0.00 0.00 0.00 100.00 100.00 -1000 1.79 5.78 8.65 -1000 6.86 1.65 79.107
car -1 -1 0.00 0.00 0.00 100.00 100.00 -1000 1.94 5.49 11.07 -1000 46.04 1.55 79.047
car -1 -1 0.00 0.00 0.00 100.00 100.00 -1000 2.60 7.49 -18.65 -1000 20.35 1.55 77.441
car -1 -1 0.00 0.00 0.00 100.00 100.00 -1000 1.50 5.76 12.79 -1000 17.36 1.54 75.434
car -1 -1 0.00 0.00 0.00 100.00 100.00 -1000 0.74 1.54 5.86 -1000 12.06 -0.35 75.028
car -1 -1 0.00 0.00 0.00 100.00 100.00 -1000 1.56 5.02 1.86 -1000 11.71 1.55 73.186
car -1 -1 0.00 0.00 0.00 100.00 100.00 -1000 2.05 5.56 -13.09 -1000 25.03 1.57 72.758
car -1 -1 0.00 0.00 0.00 100.00 100.00 -1000 1.95 6.26 15.59 -1000 12.52 1.65 72.299
car -1 -1 0.00 0.00 0.00 100.00 100.00 -1000 1.87 5.42 15.30 -1000 20.19 1.57 70.414
car -1 -1 0.00 0.00 0.00 100.00 100.00 -1000 1.20 2.84 -1.69 -1000 15.07 -0.67 70.054
car -1 -1 0.00 0.00 0.00 100.00 100.00 -1000 2.35 6.25 -12.28 -1000 12.21 1.64 69.813
car -1 -1 0.00 0.00 0.00 100.00 100.00 -1000 1.89 5.81 14.73 -1000 46.47 1.66 69.424
car -1 -1 0.00 0.00 0.00 100.00 100.00 -1000 0.80 1.67 8.53 -1000 12.03 -0.28 68.697
car -1 -1 0.00 0.00 0.00 100.00 100.00 -1000 1.75 5.43 8.57 -1000 5.25 1.65 66.728
car -1 -1 0.00 0.00 0.00 100.00 100.00 -1000 2.04 7.37 -15.86 -1000 30.23 1.61 66.030
car -1 -1 0.00 0.00 0.00 100.00 100.00 -1000 1.92 5.48 5.31 -1000 39.59 1.65 65.316
car -1 -1 0.00 0.00 0.00 100.00 100.00 -1000 0.87 1.86 -9.98 -1000 13.28 -0.25 64.996
car -1 -1 0.00 0.00 0.00 100.00 100.00 -1000 1.49 5.24 -12.45 -1000 27.75 1.56 63.502
car -1 -1 0.00 0.00 0.00 100.00 100.00 -1000 1.93 4.87 -7.38 -1000 10.05 1.29 63.227
car -1 -1 0.00 0.00 0.00 100.00 100.00 -1000 1.06 1.91 0.17 -1000 14.58 -0.65 62.222
car -1 -1 0.00 0.00 0.00 100.00 100.00 -1000 1.95 5.24 15.82 -1000 16.08 1.58 60.541
