car -1 -1 0.00 0.00 0.00 100.00 100.00 -1000 1.72 3.89 -16.89 -1000 39.22 1.62 999.447
car -1 -1 0.00 0.00 0.00 100.00 100.00 -1000 1.63 3.74 -17.34 -1000 38.47 -0.29 997.083
car -1 -1 0.00 0.00 0.00 100.00 100.00 -1000 1.68 4.15 6.35 -1000 39.67 1.69 989.752
car -1 -1 0.00 0.00 0.00 100.00 100.00 -1000 1.63 3.94 -16.87 -1000 29.69 -0.21 987.499
car -1 -1 0.00 0.00 0.00 100.00 100.00 -1000 1.57 3.73 -17.07 -1000 30.61 1.69 974.703
car -1 -1 0.00 0.00 0.00 100.00 100.00 -1000 1.64 4.10 8.24 -1000 44.89 1.73 974.419
car -1 -1 0.00 0.00 0.00 100.00 100.00 -1000 1.48 3.73 6.30 -1000 38.64 -0.15 970.698
car -1 -1 0.00 0.00 0.00 100.00 100.00 -1000 1.56 3.80 2.90 -1000 24.64 1.67 961.729
car -1 -1 0.00 0.00 0.00 100.00 100.00 -1000 1.54 3.68 6.08 -1000 24.16 1.68 961.038
car -1 -1 0.00 0.00 0.00 100.00 100.00 -1000 1.54 3.70 -16.19 -1000 31.29 1.67 960.989
car -1 -1 0.00 0.00 0.00 100.00 100.00 -1000 1.63 3.90 -17.89 -1000 39.75 1.65 958.361
car -1 -1 0.00 0.00 0.00 100.00 100.00 -1000 1.60 3.85 -16.56 -1000 40.02 1.66 956.868
car -1 -1 0.00 0.00 0.00 100.00 100.00 -1000 1.74 4.20 -15.65 -1000 32.55 1.62 956.139
car -1 -1 0.00 0.00 0.00 100.00 100.00 -1000 1.56 3.77 6.01 -1000 23.25 -0.23 954.715
car -1 -1 0.00 0.00 0.00 100.00 100.00 -1000 1.77 5.79 -16.37 -1000 37.92 -0.04 952.482
car -1 -1 0.00 0.00 0.00 100.00 100.00 -1000 3.40 12.11 -15.65 -1000 43.44 1.59 948.232
car -1 -1 0.00 0.00 0.00 100.00 100.00 -1000 1.41 3.53 8.03 -1000 29.02 -0.23 945.014
car -1 -1 0.00 0.00 0.00 100.00 100.00 -1000 1.59 3.65 2.69 -1000 33.57 1.61 944.970
car -1 -1 0.00 0.00 0.00 100.00 100.00 -1000 1.77 4.54 -17.20 -1000 44.75 1.65 943.562
car -1 -1 0.00 0.00 0.00 100.00 100.00 -1000 2.00 5.77 7.18 -1000 41.96 1.62 942.986
car -1 -1 0.00 0.00 0.00 100.00 100.00 -1000 2.03 5.73 -15.62 -1000 33.26 1.65 942.115
car -1 -1 0.00 0.00 0.00 100.00 100.00 -1000 1.56 3.65 2.80 -1000 23.70 -0.24 939.065
car -1 -1 0.00 0.00 0.00 100.00 100.00 -1000 1.55 3.73 7.63 -1000 30.17 1.64 937.280
car -1 -1 0.00 0.00 0.00 100.00 100.00 -1000 1.73 4.41 7.79 -1000 43.39 -0.39 936.926
car -1 -1 0.00 0.00 0.00 100.00 100.00 -1000 1.67 4.25 8.42 -1000 18.91 1.73 927.835
car -1 -1 0.00 0.00 0.00 100.00 100.00 -1000 1.70 4.31 -15.42 -1000 30.61 1.70 926.703
car -1 -1 0.00 0.00 0.00 100.00 100.00 -1000 1.64 3.91 -17.82 -1000 31.28 1.64 921.606
car -1 -1 0.00 0.00 0.00 100.00 100.00 -1000 1.43 3.42 2.73 -1000 27.79 -0.20 915.808
car -1 -1 0.00 0.00 0.00 100.00 100.00 -1000 1.67 3.95 5.07 -1000 16.20 1.71 911.998
car -1 -1 0.00 0.00 0.00 100.00 100.00 -1000 1.63 3.88 7.63 -1000 39.22 1.74 910.481
car -1 -1 0.00 0.00 0.00 100.00 100.00 -1000 1.37 3.73 7.23 -1000 38.21 -0.14 909.901
car -1 -1 0.00 0.00 0.00 100.00 100.00 -1000 2.11 6.14 -17.09 -1000 43.56 1.57 908.646
car -1 -1 0.00 0.00 0.00 100.00 100.00 -1000 2.11 6.56 -13.78 -1000 41.08 1.60 906.053
car -1 -1 0.00 0.00 0.00 100.00 100.00 -1000 1.62 3.88 3.05 -1000 28.70 1.62 900.647
car -1 -1 0.00 0.00 0.00 100.00 100.00 -1000 1.57 3.75 4.61 -1000 24.57 1.71 898.458
car -1 -1 0.00 0.00 0.00 100.00 100.00 -1000 1.71 4.35 6.64 -1000 40.47 1.66 892.872
car -1 -1 0.00 0.00 0.00 100.00 100.00 -1000 1.55 3.54 -18.52 -1000 38.81 1.61 889.705
car -1 -1 0.00 0.00 0.00 100.00 100.00 -1000 1.35 3.26 2.80 -1000 32.58 -0.21 880.860
car -1 -1 0.00 0.00 0.00 100.00 100.00 -1000 2.49 7.21 3.37 -1000 43.30 1.61 878.464
car -1 -1 0.00 0.00 0.00 100.00 100.00 -1000 2.09 5.76 13.04 -1000 46.15 1.64 869.448
car -1 -1 0.00 0.00 0.00 100.00 100.00 -1000 1.55 3.85 -15.21 -1000 40.49 1.66 863.451
car -1 -1 0.00 0.00 0.00 100.00 100.00 -1000 2.03 5.40 -18.75 -1000 33.69 1.67 862.752
car -1 -1 0.00 0.00 0.00 100.00 100.00 -1000 1.75 4.49 0.28 -1000 44.03 1.61 861.016
car -1 -1 0.00 0.00 0.00 100.00 100.00 -1000 1.55 3.46 8.49 -1000 34.23 1.62 859.457
car -1 -1 0.00 0.00 0.00 100.00 100.00 -1000 1.55 3.88 5.57 -1000 20.68 -0.23 859.228
car -1 -1 0.00 0.00 0.00 100.00 100.00 -1000 1.52 3.58 8.22 -1000 17.73 1.64 857.565
car -1 -1 0.00 0.00 0.00 100.00 100.00 -1000 1.83 5.20 8.08 -1000 41.08 1.69 853.788
car -1 -1 0.00 0.00 0.00 100.00 100.00 -1000 1.74 4.15 -14.97 -1000 39.65 1.70 852.011
car -1 -1 0.00 0.00 0.00 100.00 100.00 -1000 1.65 4.05 -1.86 -1000 44.69 1.65 850.735
car -1 -1 0.00 0.00 0.00 100.00 100.00 -1000 1.65 4.05 4.71 -1000 28.49 1.65 846.627
car -1 -1 0.00 0.00 0.00 100.00 100.00 -1000 2.65 9.37 -15.38 -1000 42.21 1.53 845.728
car -1 -1 0.00 0.00 0.00 100.00 100.00 -1000 1.81 4.68 2.14 -1000 43.83 1.67 845.416
car -1 -1 0.00 0.00 0.00 100.00 100.00 -1000 1.89 5.28 -12.67 -1000 40.31 1.64 839.253
car -1 -1 0.00 0.00 0.00 100.00 100.00 -1000 1.59 3.52 13.54 -1000 42.40 1.62 837.408
car -1 -1 0.00 0.00 0.00 100.00 100.00 -1000 1.60 4.00 3.71 -1000 25.17 1.68 830.777
car -1 -1 0.00 0.00 0.00 100.00 100.00 -1000 1.54 3.41 8.37 -1000 44.15 1.69 822.936
car -1 -1 0.00 0.00 0.00 100.00 100.00 -1000 1.91 5.81 -13.55 -1000 33.87 1.68 818.471
car -1 -1 0.00 0.00 0.00 100.00 100.00 -1000 1.66 3.94 4.86 -1000 23.62 0.01 813.066
car -1 -1 0.00 0.00 0.00 100.00 100.00 -1000 1.55 3.60 -18.66 -1000 30.30 1.60 804.508
car -1 -1 0.00 0.00 0.00 100.00 100.00 -1000 1.62 3.93 8.06 -1000 30.89 1.71 796.073
car -1 -1 0.00 0.00 0.00 100.00 100.00 -1000 1.48 3.40 -15.66 -1000 45.40 1.65 795.640
car -1 -1 0.00 0.00 0.00 100.00 100.00 -1000 1.71 4.00 -17.94 -1000 33.04 1.69 788.529
car -1 -1 0.00 0.00 0.00 100.00 100.00 -1000 1.42 3.09 4.96 -1000 39.27 1.60 786.450
car -1 -1 0.00 0.00 0.00 100.00 100.00 -1000 1.86 4.84 -14.24 -1000 31.89 1.69 781.789
car -1 -1 0.00 0.00 0.00 100.00 100.00 -1000 1.74 4.09 5.99 -1000 25.24 1.67 781.033
car -1 -1 0.00 0.00 0.00 100.00 100.00 -1000 1.77 4.37 8.54 -1000 42.66 1.59 779.848
car -1 -1 0.00 0.00 0.00 100.00 100.00 -1000 1.79 4.30 5.25 -1000 26.65 1.57 777.614
car -1 -1 0.00 0.00 0.00 100.00 100.00 -1000 2.38 7.74 -14.45 -1000 44.11 1.65 777.004
car -1 -1 0.00 0.00 0.00 100.00 100.00 -1000 1.52 3.77 6.01 -1000 22.07 1.60 774.042
car -1 -1 0.00 0.00 0.00 100.00 100.00 -1000 1.57 3.81 2.99 -1000 34.44 1.70 761.594
car -1 -1 0.00 0.00 0.00 100.00 100.00 -1000 1.72 4.25 9.35 -1000 45.49 1.65 751.767
car -1 -1 0.00 0.00 0.00 100.00 100.00 -1000 2.07 5.20 11.96 -1000 46.78 1.60 746.513
car -1 -1 0.00 0.00 0.00 100.00 100.00 -1000 1.18 2.67 -13.67 -1000 47.16 -0.11 744.219
car -1 -1 0.00 0.00 0.00 100.00 100.00 -1000 1.93 5.11 -14.76 -1000 44.76 1.69 743.859
car -1 -1 0.00 0.00 0.00 100.00 100.00 -1000 1.83 4.38 -17.47 -1000 32.30 1.69 741.326
car -1 -1 0.00 0.00 0.00 100.00 100.00 -1000 1.64 3.45 14.34 -1000 41.90 1.67 739.511
car -1 -1 0.00 0.00 0.00 100.00 100.00 -1000 1.65 4.13 13.43 -1000 43.45 1.62 738.921
car -1 -1 0.00 0.00 0.00 100.00 100.00 -1000 2.06 5.39 9.50 -1000 46.63 1.65 723.830
car -1 -1 0.00 0.00 0.00 100.00 100.00 -1000 1.47 3.76 2.58 -1000 3.43 -0.28 723.682
car -1 -1 0.00 0.00 0.00 100.00 100.00 -1000 1.46 3.52 8.46 -1000 33.01 -0.33 716.955
car -1 -1 0.00 0.00 0.00 100.00 100.00 -1000 1.71 4.14 6.19 -1000 16.85 1.70 715.667
car -1 -1 0.00 0.00 0.00 100.00 100.00 -1000 1.57 3.64 7.25 -1000 19.35 1.56 714.738
car -1 -1 0.00 0.00 0.00 100.00 100.00 -1000 1.80 4.50 0.70 -1000 43.25 1.63 712.760
car -1 -1 0.00 0.00 0.00 100.00 100.00 -1000 1.81 4.30 4.88 -1000 27.47 -0.13 712.655
car -1 -1 0.00 0.00 0.00 100.00 100.00 -1000 1.62 3.68 12.35 -1000 44.17 1.64 706.607
car -1 -1 0.00 0.00 0.00 100.00 100.00 -1000 1.71 4.00 2.64 -1000 12.11 1.70 702.927
car -1 -1 0.00 0.00 0.00 100.00 100.00 -1000 1.50 3.51 6.15 -1000 28.91 1.71 702.862
car -1 -1 0.00 0.00 0.00 100.00 100.00 -1000 2.13 6.33 -12.18 -1000 33.35 1.74 697.787
car -1 -1 0.00 0.00 0.00 100.00 100.00 -1000 1.72 4.35 -1.39 -1000 43.61 1.62 697.655
car -1 -1 0.00 0.00 0.00 100.00 100.00 -1000 1.83 4.41 -18.83 -1000 34.52 1.66 682.549
car -1 -1 0.00 0.00 0.00 100.00 100.00 -1000 1.56 3.49 -18.38 -1000 29.19 -0.14 677.135
car -1 -1 0.00 0.00 0.00 100.00 100.00 -1000 2.35 7.41 -18.19 -1000 42.80 1.54 669.138
car -1 -1 0.00 0.00 0.00 100.00 100.00 -1000 1.40 3.47 2.76 -1000 11.26 -0.17 656.087
car -1 -1 0.00 0.00 0.00 100.00 100.00 -1000 2.18 6.37 6.27 -1000 42.79 1.60 655.066
car -1 -1 0.00 0.00 0.00 100.00 100.00 -1000 1.61 3.83 7.17 -1000 29.49 1.67 650.865
car -1 -1 0.00 0.00 0.00 100.00 100.00 -1000 1.85 4.71 -13.14 -1000 46.38 1.63 642.989
car -1 -1 0.00 0.00 0.00 100.00 100.00 -1000 1.62 3.58 -14.34 -1000 45.59 1.65 642.165
car -1 -1 0.00 0.00 0.00 100.00 100.00 -1000 1.75 4.43 -14.17 -1000 30.02 1.73 638.934
car -1 -1 0.00 0.00 0.00 100.00 100.00 -1000 1.90 4.78 13.01 -1000 45.02 1.65 634.078
car -1 -1 0.00 0.00 0.00 100.00 100.00 -1000 1.79 4.50 0.22 -1000 38.79 1.64 630.351
car -1 -1 0.00 0.00 0.00 100.00 100.00 -1000 1.58 3.82 7.50 -1000 24.39 1.71 629.165
car -1 -1 0.00 0.00 0.00 100.00 100.00 -1000 1.67 4.78 -8.34 -1000 43.51 1.63 625.401
car -1 -1 0.00 0.00 0.00 100.00 100.00 -1000 1.59 4.15 17.11 -1000 47.19 -0.19 625.336
car -1 -1 0.00 0.00 0.00 100.00 100.00 -1000 1.68 3.74 8.11 -1000 31.89 1.71 623.805
car -1 -1 0.00 0.00 0.00 100.00 100.00 -1000 1.68 4.11 9.35 -1000 30.24 1.73 621.401
car -1 -1 0.00 0.00 0.00 100.00 100.00 -1000 2.57 8.12 4.70 -1000 41.91 1.69 620.206
car -1 -1 0.00 0.00 0.00 100.00 100.00 -1000 1.67 3.96 2.58 -1000 4.40 1.64 617.901
car -1 -1 0.00 0.00 0.00 100.00 100.00 -1000 1.62 3.93 14.79 -1000 43.02 1.66 612.278
car -1 -1 0.00 0.00 0.00 100.00 100.00 -1000 2.26 7.53 -16.83 -1000 41.43 1.54 608.544
car -1 -1 0.00 0.00 0.00 100.00 100.00 -1000 1.66 3.85 16.18 -1000 38.75 1.64 607.531
car -1 -1 0.00 0.00 0.00 100.00 100.00 -1000 2.54 8.27 9.82 -1000 47.62 1.64 607.199
car -1 -1 0.00 0.00 0.00 100.00 100.00 -1000 1.60 4.18 -3.23 -1000 45.06 1.58 602.521
car -1 -1 0.00 0.00 0.00 100.00 100.00 -1000 1.52 3.21 -18.32 -1000 38.04 1.52 600.724
car -1 -1 0.00 0.00 0.00 100.00 100.00 -1000 1.76 4.87 -10.76 -1000 39.66 1.68 596.118
car -1 -1 0.00 0.00 0.00 100.00 100.00 -1000 1.79 4.35 16.22 -1000 39.74 1.65 596.041
car -1 -1 0.00 0.00 0.00 100.00 100.00 -1000 1.72 3.98 8.70 -1000 35.01 1.63 595.631
car -1 -1 0.00 0.00 0.00 100.00 100.00 -1000 1.96 5.97 -11.92 -1000 32.26 1.73 589.674
car -1 -1 0.00 0.00 0.00 100.00 100.00 -1000 1.50 4.47 -16.20 -1000 29.01 0.09 560.426
car -1 -1 0.00 0.00 0.00 100.00 100.00 -1000 1.84 4.86 4.53 -1000 29.28 1.79 559.027
car -1 -1 0.00 0.00 0.00 100.00 100.00 -1000 1.87 4.69 1.82 -1000 34.85 1.65 557.730
car -1 -1 0.00 0.00 0.00 100.00 100.00 -1000 1.60 3.55 6.77 -1000 22.63 1.61 557.644
car -1 -1 0.00 0.00 0.00 100.00 100.00 -1000 1.79 5.28 -9.16 -1000 44.30 1.64 555.735
car -1 -1 0.00 0.00 0.00 100.00 100.00 -1000 1.48 3.39 11.75 -1000 40.09 1.59 555.369
car -1 -1 0.00 0.00 0.00 100.00 100.00 -1000 1.77 4.25 -7.16 -1000 42.75 1.56 555.258
car -1 -1 0.00 0.00 0.00 100.00 100.00 -1000 1.54 3.73 6.94 -1000 28.22 1.66 553.711
car -1 -1 0.00 0.00 0.00 100.00 100.00 -1000 1.69 4.18 9.46 -1000 18.27 1.75 549.229
car -1 -1 0.00 0.00 0.00 100.00 100.00 -1000 1.90 4.54 13.94 -1000 44.37 1.65 548.465
car -1 -1 0.00 0.00 0.00 100.00 100.00 -1000 1.80 4.56 -14.49 -1000 38.41 1.66 548.082
car -1 -1 0.00 0.00 0.00 100.00 100.00 -1000 1.54 3.53 2.59 -1000 38.75 1.68 545.293
car -1 -1 0.00 0.00 0.00 100.00 100.00 -1000 1.59 3.44 13.71 -1000 41.29 1.60 544.322
car -1 -1 0.00 0.00 0.00 100.00 100.00 -1000 1.67 3.80 -15.48 -1000 37.04 1.58 543.671
car -1 -1 0.00 0.00 0.00 100.00 100.00 -1000 1.73 4.52 -13.19 -1000 31.10 1.69 542.674
car -1 -1 0.00 0.00 0.00 100.00 100.00 -1000 1.89 4.74 -17.47 -1000 40.65 1.62 540.684
car -1 -1 0.00 0.00 0.00 100.00 100.00 -1000 1.71 3.90 8.31 -1000 40.17 1.60 531.197
car -1 -1 0.00 0.00 0.00 100.00 100.00 -1000 1.84 5.21 9.17 -1000 41.73 1.66 530.569
car -1 -1 0.00 0.00 0.00 100.00 100.00 -1000 1.63 4.27 7.79 -1000 16.65 1.70 530.325
car -1 -1 0.00 0.00 0.00 100.00 100.00 -1000 1.67 4.68 -11.36 -1000 15.72 1.63 530.181
car -1 -1 0.00 0.00 0.00 100.00 100.00 -1000 1.68 3.93 -3.90 -1000 46.28 1.65 527.474
car -1 -1 0.00 0.00 0.00 100.00 100.00 -1000 1.57 3.33 12.66 -1000 41.68 1.64 525.059
car -1 -1 0.00 0.00 0.00 100.00 100.00 -1000 1.37 3.53 17.24 -1000 40.61 -0.10 524.307
car -1 -1 0.00 0.00 0.00 100.00 100.00 -1000 1.57 3.34 7.39 -1000 33.90 1.60 523.175
car -1 -1 0.00 0.00 0.00 100.00 100.00 -1000 1.71 4.40 6.80 -1000 32.18 1.61 522.959
car -1 -1 0.00 0.00 0.00 100.00 100.00 -1000 1.39 3.37 6.47 -1000 20.02 0.00 522.678
car -1 -1 0.00 0.00 0.00 100.00 100.00 -1000 1.85 4.81 -12.92 -1000 45.28 1.66 511.530
car -1 -1 0.00 0.00 0.00 100.00 100.00 -1000 1.70 4.12 -1.73 -1000 39.81 1.61 504.294
car -1 -1 0.00 0.00 0.00 100.00 100.00 -1000 1.92 5.34 10.02 -1000 25.65 1.70 500.433
car -1 -1 0.00 0.00 0.00 100.00 100.00 -1000 1.86 5.31 -12.97 -1000 39.30 1.71 500.048
car -1 -1 0.00 0.00 0.00 100.00 100.00 -1000 1.78 4.77 -11.88 -1000 41.27 1.69 497.336
car -1 -1 0.00 0.00 0.00 100.00 100.00 -1000 1.40 3.70 5.39 -1000 15.25 -0.23 492.033
car -1 -1 0.00 0.00 0.00 100.00 100.00 -1000 1.75 4.12 7.42 -1000 23.54 1.69 489.483
car -1 -1 0.00 0.00 0.00 100.00 100.00 -1000 1.79 4.17 0.05 -1000 35.23 1.64 487.275
car -1 -1 0.00 0.00 0.00 100.00 100.00 -1000 1.60 3.82 4.46 -1000 22.64 1.71 486.995
car -1 -1 0.00 0.00 0.00 100.00 100.00 -1000 1.63 3.45 12.38 -1000 42.67 1.58 485.400
car -1 -1 0.00 0.00 0.00 100.00 100.00 -1000 1.92 5.18 2.73 -1000 42.09 1.70 482.816
car -1 -1 0.00 0.00 0.00 100.00 100.00 -1000 1.89 5.19 -10.38 -1000 44.85 1.62 480.632
car -1 -1 0.00 0.00 0.00 100.00 100.00 -1000 1.71 3.78 6.88 -1000 34.61 1.60 478.958
car -1 -1 0.00 0.00 0.00 100.00 100.00 -1000 1.78 4.65 4.70 -1000 33.41 1.74 477.709
car -1 -1 0.00 0.00 0.00 100.00 100.00 -1000 1.75 4.71 6.75 -1000 25.88 1.66 474.674
car -1 -1 0.00 0.00 0.00 100.00 100.00 -1000 1.91 4.90 14.19 -1000 45.56 1.63 472.532
car -1 -1 0.00 0.00 0.00 100.00 100.00 -1000 1.77 4.63 -11.53 -1000 14.50 1.76 467.837
car -1 -1 0.00 0.00 0.00 100.00 100.00 -1000 2.04 5.99 4.68 -1000 40.89 1.73 464.904
car -1 -1 0.00 0.00 0.00 100.00 100.00 -1000 1.70 4.81 -5.49 -1000 46.65 1.58 461.622
car -1 -1 0.00 0.00 0.00 100.00 100.00 -1000 1.84 4.40 12.57 -1000 47.68 1.62 461.560
car -1 -1 0.00 0.00 0.00 100.00 100.00 -1000 1.74 4.08 6.62 -1000 44.14 1.61 459.461
car -1 -1 0.00 0.00 0.00 100.00 100.00 -1000 1.56 3.52 8.86 -1000 38.65 1.66 455.591
car -1 -1 0.00 0.00 0.00 100.00 100.00 -1000 1.67 3.90 -2.75 -1000 44.11 1.64 453.696
car -1 -1 0.00 0.00 0.00 100.00 100.00 -1000 1.67 3.83 15.60 -1000 42.37 1.68 453.474
car -1 -1 0.00 0.00 0.00 100.00 100.00 -1000 1.66 4.00 7.59 -1000 45.51 1.65 452.927
car -1 -1 0.00 0.00 0.00 100.00 100.00 -1000 1.58 3.47 14.47 -1000 36.57 1.64 451.794
car -1 -1 0.00 0.00 0.00 100.00 100.00 -1000 1.78 4.16 -18.77 -1000 31.94 1.64 446.025
car -1 -1 0.00 0.00 0.00 100.00 100.00 -1000 1.75 4.03 15.37 -1000 41.18 1.66 444.906
car -1 -1 0.00 0.00 0.00 100.00 100.00 -1000 1.64 3.48 12.45 -1000 40.73 1.64 442.886
car -1 -1 0.00 0.00 0.00 100.00 100.00 -1000 1.87 4.77 9.50 -1000 19.76 1.65 439.273
car -1 -1 0.00 0.00 0.00 100.00 100.00 -1000 1.51 3.70 6.37 -1000 21.29 1.71 431.210
car -1 -1 0.00 0.00 0.00 100.00 100.00 -1000 1.85 4.70 -14.14 -1000 29.13 1.67 430.979
car -1 -1 0.00 0.00 0.00 100.00 100.00 -1000 1.75 4.36 -4.41 -1000 45.55 1.57 428.661
car -1 -1 0.00 0.00 0.00 100.00 100.00 -1000 1.64 4.14 14.72 -1000 35.49 1.64 428.593
car -1 -1 0.00 0.00 0.00 100.00 100.00 -1000 1.66 3.92 3.51 -1000 27.05 1.53 427.961
car -1 -1 0.00 0.00 0.00 100.00 100.00 -1000 2.28 7.33 -12.80 -1000 42.78 1.59 418.833
car -1 -1 0.00 0.00 0.00 100.00 100.00 -1000 1.52 3.68 6.31 -1000 27.19 -0.09 418.110
car -1 -1 0.00 0.00 0.00 100.00 100.00 -1000 1.62 3.85 -0.14 -1000 39.64 1.64 417.738
car -1 -1 0.00 0.00 0.00 100.00 100.00 -1000 1.33 3.21 16.27 -1000 46.71 -0.22 408.479
car -1 -1 0.00 0.00 0.00 100.00 100.00 -1000 1.63 4.21 4.78 -1000 39.89 1.59 408.179
car -1 -1 0.00 0.00 0.00 100.00 100.00 -1000 1.74 4.46 4.23 -1000 26.07 1.64 403.531
car -1 -1 0.00 0.00 0.00 100.00 100.00 -1000 1.70 4.67 18.57 -1000 47.89 -0.21 403.012
car -1 -1 0.00 0.00 0.00 100.00 100.00 -1000 1.45 3.52 8.60 -1000 28.27 1.55 401.810
car -1 -1 0.00 0.00 0.00 100.00 100.00 -1000 1.68 4.56 1.80 -1000 29.24 1.66 401.010
car -1 -1 0.00 0.00 0.00 100.00 100.00 -1000 1.69 3.77 1.48 -1000 39.38 1.61 395.843
car -1 -1 0.00 0.00 0.00 100.00 100.00 -1000 1.74 4.06 4.69 -1000 17.04 1.63 394.227
car -1 -1 0.00 0.00 0.00 100.00 100.00 -1000 1.74 4.45 -16.97 -1000 45.64 1.70 392.978
car -1 -1 0.00 0.00 0.00 100.00 100.00 -1000 1.96 4.68 14.18 -1000 46.78 1.63 390.543
car -1 -1 0.00 0.00 0.00 100.00 100.00 -1000 1.72 4.16 -18.52 -1000 44.26 1.58 389.293
car -1 -1 0.00 0.00 0.00 100.00 100.00 -1000 1.68 4.34 -12.71 -1000 38.27 1.70 389.149
car -1 -1 0.00 0.00 0.00 100.00 100.00 -1000 1.92 4.82 -8.97 -1000 39.51 1.63 385.544
car -1 -1 0.00 0.00 0.00 100.00 100.00 -1000 1.58 3.89 8.56 -1000 37.01 1.59 383.204
car -1 -1 0.00 0.00 0.00 100.00 100.00 -1000 1.96 5.27 -12.82 -1000 35.95 1.64 382.283
car -1 -1 0.00 0.00 0.00 100.00 100.00 -1000 1.63 4.30 11.49 -1000 41.32 1.63 379.766
car -1 -1 0.00 0.00 0.00 100.00 100.00 -1000 1.60 3.86 9.15 -1000 39.62 1.68 379.454
car -1 -1 0.00 0.00 0.00 100.00 100.00 -1000 1.97 4.83 14.66 -1000 47.64 1.63 377.547
car -1 -1 0.00 0.00 0.00 100.00 100.00 -1000 1.43 3.08 -14.81 -1000 46.36 1.46 371.882
car -1 -1 0.00 0.00 0.00 100.00 100.00 -1000 1.71 5.04 -8.31 -1000 38.74 1.61 370.942
car -1 -1 0.00 0.00 0.00 100.00 100.00 -1000 1.92 4.55 -6.22 -1000 41.89 1.57 370.424
car -1 -1 0.00 0.00 0.00 100.00 100.00 -1000 1.85 4.74 -11.09 -1000 45.61 1.69 370.126
car -1 -1 0.00 0.00 0.00 100.00 100.00 -1000 1.40 3.96 15.82 -1000 37.74 -0.05 368.979
car -1 -1 0.00 0.00 0.00 100.00 100.00 -1000 2.33 6.83 -12.95 -1000 35.17 1.72 368.956
car -1 -1 0.00 0.00 0.00 100.00 100.00 -1000 1.60 4.23 15.56 -1000 45.99 1.65 367.822
car -1 -1 0.00 0.00 0.00 100.00 100.00 -1000 1.68 4.35 10.61 -1000 44.39 1.65 366.600
car -1 -1 0.00 0.00 0.00 100.00 100.00 -1000 1.43 2.93 2.33 -1000 2.76 1.62 363.533
car -1 -1 0.00 0.00 0.00 100.00 100.00 -1000 1.91 5.11 2.56 -1000 25.69 1.71 361.403
car -1 -1 0.00 0.00 0.00 100.00 100.00 -1000 1.73 3.65 5.48 -1000 38.07 1.44 360.513
car -1 -1 0.00 0.00 0.00 100.00 100.00 -1000 1.90 5.34 6.99 -1000 16.00 1.73 357.182
car -1 -1 0.00 0.00 0.00 100.00 100.00 -1000 2.59 6.45 6.73 -1000 35.18 1.45 354.999
car -1 -1 0.00 0.00 0.00 100.00 100.00 -1000 1.50 3.76 9.93 -1000 33.65 -0.14 353.420
car -1 -1 0.00 0.00 0.00 100.00 100.00 -1000 1.53 3.40 3.99 -1000 15.54 1.61 352.696
car -1 -1 0.00 0.00 0.00 100.00 100.00 -1000 1.63 4.23 5.73 -1000 30.53 1.59 352.580
car -1 -1 0.00 0.00 0.00 100.00 100.00 -1000 1.36 3.05 17.93 -1000 21.29 -0.14 349.501
car -1 -1 0.00 0.00 0.00 100.00 100.00 -1000 1.73 4.50 -1.64 -1000 38.71 1.65 344.248
car -1 -1 0.00 0.00 0.00 100.00 100.00 -1000 1.82 4.55 10.26 -1000 31.00 1.68 343.799
car -1 -1 0.00 0.00 0.00 100.00 100.00 -1000 1.74 4.68 -0.77 -1000 42.91 1.62 338.038
car -1 -1 0.00 0.00 0.00 100.00 100.00 -1000 1.88 4.90 4.51 -1000 32.28 1.66 337.492
car -1 -1 0.00 0.00 0.00 100.00 100.00 -1000 1.88 4.31 14.21 -1000 40.36 1.62 331.958
car -1 -1 0.00 0.00 0.00 100.00 100.00 -1000 1.98 5.42 -11.47 -1000 34.15 1.65 330.927
car -1 -1 0.00 0.00 0.00 100.00 100.00 -1000 1.75 4.72 10.63 -1000 29.85 1.75 330.075
car -1 -1 0.00 0.00 0.00 100.00 100.00 -1000 1.69 4.27 6.47 -1000 45.09 1.61 328.387
car -1 -1 0.00 0.00 0.00 100.00 100.00 -1000 1.79 4.45 -10.80 -1000 40.69 1.66 326.570
car -1 -1 0.00 0.00 0.00 100.00 100.00 -1000 1.88 4.66 17.40 -1000 41.43 1.66 325.184
car -1 -1 0.00 0.00 0.00 100.00 100.00 -1000 1.19 3.14 8.24 -1000 37.75 -0.07 324.040
car -1 -1 0.00 0.00 0.00 100.00 100.00 -1000 1.90 4.47 -3.19 -1000 40.24 1.56 322.610
car -1 -1 0.00 0.00 0.00 100.00 100.00 -1000 1.39 3.58 9.16 -1000 43.59 0.18 322.101
car -1 -1 0.00 0.00 0.00 100.00 100.00 -1000 1.52 3.70 11.62 -1000 43.32 1.61 316.349
car -1 -1 0.00 0.00 0.00 100.00 100.00 -1000 1.57 3.89 3.48 -1000 31.39 1.65 313.474
car -1 -1 0.00 0.00 0.00 100.00 100.00 -1000 2.28 7.03 -14.61 -1000 34.56 1.65 311.101
car -1 -1 0.00 0.00 0.00 100.00 100.00 -1000 1.79 4.44 9.20 -1000 24.84 1.68 310.809
car -1 -1 0.00 0.00 0.00 100.00 100.00 -1000 1.87 4.58 -19.15 -1000 24.12 1.63 302.616
car -1 -1 0.00 0.00 0.00 100.00 100.00 -1000 1.92 4.94 9.74 -1000 31.97 1.65 299.086
car -1 -1 0.00 0.00 0.00 100.00 100.00 -1000 1.89 4.63 -7.02 -1000 38.32 1.65 297.990
car -1 -1 0.00 0.00 0.00 100.00 100.00 -1000 1.86 5.06 10.46 -1000 24.19 1.74 294.169
car -1 -1 0.00 0.00 0.00 100.00 100.00 -1000 1.40 3.13 1.42 -1000 32.24 1.58 289.478
car -1 -1 0.00 0.00 0.00 100.00 100.00 -1000 1.55 4.12 18.62 -1000 29.21 0.08 288.681
car -1 -1 0.00 0.00 0.00 100.00 100.00 -1000 1.41 3.83 18.55 -1000 46.73 1.57 286.572
car -1 -1 0.00 0.00 0.00 100.00 100.00 -1000 1.74 4.74 19.23 -1000 23.00 -0.07 282.920
car -1 -1 0.00 0.00 0.00 100.00 100.00 -1000 1.70 4.27 -9.74 -1000 40.16 1.65 280.806
car -1 -1 0.00 0.00 0.00 100.00 100.00 -1000 1.79 4.87 -11.54 -1000 31.48 1.66 277.251
car -1 -1 0.00 0.00 0.00 100.00 100.00 -1000 1.71 4.17 6.22 -1000 31.34 1.54 276.278
car -1 -1 0.00 0.00 0.00 100.00 100.00 -1000 1.79 4.83 5.99 -1000 32.91 1.69 273.857
car -1 -1 0.00 0.00 0.00 100.00 100.00 -1000 2.02 5.05 10.50 -1000 20.48 1.75 269.078
car -1 -1 0.00 0.00 0.00 100.00 100.00 -1000 1.72 4.89 11.61 -1000 33.82 1.69 269.060
car -1 -1 0.00 0.00 0.00 100.00 100.00 -1000 1.92 5.40 18.80 -1000 22.16 1.70 266.989
car -1 -1 0.00 0.00 0.00 100.00 100.00 -1000 1.80 4.11 8.34 -1000 20.55 1.65 262.707
car -1 -1 0.00 0.00 0.00 100.00 100.00 -1000 1.92 4.84 9.95 -1000 29.08 1.69 262.690
