car -1 -1 0.00 0.00 0.00 100.00 100.00 -1000 1.70 4.06 -5.81 -1000 16.12 1.64 999.479
car -1 -1 0.00 0.00 0.00 100.00 100.00 -1000 1.64 3.87 -5.60 -1000 17.27 1.64 999.231
car -1 -1 0.00 0.00 0.00 100.00 100.00 -1000 1.58 3.55 -5.20 -1000 18.43 1.62 996.298
car -1 -1 0.00 0.00 0.00 100.00 100.00 -1000 1.52 3.62 6.53 -1000 21.71 -0.24 993.853
car -1 -1 0.00 0.00 0.00 100.00 100.00 -1000 1.55 3.52 -1.91 -1000 41.04 1.63 987.906
car -1 -1 0.00 0.00 0.00 100.00 100.00 -1000 1.64 3.84 3.57 -1000 40.45 1.59 985.248
car -1 -1 0.00 0.00 0.00 100.00 100.00 -1000 1.32 3.76 7.39 -1000 13.25 -0.16 985.028
car -1 -1 0.00 0.00 0.00 100.00 100.00 -1000 1.56 3.48 -5.76 -1000 15.33 -0.27 983.745
car -1 -1 0.00 0.00 0.00 100.00 100.00 -1000 1.59 3.61 3.32 -1000 27.11 1.59 981.643
car -1 -1 0.00 0.00 0.00 100.00 100.00 -1000 1.28 3.70 -1.00 -1000 39.55 -0.15 980.892
car -1 -1 0.00 0.00 0.00 100.00 100.00 -1000 1.69 4.12 1.63 -1000 40.38 1.61 977.788
car -1 -1 0.00 0.00 0.00 100.00 100.00 -1000 1.64 3.77 -3.06 -1000 40.50 1.62 975.669
car -1 -1 0.00 0.00 0.00 100.00 100.00 -1000 1.62 3.86 -4.48 -1000 40.72 1.60 967.646
car -1 -1 0.00 0.00 0.00 100.00 100.00 -1000 1.49 3.29 -1.30 -1000 40.44 1.61 967.390
car -1 -1 0.00 0.00 0.00 100.00 100.00 -1000 1.49 3.18 6.19 -1000 35.99 1.60 965.109
car -1 -1 0.00 0.00 0.00 100.00 100.00 -1000 1.66 3.92 2.37 -1000 39.59 -0.14 962.448
car -1 -1 0.00 0.00 0.00 100.00 100.00 -1000 1.56 3.64 2.62 -1000 40.89 1.64 954.993
car -1 -1 0.00 0.00 0.00 100.00 100.00 -1000 1.48 3.30 0.37 -1000 40.73 1.63 951.943
car -1 -1 0.00 0.00 0.00 100.00 100.00 -1000 1.52 3.49 -0.76 -1000 42.32 1.60 948.985
car -1 -1 0.00 0.00 0.00 100.00 100.00 -1000 1.69 4.07 -4.98 -1000 19.55 1.70 944.383
car -1 -1 0.00 0.00 0.00 100.00 100.00 -1000 1.50 3.34 -13.77 -1000 44.61 -0.19 939.102
car -1 -1 0.00 0.00 0.00 100.00 100.00 -1000 2.36 7.04 0.18 -1000 46.37 1.61 938.983
car -1 -1 0.00 0.00 0.00 100.00 100.00 -1000 1.53 3.51 -0.96 -1000 41.45 1.63 934.349
car -1 -1 0.00 0.00 0.00 100.00 100.00 -1000 1.53 3.36 7.36 -1000 22.26 1.70 932.953
car -1 -1 0.00 0.00 0.00 100.00 100.00 -1000 1.57 3.88 17.33 -1000 20.88 -0.39 932.021
car -1 -1 0.00 0.00 0.00 100.00 100.00 -1000 1.48 3.51 2.95 -1000 26.17 -0.26 928.346
car -1 -1 0.00 0.00 0.00 100.00 100.00 -1000 1.59 3.48 -2.09 -1000 39.93 -0.12 928.248
car -1 -1 0.00 0.00 0.00 100.00 100.00 -1000 2.59 8.35 1.96 -1000 44.82 1.61 923.905
car -1 -1 0.00 0.00 0.00 100.00 100.00 -1000 1.77 4.72 0.15 -1000 42.86 1.66 919.514
car -1 -1 0.00 0.00 0.00 100.00 100.00 -1000 1.65 3.86 -7.80 -1000 42.07 1.62 918.900
car -1 -1 0.00 0.00 0.00 100.00 100.00 -1000 1.32 3.75 6.60 -1000 35.15 -0.26 916.403
car -1 -1 0.00 0.00 0.00 100.00 100.00 -1000 1.89 4.99 1.68 -1000 43.41 1.62 915.303
car -1 -1 0.00 0.00 0.00 100.00 100.00 -1000 1.60 3.77 7.39 -1000 25.88 1.66 911.999
car -1 -1 0.00 0.00 0.00 100.00 100.00 -1000 1.63 3.86 5.39 -1000 22.10 1.65 905.866
car -1 -1 0.00 0.00 0.00 100.00 100.00 -1000 1.69 4.30 -3.49 -1000 41.30 1.61 904.966
car -1 -1 0.00 0.00 0.00 100.00 100.00 -1000 2.10 5.74 -6.27 -1000 44.76 1.65 902.793
car -1 -1 0.00 0.00 0.00 100.00 100.00 -1000 1.64 4.01 -6.51 -1000 41.45 1.59 898.623
car -1 -1 0.00 0.00 0.00 100.00 100.00 -1000 2.70 7.93 -2.13 -1000 44.38 1.57 897.179
car -1 -1 0.00 0.00 0.00 100.00 100.00 -1000 1.68 4.19 3.61 -1000 41.35 1.64 893.644
car -1 -1 0.00 0.00 0.00 100.00 100.00 -1000 1.56 3.53 6.40 -1000 36.82 1.57 893.257
car -1 -1 0.00 0.00 0.00 100.00 100.00 -1000 1.66 4.10 -5.86 -1000 40.47 1.59 892.679
car -1 -1 0.00 0.00 0.00 100.00 100.00 -1000 1.62 3.88 6.42 -1000 22.87 1.57 892.058
car -1 -1 0.00 0.00 0.00 100.00 100.00 -1000 1.79 4.49 -1.21 -1000 43.52 1.61 887.569
car -1 -1 0.00 0.00 0.00 100.00 100.00 -1000 1.85 4.52 -3.87 -1000 39.82 -0.11 877.079
car -1 -1 0.00 0.00 0.00 100.00 100.00 -1000 1.54 3.76 3.90 -1000 39.45 -0.18 875.121
car -1 -1 0.00 0.00 0.00 100.00 100.00 -1000 1.63 3.89 0.61 -1000 41.95 1.74 874.856
car -1 -1 0.00 0.00 0.00 100.00 100.00 -1000 1.51 3.50 -13.55 -1000 45.57 1.65 871.567
car -1 -1 0.00 0.00 0.00 100.00 100.00 -1000 1.54 3.55 6.96 -1000 14.06 1.61 871.221
car -1 -1 0.00 0.00 0.00 100.00 100.00 -1000 1.57 3.53 6.10 -1000 24.04 1.64 861.411
car -1 -1 0.00 0.00 0.00 100.00 100.00 -1000 1.97 4.98 0.06 -1000 44.38 1.57 859.200
car -1 -1 0.00 0.00 0.00 100.00 100.00 -1000 1.46 3.53 9.63 -1000 31.86 -0.32 857.801
car -1 -1 0.00 0.00 0.00 100.00 100.00 -1000 1.59 3.87 7.27 -1000 24.91 -0.25 856.764
car -1 -1 0.00 0.00 0.00 100.00 100.00 -1000 1.51 3.76 7.57 -1000 21.26 -0.21 855.394
car -1 -1 0.00 0.00 0.00 100.00 100.00 -1000 1.69 4.27 -2.17 -1000 41.84 1.64 839.556
car -1 -1 0.00 0.00 0.00 100.00 100.00 -1000 1.57 3.68 7.55 -1000 23.24 1.67 837.427
car -1 -1 0.00 0.00 0.00 100.00 100.00 -1000 1.77 4.41 -4.11 -1000 18.95 1.71 833.582
car -1 -1 0.00 0.00 0.00 100.00 100.00 -1000 1.58 3.43 -7.84 -1000 45.04 1.60 826.576
car -1 -1 0.00 0.00 0.00 100.00 100.00 -1000 1.62 3.75 -4.35 -1000 17.81 1.74 822.479
car -1 -1 0.00 0.00 0.00 100.00 100.00 -1000 2.19 6.16 3.43 -1000 44.10 1.62 820.937
car -1 -1 0.00 0.00 0.00 100.00 100.00 -1000 1.64 3.92 3.80 -1000 28.05 1.69 820.295
car -1 -1 0.00 0.00 0.00 100.00 100.00 -1000 1.49 3.35 -7.61 -1000 40.61 -0.16 819.267
car -1 -1 0.00 0.00 0.00 100.00 100.00 -1000 1.46 3.25 3.99 -1000 21.49 -0.06 818.553
car -1 -1 0.00 0.00 0.00 100.00 100.00 -1000 2.45 7.76 -0.36 -1000 45.25 1.60 816.613
car -1 -1 0.00 0.00 0.00 100.00 100.00 -1000 1.81 4.60 -5.07 -1000 20.37 1.58 814.439
car -1 -1 0.00 0.00 0.00 100.00 100.00 -1000 1.71 4.03 -6.92 -1000 43.98 1.59 813.091
car -1 -1 0.00 0.00 0.00 100.00 100.00 -1000 1.55 3.61 -4.15 -1000 16.65 1.71 810.646
car -1 -1 0.00 0.00 0.00 100.00 100.00 -1000 1.64 3.68 9.51 -1000 45.03 1.62 807.038
car -1 -1 0.00 0.00 0.00 100.00 100.00 -1000 2.82 8.80 -3.76 -1000 45.13 1.60 791.270
car -1 -1 0.00 0.00 0.00 100.00 100.00 -1000 1.75 4.29 4.72 -1000 41.81 1.71 790.668
car -1 -1 0.00 0.00 0.00 100.00 100.00 -1000 1.92 5.27 -3.29 -1000 19.70 1.69 782.137
car -1 -1 0.00 0.00 0.00 100.00 100.00 -1000 2.09 5.81 -3.90 -1000 43.49 1.62 773.742
car -1 -1 0.00 0.00 0.00 100.00 100.00 -1000 1.60 3.75 6.47 -1000 26.55 1.65 769.253
car -1 -1 0.00 0.00 0.00 100.00 100.00 -1000 1.54 3.65 -9.90 -1000 12.51 1.59 761.184
car -1 -1 0.00 0.00 0.00 100.00 100.00 -1000 1.92 4.94 2.97 -1000 42.80 1.64 755.651
car -1 -1 0.00 0.00 0.00 100.00 100.00 -1000 1.80 4.50 0.29 -1000 46.97 1.54 755.632
car -1 -1 0.00 0.00 0.00 100.00 100.00 -1000 1.65 3.89 9.16 -1000 14.11 1.67 749.843
car -1 -1 0.00 0.00 0.00 100.00 100.00 -1000 1.90 5.44 7.47 -1000 43.23 1.66 745.335
car -1 -1 0.00 0.00 0.00 100.00 100.00 -1000 1.96 5.50 6.56 -1000 43.97 1.65 744.965
car -1 -1 0.00 0.00 0.00 100.00 100.00 -1000 1.63 3.82 9.58 -1000 12.69 1.68 742.021
car -1 -1 0.00 0.00 0.00 100.00 100.00 -1000 1.51 3.63 5.94 -1000 21.09 1.64 741.150
car -1 -1 0.00 0.00 0.00 100.00 100.00 -1000 1.70 4.33 5.50 -1000 40.80 1.74 740.267
car -1 -1 0.00 0.00 0.00 100.00 100.00 -1000 2.22 6.00 -8.96 -1000 19.67 1.61 739.238
car -1 -1 0.00 0.00 0.00 100.00 100.00 -1000 2.16 7.12 -1.52 -1000 20.65 1.69 735.270
car -1 -1 0.00 0.00 0.00 100.00 100.00 -1000 1.58 3.67 -12.82 -1000 46.24 1.67 730.600
car -1 -1 0.00 0.00 0.00 100.00 100.00 -1000 1.33 3.74 17.75 -1000 20.11 -0.01 721.555
car -1 -1 0.00 0.00 0.00 100.00 100.00 -1000 1.58 3.61 7.52 -1000 14.72 1.67 720.226
car -1 -1 0.00 0.00 0.00 100.00 100.00 -1000 1.84 4.69 -5.72 -1000 42.78 1.69 719.499
car -1 -1 0.00 0.00 0.00 100.00 100.00 -1000 1.66 3.91 8.30 -1000 26.41 1.70 718.825
car -1 -1 0.00 0.00 0.00 100.00 100.00 -1000 1.50 3.20 -7.18 -1000 43.26 1.56 715.044
car -1 -1 0.00 0.00 0.00 100.00 100.00 -1000 1.58 3.82 8.56 -1000 41.89 1.61 712.127
car -1 -1 0.00 0.00 0.00 100.00 100.00 -1000 1.94 4.91 -10.29 -1000 47.24 1.61 705.979
car -1 -1 0.00 0.00 0.00 100.00 100.00 -1000 1.60 3.90 8.85 -1000 44.35 1.63 701.440
car -1 -1 0.00 0.00 0.00 100.00 100.00 -1000 1.63 4.05 10.00 -1000 32.70 1.75 699.455
car -1 -1 0.00 0.00 0.00 100.00 100.00 -1000 2.34 6.56 -8.96 -1000 21.37 1.60 696.183
car -1 -1 0.00 0.00 0.00 100.00 100.00 -1000 1.58 3.62 17.11 -1000 21.76 1.63 692.798
car -1 -1 0.00 0.00 0.00 100.00 100.00 -1000 1.86 5.01 -2.88 -1000 42.71 1.66 690.207
car -1 -1 0.00 0.00 0.00 100.00 100.00 -1000 1.61 3.76 -12.36 -1000 45.28 1.71 688.215
car -1 -1 0.00 0.00 0.00 100.00 100.00 -1000 1.85 4.86 3.06 -1000 44.92 1.61 686.474
car -1 -1 0.00 0.00 0.00 100.00 100.00 -1000 1.58 3.35 -8.50 -1000 44.43 1.58 673.487
car -1 -1 0.00 0.00 0.00 100.00 100.00 -1000 1.35 3.58 1.40 -1000 39.04 -0.04 671.003
car -1 -1 0.00 0.00 0.00 100.00 100.00 -1000 1.91 5.76 -1.21 -1000 19.42 1.68 670.095
car -1 -1 0.00 0.00 0.00 100.00 100.00 -1000 1.65 3.84 7.43 -1000 35.67 1.76 669.335
car -1 -1 0.00 0.00 0.00 100.00 100.00 -1000 2.32 7.37 -2.32 -1000 21.54 1.64 668.570
car -1 -1 0.00 0.00 0.00 100.00 100.00 -1000 1.78 4.44 -9.93 -1000 45.95 1.58 662.487
car -1 -1 0.00 0.00 0.00 100.00 100.00 -1000 1.95 5.01 -8.67 -1000 46.60 1.62 661.377
car -1 -1 0.00 0.00 0.00 100.00 100.00 -1000 1.48 3.13 -8.05 -1000 41.27 1.64 656.849
car -1 -1 0.00 0.00 0.00 100.00 100.00 -1000 1.73 4.71 -4.95 -1000 41.85 1.67 655.100
car -1 -1 0.00 0.00 0.00 100.00 100.00 -1000 2.65 8.08 -4.76 -1000 46.31 1.61 653.489
car -1 -1 0.00 0.00 0.00 100.00 100.00 -1000 1.75 4.39 7.97 -1000 36.96 1.74 644.764
car -1 -1 0.00 0.00 0.00 100.00 100.00 -1000 1.47 3.14 -14.60 -1000 45.22 1.56 643.417
car -1 -1 0.00 0.00 0.00 100.00 100.00 -1000 2.21 6.62 4.57 -1000 43.20 1.69 641.825
car -1 -1 0.00 0.00 0.00 100.00 100.00 -1000 1.73 4.55 4.95 -1000 28.51 1.70 633.882
car -1 -1 0.00 0.00 0.00 100.00 100.00 -1000 2.21 6.12 5.34 -1000 30.34 1.60 632.471
car -1 -1 0.00 0.00 0.00 100.00 100.00 -1000 2.31 7.03 -7.93 -1000 47.50 1.66 631.148
car -1 -1 0.00 0.00 0.00 100.00 100.00 -1000 1.62 3.85 -9.05 -1000 42.34 1.64 629.670
car -1 -1 0.00 0.00 0.00 100.00 100.00 -1000 1.65 3.94 7.92 -1000 41.19 1.64 626.133
car -1 -1 0.00 0.00 0.00 100.00 100.00 -1000 1.57 3.81 -12.43 -1000 44.28 -0.01 622.285
car -1 -1 0.00 0.00 0.00 100.00 100.00 -1000 1.75 4.03 7.90 -1000 24.16 1.53 621.247
car -1 -1 0.00 0.00 0.00 100.00 100.00 -1000 1.57 3.70 8.77 -1000 22.43 1.73 621.164
car -1 -1 0.00 0.00 0.00 100.00 100.00 -1000 1.26 3.57 -4.46 -1000 15.10 -0.12 613.868
car -1 -1 0.00 0.00 0.00 100.00 100.00 -1000 2.14 6.33 6.52 -1000 29.58 1.72 611.975
car -1 -1 0.00 0.00 0.00 100.00 100.00 -1000 1.60 3.73 4.36 -1000 26.45 -0.16 608.468
car -1 -1 0.00 0.00 0.00 100.00 100.00 -1000 2.08 5.64 5.33 -1000 44.78 1.69 605.490
car -1 -1 0.00 0.00 0.00 100.00 100.00 -1000 1.75 4.60 -2.39 -1000 18.68 1.74 605.075
car -1 -1 0.00 0.00 0.00 100.00 100.00 -1000 1.65 3.94 -9.38 -1000 45.19 1.74 598.411
car -1 -1 0.00 0.00 0.00 100.00 100.00 -1000 1.88 4.93 -6.45 -1000 19.20 1.58 585.276
car -1 -1 0.00 0.00 0.00 100.00 100.00 -1000 2.21 6.73 -4.99 -1000 22.20 1.69 585.265
car -1 -1 0.00 0.00 0.00 100.00 100.00 -1000 1.68 3.93 -2.76 -1000 17.49 1.73 583.452
car -1 -1 0.00 0.00 0.00 100.00 100.00 -1000 1.75 4.41 4.88 -1000 40.04 -0.16 573.217
car -1 -1 0.00 0.00 0.00 100.00 100.00 -1000 2.07 6.01 8.66 -1000 39.14 1.64 571.089
car -1 -1 0.00 0.00 0.00 100.00 100.00 -1000 1.70 3.84 -12.11 -1000 47.16 1.59 567.738
car -1 -1 0.00 0.00 0.00 100.00 100.00 -1000 1.71 3.78 3.28 -1000 22.08 1.64 566.761
car -1 -1 0.00 0.00 0.00 100.00 100.00 -1000 1.67 4.02 4.83 -1000 22.83 1.62 559.704
car -1 -1 0.00 0.00 0.00 100.00 100.00 -1000 1.59 3.62 8.73 -1000 12.14 1.55 557.039
car -1 -1 0.00 0.00 0.00 100.00 100.00 -1000 1.27 3.62 -13.50 -1000 43.84 -0.12 556.425
car -1 -1 0.00 0.00 0.00 100.00 100.00 -1000 1.75 3.77 5.01 -1000 38.77 1.56 552.954
car -1 -1 0.00 0.00 0.00 100.00 100.00 -1000 1.64 3.88 9.81 -1000 41.58 1.67 552.156
car -1 -1 0.00 0.00 0.00 100.00 100.00 -1000 1.91 4.73 7.64 -1000 44.76 1.62 548.759
car -1 -1 0.00 0.00 0.00 100.00 100.00 -1000 1.85 4.55 -8.96 -1000 18.56 1.68 545.914
car -1 -1 0.00 0.00 0.00 100.00 100.00 -1000 1.52 3.75 -0.25 -1000 38.96 -0.01 544.549
car -1 -1 0.00 0.00 0.00 100.00 100.00 -1000 1.77 4.93 -0.31 -1000 18.63 1.67 544.048
car -1 -1 0.00 0.00 0.00 100.00 100.00 -1000 1.52 3.73 -8.32 -1000 43.62 1.58 535.800
car -1 -1 0.00 0.00 0.00 100.00 100.00 -1000 1.72 4.01 8.78 -1000 45.83 1.58 534.074
car -1 -1 0.00 0.00 0.00 100.00 100.00 -1000 1.69 4.05 10.41 -1000 45.53 1.69 533.060
car -1 -1 0.00 0.00 0.00 100.00 100.00 -1000 1.58 3.94 -8.19 -1000 32.29 1.64 531.690
car -1 -1 0.00 0.00 0.00 100.00 100.00 -1000 1.64 3.80 5.17 -1000 27.28 1.73 527.543
car -1 -1 0.00 0.00 0.00 100.00 100.00 -1000 1.50 3.20 1.32 -1000 41.08 -0.19 521.658
car -1 -1 0.00 0.00 0.00 100.00 100.00 -1000 2.55 8.37 -2.29 -1000 45.98 1.64 516.782
car -1 -1 0.00 0.00 0.00 100.00 100.00 -1000 1.97 5.84 6.76 -1000 42.36 1.70 514.140
car -1 -1 0.00 0.00 0.00 100.00 100.00 -1000 1.66 3.54 -3.69 -1000 15.93 1.70 512.961
car -1 -1 0.00 0.00 0.00 100.00 100.00 -1000 1.72 4.63 8.84 -1000 35.99 1.75 508.021
car -1 -1 0.00 0.00 0.00 100.00 100.00 -1000 2.42 6.89 -7.43 -1000 20.37 1.58 507.089
car -1 -1 0.00 0.00 0.00 100.00 100.00 -1000 1.70 3.88 -6.23 -1000 29.00 1.58 505.501
car -1 -1 0.00 0.00 0.00 100.00 100.00 -1000 1.77 4.25 8.83 -1000 25.43 1.67 497.400
car -1 -1 0.00 0.00 0.00 100.00 100.00 -1000 1.67 4.18 -9.58 -1000 13.32 1.70 495.411
car -1 -1 0.00 0.00 0.00 100.00 100.00 -1000 1.80 4.18 -11.25 -1000 46.40 1.62 492.867
car -1 -1 0.00 0.00 0.00 100.00 100.00 -1000 1.94 4.92 -9.59 -1000 20.50 1.69 486.266
car -1 -1 0.00 0.00 0.00 100.00 100.00 -1000 2.26 6.83 -5.84 -1000 21.04 1.64 484.967
car -1 -1 0.00 0.00 0.00 100.00 100.00 -1000 1.72 4.58 6.71 -1000 45.86 1.61 482.477
car -1 -1 0.00 0.00 0.00 100.00 100.00 -1000 1.74 4.44 6.79 -1000 40.39 1.69 471.363
car -1 -1 0.00 0.00 0.00 100.00 100.00 -1000 1.91 4.76 11.08 -1000 33.41 1.63 467.003
car -1 -1 0.00 0.00 0.00 100.00 100.00 -1000 1.59 3.68 -14.40 -1000 46.11 1.61 460.201
car -1 -1 0.00 0.00 0.00 100.00 100.00 -1000 1.57 3.80 -5.67 -1000 39.66 1.57 455.891
car -1 -1 0.00 0.00 0.00 100.00 100.00 -1000 1.76 4.44 6.32 -1000 17.40 1.63 450.784
car -1 -1 0.00 0.00 0.00 100.00 100.00 -1000 1.81 4.07 0.28 -1000 39.63 -0.27 448.924
car -1 -1 0.00 0.00 0.00 100.00 100.00 -1000 1.17 3.83 -9.02 -1000 11.59 -0.16 448.668
car -1 -1 0.00 0.00 0.00 100.00 100.00 -1000 1.73 4.04 8.88 -1000 13.31 -0.12 448.379
car -1 -1 0.00 0.00 0.00 100.00 100.00 -1000 1.70 3.94 -9.38 -1000 16.86 1.61 448.359
car -1 -1 0.00 0.00 0.00 100.00 100.00 -1000 1.32 3.56 -3.31 -1000 38.99 -0.05 445.325
car -1 -1 0.00 0.00 0.00 100.00 100.00 -1000 2.12 6.19 7.53 -1000 28.63 1.71 445.036
car -1 -1 0.00 0.00 0.00 100.00 100.00 -1000 1.62 4.12 -9.55 -1000 41.61 1.64 443.295
car -1 -1 0.00 0.00 0.00 100.00 100.00 -1000 2.71 9.41 -5.08 -1000 47.45 1.65 440.366
car -1 -1 0.00 0.00 0.00 100.00 100.00 -1000 1.56 3.29 3.05 -1000 38.81 1.47 439.325
car -1 -1 0.00 0.00 0.00 100.00 100.00 -1000 1.89 4.79 -5.73 -1000 45.75 1.65 437.953
car -1 -1 0.00 0.00 0.00 100.00 100.00 -1000 1.79 4.37 16.08 -1000 21.31 1.57 436.532
car -1 -1 0.00 0.00 0.00 100.00 100.00 -1000 1.87 4.51 5.40 -1000 31.21 1.57 435.833
car -1 -1 0.00 0.00 0.00 100.00 100.00 -1000 2.00 5.60 7.17 -1000 38.56 1.66 433.867
car -1 -1 0.00 0.00 0.00 100.00 100.00 -1000 1.69 4.32 9.25 -1000 40.88 1.69 429.512
car -1 -1 0.00 0.00 0.00 100.00 100.00 -1000 1.78 4.07 6.33 -1000 15.24 1.65 417.917
car -1 -1 0.00 0.00 0.00 100.00 100.00 -1000 1.49 3.34 4.86 -1000 35.58 1.64 413.522
car -1 -1 0.00 0.00 0.00 100.00 100.00 -1000 1.78 4.49 10.59 -1000 13.35 1.69 411.343
car -1 -1 0.00 0.00 0.00 100.00 100.00 -1000 1.29 3.01 9.92 -1000 11.62 -0.15 401.381
car -1 -1 0.00 0.00 0.00 100.00 100.00 -1000 1.74 4.23 -10.66 -1000 44.86 1.73 398.764
car -1 -1 0.00 0.00 0.00 100.00 100.00 -1000 1.74 3.80 3.11 -1000 20.98 1.63 398.732
car -1 -1 0.00 0.00 0.00 100.00 100.00 -1000 2.37 5.84 17.29 -1000 22.42 1.51 393.761
car -1 -1 0.00 0.00 0.00 100.00 100.00 -1000 1.75 4.05 -10.22 -1000 14.08 1.52 392.991
car -1 -1 0.00 0.00 0.00 100.00 100.00 -1000 1.66 4.17 -1.19 -1000 17.92 1.75 390.386
car -1 -1 0.00 0.00 0.00 100.00 100.00 -1000 1.75 4.27 1.74 -1000 42.33 -0.38 387.228
car -1 -1 0.00 0.00 0.00 100.00 100.00 -1000 1.51 3.99 10.19 -1000 44.11 -0.10 381.965
car -1 -1 0.00 0.00 0.00 100.00 100.00 -1000 1.89 4.95 6.25 -1000 39.58 1.69 374.673
car -1 -1 0.00 0.00 0.00 100.00 100.00 -1000 2.10 5.89 3.22 -1000 28.99 1.73 373.986
car -1 -1 0.00 0.00 0.00 100.00 100.00 -1000 1.91 5.06 8.43 -1000 40.07 1.71 373.139
car -1 -1 0.00 0.00 0.00 100.00 100.00 -1000 1.73 4.25 11.15 -1000 12.51 1.68 370.516
car -1 -1 0.00 0.00 0.00 100.00 100.00 -1000 1.88 7.23 -5.44 -1000 14.78 -0.02 362.232
car -1 -1 0.00 0.00 0.00 100.00 100.00 -1000 1.51 3.55 -10.31 -1000 11.30 1.57 359.409
car -1 -1 0.00 0.00 0.00 100.00 100.00 -1000 1.79 4.61 9.21 -1000 23.50 1.68 358.173
car -1 -1 0.00 0.00 0.00 100.00 100.00 -1000 1.35 4.27 7.03 -1000 12.45 -0.11 357.788
car -1 -1 0.00 0.00 0.00 100.00 100.00 -1000 2.21 6.44 -2.34 -1000 46.83 1.64 354.289
car -1 -1 0.00 0.00 0.00 100.00 100.00 -1000 2.14 6.08 2.38 -1000 30.07 1.59 350.724
car -1 -1 0.00 0.00 0.00 100.00 100.00 -1000 1.85 4.33 10.84 -1000 46.30 1.58 346.957
car -1 -1 0.00 0.00 0.00 100.00 100.00 -1000 1.74 4.44 6.15 -1000 37.80 1.70 344.092
car -1 -1 0.00 0.00 0.00 100.00 100.00 -1000 1.61 3.69 -10.59 -1000 42.38 1.62 343.916
car -1 -1 0.00 0.00 0.00 100.00 100.00 -1000 1.89 5.48 8.60 -1000 38.04 1.68 341.950
car -1 -1 0.00 0.00 0.00 100.00 100.00 -1000 1.85 4.59 -7.93 -1000 17.40 1.72 341.269
car -1 -1 0.00 0.00 0.00 100.00 100.00 -1000 1.75 4.61 7.01 -1000 27.55 1.67 340.202
car -1 -1 0.00 0.00 0.00 100.00 100.00 -1000 1.65 4.31 -8.49 -1000 16.24 1.64 340.096
car -1 -1 0.00 0.00 0.00 100.00 100.00 -1000 1.40 3.33 10.42 -1000 31.35 -0.09 339.494
car -1 -1 0.00 0.00 0.00 100.00 100.00 -1000 1.33 4.14 -5.02 -1000 39.00 -0.06 329.480
car -1 -1 0.00 0.00 0.00 100.00 100.00 -1000 2.03 5.83 -6.72 -1000 46.78 1.66 315.832
car -1 -1 0.00 0.00 0.00 100.00 100.00 -1000 1.54 3.76 -15.33 -1000 44.63 1.60 315.306
car -1 -1 0.00 0.00 0.00 100.00 100.00 -1000 2.07 6.12 9.96 -1000 15.86 1.67 314.272
car -1 -1 0.00 0.00 0.00 100.00 100.00 -1000 1.71 4.31 9.88 -1000 25.93 1.67 306.618
car -1 -1 0.00 0.00 0.00 100.00 100.00 -1000 1.77 4.85 -9.53 -1000 32.62 1.67 305.425
car -1 -1 0.00 0.00 0.00 100.00 100.00 -1000 1.77 4.08 3.90 -1000 25.08 1.57 300.889
car -1 -1 0.00 0.00 0.00 100.00 100.00 -1000 2.40 7.50 2.48 -1000 45.93 1.72 300.618
car -1 -1 0.00 0.00 0.00 100.00 100.00 -1000 1.67 4.67 -9.84 -1000 17.72 1.58 298.138
car -1 -1 0.00 0.00 0.00 100.00 100.00 -1000 1.99 5.65 -7.07 -1000 21.82 1.66 294.851
car -1 -1 0.00 0.00 0.00 100.00 100.00 -1000 1.87 5.41 10.77 -1000 24.27 1.66 289.109
car -1 -1 0.00 0.00 0.00 100.00 100.00 -1000 2.13 5.25 5.67 -1000 16.22 1.54 287.054
car -1 -1 0.00 0.00 0.00 100.00 100.00 -1000 1.86 4.12 -9.38 -1000 43.19 1.69 280.681
car -1 -1 0.00 0.00 0.00 100.00 100.00 -1000 2.05 6.29 9.83 -1000 16.99 1.66 276.903
car -1 -1 0.00 0.00 0.00 100.00 100.00 -1000 2.04 4.97 9.56 -1000 42.79 1.58 275.781
car -1 -1 0.00 0.00 0.00 100.00 100.00 -1000 1.80 4.00 7.65 -1000 34.70 1.62 275.751
car -1 -1 0.00 0.00 0.00 100.00 100.00 -1000 1.52 3.74 8.74 -1000 32.34 0.00 275.249
car -1 -1 0.00 0.00 0.00 100.00 100.00 -1000 1.78 4.12 -10.85 -1000 33.40 1.59 274.834
car -1 -1 0.00 0.00 0.00 100.00 100.00 -1000 1.88 5.17 2.11 -1000 27.78 1.65 267.979
car -1 -1 0.00 0.00 0.00 100.00 100.00 -1000 1.88 5.33 11.27 -1000 23.45 1.70 267.544
car -1 -1 0.00 0.00 0.00 100.00 100.00 -1000 1.72 4.10 -1.38 -1000 17.07 1.76 266.140
car -1 -1 0.00 0.00 0.00 100.00 100.00 -1000 1.66 4.16 9.98 -1000 21.92 1.70 264.328
car -1 -1 0.00 0.00 0.00 100.00 100.00 -1000 1.74 4.62 9.80 -1000 35.45 1.74 264.097
car -1 -1 0.00 0.00 0.00 100.00 100.00 -1000 1.45 4.32 -7.71 -1000 31.44 -0.08 260.459
car -1 -1 0.00 0.00 0.00 100.00 100.00 -1000 1.36 3.14 -8.23 -1000 42.81 -0.13 251.224
car -1 -1 0.00 0.00 0.00 100.00 100.00 -1000 1.59 4.18 5.29 -1000 37.22 1.66 248.228
car -1 -1 0.00 0.00 0.00 100.00 100.00 -1000 1.68 4.41 10.89 -1000 22.64 1.70 247.804
car -1 -1 0.00 0.00 0.00 100.00 100.00 -1000 1.89 5.31 11.34 -1000 25.06 1.70 246.636
car -1 -1 0.00 0.00 0.00 100.00 100.00 -1000 2.07 4.90 7.78 -1000 46.39 1.72 246.000
car -1 -1 0.00 0.00 0.00 100.00 100.00 -1000 1.63 3.76 9.05 -1000 20.85 1.63 244.291
car -1 -1 0.00 0.00 0.00 100.00 100.00 -1000 1.74 4.40 -11.74 -1000 43.61 1.58 242.115
car -1 -1 0.00 0.00 0.00 100.00 100.00 -1000 1.72 4.69 11.17 -1000 14.18 1.70 235.455
car -1 -1 0.00 0.00 0.00 100.00 100.00 -1000 1.87 4.41 11.35 -1000 44.92 1.65 234.872
car -1 -1 0.00 0.00 0.00 100.00 100.00 -1000 2.20 6.71 -1.41 -1000 22.36 1.63 234.536
car -1 -1 0.00 0.00 0.00 100.00 100.00 -1000 1.72 4.51 12.40 -1000 13.13 1.71 234.286
car -1 -1 0.00 0.00 0.00 100.00 100.00 -1000 1.87 4.84 9.67 -1000 37.20 1.64 231.889
car -1 -1 0.00 0.00 0.00 100.00 100.00 -1000 1.92 4.89 8.06 -1000 16.72 1.63 230.577
car -1 -1 0.00 0.00 0.00 100.00 100.00 -1000 2.06 5.95 0.02 -1000 20.13 1.67 229.551
car -1 -1 0.00 0.00 0.00 100.00 100.00 -1000 2.04 4.84 5.03 -1000 25.57 1.65 228.998
car -1 -1 0.00 0.00 0.00 100.00 100.00 -1000 1.87 4.86 -11.00 -1000 32.24 1.71 228.946
car -1 -1 0.00 0.00 0.00 100.00 100.00 -1000 1.92 5.18 -13.71 -1000 46.81 1.61 224.591
car -1 -1 0.00 0.00 0.00 100.00 100.00 -1000 1.59 4.04 11.76 -1000 32.06 1.68 224.472
car -1 -1 0.00 0.00 0.00 100.00 100.00 -1000 1.95 5.56 11.26 -1000 26.66 1.70 223.706
car -1 -1 0.00 0.00 0.00 100.00 100.00 -1000 1.55 3.33 18.43 -1000 19.26 1.58 222.833
car -1 -1 0.00 0.00 0.00 100.00 100.00 -1000 1.93 5.69 12.09 -1000 34.02 1.72 220.634
car -1 -1 0.00 0.00 0.00 100.00 100.00 -1000 2.19 5.27 2.69 -1000 47.64 1.65 217.538
car -1 -1 0.00 0.00 0.00 100.00 100.00 -1000 1.53 3.90 6.17 -1000 13.55 -0.01 216.533
