car -1 -1 0.00 0.00 0.00 100.00 100.00 -1000 1.61 3.37 3.93 -1000 13.86 1.64 998.651
car -1 -1 0.00 0.00 0.00 100.00 100.00 -1000 1.64 3.90 3.82 -1000 14.71 1.64 995.330
car -1 -1 0.00 0.00 0.00 100.00 100.00 -1000 1.67 3.96 -4.67 -1000 33.96 1.63 991.267
car -1 -1 0.00 0.00 0.00 100.00 100.00 -1000 1.67 4.05 -4.84 -1000 32.03 1.67 989.374
car -1 -1 0.00 0.00 0.00 100.00 100.00 -1000 1.73 4.51 -14.86 -1000 18.85 1.67 978.393
car -1 -1 0.00 0.00 0.00 100.00 100.00 -1000 1.53 3.41 2.32 -1000 45.26 1.65 965.869
car -1 -1 0.00 0.00 0.00 100.00 100.00 -1000 1.50 3.38 18.47 -1000 34.77 1.66 963.766
car -1 -1 0.00 0.00 0.00 100.00 100.00 -1000 1.56 5.05 4.17 -1000 13.02 -0.02 963.333
car -1 -1 0.00 0.00 0.00 100.00 100.00 -1000 1.47 3.63 15.00 -1000 47.09 -0.14 959.595
car -1 -1 0.00 0.00 0.00 100.00 100.00 -1000 1.60 3.55 18.94 -1000 33.94 -0.09 959.280
car -1 -1 0.00 0.00 0.00 100.00 100.00 -1000 1.66 3.99 -12.05 -1000 45.22 1.68 959.198
car -1 -1 0.00 0.00 0.00 100.00 100.00 -1000 1.49 3.23 -14.51 -1000 18.23 1.66 958.538
car -1 -1 0.00 0.00 0.00 100.00 100.00 -1000 1.63 3.93 -5.01 -1000 31.19 1.59 954.443
car -1 -1 0.00 0.00 0.00 100.00 100.00 -1000 1.57 3.69 -14.90 -1000 29.29 1.66 954.114
car -1 -1 0.00 0.00 0.00 100.00 100.00 -1000 1.58 3.74 8.97 -1000 25.19 1.69 945.373
car -1 -1 0.00 0.00 0.00 100.00 100.00 -1000 1.44 3.65 16.40 -1000 46.78 -0.08 943.258
car -1 -1 0.00 0.00 0.00 100.00 100.00 -1000 1.58 3.60 4.49 -1000 46.42 1.66 940.870
car -1 -1 0.00 0.00 0.00 100.00 100.00 -1000 1.68 4.28 -3.58 -1000 34.57 1.67 931.808
car -1 -1 0.00 0.00 0.00 100.00 100.00 -1000 1.60 3.79 -14.63 -1000 31.87 1.65 931.141
car -1 -1 0.00 0.00 0.00 100.00 100.00 -1000 1.74 4.28 3.78 -1000 15.62 1.62 930.671
car -1 -1 0.00 0.00 0.00 100.00 100.00 -1000 1.68 4.24 -13.55 -1000 45.51 1.63 924.357
car -1 -1 0.00 0.00 0.00 100.00 100.00 -1000 1.59 3.82 -14.96 -1000 30.14 1.72 922.465
car -1 -1 0.00 0.00 0.00 100.00 100.00 -1000 1.56 3.81 7.90 -1000 39.91 1.65 920.592
car -1 -1 0.00 0.00 0.00 100.00 100.00 -1000 1.58 3.71 -12.47 -1000 46.35 1.62 915.657
car -1 -1 0.00 0.00 0.00 100.00 100.00 -1000 1.58 3.69 8.72 -1000 24.39 -0.20 915.657
car -1 -1 0.00 0.00 0.00 100.00 100.00 -1000 1.68 3.76 1.82 -1000 44.48 -0.29 909.653
car -1 -1 0.00 0.00 0.00 100.00 100.00 -1000 1.77 4.59 -14.51 -1000 20.03 1.67 908.624
car -1 -1 0.00 0.00 0.00 100.00 100.00 -1000 1.55 3.77 2.99 -1000 45.90 1.71 906.094
car -1 -1 0.00 0.00 0.00 100.00 100.00 -1000 1.60 3.67 8.50 -1000 38.96 -0.18 904.584
car -1 -1 0.00 0.00 0.00 100.00 100.00 -1000 1.82 4.68 -14.70 -1000 21.29 1.65 904.561
car -1 -1 0.00 0.00 0.00 100.00 100.00 -1000 1.62 3.87 -14.14 -1000 24.58 1.69 903.448
car -1 -1 0.00 0.00 0.00 100.00 100.00 -1000 2.33 7.41 -3.89 -1000 38.39 1.59 899.930
car -1 -1 0.00 0.00 0.00 100.00 100.00 -1000 1.67 4.13 -4.06 -1000 32.65 1.75 893.973
car -1 -1 0.00 0.00 0.00 100.00 100.00 -1000 1.50 3.36 17.41 -1000 35.08 1.62 891.558
car -1 -1 0.00 0.00 0.00 100.00 100.00 -1000 1.62 3.86 4.25 -1000 45.38 -0.34 890.860
car -1 -1 0.00 0.00 0.00 100.00 100.00 -1000 2.30 7.34 -1.68 -1000 37.65 1.63 887.769
car -1 -1 0.00 0.00 0.00 100.00 100.00 -1000 1.86 4.58 -2.24 -1000 34.90 1.67 883.728
car -1 -1 0.00 0.00 0.00 100.00 100.00 -1000 1.77 4.53 -4.84 -1000 34.96 1.66 878.655
car -1 -1 0.00 0.00 0.00 100.00 100.00 -1000 1.65 4.10 -10.84 -1000 46.61 1.65 855.591
car -1 -1 0.00 0.00 0.00 100.00 100.00 -1000 2.02 5.41 -6.69 -1000 35.65 1.61 851.937
car -1 -1 0.00 0.00 0.00 100.00 100.00 -1000 1.53 3.81 18.13 -1000 35.63 1.70 849.778
car -1 -1 0.00 0.00 0.00 100.00 100.00 -1000 1.63 3.96 -13.93 -1000 32.46 1.69 849.206
car -1 -1 0.00 0.00 0.00 100.00 100.00 -1000 1.55 3.38 -14.71 -1000 31.10 1.67 845.223
car -1 -1 0.00 0.00 0.00 100.00 100.00 -1000 1.65 3.93 16.30 -1000 36.53 1.63 843.001
car -1 -1 0.00 0.00 0.00 100.00 100.00 -1000 3.00 10.61 4.42 -1000 18.10 1.61 838.249
car -1 -1 0.00 0.00 0.00 100.00 100.00 -1000 1.84 4.85 -2.98 -1000 31.63 1.67 828.115
car -1 -1 0.00 0.00 0.00 100.00 100.00 -1000 1.67 4.06 9.47 -1000 26.03 1.71 827.681
car -1 -1 0.00 0.00 0.00 100.00 100.00 -1000 2.39 6.69 3.88 -1000 16.77 1.66 826.284
car -1 -1 0.00 0.00 0.00 100.00 100.00 -1000 1.90 5.06 -14.24 -1000 22.17 1.71 814.501
car -1 -1 0.00 0.00 0.00 100.00 100.00 -1000 1.77 4.30 -14.05 -1000 23.49 1.73 803.518
car -1 -1 0.00 0.00 0.00 100.00 100.00 -1000 1.42 3.64 -4.42 -1000 30.14 -0.22 803.352
car -1 -1 0.00 0.00 0.00 100.00 100.00 -1000 1.73 4.38 -0.87 -1000 34.50 1.65 802.426
car -1 -1 0.00 0.00 0.00 100.00 100.00 -1000 1.61 3.86 14.43 -1000 47.75 1.60 802.193
car -1 -1 0.00 0.00 0.00 100.00 100.00 -1000 1.65 4.19 -14.69 -1000 45.98 1.55 801.408
car -1 -1 0.00 0.00 0.00 100.00 100.00 -1000 1.76 4.30 7.55 -1000 41.57 1.63 800.999
car -1 -1 0.00 0.00 0.00 100.00 100.00 -1000 1.72 4.19 14.80 -1000 36.32 1.65 799.612
car -1 -1 0.00 0.00 0.00 100.00 100.00 -1000 1.91 5.21 10.56 -1000 26.86 1.65 798.071
car -1 -1 0.00 0.00 0.00 100.00 100.00 -1000 1.84 4.70 -2.64 -1000 34.00 1.69 796.138
car -1 -1 0.00 0.00 0.00 100.00 100.00 -1000 1.42 3.88 17.40 -1000 46.34 -0.15 795.421
car -1 -1 0.00 0.00 0.00 100.00 100.00 -1000 1.65 4.21 -2.04 -1000 32.53 1.72 783.703
car -1 -1 0.00 0.00 0.00 100.00 100.00 -1000 1.72 4.34 -13.46 -1000 19.42 1.79 782.574
car -1 -1 0.00 0.00 0.00 100.00 100.00 -1000 1.46 3.57 2.78 -1000 43.60 1.57 778.320
car -1 -1 0.00 0.00 0.00 100.00 100.00 -1000 1.53 3.35 -15.39 -1000 17.79 1.63 771.751
car -1 -1 0.00 0.00 0.00 100.00 100.00 -1000 1.78 4.51 -10.83 -1000 45.68 1.74 771.076
car -1 -1 0.00 0.00 0.00 100.00 100.00 -1000 1.54 3.50 16.96 -1000 35.93 1.65 770.069
car -1 -1 0.00 0.00 0.00 100.00 100.00 -1000 1.69 4.07 -15.85 -1000 19.36 1.64 760.468
car -1 -1 0.00 0.00 0.00 100.00 100.00 -1000 1.76 4.27 10.12 -1000 24.80 1.75 758.455
car -1 -1 0.00 0.00 0.00 100.00 100.00 -1000 1.48 3.30 -4.83 -1000 33.19 1.60 757.929
car -1 -1 0.00 0.00 0.00 100.00 100.00 -1000 2.48 8.53 -1.64 -1000 36.51 1.67 754.987
car -1 -1 0.00 0.00 0.00 100.00 100.00 -1000 1.47 3.79 -11.82 -1000 44.29 -0.16 750.491
car -1 -1 0.00 0.00 0.00 100.00 100.00 -1000 1.64 3.69 17.51 -1000 34.04 0.01 749.017
car -1 -1 0.00 0.00 0.00 100.00 100.00 -1000 2.36 7.86 -4.03 -1000 37.15 1.65 747.479
car -1 -1 0.00 0.00 0.00 100.00 100.00 -1000 1.60 3.95 16.14 -1000 47.77 1.65 746.168
car -1 -1 0.00 0.00 0.00 100.00 100.00 -1000 1.48 3.43 15.64 -1000 35.60 -0.02 741.281
car -1 -1 0.00 0.00 0.00 100.00 100.00 -1000 1.64 3.77 9.34 -1000 39.59 1.72 741.082
car -1 -1 0.00 0.00 0.00 100.00 100.00 -1000 1.68 4.21 -13.52 -1000 25.32 1.73 739.439
car -1 -1 0.00 0.00 0.00 100.00 100.00 -1000 1.56 3.67 -14.47 -1000 28.38 -0.26 738.569
car -1 -1 0.00 0.00 0.00 100.00 100.00 -1000 2.70 8.87 6.60 -1000 18.86 1.66 736.627
car -1 -1 0.00 0.00 0.00 100.00 100.00 -1000 1.50 3.75 -6.42 -1000 32.12 1.62 718.130
car -1 -1 0.00 0.00 0.00 100.00 100.00 -1000 2.69 9.00 6.93 -1000 16.78 1.66 713.925
car -1 -1 0.00 0.00 0.00 100.00 100.00 -1000 1.81 4.59 -1.37 -1000 38.15 1.67 710.167
car -1 -1 0.00 0.00 0.00 100.00 100.00 -1000 1.56 3.52 3.83 -1000 44.41 1.69 708.100
car -1 -1 0.00 0.00 0.00 100.00 100.00 -1000 1.60 3.63 -14.63 -1000 27.35 1.69 700.767
car -1 -1 0.00 0.00 0.00 100.00 100.00 -1000 1.40 3.14 -15.42 -1000 27.94 -0.22 699.473
car -1 -1 0.00 0.00 0.00 100.00 100.00 -1000 1.64 3.85 -11.93 -1000 47.08 1.72 698.718
car -1 -1 0.00 0.00 0.00 100.00 100.00 -1000 1.60 3.88 -15.88 -1000 28.62 1.68 693.484
car -1 -1 0.00 0.00 0.00 100.00 100.00 -1000 1.46 3.34 13.95 -1000 46.76 1.58 690.161
car -1 -1 0.00 0.00 0.00 100.00 100.00 -1000 1.88 5.43 11.20 -1000 25.43 1.79 688.095
car -1 -1 0.00 0.00 0.00 100.00 100.00 -1000 1.40 3.69 -14.35 -1000 17.14 -0.11 671.167
car -1 -1 0.00 0.00 0.00 100.00 100.00 -1000 1.64 3.63 1.33 -1000 45.87 1.57 671.042
car -1 -1 0.00 0.00 0.00 100.00 100.00 -1000 1.38 3.25 -16.43 -1000 27.53 -0.24 666.190
car -1 -1 0.00 0.00 0.00 100.00 100.00 -1000 1.96 5.88 -0.93 -1000 35.50 1.68 659.328
car -1 -1 0.00 0.00 0.00 100.00 100.00 -1000 1.79 4.69 0.10 -1000 33.94 1.64 658.159
car -1 -1 0.00 0.00 0.00 100.00 100.00 -1000 1.86 4.60 -15.66 -1000 20.56 1.64 647.082
car -1 -1 0.00 0.00 0.00 100.00 100.00 -1000 1.70 4.11 8.65 -1000 40.50 1.68 643.117
car -1 -1 0.00 0.00 0.00 100.00 100.00 -1000 1.84 4.45 14.03 -1000 37.22 1.65 640.000
car -1 -1 0.00 0.00 0.00 100.00 100.00 -1000 1.45 3.53 -15.04 -1000 24.05 -0.00 639.508
car -1 -1 0.00 0.00 0.00 100.00 100.00 -1000 1.91 4.88 -13.48 -1000 30.73 1.74 632.585
car -1 -1 0.00 0.00 0.00 100.00 100.00 -1000 2.04 5.11 4.89 -1000 47.33 1.67 631.961
car -1 -1 0.00 0.00 0.00 100.00 100.00 -1000 1.56 3.59 -15.19 -1000 39.88 1.61 622.184
car -1 -1 0.00 0.00 0.00 100.00 100.00 -1000 1.66 4.39 -13.01 -1000 29.05 1.76 619.033
car -1 -1 0.00 0.00 0.00 100.00 100.00 -1000 1.84 4.77 -10.57 -1000 40.01 1.60 613.955
car -1 -1 0.00 0.00 0.00 100.00 100.00 -1000 1.69 4.56 5.39 -1000 15.06 1.74 609.115
car -1 -1 0.00 0.00 0.00 100.00 100.00 -1000 1.47 3.46 16.02 -1000 34.79 1.59 600.768
car -1 -1 0.00 0.00 0.00 100.00 100.00 -1000 2.35 7.18 11.21 -1000 27.78 1.74 588.624
car -1 -1 0.00 0.00 0.00 100.00 100.00 -1000 1.70 4.25 19.07 -1000 43.24 1.62 585.325
car -1 -1 0.00 0.00 0.00 100.00 100.00 -1000 1.80 5.32 -1.00 -1000 33.20 1.75 583.141
car -1 -1 0.00 0.00 0.00 100.00 100.00 -1000 2.01 5.82 -13.02 -1000 20.68 1.76 580.648
car -1 -1 0.00 0.00 0.00 100.00 100.00 -1000 1.59 3.87 4.19 -1000 43.47 1.63 576.714
car -1 -1 0.00 0.00 0.00 100.00 100.00 -1000 1.67 3.66 10.41 -1000 38.70 1.59 574.638
car -1 -1 0.00 0.00 0.00 100.00 100.00 -1000 1.79 4.25 -15.44 -1000 22.97 1.66 571.390
car -1 -1 0.00 0.00 0.00 100.00 100.00 -1000 1.46 3.99 9.34 -1000 47.30 -0.14 566.397
car -1 -1 0.00 0.00 0.00 100.00 100.00 -1000 2.01 6.01 -4.43 -1000 35.95 1.62 553.043
car -1 -1 0.00 0.00 0.00 100.00 100.00 -1000 1.83 4.47 12.21 -1000 36.78 1.65 552.246
car -1 -1 0.00 0.00 0.00 100.00 100.00 -1000 1.86 5.13 12.33 -1000 26.18 1.72 548.324
car -1 -1 0.00 0.00 0.00 100.00 100.00 -1000 1.91 4.75 12.58 -1000 37.73 1.70 547.440
car -1 -1 0.00 0.00 0.00 100.00 100.00 -1000 1.90 5.17 11.43 -1000 24.38 1.72 547.258
car -1 -1 0.00 0.00 0.00 100.00 100.00 -1000 1.73 4.31 -3.68 -1000 38.88 1.65 546.843
car -1 -1 0.00 0.00 0.00 100.00 100.00 -1000 1.84 4.40 7.59 -1000 42.50 1.67 542.769
car -1 -1 0.00 0.00 0.00 100.00 100.00 -1000 1.82 4.85 -2.54 -1000 30.81 1.70 538.482
car -1 -1 0.00 0.00 0.00 100.00 100.00 -1000 1.79 4.69 -16.05 -1000 21.72 1.60 534.582
car -1 -1 0.00 0.00 0.00 100.00 100.00 -1000 1.67 4.05 0.55 -1000 45.05 1.60 530.874
car -1 -1 0.00 0.00 0.00 100.00 100.00 -1000 1.64 4.23 -0.74 -1000 32.06 1.69 529.862
car -1 -1 0.00 0.00 0.00 100.00 100.00 -1000 2.25 7.09 -11.59 -1000 21.41 1.76 528.413
car -1 -1 0.00 0.00 0.00 100.00 100.00 -1000 2.12 6.77 -12.07 -1000 34.00 1.72 525.441
car -1 -1 0.00 0.00 0.00 100.00 100.00 -1000 2.27 7.23 -6.07 -1000 36.42 1.59 523.803
car -1 -1 0.00 0.00 0.00 100.00 100.00 -1000 1.68 3.95 6.70 -1000 13.84 1.79 521.641
car -1 -1 0.00 0.00 0.00 100.00 100.00 -1000 1.88 5.13 -14.11 -1000 33.36 1.66 518.833
car -1 -1 0.00 0.00 0.00 100.00 100.00 -1000 1.72 4.44 14.08 -1000 35.59 1.63 506.985
car -1 -1 0.00 0.00 0.00 100.00 100.00 -1000 1.75 4.14 -15.46 -1000 32.73 1.62 506.054
car -1 -1 0.00 0.00 0.00 100.00 100.00 -1000 1.84 4.52 16.95 -1000 43.17 1.59 504.709
car -1 -1 0.00 0.00 0.00 100.00 100.00 -1000 2.10 6.12 -12.79 -1000 35.19 1.62 504.681
car -1 -1 0.00 0.00 0.00 100.00 100.00 -1000 1.90 4.63 -13.73 -1000 46.85 1.60 504.678
car -1 -1 0.00 0.00 0.00 100.00 100.00 -1000 1.84 4.26 1.32 -1000 37.80 1.61 500.309
car -1 -1 0.00 0.00 0.00 100.00 100.00 -1000 2.07 6.04 0.25 -1000 37.17 1.63 498.062
car -1 -1 0.00 0.00 0.00 100.00 100.00 -1000 2.23 6.60 8.29 -1000 15.91 1.78 496.246
car -1 -1 0.00 0.00 0.00 100.00 100.00 -1000 1.74 3.84 11.75 -1000 38.45 1.68 496.021
car -1 -1 0.00 0.00 0.00 100.00 100.00 -1000 1.77 4.07 -8.56 -1000 35.93 1.63 494.471
car -1 -1 0.00 0.00 0.00 100.00 100.00 -1000 1.90 5.38 -12.07 -1000 33.00 1.72 492.344
car -1 -1 0.00 0.00 0.00 100.00 100.00 -1000 2.40 9.31 8.08 -1000 18.06 1.73 490.444
car -1 -1 0.00 0.00 0.00 100.00 100.00 -1000 2.33 6.79 6.19 -1000 27.72 1.61 478.772
car -1 -1 0.00 0.00 0.00 100.00 100.00 -1000 1.77 4.70 -15.95 -1000 46.40 1.63 477.022
car -1 -1 0.00 0.00 0.00 100.00 100.00 -1000 1.57 3.16 15.42 -1000 43.51 0.08 476.651
car -1 -1 0.00 0.00 0.00 100.00 100.00 -1000 1.69 4.26 -14.41 -1000 44.74 -0.16 476.017
car -1 -1 0.00 0.00 0.00 100.00 100.00 -1000 1.83 4.56 -5.52 -1000 39.07 1.64 475.109
car -1 -1 0.00 0.00 0.00 100.00 100.00 -1000 1.78 4.40 -12.90 -1000 31.49 1.69 470.372
car -1 -1 0.00 0.00 0.00 100.00 100.00 -1000 1.52 3.63 8.87 -1000 23.44 1.52 462.977
car -1 -1 0.00 0.00 0.00 100.00 100.00 -1000 1.61 4.38 19.13 -1000 42.03 1.61 462.932
car -1 -1 0.00 0.00 0.00 100.00 100.00 -1000 1.81 4.61 6.81 -1000 14.66 1.82 456.222
car -1 -1 0.00 0.00 0.00 100.00 100.00 -1000 1.82 4.51 -7.48 -1000 45.09 1.70 453.216
car -1 -1 0.00 0.00 0.00 100.00 100.00 -1000 2.06 6.05 -6.05 -1000 38.01 1.69 450.104
car -1 -1 0.00 0.00 0.00 100.00 100.00 -1000 1.93 5.86 6.02 -1000 15.89 1.72 448.264
car -1 -1 0.00 0.00 0.00 100.00 100.00 -1000 1.57 3.63 18.40 -1000 33.19 1.45 445.577
car -1 -1 0.00 0.00 0.00 100.00 100.00 -1000 1.43 3.55 5.48 -1000 46.00 0.03 445.364
car -1 -1 0.00 0.00 0.00 100.00 100.00 -1000 1.79 4.39 -8.21 -1000 39.90 1.59 444.113
car -1 -1 0.00 0.00 0.00 100.00 100.00 -1000 2.45 7.95 3.34 -1000 19.07 1.68 444.023
car -1 -1 0.00 0.00 0.00 100.00 100.00 -1000 1.86 5.19 -11.59 -1000 18.29 1.84 436.201
car -1 -1 0.00 0.00 0.00 100.00 100.00 -1000 1.58 3.59 -11.42 -1000 43.56 1.57 435.974
car -1 -1 0.00 0.00 0.00 100.00 100.00 -1000 2.33 5.51 14.78 -1000 43.71 0.03 432.294
car -1 -1 0.00 0.00 0.00 100.00 100.00 -1000 1.58 3.41 7.58 -1000 24.86 1.55 429.343
car -1 -1 0.00 0.00 0.00 100.00 100.00 -1000 1.71 4.50 -17.00 -1000 28.19 1.58 426.488
car -1 -1 0.00 0.00 0.00 100.00 100.00 -1000 1.94 5.38 -11.43 -1000 31.04 1.71 425.784
car -1 -1 0.00 0.00 0.00 100.00 100.00 -1000 1.82 5.05 -11.20 -1000 19.82 1.83 424.618
car -1 -1 0.00 0.00 0.00 100.00 100.00 -1000 1.77 4.66 -16.85 -1000 47.18 1.62 414.592
car -1 -1 0.00 0.00 0.00 100.00 100.00 -1000 1.59 3.84 17.49 -1000 43.90 1.67 412.958
car -1 -1 0.00 0.00 0.00 100.00 100.00 -1000 2.06 5.99 -10.00 -1000 20.64 1.78 412.927
car -1 -1 0.00 0.00 0.00 100.00 100.00 -1000 1.63 3.98 10.10 -1000 37.93 1.56 411.575
car -1 -1 0.00 0.00 0.00 100.00 100.00 -1000 1.90 4.69 -14.16 -1000 26.17 1.69 411.458
car -1 -1 0.00 0.00 0.00 100.00 100.00 -1000 1.50 3.63 -16.66 -1000 19.93 0.05 411.430
car -1 -1 0.00 0.00 0.00 100.00 100.00 -1000 1.49 3.36 7.30 -1000 38.71 1.59 408.968
car -1 -1 0.00 0.00 0.00 100.00 100.00 -1000 1.54 3.80 17.70 -1000 42.55 -0.13 407.769
car -1 -1 0.00 0.00 0.00 100.00 100.00 -1000 1.97 5.19 7.92 -1000 22.78 1.67 406.589
car -1 -1 0.00 0.00 0.00 100.00 100.00 -1000 1.63 4.17 -16.82 -1000 18.86 1.63 400.051
car -1 -1 0.00 0.00 0.00 100.00 100.00 -1000 2.00 5.67 -6.50 -1000 34.32 1.60 398.785
car -1 -1 0.00 0.00 0.00 100.00 100.00 -1000 1.82 4.56 -9.84 -1000 44.77 1.71 392.634
car -1 -1 0.00 0.00 0.00 100.00 100.00 -1000 1.83 5.35 -11.81 -1000 25.82 1.84 383.805
car -1 -1 0.00 0.00 0.00 100.00 100.00 -1000 2.13 5.98 -14.34 -1000 34.71 1.64 381.988
car -1 -1 0.00 0.00 0.00 100.00 100.00 -1000 1.87 5.01 -12.55 -1000 23.99 1.72 379.871
car -1 -1 0.00 0.00 0.00 100.00 100.00 -1000 1.71 4.66 -12.65 -1000 39.97 1.66 379.370
car -1 -1 0.00 0.00 0.00 100.00 100.00 -1000 2.06 5.23 2.45 -1000 16.06 1.68 378.794
car -1 -1 0.00 0.00 0.00 100.00 100.00 -1000 2.40 7.04 1.54 -1000 17.45 1.71 378.114
car -1 -1 0.00 0.00 0.00 100.00 100.00 -1000 1.87 4.40 -6.79 -1000 39.50 1.61 375.677
car -1 -1 0.00 0.00 0.00 100.00 100.00 -1000 1.36 3.06 12.48 -1000 46.73 1.61 375.247
car -1 -1 0.00 0.00 0.00 100.00 100.00 -1000 1.70 4.18 1.07 -1000 43.56 1.62 372.761
car -1 -1 0.00 0.00 0.00 100.00 100.00 -1000 1.86 4.98 -1.07 -1000 31.21 1.68 371.482
car -1 -1 0.00 0.00 0.00 100.00 100.00 -1000 1.66 3.79 8.02 -1000 25.82 1.62 371.165
car -1 -1 0.00 0.00 0.00 100.00 100.00 -1000 1.67 4.17 -9.47 -1000 46.27 1.69 368.199
car -1 -1 0.00 0.00 0.00 100.00 100.00 -1000 1.53 3.68 8.57 -1000 46.76 1.53 367.998
car -1 -1 0.00 0.00 0.00 100.00 100.00 -1000 2.04 6.34 11.82 -1000 28.77 1.64 365.189
car -1 -1 0.00 0.00 0.00 100.00 100.00 -1000 1.68 4.21 6.70 -1000 35.45 1.62 362.630
car -1 -1 0.00 0.00 0.00 100.00 100.00 -1000 2.04 5.34 6.19 -1000 26.49 1.66 360.961
car -1 -1 0.00 0.00 0.00 100.00 100.00 -1000 1.50 3.08 7.27 -1000 24.14 1.56 359.854
car -1 -1 0.00 0.00 0.00 100.00 100.00 -1000 1.75 4.44 8.35 -1000 14.28 1.85 358.435
car -1 -1 0.00 0.00 0.00 100.00 100.00 -1000 1.85 5.48 -11.80 -1000 29.96 1.75 358.416
car -1 -1 0.00 0.00 0.00 100.00 100.00 -1000 1.85 5.24 12.95 -1000 24.73 1.76 357.924
car -1 -1 0.00 0.00 0.00 100.00 100.00 -1000 2.29 7.15 16.84 -1000 37.92 1.61 356.336
car -1 -1 0.00 0.00 0.00 100.00 100.00 -1000 1.74 4.58 17.59 -1000 47.13 1.78 349.697
car -1 -1 0.00 0.00 0.00 100.00 100.00 -1000 2.03 4.78 -12.88 -1000 17.53 1.73 345.978
car -1 -1 0.00 0.00 0.00 100.00 100.00 -1000 1.67 4.17 10.74 -1000 39.92 1.71 339.356
car -1 -1 0.00 0.00 0.00 100.00 100.00 -1000 1.38 4.03 15.49 -1000 46.33 -0.10 338.860
car -1 -1 0.00 0.00 0.00 100.00 100.00 -1000 2.20 6.39 12.81 -1000 27.04 1.77 338.561
car -1 -1 0.00 0.00 0.00 100.00 100.00 -1000 1.86 5.23 0.31 -1000 32.74 1.74 337.310
car -1 -1 0.00 0.00 0.00 100.00 100.00 -1000 1.81 4.77 3.09 -1000 46.76 1.64 335.529
car -1 -1 0.00 0.00 0.00 100.00 100.00 -1000 1.79 4.97 4.58 -1000 12.18 1.29 334.826
car -1 -1 0.00 0.00 0.00 100.00 100.00 -1000 1.72 4.20 -11.59 -1000 40.57 1.72 331.339
car -1 -1 0.00 0.00 0.00 100.00 100.00 -1000 1.66 4.27 -17.14 -1000 20.82 1.62 328.190
car -1 -1 0.00 0.00 0.00 100.00 100.00 -1000 1.99 4.93 13.17 -1000 45.24 1.66 324.039
car -1 -1 0.00 0.00 0.00 100.00 100.00 -1000 2.14 5.40 6.92 -1000 19.69 1.71 323.330
car -1 -1 0.00 0.00 0.00 100.00 100.00 -1000 1.74 4.70 7.05 -1000 40.81 1.64 322.290
car -1 -1 0.00 0.00 0.00 100.00 100.00 -1000 1.96 5.44 -10.63 -1000 35.19 1.63 321.116
car -1 -1 0.00 0.00 0.00 100.00 100.00 -1000 1.83 5.48 -10.30 -1000 19.02 1.85 320.668
car -1 -1 0.00 0.00 0.00 100.00 100.00 -1000 1.88 4.57 -16.28 -1000 29.75 1.63 318.137
car -1 -1 0.00 0.00 0.00 100.00 100.00 -1000 1.81 4.35 -13.19 -1000 27.88 1.77 315.121
car -1 -1 0.00 0.00 0.00 100.00 100.00 -1000 1.77 3.91 -12.86 -1000 47.60 1.57 314.075
car -1 -1 0.00 0.00 0.00 100.00 100.00 -1000 2.44 7.46 11.17 -1000 29.81 1.57 311.545
car -1 -1 0.00 0.00 0.00 100.00 100.00 -1000 1.52 3.80 6.86 -1000 46.48 1.69 309.538
car -1 -1 0.00 0.00 0.00 100.00 100.00 -1000 1.50 3.82 -15.32 -1000 45.35 1.62 307.631
car -1 -1 0.00 0.00 0.00 100.00 100.00 -1000 1.93 4.25 -16.64 -1000 22.51 1.55 304.695
car -1 -1 0.00 0.00 0.00 100.00 100.00 -1000 1.69 5.08 -10.07 -1000 38.86 1.64 303.107
car -1 -1 0.00 0.00 0.00 100.00 100.00 -1000 1.87 5.36 -9.81 -1000 30.66 1.71 297.697
car -1 -1 0.00 0.00 0.00 100.00 100.00 -1000 2.01 5.26 -9.91 -1000 47.35 1.67 297.453
car -1 -1 0.00 0.00 0.00 100.00 100.00 -1000 1.64 3.91 -10.59 -1000 31.87 1.61 297.296
car -1 -1 0.00 0.00 0.00 100.00 100.00 -1000 1.50 5.61 2.54 -1000 14.17 0.10 296.983
car -1 -1 0.00 0.00 0.00 100.00 100.00 -1000 1.84 4.20 3.06 -1000 37.72 1.62 295.580
car -1 -1 0.00 0.00 0.00 100.00 100.00 -1000 1.90 5.54 -11.39 -1000 24.67 1.79 290.264
car -1 -1 0.00 0.00 0.00 100.00 100.00 -1000 1.74 4.68 0.04 -1000 44.23 1.67 290.246
car -1 -1 0.00 0.00 0.00 100.00 100.00 -1000 2.06 5.84 8.75 -1000 27.96 1.63 282.569
car -1 -1 0.00 0.00 0.00 100.00 100.00 -1000 1.74 4.89 -2.82 -1000 29.83 1.63 281.927
car -1 -1 0.00 0.00 0.00 100.00 100.00 -1000 1.53 4.12 13.05 -1000 36.18 0.11 280.057
car -1 -1 0.00 0.00 0.00 100.00 100.00 -1000 1.50 3.68 16.94 -1000 41.87 1.56 279.693
car -1 -1 0.00 0.00 0.00 100.00 100.00 -1000 1.85 5.50 8.78 -1000 15.04 1.81 278.101
car -1 -1 0.00 0.00 0.00 100.00 100.00 -1000 1.98 5.88 -10.32 -1000 22.04 1.71 274.178
car -1 -1 0.00 0.00 0.00 100.00 100.00 -1000 1.96 5.49 9.89 -1000 41.53 1.66 273.874
car -1 -1 0.00 0.00 0.00 100.00 100.00 -1000 2.21 6.05 6.76 -1000 28.76 1.63 273.627
car -1 -1 0.00 0.00 0.00 100.00 100.00 -1000 1.98 4.60 4.59 -1000 37.00 1.63 272.446
car -1 -1 0.00 0.00 0.00 100.00 100.00 -1000 1.64 3.57 5.07 -1000 44.81 1.56 271.773
car -1 -1 0.00 0.00 0.00 100.00 100.00 -1000 1.88 5.03 -14.16 -1000 35.71 1.68 269.623
car -1 -1 0.00 0.00 0.00 100.00 100.00 -1000 1.92 5.47 -10.03 -1000 34.33 1.71 268.423
car -1 -1 0.00 0.00 0.00 100.00 100.00 -1000 1.41 4.05 6.69 -1000 34.63 -0.02 267.949
car -1 -1 0.00 0.00 0.00 100.00 100.00 -1000 2.00 6.29 1.23 -1000 36.39 1.65 267.057
car -1 -1 0.00 0.00 0.00 100.00 100.00 -1000 1.63 3.72 -9.34 -1000 40.40 1.74 267.010
car -1 -1 0.00 0.00 0.00 100.00 100.00 -1000 1.97 5.62 -10.15 -1000 25.40 1.74 266.394
car -1 -1 0.00 0.00 0.00 100.00 100.00 -1000 1.79 5.11 -10.96 -1000 29.00 1.72 264.718
car -1 -1 0.00 0.00 0.00 100.00 100.00 -1000 1.85 4.39 5.76 -1000 13.28 1.71 263.131
car -1 -1 0.00 0.00 0.00 100.00 100.00 -1000 2.00 5.17 -7.44 -1000 31.59 1.60 262.770
car -1 -1 0.00 0.00 0.00 100.00 100.00 -1000 1.31 3.35 19.73 -1000 32.99 -0.21 260.420
car -1 -1 0.00 0.00 0.00 100.00 100.00 -1000 1.82 4.45 6.03 -1000 43.03 1.62 253.937
car -1 -1 0.00 0.00 0.00 100.00 100.00 -1000 1.88 4.23 1.44 -1000 34.46 1.63 252.376
car -1 -1 0.00 0.00 0.00 100.00 100.00 -1000 1.73 5.01 -7.54 -1000 38.75 1.60 247.829
car -1 -1 0.00 0.00 0.00 100.00 100.00 -1000 1.94 4.78 3.07 -1000 33.81 1.61 247.167
car -1 -1 0.00 0.00 0.00 100.00 100.00 -1000 1.83 4.94 7.64 -1000 47.38 1.62 243.260
car -1 -1 0.00 0.00 0.00 100.00 100.00 -1000 1.85 5.11 8.30 -1000 26.92 1.61 243.199
car -1 -1 0.00 0.00 0.00 100.00 100.00 -1000 1.60 3.24 -15.73 -1000 38.75 1.62 241.628
car -1 -1 0.00 0.00 0.00 100.00 100.00 -1000 1.87 4.91 5.97 -1000 41.99 1.60 232.724
car -1 -1 0.00 0.00 0.00 100.00 100.00 -1000 1.95 4.27 19.30 -1000 25.75 1.62 232.407
car -1 -1 0.00 0.00 0.00 100.00 100.00 -1000 1.89 3.79 2.24 -1000 15.04 1.72 229.779
car -1 -1 0.00 0.00 0.00 100.00 100.00 -1000 1.56 4.03 -15.85 -1000 30.75 0.08 228.954
car -1 -1 0.00 0.00 0.00 100.00 100.00 -1000 1.67 4.31 -15.60 -1000 26.83 0.01 228.292
car -1 -1 0.00 0.00 0.00 100.00 100.00 -1000 1.65 4.40 -16.41 -1000 31.83 1.62 227.292
car -1 -1 0.00 0.00 0.00 100.00 100.00 -1000 1.78 4.53 18.05 -1000 36.62 1.68 226.828
car -1 -1 0.00 0.00 0.00 100.00 100.00 -1000 1.83 4.39 6.22 -1000 33.78 1.59 226.787
