car -1 -1 0.00 0.00 0.00 100.00 100.00 -1000 1.59 3.82 -10.80 -1000 18.70 1.56 999.674
car -1 -1 0.00 0.00 0.00 100.00 100.00 -1000 1.62 3.43 0.12 -1000 30.30 1.67 999.474
car -1 -1 0.00 0.00 0.00 100.00 100.00 -1000 1.63 3.99 -10.66 -1000 20.19 1.60 998.219
car -1 -1 0.00 0.00 0.00 100.00 100.00 -1000 1.68 4.14 3.76 -1000 14.61 -0.31 997.112
car -1 -1 0.00 0.00 0.00 100.00 100.00 -1000 1.61 3.84 -10.69 -1000 14.13 1.59 996.916
car -1 -1 0.00 0.00 0.00 100.00 100.00 -1000 1.67 3.68 -11.15 -1000 17.96 -0.32 994.422
car -1 -1 0.00 0.00 0.00 100.00 100.00 -1000 1.56 3.72 -10.95 -1000 13.10 -0.45 993.247
car -1 -1 0.00 0.00 0.00 100.00 100.00 -1000 1.61 3.53 4.26 -1000 15.29 1.72 992.371
car -1 -1 0.00 0.00 0.00 100.00 100.00 -1000 1.53 3.46 -0.18 -1000 29.34 -0.19 991.016
car -1 -1 0.00 0.00 0.00 100.00 100.00 -1000 1.72 3.88 3.80 -1000 18.14 -0.29 986.187
car -1 -1 0.00 0.00 0.00 100.00 100.00 -1000 2.86 10.70 1.42 -1000 33.90 1.44 980.384
car -1 -1 0.00 0.00 0.00 100.00 100.00 -1000 1.61 3.48 3.54 -1000 21.38 -0.31 979.340
car -1 -1 0.00 0.00 0.00 100.00 100.00 -1000 1.57 3.87 3.98 -1000 25.18 -0.41 976.021
car -1 -1 0.00 0.00 0.00 100.00 100.00 -1000 2.19 6.55 -2.56 -1000 32.83 1.56 969.567
car -1 -1 0.00 0.00 0.00 100.00 100.00 -1000 1.73 4.33 -1.45 -1000 30.89 1.55 967.753
car -1 -1 0.00 0.00 0.00 100.00 100.00 -1000 3.11 10.60 -1.38 -1000 34.47 1.52 967.404
car -1 -1 0.00 0.00 0.00 100.00 100.00 -1000 1.97 5.18 2.74 -1000 32.77 1.60 963.048
car -1 -1 0.00 0.00 0.00 100.00 100.00 -1000 1.59 3.83 -10.49 -1000 15.58 1.59 954.199
car -1 -1 0.00 0.00 0.00 100.00 100.00 -1000 1.62 3.77 3.61 -1000 19.00 1.65 953.018
car -1 -1 0.00 0.00 0.00 100.00 100.00 -1000 1.57 3.76 0.05 -1000 31.12 1.62 951.043
car -1 -1 0.00 0.00 0.00 100.00 100.00 -1000 1.59 3.74 5.24 -1000 15.73 1.74 950.532
car -1 -1 0.00 0.00 0.00 100.00 100.00 -1000 1.39 3.59 -10.31 -1000 12.46 -0.37 948.137
car -1 -1 0.00 0.00 0.00 100.00 100.00 -1000 1.57 3.65 17.50 -1000 25.19 1.60 935.401
car -1 -1 0.00 0.00 0.00 100.00 100.00 -1000 2.72 7.81 -0.55 -1000 33.22 1.59 932.146
car -1 -1 0.00 0.00 0.00 100.00 100.00 -1000 1.53 3.65 3.06 -1000 25.77 1.70 926.494
car -1 -1 0.00 0.00 0.00 100.00 100.00 -1000 1.53 3.50 3.61 -1000 22.43 1.70 925.004
car -1 -1 0.00 0.00 0.00 100.00 100.00 -1000 1.68 4.04 3.56 -1000 32.04 -0.23 923.389
car -1 -1 0.00 0.00 0.00 100.00 100.00 -1000 1.31 3.65 0.87 -1000 29.00 -0.06 920.865
car -1 -1 0.00 0.00 0.00 100.00 100.00 -1000 3.06 11.27 1.62 -1000 35.16 1.60 917.508
car -1 -1 0.00 0.00 0.00 100.00 100.00 -1000 1.61 3.84 2.72 -1000 39.95 1.61 917.315
car -1 -1 0.00 0.00 0.00 100.00 100.00 -1000 1.71 3.98 -10.17 -1000 21.20 1.65 916.127
car -1 -1 0.00 0.00 0.00 100.00 100.00 -1000 1.54 3.82 5.32 -1000 16.83 1.56 914.998
car -1 -1 0.00 0.00 0.00 100.00 100.00 -1000 1.45 3.20 3.81 -1000 16.04 1.56 909.993
car -1 -1 0.00 0.00 0.00 100.00 100.00 -1000 1.62 3.91 -3.49 -1000 42.80 1.62 904.382
car -1 -1 0.00 0.00 0.00 100.00 100.00 -1000 1.46 3.34 -10.20 -1000 17.31 -0.32 904.278
car -1 -1 0.00 0.00 0.00 100.00 100.00 -1000 1.62 3.78 15.09 -1000 36.81 1.63 898.685
car -1 -1 0.00 0.00 0.00 100.00 100.00 -1000 1.56 3.63 1.32 -1000 30.58 1.67 894.324
car -1 -1 0.00 0.00 0.00 100.00 100.00 -1000 1.73 4.50 4.96 -1000 18.58 -0.31 890.746
car -1 -1 0.00 0.00 0.00 100.00 100.00 -1000 1.54 3.87 -9.99 -1000 14.84 1.73 884.706
car -1 -1 0.00 0.00 0.00 100.00 100.00 -1000 2.04 5.50 6.37 -1000 17.32 1.66 881.584
car -1 -1 0.00 0.00 0.00 100.00 100.00 -1000 1.58 3.76 -3.11 -1000 30.92 1.56 877.018
car -1 -1 0.00 0.00 0.00 100.00 100.00 -1000 1.62 4.26 4.61 -1000 17.50 -0.13 876.843
car -1 -1 0.00 0.00 0.00 100.00 100.00 -1000 1.26 2.48 15.40 -1000 35.75 -0.10 864.936
car -1 -1 0.00 0.00 0.00 100.00 100.00 -1000 1.26 3.32 2.98 -1000 24.56 -0.16 858.908
car -1 -1 0.00 0.00 0.00 100.00 100.00 -1000 2.00 5.39 16.14 -1000 28.22 1.65 858.206
car -1 -1 0.00 0.00 0.00 100.00 100.00 -1000 1.71 3.90 1.35 -1000 29.71 1.71 853.022
car -1 -1 0.00 0.00 0.00 100.00 100.00 -1000 2.12 5.54 -0.83 -1000 31.80 1.57 847.762
car -1 -1 0.00 0.00 0.00 100.00 100.00 -1000 1.63 3.83 -3.09 -1000 32.28 1.57 843.883
car -1 -1 0.00 0.00 0.00 100.00 100.00 -1000 1.75 4.61 -6.68 -1000 43.27 1.61 843.111
car -1 -1 0.00 0.00 0.00 100.00 100.00 -1000 1.70 4.09 1.92 -1000 31.41 1.67 835.890
car -1 -1 0.00 0.00 0.00 100.00 100.00 -1000 1.51 3.56 19.02 -1000 25.19 1.66 834.733
car -1 -1 0.00 0.00 0.00 100.00 100.00 -1000 1.64 3.86 -16.79 -1000 20.88 1.71 830.885
car -1 -1 0.00 0.00 0.00 100.00 100.00 -1000 1.74 4.60 3.82 -1000 20.07 1.66 829.785
car -1 -1 0.00 0.00 0.00 100.00 100.00 -1000 1.56 3.71 -4.62 -1000 43.38 1.66 822.654
car -1 -1 0.00 0.00 0.00 100.00 100.00 -1000 1.62 3.98 -7.97 -1000 43.82 1.61 812.805
car -1 -1 0.00 0.00 0.00 100.00 100.00 -1000 1.83 4.71 3.65 -1000 33.68 1.71 809.855
car -1 -1 0.00 0.00 0.00 100.00 100.00 -1000 1.54 3.69 18.25 -1000 40.65 1.62 802.144
car -1 -1 0.00 0.00 0.00 100.00 100.00 -1000 1.62 3.75 2.75 -1000 30.19 1.70 797.442
car -1 -1 0.00 0.00 0.00 100.00 100.00 -1000 1.72 4.22 -9.12 -1000 19.40 1.74 797.255
car -1 -1 0.00 0.00 0.00 100.00 100.00 -1000 1.90 4.71 6.33 -1000 18.18 1.69 795.245
car -1 -1 0.00 0.00 0.00 100.00 100.00 -1000 1.67 3.73 5.33 -1000 14.68 1.77 794.821
car -1 -1 0.00 0.00 0.00 100.00 100.00 -1000 1.90 4.88 -9.09 -1000 21.71 1.70 781.178
car -1 -1 0.00 0.00 0.00 100.00 100.00 -1000 1.66 4.03 4.05 -1000 23.26 1.68 777.910
car -1 -1 0.00 0.00 0.00 100.00 100.00 -1000 1.35 3.20 2.85 -1000 39.04 -0.23 771.885
car -1 -1 0.00 0.00 0.00 100.00 100.00 -1000 1.51 3.45 -0.99 -1000 29.91 0.03 766.841
car -1 -1 0.00 0.00 0.00 100.00 100.00 -1000 1.79 4.45 16.22 -1000 27.29 1.60 764.820
car -1 -1 0.00 0.00 0.00 100.00 100.00 -1000 1.79 4.80 -9.16 -1000 43.29 1.65 764.493
car -1 -1 0.00 0.00 0.00 100.00 100.00 -1000 1.72 4.15 6.56 -1000 16.27 1.73 760.386
car -1 -1 0.00 0.00 0.00 100.00 100.00 -1000 1.75 4.20 2.63 -1000 40.99 1.65 760.239
car -1 -1 0.00 0.00 0.00 100.00 100.00 -1000 1.60 3.98 2.48 -1000 45.13 1.64 751.519
car -1 -1 0.00 0.00 0.00 100.00 100.00 -1000 1.74 4.13 4.88 -1000 33.07 1.69 748.759
car -1 -1 0.00 0.00 0.00 100.00 100.00 -1000 1.83 4.60 16.15 -1000 26.18 1.68 744.573
car -1 -1 0.00 0.00 0.00 100.00 100.00 -1000 1.53 3.44 16.60 -1000 24.73 1.59 739.318
car -1 -1 0.00 0.00 0.00 100.00 100.00 -1000 1.54 3.66 -9.14 -1000 13.82 1.75 734.183
car -1 -1 0.00 0.00 0.00 100.00 100.00 -1000 1.78 4.21 -16.74 -1000 22.05 1.64 731.484
car -1 -1 0.00 0.00 0.00 100.00 100.00 -1000 1.63 4.06 4.46 -1000 21.88 -0.43 730.645
car -1 -1 0.00 0.00 0.00 100.00 100.00 -1000 1.51 3.18 17.92 -1000 24.44 1.63 721.776
car -1 -1 0.00 0.00 0.00 100.00 100.00 -1000 1.92 5.15 7.29 -1000 18.85 1.69 720.007
car -1 -1 0.00 0.00 0.00 100.00 100.00 -1000 1.67 4.03 18.18 -1000 39.85 -0.44 719.612
car -1 -1 0.00 0.00 0.00 100.00 100.00 -1000 1.60 3.62 -3.04 -1000 43.74 1.57 717.750
car -1 -1 0.00 0.00 0.00 100.00 100.00 -1000 1.64 3.69 6.80 -1000 33.37 1.63 711.091
car -1 -1 0.00 0.00 0.00 100.00 100.00 -1000 2.04 5.44 -2.41 -1000 34.63 1.64 703.640
car -1 -1 0.00 0.00 0.00 100.00 100.00 -1000 1.74 3.87 -11.39 -1000 20.79 1.58 698.152
car -1 -1 0.00 0.00 0.00 100.00 100.00 -1000 1.72 3.99 2.45 -1000 29.21 1.68 694.949
car -1 -1 0.00 0.00 0.00 100.00 100.00 -1000 1.90 4.75 5.17 -1000 19.68 1.70 686.765
car -1 -1 0.00 0.00 0.00 100.00 100.00 -1000 1.70 4.01 3.42 -1000 31.11 1.53 679.605
car -1 -1 0.00 0.00 0.00 100.00 100.00 -1000 1.72 4.14 -14.82 -1000 46.27 1.61 678.805
car -1 -1 0.00 0.00 0.00 100.00 100.00 -1000 1.75 4.50 -7.88 -1000 42.84 1.63 661.438
car -1 -1 0.00 0.00 0.00 100.00 100.00 -1000 1.78 4.36 -4.98 -1000 42.49 1.61 653.340
car -1 -1 0.00 0.00 0.00 100.00 100.00 -1000 1.59 3.56 -11.85 -1000 19.23 1.54 650.096
car -1 -1 0.00 0.00 0.00 100.00 100.00 -1000 2.07 5.88 1.14 -1000 32.12 1.68 648.084
car -1 -1 0.00 0.00 0.00 100.00 100.00 -1000 2.11 5.48 -3.06 -1000 33.79 1.62 647.128
car -1 -1 0.00 0.00 0.00 100.00 100.00 -1000 1.62 3.66 -10.58 -1000 16.58 1.51 644.215
car -1 -1 0.00 0.00 0.00 100.00 100.00 -1000 1.82 4.86 8.14 -1000 15.97 1.74 634.503
car -1 -1 0.00 0.00 0.00 100.00 100.00 -1000 1.64 3.83 -10.76 -1000 43.49 1.63 634.393
car -1 -1 0.00 0.00 0.00 100.00 100.00 -1000 1.75 3.99 4.28 -1000 24.24 1.74 631.567
car -1 -1 0.00 0.00 0.00 100.00 100.00 -1000 1.55 3.95 18.60 -1000 23.84 -0.07 623.668
car -1 -1 0.00 0.00 0.00 100.00 100.00 -1000 1.94 5.57 8.50 -1000 18.24 1.73 620.072
car -1 -1 0.00 0.00 0.00 100.00 100.00 -1000 1.94 5.54 9.36 -1000 16.67 1.71 618.804
car -1 -1 0.00 0.00 0.00 100.00 100.00 -1000 1.61 3.84 14.04 -1000 36.41 1.62 618.181
car -1 -1 0.00 0.00 0.00 100.00 100.00 -1000 1.97 5.68 -7.90 -1000 21.03 1.73 615.856
car -1 -1 0.00 0.00 0.00 100.00 100.00 -1000 1.93 5.53 -10.25 -1000 22.29 1.65 612.566
car -1 -1 0.00 0.00 0.00 100.00 100.00 -1000 1.94 5.09 -16.09 -1000 22.91 1.60 612.080
car -1 -1 0.00 0.00 0.00 100.00 100.00 -1000 1.49 3.55 -16.63 -1000 19.98 -0.28 611.283
car -1 -1 0.00 0.00 0.00 100.00 100.00 -1000 2.22 6.27 1.92 -1000 35.78 1.69 606.828
car -1 -1 0.00 0.00 0.00 100.00 100.00 -1000 1.45 3.38 4.88 -1000 13.99 -0.20 601.172
car -1 -1 0.00 0.00 0.00 100.00 100.00 -1000 1.83 4.24 6.61 -1000 15.07 1.70 594.293
car -1 -1 0.00 0.00 0.00 100.00 100.00 -1000 1.63 4.06 5.02 -1000 22.79 1.70 585.204
car -1 -1 0.00 0.00 0.00 100.00 100.00 -1000 1.89 4.67 3.38 -1000 26.72 1.60 581.223
car -1 -1 0.00 0.00 0.00 100.00 100.00 -1000 1.65 3.68 6.69 -1000 32.36 1.66 579.730
car -1 -1 0.00 0.00 0.00 100.00 100.00 -1000 1.68 3.69 -9.20 -1000 44.12 1.61 576.436
car -1 -1 0.00 0.00 0.00 100.00 100.00 -1000 1.62 3.98 -2.83 -1000 42.07 1.64 564.417
car -1 -1 0.00 0.00 0.00 100.00 100.00 -1000 1.92 5.13 -8.35 -1000 18.36 1.73 563.071
car -1 -1 0.00 0.00 0.00 100.00 100.00 -1000 1.82 5.05 -7.37 -1000 19.83 1.76 554.150
car -1 -1 0.00 0.00 0.00 100.00 100.00 -1000 1.53 4.25 4.67 -1000 20.74 -0.13 552.039
car -1 -1 0.00 0.00 0.00 100.00 100.00 -1000 1.83 4.74 18.36 -1000 41.40 1.60 548.811
car -1 -1 0.00 0.00 0.00 100.00 100.00 -1000 1.77 3.87 -6.58 -1000 44.08 1.70 545.525
car -1 -1 0.00 0.00 0.00 100.00 100.00 -1000 1.73 4.38 17.03 -1000 45.51 1.66 543.681
car -1 -1 0.00 0.00 0.00 100.00 100.00 -1000 1.65 3.92 4.99 -1000 25.74 1.73 539.348
car -1 -1 0.00 0.00 0.00 100.00 100.00 -1000 1.64 3.79 -1.78 -1000 29.11 1.66 536.409
car -1 -1 0.00 0.00 0.00 100.00 100.00 -1000 1.61 3.37 2.78 -1000 15.18 1.55 531.187
car -1 -1 0.00 0.00 0.00 100.00 100.00 -1000 1.70 4.49 7.32 -1000 31.66 1.69 528.890
car -1 -1 0.00 0.00 0.00 100.00 100.00 -1000 1.73 4.49 -8.38 -1000 15.42 1.79 522.598
car -1 -1 0.00 0.00 0.00 100.00 100.00 -1000 1.61 5.66 0.42 -1000 28.51 0.04 522.168
car -1 -1 0.00 0.00 0.00 100.00 100.00 -1000 1.70 3.97 -1.68 -1000 43.92 1.71 520.924
car -1 -1 0.00 0.00 0.00 100.00 100.00 -1000 1.72 4.60 -8.83 -1000 16.17 1.75 514.962
car -1 -1 0.00 0.00 0.00 100.00 100.00 -1000 1.62 4.09 2.09 -1000 45.91 1.61 512.659
car -1 -1 0.00 0.00 0.00 100.00 100.00 -1000 1.79 4.27 0.35 -1000 41.41 1.60 511.075
car -1 -1 0.00 0.00 0.00 100.00 100.00 -1000 1.41 3.21 -11.33 -1000 16.06 1.58 504.654
car -1 -1 0.00 0.00 0.00 100.00 100.00 -1000 1.84 4.65 15.99 -1000 29.39 1.64 501.155
car -1 -1 0.00 0.00 0.00 100.00 100.00 -1000 2.35 6.69 -0.93 -1000 35.94 1.63 497.586
car -1 -1 0.00 0.00 0.00 100.00 100.00 -1000 1.73 4.26 -2.52 -1000 29.96 1.60 497.324
car -1 -1 0.00 0.00 0.00 100.00 100.00 -1000 2.06 6.12 -8.21 -1000 22.46 1.72 492.724
car -1 -1 0.00 0.00 0.00 100.00 100.00 -1000 1.67 4.48 -6.39 -1000 42.06 1.65 492.601
car -1 -1 0.00 0.00 0.00 100.00 100.00 -1000 1.64 4.06 4.90 -1000 31.71 -0.03 487.307
car -1 -1 0.00 0.00 0.00 100.00 100.00 -1000 1.65 3.91 15.84 -1000 37.77 1.69 482.117
car -1 -1 0.00 0.00 0.00 100.00 100.00 -1000 1.69 4.21 -17.61 -1000 44.14 1.65 479.149
car -1 -1 0.00 0.00 0.00 100.00 100.00 -1000 1.77 4.47 -2.13 -1000 46.70 1.60 460.182
car -1 -1 0.00 0.00 0.00 100.00 100.00 -1000 1.43 3.51 17.99 -1000 38.69 1.57 447.963
car -1 -1 0.00 0.00 0.00 100.00 100.00 -1000 1.66 3.97 4.26 -1000 40.18 1.73 438.897
car -1 -1 0.00 0.00 0.00 100.00 100.00 -1000 1.80 3.89 -8.75 -1000 13.03 1.69 438.520
car -1 -1 0.00 0.00 0.00 100.00 100.00 -1000 2.12 6.58 -6.88 -1000 21.84 1.71 433.730
car -1 -1 0.00 0.00 0.00 100.00 100.00 -1000 1.97 4.75 -13.44 -1000 46.72 1.66 433.443
car -1 -1 0.00 0.00 0.00 100.00 100.00 -1000 1.85 4.45 6.35 -1000 20.31 1.69 426.871
car -1 -1 0.00 0.00 0.00 100.00 100.00 -1000 1.93 5.17 7.93 -1000 19.66 1.76 423.247
car -1 -1 0.00 0.00 0.00 100.00 100.00 -1000 1.62 3.98 1.48 -1000 40.39 1.59 421.509
car -1 -1 0.00 0.00 0.00 100.00 100.00 -1000 1.55 3.53 7.27 -1000 46.11 1.58 420.886
car -1 -1 0.00 0.00 0.00 100.00 100.00 -1000 1.95 4.95 0.18 -1000 36.74 1.57 414.961
car -1 -1 0.00 0.00 0.00 100.00 100.00 -1000 1.65 4.47 17.58 -1000 37.13 1.74 414.062
car -1 -1 0.00 0.00 0.00 100.00 100.00 -1000 1.60 3.34 16.85 -1000 23.91 1.61 414.040
car -1 -1 0.00 0.00 0.00 100.00 100.00 -1000 1.83 5.21 -6.40 -1000 18.67 1.77 412.392
car -1 -1 0.00 0.00 0.00 100.00 100.00 -1000 1.73 3.86 -1.19 -1000 41.77 1.64 405.087
car -1 -1 0.00 0.00 0.00 100.00 100.00 -1000 1.78 4.45 -1.42 -1000 44.75 1.72 405.026
car -1 -1 0.00 0.00 0.00 100.00 100.00 -1000 1.56 3.73 13.88 -1000 35.54 1.60 399.401
car -1 -1 0.00 0.00 0.00 100.00 100.00 -1000 1.81 4.53 3.04 -1000 27.75 1.63 394.326
car -1 -1 0.00 0.00 0.00 100.00 100.00 -1000 1.59 4.08 -7.56 -1000 14.21 1.73 393.615
car -1 -1 0.00 0.00 0.00 100.00 100.00 -1000 1.77 4.44 7.79 -1000 14.38 1.82 391.428
car -1 -1 0.00 0.00 0.00 100.00 100.00 -1000 2.11 5.77 5.02 -1000 34.34 1.67 390.625
car -1 -1 0.00 0.00 0.00 100.00 100.00 -1000 2.20 6.23 3.85 -1000 35.32 1.67 386.966
car -1 -1 0.00 0.00 0.00 100.00 100.00 -1000 1.80 3.99 -17.11 -1000 25.74 1.58 385.038
car -1 -1 0.00 0.00 0.00 100.00 100.00 -1000 1.90 6.34 4.23 -1000 13.72 -0.03 382.314
car -1 -1 0.00 0.00 0.00 100.00 100.00 -1000 1.93 4.35 -17.14 -1000 24.08 1.61 382.249
car -1 -1 0.00 0.00 0.00 100.00 100.00 -1000 1.47 4.09 19.00 -1000 39.20 -0.13 375.132
car -1 -1 0.00 0.00 0.00 100.00 100.00 -1000 1.62 3.72 -15.98 -1000 45.75 1.61 370.934
car -1 -1 0.00 0.00 0.00 100.00 100.00 -1000 2.06 5.84 8.43 -1000 20.50 1.73 369.557
car -1 -1 0.00 0.00 0.00 100.00 100.00 -1000 1.89 5.33 -5.73 -1000 20.23 1.75 364.981
car -1 -1 0.00 0.00 0.00 100.00 100.00 -1000 1.67 4.22 -15.24 -1000 20.76 1.65 364.165
car -1 -1 0.00 0.00 0.00 100.00 100.00 -1000 1.73 4.12 -6.60 -1000 38.18 1.58 364.060
car -1 -1 0.00 0.00 0.00 100.00 100.00 -1000 2.06 4.60 2.60 -1000 16.51 1.70 361.417
car -1 -1 0.00 0.00 0.00 100.00 100.00 -1000 1.87 4.95 8.81 -1000 15.17 1.78 358.217
car -1 -1 0.00 0.00 0.00 100.00 100.00 -1000 1.70 4.34 -1.82 -1000 42.86 1.67 355.440
car -1 -1 0.00 0.00 0.00 100.00 100.00 -1000 1.48 3.43 -12.34 -1000 17.69 1.58 352.016
car -1 -1 0.00 0.00 0.00 100.00 100.00 -1000 1.69 3.72 0.58 -1000 46.45 1.57 350.940
car -1 -1 0.00 0.00 0.00 100.00 100.00 -1000 2.17 6.43 -12.94 -1000 22.61 1.63 350.847
car -1 -1 0.00 0.00 0.00 100.00 100.00 -1000 1.64 3.51 -17.11 -1000 46.25 1.53 346.814
car -1 -1 0.00 0.00 0.00 100.00 100.00 -1000 1.68 4.20 4.14 -1000 29.29 1.73 345.643
car -1 -1 0.00 0.00 0.00 100.00 100.00 -1000 2.19 6.49 -10.38 -1000 23.69 1.72 344.449
car -1 -1 0.00 0.00 0.00 100.00 100.00 -1000 1.74 3.61 2.76 -1000 20.77 1.53 344.150
car -1 -1 0.00 0.00 0.00 100.00 100.00 -1000 2.03 5.76 -7.41 -1000 17.59 1.78 336.764
car -1 -1 0.00 0.00 0.00 100.00 100.00 -1000 2.00 5.49 18.21 -1000 27.48 1.68 330.606
car -1 -1 0.00 0.00 0.00 100.00 100.00 -1000 1.89 5.43 -6.88 -1000 15.85 1.77 328.752
car -1 -1 0.00 0.00 0.00 100.00 100.00 -1000 1.82 4.74 5.66 -1000 23.54 1.66 326.101
car -1 -1 0.00 0.00 0.00 100.00 100.00 -1000 1.73 4.58 -11.52 -1000 42.84 1.65 325.978
car -1 -1 0.00 0.00 0.00 100.00 100.00 -1000 1.91 5.16 8.38 -1000 21.56 1.70 325.636
car -1 -1 0.00 0.00 0.00 100.00 100.00 -1000 1.75 4.71 -15.21 -1000 22.29 1.64 324.988
car -1 -1 0.00 0.00 0.00 100.00 100.00 -1000 1.55 3.46 -14.36 -1000 45.52 -0.09 323.380
car -1 -1 0.00 0.00 0.00 100.00 100.00 -1000 1.79 3.82 -16.89 -1000 27.32 1.60 322.968
car -1 -1 0.00 0.00 0.00 100.00 100.00 -1000 1.98 5.57 -12.03 -1000 21.80 1.64 319.348
car -1 -1 0.00 0.00 0.00 100.00 100.00 -1000 1.84 4.46 -16.39 -1000 44.85 1.68 315.822
car -1 -1 0.00 0.00 0.00 100.00 100.00 -1000 1.69 4.25 1.70 -1000 22.53 1.63 314.407
car -1 -1 0.00 0.00 0.00 100.00 100.00 -1000 1.71 4.14 -16.95 -1000 38.66 1.65 314.101
car -1 -1 0.00 0.00 0.00 100.00 100.00 -1000 1.74 4.11 3.70 -1000 16.98 1.41 313.011
car -1 -1 0.00 0.00 0.00 100.00 100.00 -1000 1.61 3.70 -18.47 -1000 44.86 1.63 312.000
car -1 -1 0.00 0.00 0.00 100.00 100.00 -1000 1.74 4.08 5.66 -1000 24.94 1.62 311.914
car -1 -1 0.00 0.00 0.00 100.00 100.00 -1000 1.75 4.29 4.46 -1000 30.11 1.70 309.847
car -1 -1 0.00 0.00 0.00 100.00 100.00 -1000 1.80 4.80 7.72 -1000 22.28 1.68 308.393
car -1 -1 0.00 0.00 0.00 100.00 100.00 -1000 2.14 6.72 19.07 -1000 28.32 1.67 307.895
car -1 -1 0.00 0.00 0.00 100.00 100.00 -1000 1.92 4.70 -2.11 -1000 45.54 1.66 307.890
car -1 -1 0.00 0.00 0.00 100.00 100.00 -1000 1.81 4.99 -5.39 -1000 33.67 1.64 299.903
car -1 -1 0.00 0.00 0.00 100.00 100.00 -1000 1.70 4.29 -19.00 -1000 43.61 1.62 288.374
car -1 -1 0.00 0.00 0.00 100.00 100.00 -1000 2.19 5.07 15.98 -1000 33.97 1.50 287.517
car -1 -1 0.00 0.00 0.00 100.00 100.00 -1000 1.73 4.31 -12.32 -1000 41.97 1.70 287.406
car -1 -1 0.00 0.00 0.00 100.00 100.00 -1000 1.62 4.14 2.60 -1000 21.97 1.52 285.531
car -1 -1 0.00 0.00 0.00 100.00 100.00 -1000 1.43 3.85 3.31 -1000 28.59 -0.05 282.477
car -1 -1 0.00 0.00 0.00 100.00 100.00 -1000 1.90 4.69 -9.32 -1000 38.34 1.55 281.918
car -1 -1 0.00 0.00 0.00 100.00 100.00 -1000 1.42 3.26 3.02 -1000 23.79 1.42 280.961
car -1 -1 0.00 0.00 0.00 100.00 100.00 -1000 1.68 4.15 5.79 -1000 21.60 1.69 280.051
car -1 -1 0.00 0.00 0.00 100.00 100.00 -1000 2.02 5.41 16.04 -1000 40.31 1.72 277.566
car -1 -1 0.00 0.00 0.00 100.00 100.00 -1000 1.75 4.25 16.65 -1000 46.71 1.58 276.815
car -1 -1 0.00 0.00 0.00 100.00 100.00 -1000 1.88 5.52 7.59 -1000 23.92 1.67 276.210
car -1 -1 0.00 0.00 0.00 100.00 100.00 -1000 2.17 6.39 5.26 -1000 36.00 1.66 275.990
car -1 -1 0.00 0.00 0.00 100.00 100.00 -1000 1.82 5.08 6.12 -1000 12.91 1.58 275.279
car -1 -1 0.00 0.00 0.00 100.00 100.00 -1000 1.76 4.59 -15.88 -1000 39.12 1.67 272.183
car -1 -1 0.00 0.00 0.00 100.00 100.00 -1000 1.37 5.87 1.98 -1000 14.69 -0.03 271.696
car -1 -1 0.00 0.00 0.00 100.00 100.00 -1000 1.45 4.55 17.25 -1000 23.23 0.16 269.904
car -1 -1 0.00 0.00 0.00 100.00 100.00 -1000 1.90 4.89 5.01 -1000 27.01 1.67 268.293
car -1 -1 0.00 0.00 0.00 100.00 100.00 -1000 1.77 4.18 2.42 -1000 44.08 1.61 265.794
car -1 -1 0.00 0.00 0.00 100.00 100.00 -1000 1.63 3.61 1.47 -1000 27.93 1.59 265.002
car -1 -1 0.00 0.00 0.00 100.00 100.00 -1000 1.75 4.25 -3.74 -1000 38.16 1.62 260.676
car -1 -1 0.00 0.00 0.00 100.00 100.00 -1000 1.71 4.58 -6.21 -1000 37.13 1.61 260.274
car -1 -1 0.00 0.00 0.00 100.00 100.00 -1000 1.71 4.16 -8.85 -1000 42.09 1.65 258.911
car -1 -1 0.00 0.00 0.00 100.00 100.00 -1000 2.00 5.28 -2.33 -1000 36.86 1.52 255.481
car -1 -1 0.00 0.00 0.00 100.00 100.00 -1000 2.09 6.08 -13.97 -1000 23.44 1.64 254.351
car -1 -1 0.00 0.00 0.00 100.00 100.00 -1000 1.83 4.53 5.83 -1000 26.32 1.69 254.049
car -1 -1 0.00 0.00 0.00 100.00 100.00 -1000 2.14 6.21 -9.19 -1000 46.46 1.67 251.947
car -1 -1 0.00 0.00 0.00 100.00 100.00 -1000 2.22 6.26 2.67 -1000 36.61 1.67 250.839
car -1 -1 0.00 0.00 0.00 100.00 100.00 -1000 1.62 4.03 -3.36 -1000 11.34 -0.21 250.175
car -1 -1 0.00 0.00 0.00 100.00 100.00 -1000 1.77 4.34 17.85 -1000 42.16 1.62 250.106
car -1 -1 0.00 0.00 0.00 100.00 100.00 -1000 1.95 5.23 -13.87 -1000 21.40 1.65 246.259
car -1 -1 0.00 0.00 0.00 100.00 100.00 -1000 1.98 5.70 -6.43 -1000 16.71 1.77 245.919
car -1 -1 0.00 0.00 0.00 100.00 100.00 -1000 2.03 5.28 15.47 -1000 35.15 1.57 234.078
car -1 -1 0.00 0.00 0.00 100.00 100.00 -1000 1.73 4.39 -12.89 -1000 19.81 1.69 233.560
car -1 -1 0.00 0.00 0.00 100.00 100.00 -1000 1.88 5.54 -4.71 -1000 30.66 1.61 233.304
car -1 -1 0.00 0.00 0.00 100.00 100.00 -1000 2.11 6.58 15.21 -1000 25.31 1.59 231.012
car -1 -1 0.00 0.00 0.00 100.00 100.00 -1000 1.70 3.62 8.00 -1000 32.67 1.70 230.235
car -1 -1 0.00 0.00 0.00 100.00 100.00 -1000 2.13 7.05 16.94 -1000 39.46 1.59 227.584
car -1 -1 0.00 0.00 0.00 100.00 100.00 -1000 1.98 5.84 7.40 -1000 33.87 1.69 227.172
car -1 -1 0.00 0.00 0.00 100.00 100.00 -1000 1.68 3.91 0.48 -1000 45.58 1.54 226.465
car -1 -1 0.00 0.00 0.00 100.00 100.00 -1000 2.03 5.08 -17.08 -1000 26.52 1.59 225.787
car -1 -1 0.00 0.00 0.00 100.00 100.00 -1000 2.13 5.61 -12.71 -1000 47.63 1.64 225.395
car -1 -1 0.00 0.00 0.00 100.00 100.00 -1000 2.00 5.95 -5.08 -1000 45.15 1.66 224.761
car -1 -1 0.00 0.00 0.00 100.00 100.00 -1000 1.84 4.68 16.43 -1000 38.70 1.67 222.410
car -1 -1 0.00 0.00 0.00 100.00 100.00 -1000 1.64 4.15 -11.90 -1000 13.64 -0.08 222.049
car -1 -1 0.00 0.00 0.00 100.00 100.00 -1000 1.84 4.78 4.62 -1000 41.15 1.71 220.581
car -1 -1 0.00 0.00 0.00 100.00 100.00 -1000 1.94 5.01 -11.73 -1000 45.90 1.67 220.458
car -1 -1 0.00 0.00 0.00 100.00 100.00 -1000 1.94 5.71 7.48 -1000 25.03 1.69 219.401
car -1 -1 0.00 0.00 0.00 100.00 100.00 -1000 1.82 4.32 15.93 -1000 30.32 1.63 219.296
car -1 -1 0.00 0.00 0.00 100.00 100.00 -1000 2.10 5.60 -17.00 -1000 28.70 1.62 218.567
car -1 -1 0.00 0.00 0.00 100.00 100.00 -1000 1.79 5.11 5.90 -1000 28.79 1.65 218.121
car -1 -1 0.00 0.00 0.00 100.00 100.00 -1000 1.60 3.58 6.52 -1000 46.80 1.64 217.891
car -1 -1 0.00 0.00 0.00 100.00 100.00 -1000 2.28 6.73 -6.03 -1000 22.99 1.74 213.950
car -1 -1 0.00 0.00 0.00 100.00 100.00 -1000 1.90 4.80 -0.92 -1000 40.86 1.64 213.743
car -1 -1 0.00 0.00 0.00 100.00 100.00 -1000 1.89 5.33 19.91 -1000 26.68 1.71 213.611
car -1 -1 0.00 0.00 0.00 100.00 100.00 -1000 1.85 4.45 -2.41 -1000 41.31 1.54 211.459
car -1 -1 0.00 0.00 0.00 100.00 100.00 -1000 1.89 4.27 -17.00 -1000 30.59 1.62 210.890
car -1 -1 0.00 0.00 0.00 100.00 100.00 -1000 1.62 4.14 -12.82 -1000 18.68 1.62 209.578
car -1 -1 0.00 0.00 0.00 100.00 100.00 -1000 1.69 3.56 -11.71 -1000 14.84 -0.03 208.973
car -1 -1 0.00 0.00 0.00 100.00 100.00 -1000 1.74 4.39 16.65 -1000 36.31 1.66 207.261
car -1 -1 0.00 0.00 0.00 100.00 100.00 -1000 1.87 5.73 -2.67 -1000 35.57 1.66 206.363
car -1 -1 0.00 0.00 0.00 100.00 100.00 -1000 2.36 7.91 -4.61 -1000 46.51 1.58 205.620
car -1 -1 0.00 0.00 0.00 100.00 100.00 -1000 2.05 5.59 9.61 -1000 19.33 1.71 205.296
