car -1 -1 0.00 0.00 0.00 100.00 100.00 -1000 1.70 3.99 -5.99 -1000 19.70 1.63 999.155
car -1 -1 0.00 0.00 0.00 100.00 100.00 -1000 1.63 3.75 -5.77 -1000 21.00 1.63 997.987
car -1 -1 0.00 0.00 0.00 100.00 100.00 -1000 1.70 4.05 -5.58 -1000 21.95 1.62 992.170
car -1 -1 0.00 0.00 0.00 100.00 100.00 -1000 1.61 3.87 -6.25 -1000 18.87 -0.24 991.475
car -1 -1 0.00 0.00 0.00 100.00 100.00 -1000 1.65 3.77 4.51 -1000 43.27 1.65 989.579
car -1 -1 0.00 0.00 0.00 100.00 100.00 -1000 1.67 4.11 -15.50 -1000 38.55 1.64 985.058
car -1 -1 0.00 0.00 0.00 100.00 100.00 -1000 1.68 3.88 4.06 -1000 42.45 -0.26 983.115
car -1 -1 0.00 0.00 0.00 100.00 100.00 -1000 1.58 3.73 -12.60 -1000 28.95 1.66 979.200
car -1 -1 0.00 0.00 0.00 100.00 100.00 -1000 1.54 3.54 6.60 -1000 34.79 1.67 978.830
car -1 -1 0.00 0.00 0.00 100.00 100.00 -1000 1.76 4.38 -5.24 -1000 22.84 1.71 958.920
car -1 -1 0.00 0.00 0.00 100.00 100.00 -1000 1.61 3.88 -14.84 -1000 39.91 1.63 950.879
car -1 -1 0.00 0.00 0.00 100.00 100.00 -1000 1.50 3.43 -15.58 -1000 37.63 1.65 947.855
car -1 -1 0.00 0.00 0.00 100.00 100.00 -1000 1.85 4.64 5.79 -1000 47.67 1.71 942.194
car -1 -1 0.00 0.00 0.00 100.00 100.00 -1000 1.65 3.95 2.38 -1000 23.11 1.63 942.025
car -1 -1 0.00 0.00 0.00 100.00 100.00 -1000 1.69 4.25 5.47 -1000 43.82 1.67 939.118
car -1 -1 0.00 0.00 0.00 100.00 100.00 -1000 1.73 4.51 -15.27 -1000 40.90 1.65 936.813
car -1 -1 0.00 0.00 0.00 100.00 100.00 -1000 1.53 3.63 -11.84 -1000 30.54 1.66 934.841
car -1 -1 0.00 0.00 0.00 100.00 100.00 -1000 1.63 3.99 1.88 -1000 31.29 1.70 933.488
car -1 -1 0.00 0.00 0.00 100.00 100.00 -1000 1.72 4.36 7.75 -1000 35.75 1.66 916.178
car -1 -1 0.00 0.00 0.00 100.00 100.00 -1000 1.72 4.07 -12.35 -1000 29.78 1.64 909.651
car -1 -1 0.00 0.00 0.00 100.00 100.00 -1000 2.01 5.49 -12.72 -1000 41.88 1.60 903.058
car -1 -1 0.00 0.00 0.00 100.00 100.00 -1000 1.57 3.81 -11.79 -1000 14.51 1.66 901.873
car -1 -1 0.00 0.00 0.00 100.00 100.00 -1000 1.69 4.20 11.33 -1000 45.94 1.65 896.643
car -1 -1 0.00 0.00 0.00 100.00 100.00 -1000 1.37 3.55 -8.91 -1000 17.59 -0.24 891.845
car -1 -1 0.00 0.00 0.00 100.00 100.00 -1000 1.64 4.00 1.80 -1000 30.11 -0.20 888.424
car -1 -1 0.00 0.00 0.00 100.00 100.00 -1000 2.07 5.93 5.34 -1000 46.72 1.61 887.661
car -1 -1 0.00 0.00 0.00 100.00 100.00 -1000 1.73 4.34 -4.88 -1000 20.24 1.76 886.599
car -1 -1 0.00 0.00 0.00 100.00 100.00 -1000 1.64 3.91 2.25 -1000 22.14 -0.22 884.753
car -1 -1 0.00 0.00 0.00 100.00 100.00 -1000 1.57 3.58 2.74 -1000 43.02 1.56 876.601
car -1 -1 0.00 0.00 0.00 100.00 100.00 -1000 1.72 4.24 6.86 -1000 34.01 -0.26 875.983
car -1 -1 0.00 0.00 0.00 100.00 100.00 -1000 2.27 6.46 -14.76 -1000 42.70 1.62 870.787
car -1 -1 0.00 0.00 0.00 100.00 100.00 -1000 1.55 3.86 -14.59 -1000 23.62 1.65 870.537
car -1 -1 0.00 0.00 0.00 100.00 100.00 -1000 1.58 3.59 -15.82 -1000 39.40 1.65 869.453
car -1 -1 0.00 0.00 0.00 100.00 100.00 -1000 1.61 4.03 -11.14 -1000 31.65 -0.52 867.883
car -1 -1 0.00 0.00 0.00 100.00 100.00 -1000 1.83 4.41 -11.75 -1000 15.54 1.61 864.461
car -1 -1 0.00 0.00 0.00 100.00 100.00 -1000 1.44 3.39 3.63 -1000 41.71 -0.25 861.688
car -1 -1 0.00 0.00 0.00 100.00 100.00 -1000 1.30 3.35 -5.20 -1000 18.49 -0.04 857.158
car -1 -1 0.00 0.00 0.00 100.00 100.00 -1000 2.47 8.00 -3.17 -1000 25.33 1.62 841.726
car -1 -1 0.00 0.00 0.00 100.00 100.00 -1000 2.49 7.88 -2.91 -1000 23.77 1.68 835.493
car -1 -1 0.00 0.00 0.00 100.00 100.00 -1000 1.67 4.16 -11.03 -1000 32.61 1.64 829.947
car -1 -1 0.00 0.00 0.00 100.00 100.00 -1000 1.46 3.55 11.91 -1000 45.08 -0.10 824.808
car -1 -1 0.00 0.00 0.00 100.00 100.00 -1000 2.01 5.19 7.83 -1000 45.19 1.61 817.916
car -1 -1 0.00 0.00 0.00 100.00 100.00 -1000 2.29 6.50 7.70 -1000 38.23 1.65 817.691
car -1 -1 0.00 0.00 0.00 100.00 100.00 -1000 1.71 4.15 5.59 -1000 42.85 -0.14 817.423
car -1 -1 0.00 0.00 0.00 100.00 100.00 -1000 1.99 5.07 -15.16 -1000 41.85 1.62 814.391
car -1 -1 0.00 0.00 0.00 100.00 100.00 -1000 1.33 3.38 -13.66 -1000 22.70 -0.08 811.201
car -1 -1 0.00 0.00 0.00 100.00 100.00 -1000 2.55 8.68 3.16 -1000 46.36 1.64 805.390
car -1 -1 0.00 0.00 0.00 100.00 100.00 -1000 2.13 5.77 7.87 -1000 37.04 1.68 801.092
car -1 -1 0.00 0.00 0.00 100.00 100.00 -1000 1.59 3.75 -1.51 -1000 42.60 1.65 800.128
car -1 -1 0.00 0.00 0.00 100.00 100.00 -1000 1.61 3.71 1.56 -1000 38.36 1.60 798.235
car -1 -1 0.00 0.00 0.00 100.00 100.00 -1000 1.51 3.66 0.71 -1000 42.57 1.68 792.222
car -1 -1 0.00 0.00 0.00 100.00 100.00 -1000 2.03 5.61 -3.32 -1000 22.16 1.74 789.771
car -1 -1 0.00 0.00 0.00 100.00 100.00 -1000 1.67 4.04 -3.57 -1000 43.07 1.65 789.122
car -1 -1 0.00 0.00 0.00 100.00 100.00 -1000 1.76 4.54 6.96 -1000 44.27 1.66 781.894
car -1 -1 0.00 0.00 0.00 100.00 100.00 -1000 1.47 3.48 -12.96 -1000 27.41 1.66 781.868
car -1 -1 0.00 0.00 0.00 100.00 100.00 -1000 1.77 4.31 5.98 -1000 20.57 1.68 781.335
car -1 -1 0.00 0.00 0.00 100.00 100.00 -1000 1.95 5.37 6.45 -1000 45.97 1.56 776.590
car -1 -1 0.00 0.00 0.00 100.00 100.00 -1000 1.72 3.98 5.37 -1000 41.97 1.67 773.980
car -1 -1 0.00 0.00 0.00 100.00 100.00 -1000 1.85 4.58 9.11 -1000 35.22 1.69 762.989
car -1 -1 0.00 0.00 0.00 100.00 100.00 -1000 1.71 4.05 -13.40 -1000 40.30 1.72 761.811
car -1 -1 0.00 0.00 0.00 100.00 100.00 -1000 1.56 4.11 3.82 -1000 31.80 1.73 758.050
car -1 -1 0.00 0.00 0.00 100.00 100.00 -1000 2.47 8.23 -5.33 -1000 25.84 1.64 756.209
car -1 -1 0.00 0.00 0.00 100.00 100.00 -1000 1.71 4.18 5.39 -1000 34.42 1.67 751.582
car -1 -1 0.00 0.00 0.00 100.00 100.00 -1000 1.80 4.65 -8.75 -1000 46.36 1.60 751.252
car -1 -1 0.00 0.00 0.00 100.00 100.00 -1000 1.61 3.92 9.50 -1000 42.65 1.63 747.190
car -1 -1 0.00 0.00 0.00 100.00 100.00 -1000 1.69 3.97 9.62 -1000 36.16 1.62 744.933
car -1 -1 0.00 0.00 0.00 100.00 100.00 -1000 1.37 3.27 6.89 -1000 33.32 -0.18 742.490
car -1 -1 0.00 0.00 0.00 100.00 100.00 -1000 2.05 5.52 10.81 -1000 46.69 1.64 734.708
car -1 -1 0.00 0.00 0.00 100.00 100.00 -1000 1.81 4.69 -3.54 -1000 21.04 1.76 733.174
car -1 -1 0.00 0.00 0.00 100.00 100.00 -1000 1.65 4.05 -7.76 -1000 18.57 1.72 729.645
car -1 -1 0.00 0.00 0.00 100.00 100.00 -1000 1.73 4.32 -8.80 -1000 41.44 1.63 725.355
car -1 -1 0.00 0.00 0.00 100.00 100.00 -1000 1.63 3.98 2.13 -1000 42.11 1.66 722.644
car -1 -1 0.00 0.00 0.00 100.00 100.00 -1000 2.28 6.66 -4.52 -1000 24.47 1.65 718.423
car -1 -1 0.00 0.00 0.00 100.00 100.00 -1000 1.62 3.70 -16.40 -1000 40.27 1.60 714.743
car -1 -1 0.00 0.00 0.00 100.00 100.00 -1000 1.68 3.97 9.52 -1000 45.56 1.71 713.443
car -1 -1 0.00 0.00 0.00 100.00 100.00 -1000 1.84 4.77 8.56 -1000 34.38 1.74 713.199
car -1 -1 0.00 0.00 0.00 100.00 100.00 -1000 1.24 3.31 -11.16 -1000 13.50 -0.16 710.887
car -1 -1 0.00 0.00 0.00 100.00 100.00 -1000 1.98 5.19 7.51 -1000 47.27 1.74 709.160
car -1 -1 0.00 0.00 0.00 100.00 100.00 -1000 1.87 4.99 3.13 -1000 24.04 1.71 709.006
car -1 -1 0.00 0.00 0.00 100.00 100.00 -1000 1.75 4.60 -2.48 -1000 42.01 1.63 703.368
car -1 -1 0.00 0.00 0.00 100.00 100.00 -1000 1.58 4.17 -7.59 -1000 40.33 1.59 699.196
car -1 -1 0.00 0.00 0.00 100.00 100.00 -1000 1.63 3.87 -4.51 -1000 43.80 1.63 696.491
car -1 -1 0.00 0.00 0.00 100.00 100.00 -1000 1.76 3.99 -12.52 -1000 40.83 1.67 695.296
car -1 -1 0.00 0.00 0.00 100.00 100.00 -1000 1.79 4.46 -12.96 -1000 23.40 1.69 695.266
car -1 -1 0.00 0.00 0.00 100.00 100.00 -1000 2.03 5.02 6.34 -1000 38.99 1.61 691.712
car -1 -1 0.00 0.00 0.00 100.00 100.00 -1000 1.78 4.63 3.19 -1000 30.84 1.77 690.076
car -1 -1 0.00 0.00 0.00 100.00 100.00 -1000 1.63 4.00 -12.57 -1000 39.59 1.66 684.578
car -1 -1 0.00 0.00 0.00 100.00 100.00 -1000 1.78 4.96 5.22 -1000 45.29 1.59 682.587
car -1 -1 0.00 0.00 0.00 100.00 100.00 -1000 1.66 4.43 5.92 -1000 35.52 1.66 677.975
car -1 -1 0.00 0.00 0.00 100.00 100.00 -1000 1.87 5.22 7.66 -1000 43.31 1.73 662.314
car -1 -1 0.00 0.00 0.00 100.00 100.00 -1000 2.19 6.52 2.06 -1000 47.22 1.65 659.999
car -1 -1 0.00 0.00 0.00 100.00 100.00 -1000 1.66 4.05 -10.23 -1000 33.18 1.68 657.484
car -1 -1 0.00 0.00 0.00 100.00 100.00 -1000 1.78 4.63 -3.33 -1000 19.96 1.76 655.812
car -1 -1 0.00 0.00 0.00 100.00 100.00 -1000 2.05 5.39 5.42 -1000 37.83 1.67 650.824
car -1 -1 0.00 0.00 0.00 100.00 100.00 -1000 1.57 3.47 10.17 -1000 44.37 1.70 646.587
car -1 -1 0.00 0.00 0.00 100.00 100.00 -1000 1.69 4.23 -11.29 -1000 41.35 1.71 643.609
car -1 -1 0.00 0.00 0.00 100.00 100.00 -1000 1.57 4.01 -7.71 -1000 45.17 1.57 638.935
car -1 -1 0.00 0.00 0.00 100.00 100.00 -1000 2.63 8.67 -7.31 -1000 23.27 1.70 633.858
car -1 -1 0.00 0.00 0.00 100.00 100.00 -1000 2.27 7.14 -0.90 -1000 23.17 1.71 629.756
car -1 -1 0.00 0.00 0.00 100.00 100.00 -1000 1.59 3.66 -15.08 -1000 36.78 1.63 623.837
car -1 -1 0.00 0.00 0.00 100.00 100.00 -1000 1.80 4.64 -10.20 -1000 46.70 1.60 615.940
car -1 -1 0.00 0.00 0.00 100.00 100.00 -1000 2.69 8.62 -7.80 -1000 24.43 1.59 615.591
car -1 -1 0.00 0.00 0.00 100.00 100.00 -1000 2.27 7.54 -1.08 -1000 24.80 1.57 613.878
car -1 -1 0.00 0.00 0.00 100.00 100.00 -1000 1.67 4.06 2.13 -1000 37.12 1.61 613.509
car -1 -1 0.00 0.00 0.00 100.00 100.00 -1000 1.81 4.60 3.73 -1000 22.80 1.74 607.749
car -1 -1 0.00 0.00 0.00 100.00 100.00 -1000 2.15 6.53 10.24 -1000 38.41 1.57 607.299
car -1 -1 0.00 0.00 0.00 100.00 100.00 -1000 1.77 4.25 -11.94 -1000 16.42 1.64 605.270
car -1 -1 0.00 0.00 0.00 100.00 100.00 -1000 1.81 5.03 2.54 -1000 32.22 1.75 599.142
car -1 -1 0.00 0.00 0.00 100.00 100.00 -1000 1.64 3.58 -14.59 -1000 25.79 1.61 598.667
car -1 -1 0.00 0.00 0.00 100.00 100.00 -1000 1.68 4.18 6.10 -1000 19.64 -0.17 593.697
car -1 -1 0.00 0.00 0.00 100.00 100.00 -1000 1.55 3.70 2.11 -1000 39.05 1.71 589.906
car -1 -1 0.00 0.00 0.00 100.00 100.00 -1000 1.76 4.53 11.33 -1000 35.85 1.72 588.845
car -1 -1 0.00 0.00 0.00 100.00 100.00 -1000 1.72 3.95 14.12 -1000 43.48 1.57 588.533
car -1 -1 0.00 0.00 0.00 100.00 100.00 -1000 1.87 4.93 0.72 -1000 34.14 1.62 585.395
car -1 -1 0.00 0.00 0.00 100.00 100.00 -1000 1.85 4.82 8.77 -1000 44.02 1.71 583.452
car -1 -1 0.00 0.00 0.00 100.00 100.00 -1000 1.66 4.27 4.97 -1000 41.21 1.59 580.032
car -1 -1 0.00 0.00 0.00 100.00 100.00 -1000 1.77 4.33 3.48 -1000 34.18 1.66 579.984
car -1 -1 0.00 0.00 0.00 100.00 100.00 -1000 1.62 4.35 -14.83 -1000 19.31 1.61 577.809
car -1 -1 0.00 0.00 0.00 100.00 100.00 -1000 1.62 3.97 -14.18 -1000 24.56 1.71 572.465
car -1 -1 0.00 0.00 0.00 100.00 100.00 -1000 1.95 5.32 -4.12 -1000 19.25 1.76 571.092
car -1 -1 0.00 0.00 0.00 100.00 100.00 -1000 1.61 3.95 -15.07 -1000 20.96 1.61 569.583
car -1 -1 0.00 0.00 0.00 100.00 100.00 -1000 1.96 6.11 -0.94 -1000 21.85 1.74 568.916
car -1 -1 0.00 0.00 0.00 100.00 100.00 -1000 1.69 4.19 -12.37 -1000 24.12 1.67 567.108
car -1 -1 0.00 0.00 0.00 100.00 100.00 -1000 2.12 5.68 3.76 -1000 37.17 1.73 566.292
car -1 -1 0.00 0.00 0.00 100.00 100.00 -1000 1.69 4.82 0.72 -1000 46.15 1.64 565.571
car -1 -1 0.00 0.00 0.00 100.00 100.00 -1000 1.66 4.07 12.84 -1000 46.26 1.70 563.229
car -1 -1 0.00 0.00 0.00 100.00 100.00 -1000 1.44 3.50 15.15 -1000 42.60 0.11 559.295
car -1 -1 0.00 0.00 0.00 100.00 100.00 -1000 1.74 4.91 4.98 -1000 32.29 1.73 558.096
car -1 -1 0.00 0.00 0.00 100.00 100.00 -1000 1.72 4.71 -14.40 -1000 39.17 -0.43 555.430
car -1 -1 0.00 0.00 0.00 100.00 100.00 -1000 2.21 6.86 -7.06 -1000 22.34 1.63 546.248
car -1 -1 0.00 0.00 0.00 100.00 100.00 -1000 1.85 4.36 -12.66 -1000 25.42 1.68 539.229
car -1 -1 0.00 0.00 0.00 100.00 100.00 -1000 1.55 3.50 0.43 -1000 31.68 1.68 531.703
car -1 -1 0.00 0.00 0.00 100.00 100.00 -1000 1.30 3.18 12.66 -1000 44.59 -0.01 531.017
car -1 -1 0.00 0.00 0.00 100.00 100.00 -1000 1.65 3.80 -12.50 -1000 32.27 1.66 528.872
car -1 -1 0.00 0.00 0.00 100.00 100.00 -1000 2.04 5.51 9.23 -1000 46.26 1.67 527.964
car -1 -1 0.00 0.00 0.00 100.00 100.00 -1000 1.87 5.26 5.20 -1000 23.40 1.78 525.667
car -1 -1 0.00 0.00 0.00 100.00 100.00 -1000 1.71 4.34 0.19 -1000 38.03 1.68 521.278
car -1 -1 0.00 0.00 0.00 100.00 100.00 -1000 2.05 6.23 4.32 -1000 24.60 1.72 520.053
car -1 -1 0.00 0.00 0.00 100.00 100.00 -1000 1.65 3.72 -7.10 -1000 45.87 1.64 518.143
car -1 -1 0.00 0.00 0.00 100.00 100.00 -1000 1.81 4.07 -11.99 -1000 17.61 1.60 517.501
car -1 -1 0.00 0.00 0.00 100.00 100.00 -1000 1.87 5.20 -1.88 -1000 20.38 1.80 516.602
car -1 -1 0.00 0.00 0.00 100.00 100.00 -1000 1.40 3.02 -16.75 -1000 37.07 1.55 515.928
car -1 -1 0.00 0.00 0.00 100.00 100.00 -1000 1.60 4.11 -11.55 -1000 38.93 1.66 515.191
car -1 -1 0.00 0.00 0.00 100.00 100.00 -1000 1.89 4.24 -11.96 -1000 22.61 1.66 514.454
car -1 -1 0.00 0.00 0.00 100.00 100.00 -1000 1.64 3.64 -10.40 -1000 30.95 1.57 500.861
car -1 -1 0.00 0.00 0.00 100.00 100.00 -1000 1.69 4.04 -5.51 -1000 44.65 1.66 495.789
car -1 -1 0.00 0.00 0.00 100.00 100.00 -1000 1.74 4.87 8.26 -1000 42.09 1.76 493.925
car -1 -1 0.00 0.00 0.00 100.00 100.00 -1000 1.68 4.78 -1.29 -1000 46.11 1.63 492.794
car -1 -1 0.00 0.00 0.00 100.00 100.00 -1000 2.09 6.01 6.31 -1000 36.25 1.74 484.427
car -1 -1 0.00 0.00 0.00 100.00 100.00 -1000 2.12 6.29 4.15 -1000 33.56 1.72 483.480
car -1 -1 0.00 0.00 0.00 100.00 100.00 -1000 1.98 5.68 0.40 -1000 47.66 1.64 482.494
car -1 -1 0.00 0.00 0.00 100.00 100.00 -1000 1.94 4.35 -12.11 -1000 19.31 1.62 481.789
car -1 -1 0.00 0.00 0.00 100.00 100.00 -1000 1.86 5.09 -0.72 -1000 21.03 1.76 481.623
car -1 -1 0.00 0.00 0.00 100.00 100.00 -1000 1.55 3.60 -1.64 -1000 38.16 1.59 481.381
car -1 -1 0.00 0.00 0.00 100.00 100.00 -1000 1.38 4.67 -6.19 -1000 18.02 -0.33 480.793
car -1 -1 0.00 0.00 0.00 100.00 100.00 -1000 1.80 4.33 9.93 -1000 41.91 1.60 478.628
car -1 -1 0.00 0.00 0.00 100.00 100.00 -1000 1.67 3.59 16.92 -1000 43.61 1.63 476.458
car -1 -1 0.00 0.00 0.00 100.00 100.00 -1000 1.54 3.58 2.80 -1000 29.04 1.61 472.681
car -1 -1 0.00 0.00 0.00 100.00 100.00 -1000 1.68 4.02 -10.50 -1000 17.78 1.68 471.951
car -1 -1 0.00 0.00 0.00 100.00 100.00 -1000 1.52 4.06 -2.16 -1000 46.72 1.59 471.905
car -1 -1 0.00 0.00 0.00 100.00 100.00 -1000 1.44 4.19 -10.62 -1000 14.90 -0.32 469.804
car -1 -1 0.00 0.00 0.00 100.00 100.00 -1000 1.79 4.70 -13.21 -1000 26.63 1.62 469.763
car -1 -1 0.00 0.00 0.00 100.00 100.00 -1000 1.51 3.41 -16.99 -1000 38.55 1.55 465.223
car -1 -1 0.00 0.00 0.00 100.00 100.00 -1000 2.05 5.89 -9.65 -1000 22.68 1.75 464.332
car -1 -1 0.00 0.00 0.00 100.00 100.00 -1000 1.62 3.82 3.18 -1000 38.24 1.67 463.142
car -1 -1 0.00 0.00 0.00 100.00 100.00 -1000 2.19 6.55 1.74 -1000 45.21 1.58 459.123
car -1 -1 0.00 0.00 0.00 100.00 100.00 -1000 1.80 5.15 -12.39 -1000 28.28 -0.46 457.025
car -1 -1 0.00 0.00 0.00 100.00 100.00 -1000 1.69 3.97 -10.27 -1000 18.61 1.64 456.283
car -1 -1 0.00 0.00 0.00 100.00 100.00 -1000 1.53 3.21 -15.24 -1000 22.66 1.61 454.381
car -1 -1 0.00 0.00 0.00 100.00 100.00 -1000 2.24 6.16 10.32 -1000 47.62 1.67 453.989
car -1 -1 0.00 0.00 0.00 100.00 100.00 -1000 1.62 3.88 -9.35 -1000 40.32 1.61 453.085
car -1 -1 0.00 0.00 0.00 100.00 100.00 -1000 1.64 3.86 -1.29 -1000 47.24 1.63 447.593
car -1 -1 0.00 0.00 0.00 100.00 100.00 -1000 1.68 3.87 -9.99 -1000 41.05 1.65 444.330
car -1 -1 0.00 0.00 0.00 100.00 100.00 -1000 1.77 4.92 -7.39 -1000 19.35 1.72 442.362
car -1 -1 0.00 0.00 0.00 100.00 100.00 -1000 2.04 4.65 -12.04 -1000 20.90 1.62 436.996
car -1 -1 0.00 0.00 0.00 100.00 100.00 -1000 1.65 4.44 -6.83 -1000 32.21 1.65 432.565
car -1 -1 0.00 0.00 0.00 100.00 100.00 -1000 1.68 3.87 -14.64 -1000 26.96 1.59 428.775
car -1 -1 0.00 0.00 0.00 100.00 100.00 -1000 1.58 4.07 0.06 -1000 46.81 1.63 428.769
car -1 -1 0.00 0.00 0.00 100.00 100.00 -1000 1.85 4.41 -15.37 -1000 30.21 1.62 426.098
car -1 -1 0.00 0.00 0.00 100.00 100.00 -1000 1.65 3.90 10.58 -1000 34.89 -0.02 424.545
car -1 -1 0.00 0.00 0.00 100.00 100.00 -1000 1.72 4.04 -15.40 -1000 31.80 1.55 416.989
car -1 -1 0.00 0.00 0.00 100.00 100.00 -1000 1.90 5.44 10.09 -1000 37.18 1.63 415.850
car -1 -1 0.00 0.00 0.00 100.00 100.00 -1000 1.74 4.66 -2.04 -1000 19.52 1.80 407.486
car -1 -1 0.00 0.00 0.00 100.00 100.00 -1000 1.61 3.73 15.51 -1000 43.80 1.64 403.035
car -1 -1 0.00 0.00 0.00 100.00 100.00 -1000 1.82 3.89 2.98 -1000 21.52 1.58 401.065
car -1 -1 0.00 0.00 0.00 100.00 100.00 -1000 1.63 3.64 -10.52 -1000 16.20 1.67 399.954
car -1 -1 0.00 0.00 0.00 100.00 100.00 -1000 2.21 6.25 -8.57 -1000 25.25 1.66 397.603
car -1 -1 0.00 0.00 0.00 100.00 100.00 -1000 1.73 4.34 -13.56 -1000 38.15 1.71 397.054
car -1 -1 0.00 0.00 0.00 100.00 100.00 -1000 1.98 5.34 -7.26 -1000 35.46 1.62 395.977
car -1 -1 0.00 0.00 0.00 100.00 100.00 -1000 1.80 4.47 -0.40 -1000 31.13 1.66 395.102
car -1 -1 0.00 0.00 0.00 100.00 100.00 -1000 1.54 3.69 -9.14 -1000 32.54 1.66 390.289
car -1 -1 0.00 0.00 0.00 100.00 100.00 -1000 1.90 4.67 -13.33 -1000 32.94 1.70 383.746
car -1 -1 0.00 0.00 0.00 100.00 100.00 -1000 1.94 5.17 -0.86 -1000 41.66 1.61 383.503
car -1 -1 0.00 0.00 0.00 100.00 100.00 -1000 1.88 5.09 5.25 -1000 31.44 1.75 382.497
car -1 -1 0.00 0.00 0.00 100.00 100.00 -1000 1.77 4.24 -3.16 -1000 38.24 1.59 369.462
car -1 -1 0.00 0.00 0.00 100.00 100.00 -1000 1.68 4.10 3.31 -1000 43.86 1.63 369.340
car -1 -1 0.00 0.00 0.00 100.00 100.00 -1000 1.63 4.43 -6.99 -1000 39.61 1.56 362.126
car -1 -1 0.00 0.00 0.00 100.00 100.00 -1000 1.76 4.44 -5.44 -1000 43.28 1.56 361.229
car -1 -1 0.00 0.00 0.00 100.00 100.00 -1000 1.73 5.05 -0.22 -1000 45.58 1.64 358.907
car -1 -1 0.00 0.00 0.00 100.00 100.00 -1000 1.92 4.65 -10.98 -1000 20.26 1.67 358.539
car -1 -1 0.00 0.00 0.00 100.00 100.00 -1000 1.65 4.29 -7.04 -1000 20.22 0.11 352.028
car -1 -1 0.00 0.00 0.00 100.00 100.00 -1000 2.30 7.36 -2.71 -1000 26.36 1.64 347.286
car -1 -1 0.00 0.00 0.00 100.00 100.00 -1000 1.60 3.61 -7.38 -1000 32.88 1.63 341.072
car -1 -1 0.00 0.00 0.00 100.00 100.00 -1000 1.83 4.72 -10.31 -1000 28.99 1.65 337.699
car -1 -1 0.00 0.00 0.00 100.00 100.00 -1000 1.55 3.94 15.89 -1000 46.64 1.58 336.151
car -1 -1 0.00 0.00 0.00 100.00 100.00 -1000 2.21 7.11 -12.20 -1000 42.74 1.60 335.489
car -1 -1 0.00 0.00 0.00 100.00 100.00 -1000 2.02 5.86 -7.66 -1000 36.52 1.64 335.335
car -1 -1 0.00 0.00 0.00 100.00 100.00 -1000 1.75 4.41 -14.85 -1000 35.52 1.52 332.762
car -1 -1 0.00 0.00 0.00 100.00 100.00 -1000 1.84 4.32 13.52 -1000 45.08 1.67 331.077
car -1 -1 0.00 0.00 0.00 100.00 100.00 -1000 1.80 4.60 16.76 -1000 45.97 1.60 329.861
car -1 -1 0.00 0.00 0.00 100.00 100.00 -1000 2.16 6.30 -17.08 -1000 41.46 1.63 328.917
car -1 -1 0.00 0.00 0.00 100.00 100.00 -1000 2.00 5.71 -7.88 -1000 21.06 1.74 328.175
car -1 -1 0.00 0.00 0.00 100.00 100.00 -1000 1.72 4.31 16.81 -1000 19.36 1.64 325.492
car -1 -1 0.00 0.00 0.00 100.00 100.00 -1000 1.72 4.40 0.76 -1000 30.64 0.03 322.123
car -1 -1 0.00 0.00 0.00 100.00 100.00 -1000 1.59 4.36 3.54 -1000 40.97 -0.00 322.018
car -1 -1 0.00 0.00 0.00 100.00 100.00 -1000 1.83 5.09 4.14 -1000 44.58 1.62 317.828
car -1 -1 0.00 0.00 0.00 100.00 100.00 -1000 1.79 5.28 -3.68 -1000 46.48 1.64 317.427
car -1 -1 0.00 0.00 0.00 100.00 100.00 -1000 1.69 4.13 -12.93 -1000 31.05 1.57 316.757
car -1 -1 0.00 0.00 0.00 100.00 100.00 -1000 1.96 5.66 6.11 -1000 24.18 1.73 315.050
car -1 -1 0.00 0.00 0.00 100.00 100.00 -1000 1.62 4.27 2.47 -1000 39.79 1.68 314.006
car -1 -1 0.00 0.00 0.00 100.00 100.00 -1000 1.66 4.46 -9.52 -1000 45.64 1.64 313.001
car -1 -1 0.00 0.00 0.00 100.00 100.00 -1000 1.85 5.03 5.20 -1000 21.51 1.69 312.667
car -1 -1 0.00 0.00 0.00 100.00 100.00 -1000 2.10 6.19 0.60 -1000 23.80 1.75 312.532
car -1 -1 0.00 0.00 0.00 100.00 100.00 -1000 1.84 3.82 -4.68 -1000 17.76 1.53 310.374
car -1 -1 0.00 0.00 0.00 100.00 100.00 -1000 1.81 4.58 -16.07 -1000 31.02 1.66 309.891
car -1 -1 0.00 0.00 0.00 100.00 100.00 -1000 1.82 4.03 17.55 -1000 41.89 1.57 308.481
car -1 -1 0.00 0.00 0.00 100.00 100.00 -1000 1.71 4.61 9.79 -1000 33.96 1.64 308.364
car -1 -1 0.00 0.00 0.00 100.00 100.00 -1000 1.65 4.17 16.55 -1000 45.06 1.62 308.112
car -1 -1 0.00 0.00 0.00 100.00 100.00 -1000 1.71 4.08 15.92 -1000 18.67 1.66 307.085
car -1 -1 0.00 0.00 0.00 100.00 100.00 -1000 1.51 3.65 10.27 -1000 41.00 0.09 303.635
car -1 -1 0.00 0.00 0.00 100.00 100.00 -1000 1.70 4.05 7.81 -1000 32.26 1.73 303.269
car -1 -1 0.00 0.00 0.00 100.00 100.00 -1000 2.23 6.81 8.79 -1000 39.01 1.62 302.161
car -1 -1 0.00 0.00 0.00 100.00 100.00 -1000 1.66 4.64 -7.04 -1000 44.45 1.54 301.727
car -1 -1 0.00 0.00 0.00 100.00 100.00 -1000 1.87 5.16 -0.09 -1000 44.68 1.61 300.234
car -1 -1 0.00 0.00 0.00 100.00 100.00 -1000 2.08 6.10 5.15 -1000 25.40 1.67 298.358
car -1 -1 0.00 0.00 0.00 100.00 100.00 -1000 1.81 4.87 7.89 -1000 20.49 1.78 297.640
car -1 -1 0.00 0.00 0.00 100.00 100.00 -1000 1.89 5.55 0.74 -1000 22.58 1.74 296.078
car -1 -1 0.00 0.00 0.00 100.00 100.00 -1000 1.92 5.15 -14.74 -1000 32.53 1.66 295.340
car -1 -1 0.00 0.00 0.00 100.00 100.00 -1000 2.11 5.71 -15.43 -1000 29.06 1.62 293.212
car -1 -1 0.00 0.00 0.00 100.00 100.00 -1000 2.01 4.78 13.49 -1000 38.69 1.58 284.958
car -1 -1 0.00 0.00 0.00 100.00 100.00 -1000 1.77 4.22 16.70 -1000 20.58 1.69 284.877
car -1 -1 0.00 0.00 0.00 100.00 100.00 -1000 2.06 6.36 2.59 -1000 33.08 1.69 280.911
car -1 -1 0.00 0.00 0.00 100.00 100.00 -1000 1.65 4.52 14.73 -1000 37.76 0.21 279.088
car -1 -1 0.00 0.00 0.00 100.00 100.00 -1000 1.85 4.90 8.18 -1000 30.85 0.01 277.686
car -1 -1 0.00 0.00 0.00 100.00 100.00 -1000 1.55 3.69 -4.03 -1000 42.15 0.03 271.742
car -1 -1 0.00 0.00 0.00 100.00 100.00 -1000 1.74 4.32 -15.69 -1000 25.10 1.62 271.612
car -1 -1 0.00 0.00 0.00 100.00 100.00 -1000 1.86 5.40 -2.91 -1000 45.63 1.62 271.146
car -1 -1 0.00 0.00 0.00 100.00 100.00 -1000 2.06 6.47 -10.17 -1000 47.49 1.67 270.482
car -1 -1 0.00 0.00 0.00 100.00 100.00 -1000 1.66 3.52 19.41 -1000 41.87 1.60 264.569
car -1 -1 0.00 0.00 0.00 100.00 100.00 -1000 1.59 4.94 4.65 -1000 38.50 1.60 263.700
car -1 -1 0.00 0.00 0.00 100.00 100.00 -1000 2.22 6.76 2.65 -1000 25.34 1.72 263.608
car -1 -1 0.00 0.00 0.00 100.00 100.00 -1000 1.72 4.22 -1.21 -1000 31.83 1.63 258.721
car -1 -1 0.00 0.00 0.00 100.00 100.00 -1000 1.64 4.20 -9.88 -1000 30.08 1.67 256.427
car -1 -1 0.00 0.00 0.00 100.00 100.00 -1000 1.73 4.37 -0.82 -1000 34.37 1.61 256.074
car -1 -1 0.00 0.00 0.00 100.00 100.00 -1000 1.96 5.42 -12.51 -1000 21.79 1.66 255.871
car -1 -1 0.00 0.00 0.00 100.00 100.00 -1000 1.95 5.31 -10.07 -1000 21.53 1.71 255.626
car -1 -1 0.00 0.00 0.00 100.00 100.00 -1000 1.97 5.33 4.03 -1000 29.98 1.70 253.527
