car -1 -1 0.00 0.00 0.00 100.00 100.00 -1000 1.68 4.09 -4.22 -1000 12.43 1.62 998.553
car -1 -1 0.00 0.00 0.00 100.00 100.00 -1000 1.77 3.86 -3.56 -1000 13.85 -0.68 997.479
car -1 -1 0.00 0.00 0.00 100.00 100.00 -1000 1.69 4.30 9.05 -1000 15.00 -0.14 997.201
car -1 -1 0.00 0.00 0.00 100.00 100.00 -1000 1.36 4.63 4.19 -1000 47.86 -0.40 995.144
car -1 -1 0.00 0.00 0.00 100.00 100.00 -1000 1.56 3.65 9.80 -1000 23.04 -0.33 993.763
car -1 -1 0.00 0.00 0.00 100.00 100.00 -1000 1.66 3.90 -0.20 -1000 24.09 -0.29 993.213
car -1 -1 0.00 0.00 0.00 100.00 100.00 -1000 1.57 3.56 -3.63 -1000 24.57 -0.38 992.922
car -1 -1 0.00 0.00 0.00 100.00 100.00 -1000 1.57 3.53 -3.57 -1000 14.83 1.59 991.729
car -1 -1 0.00 0.00 0.00 100.00 100.00 -1000 1.61 3.74 0.04 -1000 24.88 1.64 991.526
car -1 -1 0.00 0.00 0.00 100.00 100.00 -1000 1.51 3.53 -8.24 -1000 11.62 1.57 987.384
car -1 -1 0.00 0.00 0.00 100.00 100.00 -1000 1.60 3.39 10.21 -1000 15.48 1.70 985.281
car -1 -1 0.00 0.00 0.00 100.00 100.00 -1000 1.63 3.81 -3.10 -1000 25.44 1.60 984.215
car -1 -1 0.00 0.00 0.00 100.00 100.00 -1000 1.65 3.60 -4.64 -1000 11.48 -0.30 979.071
car -1 -1 0.00 0.00 0.00 100.00 100.00 -1000 1.53 3.65 8.52 -1000 15.70 1.60 977.535
car -1 -1 0.00 0.00 0.00 100.00 100.00 -1000 1.55 3.57 -3.47 -1000 46.80 1.56 977.191
car -1 -1 0.00 0.00 0.00 100.00 100.00 -1000 2.75 8.99 10.25 -1000 18.83 1.45 970.836
car -1 -1 0.00 0.00 0.00 100.00 100.00 -1000 1.58 3.50 9.87 -1000 23.90 1.64 970.372
car -1 -1 0.00 0.00 0.00 100.00 100.00 -1000 1.64 3.76 -8.12 -1000 12.44 1.65 970.124
car -1 -1 0.00 0.00 0.00 100.00 100.00 -1000 1.56 3.50 11.39 -1000 15.78 1.71 966.229
car -1 -1 0.00 0.00 0.00 100.00 100.00 -1000 1.70 3.88 -8.18 -1000 10.72 -0.33 965.646
car -1 -1 0.00 0.00 0.00 100.00 100.00 -1000 1.80 5.00 -3.52 -1000 47.45 1.60 963.473
car -1 -1 0.00 0.00 0.00 100.00 100.00 -1000 1.66 4.10 -2.14 -1000 26.06 1.67 963.184
car -1 -1 0.00 0.00 0.00 100.00 100.00 -1000 1.62 3.76 -8.52 -1000 16.61 -0.32 961.994
car -1 -1 0.00 0.00 0.00 100.00 100.00 -1000 1.55 3.54 -1.35 -1000 25.37 1.64 959.387
car -1 -1 0.00 0.00 0.00 100.00 100.00 -1000 1.53 3.60 -6.05 -1000 12.16 1.66 953.952
car -1 -1 0.00 0.00 0.00 100.00 100.00 -1000 1.62 3.75 -4.52 -1000 13.20 1.67 950.954
car -1 -1 0.00 0.00 0.00 100.00 100.00 -1000 1.67 3.89 0.53 -1000 25.67 1.67 945.634
car -1 -1 0.00 0.00 0.00 100.00 100.00 -1000 1.53 3.43 12.46 -1000 16.48 1.70 939.568
car -1 -1 0.00 0.00 0.00 100.00 100.00 -1000 1.70 3.91 -8.14 -1000 17.34 1.68 938.022
car -1 -1 0.00 0.00 0.00 100.00 100.00 -1000 2.25 6.81 11.45 -1000 17.89 1.52 937.183
car -1 -1 0.00 0.00 0.00 100.00 100.00 -1000 2.04 5.86 13.16 -1000 18.92 1.65 929.431
car -1 -1 0.00 0.00 0.00 100.00 100.00 -1000 1.56 3.78 9.55 -1000 16.24 1.63 928.495
car -1 -1 0.00 0.00 0.00 100.00 100.00 -1000 1.53 3.49 -1.94 -1000 24.70 1.64 919.665
car -1 -1 0.00 0.00 0.00 100.00 100.00 -1000 1.41 3.56 -3.67 -1000 45.88 -0.12 919.271
car -1 -1 0.00 0.00 0.00 100.00 100.00 -1000 1.61 3.68 14.10 -1000 20.13 1.69 917.330
car -1 -1 0.00 0.00 0.00 100.00 100.00 -1000 1.57 3.58 -6.88 -1000 12.85 1.69 912.935
car -1 -1 0.00 0.00 0.00 100.00 100.00 -1000 1.70 4.33 12.27 -1000 17.24 1.62 911.218
car -1 -1 0.00 0.00 0.00 100.00 100.00 -1000 2.16 5.97 10.46 -1000 19.69 1.52 898.609
car -1 -1 0.00 0.00 0.00 100.00 100.00 -1000 1.85 4.76 2.24 -1000 26.53 1.66 894.848
car -1 -1 0.00 0.00 0.00 100.00 100.00 -1000 1.56 3.56 -13.97 -1000 17.74 1.71 891.702
car -1 -1 0.00 0.00 0.00 100.00 100.00 -1000 1.54 3.85 11.28 -1000 14.83 -0.22 891.666
car -1 -1 0.00 0.00 0.00 100.00 100.00 -1000 1.87 4.85 -5.11 -1000 14.93 1.58 887.837
car -1 -1 0.00 0.00 0.00 100.00 100.00 -1000 1.67 4.04 13.41 -1000 18.13 1.72 887.736
car -1 -1 0.00 0.00 0.00 100.00 100.00 -1000 1.49 3.34 -3.73 -1000 23.43 1.56 887.175
car -1 -1 0.00 0.00 0.00 100.00 100.00 -1000 1.60 3.98 -3.25 -1000 36.94 1.65 886.538
car -1 -1 0.00 0.00 0.00 100.00 100.00 -1000 1.44 3.10 -4.27 -1000 8.87 1.57 886.349
car -1 -1 0.00 0.00 0.00 100.00 100.00 -1000 1.62 3.59 -6.33 -1000 11.36 -0.24 884.036
car -1 -1 0.00 0.00 0.00 100.00 100.00 -1000 1.57 3.72 13.05 -1000 47.45 1.59 881.882
car -1 -1 0.00 0.00 0.00 100.00 100.00 -1000 1.53 3.52 14.50 -1000 47.03 1.61 880.409
car -1 -1 0.00 0.00 0.00 100.00 100.00 -1000 1.65 3.82 -3.53 -1000 15.65 1.54 873.853
car -1 -1 0.00 0.00 0.00 100.00 100.00 -1000 2.56 8.02 -1.18 -1000 28.24 1.64 866.794
car -1 -1 0.00 0.00 0.00 100.00 100.00 -1000 1.73 4.35 -2.79 -1000 26.77 1.61 863.547
car -1 -1 0.00 0.00 0.00 100.00 100.00 -1000 1.58 3.67 10.76 -1000 16.68 1.57 859.954
car -1 -1 0.00 0.00 0.00 100.00 100.00 -1000 2.25 6.79 -2.67 -1000 18.25 1.66 853.656
car -1 -1 0.00 0.00 0.00 100.00 100.00 -1000 1.64 3.90 1.98 -1000 24.97 1.71 847.775
car -1 -1 0.00 0.00 0.00 100.00 100.00 -1000 1.66 3.74 -8.12 -1000 18.23 -0.30 843.695
car -1 -1 0.00 0.00 0.00 100.00 100.00 -1000 1.69 3.98 -5.86 -1000 13.58 1.68 839.587
car -1 -1 0.00 0.00 0.00 100.00 100.00 -1000 1.58 3.78 11.72 -1000 46.53 -0.04 837.801
car -1 -1 0.00 0.00 0.00 100.00 100.00 -1000 1.24 3.76 0.71 -1000 23.45 -0.05 837.089
car -1 -1 0.00 0.00 0.00 100.00 100.00 -1000 1.63 3.78 12.96 -1000 19.70 1.64 828.060
car -1 -1 0.00 0.00 0.00 100.00 100.00 -1000 1.69 4.01 -3.96 -1000 16.38 1.62 827.008
car -1 -1 0.00 0.00 0.00 100.00 100.00 -1000 2.34 7.55 1.74 -1000 28.61 1.66 826.466
car -1 -1 0.00 0.00 0.00 100.00 100.00 -1000 1.64 4.05 9.75 -1000 24.76 1.65 825.101
car -1 -1 0.00 0.00 0.00 100.00 100.00 -1000 1.48 3.19 -3.68 -1000 8.06 1.59 823.866
car -1 -1 0.00 0.00 0.00 100.00 100.00 -1000 1.59 3.62 -3.98 -1000 26.13 1.61 813.781
car -1 -1 0.00 0.00 0.00 100.00 100.00 -1000 1.72 4.10 -0.52 -1000 26.43 1.65 811.818
car -1 -1 0.00 0.00 0.00 100.00 100.00 -1000 1.45 3.24 -7.57 -1000 9.93 -0.11 811.347
car -1 -1 0.00 0.00 0.00 100.00 100.00 -1000 2.86 10.64 -1.25 -1000 29.19 1.67 804.879
car -1 -1 0.00 0.00 0.00 100.00 100.00 -1000 1.68 3.90 -13.62 -1000 18.49 1.71 799.827
car -1 -1 0.00 0.00 0.00 100.00 100.00 -1000 1.54 3.46 -4.61 -1000 9.60 1.56 797.031
car -1 -1 0.00 0.00 0.00 100.00 100.00 -1000 1.50 3.40 15.95 -1000 46.71 1.67 791.259
car -1 -1 0.00 0.00 0.00 100.00 100.00 -1000 2.14 6.40 2.78 -1000 27.86 1.66 786.479
car -1 -1 0.00 0.00 0.00 100.00 100.00 -1000 1.64 3.76 -8.58 -1000 13.19 1.54 780.286
car -1 -1 0.00 0.00 0.00 100.00 100.00 -1000 1.41 3.63 -3.98 -1000 10.72 -0.30 778.124
car -1 -1 0.00 0.00 0.00 100.00 100.00 -1000 1.38 4.82 9.54 -1000 46.74 0.04 775.021
car -1 -1 0.00 0.00 0.00 100.00 100.00 -1000 1.50 3.18 13.51 -1000 46.52 1.59 771.271
car -1 -1 0.00 0.00 0.00 100.00 100.00 -1000 1.78 4.33 -6.94 -1000 16.92 1.63 768.949
car -1 -1 0.00 0.00 0.00 100.00 100.00 -1000 1.49 3.81 15.09 -1000 45.66 -0.06 767.008
car -1 -1 0.00 0.00 0.00 100.00 100.00 -1000 2.03 5.39 -3.15 -1000 17.40 1.65 760.643
car -1 -1 0.00 0.00 0.00 100.00 100.00 -1000 1.68 4.11 11.56 -1000 47.67 1.57 756.918
car -1 -1 0.00 0.00 0.00 100.00 100.00 -1000 1.54 3.46 -14.09 -1000 16.70 -0.21 755.078
car -1 -1 0.00 0.00 0.00 100.00 100.00 -1000 1.73 4.15 14.73 -1000 20.85 1.70 753.422
car -1 -1 0.00 0.00 0.00 100.00 100.00 -1000 1.66 4.05 11.21 -1000 24.51 1.70 749.888
car -1 -1 0.00 0.00 0.00 100.00 100.00 -1000 1.86 4.65 8.46 -1000 16.75 1.63 745.115
car -1 -1 0.00 0.00 0.00 100.00 100.00 -1000 1.38 3.16 -3.29 -1000 35.92 -0.26 745.080
car -1 -1 0.00 0.00 0.00 100.00 100.00 -1000 1.48 3.20 -5.37 -1000 10.40 1.69 744.795
car -1 -1 0.00 0.00 0.00 100.00 100.00 -1000 1.65 4.08 11.08 -1000 23.55 1.74 725.917
car -1 -1 0.00 0.00 0.00 100.00 100.00 -1000 1.60 3.98 -2.32 -1000 23.87 1.68 720.111
car -1 -1 0.00 0.00 0.00 100.00 100.00 -1000 2.11 5.70 -0.05 -1000 27.30 1.65 719.736
car -1 -1 0.00 0.00 0.00 100.00 100.00 -1000 1.84 4.53 -8.24 -1000 15.81 1.60 718.168
car -1 -1 0.00 0.00 0.00 100.00 100.00 -1000 1.47 3.43 -3.46 -1000 22.65 1.57 709.508
car -1 -1 0.00 0.00 0.00 100.00 100.00 -1000 1.82 4.55 -7.30 -1000 13.89 1.63 702.865
car -1 -1 0.00 0.00 0.00 100.00 100.00 -1000 2.53 8.01 -4.27 -1000 29.53 1.59 698.400
car -1 -1 0.00 0.00 0.00 100.00 100.00 -1000 1.46 3.69 3.35 -1000 42.61 -0.07 696.477
car -1 -1 0.00 0.00 0.00 100.00 100.00 -1000 1.74 3.75 12.68 -1000 15.43 1.70 686.323
car -1 -1 0.00 0.00 0.00 100.00 100.00 -1000 1.52 3.49 -6.26 -1000 9.70 1.60 684.285
car -1 -1 0.00 0.00 0.00 100.00 100.00 -1000 1.65 3.68 -6.80 -1000 10.55 1.66 681.083
car -1 -1 0.00 0.00 0.00 100.00 100.00 -1000 1.72 4.31 3.02 -1000 25.87 1.67 680.072
car -1 -1 0.00 0.00 0.00 100.00 100.00 -1000 1.77 4.29 -8.88 -1000 18.89 1.64 675.716
car -1 -1 0.00 0.00 0.00 100.00 100.00 -1000 1.73 4.29 -2.15 -1000 37.42 1.61 671.600
car -1 -1 0.00 0.00 0.00 100.00 100.00 -1000 2.35 7.80 8.16 -1000 17.62 1.67 668.377
car -1 -1 0.00 0.00 0.00 100.00 100.00 -1000 2.24 6.13 -6.09 -1000 15.77 1.59 665.946
car -1 -1 0.00 0.00 0.00 100.00 100.00 -1000 1.54 3.49 -4.45 -1000 25.05 1.62 659.386
car -1 -1 0.00 0.00 0.00 100.00 100.00 -1000 1.98 5.23 -6.88 -1000 18.82 1.65 654.521
car -1 -1 0.00 0.00 0.00 100.00 100.00 -1000 1.35 3.67 10.49 -1000 22.19 -0.33 641.608
car -1 -1 0.00 0.00 0.00 100.00 100.00 -1000 1.78 4.63 1.37 -1000 24.25 -0.15 635.209
car -1 -1 0.00 0.00 0.00 100.00 100.00 -1000 1.62 4.45 -3.28 -1000 21.73 -0.04 631.932
car -1 -1 0.00 0.00 0.00 100.00 100.00 -1000 1.52 3.95 -14.88 -1000 36.24 -0.07 626.427
car -1 -1 0.00 0.00 0.00 100.00 100.00 -1000 1.57 3.82 -1.31 -1000 23.38 1.62 616.283
car -1 -1 0.00 0.00 0.00 100.00 100.00 -1000 1.70 4.15 13.98 -1000 17.46 1.70 597.454
car -1 -1 0.00 0.00 0.00 100.00 100.00 -1000 1.86 3.95 3.15 -1000 47.36 1.31 589.848
car -1 -1 0.00 0.00 0.00 100.00 100.00 -1000 2.05 5.29 -4.99 -1000 17.09 1.69 566.085
car -1 -1 0.00 0.00 0.00 100.00 100.00 -1000 1.94 5.08 -2.83 -1000 27.71 1.62 565.559
car -1 -1 0.00 0.00 0.00 100.00 100.00 -1000 1.48 3.72 14.64 -1000 19.18 -0.02 556.121
car -1 -1 0.00 0.00 0.00 100.00 100.00 -1000 1.57 3.65 -3.45 -1000 4.54 1.61 554.586
car -1 -1 0.00 0.00 0.00 100.00 100.00 -1000 1.68 4.24 -1.88 -1000 47.21 1.78 547.861
car -1 -1 0.00 0.00 0.00 100.00 100.00 -1000 1.97 4.91 -3.36 -1000 38.44 1.51 545.462
car -1 -1 0.00 0.00 0.00 100.00 100.00 -1000 1.51 3.16 10.22 -1000 47.28 1.56 544.735
car -1 -1 0.00 0.00 0.00 100.00 100.00 -1000 1.45 3.04 -4.53 -1000 46.46 1.55 542.436
car -1 -1 0.00 0.00 0.00 100.00 100.00 -1000 2.33 8.31 7.75 -1000 19.29 1.66 535.226
car -1 -1 0.00 0.00 0.00 100.00 100.00 -1000 1.95 5.05 -7.24 -1000 14.84 1.64 530.636
car -1 -1 0.00 0.00 0.00 100.00 100.00 -1000 1.57 3.77 16.53 -1000 45.42 -0.07 529.001
car -1 -1 0.00 0.00 0.00 100.00 100.00 -1000 1.52 3.52 -3.09 -1000 32.51 -0.13 521.947
car -1 -1 0.00 0.00 0.00 100.00 100.00 -1000 1.85 4.62 8.79 -1000 25.31 1.59 517.008
car -1 -1 0.00 0.00 0.00 100.00 100.00 -1000 1.64 3.52 12.82 -1000 14.55 1.64 510.553
car -1 -1 0.00 0.00 0.00 100.00 100.00 -1000 2.24 6.54 -1.51 -1000 30.38 1.58 509.968
car -1 -1 0.00 0.00 0.00 100.00 100.00 -1000 1.77 4.31 -15.00 -1000 37.50 1.66 506.308
car -1 -1 0.00 0.00 0.00 100.00 100.00 -1000 1.67 4.11 14.38 -1000 16.62 1.68 503.282
car -1 -1 0.00 0.00 0.00 100.00 100.00 -1000 1.36 3.37 -3.22 -1000 3.81 -0.03 502.769
car -1 -1 0.00 0.00 0.00 100.00 100.00 -1000 1.75 4.25 -1.98 -1000 36.49 1.70 499.015
car -1 -1 0.00 0.00 0.00 100.00 100.00 -1000 1.42 3.45 -3.45 -1000 33.75 1.58 498.505
car -1 -1 0.00 0.00 0.00 100.00 100.00 -1000 2.56 7.27 -0.95 -1000 17.51 1.73 497.111
car -1 -1 0.00 0.00 0.00 100.00 100.00 -1000 1.60 3.53 16.95 -1000 46.18 1.74 496.010
car -1 -1 0.00 0.00 0.00 100.00 100.00 -1000 2.05 5.91 -4.36 -1000 18.71 1.61 493.692
car -1 -1 0.00 0.00 0.00 100.00 100.00 -1000 1.36 4.22 13.78 -1000 45.38 -0.01 481.899
car -1 -1 0.00 0.00 0.00 100.00 100.00 -1000 1.59 3.99 8.69 -1000 23.54 1.63 474.173
car -1 -1 0.00 0.00 0.00 100.00 100.00 -1000 1.96 5.11 -2.17 -1000 39.93 1.63 471.907
car -1 -1 0.00 0.00 0.00 100.00 100.00 -1000 1.80 4.19 -8.57 -1000 14.32 1.66 464.851
car -1 -1 0.00 0.00 0.00 100.00 100.00 -1000 1.82 4.40 13.84 -1000 15.82 1.64 461.302
car -1 -1 0.00 0.00 0.00 100.00 100.00 -1000 1.73 4.12 -14.75 -1000 18.93 1.57 460.915
car -1 -1 0.00 0.00 0.00 100.00 100.00 -1000 2.37 7.49 -4.05 -1000 28.33 1.64 459.346
car -1 -1 0.00 0.00 0.00 100.00 100.00 -1000 1.63 3.67 -9.80 -1000 18.07 1.62 458.279
car -1 -1 0.00 0.00 0.00 100.00 100.00 -1000 2.27 6.81 8.75 -1000 27.87 1.61 454.663
car -1 -1 0.00 0.00 0.00 100.00 100.00 -1000 1.61 3.54 5.70 -1000 46.79 1.49 449.176
car -1 -1 0.00 0.00 0.00 100.00 100.00 -1000 1.61 3.51 8.87 -1000 47.75 1.55 444.150
car -1 -1 0.00 0.00 0.00 100.00 100.00 -1000 1.48 4.01 -2.51 -1000 46.18 -0.05 443.019
car -1 -1 0.00 0.00 0.00 100.00 100.00 -1000 1.55 3.68 -3.15 -1000 45.23 1.46 436.157
car -1 -1 0.00 0.00 0.00 100.00 100.00 -1000 1.66 4.01 17.36 -1000 47.02 1.72 432.817
car -1 -1 0.00 0.00 0.00 100.00 100.00 -1000 2.24 6.84 10.10 -1000 27.17 1.65 431.206
car -1 -1 0.00 0.00 0.00 100.00 100.00 -1000 1.99 5.20 -3.66 -1000 30.37 1.58 427.102
car -1 -1 0.00 0.00 0.00 100.00 100.00 -1000 1.42 3.64 -9.38 -1000 11.28 -0.01 421.271
car -1 -1 0.00 0.00 0.00 100.00 100.00 -1000 1.83 4.48 11.43 -1000 22.65 1.67 419.412
car -1 -1 0.00 0.00 0.00 100.00 100.00 -1000 1.77 4.67 4.01 -1000 25.05 1.71 414.566
car -1 -1 0.00 0.00 0.00 100.00 100.00 -1000 2.07 6.19 12.24 -1000 25.92 1.64 411.600
car -1 -1 0.00 0.00 0.00 100.00 100.00 -1000 1.73 4.51 3.22 -1000 27.13 -0.31 411.567
car -1 -1 0.00 0.00 0.00 100.00 100.00 -1000 1.74 4.36 3.33 -1000 24.30 1.69 409.749
car -1 -1 0.00 0.00 0.00 100.00 100.00 -1000 1.13 3.34 8.00 -1000 46.98 -0.22 405.555
car -1 -1 0.00 0.00 0.00 100.00 100.00 -1000 1.55 3.49 -5.30 -1000 8.14 1.57 395.513
car -1 -1 0.00 0.00 0.00 100.00 100.00 -1000 2.10 5.45 14.97 -1000 21.60 1.66 390.199
car -1 -1 0.00 0.00 0.00 100.00 100.00 -1000 1.70 4.40 4.07 -1000 43.23 1.66 385.690
car -1 -1 0.00 0.00 0.00 100.00 100.00 -1000 1.73 4.34 12.64 -1000 23.96 1.70 379.910
car -1 -1 0.00 0.00 0.00 100.00 100.00 -1000 1.97 5.71 13.14 -1000 25.10 1.67 379.832
car -1 -1 0.00 0.00 0.00 100.00 100.00 -1000 1.66 4.15 -12.15 -1000 17.93 1.68 379.044
car -1 -1 0.00 0.00 0.00 100.00 100.00 -1000 1.63 3.80 -9.66 -1000 12.01 1.56 378.371
car -1 -1 0.00 0.00 0.00 100.00 100.00 -1000 1.78 4.69 7.41 -1000 16.11 1.68 375.537
car -1 -1 0.00 0.00 0.00 100.00 100.00 -1000 1.73 4.21 -1.23 -1000 38.15 1.68 372.045
car -1 -1 0.00 0.00 0.00 100.00 100.00 -1000 1.33 4.61 12.50 -1000 45.97 0.13 369.941
car -1 -1 0.00 0.00 0.00 100.00 100.00 -1000 1.88 4.52 -14.12 -1000 19.63 1.58 366.695
car -1 -1 0.00 0.00 0.00 100.00 100.00 -1000 1.41 3.30 -3.74 -1000 5.32 1.55 363.415
car -1 -1 0.00 0.00 0.00 100.00 100.00 -1000 1.81 4.64 2.05 -1000 23.53 1.62 355.648
car -1 -1 0.00 0.00 0.00 100.00 100.00 -1000 1.81 4.53 -9.90 -1000 19.53 1.62 352.666
car -1 -1 0.00 0.00 0.00 100.00 100.00 -1000 1.71 4.48 -12.48 -1000 19.01 1.65 343.231
car -1 -1 0.00 0.00 0.00 100.00 100.00 -1000 2.05 6.38 -4.28 -1000 39.74 1.52 336.671
car -1 -1 0.00 0.00 0.00 100.00 100.00 -1000 1.59 3.85 12.38 -1000 13.73 1.58 335.143
car -1 -1 0.00 0.00 0.00 100.00 100.00 -1000 1.66 4.09 -5.46 -1000 25.60 1.67 332.610
car -1 -1 0.00 0.00 0.00 100.00 100.00 -1000 1.82 5.19 17.54 -1000 20.74 1.72 332.582
car -1 -1 0.00 0.00 0.00 100.00 100.00 -1000 1.87 4.81 10.77 -1000 25.46 1.70 324.042
car -1 -1 0.00 0.00 0.00 100.00 100.00 -1000 1.63 4.01 -6.81 -1000 17.77 -0.08 321.474
car -1 -1 0.00 0.00 0.00 100.00 100.00 -1000 1.82 4.43 11.50 -1000 21.51 1.60 315.385
car -1 -1 0.00 0.00 0.00 100.00 100.00 -1000 1.85 4.42 -2.43 -1000 33.18 1.60 315.247
car -1 -1 0.00 0.00 0.00 100.00 100.00 -1000 1.72 4.51 0.31 -1000 37.13 1.71 311.687
car -1 -1 0.00 0.00 0.00 100.00 100.00 -1000 1.96 4.48 -14.26 -1000 20.96 1.66 311.122
car -1 -1 0.00 0.00 0.00 100.00 100.00 -1000 1.85 4.81 -4.73 -1000 27.05 1.70 309.958
car -1 -1 0.00 0.00 0.00 100.00 100.00 -1000 1.86 4.63 -2.40 -1000 39.04 1.63 309.119
car -1 -1 0.00 0.00 0.00 100.00 100.00 -1000 1.75 4.68 16.79 -1000 19.96 1.72 308.849
car -1 -1 0.00 0.00 0.00 100.00 100.00 -1000 1.63 3.65 -15.23 -1000 18.10 1.62 306.655
car -1 -1 0.00 0.00 0.00 100.00 100.00 -1000 1.70 4.28 2.39 -1000 41.95 1.68 305.768
car -1 -1 0.00 0.00 0.00 100.00 100.00 -1000 1.67 4.89 8.29 -1000 24.36 1.61 305.720
car -1 -1 0.00 0.00 0.00 100.00 100.00 -1000 2.02 5.18 -8.04 -1000 19.63 1.63 303.296
car -1 -1 0.00 0.00 0.00 100.00 100.00 -1000 2.02 5.42 11.77 -1000 20.30 1.65 302.981
car -1 -1 0.00 0.00 0.00 100.00 100.00 -1000 2.22 6.30 1.01 -1000 30.29 1.68 301.791
car -1 -1 0.00 0.00 0.00 100.00 100.00 -1000 2.00 6.09 14.12 -1000 23.46 1.66 300.800
car -1 -1 0.00 0.00 0.00 100.00 100.00 -1000 2.29 7.46 2.53 -1000 29.61 1.58 296.453
car -1 -1 0.00 0.00 0.00 100.00 100.00 -1000 2.15 6.25 -10.26 -1000 20.22 1.68 294.845
car -1 -1 0.00 0.00 0.00 100.00 100.00 -1000 2.19 6.57 16.95 -1000 21.86 1.71 286.858
car -1 -1 0.00 0.00 0.00 100.00 100.00 -1000 1.80 3.74 -3.77 -1000 7.07 1.60 281.591
car -1 -1 0.00 0.00 0.00 100.00 100.00 -1000 1.81 5.02 -3.19 -1000 19.29 1.56 279.988
car -1 -1 0.00 0.00 0.00 100.00 100.00 -1000 1.75 4.39 1.47 -1000 22.72 1.59 276.475
car -1 -1 0.00 0.00 0.00 100.00 100.00 -1000 1.74 4.55 -10.61 -1000 18.64 1.65 268.603
car -1 -1 0.00 0.00 0.00 100.00 100.00 -1000 1.67 3.87 7.32 -1000 47.79 1.56 268.143
car -1 -1 0.00 0.00 0.00 100.00 100.00 -1000 2.07 6.48 14.91 -1000 22.64 1.66 267.538
car -1 -1 0.00 0.00 0.00 100.00 100.00 -1000 2.00 6.12 6.33 -1000 18.52 1.65 265.589
car -1 -1 0.00 0.00 0.00 100.00 100.00 -1000 1.59 6.05 8.52 -1000 14.08 -0.48 261.391
car -1 -1 0.00 0.00 0.00 100.00 100.00 -1000 1.89 5.60 -6.45 -1000 19.97 1.67 259.808
car -1 -1 0.00 0.00 0.00 100.00 100.00 -1000 1.97 5.33 10.23 -1000 26.29 1.65 259.205
car -1 -1 0.00 0.00 0.00 100.00 100.00 -1000 1.85 4.64 15.47 -1000 18.22 1.68 257.702
car -1 -1 0.00 0.00 0.00 100.00 100.00 -1000 1.77 3.86 -13.42 -1000 16.09 1.57 256.598
car -1 -1 0.00 0.00 0.00 100.00 100.00 -1000 1.80 4.41 -4.46 -1000 36.36 1.56 256.312
car -1 -1 0.00 0.00 0.00 100.00 100.00 -1000 1.79 4.47 -9.20 -1000 9.71 1.61 251.269
car -1 -1 0.00 0.00 0.00 100.00 100.00 -1000 1.66 4.04 -9.65 -1000 16.05 1.61 246.594
car -1 -1 0.00 0.00 0.00 100.00 100.00 -1000 1.77 4.85 13.17 -1000 22.31 1.67 242.365
car -1 -1 0.00 0.00 0.00 100.00 100.00 -1000 1.50 4.42 7.57 -1000 14.77 0.10 236.918
car -1 -1 0.00 0.00 0.00 100.00 100.00 -1000 2.24 6.37 4.32 -1000 28.59 1.69 236.661
car -1 -1 0.00 0.00 0.00 100.00 100.00 -1000 1.65 4.18 -10.72 -1000 17.46 1.69 231.453
car -1 -1 0.00 0.00 0.00 100.00 100.00 -1000 1.51 3.11 3.44 -1000 4.83 -0.20 228.236
car -1 -1 0.00 0.00 0.00 100.00 100.00 -1000 1.98 5.35 -1.65 -1000 40.74 1.63 227.196
car -1 -1 0.00 0.00 0.00 100.00 100.00 -1000 1.65 4.48 -5.28 -1000 24.15 1.61 223.326
car -1 -1 0.00 0.00 0.00 100.00 100.00 -1000 1.70 4.63 -9.42 -1000 15.10 1.63 221.415
car -1 -1 0.00 0.00 0.00 100.00 100.00 -1000 1.86 4.24 1.93 -1000 38.13 1.64 221.266
car -1 -1 0.00 0.00 0.00 100.00 100.00 -1000 1.70 4.66 17.13 -1000 19.12 1.69 220.195
car -1 -1 0.00 0.00 0.00 100.00 100.00 -1000 1.77 5.59 5.39 -1000 30.63 0.08 218.313
car -1 -1 0.00 0.00 0.00 100.00 100.00 -1000 1.60 3.59 1.90 -1000 42.93 1.60 217.657
car -1 -1 0.00 0.00 0.00 100.00 100.00 -1000 1.52 3.91 -14.18 -1000 36.80 -0.09 214.677
car -1 -1 0.00 0.00 0.00 100.00 100.00 -1000 1.92 5.38 7.87 -1000 26.67 1.66 214.022
car -1 -1 0.00 0.00 0.00 100.00 100.00 -1000 2.04 5.88 18.41 -1000 47.58 1.62 212.503
car -1 -1 0.00 0.00 0.00 100.00 100.00 -1000 1.65 4.07 -15.53 -1000 17.29 1.61 209.020
car -1 -1 0.00 0.00 0.00 100.00 100.00 -1000 1.69 3.88 -15.20 -1000 38.34 1.63 208.897
car -1 -1 0.00 0.00 0.00 100.00 100.00 -1000 1.61 4.75 -1.50 -1000 22.61 -0.26 204.513
car -1 -1 0.00 0.00 0.00 100.00 100.00 -1000 1.75 4.33 1.95 -1000 47.76 1.58 203.669
car -1 -1 0.00 0.00 0.00 100.00 100.00 -1000 1.70 4.50 -6.32 -1000 8.98 1.59 197.863
car -1 -1 0.00 0.00 0.00 100.00 100.00 -1000 1.89 4.95 -10.59 -1000 14.15 1.67 197.748
car -1 -1 0.00 0.00 0.00 100.00 100.00 -1000 1.75 4.56 -0.81 -1000 46.61 1.73 197.487
car -1 -1 0.00 0.00 0.00 100.00 100.00 -1000 2.25 8.07 -5.99 -1000 28.81 1.58 195.374
car -1 -1 0.00 0.00 0.00 100.00 100.00 -1000 1.94 5.24 6.41 -1000 16.91 1.68 194.353
car -1 -1 0.00 0.00 0.00 100.00 100.00 -1000 1.80 4.53 10.75 -1000 13.71 1.38 189.669
car -1 -1 0.00 0.00 0.00 100.00 100.00 -1000 2.27 6.94 -12.57 -1000 20.64 1.73 186.558
car -1 -1 0.00 0.00 0.00 100.00 100.00 -1000 1.98 4.63 -2.22 -1000 34.17 1.70 183.719
car -1 -1 0.00 0.00 0.00 100.00 100.00 -1000 1.66 3.93 -12.19 -1000 16.79 1.68 182.664
