car -1 -1 0.00 0.00 0.00 100.00 100.00 -1000 1.66 3.84 -7.16 -1000 47.21 1.57 988.730
car -1 -1 0.00 0.00 0.00 100.00 100.00 -1000 1.78 4.57 -8.47 -1000 29.76 1.67 981.332
car -1 -1 0.00 0.00 0.00 100.00 100.00 -1000 1.63 3.91 -8.94 -1000 27.70 1.67 977.356
car -1 -1 0.00 0.00 0.00 100.00 100.00 -1000 1.59 3.69 4.92 -1000 21.66 1.75 975.003
car -1 -1 0.00 0.00 0.00 100.00 100.00 -1000 1.55 3.56 -9.70 -1000 40.69 1.62 973.385
car -1 -1 0.00 0.00 0.00 100.00 100.00 -1000 1.60 3.79 -5.92 -1000 26.67 1.63 965.563
car -1 -1 0.00 0.00 0.00 100.00 100.00 -1000 1.58 3.75 5.16 -1000 30.75 1.63 958.229
car -1 -1 0.00 0.00 0.00 100.00 100.00 -1000 1.66 4.06 -9.11 -1000 26.63 1.68 957.898
car -1 -1 0.00 0.00 0.00 100.00 100.00 -1000 1.51 3.42 -6.16 -1000 34.27 1.67 956.726
car -1 -1 0.00 0.00 0.00 100.00 100.00 -1000 1.58 3.84 -8.97 -1000 41.34 1.62 955.806
car -1 -1 0.00 0.00 0.00 100.00 100.00 -1000 1.59 3.69 -8.94 -1000 43.62 1.61 955.245
car -1 -1 0.00 0.00 0.00 100.00 100.00 -1000 1.60 3.68 -8.57 -1000 29.02 1.65 952.236
car -1 -1 0.00 0.00 0.00 100.00 100.00 -1000 1.64 4.10 -4.50 -1000 39.11 1.66 950.047
car -1 -1 0.00 0.00 0.00 100.00 100.00 -1000 1.61 3.96 -7.38 -1000 27.33 1.63 945.644
car -1 -1 0.00 0.00 0.00 100.00 100.00 -1000 1.68 4.06 6.54 -1000 13.81 -0.25 945.109
car -1 -1 0.00 0.00 0.00 100.00 100.00 -1000 1.62 3.91 9.80 -1000 17.68 1.62 933.100
car -1 -1 0.00 0.00 0.00 100.00 100.00 -1000 1.59 3.71 6.78 -1000 42.24 1.60 923.755
car -1 -1 0.00 0.00 0.00 100.00 100.00 -1000 1.43 3.09 -7.30 -1000 46.50 1.63 921.940
car -1 -1 0.00 0.00 0.00 100.00 100.00 -1000 1.57 3.59 -6.61 -1000 15.44 1.69 917.489
car -1 -1 0.00 0.00 0.00 100.00 100.00 -1000 1.67 4.04 -18.36 -1000 26.12 1.67 912.692
car -1 -1 0.00 0.00 0.00 100.00 100.00 -1000 1.71 4.19 6.28 -1000 21.93 -0.37 912.587
car -1 -1 0.00 0.00 0.00 100.00 100.00 -1000 1.75 4.11 5.69 -1000 18.88 1.65 908.895
car -1 -1 0.00 0.00 0.00 100.00 100.00 -1000 1.66 4.01 -10.51 -1000 27.86 1.62 902.561
car -1 -1 0.00 0.00 0.00 100.00 100.00 -1000 1.64 3.98 -16.73 -1000 25.56 -0.13 894.536
car -1 -1 0.00 0.00 0.00 100.00 100.00 -1000 1.70 3.94 5.66 -1000 21.02 1.80 890.313
car -1 -1 0.00 0.00 0.00 100.00 100.00 -1000 1.61 3.82 -3.94 -1000 39.86 1.66 886.169
car -1 -1 0.00 0.00 0.00 100.00 100.00 -1000 1.53 3.52 12.03 -1000 34.55 1.65 882.813
car -1 -1 0.00 0.00 0.00 100.00 100.00 -1000 1.52 3.57 -7.34 -1000 33.85 1.62 880.213
car -1 -1 0.00 0.00 0.00 100.00 100.00 -1000 1.68 4.35 6.00 -1000 31.58 1.67 872.370
car -1 -1 0.00 0.00 0.00 100.00 100.00 -1000 1.77 4.35 5.14 -1000 23.98 1.70 868.618
car -1 -1 0.00 0.00 0.00 100.00 100.00 -1000 1.45 3.52 5.22 -1000 29.79 -0.16 866.709
car -1 -1 0.00 0.00 0.00 100.00 100.00 -1000 1.62 3.74 -10.05 -1000 27.14 -0.09 864.409
car -1 -1 0.00 0.00 0.00 100.00 100.00 -1000 1.95 5.58 -2.55 -1000 41.82 1.63 862.919
car -1 -1 0.00 0.00 0.00 100.00 100.00 -1000 1.72 4.22 -16.87 -1000 26.50 1.71 859.535
car -1 -1 0.00 0.00 0.00 100.00 100.00 -1000 1.64 4.13 -4.92 -1000 27.20 1.70 857.682
car -1 -1 0.00 0.00 0.00 100.00 100.00 -1000 1.69 3.98 -18.01 -1000 25.26 -0.26 853.800
car -1 -1 0.00 0.00 0.00 100.00 100.00 -1000 1.37 3.96 -6.50 -1000 45.79 -0.11 848.325
car -1 -1 0.00 0.00 0.00 100.00 100.00 -1000 2.10 6.47 -6.89 -1000 30.54 1.66 844.459
car -1 -1 0.00 0.00 0.00 100.00 100.00 -1000 1.70 4.18 -9.69 -1000 39.70 -0.21 842.606
car -1 -1 0.00 0.00 0.00 100.00 100.00 -1000 1.58 3.87 -2.80 -1000 39.42 1.72 842.187
car -1 -1 0.00 0.00 0.00 100.00 100.00 -1000 1.61 3.85 5.25 -1000 18.15 1.73 837.495
car -1 -1 0.00 0.00 0.00 100.00 100.00 -1000 1.51 3.40 -8.51 -1000 44.51 1.61 836.933
car -1 -1 0.00 0.00 0.00 100.00 100.00 -1000 1.60 3.90 -4.00 -1000 41.01 1.57 836.274
car -1 -1 0.00 0.00 0.00 100.00 100.00 -1000 1.65 3.80 5.72 -1000 14.45 1.59 835.169
car -1 -1 0.00 0.00 0.00 100.00 100.00 -1000 1.73 4.53 -5.18 -1000 37.15 1.55 829.064
car -1 -1 0.00 0.00 0.00 100.00 100.00 -1000 1.72 4.46 -7.55 -1000 40.82 1.77 821.034
car -1 -1 0.00 0.00 0.00 100.00 100.00 -1000 1.78 4.80 9.25 -1000 23.77 1.63 820.344
car -1 -1 0.00 0.00 0.00 100.00 100.00 -1000 1.52 3.62 9.46 -1000 19.31 1.63 815.974
car -1 -1 0.00 0.00 0.00 100.00 100.00 -1000 1.61 3.57 -6.08 -1000 25.81 -0.19 815.717
car -1 -1 0.00 0.00 0.00 100.00 100.00 -1000 1.71 4.08 -18.02 -1000 26.95 1.66 811.294
car -1 -1 0.00 0.00 0.00 100.00 100.00 -1000 1.62 3.97 4.96 -1000 11.11 -0.25 810.488
car -1 -1 0.00 0.00 0.00 100.00 100.00 -1000 1.29 2.79 6.91 -1000 13.23 -0.14 807.869
car -1 -1 0.00 0.00 0.00 100.00 100.00 -1000 1.52 3.41 6.49 -1000 41.01 -0.29 806.986
car -1 -1 0.00 0.00 0.00 100.00 100.00 -1000 1.50 3.83 12.08 -1000 33.15 -0.22 806.048
car -1 -1 0.00 0.00 0.00 100.00 100.00 -1000 1.43 3.42 9.82 -1000 16.67 -0.20 804.107
car -1 -1 0.00 0.00 0.00 100.00 100.00 -1000 1.61 3.85 -8.99 -1000 33.43 1.61 801.866
car -1 -1 0.00 0.00 0.00 100.00 100.00 -1000 1.87 5.06 -6.98 -1000 41.94 1.64 801.753
car -1 -1 0.00 0.00 0.00 100.00 100.00 -1000 1.60 3.58 -10.31 -1000 29.48 1.62 796.368
car -1 -1 0.00 0.00 0.00 100.00 100.00 -1000 1.60 3.84 -5.55 -1000 34.95 1.74 793.731
car -1 -1 0.00 0.00 0.00 100.00 100.00 -1000 1.55 3.99 -1.16 -1000 39.44 1.73 791.636
car -1 -1 0.00 0.00 0.00 100.00 100.00 -1000 1.77 4.52 -5.25 -1000 42.17 1.65 789.199
car -1 -1 0.00 0.00 0.00 100.00 100.00 -1000 1.60 3.57 -6.25 -1000 33.16 -0.22 789.065
car -1 -1 0.00 0.00 0.00 100.00 100.00 -1000 2.09 6.73 -2.74 -1000 29.45 1.68 788.172
car -1 -1 0.00 0.00 0.00 100.00 100.00 -1000 1.60 3.65 -8.50 -1000 40.09 1.68 782.455
car -1 -1 0.00 0.00 0.00 100.00 100.00 -1000 1.60 3.77 7.96 -1000 10.06 1.72 782.144
car -1 -1 0.00 0.00 0.00 100.00 100.00 -1000 1.61 3.73 5.11 -1000 35.53 1.64 781.977
car -1 -1 0.00 0.00 0.00 100.00 100.00 -1000 1.74 4.18 -10.09 -1000 41.74 1.66 780.232
car -1 -1 0.00 0.00 0.00 100.00 100.00 -1000 1.62 3.69 -14.15 -1000 27.95 -0.28 777.116
car -1 -1 0.00 0.00 0.00 100.00 100.00 -1000 1.45 3.61 -6.05 -1000 16.27 1.62 774.966
car -1 -1 0.00 0.00 0.00 100.00 100.00 -1000 1.54 3.51 -8.61 -1000 42.84 1.67 773.750
car -1 -1 0.00 0.00 0.00 100.00 100.00 -1000 1.60 3.78 7.66 -1000 41.29 -0.07 770.068
car -1 -1 0.00 0.00 0.00 100.00 100.00 -1000 1.73 4.31 -4.71 -1000 26.31 1.73 768.379
car -1 -1 0.00 0.00 0.00 100.00 100.00 -1000 1.45 3.21 -4.29 -1000 38.44 1.63 767.851
car -1 -1 0.00 0.00 0.00 100.00 100.00 -1000 1.85 4.61 -7.81 -1000 28.26 1.69 763.618
car -1 -1 0.00 0.00 0.00 100.00 100.00 -1000 1.71 4.07 -11.58 -1000 28.58 1.63 760.694
car -1 -1 0.00 0.00 0.00 100.00 100.00 -1000 1.65 3.99 -7.13 -1000 26.20 0.02 759.910
car -1 -1 0.00 0.00 0.00 100.00 100.00 -1000 1.59 3.72 -11.59 -1000 20.03 -0.20 758.723
car -1 -1 0.00 0.00 0.00 100.00 100.00 -1000 1.87 4.60 -17.52 -1000 27.75 1.62 754.015
car -1 -1 0.00 0.00 0.00 100.00 100.00 -1000 1.68 3.83 10.80 -1000 34.20 1.55 746.540
car -1 -1 0.00 0.00 0.00 100.00 100.00 -1000 1.72 4.04 -13.42 -1000 28.66 1.73 742.538
car -1 -1 0.00 0.00 0.00 100.00 100.00 -1000 1.71 3.96 7.25 -1000 22.56 1.70 736.588
car -1 -1 0.00 0.00 0.00 100.00 100.00 -1000 1.72 4.17 6.86 -1000 19.68 1.66 734.779
car -1 -1 0.00 0.00 0.00 100.00 100.00 -1000 1.79 4.21 7.26 -1000 36.31 1.66 734.747
car -1 -1 0.00 0.00 0.00 100.00 100.00 -1000 1.60 3.70 4.79 -1000 20.13 1.70 733.638
car -1 -1 0.00 0.00 0.00 100.00 100.00 -1000 1.46 3.39 -5.36 -1000 25.27 -0.13 732.979
car -1 -1 0.00 0.00 0.00 100.00 100.00 -1000 1.49 3.53 -18.23 -1000 37.28 -0.26 732.780
car -1 -1 0.00 0.00 0.00 100.00 100.00 -1000 1.73 4.28 -4.85 -1000 33.70 1.69 730.571
car -1 -1 0.00 0.00 0.00 100.00 100.00 -1000 1.80 4.36 11.34 -1000 19.36 1.68 729.270
car -1 -1 0.00 0.00 0.00 100.00 100.00 -1000 1.79 4.33 -15.64 -1000 26.97 1.71 728.746
car -1 -1 0.00 0.00 0.00 100.00 100.00 -1000 1.87 5.01 -4.89 -1000 47.61 1.67 718.968
car -1 -1 0.00 0.00 0.00 100.00 100.00 -1000 2.15 6.23 8.62 -1000 32.74 1.62 716.386
car -1 -1 0.00 0.00 0.00 100.00 100.00 -1000 2.08 5.45 -9.77 -1000 30.92 1.60 713.267
car -1 -1 0.00 0.00 0.00 100.00 100.00 -1000 1.89 4.68 6.64 -1000 43.06 1.67 703.134
car -1 -1 0.00 0.00 0.00 100.00 100.00 -1000 1.52 3.57 -4.10 -1000 37.54 1.69 699.193
car -1 -1 0.00 0.00 0.00 100.00 100.00 -1000 1.69 4.54 -5.79 -1000 40.46 1.74 698.134
car -1 -1 0.00 0.00 0.00 100.00 100.00 -1000 2.65 8.99 -3.94 -1000 30.38 1.68 695.594
car -1 -1 0.00 0.00 0.00 100.00 100.00 -1000 1.32 3.64 -5.81 -1000 14.75 -0.22 693.191
car -1 -1 0.00 0.00 0.00 100.00 100.00 -1000 1.77 4.34 7.57 -1000 21.40 1.64 687.289
car -1 -1 0.00 0.00 0.00 100.00 100.00 -1000 1.97 5.04 -5.46 -1000 31.84 1.62 686.386
car -1 -1 0.00 0.00 0.00 100.00 100.00 -1000 1.99 5.91 5.74 -1000 33.46 1.68 682.640
car -1 -1 0.00 0.00 0.00 100.00 100.00 -1000 1.67 3.82 -12.27 -1000 34.73 1.69 679.624
car -1 -1 0.00 0.00 0.00 100.00 100.00 -1000 1.38 3.69 -5.75 -1000 32.49 -0.11 674.414
car -1 -1 0.00 0.00 0.00 100.00 100.00 -1000 1.96 5.13 -6.93 -1000 29.23 1.76 673.137
car -1 -1 0.00 0.00 0.00 100.00 100.00 -1000 1.89 4.61 4.83 -1000 44.09 1.68 671.038
car -1 -1 0.00 0.00 0.00 100.00 100.00 -1000 1.69 4.58 -3.30 -1000 26.62 1.76 671.017
car -1 -1 0.00 0.00 0.00 100.00 100.00 -1000 1.85 4.56 5.55 -1000 22.83 1.61 669.374
car -1 -1 0.00 0.00 0.00 100.00 100.00 -1000 1.79 4.99 -8.03 -1000 35.31 1.63 669.216
car -1 -1 0.00 0.00 0.00 100.00 100.00 -1000 1.73 4.05 10.08 -1000 18.61 1.64 668.144
car -1 -1 0.00 0.00 0.00 100.00 100.00 -1000 1.94 5.27 8.93 -1000 22.23 1.69 666.479
car -1 -1 0.00 0.00 0.00 100.00 100.00 -1000 1.62 4.36 -2.22 -1000 35.46 1.54 661.696
car -1 -1 0.00 0.00 0.00 100.00 100.00 -1000 1.76 4.00 -5.73 -1000 46.65 1.73 660.475
car -1 -1 0.00 0.00 0.00 100.00 100.00 -1000 1.62 3.77 -10.83 -1000 40.34 1.65 659.746
car -1 -1 0.00 0.00 0.00 100.00 100.00 -1000 1.99 6.00 7.41 -1000 45.45 1.59 658.989
car -1 -1 0.00 0.00 0.00 100.00 100.00 -1000 2.08 5.50 5.84 -1000 25.35 1.61 654.827
car -1 -1 0.00 0.00 0.00 100.00 100.00 -1000 1.91 5.09 8.44 -1000 25.41 1.60 650.077
car -1 -1 0.00 0.00 0.00 100.00 100.00 -1000 1.93 4.59 -9.51 -1000 32.25 1.67 649.304
car -1 -1 0.00 0.00 0.00 100.00 100.00 -1000 1.45 3.53 -11.13 -1000 39.29 -0.24 647.228
car -1 -1 0.00 0.00 0.00 100.00 100.00 -1000 1.67 3.91 8.18 -1000 42.48 1.71 642.799
car -1 -1 0.00 0.00 0.00 100.00 100.00 -1000 1.41 2.96 -8.07 -1000 46.04 1.63 638.338
car -1 -1 0.00 0.00 0.00 100.00 100.00 -1000 1.80 4.42 11.11 -1000 18.12 1.74 637.571
car -1 -1 0.00 0.00 0.00 100.00 100.00 -1000 1.67 4.39 -0.48 -1000 38.77 1.66 635.600
car -1 -1 0.00 0.00 0.00 100.00 100.00 -1000 1.93 4.77 -6.74 -1000 42.93 1.67 635.228
car -1 -1 0.00 0.00 0.00 100.00 100.00 -1000 1.49 3.35 -12.51 -1000 33.94 -0.11 632.512
car -1 -1 0.00 0.00 0.00 100.00 100.00 -1000 1.77 4.97 -2.48 -1000 27.44 1.74 629.197
car -1 -1 0.00 0.00 0.00 100.00 100.00 -1000 1.67 4.04 -11.27 -1000 20.82 1.66 627.588
car -1 -1 0.00 0.00 0.00 100.00 100.00 -1000 1.57 3.73 8.22 -1000 18.99 1.68 627.262
car -1 -1 0.00 0.00 0.00 100.00 100.00 -1000 1.58 3.54 6.92 -1000 18.21 -0.17 625.888
car -1 -1 0.00 0.00 0.00 100.00 100.00 -1000 1.94 5.53 -2.03 -1000 40.72 1.66 607.841
car -1 -1 0.00 0.00 0.00 100.00 100.00 -1000 1.24 3.22 -7.97 -1000 39.37 -0.14 604.971
car -1 -1 0.00 0.00 0.00 100.00 100.00 -1000 2.40 5.99 -8.37 -1000 37.57 1.65 604.539
car -1 -1 0.00 0.00 0.00 100.00 100.00 -1000 1.82 4.54 2.51 -1000 43.96 1.61 602.151
car -1 -1 0.00 0.00 0.00 100.00 100.00 -1000 2.05 5.80 7.05 -1000 46.36 1.66 599.299
car -1 -1 0.00 0.00 0.00 100.00 100.00 -1000 1.90 4.74 8.52 -1000 10.92 1.60 591.075
car -1 -1 0.00 0.00 0.00 100.00 100.00 -1000 1.77 4.52 7.36 -1000 20.46 1.65 588.598
car -1 -1 0.00 0.00 0.00 100.00 100.00 -1000 1.85 5.18 -5.40 -1000 36.28 1.64 586.485
car -1 -1 0.00 0.00 0.00 100.00 100.00 -1000 1.79 4.47 -16.07 -1000 28.55 1.63 582.525
car -1 -1 0.00 0.00 0.00 100.00 100.00 -1000 1.81 4.31 -3.53 -1000 42.46 1.65 581.056
car -1 -1 0.00 0.00 0.00 100.00 100.00 -1000 2.01 6.09 -3.53 -1000 28.63 1.73 580.912
car -1 -1 0.00 0.00 0.00 100.00 100.00 -1000 1.60 3.45 -10.08 -1000 28.66 -0.12 578.358
car -1 -1 0.00 0.00 0.00 100.00 100.00 -1000 1.73 4.18 -17.49 -1000 38.20 1.70 576.633
car -1 -1 0.00 0.00 0.00 100.00 100.00 -1000 1.95 5.27 9.80 -1000 22.97 1.71 575.255
car -1 -1 0.00 0.00 0.00 100.00 100.00 -1000 1.62 3.74 7.57 -1000 14.45 1.69 567.228
car -1 -1 0.00 0.00 0.00 100.00 100.00 -1000 2.01 5.73 -1.04 -1000 43.20 1.62 567.124
car -1 -1 0.00 0.00 0.00 100.00 100.00 -1000 2.28 7.13 -7.92 -1000 31.48 1.74 566.806
car -1 -1 0.00 0.00 0.00 100.00 100.00 -1000 1.57 3.74 10.95 -1000 17.10 -0.19 556.442
car -1 -1 0.00 0.00 0.00 100.00 100.00 -1000 1.66 4.07 -8.15 -1000 32.79 1.68 552.453
car -1 -1 0.00 0.00 0.00 100.00 100.00 -1000 1.97 5.34 8.24 -1000 24.47 1.60 549.255
car -1 -1 0.00 0.00 0.00 100.00 100.00 -1000 1.62 3.54 -11.75 -1000 38.64 1.69 545.804
car -1 -1 0.00 0.00 0.00 100.00 100.00 -1000 1.76 4.44 10.18 -1000 19.94 1.64 542.108
car -1 -1 0.00 0.00 0.00 100.00 100.00 -1000 1.81 4.51 8.86 -1000 20.86 1.63 537.437
car -1 -1 0.00 0.00 0.00 100.00 100.00 -1000 1.78 4.20 9.26 -1000 33.60 1.68 534.065
car -1 -1 0.00 0.00 0.00 100.00 100.00 -1000 1.73 3.86 -15.46 -1000 25.94 1.67 528.720
car -1 -1 0.00 0.00 0.00 100.00 100.00 -1000 2.06 6.10 8.58 -1000 34.27 1.75 527.683
car -1 -1 0.00 0.00 0.00 100.00 100.00 -1000 1.70 4.34 -11.31 -1000 35.31 1.69 521.529
car -1 -1 0.00 0.00 0.00 100.00 100.00 -1000 1.86 5.46 -0.31 -1000 42.05 1.73 519.105
car -1 -1 0.00 0.00 0.00 100.00 100.00 -1000 1.83 4.71 0.47 -1000 43.66 1.59 518.014
car -1 -1 0.00 0.00 0.00 100.00 100.00 -1000 2.70 8.43 -8.38 -1000 36.75 1.63 514.657
car -1 -1 0.00 0.00 0.00 100.00 100.00 -1000 1.80 4.55 6.47 -1000 23.55 1.68 512.672
car -1 -1 0.00 0.00 0.00 100.00 100.00 -1000 1.69 4.14 -5.70 -1000 39.60 1.61 506.898
car -1 -1 0.00 0.00 0.00 100.00 100.00 -1000 1.57 4.00 -12.56 -1000 29.56 0.04 497.043
car -1 -1 0.00 0.00 0.00 100.00 100.00 -1000 1.54 3.30 5.71 -1000 29.09 1.50 495.449
car -1 -1 0.00 0.00 0.00 100.00 100.00 -1000 1.76 4.95 -7.01 -1000 44.31 1.60 490.331
car -1 -1 0.00 0.00 0.00 100.00 100.00 -1000 1.66 3.82 12.97 -1000 33.90 1.73 489.981
car -1 -1 0.00 0.00 0.00 100.00 100.00 -1000 2.06 5.48 8.52 -1000 37.46 1.64 488.538
car -1 -1 0.00 0.00 0.00 100.00 100.00 -1000 2.11 6.17 7.17 -1000 32.11 1.68 485.583
car -1 -1 0.00 0.00 0.00 100.00 100.00 -1000 1.62 3.77 6.54 -1000 30.31 1.67 485.117
car -1 -1 0.00 0.00 0.00 100.00 100.00 -1000 1.60 3.82 -3.55 -1000 34.21 1.73 478.317
car -1 -1 0.00 0.00 0.00 100.00 100.00 -1000 1.99 5.04 -3.57 -1000 36.87 1.58 478.283
car -1 -1 0.00 0.00 0.00 100.00 100.00 -1000 1.96 5.61 7.29 -1000 47.51 1.74 473.302
car -1 -1 0.00 0.00 0.00 100.00 100.00 -1000 1.70 3.66 -5.33 -1000 45.13 1.60 472.596
car -1 -1 0.00 0.00 0.00 100.00 100.00 -1000 1.69 4.25 -11.64 -1000 37.24 -0.21 468.152
car -1 -1 0.00 0.00 0.00 100.00 100.00 -1000 1.70 3.85 -7.69 -1000 38.28 1.59 464.613
car -1 -1 0.00 0.00 0.00 100.00 100.00 -1000 1.89 4.45 4.96 -1000 34.36 1.61 462.937
car -1 -1 0.00 0.00 0.00 100.00 100.00 -1000 1.43 4.59 -13.94 -1000 46.98 -0.27 462.166
car -1 -1 0.00 0.00 0.00 100.00 100.00 -1000 1.72 4.14 -1.00 -1000 43.89 1.60 461.462
car -1 -1 0.00 0.00 0.00 100.00 100.00 -1000 2.05 5.80 10.27 -1000 21.39 1.74 454.564
car -1 -1 0.00 0.00 0.00 100.00 100.00 -1000 1.57 3.82 -5.37 -1000 37.91 1.53 453.827
car -1 -1 0.00 0.00 0.00 100.00 100.00 -1000 2.12 6.06 4.09 -1000 32.20 1.75 451.218
car -1 -1 0.00 0.00 0.00 100.00 100.00 -1000 1.43 3.30 6.27 -1000 10.76 -0.03 450.748
car -1 -1 0.00 0.00 0.00 100.00 100.00 -1000 1.89 5.37 13.26 -1000 20.39 1.67 446.056
car -1 -1 0.00 0.00 0.00 100.00 100.00 -1000 1.36 3.59 -16.16 -1000 24.91 0.03 444.980
car -1 -1 0.00 0.00 0.00 100.00 100.00 -1000 2.07 5.19 -10.85 -1000 30.14 1.67 443.265
car -1 -1 0.00 0.00 0.00 100.00 100.00 -1000 1.56 3.97 -8.69 -1000 25.79 -0.09 442.090
car -1 -1 0.00 0.00 0.00 100.00 100.00 -1000 2.19 5.97 12.96 -1000 37.63 1.72 441.780
car -1 -1 0.00 0.00 0.00 100.00 100.00 -1000 2.10 5.28 -14.06 -1000 29.40 1.72 440.526
car -1 -1 0.00 0.00 0.00 100.00 100.00 -1000 1.83 4.31 9.17 -1000 41.85 1.70 438.076
car -1 -1 0.00 0.00 0.00 100.00 100.00 -1000 1.60 3.78 -13.44 -1000 38.60 1.58 437.215
car -1 -1 0.00 0.00 0.00 100.00 100.00 -1000 1.50 3.81 -14.07 -1000 34.03 0.06 433.963
car -1 -1 0.00 0.00 0.00 100.00 100.00 -1000 1.98 4.89 -11.51 -1000 36.29 1.66 432.911
car -1 -1 0.00 0.00 0.00 100.00 100.00 -1000 1.83 4.53 9.32 -1000 11.67 1.69 432.558
car -1 -1 0.00 0.00 0.00 100.00 100.00 -1000 1.74 4.40 -12.56 -1000 27.64 1.67 430.590
car -1 -1 0.00 0.00 0.00 100.00 100.00 -1000 1.23 3.44 -18.44 -1000 24.48 -0.21 430.553
car -1 -1 0.00 0.00 0.00 100.00 100.00 -1000 1.89 4.35 -10.83 -1000 33.04 1.58 424.025
car -1 -1 0.00 0.00 0.00 100.00 100.00 -1000 1.87 5.47 -3.52 -1000 35.91 1.66 423.347
car -1 -1 0.00 0.00 0.00 100.00 100.00 -1000 1.72 4.47 8.44 -1000 13.84 1.67 419.160
car -1 -1 0.00 0.00 0.00 100.00 100.00 -1000 1.65 3.69 7.24 -1000 40.45 1.58 417.876
car -1 -1 0.00 0.00 0.00 100.00 100.00 -1000 1.64 3.49 -15.25 -1000 19.02 1.58 417.401
car -1 -1 0.00 0.00 0.00 100.00 100.00 -1000 1.75 4.46 -16.67 -1000 30.51 -0.20 415.813
car -1 -1 0.00 0.00 0.00 100.00 100.00 -1000 1.48 3.73 -15.88 -1000 31.23 -0.02 409.970
car -1 -1 0.00 0.00 0.00 100.00 100.00 -1000 1.65 3.88 5.96 -1000 41.66 1.66 409.208
car -1 -1 0.00 0.00 0.00 100.00 100.00 -1000 1.55 4.03 -13.38 -1000 35.37 1.62 407.901
car -1 -1 0.00 0.00 0.00 100.00 100.00 -1000 1.59 3.67 12.71 -1000 32.32 1.60 405.431
car -1 -1 0.00 0.00 0.00 100.00 100.00 -1000 2.38 7.46 13.54 -1000 36.65 1.71 404.423
car -1 -1 0.00 0.00 0.00 100.00 100.00 -1000 1.99 5.24 -6.63 -1000 35.73 1.67 401.161
car -1 -1 0.00 0.00 0.00 100.00 100.00 -1000 2.10 6.01 -2.25 -1000 47.69 1.64 399.179
car -1 -1 0.00 0.00 0.00 100.00 100.00 -1000 1.42 3.37 9.33 -1000 10.34 -0.32 396.345
car -1 -1 0.00 0.00 0.00 100.00 100.00 -1000 1.79 3.88 10.19 -1000 25.72 1.67 390.359
car -1 -1 0.00 0.00 0.00 100.00 100.00 -1000 1.69 4.63 -1.96 -1000 46.88 1.63 390.264
car -1 -1 0.00 0.00 0.00 100.00 100.00 -1000 1.70 3.78 6.65 -1000 12.60 1.62 387.806
car -1 -1 0.00 0.00 0.00 100.00 100.00 -1000 1.69 4.04 -8.57 -1000 34.16 1.70 383.927
car -1 -1 0.00 0.00 0.00 100.00 100.00 -1000 1.73 3.99 -14.69 -1000 24.76 1.64 382.349
car -1 -1 0.00 0.00 0.00 100.00 100.00 -1000 2.01 4.85 -17.37 -1000 28.99 1.62 380.489
car -1 -1 0.00 0.00 0.00 100.00 100.00 -1000 1.50 3.41 -9.83 -1000 38.74 1.53 380.475
car -1 -1 0.00 0.00 0.00 100.00 100.00 -1000 1.77 4.72 -16.18 -1000 38.64 1.70 378.407
car -1 -1 0.00 0.00 0.00 100.00 100.00 -1000 1.91 4.57 6.36 -1000 15.21 1.63 377.255
car -1 -1 0.00 0.00 0.00 100.00 100.00 -1000 1.78 4.50 8.67 -1000 15.68 1.63 376.778
car -1 -1 0.00 0.00 0.00 100.00 100.00 -1000 1.60 3.30 -7.94 -1000 45.24 1.55 373.214
car -1 -1 0.00 0.00 0.00 100.00 100.00 -1000 1.80 4.67 -2.30 -1000 38.53 1.72 369.376
car -1 -1 0.00 0.00 0.00 100.00 100.00 -1000 1.89 4.67 -16.19 -1000 29.57 1.58 367.801
car -1 -1 0.00 0.00 0.00 100.00 100.00 -1000 1.58 4.02 -3.67 -1000 46.53 1.70 364.896
car -1 -1 0.00 0.00 0.00 100.00 100.00 -1000 1.67 4.33 -11.29 -1000 41.10 1.62 361.399
car -1 -1 0.00 0.00 0.00 100.00 100.00 -1000 2.13 6.04 13.35 -1000 35.74 1.63 361.044
car -1 -1 0.00 0.00 0.00 100.00 100.00 -1000 1.91 5.18 8.55 -1000 31.53 1.69 357.018
car -1 -1 0.00 0.00 0.00 100.00 100.00 -1000 1.55 3.77 8.34 -1000 17.96 0.03 355.669
car -1 -1 0.00 0.00 0.00 100.00 100.00 -1000 1.99 5.94 6.28 -1000 44.83 1.66 347.392
car -1 -1 0.00 0.00 0.00 100.00 100.00 -1000 2.03 5.37 6.52 -1000 34.87 1.71 347.137
car -1 -1 0.00 0.00 0.00 100.00 100.00 -1000 1.80 4.41 -14.36 -1000 39.11 1.64 336.503
car -1 -1 0.00 0.00 0.00 100.00 100.00 -1000 2.15 6.16 -9.89 -1000 35.83 1.69 334.659
car -1 -1 0.00 0.00 0.00 100.00 100.00 -1000 1.85 4.93 3.38 -1000 43.32 1.64 334.151
car -1 -1 0.00 0.00 0.00 100.00 100.00 -1000 1.92 4.24 12.60 -1000 38.38 1.66 330.447
car -1 -1 0.00 0.00 0.00 100.00 100.00 -1000 2.14 6.26 10.52 -1000 37.22 1.63 330.352
car -1 -1 0.00 0.00 0.00 100.00 100.00 -1000 1.81 4.48 5.28 -1000 15.74 1.65 329.255
car -1 -1 0.00 0.00 0.00 100.00 100.00 -1000 1.62 4.19 5.46 -1000 36.66 1.66 328.952
car -1 -1 0.00 0.00 0.00 100.00 100.00 -1000 1.75 3.98 -19.17 -1000 38.54 1.56 327.023
car -1 -1 0.00 0.00 0.00 100.00 100.00 -1000 1.23 3.26 7.85 -1000 37.29 -0.11 321.832
car -1 -1 0.00 0.00 0.00 100.00 100.00 -1000 1.84 4.16 10.53 -1000 27.32 1.65 320.967
car -1 -1 0.00 0.00 0.00 100.00 100.00 -1000 1.72 4.42 -5.33 -1000 16.85 1.72 319.136
car -1 -1 0.00 0.00 0.00 100.00 100.00 -1000 2.03 5.73 -1.60 -1000 28.13 1.62 318.440
car -1 -1 0.00 0.00 0.00 100.00 100.00 -1000 1.87 4.36 13.28 -1000 22.52 1.72 316.706
car -1 -1 0.00 0.00 0.00 100.00 100.00 -1000 1.80 5.02 0.96 -1000 42.88 1.62 315.514
car -1 -1 0.00 0.00 0.00 100.00 100.00 -1000 1.50 3.63 8.18 -1000 9.20 -0.30 315.049
car -1 -1 0.00 0.00 0.00 100.00 100.00 -1000 1.85 4.30 5.50 -1000 17.06 1.67 314.852
car -1 -1 0.00 0.00 0.00 100.00 100.00 -1000 1.83 4.47 8.49 -1000 12.51 1.54 314.643
car -1 -1 0.00 0.00 0.00 100.00 100.00 -1000 2.00 5.25 5.96 -1000 9.87 1.67 309.518
car -1 -1 0.00 0.00 0.00 100.00 100.00 -1000 1.83 4.80 12.54 -1000 18.76 1.64 309.317
car -1 -1 0.00 0.00 0.00 100.00 100.00 -1000 1.77 4.52 13.76 -1000 34.69 1.69 307.671
car -1 -1 0.00 0.00 0.00 100.00 100.00 -1000 1.86 5.25 -3.18 -1000 33.23 1.67 306.061
car -1 -1 0.00 0.00 0.00 100.00 100.00 -1000 1.87 5.23 4.63 -1000 42.84 1.65 300.001
car -1 -1 0.00 0.00 0.00 100.00 100.00 -1000 1.76 4.15 -10.32 -1000 43.07 1.64 299.144
car -1 -1 0.00 0.00 0.00 100.00 100.00 -1000 1.71 4.41 -14.75 -1000 17.88 1.68 298.446
car -1 -1 0.00 0.00 0.00 100.00 100.00 -1000 1.77 4.39 -9.63 -1000 34.77 1.66 297.761
car -1 -1 0.00 0.00 0.00 100.00 100.00 -1000 1.69 3.83 -14.40 -1000 34.77 1.60 297.344
