car -1 -1 0.00 0.00 0.00 100.00 100.00 -1000 1.66 3.78 -1.13 -1000 29.21 1.60 996.018
car -1 -1 0.00 0.00 0.00 100.00 100.00 -1000 1.41 3.55 -1.04 -1000 28.30 -0.05 994.620
car -1 -1 0.00 0.00 0.00 100.00 100.00 -1000 2.82 9.72 1.22 -1000 32.66 1.51 994.432
car -1 -1 0.00 0.00 0.00 100.00 100.00 -1000 2.20 6.30 2.62 -1000 32.00 1.60 989.974
car -1 -1 0.00 0.00 0.00 100.00 100.00 -1000 1.76 4.43 -0.48 -1000 29.91 1.56 987.473
car -1 -1 0.00 0.00 0.00 100.00 100.00 -1000 1.55 3.59 6.72 -1000 43.57 1.66 987.148
car -1 -1 0.00 0.00 0.00 100.00 100.00 -1000 2.32 7.01 2.39 -1000 33.55 1.54 982.970
car -1 -1 0.00 0.00 0.00 100.00 100.00 -1000 3.30 12.65 1.04 -1000 33.68 1.53 979.384
car -1 -1 0.00 0.00 0.00 100.00 100.00 -1000 1.60 3.77 6.31 -1000 42.81 -0.20 968.488
car -1 -1 0.00 0.00 0.00 100.00 100.00 -1000 2.85 9.74 -1.96 -1000 32.07 1.56 968.210
car -1 -1 0.00 0.00 0.00 100.00 100.00 -1000 1.62 3.78 3.45 -1000 32.47 1.78 965.330
car -1 -1 0.00 0.00 0.00 100.00 100.00 -1000 1.63 3.74 3.60 -1000 39.56 1.68 963.229
car -1 -1 0.00 0.00 0.00 100.00 100.00 -1000 1.66 3.72 3.28 -1000 38.75 -0.28 956.872
car -1 -1 0.00 0.00 0.00 100.00 100.00 -1000 1.58 3.66 4.27 -1000 40.16 1.72 954.697
car -1 -1 0.00 0.00 0.00 100.00 100.00 -1000 1.69 4.15 4.38 -1000 31.87 1.68 954.656
car -1 -1 0.00 0.00 0.00 100.00 100.00 -1000 1.66 3.98 3.67 -1000 27.52 -0.29 954.298
car -1 -1 0.00 0.00 0.00 100.00 100.00 -1000 1.73 4.19 4.47 -1000 33.54 1.76 945.247
car -1 -1 0.00 0.00 0.00 100.00 100.00 -1000 1.54 3.59 6.46 -1000 37.56 1.63 942.843
car -1 -1 0.00 0.00 0.00 100.00 100.00 -1000 1.51 3.51 5.38 -1000 41.74 1.69 941.079
car -1 -1 0.00 0.00 0.00 100.00 100.00 -1000 1.93 5.21 2.78 -1000 31.14 1.62 938.912
car -1 -1 0.00 0.00 0.00 100.00 100.00 -1000 1.70 4.14 5.00 -1000 34.24 1.66 937.051
car -1 -1 0.00 0.00 0.00 100.00 100.00 -1000 1.56 3.80 1.83 -1000 38.92 1.62 934.954
car -1 -1 0.00 0.00 0.00 100.00 100.00 -1000 1.64 3.93 5.39 -1000 35.13 1.61 933.606
car -1 -1 0.00 0.00 0.00 100.00 100.00 -1000 1.62 3.54 0.05 -1000 28.91 1.72 928.145
car -1 -1 0.00 0.00 0.00 100.00 100.00 -1000 1.59 3.55 3.19 -1000 28.23 1.67 926.448
car -1 -1 0.00 0.00 0.00 100.00 100.00 -1000 2.00 5.79 9.07 -1000 46.02 1.60 926.349
car -1 -1 0.00 0.00 0.00 100.00 100.00 -1000 1.64 3.52 1.96 -1000 27.93 1.58 924.784
car -1 -1 0.00 0.00 0.00 100.00 100.00 -1000 1.64 3.65 4.77 -1000 30.79 -0.12 923.299
car -1 -1 0.00 0.00 0.00 100.00 100.00 -1000 1.63 4.10 -5.66 -1000 43.54 1.66 921.697
car -1 -1 0.00 0.00 0.00 100.00 100.00 -1000 1.65 3.86 3.91 -1000 26.51 1.70 918.778
car -1 -1 0.00 0.00 0.00 100.00 100.00 -1000 1.62 3.87 5.97 -1000 31.68 1.68 914.591
car -1 -1 0.00 0.00 0.00 100.00 100.00 -1000 1.54 3.88 8.72 -1000 43.82 1.70 914.306
car -1 -1 0.00 0.00 0.00 100.00 100.00 -1000 1.54 3.52 5.69 -1000 38.24 1.63 910.662
car -1 -1 0.00 0.00 0.00 100.00 100.00 -1000 1.56 3.79 -7.22 -1000 43.73 1.65 908.981
car -1 -1 0.00 0.00 0.00 100.00 100.00 -1000 1.57 3.70 5.20 -1000 43.87 1.65 905.285
car -1 -1 0.00 0.00 0.00 100.00 100.00 -1000 1.53 3.84 -4.10 -1000 43.75 1.65 904.366
car -1 -1 0.00 0.00 0.00 100.00 100.00 -1000 1.65 3.95 2.39 -1000 38.08 -0.39 901.800
car -1 -1 0.00 0.00 0.00 100.00 100.00 -1000 1.74 4.10 2.43 -1000 34.11 1.60 898.939
car -1 -1 0.00 0.00 0.00 100.00 100.00 -1000 1.78 4.41 2.35 -1000 40.62 1.66 897.313
car -1 -1 0.00 0.00 0.00 100.00 100.00 -1000 2.32 6.73 -3.23 -1000 31.32 1.59 896.437
car -1 -1 0.00 0.00 0.00 100.00 100.00 -1000 1.67 4.18 4.97 -1000 27.86 -0.14 896.287
car -1 -1 0.00 0.00 0.00 100.00 100.00 -1000 1.91 5.17 9.45 -1000 47.19 1.60 893.761
car -1 -1 0.00 0.00 0.00 100.00 100.00 -1000 1.44 3.28 2.04 -1000 37.01 1.68 892.595
car -1 -1 0.00 0.00 0.00 100.00 100.00 -1000 1.70 3.96 4.42 -1000 28.64 1.69 892.035
car -1 -1 0.00 0.00 0.00 100.00 100.00 -1000 1.69 4.77 1.53 -1000 30.09 1.68 891.251
car -1 -1 0.00 0.00 0.00 100.00 100.00 -1000 1.60 3.71 6.78 -1000 30.68 1.74 888.334
car -1 -1 0.00 0.00 0.00 100.00 100.00 -1000 1.70 4.34 2.92 -1000 34.90 1.61 884.555
car -1 -1 0.00 0.00 0.00 100.00 100.00 -1000 1.58 3.73 7.43 -1000 44.15 1.74 881.561
car -1 -1 0.00 0.00 0.00 100.00 100.00 -1000 1.79 4.38 6.44 -1000 33.81 1.66 881.438
car -1 -1 0.00 0.00 0.00 100.00 100.00 -1000 1.76 4.04 1.87 -1000 29.08 1.67 880.307
car -1 -1 0.00 0.00 0.00 100.00 100.00 -1000 1.48 4.85 -0.49 -1000 27.63 -0.32 879.479
car -1 -1 0.00 0.00 0.00 100.00 100.00 -1000 1.86 4.95 6.06 -1000 45.90 1.63 878.138
car -1 -1 0.00 0.00 0.00 100.00 100.00 -1000 1.67 3.86 4.98 -1000 40.74 1.67 874.562
car -1 -1 0.00 0.00 0.00 100.00 100.00 -1000 1.71 4.09 5.76 -1000 40.01 1.72 869.613
car -1 -1 0.00 0.00 0.00 100.00 100.00 -1000 1.59 3.67 8.03 -1000 42.56 -0.05 867.106
car -1 -1 0.00 0.00 0.00 100.00 100.00 -1000 1.71 4.17 1.95 -1000 39.83 1.61 865.054
car -1 -1 0.00 0.00 0.00 100.00 100.00 -1000 1.66 3.90 4.80 -1000 39.14 1.79 863.198
car -1 -1 0.00 0.00 0.00 100.00 100.00 -1000 2.50 7.51 -2.47 -1000 34.32 1.61 857.193
car -1 -1 0.00 0.00 0.00 100.00 100.00 -1000 1.67 4.20 9.64 -1000 43.18 1.67 853.022
car -1 -1 0.00 0.00 0.00 100.00 100.00 -1000 1.58 3.74 4.16 -1000 38.09 -0.19 845.448
car -1 -1 0.00 0.00 0.00 100.00 100.00 -1000 1.54 3.57 5.59 -1000 30.09 -0.18 843.796
car -1 -1 0.00 0.00 0.00 100.00 100.00 -1000 1.49 3.49 6.18 -1000 35.79 1.68 842.076
car -1 -1 0.00 0.00 0.00 100.00 100.00 -1000 1.66 3.98 3.30 -1000 30.23 1.68 841.358
car -1 -1 0.00 0.00 0.00 100.00 100.00 -1000 2.36 7.87 -0.06 -1000 31.41 1.64 827.228
car -1 -1 0.00 0.00 0.00 100.00 100.00 -1000 1.48 3.30 4.10 -1000 42.91 -0.11 820.140
car -1 -1 0.00 0.00 0.00 100.00 100.00 -1000 1.74 4.36 5.48 -1000 32.57 1.71 815.357
car -1 -1 0.00 0.00 0.00 100.00 100.00 -1000 1.86 4.89 -4.54 -1000 42.97 1.66 815.192
car -1 -1 0.00 0.00 0.00 100.00 100.00 -1000 1.80 4.33 5.94 -1000 47.73 1.68 814.959
car -1 -1 0.00 0.00 0.00 100.00 100.00 -1000 1.67 3.94 3.69 -1000 41.41 1.62 814.430
car -1 -1 0.00 0.00 0.00 100.00 100.00 -1000 1.54 3.73 6.45 -1000 36.55 -0.36 806.566
car -1 -1 0.00 0.00 0.00 100.00 100.00 -1000 1.85 4.76 9.17 -1000 45.10 1.62 804.792
car -1 -1 0.00 0.00 0.00 100.00 100.00 -1000 1.61 3.81 9.77 -1000 44.21 1.67 794.616
car -1 -1 0.00 0.00 0.00 100.00 100.00 -1000 1.70 3.69 2.51 -1000 27.15 1.62 782.897
car -1 -1 0.00 0.00 0.00 100.00 100.00 -1000 1.56 3.57 5.00 -1000 29.31 1.71 781.872
car -1 -1 0.00 0.00 0.00 100.00 100.00 -1000 1.53 3.57 13.21 -1000 22.58 1.70 781.604
car -1 -1 0.00 0.00 0.00 100.00 100.00 -1000 1.63 3.95 9.38 -1000 41.99 1.65 777.623
car -1 -1 0.00 0.00 0.00 100.00 100.00 -1000 1.61 3.90 -2.71 -1000 29.07 1.61 776.545
car -1 -1 0.00 0.00 0.00 100.00 100.00 -1000 1.71 4.02 11.65 -1000 46.00 1.68 769.886
car -1 -1 0.00 0.00 0.00 100.00 100.00 -1000 1.79 4.35 11.82 -1000 40.27 1.65 768.340
car -1 -1 0.00 0.00 0.00 100.00 100.00 -1000 1.79 4.17 11.56 -1000 44.37 1.69 763.975
car -1 -1 0.00 0.00 0.00 100.00 100.00 -1000 2.06 5.40 5.62 -1000 44.64 1.61 763.449
car -1 -1 0.00 0.00 0.00 100.00 100.00 -1000 2.14 6.14 -0.95 -1000 30.59 1.61 763.299
car -1 -1 0.00 0.00 0.00 100.00 100.00 -1000 1.78 4.54 11.60 -1000 43.15 1.66 763.066
car -1 -1 0.00 0.00 0.00 100.00 100.00 -1000 2.38 7.00 -7.95 -1000 47.28 1.64 760.098
car -1 -1 0.00 0.00 0.00 100.00 100.00 -1000 1.81 4.29 11.70 -1000 41.97 1.68 757.819
car -1 -1 0.00 0.00 0.00 100.00 100.00 -1000 1.82 4.90 -6.75 -1000 42.96 1.67 755.358
car -1 -1 0.00 0.00 0.00 100.00 100.00 -1000 1.47 3.43 6.01 -1000 41.14 1.61 744.218
car -1 -1 0.00 0.00 0.00 100.00 100.00 -1000 1.75 4.09 11.92 -1000 38.64 1.63 739.432
car -1 -1 0.00 0.00 0.00 100.00 100.00 -1000 1.56 4.06 4.11 -1000 25.68 -0.18 737.571
car -1 -1 0.00 0.00 0.00 100.00 100.00 -1000 1.79 4.39 7.41 -1000 38.61 1.68 737.126
car -1 -1 0.00 0.00 0.00 100.00 100.00 -1000 1.71 4.21 -4.77 -1000 38.26 1.61 735.767
car -1 -1 0.00 0.00 0.00 100.00 100.00 -1000 1.59 3.98 -2.63 -1000 38.54 1.65 732.677
car -1 -1 0.00 0.00 0.00 100.00 100.00 -1000 1.67 4.33 6.34 -1000 39.31 -0.18 731.662
car -1 -1 0.00 0.00 0.00 100.00 100.00 -1000 1.88 5.04 9.70 -1000 40.60 1.64 730.684
car -1 -1 0.00 0.00 0.00 100.00 100.00 -1000 1.63 3.84 1.09 -1000 47.14 1.62 724.764
car -1 -1 0.00 0.00 0.00 100.00 100.00 -1000 1.69 4.09 -16.36 -1000 38.71 1.71 718.168
car -1 -1 0.00 0.00 0.00 100.00 100.00 -1000 1.76 4.37 11.68 -1000 47.20 1.70 715.081
car -1 -1 0.00 0.00 0.00 100.00 100.00 -1000 1.59 3.97 8.58 -1000 37.53 1.72 712.561
car -1 -1 0.00 0.00 0.00 100.00 100.00 -1000 1.49 3.23 -8.73 -1000 43.86 1.56 710.995
car -1 -1 0.00 0.00 0.00 100.00 100.00 -1000 2.15 5.49 1.26 -1000 34.69 1.59 710.339
car -1 -1 0.00 0.00 0.00 100.00 100.00 -1000 1.46 3.64 2.29 -1000 46.72 -0.01 705.112
car -1 -1 0.00 0.00 0.00 100.00 100.00 -1000 1.74 4.29 1.67 -1000 41.41 1.64 699.408
car -1 -1 0.00 0.00 0.00 100.00 100.00 -1000 1.74 4.36 13.08 -1000 23.32 1.68 693.269
car -1 -1 0.00 0.00 0.00 100.00 100.00 -1000 1.64 4.07 6.92 -1000 35.01 1.73 690.432
car -1 -1 0.00 0.00 0.00 100.00 100.00 -1000 1.63 3.66 6.06 -1000 28.57 1.73 689.473
car -1 -1 0.00 0.00 0.00 100.00 100.00 -1000 1.62 3.75 6.86 -1000 42.06 1.61 688.855
car -1 -1 0.00 0.00 0.00 100.00 100.00 -1000 1.55 3.81 7.32 -1000 33.27 -0.18 682.078
car -1 -1 0.00 0.00 0.00 100.00 100.00 -1000 1.75 4.49 -2.77 -1000 43.34 1.73 668.706
car -1 -1 0.00 0.00 0.00 100.00 100.00 -1000 1.80 4.60 -5.12 -1000 31.28 1.62 668.460
car -1 -1 0.00 0.00 0.00 100.00 100.00 -1000 1.91 5.06 5.38 -1000 46.71 1.67 667.054
car -1 -1 0.00 0.00 0.00 100.00 100.00 -1000 1.72 4.33 12.49 -1000 35.87 1.71 665.411
car -1 -1 0.00 0.00 0.00 100.00 100.00 -1000 2.05 5.32 14.37 -1000 40.31 1.65 661.701
car -1 -1 0.00 0.00 0.00 100.00 100.00 -1000 1.71 3.87 1.54 -1000 35.34 1.74 657.753
car -1 -1 0.00 0.00 0.00 100.00 100.00 -1000 1.89 4.60 7.99 -1000 39.95 1.66 655.754
car -1 -1 0.00 0.00 0.00 100.00 100.00 -1000 1.78 4.59 3.86 -1000 47.10 1.71 654.433
car -1 -1 0.00 0.00 0.00 100.00 100.00 -1000 1.72 4.14 12.99 -1000 37.10 1.76 653.832
car -1 -1 0.00 0.00 0.00 100.00 100.00 -1000 1.80 4.64 13.11 -1000 39.08 1.73 649.215
car -1 -1 0.00 0.00 0.00 100.00 100.00 -1000 1.63 4.13 8.10 -1000 33.96 1.73 637.189
car -1 -1 0.00 0.00 0.00 100.00 100.00 -1000 2.44 7.78 -3.67 -1000 33.53 1.54 633.389
car -1 -1 0.00 0.00 0.00 100.00 100.00 -1000 2.06 5.40 14.25 -1000 38.27 1.71 628.552
car -1 -1 0.00 0.00 0.00 100.00 100.00 -1000 1.57 3.57 0.62 -1000 38.62 1.64 628.049
car -1 -1 0.00 0.00 0.00 100.00 100.00 -1000 1.70 4.13 12.77 -1000 37.96 1.73 626.443
car -1 -1 0.00 0.00 0.00 100.00 100.00 -1000 1.65 3.88 7.01 -1000 40.73 1.73 623.297
car -1 -1 0.00 0.00 0.00 100.00 100.00 -1000 1.70 3.96 2.98 -1000 42.33 1.67 623.150
car -1 -1 0.00 0.00 0.00 100.00 100.00 -1000 1.58 3.57 8.42 -1000 41.18 1.65 622.148
car -1 -1 0.00 0.00 0.00 100.00 100.00 -1000 1.62 4.01 9.72 -1000 37.03 1.74 607.565
car -1 -1 0.00 0.00 0.00 100.00 100.00 -1000 1.68 4.44 -16.57 -1000 45.04 1.67 605.063
car -1 -1 0.00 0.00 0.00 100.00 100.00 -1000 1.63 3.90 3.57 -1000 43.54 1.63 603.870
car -1 -1 0.00 0.00 0.00 100.00 100.00 -1000 1.71 4.34 12.35 -1000 34.23 1.69 602.220
car -1 -1 0.00 0.00 0.00 100.00 100.00 -1000 1.91 5.02 -2.23 -1000 34.90 1.64 588.782
car -1 -1 0.00 0.00 0.00 100.00 100.00 -1000 2.03 5.32 14.26 -1000 36.71 1.67 586.974
car -1 -1 0.00 0.00 0.00 100.00 100.00 -1000 1.51 3.62 4.19 -1000 37.20 1.67 585.329
car -1 -1 0.00 0.00 0.00 100.00 100.00 -1000 1.88 4.94 -3.23 -1000 42.50 1.67 581.461
car -1 -1 0.00 0.00 0.00 100.00 100.00 -1000 1.79 4.09 7.32 -1000 32.23 1.65 575.008
car -1 -1 0.00 0.00 0.00 100.00 100.00 -1000 1.79 4.19 6.50 -1000 29.50 1.70 567.240
car -1 -1 0.00 0.00 0.00 100.00 100.00 -1000 1.80 4.43 15.02 -1000 32.19 1.64 562.380
car -1 -1 0.00 0.00 0.00 100.00 100.00 -1000 1.67 3.94 5.27 -1000 27.02 1.74 552.298
car -1 -1 0.00 0.00 0.00 100.00 100.00 -1000 1.49 3.62 3.30 -1000 46.12 -0.24 551.342
car -1 -1 0.00 0.00 0.00 100.00 100.00 -1000 1.92 4.71 1.42 -1000 42.68 1.64 545.265
car -1 -1 0.00 0.00 0.00 100.00 100.00 -1000 1.55 3.65 0.91 -1000 45.97 1.59 543.703
car -1 -1 0.00 0.00 0.00 100.00 100.00 -1000 2.10 6.08 9.69 -1000 39.52 1.68 542.879
car -1 -1 0.00 0.00 0.00 100.00 100.00 -1000 1.92 5.71 -2.39 -1000 29.89 1.67 537.242
car -1 -1 0.00 0.00 0.00 100.00 100.00 -1000 1.49 4.00 2.23 -1000 36.15 -0.31 534.746
car -1 -1 0.00 0.00 0.00 100.00 100.00 -1000 1.55 4.33 13.69 -1000 21.87 -0.19 533.426
car -1 -1 0.00 0.00 0.00 100.00 100.00 -1000 1.53 3.54 -8.07 -1000 42.62 -0.06 532.611
car -1 -1 0.00 0.00 0.00 100.00 100.00 -1000 1.86 4.51 14.41 -1000 39.47 1.72 514.664
car -1 -1 0.00 0.00 0.00 100.00 100.00 -1000 1.79 4.75 -4.96 -1000 42.12 1.62 511.677
car -1 -1 0.00 0.00 0.00 100.00 100.00 -1000 1.60 3.59 9.05 -1000 35.05 1.67 511.321
car -1 -1 0.00 0.00 0.00 100.00 100.00 -1000 1.61 3.81 8.00 -1000 30.40 1.69 507.981
car -1 -1 0.00 0.00 0.00 100.00 100.00 -1000 1.61 3.63 12.73 -1000 20.96 1.74 504.877
car -1 -1 0.00 0.00 0.00 100.00 100.00 -1000 1.96 5.55 14.83 -1000 41.30 1.64 501.446
car -1 -1 0.00 0.00 0.00 100.00 100.00 -1000 2.51 7.62 -7.35 -1000 46.32 1.64 495.373
car -1 -1 0.00 0.00 0.00 100.00 100.00 -1000 1.71 3.76 7.96 -1000 36.84 1.64 492.934
car -1 -1 0.00 0.00 0.00 100.00 100.00 -1000 1.82 4.90 -2.22 -1000 27.47 1.53 491.052
car -1 -1 0.00 0.00 0.00 100.00 100.00 -1000 1.89 5.13 6.95 -1000 45.18 1.68 487.389
car -1 -1 0.00 0.00 0.00 100.00 100.00 -1000 1.95 5.81 -3.95 -1000 32.12 1.62 484.560
car -1 -1 0.00 0.00 0.00 100.00 100.00 -1000 1.70 4.09 13.02 -1000 32.21 1.70 484.282
car -1 -1 0.00 0.00 0.00 100.00 100.00 -1000 1.78 4.71 18.34 -1000 28.94 1.66 482.782
car -1 -1 0.00 0.00 0.00 100.00 100.00 -1000 1.75 4.46 -12.34 -1000 40.74 1.67 481.777
car -1 -1 0.00 0.00 0.00 100.00 100.00 -1000 1.81 5.00 12.56 -1000 41.13 1.74 478.658
car -1 -1 0.00 0.00 0.00 100.00 100.00 -1000 1.69 4.19 2.91 -1000 20.54 1.62 477.778
car -1 -1 0.00 0.00 0.00 100.00 100.00 -1000 1.83 4.42 13.84 -1000 35.42 1.71 475.614
car -1 -1 0.00 0.00 0.00 100.00 100.00 -1000 1.63 4.12 11.99 -1000 45.21 1.70 468.616
car -1 -1 0.00 0.00 0.00 100.00 100.00 -1000 1.72 4.42 7.85 -1000 31.44 1.65 461.344
car -1 -1 0.00 0.00 0.00 100.00 100.00 -1000 1.43 3.51 10.71 -1000 42.50 0.02 454.255
car -1 -1 0.00 0.00 0.00 100.00 100.00 -1000 2.03 5.25 15.61 -1000 32.99 1.64 449.828
car -1 -1 0.00 0.00 0.00 100.00 100.00 -1000 1.52 3.44 10.72 -1000 44.90 -0.00 446.201
car -1 -1 0.00 0.00 0.00 100.00 100.00 -1000 1.82 4.45 1.12 -1000 45.15 1.66 444.857
car -1 -1 0.00 0.00 0.00 100.00 100.00 -1000 2.09 5.24 -4.72 -1000 34.64 1.59 442.103
car -1 -1 0.00 0.00 0.00 100.00 100.00 -1000 1.82 4.84 12.94 -1000 43.73 1.70 436.767
car -1 -1 0.00 0.00 0.00 100.00 100.00 -1000 2.29 6.97 -5.39 -1000 46.84 1.61 429.869
car -1 -1 0.00 0.00 0.00 100.00 100.00 -1000 1.78 4.61 -1.93 -1000 43.99 1.70 427.306
car -1 -1 0.00 0.00 0.00 100.00 100.00 -1000 1.84 4.19 6.50 -1000 27.50 1.67 423.097
car -1 -1 0.00 0.00 0.00 100.00 100.00 -1000 1.88 5.07 -16.41 -1000 37.93 1.71 420.571
car -1 -1 0.00 0.00 0.00 100.00 100.00 -1000 1.80 4.83 -15.09 -1000 39.21 1.77 414.346
car -1 -1 0.00 0.00 0.00 100.00 100.00 -1000 1.98 5.12 -2.05 -1000 41.90 1.71 412.196
car -1 -1 0.00 0.00 0.00 100.00 100.00 -1000 1.73 4.76 -15.37 -1000 27.86 1.75 409.884
car -1 -1 0.00 0.00 0.00 100.00 100.00 -1000 1.88 4.46 13.74 -1000 24.01 1.70 404.813
car -1 -1 0.00 0.00 0.00 100.00 100.00 -1000 1.80 4.43 12.78 -1000 42.60 1.69 404.790
car -1 -1 0.00 0.00 0.00 100.00 100.00 -1000 1.62 4.36 8.15 -1000 47.64 -0.00 397.511
car -1 -1 0.00 0.00 0.00 100.00 100.00 -1000 1.83 5.08 9.79 -1000 38.25 1.76 397.030
car -1 -1 0.00 0.00 0.00 100.00 100.00 -1000 1.76 4.12 12.39 -1000 30.19 1.56 395.485
car -1 -1 0.00 0.00 0.00 100.00 100.00 -1000 1.81 4.30 14.00 -1000 33.79 1.70 389.583
car -1 -1 0.00 0.00 0.00 100.00 100.00 -1000 1.52 3.34 3.05 -1000 35.63 -0.26 388.913
car -1 -1 0.00 0.00 0.00 100.00 100.00 -1000 1.70 3.85 13.81 -1000 29.10 1.71 387.096
car -1 -1 0.00 0.00 0.00 100.00 100.00 -1000 1.66 4.12 12.57 -1000 16.11 1.70 384.402
car -1 -1 0.00 0.00 0.00 100.00 100.00 -1000 1.87 4.38 -16.65 -1000 39.65 1.56 375.201
car -1 -1 0.00 0.00 0.00 100.00 100.00 -1000 1.70 3.85 12.43 -1000 31.48 1.54 364.845
car -1 -1 0.00 0.00 0.00 100.00 100.00 -1000 1.96 5.44 -3.28 -1000 28.39 1.67 362.850
car -1 -1 0.00 0.00 0.00 100.00 100.00 -1000 1.68 3.75 9.45 -1000 35.95 1.63 362.592
car -1 -1 0.00 0.00 0.00 100.00 100.00 -1000 2.01 5.39 15.44 -1000 38.84 1.68 362.402
car -1 -1 0.00 0.00 0.00 100.00 100.00 -1000 1.97 4.90 3.76 -1000 45.17 1.68 361.640
car -1 -1 0.00 0.00 0.00 100.00 100.00 -1000 1.76 4.08 -16.85 -1000 45.89 1.61 359.932
car -1 -1 0.00 0.00 0.00 100.00 100.00 -1000 1.93 5.24 16.04 -1000 37.17 1.63 354.797
car -1 -1 0.00 0.00 0.00 100.00 100.00 -1000 1.62 4.05 4.85 -1000 36.21 1.65 353.763
car -1 -1 0.00 0.00 0.00 100.00 100.00 -1000 1.76 5.10 10.24 -1000 33.81 1.70 349.472
car -1 -1 0.00 0.00 0.00 100.00 100.00 -1000 1.79 4.31 12.87 -1000 33.12 1.70 347.236
car -1 -1 0.00 0.00 0.00 100.00 100.00 -1000 1.71 4.27 12.80 -1000 46.56 1.74 344.759
car -1 -1 0.00 0.00 0.00 100.00 100.00 -1000 2.17 6.03 18.74 -1000 29.76 1.73 332.992
car -1 -1 0.00 0.00 0.00 100.00 100.00 -1000 1.81 4.78 -16.04 -1000 32.30 1.64 329.594
car -1 -1 0.00 0.00 0.00 100.00 100.00 -1000 1.77 4.12 12.79 -1000 25.77 1.73 329.264
car -1 -1 0.00 0.00 0.00 100.00 100.00 -1000 1.63 3.72 -4.54 -1000 37.40 0.06 325.889
car -1 -1 0.00 0.00 0.00 100.00 100.00 -1000 2.03 6.04 1.39 -1000 43.44 1.71 323.261
car -1 -1 0.00 0.00 0.00 100.00 100.00 -1000 1.57 3.33 11.10 -1000 39.25 0.01 319.231
car -1 -1 0.00 0.00 0.00 100.00 100.00 -1000 1.92 4.47 14.00 -1000 30.59 1.67 319.072
car -1 -1 0.00 0.00 0.00 100.00 100.00 -1000 1.47 3.52 11.44 -1000 37.09 1.60 314.400
car -1 -1 0.00 0.00 0.00 100.00 100.00 -1000 1.58 3.80 -6.41 -1000 38.36 1.60 310.155
car -1 -1 0.00 0.00 0.00 100.00 100.00 -1000 1.80 4.13 12.62 -1000 27.37 1.72 305.420
car -1 -1 0.00 0.00 0.00 100.00 100.00 -1000 2.14 6.28 -4.84 -1000 45.89 1.65 301.492
car -1 -1 0.00 0.00 0.00 100.00 100.00 -1000 1.91 5.31 16.24 -1000 35.15 1.65 300.812
car -1 -1 0.00 0.00 0.00 100.00 100.00 -1000 2.04 5.59 -15.10 -1000 33.37 1.72 298.875
car -1 -1 0.00 0.00 0.00 100.00 100.00 -1000 1.77 4.44 2.55 -1000 19.49 1.63 296.101
car -1 -1 0.00 0.00 0.00 100.00 100.00 -1000 1.96 5.51 16.58 -1000 39.53 1.66 288.072
car -1 -1 0.00 0.00 0.00 100.00 100.00 -1000 1.84 4.93 0.56 -1000 37.95 1.63 287.974
car -1 -1 0.00 0.00 0.00 100.00 100.00 -1000 2.16 6.48 -8.57 -1000 45.52 1.61 287.321
car -1 -1 0.00 0.00 0.00 100.00 100.00 -1000 1.94 5.18 15.72 -1000 35.96 1.68 286.175
car -1 -1 0.00 0.00 0.00 100.00 100.00 -1000 1.84 5.01 2.97 -1000 44.31 1.53 284.507
car -1 -1 0.00 0.00 0.00 100.00 100.00 -1000 2.24 6.89 16.20 -1000 25.18 1.58 284.392
car -1 -1 0.00 0.00 0.00 100.00 100.00 -1000 1.78 4.87 0.52 -1000 44.18 1.63 283.861
car -1 -1 0.00 0.00 0.00 100.00 100.00 -1000 1.80 4.11 5.68 -1000 25.85 1.69 281.525
car -1 -1 0.00 0.00 0.00 100.00 100.00 -1000 1.74 4.46 -11.01 -1000 41.50 1.73 279.974
car -1 -1 0.00 0.00 0.00 100.00 100.00 -1000 1.86 5.46 15.45 -1000 42.41 1.64 279.242
car -1 -1 0.00 0.00 0.00 100.00 100.00 -1000 1.76 4.54 -1.03 -1000 42.95 1.68 278.640
car -1 -1 0.00 0.00 0.00 100.00 100.00 -1000 1.60 4.18 -16.50 -1000 43.53 1.61 275.084
car -1 -1 0.00 0.00 0.00 100.00 100.00 -1000 1.97 5.42 16.28 -1000 33.90 1.66 268.395
car -1 -1 0.00 0.00 0.00 100.00 100.00 -1000 1.62 3.99 -3.07 -1000 37.77 0.04 265.502
car -1 -1 0.00 0.00 0.00 100.00 100.00 -1000 1.62 4.31 4.26 -1000 24.69 -0.18 261.036
car -1 -1 0.00 0.00 0.00 100.00 100.00 -1000 1.83 5.70 -4.57 -1000 29.00 1.70 256.277
car -1 -1 0.00 0.00 0.00 100.00 100.00 -1000 1.60 4.04 11.14 -1000 35.49 1.59 253.554
car -1 -1 0.00 0.00 0.00 100.00 100.00 -1000 1.84 5.30 -14.68 -1000 28.58 1.78 253.407
car -1 -1 0.00 0.00 0.00 100.00 100.00 -1000 1.73 4.79 10.31 -1000 30.51 1.74 252.431
car -1 -1 0.00 0.00 0.00 100.00 100.00 -1000 1.75 4.70 0.59 -1000 37.04 1.63 251.722
car -1 -1 0.00 0.00 0.00 100.00 100.00 -1000 1.90 4.76 17.73 -1000 32.83 1.65 246.970
car -1 -1 0.00 0.00 0.00 100.00 100.00 -1000 1.87 5.13 -0.11 -1000 42.02 1.64 246.024
car -1 -1 0.00 0.00 0.00 100.00 100.00 -1000 1.93 5.57 15.36 -1000 43.57 1.65 244.601
car -1 -1 0.00 0.00 0.00 100.00 100.00 -1000 1.71 4.30 0.01 -1000 46.60 1.62 242.312
car -1 -1 0.00 0.00 0.00 100.00 100.00 -1000 1.81 4.97 14.81 -1000 44.34 1.65 241.394
car -1 -1 0.00 0.00 0.00 100.00 100.00 -1000 1.94 5.32 -6.40 -1000 45.47 1.61 238.990
car -1 -1 0.00 0.00 0.00 100.00 100.00 -1000 1.60 4.21 -16.74 -1000 37.04 1.62 238.314
car -1 -1 0.00 0.00 0.00 100.00 100.00 -1000 1.93 5.42 16.35 -1000 23.82 1.65 238.066
car -1 -1 0.00 0.00 0.00 100.00 100.00 -1000 2.10 6.14 2.26 -1000 25.78 1.39 237.398
car -1 -1 0.00 0.00 0.00 100.00 100.00 -1000 1.78 4.43 12.63 -1000 17.30 1.68 235.184
car -1 -1 0.00 0.00 0.00 100.00 100.00 -1000 1.66 4.30 17.22 -1000 30.23 1.63 233.878
car -1 -1 0.00 0.00 0.00 100.00 100.00 -1000 1.88 4.71 15.38 -1000 31.30 1.60 232.974
car -1 -1 0.00 0.00 0.00 100.00 100.00 -1000 2.02 5.23 14.06 -1000 24.96 1.66 230.780
