car -1 -1 0.00 0.00 0.00 100.00 100.00 -1000 1.83 4.34 -4.01 -1000 37.74 1.59 999.631
car -1 -1 0.00 0.00 0.00 100.00 100.00 -1000 1.64 3.79 -0.16 -1000 31.45 1.63 997.076
car -1 -1 0.00 0.00 0.00 100.00 100.00 -1000 1.69 4.05 -3.34 -1000 5.96 1.60 995.755
car -1 -1 0.00 0.00 0.00 100.00 100.00 -1000 1.39 3.79 -3.67 -1000 36.69 -0.21 988.516
car -1 -1 0.00 0.00 0.00 100.00 100.00 -1000 1.75 4.33 -3.66 -1000 39.45 1.64 987.822
car -1 -1 0.00 0.00 0.00 100.00 100.00 -1000 1.68 4.14 -3.56 -1000 38.52 1.70 987.377
car -1 -1 0.00 0.00 0.00 100.00 100.00 -1000 1.56 3.77 -0.31 -1000 30.18 -0.22 983.267
car -1 -1 0.00 0.00 0.00 100.00 100.00 -1000 1.66 4.03 -3.81 -1000 4.97 -0.22 976.956
car -1 -1 0.00 0.00 0.00 100.00 100.00 -1000 1.63 3.81 -3.28 -1000 6.83 1.56 976.416
car -1 -1 0.00 0.00 0.00 100.00 100.00 -1000 1.70 4.14 9.03 -1000 44.92 1.61 973.035
car -1 -1 0.00 0.00 0.00 100.00 100.00 -1000 2.61 9.43 -3.20 -1000 40.54 1.60 971.247
car -1 -1 0.00 0.00 0.00 100.00 100.00 -1000 1.67 4.06 3.50 -1000 37.78 1.65 965.926
car -1 -1 0.00 0.00 0.00 100.00 100.00 -1000 2.68 8.79 0.29 -1000 41.61 1.61 957.098
car -1 -1 0.00 0.00 0.00 100.00 100.00 -1000 1.67 4.00 6.71 -1000 44.50 1.63 952.996
car -1 -1 0.00 0.00 0.00 100.00 100.00 -1000 1.91 5.56 2.55 -1000 34.37 1.54 948.483
car -1 -1 0.00 0.00 0.00 100.00 100.00 -1000 1.60 3.91 1.58 -1000 31.01 1.70 946.507
car -1 -1 0.00 0.00 0.00 100.00 100.00 -1000 1.74 4.30 4.62 -1000 38.39 1.66 937.951
car -1 -1 0.00 0.00 0.00 100.00 100.00 -1000 2.36 7.02 0.57 -1000 40.02 1.57 937.299
car -1 -1 0.00 0.00 0.00 100.00 100.00 -1000 1.63 3.99 6.24 -1000 36.65 1.65 934.033
car -1 -1 0.00 0.00 0.00 100.00 100.00 -1000 1.67 4.24 2.17 -1000 35.97 1.62 930.982
car -1 -1 0.00 0.00 0.00 100.00 100.00 -1000 2.79 8.48 -5.00 -1000 41.33 1.64 924.922
car -1 -1 0.00 0.00 0.00 100.00 100.00 -1000 2.10 5.92 1.72 -1000 35.20 1.59 921.076
car -1 -1 0.00 0.00 0.00 100.00 100.00 -1000 1.52 3.35 -1.00 -1000 30.76 1.64 919.604
car -1 -1 0.00 0.00 0.00 100.00 100.00 -1000 1.90 5.11 -2.55 -1000 40.46 1.60 916.986
car -1 -1 0.00 0.00 0.00 100.00 100.00 -1000 1.64 4.11 9.99 -1000 45.45 1.71 914.273
car -1 -1 0.00 0.00 0.00 100.00 100.00 -1000 1.74 4.70 -0.88 -1000 32.10 1.58 912.570
car -1 -1 0.00 0.00 0.00 100.00 100.00 -1000 1.77 4.76 1.50 -1000 31.75 1.70 904.909
car -1 -1 0.00 0.00 0.00 100.00 100.00 -1000 1.56 3.75 7.64 -1000 45.40 1.65 901.230
car -1 -1 0.00 0.00 0.00 100.00 100.00 -1000 1.62 4.03 8.73 -1000 45.87 1.63 896.380
car -1 -1 0.00 0.00 0.00 100.00 100.00 -1000 2.14 6.12 -0.84 -1000 33.77 1.62 893.837
car -1 -1 0.00 0.00 0.00 100.00 100.00 -1000 1.59 3.72 16.65 -1000 46.19 1.63 884.708
car -1 -1 0.00 0.00 0.00 100.00 100.00 -1000 1.64 3.87 18.64 -1000 22.42 1.69 883.055
car -1 -1 0.00 0.00 0.00 100.00 100.00 -1000 1.71 4.31 -2.33 -1000 35.95 1.62 878.754
car -1 -1 0.00 0.00 0.00 100.00 100.00 -1000 1.72 4.44 18.58 -1000 21.34 -0.19 872.398
car -1 -1 0.00 0.00 0.00 100.00 100.00 -1000 1.70 4.23 -2.23 -1000 46.27 1.66 868.621
car -1 -1 0.00 0.00 0.00 100.00 100.00 -1000 1.76 4.50 -5.06 -1000 38.29 1.59 868.325
car -1 -1 0.00 0.00 0.00 100.00 100.00 -1000 1.71 4.23 -3.30 -1000 7.78 1.60 867.207
car -1 -1 0.00 0.00 0.00 100.00 100.00 -1000 1.91 5.18 -0.17 -1000 32.95 1.64 863.912
car -1 -1 0.00 0.00 0.00 100.00 100.00 -1000 2.26 6.34 -1.55 -1000 35.19 1.61 859.603
car -1 -1 0.00 0.00 0.00 100.00 100.00 -1000 2.98 10.38 -5.11 -1000 42.39 1.65 854.028
car -1 -1 0.00 0.00 0.00 100.00 100.00 -1000 1.59 3.60 -2.46 -1000 38.03 1.67 843.259
car -1 -1 0.00 0.00 0.00 100.00 100.00 -1000 1.59 3.55 16.97 -1000 26.51 1.64 839.601
car -1 -1 0.00 0.00 0.00 100.00 100.00 -1000 2.07 6.14 3.36 -1000 33.57 1.66 836.092
car -1 -1 0.00 0.00 0.00 100.00 100.00 -1000 1.68 4.16 8.28 -1000 44.08 1.69 833.254
car -1 -1 0.00 0.00 0.00 100.00 100.00 -1000 1.71 4.10 1.53 -1000 37.01 1.68 825.158
car -1 -1 0.00 0.00 0.00 100.00 100.00 -1000 1.64 3.92 5.39 -1000 37.52 1.66 822.347
car -1 -1 0.00 0.00 0.00 100.00 100.00 -1000 1.99 5.53 5.62 -1000 40.35 1.61 820.174
car -1 -1 0.00 0.00 0.00 100.00 100.00 -1000 1.64 3.90 4.53 -1000 36.79 1.67 812.372
car -1 -1 0.00 0.00 0.00 100.00 100.00 -1000 1.63 4.08 3.25 -1000 30.58 1.68 811.208
car -1 -1 0.00 0.00 0.00 100.00 100.00 -1000 2.46 7.28 2.11 -1000 40.67 1.63 797.957
car -1 -1 0.00 0.00 0.00 100.00 100.00 -1000 1.69 3.94 7.17 -1000 43.67 -0.17 793.794
car -1 -1 0.00 0.00 0.00 100.00 100.00 -1000 2.22 6.20 4.76 -1000 47.61 1.60 793.732
car -1 -1 0.00 0.00 0.00 100.00 100.00 -1000 1.64 3.89 9.50 -1000 43.59 1.70 793.514
car -1 -1 0.00 0.00 0.00 100.00 100.00 -1000 2.55 8.20 3.36 -1000 41.50 1.73 791.978
car -1 -1 0.00 0.00 0.00 100.00 100.00 -1000 1.65 3.75 15.29 -1000 45.98 1.62 788.788
car -1 -1 0.00 0.00 0.00 100.00 100.00 -1000 1.74 4.45 3.53 -1000 32.15 1.64 785.369
car -1 -1 0.00 0.00 0.00 100.00 100.00 -1000 2.03 5.45 13.02 -1000 46.62 1.70 784.107
car -1 -1 0.00 0.00 0.00 100.00 100.00 -1000 1.76 4.27 -2.61 -1000 45.06 -0.16 784.036
car -1 -1 0.00 0.00 0.00 100.00 100.00 -1000 1.65 3.84 4.98 -1000 45.55 1.62 783.871
car -1 -1 0.00 0.00 0.00 100.00 100.00 -1000 1.74 4.23 6.13 -1000 38.70 1.66 780.457
car -1 -1 0.00 0.00 0.00 100.00 100.00 -1000 1.54 3.86 17.57 -1000 21.82 1.66 780.145
car -1 -1 0.00 0.00 0.00 100.00 100.00 -1000 1.28 3.62 0.71 -1000 29.64 0.08 779.268
car -1 -1 0.00 0.00 0.00 100.00 100.00 -1000 1.67 3.94 -2.14 -1000 32.89 1.61 767.913
car -1 -1 0.00 0.00 0.00 100.00 100.00 -1000 1.54 3.73 -1.23 -1000 36.61 1.66 763.857
car -1 -1 0.00 0.00 0.00 100.00 100.00 -1000 1.74 4.42 7.17 -1000 37.29 1.68 759.799
car -1 -1 0.00 0.00 0.00 100.00 100.00 -1000 1.73 4.60 -2.23 -1000 39.15 1.69 758.959
car -1 -1 0.00 0.00 0.00 100.00 100.00 -1000 1.58 3.56 16.18 -1000 45.33 1.67 757.016
car -1 -1 0.00 0.00 0.00 100.00 100.00 -1000 1.68 4.07 17.77 -1000 23.67 1.63 756.602
car -1 -1 0.00 0.00 0.00 100.00 100.00 -1000 1.61 3.43 2.82 -1000 36.72 1.67 754.332
car -1 -1 0.00 0.00 0.00 100.00 100.00 -1000 2.14 6.15 -5.01 -1000 44.02 1.62 753.666
car -1 -1 0.00 0.00 0.00 100.00 100.00 -1000 2.01 5.76 3.15 -1000 39.48 1.69 749.233
car -1 -1 0.00 0.00 0.00 100.00 100.00 -1000 1.73 4.50 10.06 -1000 44.45 -0.14 746.792
car -1 -1 0.00 0.00 0.00 100.00 100.00 -1000 2.21 6.40 16.81 -1000 29.03 1.66 744.540
car -1 -1 0.00 0.00 0.00 100.00 100.00 -1000 1.56 3.90 17.92 -1000 25.85 1.68 743.217
car -1 -1 0.00 0.00 0.00 100.00 100.00 -1000 1.62 4.09 -1.80 -1000 31.49 1.58 739.866
car -1 -1 0.00 0.00 0.00 100.00 100.00 -1000 1.50 4.12 -2.68 -1000 37.19 -0.10 738.305
car -1 -1 0.00 0.00 0.00 100.00 100.00 -1000 2.01 5.27 5.38 -1000 39.37 1.63 737.947
car -1 -1 0.00 0.00 0.00 100.00 100.00 -1000 1.73 4.47 8.25 -1000 38.61 1.69 730.434
car -1 -1 0.00 0.00 0.00 100.00 100.00 -1000 2.01 5.39 0.50 -1000 35.94 1.69 727.109
car -1 -1 0.00 0.00 0.00 100.00 100.00 -1000 1.59 3.86 19.17 -1000 24.11 1.62 725.091
car -1 -1 0.00 0.00 0.00 100.00 100.00 -1000 1.49 4.17 -3.33 -1000 4.20 -0.38 715.211
car -1 -1 0.00 0.00 0.00 100.00 100.00 -1000 1.57 3.75 16.55 -1000 44.49 -0.18 714.634
car -1 -1 0.00 0.00 0.00 100.00 100.00 -1000 1.78 4.43 5.04 -1000 32.67 1.63 708.738
car -1 -1 0.00 0.00 0.00 100.00 100.00 -1000 1.90 4.58 -2.73 -1000 32.17 1.69 706.495
car -1 -1 0.00 0.00 0.00 100.00 100.00 -1000 1.97 5.29 -5.85 -1000 39.46 1.64 705.926
car -1 -1 0.00 0.00 0.00 100.00 100.00 -1000 1.61 3.96 17.35 -1000 22.82 1.62 705.223
car -1 -1 0.00 0.00 0.00 100.00 100.00 -1000 1.69 4.14 3.53 -1000 35.56 1.69 696.433
car -1 -1 0.00 0.00 0.00 100.00 100.00 -1000 1.72 4.08 7.92 -1000 36.31 1.67 694.749
car -1 -1 0.00 0.00 0.00 100.00 100.00 -1000 1.40 3.23 18.69 -1000 25.09 -0.10 694.746
car -1 -1 0.00 0.00 0.00 100.00 100.00 -1000 1.95 4.73 4.44 -1000 46.31 1.63 689.348
car -1 -1 0.00 0.00 0.00 100.00 100.00 -1000 1.76 4.27 6.39 -1000 32.27 1.60 688.698
car -1 -1 0.00 0.00 0.00 100.00 100.00 -1000 1.99 5.18 13.49 -1000 28.95 1.67 679.742
car -1 -1 0.00 0.00 0.00 100.00 100.00 -1000 2.04 5.39 1.50 -1000 39.07 1.67 679.214
car -1 -1 0.00 0.00 0.00 100.00 100.00 -1000 1.75 4.55 -1.78 -1000 43.91 1.60 678.211
car -1 -1 0.00 0.00 0.00 100.00 100.00 -1000 2.33 7.46 -2.84 -1000 42.87 1.59 671.832
car -1 -1 0.00 0.00 0.00 100.00 100.00 -1000 1.79 4.65 -3.49 -1000 8.70 1.62 665.313
car -1 -1 0.00 0.00 0.00 100.00 100.00 -1000 1.82 4.61 16.46 -1000 27.32 1.69 652.240
car -1 -1 0.00 0.00 0.00 100.00 100.00 -1000 1.60 3.94 -2.40 -1000 30.59 1.60 649.055
car -1 -1 0.00 0.00 0.00 100.00 100.00 -1000 1.70 4.09 17.48 -1000 20.63 1.70 648.150
car -1 -1 0.00 0.00 0.00 100.00 100.00 -1000 1.50 3.19 0.11 -1000 36.94 1.62 644.815
car -1 -1 0.00 0.00 0.00 100.00 100.00 -1000 1.75 4.02 17.21 -1000 28.15 1.67 642.358
car -1 -1 0.00 0.00 0.00 100.00 100.00 -1000 1.51 3.24 16.37 -1000 25.87 1.60 632.854
car -1 -1 0.00 0.00 0.00 100.00 100.00 -1000 1.90 5.41 2.15 -1000 32.58 1.69 618.418
car -1 -1 0.00 0.00 0.00 100.00 100.00 -1000 1.78 4.16 6.97 -1000 35.61 1.64 611.211
car -1 -1 0.00 0.00 0.00 100.00 100.00 -1000 2.36 7.16 18.12 -1000 30.32 1.64 610.503
car -1 -1 0.00 0.00 0.00 100.00 100.00 -1000 1.71 4.02 12.67 -1000 45.92 1.65 610.335
car -1 -1 0.00 0.00 0.00 100.00 100.00 -1000 2.15 5.69 14.73 -1000 28.23 1.65 608.694
car -1 -1 0.00 0.00 0.00 100.00 100.00 -1000 1.57 3.55 3.04 -1000 9.42 1.67 606.197
car -1 -1 0.00 0.00 0.00 100.00 100.00 -1000 1.99 6.39 -3.08 -1000 33.94 1.63 600.487
car -1 -1 0.00 0.00 0.00 100.00 100.00 -1000 1.91 4.71 9.00 -1000 46.77 1.69 598.527
car -1 -1 0.00 0.00 0.00 100.00 100.00 -1000 1.52 3.50 16.75 -1000 43.49 1.65 596.838
car -1 -1 0.00 0.00 0.00 100.00 100.00 -1000 1.84 4.75 7.22 -1000 39.51 1.64 587.389
car -1 -1 0.00 0.00 0.00 100.00 100.00 -1000 2.00 5.07 2.26 -1000 42.11 1.67 582.588
car -1 -1 0.00 0.00 0.00 100.00 100.00 -1000 2.12 6.56 -6.28 -1000 40.30 1.64 579.702
car -1 -1 0.00 0.00 0.00 100.00 100.00 -1000 1.70 4.20 10.03 -1000 39.13 1.61 570.777
car -1 -1 0.00 0.00 0.00 100.00 100.00 -1000 1.73 4.41 4.28 -1000 31.37 1.70 566.632
car -1 -1 0.00 0.00 0.00 100.00 100.00 -1000 1.63 4.04 11.43 -1000 45.10 1.68 561.913
car -1 -1 0.00 0.00 0.00 100.00 100.00 -1000 1.76 4.26 -5.43 -1000 37.21 1.66 554.517
car -1 -1 0.00 0.00 0.00 100.00 100.00 -1000 1.70 4.32 1.56 -1000 38.07 1.64 545.455
car -1 -1 0.00 0.00 0.00 100.00 100.00 -1000 1.79 4.63 -4.51 -1000 7.28 1.58 542.631
car -1 -1 0.00 0.00 0.00 100.00 100.00 -1000 2.12 7.10 -4.17 -1000 9.63 1.55 541.988
car -1 -1 0.00 0.00 0.00 100.00 100.00 -1000 1.90 4.38 2.08 -1000 30.02 0.03 531.845
car -1 -1 0.00 0.00 0.00 100.00 100.00 -1000 1.71 4.21 8.04 -1000 42.88 1.65 529.529
car -1 -1 0.00 0.00 0.00 100.00 100.00 -1000 1.71 4.11 5.53 -1000 44.08 1.63 520.946
car -1 -1 0.00 0.00 0.00 100.00 100.00 -1000 1.57 3.71 16.44 -1000 21.33 1.61 500.806
car -1 -1 0.00 0.00 0.00 100.00 100.00 -1000 1.86 4.92 14.37 -1000 27.34 1.65 496.492
car -1 -1 0.00 0.00 0.00 100.00 100.00 -1000 2.49 8.34 7.35 -1000 47.49 1.64 490.989
car -1 -1 0.00 0.00 0.00 100.00 100.00 -1000 1.92 4.69 4.56 -1000 34.61 1.60 490.594
car -1 -1 0.00 0.00 0.00 100.00 100.00 -1000 1.56 3.66 17.60 -1000 45.68 1.72 489.450
car -1 -1 0.00 0.00 0.00 100.00 100.00 -1000 1.65 3.80 18.82 -1000 26.48 1.71 488.833
car -1 -1 0.00 0.00 0.00 100.00 100.00 -1000 2.50 8.35 13.01 -1000 47.39 1.71 486.188
car -1 -1 0.00 0.00 0.00 100.00 100.00 -1000 4.78 9.38 -3.91 -1000 33.82 0.08 479.754
car -1 -1 0.00 0.00 0.00 100.00 100.00 -1000 1.80 4.48 13.20 -1000 45.15 1.69 479.547
car -1 -1 0.00 0.00 0.00 100.00 100.00 -1000 1.52 3.98 -6.38 -1000 47.37 -0.08 476.654
car -1 -1 0.00 0.00 0.00 100.00 100.00 -1000 2.17 6.21 -6.61 -1000 42.89 1.58 476.090
car -1 -1 0.00 0.00 0.00 100.00 100.00 -1000 1.73 4.53 -1.61 -1000 4.86 1.49 468.369
car -1 -1 0.00 0.00 0.00 100.00 100.00 -1000 1.96 5.11 7.29 -1000 46.45 1.66 466.801
car -1 -1 0.00 0.00 0.00 100.00 100.00 -1000 1.83 4.42 9.18 -1000 37.02 1.66 455.205
car -1 -1 0.00 0.00 0.00 100.00 100.00 -1000 1.59 3.56 16.67 -1000 19.44 1.68 437.425
car -1 -1 0.00 0.00 0.00 100.00 100.00 -1000 2.00 6.27 -3.59 -1000 34.83 1.65 423.275
car -1 -1 0.00 0.00 0.00 100.00 100.00 -1000 2.07 5.38 14.65 -1000 30.21 1.53 422.029
car -1 -1 0.00 0.00 0.00 100.00 100.00 -1000 1.66 3.83 10.73 -1000 39.87 1.62 416.187
car -1 -1 0.00 0.00 0.00 100.00 100.00 -1000 1.85 4.38 3.13 -1000 8.65 1.69 406.070
car -1 -1 0.00 0.00 0.00 100.00 100.00 -1000 1.85 4.20 15.39 -1000 26.68 1.62 402.358
car -1 -1 0.00 0.00 0.00 100.00 100.00 -1000 1.76 4.16 4.43 -1000 44.75 1.61 401.095
car -1 -1 0.00 0.00 0.00 100.00 100.00 -1000 1.77 4.56 9.26 -1000 35.93 1.65 398.788
car -1 -1 0.00 0.00 0.00 100.00 100.00 -1000 1.84 4.41 9.12 -1000 39.70 1.71 398.497
car -1 -1 0.00 0.00 0.00 100.00 100.00 -1000 1.54 3.81 16.42 -1000 24.15 1.59 383.641
car -1 -1 0.00 0.00 0.00 100.00 100.00 -1000 1.54 4.00 6.79 -1000 31.43 0.05 378.681
car -1 -1 0.00 0.00 0.00 100.00 100.00 -1000 1.72 4.93 2.90 -1000 29.13 1.63 377.300
car -1 -1 0.00 0.00 0.00 100.00 100.00 -1000 1.83 5.06 -0.25 -1000 38.45 1.60 375.397
car -1 -1 0.00 0.00 0.00 100.00 100.00 -1000 1.76 4.26 5.68 -1000 35.12 1.64 375.094
car -1 -1 0.00 0.00 0.00 100.00 100.00 -1000 1.63 4.15 -1.52 -1000 45.55 -0.16 373.442
car -1 -1 0.00 0.00 0.00 100.00 100.00 -1000 1.82 4.97 -18.30 -1000 39.96 1.69 372.540
car -1 -1 0.00 0.00 0.00 100.00 100.00 -1000 2.18 5.79 4.25 -1000 42.28 1.68 370.872
car -1 -1 0.00 0.00 0.00 100.00 100.00 -1000 1.85 5.51 -7.08 -1000 41.15 1.68 370.173
car -1 -1 0.00 0.00 0.00 100.00 100.00 -1000 1.75 4.66 2.17 -1000 46.03 1.65 369.800
car -1 -1 0.00 0.00 0.00 100.00 100.00 -1000 1.57 3.61 16.44 -1000 22.25 1.59 366.271
car -1 -1 0.00 0.00 0.00 100.00 100.00 -1000 2.18 5.95 16.98 -1000 47.04 1.65 364.973
car -1 -1 0.00 0.00 0.00 100.00 100.00 -1000 2.02 4.93 4.83 -1000 29.06 1.58 364.613
car -1 -1 0.00 0.00 0.00 100.00 100.00 -1000 1.87 4.39 6.26 -1000 26.56 1.58 359.962
car -1 -1 0.00 0.00 0.00 100.00 100.00 -1000 1.64 4.15 -0.55 -1000 46.41 1.66 356.507
car -1 -1 0.00 0.00 0.00 100.00 100.00 -1000 1.61 3.42 16.87 -1000 25.13 1.57 352.260
car -1 -1 0.00 0.00 0.00 100.00 100.00 -1000 1.54 3.69 16.16 -1000 20.24 1.61 349.383
car -1 -1 0.00 0.00 0.00 100.00 100.00 -1000 1.68 5.17 -0.82 -1000 29.12 -0.31 345.961
car -1 -1 0.00 0.00 0.00 100.00 100.00 -1000 1.66 3.76 6.09 -1000 43.27 1.64 343.437
car -1 -1 0.00 0.00 0.00 100.00 100.00 -1000 1.83 4.88 9.26 -1000 37.89 1.70 343.113
car -1 -1 0.00 0.00 0.00 100.00 100.00 -1000 2.37 7.36 -0.36 -1000 42.68 1.64 338.481
car -1 -1 0.00 0.00 0.00 100.00 100.00 -1000 1.96 5.38 -4.88 -1000 35.41 1.56 332.791
car -1 -1 0.00 0.00 0.00 100.00 100.00 -1000 1.86 4.27 11.30 -1000 37.03 1.62 330.929
car -1 -1 0.00 0.00 0.00 100.00 100.00 -1000 1.74 4.11 6.17 -1000 33.41 1.66 329.280
car -1 -1 0.00 0.00 0.00 100.00 100.00 -1000 1.81 4.53 8.24 -1000 32.25 1.65 329.238
car -1 -1 0.00 0.00 0.00 100.00 100.00 -1000 1.69 4.06 -3.90 -1000 46.10 1.56 326.761
car -1 -1 0.00 0.00 0.00 100.00 100.00 -1000 1.87 4.62 -9.45 -1000 43.17 1.63 324.664
car -1 -1 0.00 0.00 0.00 100.00 100.00 -1000 1.68 4.36 10.94 -1000 45.95 1.69 313.337
car -1 -1 0.00 0.00 0.00 100.00 100.00 -1000 1.86 5.46 6.92 -1000 40.91 1.60 310.890
car -1 -1 0.00 0.00 0.00 100.00 100.00 -1000 1.99 5.36 -17.42 -1000 30.30 1.67 306.133
car -1 -1 0.00 0.00 0.00 100.00 100.00 -1000 2.08 5.67 -8.61 -1000 42.42 1.65 302.701
car -1 -1 0.00 0.00 0.00 100.00 100.00 -1000 1.69 3.64 -4.36 -1000 44.83 1.62 300.251
car -1 -1 0.00 0.00 0.00 100.00 100.00 -1000 1.83 4.12 -4.96 -1000 36.40 1.54 299.448
car -1 -1 0.00 0.00 0.00 100.00 100.00 -1000 1.94 4.90 13.52 -1000 40.22 1.64 288.762
car -1 -1 0.00 0.00 0.00 100.00 100.00 -1000 1.61 3.82 -4.98 -1000 5.48 -0.03 284.993
car -1 -1 0.00 0.00 0.00 100.00 100.00 -1000 1.92 4.53 5.05 -1000 23.93 1.58 274.306
car -1 -1 0.00 0.00 0.00 100.00 100.00 -1000 1.65 4.67 2.10 -1000 45.14 1.65 270.168
car -1 -1 0.00 0.00 0.00 100.00 100.00 -1000 1.99 5.00 5.57 -1000 27.40 1.61 266.174
car -1 -1 0.00 0.00 0.00 100.00 100.00 -1000 1.72 4.85 -1.03 -1000 43.22 1.62 259.343
car -1 -1 0.00 0.00 0.00 100.00 100.00 -1000 1.84 5.39 5.19 -1000 30.67 1.67 259.203
car -1 -1 0.00 0.00 0.00 100.00 100.00 -1000 1.88 4.33 16.30 -1000 35.38 1.66 255.590
car -1 -1 0.00 0.00 0.00 100.00 100.00 -1000 1.86 4.27 14.10 -1000 37.09 1.62 254.078
car -1 -1 0.00 0.00 0.00 100.00 100.00 -1000 1.95 4.84 5.86 -1000 29.84 1.67 252.884
car -1 -1 0.00 0.00 0.00 100.00 100.00 -1000 1.68 4.64 18.77 -1000 20.18 1.57 250.981
car -1 -1 0.00 0.00 0.00 100.00 100.00 -1000 1.89 4.91 8.37 -1000 40.48 1.60 248.702
car -1 -1 0.00 0.00 0.00 100.00 100.00 -1000 1.96 5.77 -13.92 -1000 45.07 1.65 247.900
car -1 -1 0.00 0.00 0.00 100.00 100.00 -1000 1.61 4.46 13.33 -1000 44.19 1.69 247.309
car -1 -1 0.00 0.00 0.00 100.00 100.00 -1000 1.86 4.22 14.32 -1000 33.80 1.63 246.284
car -1 -1 0.00 0.00 0.00 100.00 100.00 -1000 1.81 5.19 -3.30 -1000 29.91 1.64 241.118
car -1 -1 0.00 0.00 0.00 100.00 100.00 -1000 1.56 3.74 -6.58 -1000 37.74 1.60 240.159
car -1 -1 0.00 0.00 0.00 100.00 100.00 -1000 1.97 4.66 14.86 -1000 44.95 1.64 237.208
car -1 -1 0.00 0.00 0.00 100.00 100.00 -1000 2.11 6.32 18.74 -1000 28.65 1.62 229.982
car -1 -1 0.00 0.00 0.00 100.00 100.00 -1000 2.04 5.27 -8.25 -1000 39.48 1.61 221.762
car -1 -1 0.00 0.00 0.00 100.00 100.00 -1000 1.95 4.80 -11.30 -1000 46.29 1.60 220.461
car -1 -1 0.00 0.00 0.00 100.00 100.00 -1000 2.11 5.30 -1.32 -1000 25.75 1.57 219.451
car -1 -1 0.00 0.00 0.00 100.00 100.00 -1000 1.63 4.12 4.04 -1000 29.71 0.10 217.093
car -1 -1 0.00 0.00 0.00 100.00 100.00 -1000 2.25 6.81 6.34 -1000 41.90 1.64 216.835
car -1 -1 0.00 0.00 0.00 100.00 100.00 -1000 2.05 5.69 -5.99 -1000 6.84 1.64 216.791
car -1 -1 0.00 0.00 0.00 100.00 100.00 -1000 1.84 5.37 5.62 -1000 25.81 1.64 215.887
car -1 -1 0.00 0.00 0.00 100.00 100.00 -1000 2.04 5.64 -17.29 -1000 35.13 1.67 214.845
car -1 -1 0.00 0.00 0.00 100.00 100.00 -1000 1.43 3.49 -5.30 -1000 4.75 0.06 214.756
car -1 -1 0.00 0.00 0.00 100.00 100.00 -1000 2.04 5.66 -16.53 -1000 40.32 1.73 212.526
car -1 -1 0.00 0.00 0.00 100.00 100.00 -1000 2.35 6.62 1.92 -1000 42.98 1.69 212.519
car -1 -1 0.00 0.00 0.00 100.00 100.00 -1000 1.79 4.73 -3.41 -1000 31.29 0.05 212.300
car -1 -1 0.00 0.00 0.00 100.00 100.00 -1000 1.88 5.66 1.96 -1000 44.35 1.70 208.847
car -1 -1 0.00 0.00 0.00 100.00 100.00 -1000 1.88 4.35 4.82 -1000 41.13 -0.23 208.367
car -1 -1 0.00 0.00 0.00 100.00 100.00 -1000 1.56 4.08 -19.69 -1000 47.45 -0.27 207.540
car -1 -1 0.00 0.00 0.00 100.00 100.00 -1000 2.07 5.22 4.15 -1000 43.72 1.59 203.875
car -1 -1 0.00 0.00 0.00 100.00 100.00 -1000 2.08 5.22 -15.65 -1000 46.62 1.69 202.480
car -1 -1 0.00 0.00 0.00 100.00 100.00 -1000 1.83 5.20 7.68 -1000 33.00 1.66 199.637
car -1 -1 0.00 0.00 0.00 100.00 100.00 -1000 1.75 5.01 14.68 -1000 25.86 1.65 197.019
car -1 -1 0.00 0.00 0.00 100.00 100.00 -1000 1.75 4.21 -7.48 -1000 10.43 1.74 195.834
car -1 -1 0.00 0.00 0.00 100.00 100.00 -1000 1.94 2.96 -1.37 -1000 29.78 1.38 194.885
car -1 -1 0.00 0.00 0.00 100.00 100.00 -1000 1.89 4.66 -5.65 -1000 46.64 1.59 194.212
car -1 -1 0.00 0.00 0.00 100.00 100.00 -1000 2.08 5.54 -2.65 -1000 29.12 1.60 192.771
car -1 -1 0.00 0.00 0.00 100.00 100.00 -1000 1.73 4.69 18.36 -1000 46.34 1.65 191.915
car -1 -1 0.00 0.00 0.00 100.00 100.00 -1000 1.99 4.64 12.34 -1000 37.57 1.63 190.822
car -1 -1 0.00 0.00 0.00 100.00 100.00 -1000 1.73 5.16 4.45 -1000 22.46 1.61 189.798
car -1 -1 0.00 0.00 0.00 100.00 100.00 -1000 1.79 4.56 9.87 -1000 42.80 1.67 187.723
car -1 -1 0.00 0.00 0.00 100.00 100.00 -1000 1.84 5.00 13.52 -1000 35.41 1.63 187.405
car -1 -1 0.00 0.00 0.00 100.00 100.00 -1000 2.30 6.68 -5.90 -1000 8.05 1.56 185.891
car -1 -1 0.00 0.00 0.00 100.00 100.00 -1000 1.87 4.96 -7.40 -1000 46.80 1.65 185.240
car -1 -1 0.00 0.00 0.00 100.00 100.00 -1000 2.08 5.36 -17.61 -1000 25.80 1.67 184.804
car -1 -1 0.00 0.00 0.00 100.00 100.00 -1000 1.54 3.78 15.47 -1000 44.06 1.55 184.120
car -1 -1 0.00 0.00 0.00 100.00 100.00 -1000 1.95 4.57 11.22 -1000 27.40 1.58 183.736
car -1 -1 0.00 0.00 0.00 100.00 100.00 -1000 1.87 4.40 16.45 -1000 36.96 1.66 182.069
car -1 -1 0.00 0.00 0.00 100.00 100.00 -1000 1.94 5.00 7.66 -1000 27.01 1.69 180.219
car -1 -1 0.00 0.00 0.00 100.00 100.00 -1000 1.86 4.88 18.79 -1000 27.83 1.68 178.458
car -1 -1 0.00 0.00 0.00 100.00 100.00 -1000 2.18 6.27 8.98 -1000 42.07 1.70 177.908
car -1 -1 0.00 0.00 0.00 100.00 100.00 -1000 1.88 4.96 6.96 -1000 34.48 1.63 177.569
car -1 -1 0.00 0.00 0.00 100.00 100.00 -1000 1.84 5.02 14.10 -1000 24.10 1.63 176.864
car -1 -1 0.00 0.00 0.00 100.00 100.00 -1000 1.51 4.44 5.24 -1000 23.09 0.05 176.730
car -1 -1 0.00 0.00 0.00 100.00 100.00 -1000 2.10 5.29 1.68 -1000 25.85 1.56 174.281
car -1 -1 0.00 0.00 0.00 100.00 100.00 -1000 1.57 3.75 0.08 -1000 45.46 1.65 173.605
car -1 -1 0.00 0.00 0.00 100.00 100.00 -1000 1.86 4.65 -5.16 -1000 29.00 1.63 172.192
car -1 -1 0.00 0.00 0.00 100.00 100.00 -1000 1.89 4.59 10.98 -1000 38.52 1.64 169.350
car -1 -1 0.00 0.00 0.00 100.00 100.00 -1000 1.72 3.29 -8.67 -1000 11.20 1.72 169.121
car -1 -1 0.00 0.00 0.00 100.00 100.00 -1000 2.04 5.39 -10.31 -1000 41.13 1.65 167.675
car -1 -1 0.00 0.00 0.00 100.00 100.00 -1000 2.06 5.51 -9.49 -1000 46.77 1.67 167.454
car -1 -1 0.00 0.00 0.00 100.00 100.00 -1000 1.92 5.01 16.26 -1000 30.64 1.68 166.924
car -1 -1 0.00 0.00 0.00 100.00 100.00 -1000 1.79 5.01 3.68 -1000 10.34 1.61 166.875
car -1 -1 0.00 0.00 0.00 100.00 100.00 -1000 1.92 4.51 -12.08 -1000 45.57 1.70 166.507
car -1 -1 0.00 0.00 0.00 100.00 100.00 -1000 2.06 4.95 -8.79 -1000 38.52 1.59 165.441
car -1 -1 0.00 0.00 0.00 100.00 100.00 -1000 1.91 4.88 12.22 -1000 39.54 1.71 165.322
car -1 -1 0.00 0.00 0.00 100.00 100.00 -1000 1.92 4.90 13.08 -1000 22.56 1.64 162.996
car -1 -1 0.00 0.00 0.00 100.00 100.00 -1000 1.28 2.90 17.72 -1000 24.41 -0.36 162.246
car -1 -1 0.00 0.00 0.00 100.00 100.00 -1000 2.03 5.76 -2.47 -1000 2.90 1.38 161.172
