car -1 -1 0.00 0.00 0.00 100.00 100.00 -1000 1.78 4.17 -4.70 -1000 37.56 1.61 997.137
car -1 -1 0.00 0.00 0.00 100.00 100.00 -1000 1.80 4.76 -13.60 -1000 40.22 1.61 987.963
car -1 -1 0.00 0.00 0.00 100.00 100.00 -1000 1.68 4.02 -13.88 -1000 17.31 1.61 984.849
car -1 -1 0.00 0.00 0.00 100.00 100.00 -1000 1.81 4.77 -13.58 -1000 44.78 1.61 982.029
car -1 -1 0.00 0.00 0.00 100.00 100.00 -1000 1.63 3.97 -4.73 -1000 36.68 -0.28 981.066
car -1 -1 0.00 0.00 0.00 100.00 100.00 -1000 1.78 4.67 -13.56 -1000 45.89 1.54 978.447
car -1 -1 0.00 0.00 0.00 100.00 100.00 -1000 1.68 4.01 -16.78 -1000 26.22 1.62 977.522
car -1 -1 0.00 0.00 0.00 100.00 100.00 -1000 1.70 4.11 -13.69 -1000 18.40 1.65 966.226
car -1 -1 0.00 0.00 0.00 100.00 100.00 -1000 1.78 4.82 -13.02 -1000 46.89 1.58 955.389
car -1 -1 0.00 0.00 0.00 100.00 100.00 -1000 1.91 5.33 -13.40 -1000 42.99 1.62 951.389
car -1 -1 0.00 0.00 0.00 100.00 100.00 -1000 1.72 4.37 -13.47 -1000 38.66 1.67 947.882
car -1 -1 0.00 0.00 0.00 100.00 100.00 -1000 1.78 4.25 -13.60 -1000 36.69 1.51 933.563
car -1 -1 0.00 0.00 0.00 100.00 100.00 -1000 1.82 4.71 -13.16 -1000 41.06 1.66 933.165
car -1 -1 0.00 0.00 0.00 100.00 100.00 -1000 2.93 9.73 -5.85 -1000 41.09 1.63 928.982
car -1 -1 0.00 0.00 0.00 100.00 100.00 -1000 1.90 4.88 -3.81 -1000 38.59 1.63 926.400
car -1 -1 0.00 0.00 0.00 100.00 100.00 -1000 1.95 5.29 -13.30 -1000 19.28 1.65 919.883
car -1 -1 0.00 0.00 0.00 100.00 100.00 -1000 2.19 6.40 -2.99 -1000 39.75 1.65 917.564
car -1 -1 0.00 0.00 0.00 100.00 100.00 -1000 2.15 5.85 -12.12 -1000 47.74 1.59 914.566
car -1 -1 0.00 0.00 0.00 100.00 100.00 -1000 2.94 10.41 -3.80 -1000 40.36 1.59 912.219
car -1 -1 0.00 0.00 0.00 100.00 100.00 -1000 1.61 4.31 -16.77 -1000 25.35 -0.19 895.193
car -1 -1 0.00 0.00 0.00 100.00 100.00 -1000 1.73 4.42 -1.67 -1000 44.22 1.64 893.653
car -1 -1 0.00 0.00 0.00 100.00 100.00 -1000 1.86 4.96 -12.64 -1000 41.85 1.64 891.801
car -1 -1 0.00 0.00 0.00 100.00 100.00 -1000 1.80 4.47 -14.10 -1000 43.96 1.59 891.098
car -1 -1 0.00 0.00 0.00 100.00 100.00 -1000 1.78 4.57 -14.35 -1000 28.08 1.63 890.649
car -1 -1 0.00 0.00 0.00 100.00 100.00 -1000 1.65 4.17 -11.36 -1000 46.34 1.71 879.501
car -1 -1 0.00 0.00 0.00 100.00 100.00 -1000 1.65 3.98 -13.76 -1000 16.21 1.60 872.690
car -1 -1 0.00 0.00 0.00 100.00 100.00 -1000 1.76 4.52 -15.84 -1000 27.66 1.64 869.077
car -1 -1 0.00 0.00 0.00 100.00 100.00 -1000 1.86 4.97 -1.89 -1000 37.95 1.66 868.906
car -1 -1 0.00 0.00 0.00 100.00 100.00 -1000 2.23 6.70 -14.27 -1000 29.43 1.62 865.614
car -1 -1 0.00 0.00 0.00 100.00 100.00 -1000 1.98 5.23 -8.89 -1000 47.73 1.60 864.573
car -1 -1 0.00 0.00 0.00 100.00 100.00 -1000 1.71 4.21 -13.98 -1000 42.26 1.59 854.490
car -1 -1 0.00 0.00 0.00 100.00 100.00 -1000 2.16 5.95 -6.81 -1000 39.32 1.65 853.825
car -1 -1 0.00 0.00 0.00 100.00 100.00 -1000 1.77 4.17 -3.27 -1000 37.31 1.75 841.108
car -1 -1 0.00 0.00 0.00 100.00 100.00 -1000 1.70 4.20 4.79 -1000 6.52 1.72 839.654
car -1 -1 0.00 0.00 0.00 100.00 100.00 -1000 2.03 5.30 -1.44 -1000 43.13 -0.04 836.143
car -1 -1 0.00 0.00 0.00 100.00 100.00 -1000 1.47 3.43 4.84 -1000 29.19 -0.31 827.180
car -1 -1 0.00 0.00 0.00 100.00 100.00 -1000 1.97 5.01 -17.39 -1000 29.72 1.65 824.932
car -1 -1 0.00 0.00 0.00 100.00 100.00 -1000 1.72 4.26 -9.29 -1000 46.32 1.66 824.921
car -1 -1 0.00 0.00 0.00 100.00 100.00 -1000 1.60 3.67 -13.51 -1000 39.42 -0.25 824.230
car -1 -1 0.00 0.00 0.00 100.00 100.00 -1000 1.88 4.75 -12.23 -1000 43.55 1.67 819.424
car -1 -1 0.00 0.00 0.00 100.00 100.00 -1000 1.91 4.92 -17.39 -1000 27.37 1.59 816.014
car -1 -1 0.00 0.00 0.00 100.00 100.00 -1000 1.65 3.87 5.19 -1000 22.58 1.77 811.690
car -1 -1 0.00 0.00 0.00 100.00 100.00 -1000 2.06 5.50 -14.39 -1000 31.18 1.63 811.343
car -1 -1 0.00 0.00 0.00 100.00 100.00 -1000 1.74 4.35 -11.46 -1000 40.36 1.72 810.280
car -1 -1 0.00 0.00 0.00 100.00 100.00 -1000 1.90 5.26 -1.11 -1000 39.33 1.62 808.426
car -1 -1 0.00 0.00 0.00 100.00 100.00 -1000 1.70 4.16 -15.70 -1000 26.65 1.69 800.970
car -1 -1 0.00 0.00 0.00 100.00 100.00 -1000 1.72 4.03 4.09 -1000 45.12 1.77 797.816
car -1 -1 0.00 0.00 0.00 100.00 100.00 -1000 2.09 5.86 -10.36 -1000 42.79 1.65 795.076
car -1 -1 0.00 0.00 0.00 100.00 100.00 -1000 1.71 4.26 -8.01 -1000 17.42 1.65 791.148
car -1 -1 0.00 0.00 0.00 100.00 100.00 -1000 1.68 3.79 -12.51 -1000 17.82 1.75 789.631
car -1 -1 0.00 0.00 0.00 100.00 100.00 -1000 2.17 6.20 -7.04 -1000 40.34 1.60 784.908
car -1 -1 0.00 0.00 0.00 100.00 100.00 -1000 1.71 3.93 -13.79 -1000 35.46 1.63 782.374
car -1 -1 0.00 0.00 0.00 100.00 100.00 -1000 1.89 4.53 4.04 -1000 46.66 1.76 781.326
car -1 -1 0.00 0.00 0.00 100.00 100.00 -1000 1.83 4.64 -11.04 -1000 47.13 1.67 778.611
car -1 -1 0.00 0.00 0.00 100.00 100.00 -1000 1.79 4.07 -13.65 -1000 33.78 1.56 776.401
car -1 -1 0.00 0.00 0.00 100.00 100.00 -1000 1.73 4.15 4.69 -1000 29.92 1.66 774.782
car -1 -1 0.00 0.00 0.00 100.00 100.00 -1000 2.73 9.14 -3.04 -1000 41.45 1.61 773.096
car -1 -1 0.00 0.00 0.00 100.00 100.00 -1000 1.84 4.57 5.56 -1000 23.73 1.69 772.481
car -1 -1 0.00 0.00 0.00 100.00 100.00 -1000 1.96 5.29 -8.51 -1000 41.01 1.60 770.219
car -1 -1 0.00 0.00 0.00 100.00 100.00 -1000 1.87 4.91 -3.00 -1000 44.62 1.65 768.397
car -1 -1 0.00 0.00 0.00 100.00 100.00 -1000 2.11 6.26 -9.31 -1000 41.97 1.60 765.850
car -1 -1 0.00 0.00 0.00 100.00 100.00 -1000 2.41 7.31 -15.50 -1000 30.19 1.67 764.908
car -1 -1 0.00 0.00 0.00 100.00 100.00 -1000 2.26 7.23 -12.17 -1000 20.13 1.71 746.484
car -1 -1 0.00 0.00 0.00 100.00 100.00 -1000 1.79 4.59 -6.13 -1000 37.85 1.62 745.087
car -1 -1 0.00 0.00 0.00 100.00 100.00 -1000 2.00 5.14 -10.45 -1000 43.95 1.65 735.946
car -1 -1 0.00 0.00 0.00 100.00 100.00 -1000 1.90 4.90 5.35 -1000 7.66 1.76 734.633
car -1 -1 0.00 0.00 0.00 100.00 100.00 -1000 1.45 4.18 -3.96 -1000 36.13 -0.08 734.548
car -1 -1 0.00 0.00 0.00 100.00 100.00 -1000 2.12 5.78 -16.14 -1000 28.62 1.68 728.715
car -1 -1 0.00 0.00 0.00 100.00 100.00 -1000 1.90 5.18 -12.71 -1000 37.50 1.66 724.252
car -1 -1 0.00 0.00 0.00 100.00 100.00 -1000 1.90 4.91 -14.59 -1000 25.97 1.70 723.328
car -1 -1 0.00 0.00 0.00 100.00 100.00 -1000 1.63 3.98 -7.99 -1000 16.44 -0.18 716.896
car -1 -1 0.00 0.00 0.00 100.00 100.00 -1000 1.77 4.73 -2.90 -1000 43.59 1.62 715.747
car -1 -1 0.00 0.00 0.00 100.00 100.00 -1000 1.69 3.76 4.33 -1000 35.39 1.73 712.934
car -1 -1 0.00 0.00 0.00 100.00 100.00 -1000 1.70 4.31 4.87 -1000 21.77 1.77 711.566
car -1 -1 0.00 0.00 0.00 100.00 100.00 -1000 1.77 4.58 -0.42 -1000 43.70 1.69 710.680
car -1 -1 0.00 0.00 0.00 100.00 100.00 -1000 1.73 4.28 -8.56 -1000 39.50 1.58 709.985
car -1 -1 0.00 0.00 0.00 100.00 100.00 -1000 1.66 3.78 -14.42 -1000 27.07 1.68 706.208
car -1 -1 0.00 0.00 0.00 100.00 100.00 -1000 1.52 3.94 4.87 -1000 5.49 -0.18 704.211
car -1 -1 0.00 0.00 0.00 100.00 100.00 -1000 1.79 4.54 -11.63 -1000 45.30 1.73 702.385
car -1 -1 0.00 0.00 0.00 100.00 100.00 -1000 1.97 4.81 0.28 -1000 42.55 1.58 672.579
car -1 -1 0.00 0.00 0.00 100.00 100.00 -1000 1.89 4.95 -11.93 -1000 38.25 1.65 667.305
car -1 -1 0.00 0.00 0.00 100.00 100.00 -1000 1.87 4.57 -14.85 -1000 41.50 1.56 655.534
car -1 -1 0.00 0.00 0.00 100.00 100.00 -1000 1.57 4.50 -15.54 -1000 24.95 -0.05 653.289
car -1 -1 0.00 0.00 0.00 100.00 100.00 -1000 1.80 4.52 5.65 -1000 30.53 1.70 648.916
car -1 -1 0.00 0.00 0.00 100.00 100.00 -1000 1.77 4.56 3.01 -1000 46.05 1.57 636.394
car -1 -1 0.00 0.00 0.00 100.00 100.00 -1000 1.85 4.87 -10.09 -1000 45.69 1.70 634.204
car -1 -1 0.00 0.00 0.00 100.00 100.00 -1000 1.84 4.84 0.40 -1000 37.95 1.62 629.088
car -1 -1 0.00 0.00 0.00 100.00 100.00 -1000 2.73 9.45 -10.37 -1000 20.77 1.73 621.765
car -1 -1 0.00 0.00 0.00 100.00 100.00 -1000 1.90 4.18 -18.42 -1000 29.07 1.63 609.931
car -1 -1 0.00 0.00 0.00 100.00 100.00 -1000 1.62 3.81 4.77 -1000 20.97 1.79 601.556
car -1 -1 0.00 0.00 0.00 100.00 100.00 -1000 1.65 3.81 -14.90 -1000 40.68 1.57 600.928
car -1 -1 0.00 0.00 0.00 100.00 100.00 -1000 1.78 4.40 4.79 -1000 36.62 1.70 592.828
car -1 -1 0.00 0.00 0.00 100.00 100.00 -1000 1.81 5.03 -13.66 -1000 34.57 1.57 586.043
car -1 -1 0.00 0.00 0.00 100.00 100.00 -1000 1.89 5.11 -2.69 -1000 35.50 1.58 578.758
car -1 -1 0.00 0.00 0.00 100.00 100.00 -1000 1.64 4.03 1.87 -1000 44.30 1.63 578.373
car -1 -1 0.00 0.00 0.00 100.00 100.00 -1000 1.99 5.57 -10.94 -1000 19.06 1.81 576.134
car -1 -1 0.00 0.00 0.00 100.00 100.00 -1000 1.68 4.66 4.05 -1000 44.17 -0.31 574.070
car -1 -1 0.00 0.00 0.00 100.00 100.00 -1000 1.75 4.43 -9.57 -1000 38.67 1.64 572.158
car -1 -1 0.00 0.00 0.00 100.00 100.00 -1000 2.23 6.56 -4.63 -1000 42.19 1.60 571.513
car -1 -1 0.00 0.00 0.00 100.00 100.00 -1000 1.93 5.12 -11.49 -1000 39.26 1.70 563.652
car -1 -1 0.00 0.00 0.00 100.00 100.00 -1000 1.81 4.74 2.91 -1000 47.22 1.57 559.871
car -1 -1 0.00 0.00 0.00 100.00 100.00 -1000 1.84 5.26 -8.37 -1000 18.22 1.77 559.178
car -1 -1 0.00 0.00 0.00 100.00 100.00 -1000 1.97 5.24 -15.12 -1000 45.08 1.73 556.966
car -1 -1 0.00 0.00 0.00 100.00 100.00 -1000 1.81 4.57 -8.16 -1000 45.67 1.64 553.620
car -1 -1 0.00 0.00 0.00 100.00 100.00 -1000 2.10 5.82 -6.05 -1000 41.66 1.66 547.593
car -1 -1 0.00 0.00 0.00 100.00 100.00 -1000 1.86 4.77 -13.08 -1000 27.56 1.65 542.902
car -1 -1 0.00 0.00 0.00 100.00 100.00 -1000 1.86 5.26 -0.90 -1000 37.27 1.72 541.629
car -1 -1 0.00 0.00 0.00 100.00 100.00 -1000 1.76 4.87 -10.62 -1000 37.09 1.64 518.244
car -1 -1 0.00 0.00 0.00 100.00 100.00 -1000 2.00 4.26 -12.39 -1000 16.71 1.67 516.292
car -1 -1 0.00 0.00 0.00 100.00 100.00 -1000 2.08 5.53 -15.63 -1000 43.52 1.64 515.283
car -1 -1 0.00 0.00 0.00 100.00 100.00 -1000 2.06 5.80 -9.35 -1000 44.87 1.71 513.609
car -1 -1 0.00 0.00 0.00 100.00 100.00 -1000 2.11 5.29 -18.59 -1000 27.90 1.53 507.636
car -1 -1 0.00 0.00 0.00 100.00 100.00 -1000 1.92 4.54 4.85 -1000 12.04 1.69 492.638
car -1 -1 0.00 0.00 0.00 100.00 100.00 -1000 2.06 4.89 -18.42 -1000 30.40 1.63 487.756
car -1 -1 0.00 0.00 0.00 100.00 100.00 -1000 1.90 5.00 -12.63 -1000 35.98 1.72 484.917
car -1 -1 0.00 0.00 0.00 100.00 100.00 -1000 1.81 4.18 5.41 -1000 8.49 1.65 477.612
car -1 -1 0.00 0.00 0.00 100.00 100.00 -1000 1.58 3.88 -8.44 -1000 46.98 -0.24 474.204
car -1 -1 0.00 0.00 0.00 100.00 100.00 -1000 1.89 5.01 -9.39 -1000 37.56 1.67 461.864
car -1 -1 0.00 0.00 0.00 100.00 100.00 -1000 1.67 4.20 -15.10 -1000 16.52 1.58 459.255
car -1 -1 0.00 0.00 0.00 100.00 100.00 -1000 2.41 8.10 -9.14 -1000 19.88 1.77 458.365
car -1 -1 0.00 0.00 0.00 100.00 100.00 -1000 2.02 5.17 -8.01 -1000 37.06 1.61 455.322
car -1 -1 0.00 0.00 0.00 100.00 100.00 -1000 1.89 4.47 -11.08 -1000 18.22 1.79 453.780
car -1 -1 0.00 0.00 0.00 100.00 100.00 -1000 1.70 4.55 5.54 -1000 12.76 -0.35 448.685
car -1 -1 0.00 0.00 0.00 100.00 100.00 -1000 1.82 5.15 2.86 -1000 43.54 1.61 445.369
car -1 -1 0.00 0.00 0.00 100.00 100.00 -1000 2.00 4.86 -13.70 -1000 32.17 1.57 442.448
car -1 -1 0.00 0.00 0.00 100.00 100.00 -1000 1.64 4.18 -4.80 -1000 45.12 1.59 435.215
car -1 -1 0.00 0.00 0.00 100.00 100.00 -1000 1.98 5.02 -12.28 -1000 35.07 1.63 433.324
car -1 -1 0.00 0.00 0.00 100.00 100.00 -1000 1.95 5.10 4.81 -1000 31.76 1.71 431.379
car -1 -1 0.00 0.00 0.00 100.00 100.00 -1000 2.26 6.90 -0.47 -1000 41.61 1.66 427.772
car -1 -1 0.00 0.00 0.00 100.00 100.00 -1000 2.09 5.67 -15.20 -1000 18.95 1.66 417.059
car -1 -1 0.00 0.00 0.00 100.00 100.00 -1000 1.76 4.56 4.89 -1000 45.91 1.68 416.549
car -1 -1 0.00 0.00 0.00 100.00 100.00 -1000 2.09 5.10 -7.36 -1000 38.39 1.66 414.324
car -1 -1 0.00 0.00 0.00 100.00 100.00 -1000 2.02 6.12 1.62 -1000 46.71 1.62 410.472
car -1 -1 0.00 0.00 0.00 100.00 100.00 -1000 1.75 4.47 -15.39 -1000 17.55 1.59 409.078
car -1 -1 0.00 0.00 0.00 100.00 100.00 -1000 1.86 5.34 -18.47 -1000 26.65 1.66 407.815
car -1 -1 0.00 0.00 0.00 100.00 100.00 -1000 2.18 6.16 -13.09 -1000 28.58 1.72 406.359
car -1 -1 0.00 0.00 0.00 100.00 100.00 -1000 1.75 4.29 0.26 -1000 44.53 1.72 386.449
car -1 -1 0.00 0.00 0.00 100.00 100.00 -1000 1.65 4.27 5.52 -1000 35.92 -0.22 386.017
car -1 -1 0.00 0.00 0.00 100.00 100.00 -1000 2.32 6.47 -7.30 -1000 42.28 1.63 380.771
car -1 -1 0.00 0.00 0.00 100.00 100.00 -1000 1.97 4.57 5.57 -1000 9.69 1.63 365.125
car -1 -1 0.00 0.00 0.00 100.00 100.00 -1000 1.77 4.87 -4.98 -1000 35.65 1.41 364.202
car -1 -1 0.00 0.00 0.00 100.00 100.00 -1000 2.42 7.61 -15.34 -1000 20.21 1.64 362.245
car -1 -1 0.00 0.00 0.00 100.00 100.00 -1000 1.69 3.91 -14.98 -1000 39.66 1.57 358.654
car -1 -1 0.00 0.00 0.00 100.00 100.00 -1000 1.77 4.54 -13.74 -1000 30.34 -0.14 358.609
car -1 -1 0.00 0.00 0.00 100.00 100.00 -1000 2.42 7.63 -0.24 -1000 40.59 1.65 351.089
car -1 -1 0.00 0.00 0.00 100.00 100.00 -1000 1.94 4.46 -6.40 -1000 45.56 1.69 345.359
car -1 -1 0.00 0.00 0.00 100.00 100.00 -1000 1.99 5.48 -12.82 -1000 26.35 1.73 343.232
car -1 -1 0.00 0.00 0.00 100.00 100.00 -1000 1.95 5.05 5.62 -1000 10.86 1.63 335.075
car -1 -1 0.00 0.00 0.00 100.00 100.00 -1000 2.02 4.97 -15.83 -1000 45.82 1.64 331.446
car -1 -1 0.00 0.00 0.00 100.00 100.00 -1000 2.06 6.28 -8.62 -1000 43.50 1.68 326.315
car -1 -1 0.00 0.00 0.00 100.00 100.00 -1000 1.93 4.78 6.64 -1000 7.09 1.69 323.124
car -1 -1 0.00 0.00 0.00 100.00 100.00 -1000 2.21 5.76 5.91 -1000 25.27 1.58 319.609
car -1 -1 0.00 0.00 0.00 100.00 100.00 -1000 1.95 4.56 -13.16 -1000 25.21 1.76 318.328
car -1 -1 0.00 0.00 0.00 100.00 100.00 -1000 2.11 5.22 -11.62 -1000 33.91 1.60 315.155
car -1 -1 0.00 0.00 0.00 100.00 100.00 -1000 2.15 6.41 -16.22 -1000 31.53 1.63 305.159
car -1 -1 0.00 0.00 0.00 100.00 100.00 -1000 1.90 4.80 4.29 -1000 30.91 1.64 304.048
car -1 -1 0.00 0.00 0.00 100.00 100.00 -1000 2.03 4.86 -6.90 -1000 46.69 1.64 298.189
car -1 -1 0.00 0.00 0.00 100.00 100.00 -1000 1.89 5.40 3.38 -1000 37.03 1.61 295.361
car -1 -1 0.00 0.00 0.00 100.00 100.00 -1000 1.96 4.53 4.15 -1000 38.63 1.65 291.892
car -1 -1 0.00 0.00 0.00 100.00 100.00 -1000 2.38 8.32 -13.59 -1000 21.17 1.65 286.194
car -1 -1 0.00 0.00 0.00 100.00 100.00 -1000 1.61 4.38 5.31 -1000 34.89 -0.24 285.383
car -1 -1 0.00 0.00 0.00 100.00 100.00 -1000 1.77 4.73 7.03 -1000 22.76 1.66 280.366
car -1 -1 0.00 0.00 0.00 100.00 100.00 -1000 1.57 4.03 4.85 -1000 28.47 -0.45 279.433
car -1 -1 0.00 0.00 0.00 100.00 100.00 -1000 1.78 4.87 4.64 -1000 47.63 -0.38 278.111
car -1 -1 0.00 0.00 0.00 100.00 100.00 -1000 1.95 4.62 -11.24 -1000 41.26 -0.27 272.028
car -1 -1 0.00 0.00 0.00 100.00 100.00 -1000 1.73 4.34 6.43 -1000 29.74 1.65 269.563
car -1 -1 0.00 0.00 0.00 100.00 100.00 -1000 2.32 6.20 2.99 -1000 41.27 1.54 267.521
car -1 -1 0.00 0.00 0.00 100.00 100.00 -1000 2.04 5.38 -6.43 -1000 36.39 1.70 267.028
car -1 -1 0.00 0.00 0.00 100.00 100.00 -1000 1.81 4.25 4.90 -1000 24.47 1.74 266.261
car -1 -1 0.00 0.00 0.00 100.00 100.00 -1000 1.81 4.88 1.77 -1000 45.47 1.63 264.201
car -1 -1 0.00 0.00 0.00 100.00 100.00 -1000 1.98 4.84 -9.99 -1000 17.40 1.86 263.169
car -1 -1 0.00 0.00 0.00 100.00 100.00 -1000 2.44 7.31 1.08 -1000 47.69 1.61 262.023
car -1 -1 0.00 0.00 0.00 100.00 100.00 -1000 1.93 3.79 -13.87 -1000 24.31 1.61 259.418
car -1 -1 0.00 0.00 0.00 100.00 100.00 -1000 2.15 6.32 -15.79 -1000 42.53 1.61 259.209
car -1 -1 0.00 0.00 0.00 100.00 100.00 -1000 1.57 3.92 6.29 -1000 22.00 -0.12 256.999
car -1 -1 0.00 0.00 0.00 100.00 100.00 -1000 2.02 4.99 4.60 -1000 27.36 1.72 256.827
car -1 -1 0.00 0.00 0.00 100.00 100.00 -1000 1.74 4.08 5.73 -1000 4.71 1.56 253.596
car -1 -1 0.00 0.00 0.00 100.00 100.00 -1000 1.99 5.42 7.26 -1000 8.15 1.67 252.070
car -1 -1 0.00 0.00 0.00 100.00 100.00 -1000 2.09 6.42 8.38 -1000 31.96 1.66 251.541
car -1 -1 0.00 0.00 0.00 100.00 100.00 -1000 1.88 4.76 6.53 -1000 24.29 1.72 250.987
car -1 -1 0.00 0.00 0.00 100.00 100.00 -1000 2.08 6.98 1.83 -1000 42.09 1.63 246.707
car -1 -1 0.00 0.00 0.00 100.00 100.00 -1000 2.05 5.75 8.50 -1000 9.34 1.67 244.751
car -1 -1 0.00 0.00 0.00 100.00 100.00 -1000 2.53 7.44 -16.00 -1000 46.85 1.62 241.248
car -1 -1 0.00 0.00 0.00 100.00 100.00 -1000 1.93 5.19 -9.55 -1000 40.11 -0.04 240.613
car -1 -1 0.00 0.00 0.00 100.00 100.00 -1000 1.82 4.02 -6.59 -1000 17.13 1.67 239.423
car -1 -1 0.00 0.00 0.00 100.00 100.00 -1000 2.15 6.40 8.38 -1000 25.47 1.66 237.008
car -1 -1 0.00 0.00 0.00 100.00 100.00 -1000 1.92 4.73 5.66 -1000 13.70 1.61 235.603
car -1 -1 0.00 0.00 0.00 100.00 100.00 -1000 2.21 6.23 -1.00 -1000 46.38 1.66 228.805
car -1 -1 0.00 0.00 0.00 100.00 100.00 -1000 1.88 4.77 -1.12 -1000 36.13 1.66 226.509
car -1 -1 0.00 0.00 0.00 100.00 100.00 -1000 2.23 5.53 -0.29 -1000 35.40 1.61 225.021
car -1 -1 0.00 0.00 0.00 100.00 100.00 -1000 2.09 6.62 -7.50 -1000 44.52 1.67 224.661
car -1 -1 0.00 0.00 0.00 100.00 100.00 -1000 1.97 5.49 8.40 -1000 23.79 1.68 223.675
car -1 -1 0.00 0.00 0.00 100.00 100.00 -1000 1.93 5.35 8.43 -1000 30.26 1.69 223.354
car -1 -1 0.00 0.00 0.00 100.00 100.00 -1000 2.09 5.57 3.23 -1000 35.89 1.61 222.872
car -1 -1 0.00 0.00 0.00 100.00 100.00 -1000 2.29 7.86 -12.11 -1000 31.40 1.64 221.621
car -1 -1 0.00 0.00 0.00 100.00 100.00 -1000 1.84 5.00 -14.52 -1000 33.08 1.54 220.977
car -1 -1 0.00 0.00 0.00 100.00 100.00 -1000 1.82 4.86 6.99 -1000 5.85 1.71 219.774
car -1 -1 0.00 0.00 0.00 100.00 100.00 -1000 2.02 5.92 8.48 -1000 10.52 1.66 217.345
car -1 -1 0.00 0.00 0.00 100.00 100.00 -1000 1.91 4.95 4.64 -1000 20.20 1.75 214.371
car -1 -1 0.00 0.00 0.00 100.00 100.00 -1000 2.04 3.98 -13.09 -1000 15.51 1.42 213.734
car -1 -1 0.00 0.00 0.00 100.00 100.00 -1000 1.89 5.26 8.82 -1000 7.66 1.67 212.823
car -1 -1 0.00 0.00 0.00 100.00 100.00 -1000 1.67 4.28 6.60 -1000 28.88 1.64 211.027
car -1 -1 0.00 0.00 0.00 100.00 100.00 -1000 2.21 6.55 -17.04 -1000 19.33 1.60 208.188
car -1 -1 0.00 0.00 0.00 100.00 100.00 -1000 1.91 4.98 6.57 -1000 36.74 1.69 208.165
car -1 -1 0.00 0.00 0.00 100.00 100.00 -1000 2.10 4.92 4.27 -1000 33.82 1.67 205.774
car -1 -1 0.00 0.00 0.00 100.00 100.00 -1000 1.91 4.87 4.84 -1000 39.95 1.64 205.545
car -1 -1 0.00 0.00 0.00 100.00 100.00 -1000 2.24 5.84 0.51 -1000 38.83 1.66 200.578
car -1 -1 0.00 0.00 0.00 100.00 100.00 -1000 1.95 5.97 2.61 -1000 30.56 1.61 197.164
car -1 -1 0.00 0.00 0.00 100.00 100.00 -1000 1.82 5.01 -14.37 -1000 37.97 1.55 197.076
car -1 -1 0.00 0.00 0.00 100.00 100.00 -1000 1.92 5.32 -9.65 -1000 36.44 1.68 193.975
car -1 -1 0.00 0.00 0.00 100.00 100.00 -1000 1.66 4.01 -15.92 -1000 40.18 1.59 193.325
car -1 -1 0.00 0.00 0.00 100.00 100.00 -1000 1.93 5.55 9.24 -1000 23.06 1.66 188.210
car -1 -1 0.00 0.00 0.00 100.00 100.00 -1000 1.60 4.03 -11.03 -1000 35.74 -0.14 188.101
car -1 -1 0.00 0.00 0.00 100.00 100.00 -1000 1.85 5.24 4.25 -1000 19.32 1.65 183.550
car -1 -1 0.00 0.00 0.00 100.00 100.00 -1000 2.07 5.81 -11.10 -1000 28.23 1.69 180.924
car -1 -1 0.00 0.00 0.00 100.00 100.00 -1000 2.76 7.77 -12.82 -1000 30.35 1.70 173.123
car -1 -1 0.00 0.00 0.00 100.00 100.00 -1000 2.40 7.03 -18.76 -1000 31.54 1.61 172.884
car -1 -1 0.00 0.00 0.00 100.00 100.00 -1000 1.80 4.82 8.45 -1000 6.48 1.68 170.430
car -1 -1 0.00 0.00 0.00 100.00 100.00 -1000 2.11 5.09 -4.57 -1000 44.16 1.63 169.783
car -1 -1 0.00 0.00 0.00 100.00 100.00 -1000 1.95 5.56 -3.12 -1000 46.30 1.61 169.365
car -1 -1 0.00 0.00 0.00 100.00 100.00 -1000 2.05 6.30 2.61 -1000 37.86 1.62 169.134
car -1 -1 0.00 0.00 0.00 100.00 100.00 -1000 1.81 4.74 8.48 -1000 22.22 1.69 169.130
