car -1 -1 0.00 0.00 0.00 100.00 100.00 -1000 1.69 3.73 1.09 -1000 43.27 1.57 999.120
car -1 -1 0.00 0.00 0.00 100.00 100.00 -1000 1.38 3.70 1.23 -1000 42.38 -0.17 998.083
car -1 -1 0.00 0.00 0.00 100.00 100.00 -1000 1.68 4.11 -5.50 -1000 47.00 1.68 993.872
car -1 -1 0.00 0.00 0.00 100.00 100.00 -1000 1.80 5.08 4.64 -1000 44.98 1.55 975.283
car -1 -1 0.00 0.00 0.00 100.00 100.00 -1000 1.40 3.34 -5.22 -1000 45.93 -0.15 975.082
car -1 -1 0.00 0.00 0.00 100.00 100.00 -1000 1.61 3.85 -9.21 -1000 41.88 1.67 970.640
car -1 -1 0.00 0.00 0.00 100.00 100.00 -1000 1.47 3.29 3.61 -1000 27.42 1.62 957.837
car -1 -1 0.00 0.00 0.00 100.00 100.00 -1000 1.60 3.74 -1.90 -1000 44.39 1.58 949.883
car -1 -1 0.00 0.00 0.00 100.00 100.00 -1000 1.52 3.16 4.82 -1000 44.50 1.60 947.067
car -1 -1 0.00 0.00 0.00 100.00 100.00 -1000 1.55 3.54 0.29 -1000 43.87 1.55 946.062
car -1 -1 0.00 0.00 0.00 100.00 100.00 -1000 1.48 3.50 4.34 -1000 21.48 -0.29 945.603
car -1 -1 0.00 0.00 0.00 100.00 100.00 -1000 3.30 11.14 3.59 -1000 46.54 1.63 939.732
car -1 -1 0.00 0.00 0.00 100.00 100.00 -1000 1.72 3.98 2.12 -1000 43.79 1.73 936.788
car -1 -1 0.00 0.00 0.00 100.00 100.00 -1000 1.43 3.35 5.35 -1000 43.71 -0.48 933.817
car -1 -1 0.00 0.00 0.00 100.00 100.00 -1000 1.66 6.70 2.08 -1000 42.01 0.08 928.133
car -1 -1 0.00 0.00 0.00 100.00 100.00 -1000 1.47 3.44 -7.44 -1000 32.18 1.67 926.196
car -1 -1 0.00 0.00 0.00 100.00 100.00 -1000 1.50 3.33 8.95 -1000 36.67 1.61 924.739
car -1 -1 0.00 0.00 0.00 100.00 100.00 -1000 2.49 7.75 1.32 -1000 45.97 1.57 924.409
car -1 -1 0.00 0.00 0.00 100.00 100.00 -1000 1.47 3.38 -2.08 -1000 43.49 -0.21 918.865
car -1 -1 0.00 0.00 0.00 100.00 100.00 -1000 1.60 3.65 4.27 -1000 22.41 1.69 897.332
car -1 -1 0.00 0.00 0.00 100.00 100.00 -1000 1.38 3.10 -2.72 -1000 45.08 1.58 895.209
car -1 -1 0.00 0.00 0.00 100.00 100.00 -1000 1.75 4.34 0.89 -1000 45.02 1.60 886.389
car -1 -1 0.00 0.00 0.00 100.00 100.00 -1000 1.42 3.28 3.97 -1000 26.06 -0.27 882.546
car -1 -1 0.00 0.00 0.00 100.00 100.00 -1000 1.45 3.20 18.86 -1000 41.86 1.62 880.937
car -1 -1 0.00 0.00 0.00 100.00 100.00 -1000 1.52 3.51 3.57 -1000 7.97 1.65 879.094
car -1 -1 0.00 0.00 0.00 100.00 100.00 -1000 1.53 3.47 3.31 -1000 44.32 1.64 877.894
car -1 -1 0.00 0.00 0.00 100.00 100.00 -1000 1.50 3.37 -0.44 -1000 43.30 1.59 869.702
car -1 -1 0.00 0.00 0.00 100.00 100.00 -1000 1.42 3.17 19.08 -1000 43.12 1.62 858.528
car -1 -1 0.00 0.00 0.00 100.00 100.00 -1000 2.28 6.52 4.47 -1000 46.00 1.66 852.865
car -1 -1 0.00 0.00 0.00 100.00 100.00 -1000 1.57 3.51 3.25 -1000 21.09 -0.19 837.716
car -1 -1 0.00 0.00 0.00 100.00 100.00 -1000 1.44 3.18 -8.75 -1000 42.53 1.63 828.957
car -1 -1 0.00 0.00 0.00 100.00 100.00 -1000 3.03 10.38 0.51 -1000 47.05 1.47 818.773
car -1 -1 0.00 0.00 0.00 100.00 100.00 -1000 1.37 2.94 -8.93 -1000 41.24 1.59 817.790
car -1 -1 0.00 0.00 0.00 100.00 100.00 -1000 2.88 9.63 5.09 -1000 47.65 1.67 816.595
car -1 -1 0.00 0.00 0.00 100.00 100.00 -1000 1.58 3.74 -18.20 -1000 42.82 1.60 807.797
car -1 -1 0.00 0.00 0.00 100.00 100.00 -1000 1.59 3.68 -15.58 -1000 25.09 1.62 803.882
car -1 -1 0.00 0.00 0.00 100.00 100.00 -1000 1.71 3.90 -0.62 -1000 45.24 1.60 802.274
car -1 -1 0.00 0.00 0.00 100.00 100.00 -1000 1.51 4.31 -4.51 -1000 46.47 -0.19 799.169
car -1 -1 0.00 0.00 0.00 100.00 100.00 -1000 1.43 3.05 2.81 -1000 42.90 1.72 796.598
car -1 -1 0.00 0.00 0.00 100.00 100.00 -1000 1.55 3.63 5.04 -1000 27.37 1.75 795.524
car -1 -1 0.00 0.00 0.00 100.00 100.00 -1000 1.48 3.48 6.43 -1000 44.63 1.72 789.882
car -1 -1 0.00 0.00 0.00 100.00 100.00 -1000 1.42 3.42 -8.55 -1000 40.55 -0.20 789.509
car -1 -1 0.00 0.00 0.00 100.00 100.00 -1000 1.91 5.14 2.71 -1000 45.20 1.67 787.279
car -1 -1 0.00 0.00 0.00 100.00 100.00 -1000 1.25 3.30 9.04 -1000 35.77 -0.40 783.771
car -1 -1 0.00 0.00 0.00 100.00 100.00 -1000 1.51 3.34 4.19 -1000 26.85 1.72 774.583
car -1 -1 0.00 0.00 0.00 100.00 100.00 -1000 1.51 3.49 -6.74 -1000 32.90 1.65 761.885
car -1 -1 0.00 0.00 0.00 100.00 100.00 -1000 1.52 3.65 -3.63 -1000 47.01 1.70 759.132
car -1 -1 0.00 0.00 0.00 100.00 100.00 -1000 1.72 4.45 -7.28 -1000 44.31 1.63 753.755
car -1 -1 0.00 0.00 0.00 100.00 100.00 -1000 1.54 3.39 4.49 -1000 27.99 1.71 744.236
car -1 -1 0.00 0.00 0.00 100.00 100.00 -1000 1.45 3.55 -4.46 -1000 45.44 -0.10 742.384
car -1 -1 0.00 0.00 0.00 100.00 100.00 -1000 1.58 3.87 -6.96 -1000 31.49 -0.15 738.255
car -1 -1 0.00 0.00 0.00 100.00 100.00 -1000 1.46 3.52 -7.37 -1000 41.94 1.73 737.818
car -1 -1 0.00 0.00 0.00 100.00 100.00 -1000 1.43 3.19 18.01 -1000 42.28 1.60 735.832
car -1 -1 0.00 0.00 0.00 100.00 100.00 -1000 1.56 3.56 -5.71 -1000 33.40 1.64 733.129
car -1 -1 0.00 0.00 0.00 100.00 100.00 -1000 1.47 3.10 4.27 -1000 43.24 1.65 727.773
car -1 -1 0.00 0.00 0.00 100.00 100.00 -1000 1.38 2.86 -6.26 -1000 46.47 1.54 720.357
car -1 -1 0.00 0.00 0.00 100.00 100.00 -1000 1.57 3.72 -17.53 -1000 43.41 1.71 714.495
car -1 -1 0.00 0.00 0.00 100.00 100.00 -1000 1.67 4.27 6.64 -1000 27.43 1.75 703.574
car -1 -1 0.00 0.00 0.00 100.00 100.00 -1000 1.53 3.50 9.55 -1000 37.26 1.72 695.004
car -1 -1 0.00 0.00 0.00 100.00 100.00 -1000 1.35 3.50 5.84 -1000 42.97 -0.15 688.447
car -1 -1 0.00 0.00 0.00 100.00 100.00 -1000 1.50 3.34 -8.17 -1000 32.83 1.58 679.730
car -1 -1 0.00 0.00 0.00 100.00 100.00 -1000 1.52 3.43 -1.41 -1000 42.81 1.57 678.400
car -1 -1 0.00 0.00 0.00 100.00 100.00 -1000 1.53 3.47 -18.25 -1000 42.02 1.66 674.448
car -1 -1 0.00 0.00 0.00 100.00 100.00 -1000 2.08 5.96 -8.58 -1000 45.22 1.65 673.297
car -1 -1 0.00 0.00 0.00 100.00 100.00 -1000 1.56 3.72 -5.52 -1000 32.23 1.65 673.259
car -1 -1 0.00 0.00 0.00 100.00 100.00 -1000 1.69 4.01 -7.83 -1000 43.53 1.63 669.888
car -1 -1 0.00 0.00 0.00 100.00 100.00 -1000 1.30 3.40 2.34 -1000 41.75 0.08 662.162
car -1 -1 0.00 0.00 0.00 100.00 100.00 -1000 1.44 3.27 -16.01 -1000 24.30 1.61 641.512
car -1 -1 0.00 0.00 0.00 100.00 100.00 -1000 1.47 3.15 17.90 -1000 43.52 1.65 638.211
car -1 -1 0.00 0.00 0.00 100.00 100.00 -1000 1.69 4.28 3.16 -1000 41.23 1.62 627.072
car -1 -1 0.00 0.00 0.00 100.00 100.00 -1000 1.73 4.40 7.29 -1000 26.68 1.67 624.191
car -1 -1 0.00 0.00 0.00 100.00 100.00 -1000 1.63 4.04 4.65 -1000 8.66 1.72 620.371
car -1 -1 0.00 0.00 0.00 100.00 100.00 -1000 1.45 3.13 18.69 -1000 46.83 1.53 613.765
car -1 -1 0.00 0.00 0.00 100.00 100.00 -1000 2.18 5.86 5.45 -1000 46.97 1.64 604.414
car -1 -1 0.00 0.00 0.00 100.00 100.00 -1000 1.66 3.84 3.82 -1000 7.11 1.72 603.620
car -1 -1 0.00 0.00 0.00 100.00 100.00 -1000 1.66 3.84 3.17 -1000 22.88 1.65 600.946
car -1 -1 0.00 0.00 0.00 100.00 100.00 -1000 1.48 3.31 2.94 -1000 25.74 1.64 595.776
car -1 -1 0.00 0.00 0.00 100.00 100.00 -1000 1.55 3.48 2.58 -1000 27.05 1.58 593.686
car -1 -1 0.00 0.00 0.00 100.00 100.00 -1000 1.50 3.61 -14.53 -1000 25.63 1.67 586.865
car -1 -1 0.00 0.00 0.00 100.00 100.00 -1000 1.71 4.08 -4.87 -1000 34.12 1.66 586.794
car -1 -1 0.00 0.00 0.00 100.00 100.00 -1000 1.53 3.34 -8.59 -1000 31.59 1.60 583.786
car -1 -1 0.00 0.00 0.00 100.00 100.00 -1000 1.66 3.99 5.72 -1000 22.19 1.70 581.588
car -1 -1 0.00 0.00 0.00 100.00 100.00 -1000 1.31 2.92 -9.78 -1000 40.83 -0.03 576.336
car -1 -1 0.00 0.00 0.00 100.00 100.00 -1000 1.49 3.46 10.26 -1000 36.54 1.74 550.945
car -1 -1 0.00 0.00 0.00 100.00 100.00 -1000 1.60 3.59 -6.52 -1000 45.30 1.60 547.146
car -1 -1 0.00 0.00 0.00 100.00 100.00 -1000 1.75 4.10 8.77 -1000 37.85 1.69 546.343
car -1 -1 0.00 0.00 0.00 100.00 100.00 -1000 2.08 6.04 6.59 -1000 30.17 1.64 531.201
car -1 -1 0.00 0.00 0.00 100.00 100.00 -1000 2.11 6.37 3.59 -1000 30.68 1.70 526.577
car -1 -1 0.00 0.00 0.00 100.00 100.00 -1000 2.41 7.99 -2.22 -1000 47.34 1.67 525.893
car -1 -1 0.00 0.00 0.00 100.00 100.00 -1000 1.37 3.21 4.03 -1000 42.37 -0.07 524.703
car -1 -1 0.00 0.00 0.00 100.00 100.00 -1000 1.50 3.26 -16.79 -1000 35.00 1.58 522.980
car -1 -1 0.00 0.00 0.00 100.00 100.00 -1000 1.55 3.67 18.21 -1000 44.54 1.65 511.775
car -1 -1 0.00 0.00 0.00 100.00 100.00 -1000 2.04 5.91 7.37 -1000 29.00 1.66 510.291
car -1 -1 0.00 0.00 0.00 100.00 100.00 -1000 1.58 3.84 -0.22 -1000 42.49 0.10 510.080
car -1 -1 0.00 0.00 0.00 100.00 100.00 -1000 2.06 6.22 8.02 -1000 46.87 1.58 505.811
car -1 -1 0.00 0.00 0.00 100.00 100.00 -1000 1.73 4.16 3.36 -1000 28.35 1.66 501.619
car -1 -1 0.00 0.00 0.00 100.00 100.00 -1000 1.37 2.81 18.96 -1000 40.84 -0.08 499.496
car -1 -1 0.00 0.00 0.00 100.00 100.00 -1000 1.28 2.79 -7.75 -1000 30.90 -0.03 498.800
car -1 -1 0.00 0.00 0.00 100.00 100.00 -1000 1.42 3.10 -10.65 -1000 40.39 1.59 486.509
car -1 -1 0.00 0.00 0.00 100.00 100.00 -1000 1.61 3.82 6.51 -1000 22.94 1.63 481.486
car -1 -1 0.00 0.00 0.00 100.00 100.00 -1000 1.66 3.87 17.12 -1000 46.77 1.63 479.624
car -1 -1 0.00 0.00 0.00 100.00 100.00 -1000 1.87 5.11 12.42 -1000 39.05 1.63 476.619
car -1 -1 0.00 0.00 0.00 100.00 100.00 -1000 1.65 3.81 2.56 -1000 22.14 1.59 476.536
car -1 -1 0.00 0.00 0.00 100.00 100.00 -1000 2.16 6.43 -1.32 -1000 46.40 1.57 476.147
car -1 -1 0.00 0.00 0.00 100.00 100.00 -1000 1.76 4.33 3.57 -1000 35.11 1.67 475.966
car -1 -1 0.00 0.00 0.00 100.00 100.00 -1000 2.18 6.56 -10.41 -1000 44.50 1.64 471.992
car -1 -1 0.00 0.00 0.00 100.00 100.00 -1000 1.98 5.96 12.34 -1000 39.95 1.64 470.249
car -1 -1 0.00 0.00 0.00 100.00 100.00 -1000 1.74 4.29 13.30 -1000 38.33 1.65 466.376
car -1 -1 0.00 0.00 0.00 100.00 100.00 -1000 1.99 5.67 2.64 -1000 29.77 1.66 463.283
car -1 -1 0.00 0.00 0.00 100.00 100.00 -1000 1.73 3.94 11.41 -1000 30.15 1.57 462.017
car -1 -1 0.00 0.00 0.00 100.00 100.00 -1000 1.41 3.26 -10.48 -1000 41.34 1.59 461.143
car -1 -1 0.00 0.00 0.00 100.00 100.00 -1000 1.61 3.86 -4.84 -1000 31.51 1.64 459.021
car -1 -1 0.00 0.00 0.00 100.00 100.00 -1000 1.36 2.93 -5.56 -1000 30.86 0.06 451.195
car -1 -1 0.00 0.00 0.00 100.00 100.00 -1000 1.47 3.35 18.46 -1000 47.71 1.59 450.695
car -1 -1 0.00 0.00 0.00 100.00 100.00 -1000 1.64 3.70 5.48 -1000 21.07 1.69 448.469
car -1 -1 0.00 0.00 0.00 100.00 100.00 -1000 1.52 3.52 5.33 -1000 26.41 0.04 441.859
car -1 -1 0.00 0.00 0.00 100.00 100.00 -1000 1.42 2.95 17.10 -1000 41.81 1.55 436.373
car -1 -1 0.00 0.00 0.00 100.00 100.00 -1000 1.85 5.08 6.00 -1000 45.58 1.68 435.704
car -1 -1 0.00 0.00 0.00 100.00 100.00 -1000 2.01 5.51 11.90 -1000 43.57 1.55 435.579
car -1 -1 0.00 0.00 0.00 100.00 100.00 -1000 1.72 4.28 -6.59 -1000 42.88 1.70 435.477
car -1 -1 0.00 0.00 0.00 100.00 100.00 -1000 1.83 4.78 7.57 -1000 28.16 1.68 435.213
car -1 -1 0.00 0.00 0.00 100.00 100.00 -1000 2.00 5.46 -8.94 -1000 46.34 1.69 434.829
car -1 -1 0.00 0.00 0.00 100.00 100.00 -1000 1.66 4.06 -4.84 -1000 35.14 1.63 434.591
car -1 -1 0.00 0.00 0.00 100.00 100.00 -1000 1.54 3.52 -7.50 -1000 45.93 1.64 428.113
car -1 -1 0.00 0.00 0.00 100.00 100.00 -1000 1.81 4.30 -15.45 -1000 38.64 1.72 426.139
car -1 -1 0.00 0.00 0.00 100.00 100.00 -1000 1.42 3.54 -4.97 -1000 32.88 -0.20 424.048
car -1 -1 0.00 0.00 0.00 100.00 100.00 -1000 1.48 2.90 18.09 -1000 41.34 1.62 407.060
car -1 -1 0.00 0.00 0.00 100.00 100.00 -1000 1.50 3.99 19.10 -1000 24.15 1.65 406.022
car -1 -1 0.00 0.00 0.00 100.00 100.00 -1000 2.57 7.18 -6.39 -1000 43.44 1.51 405.171
car -1 -1 0.00 0.00 0.00 100.00 100.00 -1000 1.86 4.88 1.52 -1000 28.92 1.72 403.138
car -1 -1 0.00 0.00 0.00 100.00 100.00 -1000 1.74 4.58 5.08 -1000 7.50 1.71 394.924
car -1 -1 0.00 0.00 0.00 100.00 100.00 -1000 1.64 3.87 -3.32 -1000 39.17 1.62 389.848
car -1 -1 0.00 0.00 0.00 100.00 100.00 -1000 1.55 3.37 -3.57 -1000 45.91 1.64 386.294
car -1 -1 0.00 0.00 0.00 100.00 100.00 -1000 1.81 4.34 17.08 -1000 29.03 1.63 382.930
car -1 -1 0.00 0.00 0.00 100.00 100.00 -1000 1.59 3.85 -16.49 -1000 42.96 1.71 373.137
car -1 -1 0.00 0.00 0.00 100.00 100.00 -1000 1.72 3.98 11.52 -1000 29.03 1.62 370.262
car -1 -1 0.00 0.00 0.00 100.00 100.00 -1000 1.50 3.29 -7.97 -1000 27.08 1.60 370.224
car -1 -1 0.00 0.00 0.00 100.00 100.00 -1000 1.79 4.13 -3.28 -1000 33.94 1.62 367.538
car -1 -1 0.00 0.00 0.00 100.00 100.00 -1000 1.49 3.55 7.44 -1000 44.08 1.72 365.206
car -1 -1 0.00 0.00 0.00 100.00 100.00 -1000 1.78 4.56 16.99 -1000 30.11 1.63 362.091
car -1 -1 0.00 0.00 0.00 100.00 100.00 -1000 1.79 5.40 7.51 -1000 25.93 1.64 360.179
car -1 -1 0.00 0.00 0.00 100.00 100.00 -1000 1.76 4.16 4.75 -1000 23.30 1.66 358.865
car -1 -1 0.00 0.00 0.00 100.00 100.00 -1000 1.90 4.83 -11.22 -1000 33.05 1.68 358.600
car -1 -1 0.00 0.00 0.00 100.00 100.00 -1000 1.79 4.14 2.99 -1000 23.73 1.57 355.194
car -1 -1 0.00 0.00 0.00 100.00 100.00 -1000 1.61 3.94 -8.01 -1000 39.49 1.60 353.188
car -1 -1 0.00 0.00 0.00 100.00 100.00 -1000 1.54 3.90 -5.39 -1000 41.76 1.68 352.810
car -1 -1 0.00 0.00 0.00 100.00 100.00 -1000 1.41 3.14 -14.41 -1000 24.55 -0.05 352.612
car -1 -1 0.00 0.00 0.00 100.00 100.00 -1000 1.80 4.97 8.05 -1000 45.64 1.64 352.507
car -1 -1 0.00 0.00 0.00 100.00 100.00 -1000 1.44 2.84 18.34 -1000 40.34 1.54 348.403
car -1 -1 0.00 0.00 0.00 100.00 100.00 -1000 1.67 4.33 -9.03 -1000 43.17 1.67 348.273
car -1 -1 0.00 0.00 0.00 100.00 100.00 -1000 1.58 3.94 17.68 -1000 45.38 1.55 347.906
car -1 -1 0.00 0.00 0.00 100.00 100.00 -1000 1.46 3.51 19.69 -1000 46.10 -0.19 342.321
car -1 -1 0.00 0.00 0.00 100.00 100.00 -1000 1.55 3.66 -15.61 -1000 26.12 1.69 341.492
car -1 -1 0.00 0.00 0.00 100.00 100.00 -1000 1.66 3.76 4.68 -1000 25.10 1.66 340.329
car -1 -1 0.00 0.00 0.00 100.00 100.00 -1000 1.98 5.64 5.11 -1000 29.59 1.61 339.470
car -1 -1 0.00 0.00 0.00 100.00 100.00 -1000 1.97 5.34 12.14 -1000 41.95 1.62 338.697
car -1 -1 0.00 0.00 0.00 100.00 100.00 -1000 1.70 4.50 5.07 -1000 35.49 1.72 337.253
car -1 -1 0.00 0.00 0.00 100.00 100.00 -1000 1.63 3.61 3.12 -1000 20.23 1.65 335.478
car -1 -1 0.00 0.00 0.00 100.00 100.00 -1000 1.79 4.50 12.78 -1000 42.76 1.64 334.351
car -1 -1 0.00 0.00 0.00 100.00 100.00 -1000 1.90 5.11 7.43 -1000 39.94 1.65 329.664
car -1 -1 0.00 0.00 0.00 100.00 100.00 -1000 1.62 4.18 5.94 -1000 28.32 1.72 328.897
car -1 -1 0.00 0.00 0.00 100.00 100.00 -1000 1.60 4.00 -13.89 -1000 17.83 1.66 328.594
car -1 -1 0.00 0.00 0.00 100.00 100.00 -1000 1.56 3.60 -7.33 -1000 41.04 1.69 328.387
car -1 -1 0.00 0.00 0.00 100.00 100.00 -1000 1.65 3.84 -4.04 -1000 39.83 1.60 328.294
car -1 -1 0.00 0.00 0.00 100.00 100.00 -1000 1.59 3.24 5.09 -1000 42.10 1.52 327.321
car -1 -1 0.00 0.00 0.00 100.00 100.00 -1000 1.59 3.98 -3.99 -1000 32.12 1.62 322.514
car -1 -1 0.00 0.00 0.00 100.00 100.00 -1000 1.88 4.66 8.13 -1000 38.55 1.71 322.219
car -1 -1 0.00 0.00 0.00 100.00 100.00 -1000 1.92 5.54 7.95 -1000 24.79 1.57 317.910
car -1 -1 0.00 0.00 0.00 100.00 100.00 -1000 1.68 4.14 2.56 -1000 25.04 1.52 316.883
car -1 -1 0.00 0.00 0.00 100.00 100.00 -1000 1.90 5.22 -7.37 -1000 35.65 1.60 316.121
car -1 -1 0.00 0.00 0.00 100.00 100.00 -1000 1.75 4.78 7.14 -1000 7.59 1.74 311.381
car -1 -1 0.00 0.00 0.00 100.00 100.00 -1000 1.71 4.05 17.89 -1000 27.47 1.62 310.401
car -1 -1 0.00 0.00 0.00 100.00 100.00 -1000 1.64 4.19 14.10 -1000 37.12 1.64 308.469
car -1 -1 0.00 0.00 0.00 100.00 100.00 -1000 1.87 4.36 -6.30 -1000 27.30 1.58 304.622
car -1 -1 0.00 0.00 0.00 100.00 100.00 -1000 1.86 4.34 -5.21 -1000 37.05 1.59 301.449
car -1 -1 0.00 0.00 0.00 100.00 100.00 -1000 1.75 4.35 7.32 -1000 23.79 1.61 301.252
car -1 -1 0.00 0.00 0.00 100.00 100.00 -1000 1.93 4.39 0.03 -1000 34.72 1.62 299.811
car -1 -1 0.00 0.00 0.00 100.00 100.00 -1000 1.72 3.94 -4.32 -1000 38.68 1.61 299.256
car -1 -1 0.00 0.00 0.00 100.00 100.00 -1000 1.72 4.79 5.85 -1000 9.10 1.72 299.082
car -1 -1 0.00 0.00 0.00 100.00 100.00 -1000 1.83 4.67 -9.44 -1000 33.52 1.67 294.825
car -1 -1 0.00 0.00 0.00 100.00 100.00 -1000 1.71 4.67 -5.06 -1000 28.94 1.59 294.811
car -1 -1 0.00 0.00 0.00 100.00 100.00 -1000 1.73 4.51 -12.96 -1000 25.46 1.75 294.677
car -1 -1 0.00 0.00 0.00 100.00 100.00 -1000 1.76 4.08 7.51 -1000 37.04 1.62 292.063
car -1 -1 0.00 0.00 0.00 100.00 100.00 -1000 1.74 4.39 9.77 -1000 38.34 1.67 291.240
car -1 -1 0.00 0.00 0.00 100.00 100.00 -1000 1.86 4.24 1.76 -1000 35.17 1.59 289.834
car -1 -1 0.00 0.00 0.00 100.00 100.00 -1000 1.70 4.22 -13.65 -1000 32.67 1.67 289.187
car -1 -1 0.00 0.00 0.00 100.00 100.00 -1000 1.26 3.02 10.20 -1000 35.57 0.14 289.041
car -1 -1 0.00 0.00 0.00 100.00 100.00 -1000 1.84 4.99 -10.64 -1000 43.53 1.61 287.900
car -1 -1 0.00 0.00 0.00 100.00 100.00 -1000 1.89 5.63 16.61 -1000 44.84 1.65 286.972
car -1 -1 0.00 0.00 0.00 100.00 100.00 -1000 1.57 3.63 17.08 -1000 42.88 1.56 285.602
car -1 -1 0.00 0.00 0.00 100.00 100.00 -1000 1.96 4.50 6.62 -1000 42.05 1.68 284.229
car -1 -1 0.00 0.00 0.00 100.00 100.00 -1000 1.57 3.62 -15.23 -1000 19.40 1.62 282.492
car -1 -1 0.00 0.00 0.00 100.00 100.00 -1000 1.84 4.74 -10.25 -1000 32.26 1.70 279.546
car -1 -1 0.00 0.00 0.00 100.00 100.00 -1000 1.84 4.05 19.07 -1000 28.96 1.62 279.464
car -1 -1 0.00 0.00 0.00 100.00 100.00 -1000 1.40 4.13 1.26 -1000 20.99 0.05 279.265
car -1 -1 0.00 0.00 0.00 100.00 100.00 -1000 1.58 3.92 8.14 -1000 44.76 1.67 277.913
car -1 -1 0.00 0.00 0.00 100.00 100.00 -1000 1.63 4.38 -19.25 -1000 25.73 1.62 277.137
car -1 -1 0.00 0.00 0.00 100.00 100.00 -1000 1.74 4.45 17.17 -1000 32.22 1.56 276.888
car -1 -1 0.00 0.00 0.00 100.00 100.00 -1000 1.91 4.79 5.11 -1000 41.26 1.66 274.583
car -1 -1 0.00 0.00 0.00 100.00 100.00 -1000 1.81 4.01 12.55 -1000 44.31 1.63 274.358
car -1 -1 0.00 0.00 0.00 100.00 100.00 -1000 1.71 4.43 5.30 -1000 40.38 1.56 271.112
car -1 -1 0.00 0.00 0.00 100.00 100.00 -1000 1.85 4.50 18.21 -1000 25.84 1.60 267.923
car -1 -1 0.00 0.00 0.00 100.00 100.00 -1000 1.50 3.60 -7.43 -1000 25.98 0.03 267.497
car -1 -1 0.00 0.00 0.00 100.00 100.00 -1000 1.69 4.44 1.78 -1000 17.70 1.60 267.389
car -1 -1 0.00 0.00 0.00 100.00 100.00 -1000 1.61 4.25 8.50 -1000 22.56 1.67 267.143
car -1 -1 0.00 0.00 0.00 100.00 100.00 -1000 1.58 3.95 -16.79 -1000 33.94 1.60 265.092
car -1 -1 0.00 0.00 0.00 100.00 100.00 -1000 1.84 4.25 1.97 -1000 19.31 1.61 263.548
car -1 -1 0.00 0.00 0.00 100.00 100.00 -1000 1.83 5.17 10.03 -1000 39.26 1.64 260.495
car -1 -1 0.00 0.00 0.00 100.00 100.00 -1000 1.49 3.61 -1.73 -1000 45.59 1.65 260.226
car -1 -1 0.00 0.00 0.00 100.00 100.00 -1000 1.67 4.57 16.02 -1000 35.58 1.66 259.869
car -1 -1 0.00 0.00 0.00 100.00 100.00 -1000 1.65 4.31 11.56 -1000 37.94 1.64 254.801
car -1 -1 0.00 0.00 0.00 100.00 100.00 -1000 1.32 3.37 4.46 -1000 20.38 -0.18 254.412
car -1 -1 0.00 0.00 0.00 100.00 100.00 -1000 1.65 3.61 9.39 -1000 34.74 1.51 253.452
car -1 -1 0.00 0.00 0.00 100.00 100.00 -1000 1.81 4.58 -11.03 -1000 38.74 1.71 251.299
car -1 -1 0.00 0.00 0.00 100.00 100.00 -1000 2.02 5.46 10.42 -1000 32.04 1.56 249.784
car -1 -1 0.00 0.00 0.00 100.00 100.00 -1000 1.54 3.76 10.95 -1000 37.11 1.70 248.786
car -1 -1 0.00 0.00 0.00 100.00 100.00 -1000 1.79 4.37 1.28 -1000 26.65 1.63 248.316
car -1 -1 0.00 0.00 0.00 100.00 100.00 -1000 1.95 4.92 3.28 -1000 31.86 1.66 247.978
car -1 -1 0.00 0.00 0.00 100.00 100.00 -1000 1.87 4.30 19.27 -1000 30.58 1.58 246.727
car -1 -1 0.00 0.00 0.00 100.00 100.00 -1000 1.67 4.51 -5.64 -1000 25.76 1.62 246.606
car -1 -1 0.00 0.00 0.00 100.00 100.00 -1000 1.71 4.21 -17.02 -1000 25.57 1.63 246.288
car -1 -1 0.00 0.00 0.00 100.00 100.00 -1000 1.81 4.47 -19.17 -1000 36.72 1.60 246.117
car -1 -1 0.00 0.00 0.00 100.00 100.00 -1000 2.10 6.23 12.03 -1000 45.08 1.65 246.047
car -1 -1 0.00 0.00 0.00 100.00 100.00 -1000 1.69 4.18 18.87 -1000 25.00 1.59 244.881
car -1 -1 0.00 0.00 0.00 100.00 100.00 -1000 1.74 4.51 -0.33 -1000 20.98 1.62 244.729
car -1 -1 0.00 0.00 0.00 100.00 100.00 -1000 2.07 5.40 12.00 -1000 46.73 1.67 244.270
car -1 -1 0.00 0.00 0.00 100.00 100.00 -1000 1.71 4.40 6.75 -1000 6.72 1.70 243.952
car -1 -1 0.00 0.00 0.00 100.00 100.00 -1000 1.73 4.30 7.53 -1000 35.54 1.63 243.337
car -1 -1 0.00 0.00 0.00 100.00 100.00 -1000 1.73 5.18 -3.75 -1000 44.31 1.40 242.524
car -1 -1 0.00 0.00 0.00 100.00 100.00 -1000 1.74 4.58 16.78 -1000 44.01 1.64 240.331
car -1 -1 0.00 0.00 0.00 100.00 100.00 -1000 1.44 3.39 12.38 -1000 29.52 -0.12 239.865
car -1 -1 0.00 0.00 0.00 100.00 100.00 -1000 1.83 4.93 -7.33 -1000 47.25 1.65 238.735
car -1 -1 0.00 0.00 0.00 100.00 100.00 -1000 1.56 3.72 6.78 -1000 21.78 1.63 237.986
car -1 -1 0.00 0.00 0.00 100.00 100.00 -1000 1.87 4.41 -2.88 -1000 25.86 1.60 237.749
car -1 -1 0.00 0.00 0.00 100.00 100.00 -1000 1.76 4.59 16.83 -1000 33.88 1.62 236.826
car -1 -1 0.00 0.00 0.00 100.00 100.00 -1000 1.77 5.13 9.43 -1000 45.16 1.64 234.210
car -1 -1 0.00 0.00 0.00 100.00 100.00 -1000 1.74 4.09 16.36 -1000 17.73 1.66 234.056
car -1 -1 0.00 0.00 0.00 100.00 100.00 -1000 1.66 3.67 14.24 -1000 42.58 1.63 233.363
car -1 -1 0.00 0.00 0.00 100.00 100.00 -1000 1.76 4.14 0.22 -1000 32.13 1.64 229.555
car -1 -1 0.00 0.00 0.00 100.00 100.00 -1000 1.49 4.01 -16.45 -1000 21.02 1.59 229.262
car -1 -1 0.00 0.00 0.00 100.00 100.00 -1000 1.98 5.69 1.79 -1000 31.10 1.61 228.524
car -1 -1 0.00 0.00 0.00 100.00 100.00 -1000 1.66 4.19 9.41 -1000 33.80 1.62 228.510
car -1 -1 0.00 0.00 0.00 100.00 100.00 -1000 1.73 4.55 15.05 -1000 36.38 1.67 227.195
car -1 -1 0.00 0.00 0.00 100.00 100.00 -1000 1.83 4.59 5.83 -1000 24.22 1.68 226.668
car -1 -1 0.00 0.00 0.00 100.00 100.00 -1000 1.62 3.99 -10.75 -1000 42.34 1.66 225.412
car -1 -1 0.00 0.00 0.00 100.00 100.00 -1000 1.84 4.95 -5.64 -1000 35.98 1.63 225.404
car -1 -1 0.00 0.00 0.00 100.00 100.00 -1000 1.63 4.05 7.16 -1000 37.89 1.60 224.824
car -1 -1 0.00 0.00 0.00 100.00 100.00 -1000 1.73 4.24 -17.80 -1000 26.28 1.64 224.772
car -1 -1 0.00 0.00 0.00 100.00 100.00 -1000 1.91 4.43 -1.23 -1000 22.60 1.61 224.427
car -1 -1 0.00 0.00 0.00 100.00 100.00 -1000 1.76 4.58 1.79 -1000 24.21 1.61 224.213
car -1 -1 0.00 0.00 0.00 100.00 100.00 -1000 1.58 3.39 -12.58 -1000 16.18 1.73 224.135
car -1 -1 0.00 0.00 0.00 100.00 100.00 -1000 1.65 4.57 2.22 -1000 27.88 1.65 222.503
car -1 -1 0.00 0.00 0.00 100.00 100.00 -1000 1.32 3.41 17.16 -1000 40.83 0.10 222.011
car -1 -1 0.00 0.00 0.00 100.00 100.00 -1000 1.52 3.73 8.34 -1000 43.60 1.66 221.378
car -1 -1 0.00 0.00 0.00 100.00 100.00 -1000 1.70 3.84 -2.36 -1000 34.59 1.63 221.045
car -1 -1 0.00 0.00 0.00 100.00 100.00 -1000 1.51 3.58 11.33 -1000 35.98 1.69 218.885
car -1 -1 0.00 0.00 0.00 100.00 100.00 -1000 1.89 4.46 -2.89 -1000 24.23 1.60 218.438
car -1 -1 0.00 0.00 0.00 100.00 100.00 -1000 1.69 4.50 -12.37 -1000 17.46 1.74 218.113
car -1 -1 0.00 0.00 0.00 100.00 100.00 -1000 1.73 4.46 17.75 -1000 30.95 1.64 217.235
car -1 -1 0.00 0.00 0.00 100.00 100.00 -1000 1.92 5.39 13.18 -1000 41.19 1.70 217.018
car -1 -1 0.00 0.00 0.00 100.00 100.00 -1000 1.77 4.91 -7.14 -1000 34.73 1.67 216.938
car -1 -1 0.00 0.00 0.00 100.00 100.00 -1000 1.84 4.32 18.45 -1000 29.85 1.58 216.646
car -1 -1 0.00 0.00 0.00 100.00 100.00 -1000 1.88 4.39 -4.17 -1000 30.66 1.64 215.968
car -1 -1 0.00 0.00 0.00 100.00 100.00 -1000 1.71 3.81 -15.70 -1000 33.10 1.56 215.818
car -1 -1 0.00 0.00 0.00 100.00 100.00 -1000 1.93 5.32 8.86 -1000 27.46 1.66 214.229
car -1 -1 0.00 0.00 0.00 100.00 100.00 -1000 1.32 3.20 -15.64 -1000 23.62 -0.27 214.108
car -1 -1 0.00 0.00 0.00 100.00 100.00 -1000 1.81 4.61 -8.24 -1000 38.67 1.56 214.075
car -1 -1 0.00 0.00 0.00 100.00 100.00 -1000 1.81 4.29 -5.22 -1000 24.10 1.64 212.960
car -1 -1 0.00 0.00 0.00 100.00 100.00 -1000 1.92 5.15 11.11 -1000 31.04 1.63 211.794
car -1 -1 0.00 0.00 0.00 100.00 100.00 -1000 1.62 3.92 -18.18 -1000 35.45 1.65 211.529
car -1 -1 0.00 0.00 0.00 100.00 100.00 -1000 2.37 6.34 3.13 -1000 40.26 1.37 210.764
car -1 -1 0.00 0.00 0.00 100.00 100.00 -1000 1.83 4.65 -1.43 -1000 26.99 1.59 209.653
car -1 -1 0.00 0.00 0.00 100.00 100.00 -1000 1.50 3.80 12.51 -1000 37.21 1.64 207.991
car -1 -1 0.00 0.00 0.00 100.00 100.00 -1000 1.83 4.28 15.86 -1000 20.53 1.59 207.334
car -1 -1 0.00 0.00 0.00 100.00 100.00 -1000 1.75 4.42 -6.85 -1000 36.83 1.61 207.307
car -1 -1 0.00 0.00 0.00 100.00 100.00 -1000 1.50 3.38 -7.21 -1000 40.06 1.64 207.242
car -1 -1 0.00 0.00 0.00 100.00 100.00 -1000 1.88 4.53 13.79 -1000 22.55 1.60 207.129
car -1 -1 0.00 0.00 0.00 100.00 100.00 -1000 1.84 5.27 9.11 -1000 40.32 1.62 206.123
car -1 -1 0.00 0.00 0.00 100.00 100.00 -1000 1.88 4.47 -4.70 -1000 27.00 1.62 204.390
car -1 -1 0.00 0.00 0.00 100.00 100.00 -1000 1.61 3.36 -17.55 -1000 41.19 1.56 204.296
car -1 -1 0.00 0.00 0.00 100.00 100.00 -1000 2.13 6.52 9.73 -1000 47.35 1.64 200.821
car -1 -1 0.00 0.00 0.00 100.00 100.00 -1000 2.20 6.06 -11.16 -1000 45.85 1.63 199.248
car -1 -1 0.00 0.00 0.00 100.00 100.00 -1000 1.66 4.55 0.18 -1000 27.31 1.65 198.459
car -1 -1 0.00 0.00 0.00 100.00 100.00 -1000 1.96 5.87 -14.48 -1000 43.37 1.68 198.220
car -1 -1 0.00 0.00 0.00 100.00 100.00 -1000 1.78 4.54 16.68 -1000 47.62 1.58 197.343
car -1 -1 0.00 0.00 0.00 100.00 100.00 -1000 1.82 4.43 0.36 -1000 24.96 1.58 197.262
car -1 -1 0.00 0.00 0.00 100.00 100.00 -1000 1.67 4.17 19.89 -1000 44.72 1.68 196.369
car -1 -1 0.00 0.00 0.00 100.00 100.00 -1000 1.66 4.56 -1.70 -1000 32.16 1.66 195.914
car -1 -1 0.00 0.00 0.00 100.00 100.00 -1000 1.90 4.55 -1.05 -1000 24.25 1.61 195.461
car -1 -1 0.00 0.00 0.00 100.00 100.00 -1000 1.87 5.76 9.72 -1000 24.26 1.65 194.015
car -1 -1 0.00 0.00 0.00 100.00 100.00 -1000 1.68 3.77 -0.89 -1000 41.85 1.64 193.807
car -1 -1 0.00 0.00 0.00 100.00 100.00 -1000 1.72 4.73 -2.35 -1000 20.95 1.63 193.611
car -1 -1 0.00 0.00 0.00 100.00 100.00 -1000 1.83 4.55 -3.41 -1000 36.71 1.60 193.403
car -1 -1 0.00 0.00 0.00 100.00 100.00 -1000 1.98 4.83 14.59 -1000 24.12 1.64 193.305
car -1 -1 0.00 0.00 0.00 100.00 100.00 -1000 1.82 4.43 -14.92 -1000 32.30 1.70 192.320
car -1 -1 0.00 0.00 0.00 100.00 100.00 -1000 1.86 6.59 -8.72 -1000 35.13 1.59 190.587
car -1 -1 0.00 0.00 0.00 100.00 100.00 -1000 2.02 5.66 1.01 -1000 30.34 1.60 190.224
car -1 -1 0.00 0.00 0.00 100.00 100.00 -1000 1.94 4.63 -14.50 -1000 28.96 1.64 189.271
car -1 -1 0.00 0.00 0.00 100.00 100.00 -1000 2.01 5.53 7.40 -1000 31.10 1.67 188.367
car -1 -1 0.00 0.00 0.00 100.00 100.00 -1000 1.91 4.36 19.47 -1000 27.33 1.61 187.104
