car -1 -1 0.00 0.00 0.00 100.00 100.00 -1000 1.81 4.39 -5.30 -1000 16.52 1.61 999.713
car -1 -1 0.00 0.00 0.00 100.00 100.00 -1000 1.86 4.33 -2.39 -1000 15.05 1.56 999.622
car -1 -1 0.00 0.00 0.00 100.00 100.00 -1000 1.56 4.70 -5.58 -1000 15.54 -0.27 998.622
car -1 -1 0.00 0.00 0.00 100.00 100.00 -1000 1.80 4.56 -14.81 -1000 20.00 -0.30 997.222
car -1 -1 0.00 0.00 0.00 100.00 100.00 -1000 1.76 4.23 -4.42 -1000 17.56 1.63 996.361
car -1 -1 0.00 0.00 0.00 100.00 100.00 -1000 1.68 4.45 -2.93 -1000 14.33 -0.24 996.083
car -1 -1 0.00 0.00 0.00 100.00 100.00 -1000 1.87 4.94 -2.26 -1000 16.00 1.56 995.433
car -1 -1 0.00 0.00 0.00 100.00 100.00 -1000 1.72 3.91 -10.46 -1000 18.26 1.69 993.252
car -1 -1 0.00 0.00 0.00 100.00 100.00 -1000 1.73 4.06 4.84 -1000 12.71 1.56 992.528
car -1 -1 0.00 0.00 0.00 100.00 100.00 -1000 1.69 3.80 3.73 -1000 20.32 1.62 991.888
car -1 -1 0.00 0.00 0.00 100.00 100.00 -1000 1.68 3.89 -17.28 -1000 33.11 -0.33 987.829
car -1 -1 0.00 0.00 0.00 100.00 100.00 -1000 1.97 5.53 -1.71 -1000 17.09 1.56 982.810
car -1 -1 0.00 0.00 0.00 100.00 100.00 -1000 2.07 5.48 -4.34 -1000 18.35 1.65 982.781
car -1 -1 0.00 0.00 0.00 100.00 100.00 -1000 1.76 4.37 -9.89 -1000 19.16 1.67 978.637
car -1 -1 0.00 0.00 0.00 100.00 100.00 -1000 1.73 4.31 3.68 -1000 21.16 1.71 975.845
car -1 -1 0.00 0.00 0.00 100.00 100.00 -1000 1.68 4.07 -14.17 -1000 20.81 1.69 973.462
car -1 -1 0.00 0.00 0.00 100.00 100.00 -1000 1.60 3.74 -3.89 -1000 15.34 1.61 972.589
car -1 -1 0.00 0.00 0.00 100.00 100.00 -1000 1.74 4.17 5.08 -1000 13.54 1.70 972.112
car -1 -1 0.00 0.00 0.00 100.00 100.00 -1000 1.74 4.46 1.17 -1000 22.04 1.63 966.817
car -1 -1 0.00 0.00 0.00 100.00 100.00 -1000 1.40 4.60 4.04 -1000 19.53 -0.02 961.494
car -1 -1 0.00 0.00 0.00 100.00 100.00 -1000 1.44 3.61 -10.56 -1000 17.40 -0.22 960.299
car -1 -1 0.00 0.00 0.00 100.00 100.00 -1000 2.16 5.64 -9.32 -1000 19.92 1.64 956.576
car -1 -1 0.00 0.00 0.00 100.00 100.00 -1000 1.58 4.29 4.47 -1000 11.91 -0.36 955.920
car -1 -1 0.00 0.00 0.00 100.00 100.00 -1000 2.64 8.41 -4.27 -1000 19.26 1.59 953.993
car -1 -1 0.00 0.00 0.00 100.00 100.00 -1000 1.45 4.39 -13.86 -1000 19.45 -0.10 953.202
car -1 -1 0.00 0.00 0.00 100.00 100.00 -1000 2.15 5.70 -1.41 -1000 18.12 1.49 951.649
car -1 -1 0.00 0.00 0.00 100.00 100.00 -1000 2.73 8.24 -8.58 -1000 20.59 1.64 943.022
car -1 -1 0.00 0.00 0.00 100.00 100.00 -1000 1.74 4.46 -3.17 -1000 28.44 1.64 940.546
car -1 -1 0.00 0.00 0.00 100.00 100.00 -1000 1.66 4.08 12.58 -1000 29.05 1.63 937.433
car -1 -1 0.00 0.00 0.00 100.00 100.00 -1000 1.66 4.05 -17.11 -1000 34.16 1.64 930.333
car -1 -1 0.00 0.00 0.00 100.00 100.00 -1000 1.71 4.21 -10.22 -1000 25.40 1.62 930.058
car -1 -1 0.00 0.00 0.00 100.00 100.00 -1000 1.61 3.83 -4.71 -1000 24.07 1.62 923.530
car -1 -1 0.00 0.00 0.00 100.00 100.00 -1000 1.63 3.86 2.24 -1000 21.45 1.59 921.232
car -1 -1 0.00 0.00 0.00 100.00 100.00 -1000 1.60 4.15 -9.90 -1000 24.23 -0.18 920.887
car -1 -1 0.00 0.00 0.00 100.00 100.00 -1000 1.95 5.18 1.92 -1000 26.19 1.55 912.418
car -1 -1 0.00 0.00 0.00 100.00 100.00 -1000 1.76 4.12 5.39 -1000 14.35 1.73 905.350
car -1 -1 0.00 0.00 0.00 100.00 100.00 -1000 1.86 4.97 1.72 -1000 22.95 1.66 903.854
car -1 -1 0.00 0.00 0.00 100.00 100.00 -1000 1.51 3.58 19.23 -1000 37.11 1.62 897.712
car -1 -1 0.00 0.00 0.00 100.00 100.00 -1000 1.54 4.43 -8.68 -1000 18.06 -0.22 895.189
car -1 -1 0.00 0.00 0.00 100.00 100.00 -1000 1.62 3.81 -11.52 -1000 19.09 1.55 888.772
car -1 -1 0.00 0.00 0.00 100.00 100.00 -1000 1.52 5.72 -1.16 -1000 14.01 -0.06 884.542
car -1 -1 0.00 0.00 0.00 100.00 100.00 -1000 1.79 4.53 5.78 -1000 24.10 -0.17 883.962
car -1 -1 0.00 0.00 0.00 100.00 100.00 -1000 1.65 3.95 -3.35 -1000 23.73 1.62 883.225
car -1 -1 0.00 0.00 0.00 100.00 100.00 -1000 1.73 4.41 6.58 -1000 25.22 1.65 881.919
car -1 -1 0.00 0.00 0.00 100.00 100.00 -1000 2.03 5.50 1.93 -1000 24.21 1.62 881.071
car -1 -1 0.00 0.00 0.00 100.00 100.00 -1000 1.51 3.50 12.80 -1000 28.12 -0.16 865.764
car -1 -1 0.00 0.00 0.00 100.00 100.00 -1000 1.71 4.14 -0.11 -1000 24.36 1.60 864.033
car -1 -1 0.00 0.00 0.00 100.00 100.00 -1000 1.83 4.71 -13.70 -1000 21.56 1.60 857.565
car -1 -1 0.00 0.00 0.00 100.00 100.00 -1000 1.64 3.91 -0.12 -1000 22.61 1.57 856.832
car -1 -1 0.00 0.00 0.00 100.00 100.00 -1000 1.60 3.72 19.43 -1000 36.20 -0.09 852.697
car -1 -1 0.00 0.00 0.00 100.00 100.00 -1000 1.76 4.19 3.81 -1000 26.36 1.64 851.773
car -1 -1 0.00 0.00 0.00 100.00 100.00 -1000 2.25 6.44 -7.79 -1000 19.16 1.60 848.887
car -1 -1 0.00 0.00 0.00 100.00 100.00 -1000 1.63 3.84 -2.27 -1000 23.12 1.64 845.717
car -1 -1 0.00 0.00 0.00 100.00 100.00 -1000 1.71 4.40 -16.63 -1000 35.05 1.67 843.380
car -1 -1 0.00 0.00 0.00 100.00 100.00 -1000 1.82 4.43 -12.98 -1000 20.33 1.69 840.266
car -1 -1 0.00 0.00 0.00 100.00 100.00 -1000 1.61 3.97 -1.95 -1000 21.95 -0.02 839.384
car -1 -1 0.00 0.00 0.00 100.00 100.00 -1000 1.87 4.67 -3.09 -1000 24.84 1.67 838.049
car -1 -1 0.00 0.00 0.00 100.00 100.00 -1000 2.32 6.76 -1.52 -1000 19.13 1.51 834.638
car -1 -1 0.00 0.00 0.00 100.00 100.00 -1000 1.60 3.84 -1.39 -1000 24.04 1.61 828.882
car -1 -1 0.00 0.00 0.00 100.00 100.00 -1000 2.77 8.82 -7.14 -1000 21.46 1.62 823.347
car -1 -1 0.00 0.00 0.00 100.00 100.00 -1000 1.73 3.81 -18.60 -1000 32.73 -0.37 822.743
car -1 -1 0.00 0.00 0.00 100.00 100.00 -1000 1.65 3.95 0.46 -1000 21.16 -0.12 819.303
car -1 -1 0.00 0.00 0.00 100.00 100.00 -1000 1.74 4.29 5.59 -1000 26.00 1.70 818.787
car -1 -1 0.00 0.00 0.00 100.00 100.00 -1000 1.82 4.32 -11.02 -1000 24.70 -0.11 810.855
car -1 -1 0.00 0.00 0.00 100.00 100.00 -1000 1.86 4.80 4.42 -1000 22.02 1.64 796.305
car -1 -1 0.00 0.00 0.00 100.00 100.00 -1000 1.60 4.26 -4.78 -1000 22.38 -0.14 795.741
car -1 -1 0.00 0.00 0.00 100.00 100.00 -1000 2.02 5.00 1.92 -1000 25.16 1.62 795.133
car -1 -1 0.00 0.00 0.00 100.00 100.00 -1000 1.78 4.46 -7.85 -1000 25.28 1.61 792.655
car -1 -1 0.00 0.00 0.00 100.00 100.00 -1000 1.77 4.25 -0.54 -1000 15.82 1.66 790.643
car -1 -1 0.00 0.00 0.00 100.00 100.00 -1000 1.83 4.60 -11.12 -1000 20.43 1.63 789.045
car -1 -1 0.00 0.00 0.00 100.00 100.00 -1000 1.70 4.29 19.04 -1000 37.87 1.58 786.959
car -1 -1 0.00 0.00 0.00 100.00 100.00 -1000 1.99 5.40 4.05 -1000 24.38 1.53 777.590
car -1 -1 0.00 0.00 0.00 100.00 100.00 -1000 1.73 4.03 -0.72 -1000 14.69 1.66 760.851
car -1 -1 0.00 0.00 0.00 100.00 100.00 -1000 1.81 4.87 5.03 -1000 20.65 -0.34 753.850
car -1 -1 0.00 0.00 0.00 100.00 100.00 -1000 1.68 4.02 -0.44 -1000 23.41 1.61 752.102
car -1 -1 0.00 0.00 0.00 100.00 100.00 -1000 2.43 6.65 -3.24 -1000 20.24 1.59 751.436
car -1 -1 0.00 0.00 0.00 100.00 100.00 -1000 1.57 3.72 -5.72 -1000 23.54 1.55 747.201
car -1 -1 0.00 0.00 0.00 100.00 100.00 -1000 1.88 4.78 -6.03 -1000 24.53 1.62 741.773
car -1 -1 0.00 0.00 0.00 100.00 100.00 -1000 2.64 7.75 -1.15 -1000 26.24 1.61 730.109
car -1 -1 0.00 0.00 0.00 100.00 100.00 -1000 2.10 6.07 -15.43 -1000 21.29 1.62 727.944
car -1 -1 0.00 0.00 0.00 100.00 100.00 -1000 2.01 5.26 -9.09 -1000 25.96 1.68 727.857
car -1 -1 0.00 0.00 0.00 100.00 100.00 -1000 2.72 9.50 -6.55 -1000 19.94 1.59 720.308
car -1 -1 0.00 0.00 0.00 100.00 100.00 -1000 1.88 4.73 5.45 -1000 15.22 1.65 719.195
car -1 -1 0.00 0.00 0.00 100.00 100.00 -1000 1.81 4.31 -3.95 -1000 27.53 1.60 716.800
car -1 -1 0.00 0.00 0.00 100.00 100.00 -1000 1.81 4.60 13.78 -1000 29.67 1.70 712.999
car -1 -1 0.00 0.00 0.00 100.00 100.00 -1000 1.72 4.73 -17.65 -1000 37.32 -0.09 712.742
car -1 -1 0.00 0.00 0.00 100.00 100.00 -1000 1.56 3.24 -4.43 -1000 23.16 1.60 711.911
car -1 -1 0.00 0.00 0.00 100.00 100.00 -1000 1.75 4.40 -1.59 -1000 27.96 1.72 711.876
car -1 -1 0.00 0.00 0.00 100.00 100.00 -1000 1.80 4.47 -10.93 -1000 26.09 1.59 702.756
car -1 -1 0.00 0.00 0.00 100.00 100.00 -1000 1.54 4.00 -8.86 -1000 23.75 -0.06 672.972
car -1 -1 0.00 0.00 0.00 100.00 100.00 -1000 1.73 4.11 4.27 -1000 25.54 1.60 670.949
car -1 -1 0.00 0.00 0.00 100.00 100.00 -1000 2.30 6.67 0.64 -1000 26.98 1.69 670.673
car -1 -1 0.00 0.00 0.00 100.00 100.00 -1000 2.10 5.90 -1.39 -1000 25.19 1.74 670.498
car -1 -1 0.00 0.00 0.00 100.00 100.00 -1000 1.60 3.58 -19.56 -1000 32.24 1.61 662.327
car -1 -1 0.00 0.00 0.00 100.00 100.00 -1000 1.82 4.71 6.64 -1000 21.03 1.71 659.475
car -1 -1 0.00 0.00 0.00 100.00 100.00 -1000 1.63 3.45 -7.14 -1000 16.78 1.60 657.661
car -1 -1 0.00 0.00 0.00 100.00 100.00 -1000 2.18 5.88 0.88 -1000 28.38 1.66 655.347
car -1 -1 0.00 0.00 0.00 100.00 100.00 -1000 2.28 6.76 -13.10 -1000 22.45 1.66 651.402
car -1 -1 0.00 0.00 0.00 100.00 100.00 -1000 2.06 6.27 -11.56 -1000 23.90 1.65 649.776
car -1 -1 0.00 0.00 0.00 100.00 100.00 -1000 1.62 4.70 -2.77 -1000 27.08 -0.11 649.489
car -1 -1 0.00 0.00 0.00 100.00 100.00 -1000 2.04 5.31 4.87 -1000 23.09 1.52 647.847
car -1 -1 0.00 0.00 0.00 100.00 100.00 -1000 1.86 5.07 7.01 -1000 13.85 1.74 645.496
car -1 -1 0.00 0.00 0.00 100.00 100.00 -1000 1.78 4.13 -6.96 -1000 17.86 1.63 633.190
car -1 -1 0.00 0.00 0.00 100.00 100.00 -1000 1.96 5.34 -4.58 -1000 26.70 1.51 602.739
car -1 -1 0.00 0.00 0.00 100.00 100.00 -1000 1.87 4.69 -9.78 -1000 20.91 1.59 596.601
car -1 -1 0.00 0.00 0.00 100.00 100.00 -1000 2.03 5.39 6.61 -1000 12.36 1.74 576.801
car -1 -1 0.00 0.00 0.00 100.00 100.00 -1000 1.89 5.00 -4.87 -1000 25.16 1.64 568.450
car -1 -1 0.00 0.00 0.00 100.00 100.00 -1000 1.51 3.91 7.32 -1000 23.71 -0.06 560.810
car -1 -1 0.00 0.00 0.00 100.00 100.00 -1000 1.42 3.91 -19.41 -1000 27.87 -0.31 558.834
car -1 -1 0.00 0.00 0.00 100.00 100.00 -1000 1.78 4.24 1.71 -1000 20.76 1.49 555.537
car -1 -1 0.00 0.00 0.00 100.00 100.00 -1000 2.03 4.81 -7.34 -1000 23.54 1.54 554.082
car -1 -1 0.00 0.00 0.00 100.00 100.00 -1000 1.91 5.24 6.30 -1000 22.30 1.66 541.582
car -1 -1 0.00 0.00 0.00 100.00 100.00 -1000 2.02 5.36 -15.30 -1000 35.64 1.73 540.339
car -1 -1 0.00 0.00 0.00 100.00 100.00 -1000 2.57 7.65 -17.37 -1000 23.73 1.61 539.821
car -1 -1 0.00 0.00 0.00 100.00 100.00 -1000 1.95 5.25 -11.96 -1000 21.15 1.71 536.947
car -1 -1 0.00 0.00 0.00 100.00 100.00 -1000 1.36 5.36 -6.98 -1000 15.97 0.11 528.011
car -1 -1 0.00 0.00 0.00 100.00 100.00 -1000 2.05 6.25 7.60 -1000 14.95 1.75 522.345
car -1 -1 0.00 0.00 0.00 100.00 100.00 -1000 1.74 4.15 -0.73 -1000 21.61 1.51 520.882
car -1 -1 0.00 0.00 0.00 100.00 100.00 -1000 1.90 4.43 -3.16 -1000 21.39 1.45 520.651
car -1 -1 0.00 0.00 0.00 100.00 100.00 -1000 2.58 8.50 -7.49 -1000 27.60 1.60 513.776
car -1 -1 0.00 0.00 0.00 100.00 100.00 -1000 1.73 4.00 -16.69 -1000 32.33 1.52 509.672
car -1 -1 0.00 0.00 0.00 100.00 100.00 -1000 1.92 4.72 -4.77 -1000 28.19 1.55 507.399
car -1 -1 0.00 0.00 0.00 100.00 100.00 -1000 1.73 3.95 2.44 -1000 19.93 1.44 500.906
car -1 -1 0.00 0.00 0.00 100.00 100.00 -1000 1.77 4.39 -15.91 -1000 19.52 1.65 492.663
car -1 -1 0.00 0.00 0.00 100.00 100.00 -1000 1.65 3.80 -8.14 -1000 24.36 1.64 492.176
car -1 -1 0.00 0.00 0.00 100.00 100.00 -1000 1.78 4.22 -4.01 -1000 25.79 1.56 488.982
car -1 -1 0.00 0.00 0.00 100.00 100.00 -1000 1.90 4.90 14.41 -1000 28.81 1.73 483.776
car -1 -1 0.00 0.00 0.00 100.00 100.00 -1000 1.86 4.03 -4.88 -1000 14.65 1.32 476.503
car -1 -1 0.00 0.00 0.00 100.00 100.00 -1000 1.84 4.52 -15.70 -1000 33.92 1.68 470.904
car -1 -1 0.00 0.00 0.00 100.00 100.00 -1000 1.99 5.51 6.97 -1000 19.95 1.73 460.857
car -1 -1 0.00 0.00 0.00 100.00 100.00 -1000 1.67 3.73 -9.52 -1000 17.03 1.57 452.516
car -1 -1 0.00 0.00 0.00 100.00 100.00 -1000 2.05 5.28 -12.13 -1000 25.34 1.62 448.508
car -1 -1 0.00 0.00 0.00 100.00 100.00 -1000 1.35 4.49 5.52 -1000 11.30 0.04 448.338
car -1 -1 0.00 0.00 0.00 100.00 100.00 -1000 1.65 6.43 3.65 -1000 18.96 -0.24 442.657
car -1 -1 0.00 0.00 0.00 100.00 100.00 -1000 2.51 8.66 5.41 -1000 28.36 1.66 439.278
car -1 -1 0.00 0.00 0.00 100.00 100.00 -1000 2.55 8.51 -15.42 -1000 24.33 1.61 435.811
car -1 -1 0.00 0.00 0.00 100.00 100.00 -1000 2.51 8.01 -6.55 -1000 26.34 1.64 429.764
car -1 -1 0.00 0.00 0.00 100.00 100.00 -1000 1.69 3.97 3.70 -1000 13.90 1.64 428.269
car -1 -1 0.00 0.00 0.00 100.00 100.00 -1000 2.10 6.11 -10.95 -1000 27.08 1.65 427.111
car -1 -1 0.00 0.00 0.00 100.00 100.00 -1000 2.22 6.21 2.78 -1000 27.92 1.71 426.009
car -1 -1 0.00 0.00 0.00 100.00 100.00 -1000 1.78 4.02 -10.22 -1000 23.42 1.47 425.150
car -1 -1 0.00 0.00 0.00 100.00 100.00 -1000 2.15 5.91 -6.43 -1000 22.32 1.63 422.382
car -1 -1 0.00 0.00 0.00 100.00 100.00 -1000 2.03 5.86 15.26 -1000 30.25 1.68 418.597
car -1 -1 0.00 0.00 0.00 100.00 100.00 -1000 1.94 5.65 -10.48 -1000 22.01 1.72 417.931
car -1 -1 0.00 0.00 0.00 100.00 100.00 -1000 2.01 6.11 -20.03 -1000 31.69 1.45 416.546
car -1 -1 0.00 0.00 0.00 100.00 100.00 -1000 2.22 6.22 -15.86 -1000 22.32 1.69 411.318
car -1 -1 0.00 0.00 0.00 100.00 100.00 -1000 1.68 3.85 3.34 -1000 12.30 1.55 401.978
car -1 -1 0.00 0.00 0.00 100.00 100.00 -1000 2.18 5.35 -1.31 -1000 20.70 1.30 399.242
car -1 -1 0.00 0.00 0.00 100.00 100.00 -1000 1.89 5.63 15.94 -1000 29.44 1.74 392.195
car -1 -1 0.00 0.00 0.00 100.00 100.00 -1000 2.52 9.03 0.25 -1000 29.99 1.63 387.489
car -1 -1 0.00 0.00 0.00 100.00 100.00 -1000 1.82 8.83 -4.10 -1000 14.52 0.07 382.630
car -1 -1 0.00 0.00 0.00 100.00 100.00 -1000 2.02 6.16 8.76 -1000 13.46 1.75 380.340
car -1 -1 0.00 0.00 0.00 100.00 100.00 -1000 1.96 5.37 7.39 -1000 25.90 1.69 372.727
car -1 -1 0.00 0.00 0.00 100.00 100.00 -1000 1.90 4.94 -14.83 -1000 34.60 1.70 371.878
car -1 -1 0.00 0.00 0.00 100.00 100.00 -1000 2.08 5.80 -16.58 -1000 20.64 1.65 371.770
car -1 -1 0.00 0.00 0.00 100.00 100.00 -1000 1.86 4.56 7.76 -1000 24.69 1.76 369.392
car -1 -1 0.00 0.00 0.00 100.00 100.00 -1000 1.81 4.10 -3.98 -1000 29.08 1.65 363.480
car -1 -1 0.00 0.00 0.00 100.00 100.00 -1000 1.87 4.91 -18.42 -1000 33.60 -0.07 363.001
car -1 -1 0.00 0.00 0.00 100.00 100.00 -1000 2.32 7.07 -14.62 -1000 23.06 1.69 359.633
car -1 -1 0.00 0.00 0.00 100.00 100.00 -1000 2.13 4.98 -16.70 -1000 36.24 1.60 356.497
car -1 -1 0.00 0.00 0.00 100.00 100.00 -1000 2.30 7.76 8.38 -1000 27.22 1.68 352.084
car -1 -1 0.00 0.00 0.00 100.00 100.00 -1000 2.02 5.90 7.75 -1000 11.52 1.72 340.437
car -1 -1 0.00 0.00 0.00 100.00 100.00 -1000 2.04 5.73 7.63 -1000 21.77 1.73 340.425
car -1 -1 0.00 0.00 0.00 100.00 100.00 -1000 1.67 4.85 18.30 -1000 23.43 0.03 329.522
car -1 -1 0.00 0.00 0.00 100.00 100.00 -1000 2.36 7.74 6.56 -1000 16.04 1.63 328.691
car -1 -1 0.00 0.00 0.00 100.00 100.00 -1000 2.01 5.42 -2.12 -1000 29.07 1.72 324.983
car -1 -1 0.00 0.00 0.00 100.00 100.00 -1000 1.94 6.24 19.31 -1000 38.48 1.61 324.886
car -1 -1 0.00 0.00 0.00 100.00 100.00 -1000 2.75 9.70 2.47 -1000 29.16 1.52 315.683
car -1 -1 0.00 0.00 0.00 100.00 100.00 -1000 1.97 4.37 0.60 -1000 15.10 1.65 313.924
car -1 -1 0.00 0.00 0.00 100.00 100.00 -1000 1.77 4.45 11.06 -1000 28.57 1.64 313.707
car -1 -1 0.00 0.00 0.00 100.00 100.00 -1000 2.02 5.29 13.70 -1000 27.47 1.64 308.530
car -1 -1 0.00 0.00 0.00 100.00 100.00 -1000 1.63 3.66 18.05 -1000 36.77 1.60 306.569
car -1 -1 0.00 0.00 0.00 100.00 100.00 -1000 1.87 4.49 -19.88 -1000 28.65 1.53 305.488
car -1 -1 0.00 0.00 0.00 100.00 100.00 -1000 1.77 3.67 -12.99 -1000 18.65 1.48 298.478
car -1 -1 0.00 0.00 0.00 100.00 100.00 -1000 1.60 5.14 -14.78 -1000 18.90 -0.15 290.591
car -1 -1 0.00 0.00 0.00 100.00 100.00 -1000 2.02 5.21 -15.17 -1000 33.03 1.69 286.000
car -1 -1 0.00 0.00 0.00 100.00 100.00 -1000 1.97 5.62 -9.31 -1000 22.57 1.51 285.670
car -1 -1 0.00 0.00 0.00 100.00 100.00 -1000 2.15 6.16 5.43 -1000 27.08 1.71 284.657
car -1 -1 0.00 0.00 0.00 100.00 100.00 -1000 2.11 6.01 6.10 -1000 18.70 1.67 282.948
car -1 -1 0.00 0.00 0.00 100.00 100.00 -1000 2.05 6.07 -13.01 -1000 35.17 1.69 277.714
car -1 -1 0.00 0.00 0.00 100.00 100.00 -1000 1.60 4.67 -18.27 -1000 38.44 -0.03 273.379
car -1 -1 0.00 0.00 0.00 100.00 100.00 -1000 1.79 4.74 -16.86 -1000 38.04 -0.32 271.951
car -1 -1 0.00 0.00 0.00 100.00 100.00 -1000 2.07 5.79 12.07 -1000 29.95 1.64 264.102
car -1 -1 0.00 0.00 0.00 100.00 100.00 -1000 1.83 4.95 -17.06 -1000 21.76 1.65 256.451
car -1 -1 0.00 0.00 0.00 100.00 100.00 -1000 2.23 6.94 -12.94 -1000 36.42 1.70 246.424
car -1 -1 0.00 0.00 0.00 100.00 100.00 -1000 2.09 5.44 16.78 -1000 45.28 1.63 237.982
car -1 -1 0.00 0.00 0.00 100.00 100.00 -1000 1.81 5.02 -13.70 -1000 33.63 1.69 231.765
car -1 -1 0.00 0.00 0.00 100.00 100.00 -1000 2.66 9.54 -9.39 -1000 28.30 1.66 231.206
car -1 -1 0.00 0.00 0.00 100.00 100.00 -1000 1.91 5.48 8.89 -1000 25.47 1.69 222.514
car -1 -1 0.00 0.00 0.00 100.00 100.00 -1000 3.19 7.17 0.23 -1000 17.90 1.63 203.669
car -1 -1 0.00 0.00 0.00 100.00 100.00 -1000 2.06 6.24 9.13 -1000 26.38 1.67 203.494
car -1 -1 0.00 0.00 0.00 100.00 100.00 -1000 1.85 4.86 -4.39 -1000 19.24 0.01 197.864
car -1 -1 0.00 0.00 0.00 100.00 100.00 -1000 2.10 6.55 9.58 -1000 14.55 1.71 193.635
car -1 -1 0.00 0.00 0.00 100.00 100.00 -1000 1.88 5.28 10.77 -1000 27.28 1.64 192.728
car -1 -1 0.00 0.00 0.00 100.00 100.00 -1000 1.90 4.29 -12.23 -1000 18.01 1.62 191.791
car -1 -1 0.00 0.00 0.00 100.00 100.00 -1000 1.99 6.06 8.84 -1000 12.28 1.70 184.325
car -1 -1 0.00 0.00 0.00 100.00 100.00 -1000 2.16 6.18 -15.29 -1000 37.50 1.64 182.528
car -1 -1 0.00 0.00 0.00 100.00 100.00 -1000 1.68 3.79 19.16 -1000 35.43 1.31 181.987
car -1 -1 0.00 0.00 0.00 100.00 100.00 -1000 2.16 6.44 13.80 -1000 30.86 1.68 179.334
car -1 -1 0.00 0.00 0.00 100.00 100.00 -1000 2.20 6.51 -12.93 -1000 26.32 1.68 178.902
car -1 -1 0.00 0.00 0.00 100.00 100.00 -1000 2.43 5.58 7.37 -1000 23.10 1.66 174.127
car -1 -1 0.00 0.00 0.00 100.00 100.00 -1000 2.11 4.88 -20.04 -1000 30.62 1.63 167.426
car -1 -1 0.00 0.00 0.00 100.00 100.00 -1000 2.08 6.05 -12.21 -1000 34.40 1.69 163.699
car -1 -1 0.00 0.00 0.00 100.00 100.00 -1000 1.76 4.17 2.76 -1000 27.03 -0.12 160.693
car -1 -1 0.00 0.00 0.00 100.00 100.00 -1000 2.14 6.17 -15.47 -1000 38.49 1.68 159.196
car -1 -1 0.00 0.00 0.00 100.00 100.00 -1000 1.98 6.21 18.03 -1000 24.17 1.68 155.702
