car -1 -1 0.00 0.00 0.00 100.00 100.00 -1000 1.61 4.12 4.07 -1000 20.19 -0.29 990.479
car -1 -1 0.00 0.00 0.00 100.00 100.00 -1000 1.78 4.47 4.92 -1000 20.77 -0.45 988.123
car -1 -1 0.00 0.00 0.00 100.00 100.00 -1000 1.67 3.91 4.62 -1000 21.67 1.62 981.359
car -1 -1 0.00 0.00 0.00 100.00 100.00 -1000 1.77 4.39 6.53 -1000 21.63 -0.36 968.449
car -1 -1 0.00 0.00 0.00 100.00 100.00 -1000 1.66 3.99 -3.28 -1000 26.86 1.58 967.882
car -1 -1 0.00 0.00 0.00 100.00 100.00 -1000 1.66 4.00 -4.49 -1000 26.13 1.58 955.682
car -1 -1 0.00 0.00 0.00 100.00 100.00 -1000 1.69 3.96 17.79 -1000 35.45 1.66 954.490
car -1 -1 0.00 0.00 0.00 100.00 100.00 -1000 1.63 3.81 -2.37 -1000 27.71 1.60 950.170
car -1 -1 0.00 0.00 0.00 100.00 100.00 -1000 1.73 4.19 -5.29 -1000 25.41 1.60 944.949
car -1 -1 0.00 0.00 0.00 100.00 100.00 -1000 1.77 4.13 12.73 -1000 31.98 1.64 943.860
car -1 -1 0.00 0.00 0.00 100.00 100.00 -1000 1.63 3.87 -0.86 -1000 28.89 1.60 943.074
car -1 -1 0.00 0.00 0.00 100.00 100.00 -1000 1.67 3.86 -4.39 -1000 18.46 1.62 941.508
car -1 -1 0.00 0.00 0.00 100.00 100.00 -1000 1.72 4.15 6.20 -1000 22.51 1.61 929.061
car -1 -1 0.00 0.00 0.00 100.00 100.00 -1000 1.70 3.99 1.79 -1000 24.63 1.65 928.383
car -1 -1 0.00 0.00 0.00 100.00 100.00 -1000 1.78 4.52 7.44 -1000 23.14 1.63 928.220
car -1 -1 0.00 0.00 0.00 100.00 100.00 -1000 1.67 4.11 -7.49 -1000 22.63 1.61 927.577
car -1 -1 0.00 0.00 0.00 100.00 100.00 -1000 1.68 4.05 2.63 -1000 26.15 1.58 927.333
car -1 -1 0.00 0.00 0.00 100.00 100.00 -1000 1.88 4.73 1.06 -1000 30.10 1.58 926.772
car -1 -1 0.00 0.00 0.00 100.00 100.00 -1000 1.63 3.87 -7.60 -1000 20.99 1.71 925.486
car -1 -1 0.00 0.00 0.00 100.00 100.00 -1000 1.75 4.19 -0.69 -1000 10.92 1.45 924.639
car -1 -1 0.00 0.00 0.00 100.00 100.00 -1000 1.72 3.97 12.03 -1000 31.14 -0.16 914.430
car -1 -1 0.00 0.00 0.00 100.00 100.00 -1000 1.70 4.18 -8.52 -1000 22.09 1.63 911.262
car -1 -1 0.00 0.00 0.00 100.00 100.00 -1000 1.74 4.18 -2.41 -1000 25.90 1.61 911.173
car -1 -1 0.00 0.00 0.00 100.00 100.00 -1000 1.63 3.84 14.27 -1000 32.13 1.68 907.551
car -1 -1 0.00 0.00 0.00 100.00 100.00 -1000 1.88 4.65 2.21 -1000 30.83 1.56 907.315
car -1 -1 0.00 0.00 0.00 100.00 100.00 -1000 1.68 3.96 -4.05 -1000 24.73 1.57 905.574
car -1 -1 0.00 0.00 0.00 100.00 100.00 -1000 1.68 4.03 -12.39 -1000 19.91 1.64 901.931
car -1 -1 0.00 0.00 0.00 100.00 100.00 -1000 1.69 4.20 17.17 -1000 34.42 -0.19 900.228
car -1 -1 0.00 0.00 0.00 100.00 100.00 -1000 1.64 3.78 -8.55 -1000 20.23 1.75 898.633
car -1 -1 0.00 0.00 0.00 100.00 100.00 -1000 1.61 3.78 -10.66 -1000 20.86 1.63 892.699
car -1 -1 0.00 0.00 0.00 100.00 100.00 -1000 1.74 4.40 3.04 -1000 29.49 1.67 889.880
car -1 -1 0.00 0.00 0.00 100.00 100.00 -1000 1.65 3.85 1.72 -1000 28.31 1.62 884.810
car -1 -1 0.00 0.00 0.00 100.00 100.00 -1000 1.67 4.08 -6.46 -1000 23.51 1.62 878.656
car -1 -1 0.00 0.00 0.00 100.00 100.00 -1000 1.65 3.89 -9.61 -1000 21.65 1.61 874.833
car -1 -1 0.00 0.00 0.00 100.00 100.00 -1000 1.68 4.07 -9.47 -1000 19.49 -0.31 865.553
car -1 -1 0.00 0.00 0.00 100.00 100.00 -1000 1.98 5.18 3.23 -1000 31.70 1.62 864.208
car -1 -1 0.00 0.00 0.00 100.00 100.00 -1000 1.53 3.48 -5.23 -1000 24.24 1.65 860.559
car -1 -1 0.00 0.00 0.00 100.00 100.00 -1000 1.59 3.61 -7.18 -1000 21.84 1.70 857.538
car -1 -1 0.00 0.00 0.00 100.00 100.00 -1000 1.62 3.70 -2.43 -1000 22.67 1.54 856.370
car -1 -1 0.00 0.00 0.00 100.00 100.00 -1000 1.65 3.84 -10.55 -1000 19.92 1.64 846.811
car -1 -1 0.00 0.00 0.00 100.00 100.00 -1000 2.00 5.12 -9.19 -1000 22.87 1.56 845.421
car -1 -1 0.00 0.00 0.00 100.00 100.00 -1000 2.07 5.42 -8.21 -1000 23.62 1.60 845.403
car -1 -1 0.00 0.00 0.00 100.00 100.00 -1000 1.71 4.06 16.04 -1000 34.01 -0.25 843.316
car -1 -1 0.00 0.00 0.00 100.00 100.00 -1000 1.57 3.62 -6.47 -1000 24.59 1.63 841.563
car -1 -1 0.00 0.00 0.00 100.00 100.00 -1000 1.68 4.20 7.90 -1000 21.98 -0.27 839.332
car -1 -1 0.00 0.00 0.00 100.00 100.00 -1000 1.61 3.86 -3.22 -1000 23.33 1.53 837.487
car -1 -1 0.00 0.00 0.00 100.00 100.00 -1000 1.67 4.15 -0.33 -1000 24.64 1.58 830.960
car -1 -1 0.00 0.00 0.00 100.00 100.00 -1000 1.58 3.64 1.10 -1000 29.01 1.61 829.239
car -1 -1 0.00 0.00 0.00 100.00 100.00 -1000 1.69 4.19 2.89 -1000 26.96 1.65 828.591
car -1 -1 0.00 0.00 0.00 100.00 100.00 -1000 1.72 4.07 13.67 -1000 36.73 1.62 823.721
car -1 -1 0.00 0.00 0.00 100.00 100.00 -1000 1.67 3.85 -2.86 -1000 25.13 1.66 823.283
car -1 -1 0.00 0.00 0.00 100.00 100.00 -1000 1.76 4.38 -12.30 -1000 20.83 1.58 822.489
car -1 -1 0.00 0.00 0.00 100.00 100.00 -1000 1.70 3.96 -5.15 -1000 12.91 1.68 817.489
car -1 -1 0.00 0.00 0.00 100.00 100.00 -1000 1.66 4.36 -2.46 -1000 24.24 1.57 816.213
car -1 -1 0.00 0.00 0.00 100.00 100.00 -1000 1.61 3.87 14.44 -1000 33.20 -0.24 813.174
car -1 -1 0.00 0.00 0.00 100.00 100.00 -1000 1.84 4.41 -4.38 -1000 14.07 1.64 809.546
car -1 -1 0.00 0.00 0.00 100.00 100.00 -1000 1.57 3.82 16.12 -1000 35.92 1.59 807.325
car -1 -1 0.00 0.00 0.00 100.00 100.00 -1000 1.48 3.50 0.22 -1000 25.39 1.49 803.574
car -1 -1 0.00 0.00 0.00 100.00 100.00 -1000 1.53 4.45 -4.58 -1000 17.68 -0.26 801.720
car -1 -1 0.00 0.00 0.00 100.00 100.00 -1000 1.68 3.99 18.49 -1000 40.18 1.62 796.601
car -1 -1 0.00 0.00 0.00 100.00 100.00 -1000 1.74 4.16 3.33 -1000 22.01 1.56 796.568
car -1 -1 0.00 0.00 0.00 100.00 100.00 -1000 1.61 3.82 15.38 -1000 32.55 1.71 794.961
car -1 -1 0.00 0.00 0.00 100.00 100.00 -1000 1.74 4.08 -11.25 -1000 21.66 1.63 786.884
car -1 -1 0.00 0.00 0.00 100.00 100.00 -1000 2.03 5.39 4.61 -1000 32.63 1.63 785.709
car -1 -1 0.00 0.00 0.00 100.00 100.00 -1000 1.92 4.90 3.94 -1000 30.21 1.74 785.127
car -1 -1 0.00 0.00 0.00 100.00 100.00 -1000 1.67 4.13 14.19 -1000 35.65 -0.30 781.736
car -1 -1 0.00 0.00 0.00 100.00 100.00 -1000 1.66 4.16 15.86 -1000 35.11 1.57 777.837
car -1 -1 0.00 0.00 0.00 100.00 100.00 -1000 1.54 3.48 16.25 -1000 38.66 1.61 774.315
car -1 -1 0.00 0.00 0.00 100.00 100.00 -1000 1.74 4.42 -3.14 -1000 18.82 1.66 772.402
car -1 -1 0.00 0.00 0.00 100.00 100.00 -1000 1.56 3.46 -0.83 -1000 27.86 1.62 771.941
car -1 -1 0.00 0.00 0.00 100.00 100.00 -1000 1.57 3.54 0.17 -1000 28.28 1.62 771.187
car -1 -1 0.00 0.00 0.00 100.00 100.00 -1000 1.63 3.75 17.01 -1000 39.44 1.59 770.658
car -1 -1 0.00 0.00 0.00 100.00 100.00 -1000 2.05 5.16 -13.74 -1000 22.08 1.59 769.685
car -1 -1 0.00 0.00 0.00 100.00 100.00 -1000 1.63 3.87 12.58 -1000 35.94 1.62 767.311
car -1 -1 0.00 0.00 0.00 100.00 100.00 -1000 1.67 3.90 -1.39 -1000 26.73 1.69 762.112
car -1 -1 0.00 0.00 0.00 100.00 100.00 -1000 1.53 3.92 1.00 -1000 24.09 -0.10 750.252
car -1 -1 0.00 0.00 0.00 100.00 100.00 -1000 1.54 3.40 -5.34 -1000 22.58 1.58 749.777
car -1 -1 0.00 0.00 0.00 100.00 100.00 -1000 2.71 7.82 -13.62 -1000 23.28 1.65 747.176
car -1 -1 0.00 0.00 0.00 100.00 100.00 -1000 1.76 4.59 3.16 -1000 28.00 -0.26 743.509
car -1 -1 0.00 0.00 0.00 100.00 100.00 -1000 1.77 3.90 14.00 -1000 31.23 -0.02 743.409
car -1 -1 0.00 0.00 0.00 100.00 100.00 -1000 1.47 3.37 1.11 -1000 26.25 1.53 740.776
car -1 -1 0.00 0.00 0.00 100.00 100.00 -1000 1.59 3.95 3.34 -1000 20.97 -0.06 740.162
car -1 -1 0.00 0.00 0.00 100.00 100.00 -1000 1.71 4.31 6.78 -1000 20.35 1.63 734.326
car -1 -1 0.00 0.00 0.00 100.00 100.00 -1000 1.97 4.63 -1.27 -1000 11.87 1.43 734.119
car -1 -1 0.00 0.00 0.00 100.00 100.00 -1000 1.67 4.09 16.14 -1000 36.86 -0.22 731.745
car -1 -1 0.00 0.00 0.00 100.00 100.00 -1000 1.61 3.71 14.44 -1000 37.43 1.60 730.596
car -1 -1 0.00 0.00 0.00 100.00 100.00 -1000 1.61 3.81 -10.38 -1000 18.72 -0.32 729.958
car -1 -1 0.00 0.00 0.00 100.00 100.00 -1000 1.76 4.44 2.16 -1000 25.41 -0.33 727.269
car -1 -1 0.00 0.00 0.00 100.00 100.00 -1000 1.74 4.24 17.56 -1000 36.27 1.61 724.639
car -1 -1 0.00 0.00 0.00 100.00 100.00 -1000 2.22 5.87 5.21 -1000 31.19 1.62 724.170
car -1 -1 0.00 0.00 0.00 100.00 100.00 -1000 1.63 3.78 15.77 -1000 37.63 1.66 723.355
car -1 -1 0.00 0.00 0.00 100.00 100.00 -1000 1.64 3.82 0.71 -1000 27.55 1.65 717.330
car -1 -1 0.00 0.00 0.00 100.00 100.00 -1000 1.56 3.53 15.39 -1000 31.01 -0.05 713.412
car -1 -1 0.00 0.00 0.00 100.00 100.00 -1000 1.70 4.05 -7.82 -1000 19.40 1.63 712.654
car -1 -1 0.00 0.00 0.00 100.00 100.00 -1000 1.73 3.85 -13.90 -1000 20.98 1.63 712.168
car -1 -1 0.00 0.00 0.00 100.00 100.00 -1000 1.78 4.08 -5.78 -1000 12.21 1.71 711.668
car -1 -1 0.00 0.00 0.00 100.00 100.00 -1000 1.65 4.01 -11.69 -1000 19.23 -0.35 707.332
car -1 -1 0.00 0.00 0.00 100.00 100.00 -1000 2.23 6.73 6.76 -1000 24.15 1.62 705.480
car -1 -1 0.00 0.00 0.00 100.00 100.00 -1000 1.62 4.29 -7.12 -1000 11.57 -0.06 702.259
car -1 -1 0.00 0.00 0.00 100.00 100.00 -1000 1.62 3.99 -1.45 -1000 23.24 1.62 701.870
car -1 -1 0.00 0.00 0.00 100.00 100.00 -1000 1.60 3.99 13.31 -1000 32.65 -0.42 701.810
car -1 -1 0.00 0.00 0.00 100.00 100.00 -1000 1.75 4.30 -13.71 -1000 19.50 1.61 697.150
car -1 -1 0.00 0.00 0.00 100.00 100.00 -1000 1.58 3.63 17.97 -1000 38.80 1.68 694.309
car -1 -1 0.00 0.00 0.00 100.00 100.00 -1000 1.62 3.67 4.82 -1000 19.62 -0.16 691.903
car -1 -1 0.00 0.00 0.00 100.00 100.00 -1000 1.69 3.97 10.40 -1000 18.63 1.64 691.282
car -1 -1 0.00 0.00 0.00 100.00 100.00 -1000 1.65 4.12 14.40 -1000 34.71 1.58 682.619
car -1 -1 0.00 0.00 0.00 100.00 100.00 -1000 1.87 4.71 13.09 -1000 33.48 1.61 676.477
car -1 -1 0.00 0.00 0.00 100.00 100.00 -1000 1.73 4.02 14.99 -1000 38.29 1.61 668.164
car -1 -1 0.00 0.00 0.00 100.00 100.00 -1000 1.54 4.16 -0.35 -1000 22.78 -0.13 658.804
car -1 -1 0.00 0.00 0.00 100.00 100.00 -1000 2.12 5.71 7.69 -1000 25.14 1.66 656.305
car -1 -1 0.00 0.00 0.00 100.00 100.00 -1000 1.83 5.06 9.87 -1000 23.08 1.71 648.990
car -1 -1 0.00 0.00 0.00 100.00 100.00 -1000 2.00 4.95 3.88 -1000 24.19 1.68 648.909
car -1 -1 0.00 0.00 0.00 100.00 100.00 -1000 1.87 4.52 -18.35 -1000 23.77 1.62 642.069
car -1 -1 0.00 0.00 0.00 100.00 100.00 -1000 2.16 5.61 5.52 -1000 33.34 1.65 638.581
car -1 -1 0.00 0.00 0.00 100.00 100.00 -1000 2.09 5.57 4.84 -1000 22.94 1.63 635.357
car -1 -1 0.00 0.00 0.00 100.00 100.00 -1000 1.68 4.91 -12.55 -1000 18.48 -0.11 631.834
car -1 -1 0.00 0.00 0.00 100.00 100.00 -1000 1.67 3.89 14.99 -1000 36.41 1.71 630.739
car -1 -1 0.00 0.00 0.00 100.00 100.00 -1000 1.76 4.42 16.20 -1000 31.95 1.63 630.382
car -1 -1 0.00 0.00 0.00 100.00 100.00 -1000 1.77 4.14 -7.29 -1000 12.54 1.61 628.984
car -1 -1 0.00 0.00 0.00 100.00 100.00 -1000 1.76 4.19 -6.55 -1000 13.20 1.62 627.427
car -1 -1 0.00 0.00 0.00 100.00 100.00 -1000 2.76 9.90 -12.37 -1000 24.39 1.55 625.345
car -1 -1 0.00 0.00 0.00 100.00 100.00 -1000 1.82 4.63 -5.09 -1000 21.87 1.57 624.813
car -1 -1 0.00 0.00 0.00 100.00 100.00 -1000 2.94 9.65 -3.71 -1000 30.08 1.57 623.661
car -1 -1 0.00 0.00 0.00 100.00 100.00 -1000 1.73 4.27 17.78 -1000 37.15 1.57 620.390
car -1 -1 0.00 0.00 0.00 100.00 100.00 -1000 1.59 3.66 18.17 -1000 37.95 1.69 617.514
car -1 -1 0.00 0.00 0.00 100.00 100.00 -1000 1.85 4.76 -3.01 -1000 13.72 1.60 609.982
car -1 -1 0.00 0.00 0.00 100.00 100.00 -1000 1.94 5.47 -3.10 -1000 21.82 -0.33 601.245
car -1 -1 0.00 0.00 0.00 100.00 100.00 -1000 1.82 4.31 18.88 -1000 36.71 1.66 591.548
car -1 -1 0.00 0.00 0.00 100.00 100.00 -1000 2.27 5.43 -4.94 -1000 16.20 1.55 589.710
car -1 -1 0.00 0.00 0.00 100.00 100.00 -1000 1.62 3.54 11.14 -1000 31.80 1.54 589.089
car -1 -1 0.00 0.00 0.00 100.00 100.00 -1000 2.86 9.80 -1.18 -1000 31.43 1.59 574.297
car -1 -1 0.00 0.00 0.00 100.00 100.00 -1000 1.46 3.40 16.94 -1000 30.97 0.02 573.409
car -1 -1 0.00 0.00 0.00 100.00 100.00 -1000 1.83 4.54 4.45 -1000 29.06 1.65 571.321
car -1 -1 0.00 0.00 0.00 100.00 100.00 -1000 1.95 4.52 1.99 -1000 23.31 1.65 563.678
car -1 -1 0.00 0.00 0.00 100.00 100.00 -1000 1.81 4.17 -15.55 -1000 21.72 1.59 561.458
car -1 -1 0.00 0.00 0.00 100.00 100.00 -1000 1.69 4.37 8.58 -1000 22.65 -0.18 557.914
car -1 -1 0.00 0.00 0.00 100.00 100.00 -1000 1.55 4.40 -3.17 -1000 12.72 -0.06 537.869
car -1 -1 0.00 0.00 0.00 100.00 100.00 -1000 2.74 9.28 -10.55 -1000 23.51 1.63 537.179
car -1 -1 0.00 0.00 0.00 100.00 100.00 -1000 1.77 4.32 19.04 -1000 41.00 1.57 534.696
car -1 -1 0.00 0.00 0.00 100.00 100.00 -1000 1.61 3.94 -0.07 -1000 23.58 -0.31 534.350
car -1 -1 0.00 0.00 0.00 100.00 100.00 -1000 1.59 4.16 -18.15 -1000 22.56 -0.12 531.247
car -1 -1 0.00 0.00 0.00 100.00 100.00 -1000 2.01 5.05 3.93 -1000 25.41 1.64 527.948
car -1 -1 0.00 0.00 0.00 100.00 100.00 -1000 2.16 6.29 9.20 -1000 24.61 1.66 526.033
car -1 -1 0.00 0.00 0.00 100.00 100.00 -1000 2.07 5.27 5.57 -1000 24.85 1.66 520.106
car -1 -1 0.00 0.00 0.00 100.00 100.00 -1000 1.47 4.22 -0.19 -1000 10.22 -0.13 513.966
car -1 -1 0.00 0.00 0.00 100.00 100.00 -1000 1.85 4.24 -4.95 -1000 19.29 1.61 503.363
car -1 -1 0.00 0.00 0.00 100.00 100.00 -1000 2.70 8.46 -4.22 -1000 28.96 1.60 503.304
car -1 -1 0.00 0.00 0.00 100.00 100.00 -1000 1.93 5.09 -4.64 -1000 21.05 -0.21 502.554
car -1 -1 0.00 0.00 0.00 100.00 100.00 -1000 1.94 4.40 -6.82 -1000 19.91 1.65 501.357
car -1 -1 0.00 0.00 0.00 100.00 100.00 -1000 1.78 4.56 -1.89 -1000 19.27 1.60 500.742
car -1 -1 0.00 0.00 0.00 100.00 100.00 -1000 1.98 5.58 5.97 -1000 30.24 1.72 493.384
car -1 -1 0.00 0.00 0.00 100.00 100.00 -1000 1.78 3.78 -4.72 -1000 23.19 1.47 489.006
car -1 -1 0.00 0.00 0.00 100.00 100.00 -1000 2.72 8.96 -9.28 -1000 24.94 1.64 481.488
car -1 -1 0.00 0.00 0.00 100.00 100.00 -1000 2.40 7.03 -11.12 -1000 22.49 1.65 472.457
car -1 -1 0.00 0.00 0.00 100.00 100.00 -1000 2.07 5.03 -16.04 -1000 22.80 1.62 456.625
car -1 -1 0.00 0.00 0.00 100.00 100.00 -1000 1.67 3.81 -14.50 -1000 20.26 1.51 450.757
car -1 -1 0.00 0.00 0.00 100.00 100.00 -1000 1.99 4.60 7.72 -1000 21.07 1.61 441.348
car -1 -1 0.00 0.00 0.00 100.00 100.00 -1000 1.83 4.35 10.89 -1000 17.89 1.67 436.029
car -1 -1 0.00 0.00 0.00 100.00 100.00 -1000 1.77 3.89 13.09 -1000 34.28 1.65 435.972
car -1 -1 0.00 0.00 0.00 100.00 100.00 -1000 2.45 7.38 -0.90 -1000 30.25 1.65 435.050
car -1 -1 0.00 0.00 0.00 100.00 100.00 -1000 2.60 8.26 -5.84 -1000 28.16 1.61 434.897
car -1 -1 0.00 0.00 0.00 100.00 100.00 -1000 1.94 4.89 4.45 -1000 26.56 1.68 431.382
car -1 -1 0.00 0.00 0.00 100.00 100.00 -1000 2.42 8.36 1.45 -1000 32.76 1.76 430.853
car -1 -1 0.00 0.00 0.00 100.00 100.00 -1000 1.70 4.84 18.54 -1000 34.78 -0.31 429.692
car -1 -1 0.00 0.00 0.00 100.00 100.00 -1000 1.79 4.08 11.07 -1000 29.78 1.64 426.692
car -1 -1 0.00 0.00 0.00 100.00 100.00 -1000 1.73 3.85 11.52 -1000 32.58 1.58 412.501
car -1 -1 0.00 0.00 0.00 100.00 100.00 -1000 1.76 4.09 -2.57 -1000 17.74 1.70 409.865
car -1 -1 0.00 0.00 0.00 100.00 100.00 -1000 1.83 5.03 11.42 -1000 19.29 1.66 399.309
car -1 -1 0.00 0.00 0.00 100.00 100.00 -1000 2.03 4.71 -3.66 -1000 14.85 1.68 390.002
car -1 -1 0.00 0.00 0.00 100.00 100.00 -1000 1.80 4.43 -8.45 -1000 18.64 1.60 385.561
car -1 -1 0.00 0.00 0.00 100.00 100.00 -1000 2.35 7.31 -7.89 -1000 26.71 1.61 382.411
car -1 -1 0.00 0.00 0.00 100.00 100.00 -1000 1.72 3.84 -0.59 -1000 25.99 -0.36 382.222
car -1 -1 0.00 0.00 0.00 100.00 100.00 -1000 1.97 4.69 -10.89 -1000 17.90 1.63 379.477
car -1 -1 0.00 0.00 0.00 100.00 100.00 -1000 1.86 4.43 15.19 -1000 39.22 1.58 372.377
car -1 -1 0.00 0.00 0.00 100.00 100.00 -1000 2.31 6.77 -15.79 -1000 23.89 1.65 370.587
car -1 -1 0.00 0.00 0.00 100.00 100.00 -1000 2.15 6.06 -1.77 -1000 29.43 1.67 370.085
car -1 -1 0.00 0.00 0.00 100.00 100.00 -1000 2.03 5.58 -7.12 -1000 25.50 1.68 368.860
car -1 -1 0.00 0.00 0.00 100.00 100.00 -1000 1.87 5.26 9.63 -1000 21.83 1.70 353.990
car -1 -1 0.00 0.00 0.00 100.00 100.00 -1000 1.54 3.92 -0.98 -1000 22.05 -0.18 342.811
car -1 -1 0.00 0.00 0.00 100.00 100.00 -1000 1.86 4.95 -4.80 -1000 27.07 1.69 342.788
car -1 -1 0.00 0.00 0.00 100.00 100.00 -1000 1.62 3.64 16.22 -1000 33.11 1.59 336.126
car -1 -1 0.00 0.00 0.00 100.00 100.00 -1000 1.98 4.75 -3.71 -1000 17.04 1.62 336.030
car -1 -1 0.00 0.00 0.00 100.00 100.00 -1000 2.38 8.12 -15.97 -1000 25.06 1.63 314.918
car -1 -1 0.00 0.00 0.00 100.00 100.00 -1000 1.92 5.04 -2.64 -1000 20.91 1.56 313.582
car -1 -1 0.00 0.00 0.00 100.00 100.00 -1000 1.88 5.71 10.67 -1000 29.12 1.62 310.131
car -1 -1 0.00 0.00 0.00 100.00 100.00 -1000 1.88 4.73 5.08 -1000 28.14 1.68 309.220
car -1 -1 0.00 0.00 0.00 100.00 100.00 -1000 1.77 4.20 13.40 -1000 37.88 1.57 309.091
car -1 -1 0.00 0.00 0.00 100.00 100.00 -1000 1.88 4.39 -15.65 -1000 20.77 1.58 308.681
car -1 -1 0.00 0.00 0.00 100.00 100.00 -1000 1.88 4.42 6.18 -1000 32.04 -0.29 304.201
car -1 -1 0.00 0.00 0.00 100.00 100.00 -1000 1.91 5.07 6.19 -1000 29.30 1.68 295.238
car -1 -1 0.00 0.00 0.00 100.00 100.00 -1000 1.54 10.05 -0.01 -1000 10.17 -0.17 293.965
car -1 -1 0.00 0.00 0.00 100.00 100.00 -1000 2.00 5.54 -5.80 -1000 14.47 1.62 292.081
car -1 -1 0.00 0.00 0.00 100.00 100.00 -1000 1.80 4.61 -8.76 -1000 11.78 1.65 289.277
car -1 -1 0.00 0.00 0.00 100.00 100.00 -1000 2.00 4.77 10.71 -1000 30.71 1.61 285.524
car -1 -1 0.00 0.00 0.00 100.00 100.00 -1000 2.12 5.30 19.17 -1000 41.86 1.65 283.031
car -1 -1 0.00 0.00 0.00 100.00 100.00 -1000 1.73 4.81 -15.85 -1000 19.44 1.54 278.487
car -1 -1 0.00 0.00 0.00 100.00 100.00 -1000 1.79 4.94 -14.30 -1000 17.84 1.62 271.513
car -1 -1 0.00 0.00 0.00 100.00 100.00 -1000 2.08 5.51 16.72 -1000 40.33 1.66 270.100
car -1 -1 0.00 0.00 0.00 100.00 100.00 -1000 2.17 5.28 1.82 -1000 12.21 1.61 260.432
car -1 -1 0.00 0.00 0.00 100.00 100.00 -1000 2.09 4.81 11.22 -1000 34.82 1.54 257.838
car -1 -1 0.00 0.00 0.00 100.00 100.00 -1000 1.97 5.18 -9.81 -1000 12.65 1.59 245.664
car -1 -1 0.00 0.00 0.00 100.00 100.00 -1000 1.98 4.90 -1.45 -1000 14.31 1.73 241.739
car -1 -1 0.00 0.00 0.00 100.00 100.00 -1000 2.24 6.18 8.98 -1000 26.71 1.57 238.808
car -1 -1 0.00 0.00 0.00 100.00 100.00 -1000 2.27 7.28 16.91 -1000 41.50 1.67 238.495
car -1 -1 0.00 0.00 0.00 100.00 100.00 -1000 1.76 5.50 11.51 -1000 28.18 0.13 237.053
car -1 -1 0.00 0.00 0.00 100.00 100.00 -1000 1.99 4.47 -17.21 -1000 21.52 1.63 233.927
car -1 -1 0.00 0.00 0.00 100.00 100.00 -1000 1.78 4.79 18.17 -1000 31.98 1.62 231.900
car -1 -1 0.00 0.00 0.00 100.00 100.00 -1000 1.81 5.54 -6.50 -1000 18.74 -0.03 225.858
car -1 -1 0.00 0.00 0.00 100.00 100.00 -1000 1.53 3.62 19.16 -1000 39.33 -0.46 223.631
car -1 -1 0.00 0.00 0.00 100.00 100.00 -1000 1.92 4.75 11.18 -1000 33.42 1.63 223.022
car -1 -1 0.00 0.00 0.00 100.00 100.00 -1000 1.83 4.29 18.83 -1000 33.91 1.56 221.953
car -1 -1 0.00 0.00 0.00 100.00 100.00 -1000 1.92 5.50 -0.83 -1000 18.57 1.62 218.958
car -1 -1 0.00 0.00 0.00 100.00 100.00 -1000 2.11 6.11 6.03 -1000 25.85 1.66 218.481
car -1 -1 0.00 0.00 0.00 100.00 100.00 -1000 1.70 9.27 0.28 -1000 11.09 -0.36 212.683
car -1 -1 0.00 0.00 0.00 100.00 100.00 -1000 1.63 4.26 13.14 -1000 29.78 1.52 210.459
car -1 -1 0.00 0.00 0.00 100.00 100.00 -1000 1.77 4.88 8.49 -1000 23.86 -0.29 209.107
car -1 -1 0.00 0.00 0.00 100.00 100.00 -1000 2.44 7.99 9.09 -1000 25.82 1.65 206.365
car -1 -1 0.00 0.00 0.00 100.00 100.00 -1000 2.14 6.38 1.39 -1000 21.73 1.57 203.026
