car -1 -1 0.00 0.00 0.00 100.00 100.00 -1000 1.70 3.95 16.14 -1000 23.27 -0.19 987.391
car -1 -1 0.00 0.00 0.00 100.00 100.00 -1000 1.55 3.55 -8.05 -1000 45.53 1.64 985.388
car -1 -1 0.00 0.00 0.00 100.00 100.00 -1000 1.52 4.05 14.38 -1000 23.07 -0.26 983.828
car -1 -1 0.00 0.00 0.00 100.00 100.00 -1000 1.56 3.53 0.79 -1000 37.15 1.66 983.272
car -1 -1 0.00 0.00 0.00 100.00 100.00 -1000 1.57 3.70 16.54 -1000 24.12 1.64 982.677
car -1 -1 0.00 0.00 0.00 100.00 100.00 -1000 1.61 3.84 -4.14 -1000 16.51 1.61 967.676
car -1 -1 0.00 0.00 0.00 100.00 100.00 -1000 1.55 3.65 -7.00 -1000 16.46 -0.43 964.577
car -1 -1 0.00 0.00 0.00 100.00 100.00 -1000 1.60 3.57 0.23 -1000 36.38 -0.10 964.155
car -1 -1 0.00 0.00 0.00 100.00 100.00 -1000 1.41 3.37 -4.70 -1000 14.98 -0.25 963.248
car -1 -1 0.00 0.00 0.00 100.00 100.00 -1000 1.91 5.27 5.35 -1000 39.94 1.57 963.001
car -1 -1 0.00 0.00 0.00 100.00 100.00 -1000 1.69 4.08 -2.29 -1000 40.59 -0.24 954.699
car -1 -1 0.00 0.00 0.00 100.00 100.00 -1000 1.65 3.99 -6.34 -1000 46.49 1.63 952.519
car -1 -1 0.00 0.00 0.00 100.00 100.00 -1000 1.76 4.44 -1.71 -1000 41.67 1.63 948.280
car -1 -1 0.00 0.00 0.00 100.00 100.00 -1000 1.60 3.76 -7.48 -1000 44.82 1.72 945.468
car -1 -1 0.00 0.00 0.00 100.00 100.00 -1000 1.55 3.63 16.88 -1000 38.21 1.64 945.046
car -1 -1 0.00 0.00 0.00 100.00 100.00 -1000 1.61 3.94 -5.78 -1000 45.80 -0.21 943.578
car -1 -1 0.00 0.00 0.00 100.00 100.00 -1000 1.63 3.91 1.99 -1000 36.50 -0.24 943.308
car -1 -1 0.00 0.00 0.00 100.00 100.00 -1000 1.57 3.63 -4.44 -1000 15.72 1.65 942.845
car -1 -1 0.00 0.00 0.00 100.00 100.00 -1000 1.57 3.66 -4.76 -1000 46.84 1.66 941.274
car -1 -1 0.00 0.00 0.00 100.00 100.00 -1000 1.69 4.10 -6.31 -1000 17.31 1.66 940.852
car -1 -1 0.00 0.00 0.00 100.00 100.00 -1000 1.74 4.10 -0.99 -1000 40.89 -0.16 932.212
car -1 -1 0.00 0.00 0.00 100.00 100.00 -1000 1.81 4.68 3.31 -1000 41.61 1.62 931.404
car -1 -1 0.00 0.00 0.00 100.00 100.00 -1000 1.69 4.30 2.19 -1000 37.56 1.66 927.409
car -1 -1 0.00 0.00 0.00 100.00 100.00 -1000 1.59 3.80 -8.09 -1000 43.99 1.65 927.286
car -1 -1 0.00 0.00 0.00 100.00 100.00 -1000 1.51 3.47 -1.47 -1000 36.15 -0.14 926.117
car -1 -1 0.00 0.00 0.00 100.00 100.00 -1000 1.49 3.32 -7.71 -1000 46.30 1.62 925.386
car -1 -1 0.00 0.00 0.00 100.00 100.00 -1000 1.72 4.35 -3.06 -1000 41.19 1.65 924.349
car -1 -1 0.00 0.00 0.00 100.00 100.00 -1000 1.56 3.55 9.09 -1000 34.37 1.62 920.740
car -1 -1 0.00 0.00 0.00 100.00 100.00 -1000 1.68 4.07 3.60 -1000 36.83 -0.09 919.932
car -1 -1 0.00 0.00 0.00 100.00 100.00 -1000 1.58 3.78 -0.44 -1000 37.43 1.64 918.501
car -1 -1 0.00 0.00 0.00 100.00 100.00 -1000 1.67 4.09 -4.29 -1000 40.43 1.68 917.976
car -1 -1 0.00 0.00 0.00 100.00 100.00 -1000 1.48 4.36 -2.99 -1000 46.96 -0.31 914.772
car -1 -1 0.00 0.00 0.00 100.00 100.00 -1000 1.62 3.91 18.27 -1000 24.13 1.70 914.745
car -1 -1 0.00 0.00 0.00 100.00 100.00 -1000 1.66 4.15 5.26 -1000 37.94 1.65 914.105
car -1 -1 0.00 0.00 0.00 100.00 100.00 -1000 1.69 4.33 14.78 -1000 24.43 1.66 913.852
car -1 -1 0.00 0.00 0.00 100.00 100.00 -1000 1.53 3.50 15.45 -1000 38.51 1.61 911.962
car -1 -1 0.00 0.00 0.00 100.00 100.00 -1000 1.78 4.47 17.74 -1000 23.40 -0.19 900.873
car -1 -1 0.00 0.00 0.00 100.00 100.00 -1000 1.61 3.81 5.95 -1000 39.11 1.63 896.186
car -1 -1 0.00 0.00 0.00 100.00 100.00 -1000 1.59 3.91 -0.55 -1000 42.13 1.66 896.140
car -1 -1 0.00 0.00 0.00 100.00 100.00 -1000 1.64 4.02 -5.65 -1000 39.27 -0.20 894.306
car -1 -1 0.00 0.00 0.00 100.00 100.00 -1000 1.58 3.61 -3.06 -1000 35.80 -0.22 893.542
car -1 -1 0.00 0.00 0.00 100.00 100.00 -1000 2.18 6.13 13.32 -1000 41.20 1.64 891.847
car -1 -1 0.00 0.00 0.00 100.00 100.00 -1000 1.77 4.59 -2.05 -1000 36.83 1.67 889.058
car -1 -1 0.00 0.00 0.00 100.00 100.00 -1000 1.66 3.96 5.51 -1000 7.24 -0.32 887.105
car -1 -1 0.00 0.00 0.00 100.00 100.00 -1000 1.61 3.73 13.53 -1000 38.51 1.68 885.214
car -1 -1 0.00 0.00 0.00 100.00 100.00 -1000 1.62 4.03 3.64 -1000 37.87 1.66 881.621
car -1 -1 0.00 0.00 0.00 100.00 100.00 -1000 1.50 3.53 18.26 -1000 38.49 1.65 874.690
car -1 -1 0.00 0.00 0.00 100.00 100.00 -1000 1.77 4.46 -6.25 -1000 47.42 1.58 871.529
car -1 -1 0.00 0.00 0.00 100.00 100.00 -1000 1.64 4.01 8.39 -1000 26.97 1.69 870.468
car -1 -1 0.00 0.00 0.00 100.00 100.00 -1000 1.64 3.98 -12.70 -1000 47.07 1.66 870.200
car -1 -1 0.00 0.00 0.00 100.00 100.00 -1000 1.55 3.67 2.02 -1000 42.17 1.63 867.896
car -1 -1 0.00 0.00 0.00 100.00 100.00 -1000 1.57 3.52 11.19 -1000 38.19 1.61 867.753
car -1 -1 0.00 0.00 0.00 100.00 100.00 -1000 1.51 3.75 -3.98 -1000 46.24 -0.30 867.002
car -1 -1 0.00 0.00 0.00 100.00 100.00 -1000 1.58 4.00 -3.22 -1000 17.14 1.67 863.188
car -1 -1 0.00 0.00 0.00 100.00 100.00 -1000 1.69 4.09 4.39 -1000 38.48 1.60 860.714
car -1 -1 0.00 0.00 0.00 100.00 100.00 -1000 1.62 3.96 5.87 -1000 8.09 1.67 859.230
car -1 -1 0.00 0.00 0.00 100.00 100.00 -1000 1.83 4.69 16.88 -1000 25.24 1.71 856.157
car -1 -1 0.00 0.00 0.00 100.00 100.00 -1000 1.60 3.78 9.61 -1000 35.30 1.66 855.761
car -1 -1 0.00 0.00 0.00 100.00 100.00 -1000 1.69 3.98 4.75 -1000 37.24 1.71 843.907
car -1 -1 0.00 0.00 0.00 100.00 100.00 -1000 1.80 4.43 -2.51 -1000 47.79 1.62 842.553
car -1 -1 0.00 0.00 0.00 100.00 100.00 -1000 1.70 4.06 -6.96 -1000 38.86 -0.34 838.978
car -1 -1 0.00 0.00 0.00 100.00 100.00 -1000 1.92 4.92 4.20 -1000 40.82 1.60 836.911
car -1 -1 0.00 0.00 0.00 100.00 100.00 -1000 1.29 3.11 0.74 -1000 35.77 -0.01 834.339
car -1 -1 0.00 0.00 0.00 100.00 100.00 -1000 1.59 3.92 -5.91 -1000 40.16 1.66 829.881
car -1 -1 0.00 0.00 0.00 100.00 100.00 -1000 1.76 4.49 -4.83 -1000 32.31 1.65 826.178
car -1 -1 0.00 0.00 0.00 100.00 100.00 -1000 1.76 4.31 -8.59 -1000 47.47 1.58 823.185
car -1 -1 0.00 0.00 0.00 100.00 100.00 -1000 1.60 3.80 8.61 -1000 33.62 -0.13 823.183
car -1 -1 0.00 0.00 0.00 100.00 100.00 -1000 1.79 4.48 7.66 -1000 39.81 1.69 821.334
car -1 -1 0.00 0.00 0.00 100.00 100.00 -1000 1.45 3.35 -5.77 -1000 16.12 1.62 817.986
car -1 -1 0.00 0.00 0.00 100.00 100.00 -1000 1.79 4.44 6.59 -1000 40.53 1.69 817.421
car -1 -1 0.00 0.00 0.00 100.00 100.00 -1000 1.60 4.01 -3.79 -1000 36.66 1.65 811.513
car -1 -1 0.00 0.00 0.00 100.00 100.00 -1000 1.56 3.77 12.59 -1000 35.86 1.53 807.233
car -1 -1 0.00 0.00 0.00 100.00 100.00 -1000 1.56 3.59 -4.50 -1000 35.63 -0.14 799.256
car -1 -1 0.00 0.00 0.00 100.00 100.00 -1000 1.92 4.34 -1.23 -1000 47.31 -0.28 795.329
car -1 -1 0.00 0.00 0.00 100.00 100.00 -1000 2.44 7.02 10.26 -1000 41.10 1.61 794.876
car -1 -1 0.00 0.00 0.00 100.00 100.00 -1000 2.16 6.61 2.16 -1000 40.04 1.56 789.823
car -1 -1 0.00 0.00 0.00 100.00 100.00 -1000 1.57 3.69 8.27 -1000 34.87 1.62 784.108
car -1 -1 0.00 0.00 0.00 100.00 100.00 -1000 1.51 3.69 17.16 -1000 36.92 -0.01 782.222
car -1 -1 0.00 0.00 0.00 100.00 100.00 -1000 1.80 4.34 -5.60 -1000 17.97 1.71 777.414
car -1 -1 0.00 0.00 0.00 100.00 100.00 -1000 2.16 6.47 14.52 -1000 25.48 1.64 773.346
car -1 -1 0.00 0.00 0.00 100.00 100.00 -1000 1.45 3.41 -13.13 -1000 46.25 -0.31 773.109
car -1 -1 0.00 0.00 0.00 100.00 100.00 -1000 1.52 3.96 -3.51 -1000 39.73 -0.25 772.508
car -1 -1 0.00 0.00 0.00 100.00 100.00 -1000 1.47 4.39 16.76 -1000 22.56 -0.09 770.150
car -1 -1 0.00 0.00 0.00 100.00 100.00 -1000 1.53 3.83 -2.90 -1000 32.19 -0.15 769.526
car -1 -1 0.00 0.00 0.00 100.00 100.00 -1000 1.68 4.14 5.73 -1000 43.73 1.62 767.779
car -1 -1 0.00 0.00 0.00 100.00 100.00 -1000 1.51 3.83 -5.52 -1000 31.35 -0.14 764.007
car -1 -1 0.00 0.00 0.00 100.00 100.00 -1000 1.58 3.62 12.55 -1000 38.02 1.66 763.409
car -1 -1 0.00 0.00 0.00 100.00 100.00 -1000 1.57 3.87 11.25 -1000 35.53 1.62 762.918
car -1 -1 0.00 0.00 0.00 100.00 100.00 -1000 1.84 4.63 0.22 -1000 41.31 1.68 762.742
car -1 -1 0.00 0.00 0.00 100.00 100.00 -1000 1.55 3.25 -3.89 -1000 33.21 1.61 762.256
car -1 -1 0.00 0.00 0.00 100.00 100.00 -1000 1.56 3.46 17.78 -1000 37.76 1.66 762.251
car -1 -1 0.00 0.00 0.00 100.00 100.00 -1000 2.34 7.43 14.09 -1000 27.27 1.72 759.284
car -1 -1 0.00 0.00 0.00 100.00 100.00 -1000 1.80 4.89 19.06 -1000 24.84 1.71 755.062
car -1 -1 0.00 0.00 0.00 100.00 100.00 -1000 1.62 4.14 1.70 -1000 10.51 1.66 746.035
car -1 -1 0.00 0.00 0.00 100.00 100.00 -1000 2.09 5.13 13.23 -1000 40.26 1.61 733.801
car -1 -1 0.00 0.00 0.00 100.00 100.00 -1000 1.58 3.53 -11.94 -1000 43.97 1.63 730.570
car -1 -1 0.00 0.00 0.00 100.00 100.00 -1000 1.59 4.09 18.46 -1000 37.18 -0.12 730.020
car -1 -1 0.00 0.00 0.00 100.00 100.00 -1000 1.57 3.89 -6.03 -1000 34.86 -0.39 727.819
car -1 -1 0.00 0.00 0.00 100.00 100.00 -1000 1.61 3.75 19.45 -1000 38.95 1.63 726.491
car -1 -1 0.00 0.00 0.00 100.00 100.00 -1000 1.57 3.72 -9.13 -1000 45.95 1.60 724.365
car -1 -1 0.00 0.00 0.00 100.00 100.00 -1000 1.77 4.46 -10.54 -1000 47.46 1.60 721.993
car -1 -1 0.00 0.00 0.00 100.00 100.00 -1000 1.50 3.46 -9.56 -1000 45.21 1.64 721.909
car -1 -1 0.00 0.00 0.00 100.00 100.00 -1000 1.68 4.09 -9.34 -1000 46.78 1.68 721.223
car -1 -1 0.00 0.00 0.00 100.00 100.00 -1000 2.09 5.48 10.39 -1000 40.15 1.57 719.470
car -1 -1 0.00 0.00 0.00 100.00 100.00 -1000 1.34 3.40 -16.39 -1000 21.14 -0.08 714.370
car -1 -1 0.00 0.00 0.00 100.00 100.00 -1000 1.34 3.41 5.24 -1000 36.60 -0.17 714.104
car -1 -1 0.00 0.00 0.00 100.00 100.00 -1000 1.57 4.06 4.30 -1000 46.69 1.59 707.242
car -1 -1 0.00 0.00 0.00 100.00 100.00 -1000 1.51 3.66 1.36 -1000 29.61 -0.08 697.601
car -1 -1 0.00 0.00 0.00 100.00 100.00 -1000 1.50 3.60 -6.47 -1000 32.16 1.65 691.478
car -1 -1 0.00 0.00 0.00 100.00 100.00 -1000 1.81 4.50 6.86 -1000 38.44 1.74 685.651
car -1 -1 0.00 0.00 0.00 100.00 100.00 -1000 1.78 4.40 -1.36 -1000 39.92 1.50 682.187
car -1 -1 0.00 0.00 0.00 100.00 100.00 -1000 1.67 4.02 14.72 -1000 37.77 1.71 681.068
car -1 -1 0.00 0.00 0.00 100.00 100.00 -1000 1.72 3.99 -11.22 -1000 46.81 1.68 675.834
car -1 -1 0.00 0.00 0.00 100.00 100.00 -1000 1.58 4.09 9.98 -1000 27.33 1.71 671.787
car -1 -1 0.00 0.00 0.00 100.00 100.00 -1000 1.65 4.04 13.75 -1000 23.95 1.59 662.029
car -1 -1 0.00 0.00 0.00 100.00 100.00 -1000 1.84 4.68 6.56 -1000 37.20 1.68 660.994
car -1 -1 0.00 0.00 0.00 100.00 100.00 -1000 1.70 4.15 10.29 -1000 34.03 1.76 660.196
car -1 -1 0.00 0.00 0.00 100.00 100.00 -1000 1.59 3.76 -1.59 -1000 32.53 -0.08 655.345
car -1 -1 0.00 0.00 0.00 100.00 100.00 -1000 1.64 3.93 3.31 -1000 42.48 1.67 652.500
car -1 -1 0.00 0.00 0.00 100.00 100.00 -1000 1.66 4.52 19.24 -1000 23.07 -0.14 652.295
car -1 -1 0.00 0.00 0.00 100.00 100.00 -1000 1.93 5.05 16.85 -1000 38.85 1.69 647.319
car -1 -1 0.00 0.00 0.00 100.00 100.00 -1000 1.53 3.72 12.11 -1000 36.86 -0.06 644.175
car -1 -1 0.00 0.00 0.00 100.00 100.00 -1000 1.62 3.52 -2.61 -1000 16.25 1.77 632.939
car -1 -1 0.00 0.00 0.00 100.00 100.00 -1000 1.87 4.66 7.03 -1000 43.15 1.72 628.408
car -1 -1 0.00 0.00 0.00 100.00 100.00 -1000 2.12 5.74 7.69 -1000 42.38 1.62 619.301
car -1 -1 0.00 0.00 0.00 100.00 100.00 -1000 2.01 5.56 10.36 -1000 39.05 1.67 615.911
car -1 -1 0.00 0.00 0.00 100.00 100.00 -1000 1.59 4.02 -2.42 -1000 33.33 1.65 613.796
car -1 -1 0.00 0.00 0.00 100.00 100.00 -1000 1.58 3.61 -8.41 -1000 43.22 1.59 610.307
car -1 -1 0.00 0.00 0.00 100.00 100.00 -1000 2.27 6.52 8.47 -1000 41.55 1.55 607.768
car -1 -1 0.00 0.00 0.00 100.00 100.00 -1000 1.50 3.68 1.50 -1000 27.59 -0.12 603.922
car -1 -1 0.00 0.00 0.00 100.00 100.00 -1000 1.78 4.21 -10.44 -1000 39.91 1.63 587.489
car -1 -1 0.00 0.00 0.00 100.00 100.00 -1000 1.59 3.69 -6.79 -1000 15.40 1.62 586.512
car -1 -1 0.00 0.00 0.00 100.00 100.00 -1000 1.79 4.68 0.46 -1000 39.49 1.60 586.202
car -1 -1 0.00 0.00 0.00 100.00 100.00 -1000 1.50 3.43 1.88 -1000 35.50 1.58 584.985
car -1 -1 0.00 0.00 0.00 100.00 100.00 -1000 1.44 3.51 -6.41 -1000 44.37 1.64 583.762
car -1 -1 0.00 0.00 0.00 100.00 100.00 -1000 1.63 3.83 -5.92 -1000 33.40 1.64 583.361
car -1 -1 0.00 0.00 0.00 100.00 100.00 -1000 1.46 4.27 -11.00 -1000 38.93 -0.33 579.452
car -1 -1 0.00 0.00 0.00 100.00 100.00 -1000 1.75 3.96 10.81 -1000 37.25 1.65 574.829
car -1 -1 0.00 0.00 0.00 100.00 100.00 -1000 1.74 4.53 -1.53 -1000 38.96 1.61 573.784
car -1 -1 0.00 0.00 0.00 100.00 100.00 -1000 1.47 3.37 -11.04 -1000 44.41 1.72 572.363
car -1 -1 0.00 0.00 0.00 100.00 100.00 -1000 1.65 3.73 0.44 -1000 28.54 1.59 571.272
car -1 -1 0.00 0.00 0.00 100.00 100.00 -1000 1.46 3.32 -9.46 -1000 43.65 1.63 567.776
car -1 -1 0.00 0.00 0.00 100.00 100.00 -1000 1.81 5.20 -2.03 -1000 17.65 1.76 566.621
car -1 -1 0.00 0.00 0.00 100.00 100.00 -1000 1.56 3.50 -6.89 -1000 39.74 1.57 565.119
car -1 -1 0.00 0.00 0.00 100.00 100.00 -1000 1.66 3.69 -5.71 -1000 36.50 1.62 560.619
car -1 -1 0.00 0.00 0.00 100.00 100.00 -1000 1.33 3.04 -4.69 -1000 45.39 -0.27 553.376
car -1 -1 0.00 0.00 0.00 100.00 100.00 -1000 1.54 3.36 13.42 -1000 37.31 1.70 550.267
car -1 -1 0.00 0.00 0.00 100.00 100.00 -1000 1.37 3.08 -12.70 -1000 44.78 1.61 548.836
car -1 -1 0.00 0.00 0.00 100.00 100.00 -1000 1.92 4.86 10.66 -1000 36.37 1.60 544.059
car -1 -1 0.00 0.00 0.00 100.00 100.00 -1000 1.96 5.34 13.62 -1000 39.15 1.73 540.622
car -1 -1 0.00 0.00 0.00 100.00 100.00 -1000 1.90 5.16 8.68 -1000 38.68 1.78 525.631
car -1 -1 0.00 0.00 0.00 100.00 100.00 -1000 1.67 3.95 4.96 -1000 46.01 1.62 524.944
car -1 -1 0.00 0.00 0.00 100.00 100.00 -1000 1.64 4.00 8.48 -1000 25.93 1.69 524.312
car -1 -1 0.00 0.00 0.00 100.00 100.00 -1000 1.57 3.85 2.02 -1000 28.92 1.64 521.346
car -1 -1 0.00 0.00 0.00 100.00 100.00 -1000 1.50 3.73 -15.64 -1000 20.41 -0.23 511.250
car -1 -1 0.00 0.00 0.00 100.00 100.00 -1000 1.85 5.10 0.86 -1000 40.57 -0.05 509.859
car -1 -1 0.00 0.00 0.00 100.00 100.00 -1000 1.87 5.52 1.53 -1000 38.74 1.69 509.147
car -1 -1 0.00 0.00 0.00 100.00 100.00 -1000 2.56 9.32 15.64 -1000 40.83 1.70 509.123
car -1 -1 0.00 0.00 0.00 100.00 100.00 -1000 1.54 3.71 -6.59 -1000 30.96 -0.19 507.190
car -1 -1 0.00 0.00 0.00 100.00 100.00 -1000 1.81 4.70 11.87 -1000 34.82 1.74 507.165
car -1 -1 0.00 0.00 0.00 100.00 100.00 -1000 1.63 3.57 -6.87 -1000 35.36 1.55 504.345
car -1 -1 0.00 0.00 0.00 100.00 100.00 -1000 1.87 4.70 -4.48 -1000 18.54 1.66 499.837
car -1 -1 0.00 0.00 0.00 100.00 100.00 -1000 1.61 4.04 -5.37 -1000 44.78 1.54 499.245
car -1 -1 0.00 0.00 0.00 100.00 100.00 -1000 2.03 6.09 -4.41 -1000 19.36 1.70 496.282
car -1 -1 0.00 0.00 0.00 100.00 100.00 -1000 1.60 3.59 -1.75 -1000 46.44 1.53 492.923
car -1 -1 0.00 0.00 0.00 100.00 100.00 -1000 2.08 5.60 19.69 -1000 39.72 1.75 490.555
car -1 -1 0.00 0.00 0.00 100.00 100.00 -1000 1.74 3.99 9.17 -1000 22.26 1.67 488.760
car -1 -1 0.00 0.00 0.00 100.00 100.00 -1000 1.83 4.98 6.10 -1000 41.55 1.62 484.801
car -1 -1 0.00 0.00 0.00 100.00 100.00 -1000 1.25 2.87 -4.62 -1000 38.96 -0.28 483.524
car -1 -1 0.00 0.00 0.00 100.00 100.00 -1000 2.30 6.61 15.03 -1000 39.92 1.60 471.610
car -1 -1 0.00 0.00 0.00 100.00 100.00 -1000 1.39 3.89 2.46 -1000 9.89 -0.19 464.463
car -1 -1 0.00 0.00 0.00 100.00 100.00 -1000 1.63 3.91 6.55 -1000 8.70 1.66 463.583
car -1 -1 0.00 0.00 0.00 100.00 100.00 -1000 1.73 3.85 6.50 -1000 36.28 1.58 461.066
car -1 -1 0.00 0.00 0.00 100.00 100.00 -1000 1.70 3.71 5.44 -1000 42.92 1.62 457.979
car -1 -1 0.00 0.00 0.00 100.00 100.00 -1000 1.69 3.90 -7.15 -1000 34.35 1.63 456.192
car -1 -1 0.00 0.00 0.00 100.00 100.00 -1000 1.54 3.81 7.47 -1000 33.95 1.63 452.715
car -1 -1 0.00 0.00 0.00 100.00 100.00 -1000 1.50 3.47 -0.76 -1000 35.59 1.53 452.587
car -1 -1 0.00 0.00 0.00 100.00 100.00 -1000 2.04 5.81 9.50 -1000 37.93 1.75 449.013
car -1 -1 0.00 0.00 0.00 100.00 100.00 -1000 2.16 6.81 19.66 -1000 25.62 1.73 444.521
car -1 -1 0.00 0.00 0.00 100.00 100.00 -1000 1.55 3.68 -3.35 -1000 38.63 1.59 440.609
car -1 -1 0.00 0.00 0.00 100.00 100.00 -1000 1.81 5.43 2.78 -1000 11.27 1.66 432.674
car -1 -1 0.00 0.00 0.00 100.00 100.00 -1000 2.18 7.14 -2.04 -1000 19.08 1.72 428.389
car -1 -1 0.00 0.00 0.00 100.00 100.00 -1000 1.66 4.14 -7.82 -1000 42.27 1.59 424.406
car -1 -1 0.00 0.00 0.00 100.00 100.00 -1000 1.55 3.79 2.90 -1000 30.08 -0.05 422.813
car -1 -1 0.00 0.00 0.00 100.00 100.00 -1000 2.07 5.83 8.84 -1000 37.12 1.70 421.783
car -1 -1 0.00 0.00 0.00 100.00 100.00 -1000 1.80 4.88 0.31 -1000 38.25 1.68 420.144
car -1 -1 0.00 0.00 0.00 100.00 100.00 -1000 1.65 3.93 6.10 -1000 6.43 1.56 413.844
car -1 -1 0.00 0.00 0.00 100.00 100.00 -1000 1.88 3.75 -3.16 -1000 15.44 1.64 413.580
car -1 -1 0.00 0.00 0.00 100.00 100.00 -1000 1.51 3.41 -3.35 -1000 45.09 1.59 412.596
car -1 -1 0.00 0.00 0.00 100.00 100.00 -1000 2.06 6.55 -0.84 -1000 18.22 1.81 410.832
car -1 -1 0.00 0.00 0.00 100.00 100.00 -1000 1.47 3.38 -9.19 -1000 44.49 -0.06 410.158
car -1 -1 0.00 0.00 0.00 100.00 100.00 -1000 1.45 3.32 13.72 -1000 36.50 -0.21 407.792
car -1 -1 0.00 0.00 0.00 100.00 100.00 -1000 1.55 3.94 2.83 -1000 47.23 0.10 405.314
car -1 -1 0.00 0.00 0.00 100.00 100.00 -1000 1.60 3.72 -8.48 -1000 39.71 1.66 404.280
car -1 -1 0.00 0.00 0.00 100.00 100.00 -1000 2.43 7.29 14.69 -1000 28.53 1.60 403.626
car -1 -1 0.00 0.00 0.00 100.00 100.00 -1000 1.51 4.12 -11.72 -1000 43.14 -0.19 398.843
car -1 -1 0.00 0.00 0.00 100.00 100.00 -1000 1.78 4.91 -18.03 -1000 30.68 -0.33 398.269
car -1 -1 0.00 0.00 0.00 100.00 100.00 -1000 1.16 3.69 -3.70 -1000 14.45 0.03 394.695
car -1 -1 0.00 0.00 0.00 100.00 100.00 -1000 1.51 3.17 -1.13 -1000 34.03 1.73 391.970
car -1 -1 0.00 0.00 0.00 100.00 100.00 -1000 1.58 3.83 -2.61 -1000 45.96 1.50 389.106
car -1 -1 0.00 0.00 0.00 100.00 100.00 -1000 1.67 4.35 15.50 -1000 37.03 0.01 387.110
car -1 -1 0.00 0.00 0.00 100.00 100.00 -1000 1.46 3.99 7.65 -1000 32.87 -0.21 379.692
car -1 -1 0.00 0.00 0.00 100.00 100.00 -1000 1.87 4.28 1.59 -1000 30.56 1.59 375.255
car -1 -1 0.00 0.00 0.00 100.00 100.00 -1000 1.89 4.41 -15.45 -1000 30.60 1.61 372.362
car -1 -1 0.00 0.00 0.00 100.00 100.00 -1000 2.09 5.77 17.57 -1000 39.81 1.67 368.320
car -1 -1 0.00 0.00 0.00 100.00 100.00 -1000 2.37 7.61 16.68 -1000 26.62 1.63 366.202
car -1 -1 0.00 0.00 0.00 100.00 100.00 -1000 1.47 3.26 -13.29 -1000 44.08 0.10 363.662
car -1 -1 0.00 0.00 0.00 100.00 100.00 -1000 1.57 3.98 -15.41 -1000 19.37 1.57 362.971
car -1 -1 0.00 0.00 0.00 100.00 100.00 -1000 1.79 4.81 12.58 -1000 24.38 1.65 362.876
car -1 -1 0.00 0.00 0.00 100.00 100.00 -1000 2.03 5.90 12.57 -1000 27.87 1.62 358.871
car -1 -1 0.00 0.00 0.00 100.00 100.00 -1000 1.80 4.39 3.58 -1000 29.03 1.65 358.255
car -1 -1 0.00 0.00 0.00 100.00 100.00 -1000 1.45 3.88 -6.69 -1000 38.09 -0.29 357.306
car -1 -1 0.00 0.00 0.00 100.00 100.00 -1000 1.60 4.27 3.04 -1000 28.09 0.07 356.735
car -1 -1 0.00 0.00 0.00 100.00 100.00 -1000 1.76 4.26 -4.07 -1000 31.62 1.70 353.008
car -1 -1 0.00 0.00 0.00 100.00 100.00 -1000 1.19 3.41 9.51 -1000 32.94 -0.05 351.948
car -1 -1 0.00 0.00 0.00 100.00 100.00 -1000 2.05 5.43 10.39 -1000 15.74 1.71 351.613
car -1 -1 0.00 0.00 0.00 100.00 100.00 -1000 1.41 4.19 2.39 -1000 24.32 0.00 344.007
car -1 -1 0.00 0.00 0.00 100.00 100.00 -1000 1.66 3.72 16.29 -1000 36.42 1.49 329.169
car -1 -1 0.00 0.00 0.00 100.00 100.00 -1000 1.64 4.44 -14.78 -1000 21.10 -0.09 328.152
car -1 -1 0.00 0.00 0.00 100.00 100.00 -1000 1.72 4.39 7.21 -1000 7.58 1.69 328.147
car -1 -1 0.00 0.00 0.00 100.00 100.00 -1000 2.15 6.20 0.65 -1000 44.39 1.61 328.010
car -1 -1 0.00 0.00 0.00 100.00 100.00 -1000 1.48 3.59 -4.07 -1000 44.21 1.65 327.961
car -1 -1 0.00 0.00 0.00 100.00 100.00 -1000 1.59 3.22 3.31 -1000 36.06 1.51 321.038
car -1 -1 0.00 0.00 0.00 100.00 100.00 -1000 1.53 4.00 4.68 -1000 45.20 1.55 318.095
car -1 -1 0.00 0.00 0.00 100.00 100.00 -1000 1.31 3.54 -3.78 -1000 34.98 -0.19 315.025
car -1 -1 0.00 0.00 0.00 100.00 100.00 -1000 1.87 4.27 -7.72 -1000 14.50 1.64 311.531
car -1 -1 0.00 0.00 0.00 100.00 100.00 -1000 1.92 5.55 -9.74 -1000 34.98 1.74 311.236
car -1 -1 0.00 0.00 0.00 100.00 100.00 -1000 1.82 4.08 -16.44 -1000 29.06 1.70 310.415
car -1 -1 0.00 0.00 0.00 100.00 100.00 -1000 1.86 4.87 10.96 -1000 26.70 1.74 310.102
car -1 -1 0.00 0.00 0.00 100.00 100.00 -1000 1.95 5.38 10.96 -1000 14.66 1.70 309.105
car -1 -1 0.00 0.00 0.00 100.00 100.00 -1000 1.90 4.34 -18.44 -1000 29.18 1.57 309.096
car -1 -1 0.00 0.00 0.00 100.00 100.00 -1000 1.54 3.58 -0.42 -1000 45.93 1.63 307.969
car -1 -1 0.00 0.00 0.00 100.00 100.00 -1000 1.83 4.55 7.10 -1000 31.32 1.55 305.577
car -1 -1 0.00 0.00 0.00 100.00 100.00 -1000 1.67 3.98 -4.49 -1000 38.24 1.53 304.371
car -1 -1 0.00 0.00 0.00 100.00 100.00 -1000 1.67 4.42 -8.23 -1000 18.46 -0.01 301.638
car -1 -1 0.00 0.00 0.00 100.00 100.00 -1000 1.80 5.21 -0.65 -1000 17.16 1.84 299.339
car -1 -1 0.00 0.00 0.00 100.00 100.00 -1000 1.45 4.17 -0.06 -1000 29.24 0.18 296.746
car -1 -1 0.00 0.00 0.00 100.00 100.00 -1000 1.65 4.22 6.38 -1000 46.36 1.70 296.446
car -1 -1 0.00 0.00 0.00 100.00 100.00 -1000 1.67 3.59 -2.36 -1000 30.49 1.61 291.645
car -1 -1 0.00 0.00 0.00 100.00 100.00 -1000 2.42 8.05 16.02 -1000 27.76 1.63 289.139
car -1 -1 0.00 0.00 0.00 100.00 100.00 -1000 1.48 3.50 10.67 -1000 32.21 1.61 288.606
car -1 -1 0.00 0.00 0.00 100.00 100.00 -1000 2.09 6.05 13.38 -1000 26.29 1.69 288.455
car -1 -1 0.00 0.00 0.00 100.00 100.00 -1000 1.93 5.54 -5.41 -1000 20.05 1.63 286.698
car -1 -1 0.00 0.00 0.00 100.00 100.00 -1000 1.69 4.12 7.25 -1000 35.66 1.60 282.027
car -1 -1 0.00 0.00 0.00 100.00 100.00 -1000 1.71 4.68 -2.19 -1000 37.88 1.70 281.785
car -1 -1 0.00 0.00 0.00 100.00 100.00 -1000 1.73 4.26 -17.70 -1000 33.84 1.68 280.436
car -1 -1 0.00 0.00 0.00 100.00 100.00 -1000 1.89 4.25 -16.98 -1000 27.43 1.62 280.426
car -1 -1 0.00 0.00 0.00 100.00 100.00 -1000 1.70 4.16 17.91 -1000 21.82 1.61 280.270
car -1 -1 0.00 0.00 0.00 100.00 100.00 -1000 1.94 4.81 -17.62 -1000 22.66 1.60 276.060
car -1 -1 0.00 0.00 0.00 100.00 100.00 -1000 1.89 5.01 12.05 -1000 38.78 1.61 272.917
car -1 -1 0.00 0.00 0.00 100.00 100.00 -1000 1.71 4.79 -2.63 -1000 29.04 0.09 266.848
car -1 -1 0.00 0.00 0.00 100.00 100.00 -1000 1.77 4.27 -7.59 -1000 33.49 1.65 266.103
car -1 -1 0.00 0.00 0.00 100.00 100.00 -1000 2.10 5.65 0.54 -1000 47.74 1.68 265.698
car -1 -1 0.00 0.00 0.00 100.00 100.00 -1000 1.57 4.17 6.34 -1000 34.65 1.56 262.655
car -1 -1 0.00 0.00 0.00 100.00 100.00 -1000 2.05 7.19 -3.12 -1000 20.30 1.68 261.430
car -1 -1 0.00 0.00 0.00 100.00 100.00 -1000 1.84 5.51 3.58 -1000 44.41 1.65 261.009
car -1 -1 0.00 0.00 0.00 100.00 100.00 -1000 1.50 3.67 4.34 -1000 35.49 1.55 258.892
car -1 -1 0.00 0.00 0.00 100.00 100.00 -1000 1.94 4.59 2.88 -1000 25.29 1.59 258.723
car -1 -1 0.00 0.00 0.00 100.00 100.00 -1000 1.76 4.52 7.54 -1000 43.96 1.71 258.051
car -1 -1 0.00 0.00 0.00 100.00 100.00 -1000 2.37 7.93 11.24 -1000 41.94 1.60 257.928
car -1 -1 0.00 0.00 0.00 100.00 100.00 -1000 1.82 4.96 12.60 -1000 34.07 1.65 255.095
car -1 -1 0.00 0.00 0.00 100.00 100.00 -1000 1.55 3.89 -6.79 -1000 36.96 1.60 254.984
