car -1 -1 0.00 0.00 0.00 100.00 100.00 -1000 1.63 3.84 -0.03 -1000 19.86 -0.19 998.391
car -1 -1 0.00 0.00 0.00 100.00 100.00 -1000 1.62 3.65 0.24 -1000 20.76 1.68 994.601
car -1 -1 0.00 0.00 0.00 100.00 100.00 -1000 1.54 3.34 -10.80 -1000 46.31 1.61 978.246
car -1 -1 0.00 0.00 0.00 100.00 100.00 -1000 1.68 4.20 -12.95 -1000 16.79 1.70 952.951
car -1 -1 0.00 0.00 0.00 100.00 100.00 -1000 1.77 4.40 -3.94 -1000 42.59 1.61 944.578
car -1 -1 0.00 0.00 0.00 100.00 100.00 -1000 1.66 3.97 -10.65 -1000 47.13 1.57 937.050
car -1 -1 0.00 0.00 0.00 100.00 100.00 -1000 1.67 4.11 -5.59 -1000 42.42 1.62 935.650
car -1 -1 0.00 0.00 0.00 100.00 100.00 -1000 1.73 4.43 -6.86 -1000 47.47 1.63 935.244
car -1 -1 0.00 0.00 0.00 100.00 100.00 -1000 1.84 4.60 -8.49 -1000 47.65 1.62 919.833
car -1 -1 0.00 0.00 0.00 100.00 100.00 -1000 1.58 3.65 6.61 -1000 44.72 1.73 919.131
car -1 -1 0.00 0.00 0.00 100.00 100.00 -1000 1.57 3.87 -2.60 -1000 42.93 1.67 913.060
car -1 -1 0.00 0.00 0.00 100.00 100.00 -1000 1.77 4.35 -10.89 -1000 44.74 1.70 910.649
car -1 -1 0.00 0.00 0.00 100.00 100.00 -1000 1.80 4.24 -4.80 -1000 41.72 -0.10 908.142
car -1 -1 0.00 0.00 0.00 100.00 100.00 -1000 1.50 3.28 -12.55 -1000 15.82 1.64 906.842
car -1 -1 0.00 0.00 0.00 100.00 100.00 -1000 1.62 3.82 -12.67 -1000 17.68 1.70 905.990
car -1 -1 0.00 0.00 0.00 100.00 100.00 -1000 1.74 4.33 -12.43 -1000 18.91 1.72 894.251
car -1 -1 0.00 0.00 0.00 100.00 100.00 -1000 3.23 12.91 2.78 -1000 24.06 1.64 887.831
car -1 -1 0.00 0.00 0.00 100.00 100.00 -1000 1.62 3.84 -11.30 -1000 14.74 -0.19 876.706
car -1 -1 0.00 0.00 0.00 100.00 100.00 -1000 1.57 3.75 6.34 -1000 36.98 1.76 876.611
car -1 -1 0.00 0.00 0.00 100.00 100.00 -1000 1.73 3.85 6.39 -1000 38.17 1.65 873.917
car -1 -1 0.00 0.00 0.00 100.00 100.00 -1000 1.85 4.82 0.09 -1000 21.49 1.57 871.855
car -1 -1 0.00 0.00 0.00 100.00 100.00 -1000 3.03 9.24 -0.25 -1000 24.60 1.64 868.000
car -1 -1 0.00 0.00 0.00 100.00 100.00 -1000 1.40 2.93 -10.87 -1000 45.52 1.59 860.945
car -1 -1 0.00 0.00 0.00 100.00 100.00 -1000 2.80 8.64 0.36 -1000 23.33 1.61 850.401
car -1 -1 0.00 0.00 0.00 100.00 100.00 -1000 1.73 4.08 -2.90 -1000 41.74 -0.09 848.030
car -1 -1 0.00 0.00 0.00 100.00 100.00 -1000 1.60 3.79 -4.87 -1000 43.19 1.62 841.933
car -1 -1 0.00 0.00 0.00 100.00 100.00 -1000 1.60 3.99 -11.75 -1000 38.62 1.68 839.348
car -1 -1 0.00 0.00 0.00 100.00 100.00 -1000 1.68 4.22 -9.21 -1000 46.84 1.70 839.211
car -1 -1 0.00 0.00 0.00 100.00 100.00 -1000 1.80 4.47 -5.16 -1000 47.21 1.68 836.428
car -1 -1 0.00 0.00 0.00 100.00 100.00 -1000 1.59 3.80 -6.70 -1000 41.90 1.64 833.334
car -1 -1 0.00 0.00 0.00 100.00 100.00 -1000 1.66 4.17 -11.49 -1000 40.69 1.58 833.071
car -1 -1 0.00 0.00 0.00 100.00 100.00 -1000 1.61 3.95 -3.18 -1000 38.13 1.59 832.934
car -1 -1 0.00 0.00 0.00 100.00 100.00 -1000 1.57 3.79 -9.67 -1000 45.96 1.73 832.386
car -1 -1 0.00 0.00 0.00 100.00 100.00 -1000 1.66 4.17 -10.75 -1000 15.66 1.70 825.359
car -1 -1 0.00 0.00 0.00 100.00 100.00 -1000 1.54 3.54 5.80 -1000 45.39 1.58 823.017
car -1 -1 0.00 0.00 0.00 100.00 100.00 -1000 1.73 4.13 -7.41 -1000 46.57 -0.03 821.775
car -1 -1 0.00 0.00 0.00 100.00 100.00 -1000 1.75 4.25 -11.07 -1000 43.63 1.77 821.754
car -1 -1 0.00 0.00 0.00 100.00 100.00 -1000 1.56 3.78 -8.15 -1000 41.36 1.65 820.730
car -1 -1 0.00 0.00 0.00 100.00 100.00 -1000 1.69 3.94 7.47 -1000 46.31 1.68 817.249
car -1 -1 0.00 0.00 0.00 100.00 100.00 -1000 1.66 3.90 1.42 -1000 19.63 -0.05 816.151
car -1 -1 0.00 0.00 0.00 100.00 100.00 -1000 2.79 11.43 3.67 -1000 22.77 1.62 814.596
car -1 -1 0.00 0.00 0.00 100.00 100.00 -1000 1.72 4.34 -10.90 -1000 41.51 1.63 810.668
car -1 -1 0.00 0.00 0.00 100.00 100.00 -1000 2.26 6.76 0.33 -1000 22.33 1.60 798.964
car -1 -1 0.00 0.00 0.00 100.00 100.00 -1000 1.59 3.71 -12.33 -1000 24.19 1.71 791.859
car -1 -1 0.00 0.00 0.00 100.00 100.00 -1000 1.61 3.90 -11.86 -1000 37.07 1.69 790.401
car -1 -1 0.00 0.00 0.00 100.00 100.00 -1000 1.95 5.78 5.30 -1000 22.23 1.62 789.535
car -1 -1 0.00 0.00 0.00 100.00 100.00 -1000 1.67 3.75 6.00 -1000 33.39 1.61 785.795
car -1 -1 0.00 0.00 0.00 100.00 100.00 -1000 1.63 3.73 6.23 -1000 21.69 1.71 774.679
car -1 -1 0.00 0.00 0.00 100.00 100.00 -1000 1.75 4.29 -12.23 -1000 25.29 1.63 765.979
car -1 -1 0.00 0.00 0.00 100.00 100.00 -1000 1.61 3.85 6.45 -1000 35.81 1.70 760.239
car -1 -1 0.00 0.00 0.00 100.00 100.00 -1000 1.91 4.46 2.14 -1000 21.34 1.72 756.592
car -1 -1 0.00 0.00 0.00 100.00 100.00 -1000 1.70 4.10 2.71 -1000 42.33 1.61 755.841
car -1 -1 0.00 0.00 0.00 100.00 100.00 -1000 1.76 4.26 6.87 -1000 39.02 1.78 744.486
car -1 -1 0.00 0.00 0.00 100.00 100.00 -1000 1.67 4.18 7.38 -1000 45.34 -0.42 740.982
car -1 -1 0.00 0.00 0.00 100.00 100.00 -1000 1.82 4.68 -7.87 -1000 45.66 1.60 729.139
car -1 -1 0.00 0.00 0.00 100.00 100.00 -1000 1.81 4.45 -11.71 -1000 19.73 1.72 728.861
car -1 -1 0.00 0.00 0.00 100.00 100.00 -1000 1.57 3.58 6.69 -1000 43.73 -0.20 728.008
car -1 -1 0.00 0.00 0.00 100.00 100.00 -1000 1.59 3.69 -10.92 -1000 42.33 1.60 719.106
car -1 -1 0.00 0.00 0.00 100.00 100.00 -1000 2.38 7.11 -4.69 -1000 46.49 1.63 715.943
car -1 -1 0.00 0.00 0.00 100.00 100.00 -1000 1.75 4.38 -4.48 -1000 37.68 1.60 706.824
car -1 -1 0.00 0.00 0.00 100.00 100.00 -1000 1.72 4.29 -1.42 -1000 42.50 1.71 704.807
car -1 -1 0.00 0.00 0.00 100.00 100.00 -1000 2.30 7.20 5.03 -1000 23.84 1.67 704.329
car -1 -1 0.00 0.00 0.00 100.00 100.00 -1000 1.64 4.03 6.36 -1000 32.56 1.71 700.815
car -1 -1 0.00 0.00 0.00 100.00 100.00 -1000 1.79 4.48 -11.65 -1000 18.24 1.73 698.120
car -1 -1 0.00 0.00 0.00 100.00 100.00 -1000 1.94 4.49 5.98 -1000 25.43 1.68 688.375
car -1 -1 0.00 0.00 0.00 100.00 100.00 -1000 1.55 3.55 5.78 -1000 43.07 1.61 682.064
car -1 -1 0.00 0.00 0.00 100.00 100.00 -1000 1.56 3.74 -11.48 -1000 37.81 1.55 674.946
car -1 -1 0.00 0.00 0.00 100.00 100.00 -1000 1.74 4.30 -8.06 -1000 40.45 1.64 667.373
car -1 -1 0.00 0.00 0.00 100.00 100.00 -1000 1.60 3.54 -2.88 -1000 37.32 -0.06 667.121
car -1 -1 0.00 0.00 0.00 100.00 100.00 -1000 1.65 4.16 -9.07 -1000 45.25 1.68 662.680
car -1 -1 0.00 0.00 0.00 100.00 100.00 -1000 1.65 4.02 -6.21 -1000 41.18 1.66 660.226
car -1 -1 0.00 0.00 0.00 100.00 100.00 -1000 1.72 4.29 -11.30 -1000 39.57 1.69 646.054
car -1 -1 0.00 0.00 0.00 100.00 100.00 -1000 1.79 4.39 6.47 -1000 22.96 1.67 637.808
car -1 -1 0.00 0.00 0.00 100.00 100.00 -1000 2.58 8.89 1.96 -1000 25.29 1.70 628.539
car -1 -1 0.00 0.00 0.00 100.00 100.00 -1000 1.51 3.28 -4.52 -1000 38.37 1.61 626.152
car -1 -1 0.00 0.00 0.00 100.00 100.00 -1000 1.66 3.81 6.20 -1000 30.53 1.74 623.400
car -1 -1 0.00 0.00 0.00 100.00 100.00 -1000 1.71 3.85 5.95 -1000 31.80 1.63 619.838
car -1 -1 0.00 0.00 0.00 100.00 100.00 -1000 1.68 3.53 -12.80 -1000 15.06 1.56 617.194
car -1 -1 0.00 0.00 0.00 100.00 100.00 -1000 1.80 5.12 3.35 -1000 20.58 1.74 600.913
car -1 -1 0.00 0.00 0.00 100.00 100.00 -1000 1.88 5.01 -11.53 -1000 17.11 1.75 598.110
car -1 -1 0.00 0.00 0.00 100.00 100.00 -1000 1.46 3.37 4.01 -1000 42.54 1.61 593.737
car -1 -1 0.00 0.00 0.00 100.00 100.00 -1000 1.88 5.91 -5.84 -1000 45.31 1.70 590.623
car -1 -1 0.00 0.00 0.00 100.00 100.00 -1000 1.80 4.39 -11.69 -1000 35.49 1.64 588.834
car -1 -1 0.00 0.00 0.00 100.00 100.00 -1000 1.53 3.51 -1.61 -1000 38.39 1.68 588.768
car -1 -1 0.00 0.00 0.00 100.00 100.00 -1000 2.32 7.92 -1.94 -1000 46.19 1.71 588.119
car -1 -1 0.00 0.00 0.00 100.00 100.00 -1000 1.52 4.17 -5.69 -1000 37.24 -0.06 575.188
car -1 -1 0.00 0.00 0.00 100.00 100.00 -1000 1.59 4.51 0.52 -1000 18.81 -0.32 574.309
car -1 -1 0.00 0.00 0.00 100.00 100.00 -1000 1.69 4.32 6.26 -1000 34.61 1.72 572.409
car -1 -1 0.00 0.00 0.00 100.00 100.00 -1000 1.82 4.48 8.27 -1000 47.01 1.72 570.340
car -1 -1 0.00 0.00 0.00 100.00 100.00 -1000 1.82 4.98 -1.64 -1000 21.67 1.66 569.357
car -1 -1 0.00 0.00 0.00 100.00 100.00 -1000 1.84 4.12 5.88 -1000 20.13 1.65 566.464
car -1 -1 0.00 0.00 0.00 100.00 100.00 -1000 1.70 4.03 7.13 -1000 33.79 1.66 566.097
car -1 -1 0.00 0.00 0.00 100.00 100.00 -1000 1.55 3.78 -6.85 -1000 33.80 1.62 560.279
car -1 -1 0.00 0.00 0.00 100.00 100.00 -1000 2.12 6.02 -7.65 -1000 44.72 1.68 556.543
car -1 -1 0.00 0.00 0.00 100.00 100.00 -1000 1.63 3.89 -6.97 -1000 42.86 1.62 552.795
car -1 -1 0.00 0.00 0.00 100.00 100.00 -1000 1.72 4.08 -3.22 -1000 33.97 1.59 549.259
car -1 -1 0.00 0.00 0.00 100.00 100.00 -1000 1.98 5.16 8.08 -1000 39.82 1.66 548.392
car -1 -1 0.00 0.00 0.00 100.00 100.00 -1000 2.20 6.28 -2.42 -1000 24.54 1.52 547.415
car -1 -1 0.00 0.00 0.00 100.00 100.00 -1000 1.48 3.51 -4.73 -1000 34.11 1.60 540.252
car -1 -1 0.00 0.00 0.00 100.00 100.00 -1000 1.67 4.06 -5.82 -1000 38.07 1.57 538.236
car -1 -1 0.00 0.00 0.00 100.00 100.00 -1000 1.64 4.08 5.44 -1000 42.08 1.61 526.247
car -1 -1 0.00 0.00 0.00 100.00 100.00 -1000 2.00 5.72 -2.72 -1000 47.28 1.71 525.951
car -1 -1 0.00 0.00 0.00 100.00 100.00 -1000 1.87 5.30 -10.52 -1000 19.02 1.73 524.001
car -1 -1 0.00 0.00 0.00 100.00 100.00 -1000 1.85 4.50 6.48 -1000 24.62 1.70 519.946
car -1 -1 0.00 0.00 0.00 100.00 100.00 -1000 1.67 4.12 7.34 -1000 37.58 -0.45 519.645
car -1 -1 0.00 0.00 0.00 100.00 100.00 -1000 1.84 5.13 5.12 -1000 21.09 1.69 516.371
car -1 -1 0.00 0.00 0.00 100.00 100.00 -1000 1.60 4.05 -12.89 -1000 22.58 1.65 516.297
car -1 -1 0.00 0.00 0.00 100.00 100.00 -1000 1.64 4.42 -11.78 -1000 32.17 1.58 511.502
car -1 -1 0.00 0.00 0.00 100.00 100.00 -1000 2.42 7.16 -4.03 -1000 44.91 1.63 501.577
car -1 -1 0.00 0.00 0.00 100.00 100.00 -1000 1.67 3.92 -9.24 -1000 15.43 1.69 494.593
car -1 -1 0.00 0.00 0.00 100.00 100.00 -1000 1.56 3.56 -7.81 -1000 33.00 1.61 491.672
car -1 -1 0.00 0.00 0.00 100.00 100.00 -1000 1.65 4.30 -9.79 -1000 38.79 1.70 491.665
car -1 -1 0.00 0.00 0.00 100.00 100.00 -1000 1.87 4.80 7.74 -1000 23.84 1.69 486.253
car -1 -1 0.00 0.00 0.00 100.00 100.00 -1000 1.80 4.64 -1.63 -1000 41.32 1.70 472.853
car -1 -1 0.00 0.00 0.00 100.00 100.00 -1000 1.76 4.85 7.40 -1000 36.34 -0.43 460.632
car -1 -1 0.00 0.00 0.00 100.00 100.00 -1000 1.75 4.50 -9.73 -1000 35.46 1.67 459.487
car -1 -1 0.00 0.00 0.00 100.00 100.00 -1000 1.88 4.33 6.41 -1000 27.13 1.65 458.736
car -1 -1 0.00 0.00 0.00 100.00 100.00 -1000 1.89 4.77 7.99 -1000 25.47 1.72 450.825
car -1 -1 0.00 0.00 0.00 100.00 100.00 -1000 1.62 3.70 -7.25 -1000 37.06 1.59 449.531
car -1 -1 0.00 0.00 0.00 100.00 100.00 -1000 2.22 6.71 -0.58 -1000 45.30 1.63 448.844
car -1 -1 0.00 0.00 0.00 100.00 100.00 -1000 1.75 4.57 -11.09 -1000 24.67 1.73 447.409
car -1 -1 0.00 0.00 0.00 100.00 100.00 -1000 1.91 5.44 -10.09 -1000 17.85 1.75 445.197
car -1 -1 0.00 0.00 0.00 100.00 100.00 -1000 1.75 4.23 -11.85 -1000 26.10 1.73 443.740
car -1 -1 0.00 0.00 0.00 100.00 100.00 -1000 1.83 4.27 7.65 -1000 22.55 1.65 441.807
car -1 -1 0.00 0.00 0.00 100.00 100.00 -1000 1.64 4.25 5.34 -1000 44.39 1.61 440.028
car -1 -1 0.00 0.00 0.00 100.00 100.00 -1000 1.87 5.25 3.92 -1000 19.46 1.75 438.483
car -1 -1 0.00 0.00 0.00 100.00 100.00 -1000 1.92 5.65 -9.66 -1000 16.55 1.78 436.855
car -1 -1 0.00 0.00 0.00 100.00 100.00 -1000 2.01 6.45 -6.11 -1000 44.14 1.68 432.527
car -1 -1 0.00 0.00 0.00 100.00 100.00 -1000 1.71 4.25 -1.49 -1000 37.64 1.71 431.666
car -1 -1 0.00 0.00 0.00 100.00 100.00 -1000 1.71 4.59 4.77 -1000 37.80 1.59 431.131
car -1 -1 0.00 0.00 0.00 100.00 100.00 -1000 1.70 4.83 -1.28 -1000 20.34 1.65 429.373
car -1 -1 0.00 0.00 0.00 100.00 100.00 -1000 1.86 5.31 -10.46 -1000 20.18 1.73 423.522
car -1 -1 0.00 0.00 0.00 100.00 100.00 -1000 1.52 4.27 6.61 -1000 20.77 -0.29 422.672
car -1 -1 0.00 0.00 0.00 100.00 100.00 -1000 1.82 4.75 -9.25 -1000 39.59 1.68 421.797
car -1 -1 0.00 0.00 0.00 100.00 100.00 -1000 1.70 4.63 3.12 -1000 41.26 1.63 412.479
car -1 -1 0.00 0.00 0.00 100.00 100.00 -1000 1.77 4.31 -11.67 -1000 33.90 1.70 399.143
car -1 -1 0.00 0.00 0.00 100.00 100.00 -1000 1.80 4.35 -9.61 -1000 43.05 1.69 394.821
car -1 -1 0.00 0.00 0.00 100.00 100.00 -1000 1.70 4.13 -7.96 -1000 42.19 1.66 389.194
car -1 -1 0.00 0.00 0.00 100.00 100.00 -1000 2.20 6.80 0.33 -1000 44.47 1.64 388.959
car -1 -1 0.00 0.00 0.00 100.00 100.00 -1000 1.85 4.42 -13.71 -1000 18.24 1.55 387.825
car -1 -1 0.00 0.00 0.00 100.00 100.00 -1000 1.31 3.36 -10.81 -1000 14.03 -0.17 385.292
car -1 -1 0.00 0.00 0.00 100.00 100.00 -1000 1.89 4.65 -12.24 -1000 27.01 1.57 384.432
car -1 -1 0.00 0.00 0.00 100.00 100.00 -1000 1.33 3.83 -3.63 -1000 41.04 -0.06 380.682
car -1 -1 0.00 0.00 0.00 100.00 100.00 -1000 1.81 4.51 -0.56 -1000 41.92 1.68 368.430
car -1 -1 0.00 0.00 0.00 100.00 100.00 -1000 1.63 3.60 -10.01 -1000 32.56 1.62 364.061
car -1 -1 0.00 0.00 0.00 100.00 100.00 -1000 1.70 4.68 -7.70 -1000 32.33 1.59 362.580
car -1 -1 0.00 0.00 0.00 100.00 100.00 -1000 1.65 4.47 6.25 -1000 41.49 -0.13 359.230
car -1 -1 0.00 0.00 0.00 100.00 100.00 -1000 1.78 4.52 -0.28 -1000 43.16 1.70 358.326
car -1 -1 0.00 0.00 0.00 100.00 100.00 -1000 1.67 3.88 -7.76 -1000 36.30 1.62 358.271
car -1 -1 0.00 0.00 0.00 100.00 100.00 -1000 1.76 4.54 -6.93 -1000 34.68 1.58 354.802
car -1 -1 0.00 0.00 0.00 100.00 100.00 -1000 1.75 4.10 -12.17 -1000 44.14 1.58 352.036
car -1 -1 0.00 0.00 0.00 100.00 100.00 -1000 1.62 3.93 7.94 -1000 38.44 -0.25 348.695
car -1 -1 0.00 0.00 0.00 100.00 100.00 -1000 1.74 4.18 -10.57 -1000 36.28 1.65 347.610
car -1 -1 0.00 0.00 0.00 100.00 100.00 -1000 1.77 4.13 6.25 -1000 12.82 1.71 347.520
car -1 -1 0.00 0.00 0.00 100.00 100.00 -1000 1.86 4.16 -13.96 -1000 20.19 1.60 347.300
car -1 -1 0.00 0.00 0.00 100.00 100.00 -1000 1.82 4.97 4.71 -1000 33.78 1.60 344.018
car -1 -1 0.00 0.00 0.00 100.00 100.00 -1000 1.65 4.02 1.29 -1000 41.85 1.63 343.209
car -1 -1 0.00 0.00 0.00 100.00 100.00 -1000 1.44 3.74 -19.12 -1000 23.25 -0.19 342.341
car -1 -1 0.00 0.00 0.00 100.00 100.00 -1000 1.67 4.60 -14.46 -1000 15.88 1.66 340.174
car -1 -1 0.00 0.00 0.00 100.00 100.00 -1000 1.62 4.05 -5.11 -1000 40.43 1.60 338.696
car -1 -1 0.00 0.00 0.00 100.00 100.00 -1000 1.95 5.54 3.04 -1000 18.78 1.71 337.938
car -1 -1 0.00 0.00 0.00 100.00 100.00 -1000 2.03 5.57 -2.85 -1000 22.97 1.60 336.495
car -1 -1 0.00 0.00 0.00 100.00 100.00 -1000 1.89 5.58 -9.06 -1000 18.51 1.76 332.317
car -1 -1 0.00 0.00 0.00 100.00 100.00 -1000 1.73 4.04 -12.45 -1000 41.84 1.67 325.453
car -1 -1 0.00 0.00 0.00 100.00 100.00 -1000 1.79 4.44 7.39 -1000 31.53 1.65 325.218
car -1 -1 0.00 0.00 0.00 100.00 100.00 -1000 1.62 4.17 -6.60 -1000 38.72 1.67 325.183
car -1 -1 0.00 0.00 0.00 100.00 100.00 -1000 1.94 4.70 8.22 -1000 27.12 1.65 323.194
car -1 -1 0.00 0.00 0.00 100.00 100.00 -1000 1.96 5.76 9.52 -1000 38.99 1.71 320.733
car -1 -1 0.00 0.00 0.00 100.00 100.00 -1000 1.78 4.46 2.70 -1000 37.10 1.60 318.347
car -1 -1 0.00 0.00 0.00 100.00 100.00 -1000 2.11 5.55 6.13 -1000 46.82 1.67 313.339
car -1 -1 0.00 0.00 0.00 100.00 100.00 -1000 1.72 3.96 -1.80 -1000 34.18 1.73 312.977
car -1 -1 0.00 0.00 0.00 100.00 100.00 -1000 1.65 3.92 2.24 -1000 37.83 1.59 311.310
car -1 -1 0.00 0.00 0.00 100.00 100.00 -1000 1.69 4.16 8.18 -1000 35.42 1.62 308.766
car -1 -1 0.00 0.00 0.00 100.00 100.00 -1000 2.00 5.60 -1.33 -1000 44.03 1.66 308.560
car -1 -1 0.00 0.00 0.00 100.00 100.00 -1000 1.67 3.80 6.89 -1000 26.33 -0.38 308.324
car -1 -1 0.00 0.00 0.00 100.00 100.00 -1000 1.98 4.47 6.18 -1000 28.98 1.60 307.896
car -1 -1 0.00 0.00 0.00 100.00 100.00 -1000 1.74 4.47 -14.35 -1000 17.53 -0.04 305.125
car -1 -1 0.00 0.00 0.00 100.00 100.00 -1000 2.14 5.76 9.73 -1000 40.17 1.62 305.032
car -1 -1 0.00 0.00 0.00 100.00 100.00 -1000 1.73 4.46 1.12 -1000 42.82 1.68 304.606
car -1 -1 0.00 0.00 0.00 100.00 100.00 -1000 1.97 5.26 -4.06 -1000 43.98 1.67 301.344
car -1 -1 0.00 0.00 0.00 100.00 100.00 -1000 1.98 4.84 -16.25 -1000 22.11 1.60 300.058
car -1 -1 0.00 0.00 0.00 100.00 100.00 -1000 1.81 4.62 9.33 -1000 46.51 1.66 298.938
car -1 -1 0.00 0.00 0.00 100.00 100.00 -1000 1.84 5.24 -12.13 -1000 28.96 1.62 294.860
car -1 -1 0.00 0.00 0.00 100.00 100.00 -1000 1.93 5.06 -8.32 -1000 43.70 1.71 292.753
car -1 -1 0.00 0.00 0.00 100.00 100.00 -1000 1.58 4.22 -3.01 -1000 40.41 1.61 292.493
car -1 -1 0.00 0.00 0.00 100.00 100.00 -1000 2.04 5.45 -12.20 -1000 20.54 1.63 290.402
car -1 -1 0.00 0.00 0.00 100.00 100.00 -1000 1.88 5.16 -9.70 -1000 25.14 1.73 289.910
car -1 -1 0.00 0.00 0.00 100.00 100.00 -1000 1.59 3.98 -5.95 -1000 33.28 -0.11 289.497
car -1 -1 0.00 0.00 0.00 100.00 100.00 -1000 1.90 4.35 -11.85 -1000 30.58 1.60 281.960
car -1 -1 0.00 0.00 0.00 100.00 100.00 -1000 1.95 5.69 -8.62 -1000 17.33 1.77 281.115
car -1 -1 0.00 0.00 0.00 100.00 100.00 -1000 1.87 4.82 -12.24 -1000 42.65 1.63 281.079
car -1 -1 0.00 0.00 0.00 100.00 100.00 -1000 1.75 4.43 -14.54 -1000 19.40 1.61 279.757
car -1 -1 0.00 0.00 0.00 100.00 100.00 -1000 1.66 3.90 7.59 -1000 21.29 1.64 279.324
car -1 -1 0.00 0.00 0.00 100.00 100.00 -1000 1.82 4.91 -12.07 -1000 33.05 1.63 275.147
car -1 -1 0.00 0.00 0.00 100.00 100.00 -1000 1.80 4.21 -13.93 -1000 22.10 1.63 270.168
car -1 -1 0.00 0.00 0.00 100.00 100.00 -1000 1.95 4.88 6.06 -1000 40.32 1.59 268.822
car -1 -1 0.00 0.00 0.00 100.00 100.00 -1000 1.94 5.16 -9.41 -1000 33.92 1.75 267.721
car -1 -1 0.00 0.00 0.00 100.00 100.00 -1000 1.48 4.12 -12.05 -1000 23.21 -0.39 265.354
car -1 -1 0.00 0.00 0.00 100.00 100.00 -1000 1.96 4.85 7.25 -1000 27.78 1.71 264.940
car -1 -1 0.00 0.00 0.00 100.00 100.00 -1000 1.94 5.27 -7.37 -1000 35.55 1.67 263.989
car -1 -1 0.00 0.00 0.00 100.00 100.00 -1000 1.76 3.94 -13.45 -1000 23.45 1.52 258.510
car -1 -1 0.00 0.00 0.00 100.00 100.00 -1000 1.85 5.27 -11.91 -1000 34.70 1.58 258.158
car -1 -1 0.00 0.00 0.00 100.00 100.00 -1000 1.84 4.18 -16.11 -1000 20.89 1.58 251.326
car -1 -1 0.00 0.00 0.00 100.00 100.00 -1000 2.00 4.98 8.78 -1000 24.61 1.68 249.692
car -1 -1 0.00 0.00 0.00 100.00 100.00 -1000 1.79 5.12 3.78 -1000 46.65 1.61 249.544
car -1 -1 0.00 0.00 0.00 100.00 100.00 -1000 1.87 5.30 -7.70 -1000 39.28 1.74 247.533
car -1 -1 0.00 0.00 0.00 100.00 100.00 -1000 1.95 5.67 6.04 -1000 12.15 1.61 246.726
car -1 -1 0.00 0.00 0.00 100.00 100.00 -1000 1.87 4.77 -14.53 -1000 32.00 1.62 246.550
car -1 -1 0.00 0.00 0.00 100.00 100.00 -1000 1.83 4.44 7.95 -1000 12.87 1.66 246.273
car -1 -1 0.00 0.00 0.00 100.00 100.00 -1000 1.93 4.63 7.52 -1000 29.94 1.64 242.787
car -1 -1 0.00 0.00 0.00 100.00 100.00 -1000 2.33 6.41 -1.04 -1000 25.87 1.65 239.932
car -1 -1 0.00 0.00 0.00 100.00 100.00 -1000 2.19 5.75 4.17 -1000 47.66 1.60 239.532
car -1 -1 0.00 0.00 0.00 100.00 100.00 -1000 2.23 7.03 8.98 -1000 47.59 1.69 238.823
car -1 -1 0.00 0.00 0.00 100.00 100.00 -1000 1.78 4.68 -12.15 -1000 46.53 1.57 237.785
car -1 -1 0.00 0.00 0.00 100.00 100.00 -1000 1.76 4.66 9.03 -1000 37.22 1.68 234.936
car -1 -1 0.00 0.00 0.00 100.00 100.00 -1000 1.46 3.76 7.43 -1000 43.07 -0.40 230.953
car -1 -1 0.00 0.00 0.00 100.00 100.00 -1000 1.94 5.28 -13.66 -1000 43.18 1.67 230.919
car -1 -1 0.00 0.00 0.00 100.00 100.00 -1000 1.60 3.78 -2.49 -1000 33.40 -0.00 230.037
car -1 -1 0.00 0.00 0.00 100.00 100.00 -1000 1.97 5.70 1.31 -1000 43.58 1.66 229.246
car -1 -1 0.00 0.00 0.00 100.00 100.00 -1000 1.43 4.12 -9.93 -1000 14.51 -0.18 225.221
car -1 -1 0.00 0.00 0.00 100.00 100.00 -1000 2.53 8.57 5.40 -1000 25.03 1.60 224.264
car -1 -1 0.00 0.00 0.00 100.00 100.00 -1000 1.57 4.41 -19.06 -1000 24.01 -0.15 223.760
car -1 -1 0.00 0.00 0.00 100.00 100.00 -1000 1.88 4.65 -4.11 -1000 33.24 1.58 222.232
car -1 -1 0.00 0.00 0.00 100.00 100.00 -1000 1.70 4.20 -9.88 -1000 44.00 -0.13 217.828
car -1 -1 0.00 0.00 0.00 100.00 100.00 -1000 1.88 5.31 11.35 -1000 37.96 1.70 216.261
car -1 -1 0.00 0.00 0.00 100.00 100.00 -1000 1.69 4.23 -13.51 -1000 21.00 1.59 213.861
car -1 -1 0.00 0.00 0.00 100.00 100.00 -1000 1.79 4.97 10.91 -1000 36.79 1.70 210.853
car -1 -1 0.00 0.00 0.00 100.00 100.00 -1000 1.71 4.13 -14.40 -1000 30.55 1.60 208.931
car -1 -1 0.00 0.00 0.00 100.00 100.00 -1000 2.06 5.29 8.09 -1000 28.63 1.63 207.329
car -1 -1 0.00 0.00 0.00 100.00 100.00 -1000 1.79 5.15 -1.07 -1000 40.31 1.73 206.709
car -1 -1 0.00 0.00 0.00 100.00 100.00 -1000 1.86 4.29 6.40 -1000 8.54 1.75 206.208
car -1 -1 0.00 0.00 0.00 100.00 100.00 -1000 1.93 4.84 -5.74 -1000 36.37 1.66 204.680
car -1 -1 0.00 0.00 0.00 100.00 100.00 -1000 1.55 3.63 -9.54 -1000 42.00 -0.42 201.071
car -1 -1 0.00 0.00 0.00 100.00 100.00 -1000 1.90 5.41 7.68 -1000 41.98 1.66 200.180
car -1 -1 0.00 0.00 0.00 100.00 100.00 -1000 1.86 4.57 8.84 -1000 26.23 1.73 199.253
car -1 -1 0.00 0.00 0.00 100.00 100.00 -1000 1.96 5.32 -9.88 -1000 26.26 1.77 198.257
car -1 -1 0.00 0.00 0.00 100.00 100.00 -1000 1.73 4.36 -13.74 -1000 14.46 1.58 198.190
car -1 -1 0.00 0.00 0.00 100.00 100.00 -1000 1.95 5.37 -13.85 -1000 44.79 1.68 195.931
car -1 -1 0.00 0.00 0.00 100.00 100.00 -1000 1.83 4.68 -9.77 -1000 37.86 1.64 190.600
car -1 -1 0.00 0.00 0.00 100.00 100.00 -1000 2.04 6.05 -8.81 -1000 19.72 1.70 187.575
car -1 -1 0.00 0.00 0.00 100.00 100.00 -1000 1.69 3.79 -12.96 -1000 31.49 1.60 187.133
car -1 -1 0.00 0.00 0.00 100.00 100.00 -1000 1.70 4.61 -8.37 -1000 38.19 1.68 186.327
car -1 -1 0.00 0.00 0.00 100.00 100.00 -1000 1.79 5.23 -8.11 -1000 27.40 1.63 183.025
car -1 -1 0.00 0.00 0.00 100.00 100.00 -1000 2.11 6.97 0.70 -1000 45.97 1.65 181.255
car -1 -1 0.00 0.00 0.00 100.00 100.00 -1000 1.76 4.80 8.54 -1000 30.50 1.64 181.140
car -1 -1 0.00 0.00 0.00 100.00 100.00 -1000 1.94 4.70 -18.17 -1000 22.60 1.66 180.960
car -1 -1 0.00 0.00 0.00 100.00 100.00 -1000 1.85 5.82 4.70 -1000 32.24 1.57 180.352
car -1 -1 0.00 0.00 0.00 100.00 100.00 -1000 1.68 4.63 -13.24 -1000 40.04 1.65 177.916
car -1 -1 0.00 0.00 0.00 100.00 100.00 -1000 1.96 4.96 5.02 -1000 38.67 1.64 176.839
car -1 -1 0.00 0.00 0.00 100.00 100.00 -1000 1.83 4.55 0.20 -1000 38.01 1.64 176.562
car -1 -1 0.00 0.00 0.00 100.00 100.00 -1000 1.88 5.33 11.35 -1000 39.56 1.68 176.256
car -1 -1 0.00 0.00 0.00 100.00 100.00 -1000 1.79 4.76 10.86 -1000 30.35 1.69 175.347
car -1 -1 0.00 0.00 0.00 100.00 100.00 -1000 1.98 5.12 -14.03 -1000 33.48 1.68 172.733
