car -1 -1 0.00 0.00 0.00 100.00 100.00 -1000 1.69 3.91 -11.25 -1000 34.38 1.59 998.010
car -1 -1 0.00 0.00 0.00 100.00 100.00 -1000 1.54 3.43 9.08 -1000 34.38 1.64 989.097
car -1 -1 0.00 0.00 0.00 100.00 100.00 -1000 1.77 4.54 -10.93 -1000 36.09 1.67 983.096
car -1 -1 0.00 0.00 0.00 100.00 100.00 -1000 1.51 3.55 -11.32 -1000 33.47 -0.30 982.539
car -1 -1 0.00 0.00 0.00 100.00 100.00 -1000 1.60 3.61 9.95 -1000 33.85 1.72 978.139
car -1 -1 0.00 0.00 0.00 100.00 100.00 -1000 1.65 3.97 14.91 -1000 19.21 -0.33 968.759
car -1 -1 0.00 0.00 0.00 100.00 100.00 -1000 2.18 5.90 -14.24 -1000 37.71 1.61 963.073
car -1 -1 0.00 0.00 0.00 100.00 100.00 -1000 1.58 3.65 9.52 -1000 45.10 1.65 961.685
car -1 -1 0.00 0.00 0.00 100.00 100.00 -1000 1.54 3.53 4.19 -1000 47.30 1.66 954.788
car -1 -1 0.00 0.00 0.00 100.00 100.00 -1000 1.78 4.22 15.82 -1000 19.82 -0.27 943.271
car -1 -1 0.00 0.00 0.00 100.00 100.00 -1000 1.72 3.97 16.34 -1000 20.61 1.71 941.509
car -1 -1 0.00 0.00 0.00 100.00 100.00 -1000 1.71 4.23 10.10 -1000 34.90 1.74 940.467
car -1 -1 0.00 0.00 0.00 100.00 100.00 -1000 2.24 6.42 -10.25 -1000 36.95 1.57 936.317
car -1 -1 0.00 0.00 0.00 100.00 100.00 -1000 1.70 4.18 -14.55 -1000 40.60 1.66 934.135
car -1 -1 0.00 0.00 0.00 100.00 100.00 -1000 2.14 5.59 9.02 -1000 38.13 1.55 926.748
car -1 -1 0.00 0.00 0.00 100.00 100.00 -1000 1.63 3.95 -13.18 -1000 34.54 1.62 925.379
car -1 -1 0.00 0.00 0.00 100.00 100.00 -1000 1.51 3.61 8.80 -1000 35.29 1.64 923.577
car -1 -1 0.00 0.00 0.00 100.00 100.00 -1000 1.72 4.38 -4.56 -1000 42.19 1.65 921.115
car -1 -1 0.00 0.00 0.00 100.00 100.00 -1000 1.75 4.29 -10.17 -1000 35.16 1.79 919.653
car -1 -1 0.00 0.00 0.00 100.00 100.00 -1000 1.67 3.98 -16.74 -1000 43.01 1.57 919.310
car -1 -1 0.00 0.00 0.00 100.00 100.00 -1000 2.22 6.00 -14.13 -1000 38.92 1.62 917.871
car -1 -1 0.00 0.00 0.00 100.00 100.00 -1000 1.73 4.05 17.04 -1000 21.34 1.76 916.414
car -1 -1 0.00 0.00 0.00 100.00 100.00 -1000 1.82 4.57 3.89 -1000 39.00 1.64 912.582
car -1 -1 0.00 0.00 0.00 100.00 100.00 -1000 1.59 3.73 9.07 -1000 43.05 1.61 911.026
car -1 -1 0.00 0.00 0.00 100.00 100.00 -1000 2.36 7.05 -8.49 -1000 37.46 1.59 907.892
car -1 -1 0.00 0.00 0.00 100.00 100.00 -1000 1.99 5.15 -13.21 -1000 37.05 1.68 897.447
car -1 -1 0.00 0.00 0.00 100.00 100.00 -1000 1.51 3.46 -16.74 -1000 42.18 1.64 895.812
car -1 -1 0.00 0.00 0.00 100.00 100.00 -1000 1.61 3.61 -16.95 -1000 35.88 1.70 894.578
car -1 -1 0.00 0.00 0.00 100.00 100.00 -1000 1.51 3.48 9.04 -1000 33.27 1.57 891.115
car -1 -1 0.00 0.00 0.00 100.00 100.00 -1000 1.63 3.96 9.36 -1000 37.46 1.66 886.573
car -1 -1 0.00 0.00 0.00 100.00 100.00 -1000 1.94 4.91 9.57 -1000 39.03 1.59 876.462
car -1 -1 0.00 0.00 0.00 100.00 100.00 -1000 1.77 4.22 17.62 -1000 22.18 1.76 870.521
car -1 -1 0.00 0.00 0.00 100.00 100.00 -1000 1.79 4.28 12.70 -1000 20.43 1.69 868.276
car -1 -1 0.00 0.00 0.00 100.00 100.00 -1000 1.60 4.09 -6.28 -1000 42.21 1.65 867.924
car -1 -1 0.00 0.00 0.00 100.00 100.00 -1000 2.05 5.94 11.96 -1000 36.35 1.67 859.420
car -1 -1 0.00 0.00 0.00 100.00 100.00 -1000 1.69 3.98 -14.42 -1000 41.51 1.68 856.446
car -1 -1 0.00 0.00 0.00 100.00 100.00 -1000 1.64 4.15 9.50 -1000 46.17 1.69 856.153
car -1 -1 0.00 0.00 0.00 100.00 100.00 -1000 2.35 6.54 4.61 -1000 37.48 1.56 856.074
car -1 -1 0.00 0.00 0.00 100.00 100.00 -1000 2.00 5.28 -12.23 -1000 35.46 1.65 854.033
car -1 -1 0.00 0.00 0.00 100.00 100.00 -1000 1.64 4.02 -12.41 -1000 33.84 -0.10 853.261
car -1 -1 0.00 0.00 0.00 100.00 100.00 -1000 1.75 4.19 5.06 -1000 35.34 1.73 847.742
car -1 -1 0.00 0.00 0.00 100.00 100.00 -1000 1.63 4.21 -8.60 -1000 42.15 1.65 842.863
car -1 -1 0.00 0.00 0.00 100.00 100.00 -1000 1.69 4.18 11.20 -1000 34.30 1.72 841.920
car -1 -1 0.00 0.00 0.00 100.00 100.00 -1000 1.59 3.78 7.77 -1000 34.77 1.61 841.664
car -1 -1 0.00 0.00 0.00 100.00 100.00 -1000 1.72 3.98 -16.84 -1000 45.17 1.71 834.368
car -1 -1 0.00 0.00 0.00 100.00 100.00 -1000 1.69 4.10 9.37 -1000 44.29 -0.28 824.945
car -1 -1 0.00 0.00 0.00 100.00 100.00 -1000 1.93 4.98 16.69 -1000 22.91 1.62 818.413
car -1 -1 0.00 0.00 0.00 100.00 100.00 -1000 1.79 4.53 -3.32 -1000 43.10 1.68 814.122
car -1 -1 0.00 0.00 0.00 100.00 100.00 -1000 2.51 7.85 12.64 -1000 37.27 1.66 812.385
car -1 -1 0.00 0.00 0.00 100.00 100.00 -1000 1.92 5.41 -7.44 -1000 41.67 1.67 810.145
car -1 -1 0.00 0.00 0.00 100.00 100.00 -1000 1.68 3.69 13.68 -1000 19.88 1.69 809.220
car -1 -1 0.00 0.00 0.00 100.00 100.00 -1000 1.98 4.87 -13.74 -1000 36.17 1.65 802.789
car -1 -1 0.00 0.00 0.00 100.00 100.00 -1000 1.88 4.64 13.30 -1000 23.38 1.73 801.384
car -1 -1 0.00 0.00 0.00 100.00 100.00 -1000 1.80 4.29 4.09 -1000 40.30 1.66 801.202
car -1 -1 0.00 0.00 0.00 100.00 100.00 -1000 1.60 4.37 4.28 -1000 46.53 -0.22 797.968
car -1 -1 0.00 0.00 0.00 100.00 100.00 -1000 1.80 4.52 -9.95 -1000 41.85 1.69 795.849
car -1 -1 0.00 0.00 0.00 100.00 100.00 -1000 1.64 3.89 8.85 -1000 36.75 1.64 792.011
car -1 -1 0.00 0.00 0.00 100.00 100.00 -1000 1.58 3.70 -15.37 -1000 36.41 -0.26 791.343
car -1 -1 0.00 0.00 0.00 100.00 100.00 -1000 1.47 3.31 9.93 -1000 32.77 1.63 788.824
car -1 -1 0.00 0.00 0.00 100.00 100.00 -1000 1.84 4.69 -2.71 -1000 43.90 1.68 780.468
car -1 -1 0.00 0.00 0.00 100.00 100.00 -1000 2.64 8.93 -10.03 -1000 40.03 1.66 778.498
car -1 -1 0.00 0.00 0.00 100.00 100.00 -1000 1.78 4.20 18.50 -1000 23.03 1.75 774.476
car -1 -1 0.00 0.00 0.00 100.00 100.00 -1000 1.76 4.61 -8.59 -1000 35.54 1.76 774.427
car -1 -1 0.00 0.00 0.00 100.00 100.00 -1000 1.63 3.83 -14.17 -1000 33.08 1.71 763.076
car -1 -1 0.00 0.00 0.00 100.00 100.00 -1000 1.53 3.54 3.89 -1000 45.05 1.61 757.039
car -1 -1 0.00 0.00 0.00 100.00 100.00 -1000 1.92 5.07 5.05 -1000 39.50 1.75 746.753
car -1 -1 0.00 0.00 0.00 100.00 100.00 -1000 1.82 4.42 5.46 -1000 30.47 1.68 744.425
car -1 -1 0.00 0.00 0.00 100.00 100.00 -1000 1.87 4.66 11.52 -1000 35.39 1.71 735.877
car -1 -1 0.00 0.00 0.00 100.00 100.00 -1000 1.96 5.05 -6.50 -1000 37.38 1.68 734.988
car -1 -1 0.00 0.00 0.00 100.00 100.00 -1000 1.68 4.16 -15.06 -1000 19.83 1.68 724.838
car -1 -1 0.00 0.00 0.00 100.00 100.00 -1000 1.74 4.20 -14.87 -1000 42.29 1.66 724.734
car -1 -1 0.00 0.00 0.00 100.00 100.00 -1000 1.57 3.59 4.52 -1000 33.82 1.71 723.162
car -1 -1 0.00 0.00 0.00 100.00 100.00 -1000 1.69 3.81 -17.02 -1000 43.80 1.72 721.804
car -1 -1 0.00 0.00 0.00 100.00 100.00 -1000 1.92 4.83 14.13 -1000 20.87 1.70 718.341
car -1 -1 0.00 0.00 0.00 100.00 100.00 -1000 1.63 4.21 -16.05 -1000 20.91 1.66 713.810
car -1 -1 0.00 0.00 0.00 100.00 100.00 -1000 2.08 6.16 -8.10 -1000 36.30 1.69 712.973
car -1 -1 0.00 0.00 0.00 100.00 100.00 -1000 2.07 6.33 -9.21 -1000 40.82 1.68 707.678
car -1 -1 0.00 0.00 0.00 100.00 100.00 -1000 1.51 3.24 8.13 -1000 33.96 0.03 707.246
car -1 -1 0.00 0.00 0.00 100.00 100.00 -1000 2.23 6.32 13.58 -1000 25.45 1.66 706.969
car -1 -1 0.00 0.00 0.00 100.00 100.00 -1000 1.66 3.84 -8.55 -1000 34.23 1.66 706.519
car -1 -1 0.00 0.00 0.00 100.00 100.00 -1000 1.40 3.86 -17.72 -1000 47.27 -0.13 706.210
car -1 -1 0.00 0.00 0.00 100.00 100.00 -1000 2.14 5.52 14.13 -1000 24.47 1.66 705.515
car -1 -1 0.00 0.00 0.00 100.00 100.00 -1000 1.87 4.76 3.96 -1000 41.29 1.62 699.736
car -1 -1 0.00 0.00 0.00 100.00 100.00 -1000 1.55 3.57 -7.65 -1000 33.70 1.69 698.558
car -1 -1 0.00 0.00 0.00 100.00 100.00 -1000 1.87 4.57 -16.90 -1000 46.17 1.66 698.203
car -1 -1 0.00 0.00 0.00 100.00 100.00 -1000 1.55 3.52 12.52 -1000 19.48 1.63 695.487
car -1 -1 0.00 0.00 0.00 100.00 100.00 -1000 1.72 4.16 11.47 -1000 21.29 1.65 695.277
car -1 -1 0.00 0.00 0.00 100.00 100.00 -1000 2.45 7.45 11.66 -1000 38.20 1.77 687.304
car -1 -1 0.00 0.00 0.00 100.00 100.00 -1000 2.07 5.51 15.41 -1000 23.77 1.62 687.197
car -1 -1 0.00 0.00 0.00 100.00 100.00 -1000 1.91 4.56 -9.60 -1000 33.21 1.66 675.880
car -1 -1 0.00 0.00 0.00 100.00 100.00 -1000 1.93 5.26 -5.72 -1000 41.26 1.66 670.496
car -1 -1 0.00 0.00 0.00 100.00 100.00 -1000 2.05 5.32 17.73 -1000 23.77 1.71 667.786
car -1 -1 0.00 0.00 0.00 100.00 100.00 -1000 1.58 3.76 6.02 -1000 34.77 1.67 666.781
car -1 -1 0.00 0.00 0.00 100.00 100.00 -1000 1.61 3.93 -17.94 -1000 39.07 1.66 660.668
car -1 -1 0.00 0.00 0.00 100.00 100.00 -1000 1.50 3.86 -16.40 -1000 30.51 1.64 660.205
car -1 -1 0.00 0.00 0.00 100.00 100.00 -1000 2.01 4.73 4.36 -1000 32.34 1.53 654.571
car -1 -1 0.00 0.00 0.00 100.00 100.00 -1000 1.96 4.89 14.60 -1000 22.97 1.63 652.999
car -1 -1 0.00 0.00 0.00 100.00 100.00 -1000 1.67 3.89 9.93 -1000 43.58 1.76 652.273
car -1 -1 0.00 0.00 0.00 100.00 100.00 -1000 2.40 7.96 -9.70 -1000 38.78 1.66 644.004
car -1 -1 0.00 0.00 0.00 100.00 100.00 -1000 1.71 4.05 9.46 -1000 35.95 1.59 642.747
car -1 -1 0.00 0.00 0.00 100.00 100.00 -1000 1.71 3.75 16.98 -1000 19.43 1.65 637.966
car -1 -1 0.00 0.00 0.00 100.00 100.00 -1000 1.86 4.61 15.25 -1000 21.64 1.62 623.465
car -1 -1 0.00 0.00 0.00 100.00 100.00 -1000 2.13 6.13 -11.51 -1000 37.96 1.62 614.160
car -1 -1 0.00 0.00 0.00 100.00 100.00 -1000 1.90 4.92 -2.15 -1000 44.65 1.66 610.331
car -1 -1 0.00 0.00 0.00 100.00 100.00 -1000 1.50 3.56 14.61 -1000 18.40 -0.09 599.764
car -1 -1 0.00 0.00 0.00 100.00 100.00 -1000 1.94 4.86 12.10 -1000 24.10 1.65 595.443
car -1 -1 0.00 0.00 0.00 100.00 100.00 -1000 1.66 3.89 11.18 -1000 33.14 1.68 591.271
car -1 -1 0.00 0.00 0.00 100.00 100.00 -1000 1.76 4.33 9.18 -1000 41.71 1.61 585.350
car -1 -1 0.00 0.00 0.00 100.00 100.00 -1000 2.09 5.59 5.34 -1000 36.18 1.69 583.973
car -1 -1 0.00 0.00 0.00 100.00 100.00 -1000 2.22 6.56 15.02 -1000 26.28 1.65 580.491
car -1 -1 0.00 0.00 0.00 100.00 100.00 -1000 1.53 3.57 -15.93 -1000 40.84 1.61 575.307
car -1 -1 0.00 0.00 0.00 100.00 100.00 -1000 1.69 4.18 -13.49 -1000 42.03 1.70 574.076
car -1 -1 0.00 0.00 0.00 100.00 100.00 -1000 1.59 3.82 9.62 -1000 47.38 -0.35 574.056
car -1 -1 0.00 0.00 0.00 100.00 100.00 -1000 2.09 6.25 7.67 -1000 40.61 1.61 570.238
car -1 -1 0.00 0.00 0.00 100.00 100.00 -1000 1.96 4.84 13.94 -1000 22.09 1.57 569.833
car -1 -1 0.00 0.00 0.00 100.00 100.00 -1000 1.81 4.71 18.81 -1000 21.34 1.65 556.174
car -1 -1 0.00 0.00 0.00 100.00 100.00 -1000 1.84 4.85 -1.37 -1000 45.52 1.64 554.124
car -1 -1 0.00 0.00 0.00 100.00 100.00 -1000 1.84 4.91 11.12 -1000 23.49 1.53 550.862
car -1 -1 0.00 0.00 0.00 100.00 100.00 -1000 1.75 4.31 -12.73 -1000 40.65 1.69 542.882
car -1 -1 0.00 0.00 0.00 100.00 100.00 -1000 1.86 5.41 -6.16 -1000 35.56 1.72 540.640
car -1 -1 0.00 0.00 0.00 100.00 100.00 -1000 1.53 4.55 7.65 -1000 19.90 -0.09 534.793
car -1 -1 0.00 0.00 0.00 100.00 100.00 -1000 1.66 3.98 -11.12 -1000 41.31 1.62 533.188
car -1 -1 0.00 0.00 0.00 100.00 100.00 -1000 2.03 5.55 6.02 -1000 38.47 1.61 532.342
car -1 -1 0.00 0.00 0.00 100.00 100.00 -1000 1.81 4.17 10.05 -1000 28.90 1.59 527.069
car -1 -1 0.00 0.00 0.00 100.00 100.00 -1000 1.92 4.79 5.00 -1000 28.05 1.59 526.884
car -1 -1 0.00 0.00 0.00 100.00 100.00 -1000 1.48 3.33 -17.71 -1000 41.60 1.62 524.107
car -1 -1 0.00 0.00 0.00 100.00 100.00 -1000 1.89 4.91 -14.12 -1000 19.08 1.67 522.107
car -1 -1 0.00 0.00 0.00 100.00 100.00 -1000 1.55 3.86 16.47 -1000 18.64 1.64 520.332
car -1 -1 0.00 0.00 0.00 100.00 100.00 -1000 1.76 4.34 -0.67 -1000 46.39 1.65 515.969
car -1 -1 0.00 0.00 0.00 100.00 100.00 -1000 1.48 3.17 3.46 -1000 46.00 1.62 513.491
car -1 -1 0.00 0.00 0.00 100.00 100.00 -1000 1.42 3.75 -16.13 -1000 35.33 -0.13 513.478
car -1 -1 0.00 0.00 0.00 100.00 100.00 -1000 2.14 6.08 -12.64 -1000 39.72 1.68 507.258
car -1 -1 0.00 0.00 0.00 100.00 100.00 -1000 1.93 6.06 -12.81 -1000 46.16 1.67 505.486
car -1 -1 0.00 0.00 0.00 100.00 100.00 -1000 1.89 4.73 -13.40 -1000 18.27 1.73 504.823
car -1 -1 0.00 0.00 0.00 100.00 100.00 -1000 1.57 3.81 10.87 -1000 45.37 1.72 498.284
car -1 -1 0.00 0.00 0.00 100.00 100.00 -1000 2.08 5.32 19.33 -1000 24.10 1.73 494.739
car -1 -1 0.00 0.00 0.00 100.00 100.00 -1000 1.73 4.12 -16.46 -1000 39.55 1.68 488.222
car -1 -1 0.00 0.00 0.00 100.00 100.00 -1000 1.62 3.76 13.37 -1000 17.73 1.67 486.740
car -1 -1 0.00 0.00 0.00 100.00 100.00 -1000 1.69 4.04 2.74 -1000 46.81 1.61 485.663
car -1 -1 0.00 0.00 0.00 100.00 100.00 -1000 1.79 4.83 -14.25 -1000 20.54 1.77 481.719
car -1 -1 0.00 0.00 0.00 100.00 100.00 -1000 1.79 5.11 -7.23 -1000 40.51 1.72 481.488
car -1 -1 0.00 0.00 0.00 100.00 100.00 -1000 1.77 4.95 -12.36 -1000 16.62 1.78 480.356
car -1 -1 0.00 0.00 0.00 100.00 100.00 -1000 1.58 3.60 6.20 -1000 33.49 1.71 478.681
car -1 -1 0.00 0.00 0.00 100.00 100.00 -1000 1.89 4.66 -17.00 -1000 37.03 1.65 474.476
car -1 -1 0.00 0.00 0.00 100.00 100.00 -1000 1.58 3.32 9.42 -1000 32.02 1.53 474.333
car -1 -1 0.00 0.00 0.00 100.00 100.00 -1000 2.28 6.97 11.18 -1000 39.64 1.67 472.477
car -1 -1 0.00 0.00 0.00 100.00 100.00 -1000 1.56 4.03 11.07 -1000 20.16 1.57 472.277
car -1 -1 0.00 0.00 0.00 100.00 100.00 -1000 2.19 6.80 15.94 -1000 25.14 1.60 464.305
car -1 -1 0.00 0.00 0.00 100.00 100.00 -1000 2.37 6.94 7.31 -1000 37.55 1.57 459.054
car -1 -1 0.00 0.00 0.00 100.00 100.00 -1000 2.12 7.37 -7.88 -1000 39.40 1.67 457.787
car -1 -1 0.00 0.00 0.00 100.00 100.00 -1000 1.74 4.06 -16.76 -1000 33.80 1.56 456.397
car -1 -1 0.00 0.00 0.00 100.00 100.00 -1000 1.84 4.60 12.60 -1000 22.59 1.65 454.191
car -1 -1 0.00 0.00 0.00 100.00 100.00 -1000 1.89 4.87 -3.80 -1000 41.38 1.73 449.397
car -1 -1 0.00 0.00 0.00 100.00 100.00 -1000 1.84 4.91 7.36 -1000 35.56 1.64 447.691
car -1 -1 0.00 0.00 0.00 100.00 100.00 -1000 2.15 6.42 -5.58 -1000 36.38 1.71 434.426
car -1 -1 0.00 0.00 0.00 100.00 100.00 -1000 1.84 4.50 8.56 -1000 20.69 1.66 430.542
car -1 -1 0.00 0.00 0.00 100.00 100.00 -1000 1.88 5.17 -8.79 -1000 32.39 1.75 430.334
car -1 -1 0.00 0.00 0.00 100.00 100.00 -1000 1.84 4.52 14.08 -1000 27.09 1.65 427.786
car -1 -1 0.00 0.00 0.00 100.00 100.00 -1000 2.20 6.64 7.42 -1000 39.31 1.66 427.171
car -1 -1 0.00 0.00 0.00 100.00 100.00 -1000 1.70 4.27 12.06 -1000 33.72 1.66 414.210
car -1 -1 0.00 0.00 0.00 100.00 100.00 -1000 1.83 4.39 -14.94 -1000 32.28 1.68 412.971
car -1 -1 0.00 0.00 0.00 100.00 100.00 -1000 1.73 4.54 9.67 -1000 30.24 1.61 410.042
car -1 -1 0.00 0.00 0.00 100.00 100.00 -1000 1.70 4.13 -14.97 -1000 43.17 1.71 408.459
car -1 -1 0.00 0.00 0.00 100.00 100.00 -1000 1.66 4.05 13.20 -1000 18.61 1.63 406.443
car -1 -1 0.00 0.00 0.00 100.00 100.00 -1000 2.15 5.74 10.05 -1000 40.32 1.61 406.070
car -1 -1 0.00 0.00 0.00 100.00 100.00 -1000 1.72 4.03 7.63 -1000 47.70 1.60 404.763
car -1 -1 0.00 0.00 0.00 100.00 100.00 -1000 1.98 5.55 13.34 -1000 35.58 1.65 397.690
car -1 -1 0.00 0.00 0.00 100.00 100.00 -1000 2.00 4.74 -13.95 -1000 35.18 1.69 395.681
car -1 -1 0.00 0.00 0.00 100.00 100.00 -1000 1.83 4.71 -13.05 -1000 19.71 1.77 393.832
car -1 -1 0.00 0.00 0.00 100.00 100.00 -1000 1.79 4.39 10.35 -1000 22.12 1.59 392.275
car -1 -1 0.00 0.00 0.00 100.00 100.00 -1000 1.97 4.70 -14.81 -1000 33.88 1.61 391.484
car -1 -1 0.00 0.00 0.00 100.00 100.00 -1000 1.46 3.84 13.10 -1000 26.02 -0.23 390.758
car -1 -1 0.00 0.00 0.00 100.00 100.00 -1000 1.72 3.97 -16.59 -1000 20.20 1.58 389.865
car -1 -1 0.00 0.00 0.00 100.00 100.00 -1000 2.09 4.97 4.82 -1000 29.53 1.65 375.023
car -1 -1 0.00 0.00 0.00 100.00 100.00 -1000 1.79 4.57 7.81 -1000 42.42 1.69 372.511
car -1 -1 0.00 0.00 0.00 100.00 100.00 -1000 2.09 5.86 -13.70 -1000 45.23 1.61 372.346
car -1 -1 0.00 0.00 0.00 100.00 100.00 -1000 1.96 4.88 14.70 -1000 28.24 1.63 368.455
car -1 -1 0.00 0.00 0.00 100.00 100.00 -1000 1.70 3.64 -14.90 -1000 38.33 1.63 368.100
car -1 -1 0.00 0.00 0.00 100.00 100.00 -1000 1.58 3.20 8.17 -1000 46.78 1.45 367.589
car -1 -1 0.00 0.00 0.00 100.00 100.00 -1000 1.71 4.47 -7.10 -1000 34.43 1.67 359.229
car -1 -1 0.00 0.00 0.00 100.00 100.00 -1000 1.73 4.89 -5.07 -1000 40.50 1.71 358.626
car -1 -1 0.00 0.00 0.00 100.00 100.00 -1000 1.46 3.65 17.71 -1000 20.26 0.04 357.057
car -1 -1 0.00 0.00 0.00 100.00 100.00 -1000 1.79 4.69 12.72 -1000 34.78 1.68 356.329
car -1 -1 0.00 0.00 0.00 100.00 100.00 -1000 1.88 5.34 7.36 -1000 30.60 1.77 356.099
car -1 -1 0.00 0.00 0.00 100.00 100.00 -1000 1.71 4.41 -15.30 -1000 44.79 1.69 353.452
car -1 -1 0.00 0.00 0.00 100.00 100.00 -1000 1.49 3.08 -17.96 -1000 39.90 1.63 344.902
car -1 -1 0.00 0.00 0.00 100.00 100.00 -1000 1.52 3.38 -17.92 -1000 40.71 1.64 343.144
car -1 -1 0.00 0.00 0.00 100.00 100.00 -1000 1.99 5.27 4.81 -1000 31.29 1.64 341.352
car -1 -1 0.00 0.00 0.00 100.00 100.00 -1000 1.71 3.90 10.19 -1000 27.92 1.66 340.458
car -1 -1 0.00 0.00 0.00 100.00 100.00 -1000 1.81 4.53 -2.59 -1000 42.44 1.69 340.132
car -1 -1 0.00 0.00 0.00 100.00 100.00 -1000 1.85 4.66 12.82 -1000 14.49 1.73 337.974
car -1 -1 0.00 0.00 0.00 100.00 100.00 -1000 1.70 3.85 9.37 -1000 31.07 1.67 336.384
car -1 -1 0.00 0.00 0.00 100.00 100.00 -1000 2.07 6.79 -12.92 -1000 44.10 1.62 335.752
car -1 -1 0.00 0.00 0.00 100.00 100.00 -1000 1.48 4.06 6.07 -1000 47.29 -0.12 329.488
car -1 -1 0.00 0.00 0.00 100.00 100.00 -1000 1.76 4.61 0.64 -1000 46.82 1.77 326.957
car -1 -1 0.00 0.00 0.00 100.00 100.00 -1000 1.73 4.08 -14.72 -1000 39.71 -0.15 326.937
car -1 -1 0.00 0.00 0.00 100.00 100.00 -1000 1.70 4.15 -17.18 -1000 34.82 1.70 326.525
car -1 -1 0.00 0.00 0.00 100.00 100.00 -1000 1.96 5.72 -12.09 -1000 32.97 0.06 325.602
car -1 -1 0.00 0.00 0.00 100.00 100.00 -1000 1.81 4.12 -1.93 -1000 35.37 1.60 324.079
car -1 -1 0.00 0.00 0.00 100.00 100.00 -1000 2.04 5.91 7.41 -1000 36.39 1.63 323.883
car -1 -1 0.00 0.00 0.00 100.00 100.00 -1000 1.87 4.63 -14.92 -1000 21.38 1.68 316.404
car -1 -1 0.00 0.00 0.00 100.00 100.00 -1000 1.40 3.09 8.09 -1000 44.96 1.56 315.206
car -1 -1 0.00 0.00 0.00 100.00 100.00 -1000 1.51 3.98 -17.07 -1000 38.56 -0.19 313.967
car -1 -1 0.00 0.00 0.00 100.00 100.00 -1000 1.53 3.68 7.23 -1000 33.09 1.65 307.106
car -1 -1 0.00 0.00 0.00 100.00 100.00 -1000 1.97 5.02 18.10 -1000 24.65 1.67 306.907
car -1 -1 0.00 0.00 0.00 100.00 100.00 -1000 1.76 4.47 9.84 -1000 42.47 1.75 296.778
car -1 -1 0.00 0.00 0.00 100.00 100.00 -1000 2.09 5.01 5.67 -1000 25.81 1.59 296.466
car -1 -1 0.00 0.00 0.00 100.00 100.00 -1000 1.91 4.83 -14.11 -1000 30.59 1.65 295.547
car -1 -1 0.00 0.00 0.00 100.00 100.00 -1000 1.94 5.34 -12.71 -1000 42.72 1.64 294.823
car -1 -1 0.00 0.00 0.00 100.00 100.00 -1000 2.32 7.45 13.31 -1000 39.23 1.65 294.628
car -1 -1 0.00 0.00 0.00 100.00 100.00 -1000 1.98 4.86 5.47 -1000 27.13 1.58 292.904
car -1 -1 0.00 0.00 0.00 100.00 100.00 -1000 1.75 4.99 11.85 -1000 27.47 1.64 290.128
car -1 -1 0.00 0.00 0.00 100.00 100.00 -1000 2.03 5.13 15.76 -1000 27.45 1.71 289.943
car -1 -1 0.00 0.00 0.00 100.00 100.00 -1000 2.14 6.29 6.84 -1000 41.45 1.73 289.856
car -1 -1 0.00 0.00 0.00 100.00 100.00 -1000 1.72 4.39 -16.27 -1000 32.67 1.62 289.592
car -1 -1 0.00 0.00 0.00 100.00 100.00 -1000 2.02 4.67 -2.77 -1000 38.63 1.65 288.022
car -1 -1 0.00 0.00 0.00 100.00 100.00 -1000 1.92 5.39 12.65 -1000 15.84 1.64 285.452
car -1 -1 0.00 0.00 0.00 100.00 100.00 -1000 2.08 5.58 15.30 -1000 29.76 1.69 285.220
car -1 -1 0.00 0.00 0.00 100.00 100.00 -1000 2.01 6.11 -12.29 -1000 47.23 1.76 284.080
car -1 -1 0.00 0.00 0.00 100.00 100.00 -1000 1.63 4.13 11.27 -1000 46.10 1.69 281.848
car -1 -1 0.00 0.00 0.00 100.00 100.00 -1000 1.70 4.68 -16.44 -1000 25.75 1.59 279.413
car -1 -1 0.00 0.00 0.00 100.00 100.00 -1000 1.91 4.33 -16.31 -1000 27.42 1.69 278.320
car -1 -1 0.00 0.00 0.00 100.00 100.00 -1000 1.80 3.96 -4.33 -1000 37.80 1.54 277.619
car -1 -1 0.00 0.00 0.00 100.00 100.00 -1000 1.91 4.60 11.30 -1000 24.96 1.60 277.139
car -1 -1 0.00 0.00 0.00 100.00 100.00 -1000 1.67 4.40 10.09 -1000 20.95 1.60 276.581
car -1 -1 0.00 0.00 0.00 100.00 100.00 -1000 1.78 4.28 -16.87 -1000 31.80 1.55 276.539
car -1 -1 0.00 0.00 0.00 100.00 100.00 -1000 2.03 5.51 5.94 -1000 31.90 1.67 274.238
car -1 -1 0.00 0.00 0.00 100.00 100.00 -1000 1.78 4.19 -16.48 -1000 22.20 1.52 273.990
car -1 -1 0.00 0.00 0.00 100.00 100.00 -1000 1.65 3.74 -15.34 -1000 31.09 -0.40 269.076
car -1 -1 0.00 0.00 0.00 100.00 100.00 -1000 1.81 4.56 4.12 -1000 42.33 1.63 267.183
car -1 -1 0.00 0.00 0.00 100.00 100.00 -1000 2.08 4.91 -4.19 -1000 33.96 1.64 266.341
car -1 -1 0.00 0.00 0.00 100.00 100.00 -1000 1.47 3.90 10.86 -1000 44.42 -0.07 265.422
car -1 -1 0.00 0.00 0.00 100.00 100.00 -1000 2.23 6.28 13.67 -1000 30.57 1.63 263.712
car -1 -1 0.00 0.00 0.00 100.00 100.00 -1000 1.30 3.02 8.23 -1000 45.76 1.59 263.589
car -1 -1 0.00 0.00 0.00 100.00 100.00 -1000 2.02 5.35 -12.87 -1000 21.04 1.67 255.124
car -1 -1 0.00 0.00 0.00 100.00 100.00 -1000 1.84 4.42 6.99 -1000 27.48 1.70 254.766
car -1 -1 0.00 0.00 0.00 100.00 100.00 -1000 2.12 5.84 7.03 -1000 22.55 1.64 254.672
car -1 -1 0.00 0.00 0.00 100.00 100.00 -1000 1.76 4.79 3.13 -1000 35.33 1.61 254.484
car -1 -1 0.00 0.00 0.00 100.00 100.00 -1000 2.12 5.85 3.31 -1000 44.46 1.51 252.946
car -1 -1 0.00 0.00 0.00 100.00 100.00 -1000 1.38 3.49 8.37 -1000 43.58 -0.02 251.719
car -1 -1 0.00 0.00 0.00 100.00 100.00 -1000 1.73 4.77 10.85 -1000 25.90 1.52 251.312
car -1 -1 0.00 0.00 0.00 100.00 100.00 -1000 1.95 4.15 -2.09 -1000 39.44 1.55 249.866
car -1 -1 0.00 0.00 0.00 100.00 100.00 -1000 1.94 4.78 -0.26 -1000 40.35 1.63 249.674
car -1 -1 0.00 0.00 0.00 100.00 100.00 -1000 1.95 5.23 -7.36 -1000 32.87 1.67 249.629
car -1 -1 0.00 0.00 0.00 100.00 100.00 -1000 1.53 4.02 -15.71 -1000 29.70 0.12 246.867
car -1 -1 0.00 0.00 0.00 100.00 100.00 -1000 1.63 4.02 -16.76 -1000 19.25 1.61 243.812
car -1 -1 0.00 0.00 0.00 100.00 100.00 -1000 1.84 5.49 -13.03 -1000 17.41 1.65 243.477
car -1 -1 0.00 0.00 0.00 100.00 100.00 -1000 1.80 4.09 9.26 -1000 27.40 1.60 243.328
car -1 -1 0.00 0.00 0.00 100.00 100.00 -1000 2.01 5.16 11.18 -1000 18.70 1.48 242.768
car -1 -1 0.00 0.00 0.00 100.00 100.00 -1000 1.97 4.94 -14.74 -1000 22.61 1.68 240.073
car -1 -1 0.00 0.00 0.00 100.00 100.00 -1000 1.96 6.20 -4.49 -1000 46.52 1.66 239.683
car -1 -1 0.00 0.00 0.00 100.00 100.00 -1000 1.91 5.81 4.36 -1000 34.68 1.59 238.417
car -1 -1 0.00 0.00 0.00 100.00 100.00 -1000 1.71 3.98 -17.51 -1000 30.94 1.61 237.980
car -1 -1 0.00 0.00 0.00 100.00 100.00 -1000 1.95 4.86 1.43 -1000 41.98 1.61 232.516
car -1 -1 0.00 0.00 0.00 100.00 100.00 -1000 1.80 4.81 10.19 -1000 24.18 1.56 231.550
car -1 -1 0.00 0.00 0.00 100.00 100.00 -1000 2.04 4.92 -3.02 -1000 34.69 1.61 230.042
