car -1 -1 0.00 0.00 0.00 100.00 100.00 -1000 1.68 4.35 -0.40 -1000 20.63 -0.26 998.630
car -1 -1 0.00 0.00 0.00 100.00 100.00 -1000 1.63 3.54 0.10 -1000 21.31 1.64 995.887
car -1 -1 0.00 0.00 0.00 100.00 100.00 -1000 1.66 3.96 -11.02 -1000 45.49 1.56 983.522
car -1 -1 0.00 0.00 0.00 100.00 100.00 -1000 1.67 4.06 -11.11 -1000 44.29 1.61 979.328
car -1 -1 0.00 0.00 0.00 100.00 100.00 -1000 1.56 3.42 -11.79 -1000 40.26 1.60 971.793
car -1 -1 0.00 0.00 0.00 100.00 100.00 -1000 1.89 4.95 -10.91 -1000 46.62 1.62 970.247
car -1 -1 0.00 0.00 0.00 100.00 100.00 -1000 1.73 4.33 -11.10 -1000 43.11 1.58 968.054
car -1 -1 0.00 0.00 0.00 100.00 100.00 -1000 1.80 4.25 0.64 -1000 21.99 1.73 941.417
car -1 -1 0.00 0.00 0.00 100.00 100.00 -1000 1.73 4.36 -4.95 -1000 44.50 1.60 937.075
car -1 -1 0.00 0.00 0.00 100.00 100.00 -1000 1.78 4.48 -3.08 -1000 44.55 1.61 930.409
car -1 -1 0.00 0.00 0.00 100.00 100.00 -1000 1.65 3.99 -12.25 -1000 15.76 1.68 930.030
car -1 -1 0.00 0.00 0.00 100.00 100.00 -1000 2.74 8.95 -0.43 -1000 24.04 1.57 923.711
car -1 -1 0.00 0.00 0.00 100.00 100.00 -1000 2.82 8.92 -1.19 -1000 25.47 1.57 923.068
car -1 -1 0.00 0.00 0.00 100.00 100.00 -1000 1.74 4.46 4.93 -1000 44.66 1.65 909.444
car -1 -1 0.00 0.00 0.00 100.00 100.00 -1000 1.65 4.06 -5.70 -1000 39.57 1.63 907.888
car -1 -1 0.00 0.00 0.00 100.00 100.00 -1000 1.73 4.10 6.55 -1000 44.39 1.68 907.502
car -1 -1 0.00 0.00 0.00 100.00 100.00 -1000 1.65 4.04 -11.20 -1000 41.97 1.63 899.989
car -1 -1 0.00 0.00 0.00 100.00 100.00 -1000 2.81 10.38 3.10 -1000 24.80 1.59 898.632
car -1 -1 0.00 0.00 0.00 100.00 100.00 -1000 1.75 4.58 3.34 -1000 44.48 1.61 898.456
car -1 -1 0.00 0.00 0.00 100.00 100.00 -1000 1.77 4.15 -4.22 -1000 43.74 -0.07 893.988
car -1 -1 0.00 0.00 0.00 100.00 100.00 -1000 1.42 3.20 -5.96 -1000 45.00 1.61 893.797
car -1 -1 0.00 0.00 0.00 100.00 100.00 -1000 2.47 7.45 -10.16 -1000 47.70 1.70 890.555
car -1 -1 0.00 0.00 0.00 100.00 100.00 -1000 1.66 3.93 6.09 -1000 24.93 1.60 886.756
car -1 -1 0.00 0.00 0.00 100.00 100.00 -1000 1.64 4.00 -11.43 -1000 38.24 1.59 884.811
car -1 -1 0.00 0.00 0.00 100.00 100.00 -1000 1.61 3.93 -9.87 -1000 43.50 1.65 881.396
car -1 -1 0.00 0.00 0.00 100.00 100.00 -1000 2.05 6.07 5.02 -1000 23.88 1.62 871.224
car -1 -1 0.00 0.00 0.00 100.00 100.00 -1000 1.68 4.12 -12.22 -1000 16.77 1.65 869.753
car -1 -1 0.00 0.00 0.00 100.00 100.00 -1000 1.62 4.04 -3.36 -1000 39.81 1.62 868.224
car -1 -1 0.00 0.00 0.00 100.00 100.00 -1000 1.61 3.89 -11.36 -1000 39.54 1.61 862.451
car -1 -1 0.00 0.00 0.00 100.00 100.00 -1000 1.65 4.06 -8.22 -1000 43.15 1.65 862.000
car -1 -1 0.00 0.00 0.00 100.00 100.00 -1000 1.65 4.15 -11.32 -1000 41.00 1.61 860.541
car -1 -1 0.00 0.00 0.00 100.00 100.00 -1000 1.56 5.63 0.21 -1000 19.74 -0.31 853.084
car -1 -1 0.00 0.00 0.00 100.00 100.00 -1000 1.60 3.85 -4.39 -1000 45.23 1.65 851.465
car -1 -1 0.00 0.00 0.00 100.00 100.00 -1000 1.53 3.55 6.27 -1000 33.75 1.66 844.926
car -1 -1 0.00 0.00 0.00 100.00 100.00 -1000 1.65 3.96 -12.32 -1000 14.70 -0.29 840.862
car -1 -1 0.00 0.00 0.00 100.00 100.00 -1000 1.75 4.06 4.01 -1000 43.74 -0.03 840.753
car -1 -1 0.00 0.00 0.00 100.00 100.00 -1000 1.54 3.72 2.24 -1000 44.96 1.61 840.382
car -1 -1 0.00 0.00 0.00 100.00 100.00 -1000 1.71 4.10 -5.18 -1000 38.87 -0.08 829.269
car -1 -1 0.00 0.00 0.00 100.00 100.00 -1000 1.76 4.27 5.82 -1000 26.12 1.58 818.847
car -1 -1 0.00 0.00 0.00 100.00 100.00 -1000 1.69 3.98 7.33 -1000 45.04 1.70 810.279
car -1 -1 0.00 0.00 0.00 100.00 100.00 -1000 1.78 4.59 -9.68 -1000 42.56 1.64 809.670
car -1 -1 0.00 0.00 0.00 100.00 100.00 -1000 1.81 4.44 5.86 -1000 43.69 -0.06 808.896
car -1 -1 0.00 0.00 0.00 100.00 100.00 -1000 1.64 3.90 -1.86 -1000 44.92 1.70 807.370
car -1 -1 0.00 0.00 0.00 100.00 100.00 -1000 1.80 4.19 1.35 -1000 20.79 1.76 803.840
car -1 -1 0.00 0.00 0.00 100.00 100.00 -1000 2.35 6.82 0.78 -1000 22.76 1.58 794.544
car -1 -1 0.00 0.00 0.00 100.00 100.00 -1000 1.74 4.40 -7.00 -1000 42.77 1.64 793.056
car -1 -1 0.00 0.00 0.00 100.00 100.00 -1000 1.69 4.29 -6.36 -1000 43.45 1.66 787.385
car -1 -1 0.00 0.00 0.00 100.00 100.00 -1000 1.60 3.73 3.75 -1000 45.25 1.67 784.253
car -1 -1 0.00 0.00 0.00 100.00 100.00 -1000 1.51 3.46 -11.58 -1000 37.48 1.59 779.305
car -1 -1 0.00 0.00 0.00 100.00 100.00 -1000 1.81 4.41 -3.38 -1000 38.87 -0.09 771.543
car -1 -1 0.00 0.00 0.00 100.00 100.00 -1000 1.66 3.87 -10.79 -1000 47.49 1.58 768.251
car -1 -1 0.00 0.00 0.00 100.00 100.00 -1000 1.43 3.38 -8.47 -1000 38.47 1.64 765.802
car -1 -1 0.00 0.00 0.00 100.00 100.00 -1000 1.76 4.27 7.50 -1000 25.32 1.69 765.618
car -1 -1 0.00 0.00 0.00 100.00 100.00 -1000 3.33 13.27 -6.45 -1000 47.74 1.58 761.388
car -1 -1 0.00 0.00 0.00 100.00 100.00 -1000 2.21 6.47 -2.17 -1000 23.36 1.65 748.345
car -1 -1 0.00 0.00 0.00 100.00 100.00 -1000 1.57 3.76 -6.68 -1000 38.61 1.63 747.779
car -1 -1 0.00 0.00 0.00 100.00 100.00 -1000 2.02 5.37 7.45 -1000 47.11 1.63 746.743
car -1 -1 0.00 0.00 0.00 100.00 100.00 -1000 1.84 4.49 -12.00 -1000 17.65 1.67 738.725
car -1 -1 0.00 0.00 0.00 100.00 100.00 -1000 1.52 3.39 -7.20 -1000 44.46 1.65 732.254
car -1 -1 0.00 0.00 0.00 100.00 100.00 -1000 1.60 3.67 -8.15 -1000 43.99 1.69 730.952
car -1 -1 0.00 0.00 0.00 100.00 100.00 -1000 1.84 4.44 -2.29 -1000 43.71 1.71 730.454
car -1 -1 0.00 0.00 0.00 100.00 100.00 -1000 2.07 5.27 2.35 -1000 22.14 1.71 729.024
car -1 -1 0.00 0.00 0.00 100.00 100.00 -1000 1.81 4.43 -11.03 -1000 16.19 1.72 722.921
car -1 -1 0.00 0.00 0.00 100.00 100.00 -1000 1.92 5.17 -7.53 -1000 42.00 1.61 716.902
car -1 -1 0.00 0.00 0.00 100.00 100.00 -1000 1.52 3.29 -11.85 -1000 36.62 1.63 705.530
car -1 -1 0.00 0.00 0.00 100.00 100.00 -1000 1.66 4.05 7.43 -1000 43.83 -0.16 698.428
car -1 -1 0.00 0.00 0.00 100.00 100.00 -1000 1.66 3.69 5.87 -1000 28.84 1.64 688.596
car -1 -1 0.00 0.00 0.00 100.00 100.00 -1000 1.66 3.89 -9.48 -1000 44.87 1.70 688.543
car -1 -1 0.00 0.00 0.00 100.00 100.00 -1000 2.62 8.75 -5.56 -1000 46.67 1.64 670.491
car -1 -1 0.00 0.00 0.00 100.00 100.00 -1000 1.81 4.57 5.85 -1000 45.39 1.67 669.794
car -1 -1 0.00 0.00 0.00 100.00 100.00 -1000 1.74 4.37 6.15 -1000 26.94 1.69 657.058
car -1 -1 0.00 0.00 0.00 100.00 100.00 -1000 2.48 7.45 2.85 -1000 23.16 1.76 652.620
car -1 -1 0.00 0.00 0.00 100.00 100.00 -1000 1.60 3.77 -5.29 -1000 42.78 1.64 652.436
car -1 -1 0.00 0.00 0.00 100.00 100.00 -1000 1.71 4.15 -7.25 -1000 37.92 1.62 650.057
car -1 -1 0.00 0.00 0.00 100.00 100.00 -1000 1.72 4.17 -2.04 -1000 39.27 1.64 649.771
car -1 -1 0.00 0.00 0.00 100.00 100.00 -1000 1.62 3.63 -12.70 -1000 40.72 1.59 649.660
car -1 -1 0.00 0.00 0.00 100.00 100.00 -1000 1.69 3.85 1.49 -1000 44.41 1.60 642.556
car -1 -1 0.00 0.00 0.00 100.00 100.00 -1000 1.58 3.68 -1.68 -1000 40.06 1.67 634.567
car -1 -1 0.00 0.00 0.00 100.00 100.00 -1000 2.21 5.72 -8.99 -1000 46.97 1.65 630.819
car -1 -1 0.00 0.00 0.00 100.00 100.00 -1000 1.69 4.44 -6.64 -1000 40.29 1.65 628.318
car -1 -1 0.00 0.00 0.00 100.00 100.00 -1000 1.76 4.51 -9.99 -1000 37.66 1.62 627.222
car -1 -1 0.00 0.00 0.00 100.00 100.00 -1000 1.98 4.88 6.11 -1000 46.63 1.62 624.883
car -1 -1 0.00 0.00 0.00 100.00 100.00 -1000 1.87 4.69 -4.61 -1000 35.25 1.57 624.753
car -1 -1 0.00 0.00 0.00 100.00 100.00 -1000 1.62 3.75 5.77 -1000 22.98 1.63 620.564
car -1 -1 0.00 0.00 0.00 100.00 100.00 -1000 1.92 5.55 -1.25 -1000 22.43 1.56 612.564
car -1 -1 0.00 0.00 0.00 100.00 100.00 -1000 1.80 4.64 6.46 -1000 34.53 1.72 605.235
car -1 -1 0.00 0.00 0.00 100.00 100.00 -1000 1.69 4.04 -2.93 -1000 42.86 1.58 602.601
car -1 -1 0.00 0.00 0.00 100.00 100.00 -1000 1.78 4.25 2.57 -1000 39.88 1.59 593.652
car -1 -1 0.00 0.00 0.00 100.00 100.00 -1000 1.73 4.43 2.24 -1000 43.66 1.63 588.125
car -1 -1 0.00 0.00 0.00 100.00 100.00 -1000 1.30 2.69 -11.45 -1000 38.81 -0.15 587.550
car -1 -1 0.00 0.00 0.00 100.00 100.00 -1000 1.76 4.39 7.28 -1000 24.36 1.69 573.292
car -1 -1 0.00 0.00 0.00 100.00 100.00 -1000 1.88 4.86 2.95 -1000 20.34 1.72 572.189
car -1 -1 0.00 0.00 0.00 100.00 100.00 -1000 1.96 5.00 -10.68 -1000 18.17 1.68 568.801
car -1 -1 0.00 0.00 0.00 100.00 100.00 -1000 1.83 4.37 6.86 -1000 45.94 1.64 563.604
car -1 -1 0.00 0.00 0.00 100.00 100.00 -1000 2.21 6.66 1.18 -1000 25.64 1.64 563.182
car -1 -1 0.00 0.00 0.00 100.00 100.00 -1000 1.79 4.45 -10.37 -1000 36.72 1.64 558.936
car -1 -1 0.00 0.00 0.00 100.00 100.00 -1000 1.76 4.56 -9.66 -1000 41.61 1.67 555.576
car -1 -1 0.00 0.00 0.00 100.00 100.00 -1000 1.93 4.68 -13.02 -1000 41.42 1.54 551.648
car -1 -1 0.00 0.00 0.00 100.00 100.00 -1000 1.72 4.17 -13.31 -1000 15.28 1.58 549.029
car -1 -1 0.00 0.00 0.00 100.00 100.00 -1000 1.63 3.88 -10.08 -1000 39.09 1.70 548.983
car -1 -1 0.00 0.00 0.00 100.00 100.00 -1000 1.89 4.70 1.85 -1000 19.47 1.66 546.603
car -1 -1 0.00 0.00 0.00 100.00 100.00 -1000 1.86 4.93 -9.93 -1000 16.95 1.77 544.932
car -1 -1 0.00 0.00 0.00 100.00 100.00 -1000 2.23 6.01 -1.57 -1000 26.13 1.54 539.054
car -1 -1 0.00 0.00 0.00 100.00 100.00 -1000 1.72 3.96 -13.06 -1000 39.95 1.54 538.552
car -1 -1 0.00 0.00 0.00 100.00 100.00 -1000 1.59 3.88 -8.10 -1000 37.37 0.01 534.604
car -1 -1 0.00 0.00 0.00 100.00 100.00 -1000 1.54 4.22 7.10 -1000 33.20 -0.30 531.620
car -1 -1 0.00 0.00 0.00 100.00 100.00 -1000 1.77 4.28 -3.14 -1000 35.54 1.61 531.142
car -1 -1 0.00 0.00 0.00 100.00 100.00 -1000 1.83 4.32 -4.81 -1000 40.50 1.63 528.854
car -1 -1 0.00 0.00 0.00 100.00 100.00 -1000 1.68 3.73 -7.94 -1000 45.01 1.68 527.672
car -1 -1 0.00 0.00 0.00 100.00 100.00 -1000 1.89 5.51 -7.00 -1000 41.19 1.62 524.823
car -1 -1 0.00 0.00 0.00 100.00 100.00 -1000 1.67 4.11 -10.41 -1000 40.02 1.72 521.200
car -1 -1 0.00 0.00 0.00 100.00 100.00 -1000 1.72 4.25 6.30 -1000 30.19 1.69 513.248
car -1 -1 0.00 0.00 0.00 100.00 100.00 -1000 1.62 3.64 -11.88 -1000 35.36 1.65 512.859
car -1 -1 0.00 0.00 0.00 100.00 100.00 -1000 1.91 5.19 3.73 -1000 21.05 1.73 507.746
car -1 -1 0.00 0.00 0.00 100.00 100.00 -1000 1.88 4.80 7.91 -1000 26.12 1.65 504.663
car -1 -1 0.00 0.00 0.00 100.00 100.00 -1000 2.18 5.85 -3.16 -1000 24.71 1.58 493.088
car -1 -1 0.00 0.00 0.00 100.00 100.00 -1000 2.59 9.08 -2.66 -1000 47.44 1.66 489.138
car -1 -1 0.00 0.00 0.00 100.00 100.00 -1000 1.69 4.24 6.69 -1000 37.02 1.70 484.769
car -1 -1 0.00 0.00 0.00 100.00 100.00 -1000 1.77 4.45 -14.82 -1000 35.44 1.63 484.200
car -1 -1 0.00 0.00 0.00 100.00 100.00 -1000 2.11 5.06 -11.82 -1000 19.27 1.61 484.042
car -1 -1 0.00 0.00 0.00 100.00 100.00 -1000 1.76 5.13 -8.41 -1000 40.76 1.71 476.358
car -1 -1 0.00 0.00 0.00 100.00 100.00 -1000 1.54 3.88 6.05 -1000 32.77 -0.13 474.425
car -1 -1 0.00 0.00 0.00 100.00 100.00 -1000 2.43 7.66 -0.07 -1000 46.85 1.65 472.721
car -1 -1 0.00 0.00 0.00 100.00 100.00 -1000 1.73 4.36 -0.45 -1000 44.24 1.72 467.982
car -1 -1 0.00 0.00 0.00 100.00 100.00 -1000 1.90 4.38 -13.29 -1000 17.26 1.54 467.810
car -1 -1 0.00 0.00 0.00 100.00 100.00 -1000 1.80 4.33 -8.82 -1000 45.91 1.67 465.601
car -1 -1 0.00 0.00 0.00 100.00 100.00 -1000 1.87 5.03 -12.08 -1000 43.72 1.61 463.947
car -1 -1 0.00 0.00 0.00 100.00 100.00 -1000 1.61 4.29 -4.50 -1000 38.14 -0.14 456.135
car -1 -1 0.00 0.00 0.00 100.00 100.00 -1000 1.67 3.92 -12.68 -1000 38.64 1.61 447.293
car -1 -1 0.00 0.00 0.00 100.00 100.00 -1000 1.65 4.00 4.91 -1000 42.91 1.59 447.021
car -1 -1 0.00 0.00 0.00 100.00 100.00 -1000 1.82 4.16 -12.25 -1000 42.55 1.55 446.886
car -1 -1 0.00 0.00 0.00 100.00 100.00 -1000 2.10 6.08 4.55 -1000 21.91 1.73 444.497
car -1 -1 0.00 0.00 0.00 100.00 100.00 -1000 1.94 5.58 -1.59 -1000 21.50 1.68 444.497
car -1 -1 0.00 0.00 0.00 100.00 100.00 -1000 1.53 3.67 6.58 -1000 43.06 -0.21 429.676
car -1 -1 0.00 0.00 0.00 100.00 100.00 -1000 1.96 5.35 -9.75 -1000 15.55 1.78 427.358
car -1 -1 0.00 0.00 0.00 100.00 100.00 -1000 1.80 5.15 4.92 -1000 20.32 1.71 424.223
car -1 -1 0.00 0.00 0.00 100.00 100.00 -1000 1.87 4.17 -12.18 -1000 33.78 1.57 423.401
car -1 -1 0.00 0.00 0.00 100.00 100.00 -1000 1.95 5.23 -5.85 -1000 45.64 1.65 420.162
car -1 -1 0.00 0.00 0.00 100.00 100.00 -1000 1.71 3.91 5.77 -1000 27.79 1.65 408.915
car -1 -1 0.00 0.00 0.00 100.00 100.00 -1000 1.73 4.60 6.99 -1000 22.60 1.68 405.911
car -1 -1 0.00 0.00 0.00 100.00 100.00 -1000 1.92 4.37 6.05 -1000 35.35 1.66 404.118
car -1 -1 0.00 0.00 0.00 100.00 100.00 -1000 1.75 4.19 8.41 -1000 44.36 1.66 400.220
car -1 -1 0.00 0.00 0.00 100.00 100.00 -1000 1.93 4.33 -12.28 -1000 32.21 1.58 400.059
car -1 -1 0.00 0.00 0.00 100.00 100.00 -1000 1.80 4.54 6.72 -1000 29.41 1.71 382.935
car -1 -1 0.00 0.00 0.00 100.00 100.00 -1000 1.79 3.87 -12.97 -1000 18.19 1.62 379.255
car -1 -1 0.00 0.00 0.00 100.00 100.00 -1000 2.06 5.40 8.02 -1000 35.03 1.63 378.667
car -1 -1 0.00 0.00 0.00 100.00 100.00 -1000 2.35 7.42 4.16 -1000 47.32 1.67 372.716
car -1 -1 0.00 0.00 0.00 100.00 100.00 -1000 2.00 4.86 -10.26 -1000 14.71 1.75 370.301
car -1 -1 0.00 0.00 0.00 100.00 100.00 -1000 1.79 4.87 -4.92 -1000 42.04 1.70 362.953
car -1 -1 0.00 0.00 0.00 100.00 100.00 -1000 2.17 6.28 -2.78 -1000 46.38 1.66 361.505
car -1 -1 0.00 0.00 0.00 100.00 100.00 -1000 1.77 4.61 2.66 -1000 38.73 1.62 359.545
car -1 -1 0.00 0.00 0.00 100.00 100.00 -1000 1.74 3.88 -5.95 -1000 35.68 1.67 358.543
car -1 -1 0.00 0.00 0.00 100.00 100.00 -1000 1.86 4.54 7.47 -1000 36.29 1.61 357.373
car -1 -1 0.00 0.00 0.00 100.00 100.00 -1000 1.83 4.78 7.24 -1000 23.48 1.72 354.521
car -1 -1 0.00 0.00 0.00 100.00 100.00 -1000 1.61 3.96 -7.57 -1000 39.36 1.65 344.096
car -1 -1 0.00 0.00 0.00 100.00 100.00 -1000 1.69 3.97 -4.70 -1000 36.07 1.59 334.735
car -1 -1 0.00 0.00 0.00 100.00 100.00 -1000 1.50 3.79 -2.58 -1000 38.26 -0.16 329.600
car -1 -1 0.00 0.00 0.00 100.00 100.00 -1000 1.95 4.95 7.76 -1000 28.53 1.62 327.672
car -1 -1 0.00 0.00 0.00 100.00 100.00 -1000 1.81 4.85 -9.14 -1000 17.80 1.69 326.972
car -1 -1 0.00 0.00 0.00 100.00 100.00 -1000 2.05 5.75 -0.39 -1000 45.62 1.65 326.612
car -1 -1 0.00 0.00 0.00 100.00 100.00 -1000 2.12 6.26 1.83 -1000 46.33 1.64 324.008
car -1 -1 0.00 0.00 0.00 100.00 100.00 -1000 1.77 4.28 -11.20 -1000 36.02 1.73 321.244
car -1 -1 0.00 0.00 0.00 100.00 100.00 -1000 1.62 4.13 -13.65 -1000 14.38 1.61 320.950
car -1 -1 0.00 0.00 0.00 100.00 100.00 -1000 1.78 4.29 6.11 -1000 31.84 1.70 309.754
car -1 -1 0.00 0.00 0.00 100.00 100.00 -1000 1.74 4.01 -11.81 -1000 13.79 1.52 308.599
car -1 -1 0.00 0.00 0.00 100.00 100.00 -1000 1.72 4.57 -8.84 -1000 39.79 1.71 307.360
car -1 -1 0.00 0.00 0.00 100.00 100.00 -1000 1.93 4.54 -13.94 -1000 20.51 1.60 301.939
car -1 -1 0.00 0.00 0.00 100.00 100.00 -1000 1.88 4.68 -1.39 -1000 42.39 1.64 298.267
car -1 -1 0.00 0.00 0.00 100.00 100.00 -1000 2.08 5.95 -13.80 -1000 43.18 1.67 292.711
car -1 -1 0.00 0.00 0.00 100.00 100.00 -1000 2.02 5.22 -15.11 -1000 36.45 1.63 291.350
car -1 -1 0.00 0.00 0.00 100.00 100.00 -1000 2.12 5.76 -10.01 -1000 19.00 1.76 291.314
car -1 -1 0.00 0.00 0.00 100.00 100.00 -1000 1.75 4.59 8.75 -1000 33.72 1.66 284.980
car -1 -1 0.00 0.00 0.00 100.00 100.00 -1000 2.05 5.86 9.04 -1000 46.52 1.66 281.207
car -1 -1 0.00 0.00 0.00 100.00 100.00 -1000 1.89 4.75 -7.01 -1000 32.20 1.56 280.803
car -1 -1 0.00 0.00 0.00 100.00 100.00 -1000 2.12 5.24 -10.78 -1000 20.21 1.64 280.286
car -1 -1 0.00 0.00 0.00 100.00 100.00 -1000 1.70 4.63 -12.84 -1000 30.71 1.59 278.868
car -1 -1 0.00 0.00 0.00 100.00 100.00 -1000 1.65 4.14 9.45 -1000 44.86 1.71 277.976
car -1 -1 0.00 0.00 0.00 100.00 100.00 -1000 1.89 5.74 4.04 -1000 19.50 1.72 277.831
car -1 -1 0.00 0.00 0.00 100.00 100.00 -1000 1.75 4.57 -0.48 -1000 39.72 1.71 277.230
car -1 -1 0.00 0.00 0.00 100.00 100.00 -1000 1.79 4.68 -2.72 -1000 45.57 1.68 276.873
car -1 -1 0.00 0.00 0.00 100.00 100.00 -1000 1.75 4.96 -14.21 -1000 15.87 1.64 275.734
car -1 -1 0.00 0.00 0.00 100.00 100.00 -1000 1.60 4.45 6.60 -1000 21.65 -0.11 274.227
car -1 -1 0.00 0.00 0.00 100.00 100.00 -1000 1.65 4.57 -4.45 -1000 34.18 -0.05 273.043
car -1 -1 0.00 0.00 0.00 100.00 100.00 -1000 1.76 4.49 8.81 -1000 24.86 1.68 271.825
car -1 -1 0.00 0.00 0.00 100.00 100.00 -1000 1.93 4.59 -11.73 -1000 28.95 1.61 270.919
car -1 -1 0.00 0.00 0.00 100.00 100.00 -1000 1.89 4.90 -14.06 -1000 19.25 1.60 269.035
car -1 -1 0.00 0.00 0.00 100.00 100.00 -1000 1.73 4.00 -1.69 -1000 35.75 1.73 266.367
car -1 -1 0.00 0.00 0.00 100.00 100.00 -1000 1.86 4.67 6.69 -1000 31.06 1.72 266.237
car -1 -1 0.00 0.00 0.00 100.00 100.00 -1000 2.43 7.28 -1.79 -1000 27.14 1.62 263.298
car -1 -1 0.00 0.00 0.00 100.00 100.00 -1000 1.50 3.36 4.11 -1000 38.97 0.08 262.691
car -1 -1 0.00 0.00 0.00 100.00 100.00 -1000 1.79 4.84 -2.74 -1000 41.93 1.62 262.086
car -1 -1 0.00 0.00 0.00 100.00 100.00 -1000 1.84 4.67 -2.54 -1000 34.78 1.62 260.316
car -1 -1 0.00 0.00 0.00 100.00 100.00 -1000 1.60 4.16 -12.38 -1000 44.92 1.60 259.948
car -1 -1 0.00 0.00 0.00 100.00 100.00 -1000 1.79 4.63 8.89 -1000 45.64 1.68 258.545
car -1 -1 0.00 0.00 0.00 100.00 100.00 -1000 1.65 3.84 1.43 -1000 39.47 1.59 255.526
car -1 -1 0.00 0.00 0.00 100.00 100.00 -1000 1.70 4.27 0.58 -1000 43.46 1.64 254.721
car -1 -1 0.00 0.00 0.00 100.00 100.00 -1000 1.81 4.40 -10.27 -1000 34.70 1.65 252.848
car -1 -1 0.00 0.00 0.00 100.00 100.00 -1000 1.94 5.64 4.30 -1000 46.28 1.64 251.950
car -1 -1 0.00 0.00 0.00 100.00 100.00 -1000 1.54 4.24 -11.37 -1000 28.02 -0.14 243.054
car -1 -1 0.00 0.00 0.00 100.00 100.00 -1000 1.96 5.55 10.07 -1000 27.09 1.68 239.460
car -1 -1 0.00 0.00 0.00 100.00 100.00 -1000 2.18 6.51 -13.75 -1000 44.44 1.64 239.107
car -1 -1 0.00 0.00 0.00 100.00 100.00 -1000 1.99 5.56 -14.22 -1000 41.94 1.64 236.521
car -1 -1 0.00 0.00 0.00 100.00 100.00 -1000 2.54 8.31 4.06 -1000 25.78 1.61 229.864
car -1 -1 0.00 0.00 0.00 100.00 100.00 -1000 1.86 4.90 8.08 -1000 37.95 1.66 226.131
car -1 -1 0.00 0.00 0.00 100.00 100.00 -1000 1.78 4.89 3.02 -1000 42.93 1.62 225.724
car -1 -1 0.00 0.00 0.00 100.00 100.00 -1000 1.58 3.72 -6.25 -1000 37.30 -0.14 224.177
car -1 -1 0.00 0.00 0.00 100.00 100.00 -1000 1.89 4.94 -7.27 -1000 36.39 1.58 223.186
car -1 -1 0.00 0.00 0.00 100.00 100.00 -1000 1.59 3.93 -12.96 -1000 35.93 0.02 220.193
car -1 -1 0.00 0.00 0.00 100.00 100.00 -1000 1.91 4.66 7.98 -1000 27.18 1.67 216.209
car -1 -1 0.00 0.00 0.00 100.00 100.00 -1000 1.95 5.43 10.08 -1000 35.15 1.68 215.842
car -1 -1 0.00 0.00 0.00 100.00 100.00 -1000 2.05 5.40 -2.91 -1000 20.99 1.66 215.427
car -1 -1 0.00 0.00 0.00 100.00 100.00 -1000 1.92 4.73 -12.52 -1000 34.71 1.53 214.986
car -1 -1 0.00 0.00 0.00 100.00 100.00 -1000 2.02 5.85 10.08 -1000 28.28 1.65 213.784
car -1 -1 0.00 0.00 0.00 100.00 100.00 -1000 1.89 4.52 -12.97 -1000 19.91 1.51 212.835
car -1 -1 0.00 0.00 0.00 100.00 100.00 -1000 1.89 4.40 -12.66 -1000 25.77 1.55 210.924
car -1 -1 0.00 0.00 0.00 100.00 100.00 -1000 1.85 4.96 10.10 -1000 25.45 1.69 210.738
car -1 -1 0.00 0.00 0.00 100.00 100.00 -1000 1.95 4.93 -5.89 -1000 34.77 1.56 210.733
car -1 -1 0.00 0.00 0.00 100.00 100.00 -1000 2.20 5.16 -2.03 -1000 32.22 1.61 209.535
car -1 -1 0.00 0.00 0.00 100.00 100.00 -1000 1.75 4.31 -12.49 -1000 27.46 1.56 208.958
car -1 -1 0.00 0.00 0.00 100.00 100.00 -1000 1.83 4.91 -12.23 -1000 46.12 1.64 204.593
car -1 -1 0.00 0.00 0.00 100.00 100.00 -1000 2.11 5.12 5.45 -1000 36.21 1.55 204.531
car -1 -1 0.00 0.00 0.00 100.00 100.00 -1000 1.71 5.13 6.54 -1000 20.85 -0.31 204.473
car -1 -1 0.00 0.00 0.00 100.00 100.00 -1000 1.79 4.95 10.47 -1000 46.04 1.69 204.380
car -1 -1 0.00 0.00 0.00 100.00 100.00 -1000 1.52 4.13 -9.49 -1000 36.05 -0.13 204.202
car -1 -1 0.00 0.00 0.00 100.00 100.00 -1000 1.90 4.10 -12.40 -1000 22.56 1.59 202.434
car -1 -1 0.00 0.00 0.00 100.00 100.00 -1000 1.88 5.55 -8.96 -1000 33.92 1.62 201.673
car -1 -1 0.00 0.00 0.00 100.00 100.00 -1000 2.12 5.54 -3.02 -1000 30.16 1.59 200.959
car -1 -1 0.00 0.00 0.00 100.00 100.00 -1000 1.70 4.25 -0.54 -1000 38.66 1.63 195.164
car -1 -1 0.00 0.00 0.00 100.00 100.00 -1000 1.84 4.34 8.83 -1000 43.43 1.63 193.180
car -1 -1 0.00 0.00 0.00 100.00 100.00 -1000 2.01 4.66 -9.54 -1000 30.51 1.61 191.489
car -1 -1 0.00 0.00 0.00 100.00 100.00 -1000 1.74 4.42 10.13 -1000 44.07 1.69 188.634
car -1 -1 0.00 0.00 0.00 100.00 100.00 -1000 1.73 4.62 -13.56 -1000 37.03 1.65 188.363
car -1 -1 0.00 0.00 0.00 100.00 100.00 -1000 1.74 4.60 -15.21 -1000 34.64 1.63 187.702
car -1 -1 0.00 0.00 0.00 100.00 100.00 -1000 2.00 5.73 10.11 -1000 36.34 1.65 182.073
car -1 -1 0.00 0.00 0.00 100.00 100.00 -1000 1.85 3.96 -13.26 -1000 21.36 1.67 182.027
car -1 -1 0.00 0.00 0.00 100.00 100.00 -1000 1.86 5.50 1.78 -1000 35.50 1.64 180.595
car -1 -1 0.00 0.00 0.00 100.00 100.00 -1000 1.85 4.77 -12.70 -1000 24.13 1.57 179.088
car -1 -1 0.00 0.00 0.00 100.00 100.00 -1000 1.90 5.29 10.09 -1000 30.30 1.68 178.194
car -1 -1 0.00 0.00 0.00 100.00 100.00 -1000 1.78 4.66 -12.89 -1000 33.04 1.51 178.045
car -1 -1 0.00 0.00 0.00 100.00 100.00 -1000 2.22 5.69 -6.23 -1000 33.86 1.62 175.437
car -1 -1 0.00 0.00 0.00 100.00 100.00 -1000 2.28 5.22 6.19 -1000 19.41 1.60 175.044
car -1 -1 0.00 0.00 0.00 100.00 100.00 -1000 2.16 5.29 -4.77 -1000 32.18 1.59 170.820
car -1 -1 0.00 0.00 0.00 100.00 100.00 -1000 2.20 6.10 -3.99 -1000 23.82 1.57 169.737
car -1 -1 0.00 0.00 0.00 100.00 100.00 -1000 1.72 4.58 10.50 -1000 33.50 1.68 168.921
car -1 -1 0.00 0.00 0.00 100.00 100.00 -1000 2.27 6.04 -3.98 -1000 25.70 1.57 166.886
car -1 -1 0.00 0.00 0.00 100.00 100.00 -1000 1.71 4.57 -3.96 -1000 41.36 1.68 163.388
car -1 -1 0.00 0.00 0.00 100.00 100.00 -1000 1.80 4.97 -14.82 -1000 15.03 1.67 162.212
car -1 -1 0.00 0.00 0.00 100.00 100.00 -1000 1.97 4.76 3.46 -1000 36.16 1.54 162.100
car -1 -1 0.00 0.00 0.00 100.00 100.00 -1000 2.04 5.96 -14.21 -1000 22.34 1.65 160.547
