car -1 -1 0.00 0.00 0.00 100.00 100.00 -1000 1.51 4.22 5.55 -1000 30.80 -0.25 998.730
car -1 -1 0.00 0.00 0.00 100.00 100.00 -1000 1.29 3.81 -0.97 -1000 29.61 -0.28 998.353
car -1 -1 0.00 0.00 0.00 100.00 100.00 -1000 1.58 3.51 6.12 -1000 31.69 1.66 997.981
car -1 -1 0.00 0.00 0.00 100.00 100.00 -1000 1.59 3.54 0.33 -1000 30.91 1.64 997.961
car -1 -1 0.00 0.00 0.00 100.00 100.00 -1000 1.38 4.08 4.55 -1000 30.35 -0.32 996.138
car -1 -1 0.00 0.00 0.00 100.00 100.00 -1000 1.57 3.28 1.99 -1000 30.86 1.63 994.198
car -1 -1 0.00 0.00 0.00 100.00 100.00 -1000 1.47 3.58 0.74 -1000 29.95 -0.14 994.122
car -1 -1 0.00 0.00 0.00 100.00 100.00 -1000 1.57 3.35 3.64 -1000 31.15 1.65 992.814
car -1 -1 0.00 0.00 0.00 100.00 100.00 -1000 1.64 3.96 -8.48 -1000 11.18 1.60 992.514
car -1 -1 0.00 0.00 0.00 100.00 100.00 -1000 1.57 3.72 -1.37 -1000 30.85 1.62 991.323
car -1 -1 0.00 0.00 0.00 100.00 100.00 -1000 1.59 3.74 2.80 -1000 30.26 -0.15 989.472
car -1 -1 0.00 0.00 0.00 100.00 100.00 -1000 1.53 3.39 7.27 -1000 31.98 1.66 988.593
car -1 -1 0.00 0.00 0.00 100.00 100.00 -1000 1.46 4.19 7.35 -1000 30.71 -0.25 987.359
car -1 -1 0.00 0.00 0.00 100.00 100.00 -1000 1.29 4.11 6.43 -1000 30.24 -0.24 980.904
car -1 -1 0.00 0.00 0.00 100.00 100.00 -1000 3.54 13.13 3.99 -1000 35.37 1.49 978.468
car -1 -1 0.00 0.00 0.00 100.00 100.00 -1000 1.50 3.39 1.42 -1000 31.58 1.63 973.970
car -1 -1 0.00 0.00 0.00 100.00 100.00 -1000 1.46 3.20 -8.41 -1000 10.21 1.62 970.226
car -1 -1 0.00 0.00 0.00 100.00 100.00 -1000 1.40 3.91 3.92 -1000 29.79 -0.02 961.955
car -1 -1 0.00 0.00 0.00 100.00 100.00 -1000 1.52 3.41 8.55 -1000 32.14 1.62 960.109
car -1 -1 0.00 0.00 0.00 100.00 100.00 -1000 1.53 3.54 4.95 -1000 31.99 1.62 959.697
car -1 -1 0.00 0.00 0.00 100.00 100.00 -1000 1.58 3.63 -8.07 -1000 12.02 1.68 952.087
car -1 -1 0.00 0.00 0.00 100.00 100.00 -1000 2.55 7.93 4.14 -1000 35.56 1.58 948.116
car -1 -1 0.00 0.00 0.00 100.00 100.00 -1000 1.55 3.57 -5.62 -1000 14.07 1.56 946.204
car -1 -1 0.00 0.00 0.00 100.00 100.00 -1000 1.51 3.50 -13.30 -1000 36.49 -0.26 943.711
car -1 -1 0.00 0.00 0.00 100.00 100.00 -1000 2.45 7.41 -2.89 -1000 33.77 1.60 941.333
car -1 -1 0.00 0.00 0.00 100.00 100.00 -1000 3.40 13.75 2.22 -1000 34.17 1.61 930.760
car -1 -1 0.00 0.00 0.00 100.00 100.00 -1000 1.74 4.28 7.07 -1000 32.91 1.70 922.922
car -1 -1 0.00 0.00 0.00 100.00 100.00 -1000 1.49 3.41 -13.00 -1000 37.50 1.61 921.428
car -1 -1 0.00 0.00 0.00 100.00 100.00 -1000 1.61 3.98 -0.25 -1000 31.67 1.60 920.626
car -1 -1 0.00 0.00 0.00 100.00 100.00 -1000 2.88 10.40 5.97 -1000 33.99 1.60 916.132
car -1 -1 0.00 0.00 0.00 100.00 100.00 -1000 1.61 3.72 2.76 -1000 31.98 1.65 915.916
car -1 -1 0.00 0.00 0.00 100.00 100.00 -1000 1.57 3.74 8.68 -1000 31.04 -0.34 915.592
car -1 -1 0.00 0.00 0.00 100.00 100.00 -1000 1.58 3.50 -5.41 -1000 16.08 1.62 912.346
car -1 -1 0.00 0.00 0.00 100.00 100.00 -1000 2.12 5.96 -1.27 -1000 33.26 1.59 912.037
car -1 -1 0.00 0.00 0.00 100.00 100.00 -1000 1.42 2.88 -1.92 -1000 30.08 1.63 911.119
car -1 -1 0.00 0.00 0.00 100.00 100.00 -1000 2.22 5.78 7.85 -1000 34.32 1.63 887.843
car -1 -1 0.00 0.00 0.00 100.00 100.00 -1000 1.59 3.54 -5.63 -1000 14.93 1.66 877.733
car -1 -1 0.00 0.00 0.00 100.00 100.00 -1000 1.52 3.35 -5.24 -1000 13.38 1.64 877.369
car -1 -1 0.00 0.00 0.00 100.00 100.00 -1000 1.52 3.57 18.09 -1000 44.50 -0.13 866.328
car -1 -1 0.00 0.00 0.00 100.00 100.00 -1000 2.28 6.63 2.25 -1000 32.96 1.62 864.597
car -1 -1 0.00 0.00 0.00 100.00 100.00 -1000 1.68 4.23 -5.32 -1000 42.37 1.58 863.751
car -1 -1 0.00 0.00 0.00 100.00 100.00 -1000 1.82 4.80 -2.07 -1000 31.73 1.60 856.510
car -1 -1 0.00 0.00 0.00 100.00 100.00 -1000 1.93 4.93 -4.78 -1000 34.15 1.54 854.174
car -1 -1 0.00 0.00 0.00 100.00 100.00 -1000 2.46 7.98 0.64 -1000 33.67 1.51 851.395
car -1 -1 0.00 0.00 0.00 100.00 100.00 -1000 1.36 4.41 1.28 -1000 29.31 -0.16 842.275
car -1 -1 0.00 0.00 0.00 100.00 100.00 -1000 2.06 6.17 5.10 -1000 33.06 1.64 831.321
car -1 -1 0.00 0.00 0.00 100.00 100.00 -1000 1.53 3.49 -3.02 -1000 30.96 1.58 829.104
car -1 -1 0.00 0.00 0.00 100.00 100.00 -1000 1.69 4.09 -6.34 -1000 43.11 1.58 823.690
car -1 -1 0.00 0.00 0.00 100.00 100.00 -1000 1.82 4.58 1.54 -1000 32.34 1.61 814.738
car -1 -1 0.00 0.00 0.00 100.00 100.00 -1000 1.80 4.31 9.97 -1000 32.54 1.69 794.110
car -1 -1 0.00 0.00 0.00 100.00 100.00 -1000 1.59 3.81 -11.92 -1000 38.11 1.68 793.126
car -1 -1 0.00 0.00 0.00 100.00 100.00 -1000 2.49 7.45 -2.13 -1000 35.18 1.63 783.841
car -1 -1 0.00 0.00 0.00 100.00 100.00 -1000 2.57 8.07 9.42 -1000 35.84 1.62 782.032
car -1 -1 0.00 0.00 0.00 100.00 100.00 -1000 1.53 3.49 16.16 -1000 44.47 -0.29 780.876
car -1 -1 0.00 0.00 0.00 100.00 100.00 -1000 1.67 3.89 -12.29 -1000 36.89 1.76 776.228
car -1 -1 0.00 0.00 0.00 100.00 100.00 -1000 1.42 3.19 -7.19 -1000 12.95 1.61 767.969
car -1 -1 0.00 0.00 0.00 100.00 100.00 -1000 2.19 6.05 8.73 -1000 33.51 1.66 764.515
car -1 -1 0.00 0.00 0.00 100.00 100.00 -1000 1.57 3.66 17.42 -1000 45.18 1.67 752.996
car -1 -1 0.00 0.00 0.00 100.00 100.00 -1000 1.66 3.89 -3.97 -1000 42.03 1.68 750.135
car -1 -1 0.00 0.00 0.00 100.00 100.00 -1000 2.21 6.10 1.55 -1000 35.67 1.58 745.716
car -1 -1 0.00 0.00 0.00 100.00 100.00 -1000 1.75 4.26 -4.03 -1000 36.80 1.60 735.351
car -1 -1 0.00 0.00 0.00 100.00 100.00 -1000 1.55 3.86 -8.02 -1000 43.53 1.61 734.200
car -1 -1 0.00 0.00 0.00 100.00 100.00 -1000 1.58 3.62 -13.62 -1000 30.23 1.64 725.570
car -1 -1 0.00 0.00 0.00 100.00 100.00 -1000 1.81 5.17 -3.44 -1000 34.57 1.65 722.477
car -1 -1 0.00 0.00 0.00 100.00 100.00 -1000 1.61 3.77 9.85 -1000 31.62 1.74 696.101
car -1 -1 0.00 0.00 0.00 100.00 100.00 -1000 1.95 5.43 -3.14 -1000 33.01 1.53 692.723
car -1 -1 0.00 0.00 0.00 100.00 100.00 -1000 1.69 4.30 -10.83 -1000 44.78 1.65 692.716
car -1 -1 0.00 0.00 0.00 100.00 100.00 -1000 1.71 4.34 -10.49 -1000 37.54 1.67 688.121
car -1 -1 0.00 0.00 0.00 100.00 100.00 -1000 2.29 7.72 11.10 -1000 35.08 1.68 687.073
car -1 -1 0.00 0.00 0.00 100.00 100.00 -1000 1.57 3.75 -4.46 -1000 42.91 1.67 663.439
car -1 -1 0.00 0.00 0.00 100.00 100.00 -1000 2.07 6.29 11.77 -1000 36.00 1.70 656.751
car -1 -1 0.00 0.00 0.00 100.00 100.00 -1000 1.60 4.14 -12.43 -1000 45.17 1.61 656.203
car -1 -1 0.00 0.00 0.00 100.00 100.00 -1000 1.64 3.94 16.84 -1000 45.82 1.66 650.554
car -1 -1 0.00 0.00 0.00 100.00 100.00 -1000 2.11 6.09 10.19 -1000 34.06 1.65 647.124
car -1 -1 0.00 0.00 0.00 100.00 100.00 -1000 2.11 6.37 10.55 -1000 36.68 1.65 644.018
car -1 -1 0.00 0.00 0.00 100.00 100.00 -1000 1.60 3.75 14.58 -1000 44.37 1.63 637.893
car -1 -1 0.00 0.00 0.00 100.00 100.00 -1000 1.72 3.33 -2.05 -1000 29.16 1.50 632.730
car -1 -1 0.00 0.00 0.00 100.00 100.00 -1000 1.61 3.85 -5.71 -1000 41.61 1.59 626.475
car -1 -1 0.00 0.00 0.00 100.00 100.00 -1000 1.62 4.00 -7.17 -1000 42.40 1.57 623.669
car -1 -1 0.00 0.00 0.00 100.00 100.00 -1000 1.73 4.17 -14.02 -1000 38.24 1.63 622.632
car -1 -1 0.00 0.00 0.00 100.00 100.00 -1000 1.34 3.62 -4.61 -1000 15.44 -0.25 616.326
car -1 -1 0.00 0.00 0.00 100.00 100.00 -1000 1.51 3.46 9.55 -1000 29.88 1.59 612.133
car -1 -1 0.00 0.00 0.00 100.00 100.00 -1000 1.72 4.25 -9.70 -1000 43.97 1.57 603.791
car -1 -1 0.00 0.00 0.00 100.00 100.00 -1000 1.43 4.33 -7.23 -1000 10.53 -0.19 600.435
car -1 -1 0.00 0.00 0.00 100.00 100.00 -1000 1.98 5.10 10.94 -1000 33.30 1.67 598.991
car -1 -1 0.00 0.00 0.00 100.00 100.00 -1000 1.75 4.44 -4.42 -1000 41.23 1.62 592.588
car -1 -1 0.00 0.00 0.00 100.00 100.00 -1000 1.65 4.02 18.69 -1000 45.49 1.71 581.113
car -1 -1 0.00 0.00 0.00 100.00 100.00 -1000 2.47 8.47 -0.85 -1000 34.40 1.53 574.907
car -1 -1 0.00 0.00 0.00 100.00 100.00 -1000 1.54 3.37 -13.97 -1000 29.51 1.68 571.593
car -1 -1 0.00 0.00 0.00 100.00 100.00 -1000 1.47 3.93 -8.26 -1000 9.49 -0.35 563.050
car -1 -1 0.00 0.00 0.00 100.00 100.00 -1000 1.85 4.48 -15.99 -1000 38.31 1.62 557.873
car -1 -1 0.00 0.00 0.00 100.00 100.00 -1000 1.75 4.50 12.64 -1000 32.23 1.66 555.874
car -1 -1 0.00 0.00 0.00 100.00 100.00 -1000 1.63 3.75 -4.63 -1000 31.36 1.65 553.653
car -1 -1 0.00 0.00 0.00 100.00 100.00 -1000 1.55 3.93 -19.36 -1000 32.33 1.60 551.032
car -1 -1 0.00 0.00 0.00 100.00 100.00 -1000 1.42 3.12 15.09 -1000 43.75 -0.02 547.889
car -1 -1 0.00 0.00 0.00 100.00 100.00 -1000 1.52 3.86 -4.19 -1000 30.65 1.60 546.917
car -1 -1 0.00 0.00 0.00 100.00 100.00 -1000 1.52 3.57 -4.77 -1000 16.92 1.70 541.513
car -1 -1 0.00 0.00 0.00 100.00 100.00 -1000 1.69 4.43 -9.20 -1000 12.58 1.66 527.046
car -1 -1 0.00 0.00 0.00 100.00 100.00 -1000 1.71 4.09 -9.86 -1000 38.36 1.66 525.738
car -1 -1 0.00 0.00 0.00 100.00 100.00 -1000 1.46 3.06 16.56 -1000 43.48 1.68 521.341
car -1 -1 0.00 0.00 0.00 100.00 100.00 -1000 1.66 3.63 10.35 -1000 30.68 1.64 519.824
car -1 -1 0.00 0.00 0.00 100.00 100.00 -1000 1.45 3.55 8.68 -1000 22.44 -0.04 518.830
car -1 -1 0.00 0.00 0.00 100.00 100.00 -1000 1.28 3.94 -4.78 -1000 12.73 -0.18 515.577
car -1 -1 0.00 0.00 0.00 100.00 100.00 -1000 1.55 3.90 14.97 -1000 35.46 1.60 503.691
car -1 -1 0.00 0.00 0.00 100.00 100.00 -1000 1.54 3.88 15.16 -1000 45.00 1.64 489.055
car -1 -1 0.00 0.00 0.00 100.00 100.00 -1000 1.46 3.41 -12.69 -1000 35.53 1.52 486.339
car -1 -1 0.00 0.00 0.00 100.00 100.00 -1000 1.64 4.18 -8.68 -1000 42.88 1.62 483.578
car -1 -1 0.00 0.00 0.00 100.00 100.00 -1000 1.96 5.07 -3.36 -1000 35.99 1.59 483.504
car -1 -1 0.00 0.00 0.00 100.00 100.00 -1000 1.74 4.36 -11.03 -1000 36.48 1.67 476.882
car -1 -1 0.00 0.00 0.00 100.00 100.00 -1000 1.71 3.85 17.95 -1000 40.27 1.54 472.396
car -1 -1 0.00 0.00 0.00 100.00 100.00 -1000 1.73 4.26 -12.99 -1000 45.90 1.64 468.844
car -1 -1 0.00 0.00 0.00 100.00 100.00 -1000 1.48 3.40 -9.58 -1000 9.99 1.56 468.630
car -1 -1 0.00 0.00 0.00 100.00 100.00 -1000 1.77 4.26 -9.75 -1000 11.55 1.56 464.994
car -1 -1 0.00 0.00 0.00 100.00 100.00 -1000 1.42 3.77 8.20 -1000 30.09 -0.09 453.717
car -1 -1 0.00 0.00 0.00 100.00 100.00 -1000 1.17 2.88 18.58 -1000 43.80 -0.16 450.969
car -1 -1 0.00 0.00 0.00 100.00 100.00 -1000 1.63 3.91 -11.51 -1000 44.10 1.61 445.656
car -1 -1 0.00 0.00 0.00 100.00 100.00 -1000 1.71 3.90 16.19 -1000 46.76 1.70 443.877
car -1 -1 0.00 0.00 0.00 100.00 100.00 -1000 1.74 4.09 -9.31 -1000 37.16 1.64 435.179
car -1 -1 0.00 0.00 0.00 100.00 100.00 -1000 1.58 3.58 -14.33 -1000 30.92 1.63 426.265
car -1 -1 0.00 0.00 0.00 100.00 100.00 -1000 1.53 3.57 -4.87 -1000 37.37 1.60 422.211
car -1 -1 0.00 0.00 0.00 100.00 100.00 -1000 1.73 4.10 18.58 -1000 33.49 1.61 411.480
car -1 -1 0.00 0.00 0.00 100.00 100.00 -1000 1.50 3.51 18.55 -1000 39.62 0.02 406.858
car -1 -1 0.00 0.00 0.00 100.00 100.00 -1000 1.45 3.41 15.70 -1000 19.18 -0.24 398.346
car -1 -1 0.00 0.00 0.00 100.00 100.00 -1000 1.51 3.55 16.36 -1000 36.96 -0.04 382.377
car -1 -1 0.00 0.00 0.00 100.00 100.00 -1000 1.75 4.69 -18.68 -1000 33.08 1.61 372.573
car -1 -1 0.00 0.00 0.00 100.00 100.00 -1000 1.77 4.21 13.67 -1000 43.59 1.56 365.511
car -1 -1 0.00 0.00 0.00 100.00 100.00 -1000 1.88 4.70 14.11 -1000 36.32 1.61 364.188
car -1 -1 0.00 0.00 0.00 100.00 100.00 -1000 2.38 7.59 6.42 -1000 36.06 1.59 364.113
car -1 -1 0.00 0.00 0.00 100.00 100.00 -1000 1.85 4.20 -17.65 -1000 38.56 1.62 363.368
car -1 -1 0.00 0.00 0.00 100.00 100.00 -1000 1.62 4.09 15.54 -1000 34.74 1.59 360.781
car -1 -1 0.00 0.00 0.00 100.00 100.00 -1000 1.76 4.44 -15.21 -1000 37.60 1.61 356.156
car -1 -1 0.00 0.00 0.00 100.00 100.00 -1000 1.70 4.79 -4.17 -1000 32.34 1.65 355.764
car -1 -1 0.00 0.00 0.00 100.00 100.00 -1000 1.66 4.51 -6.49 -1000 37.13 1.58 354.960
car -1 -1 0.00 0.00 0.00 100.00 100.00 -1000 1.85 4.73 -3.81 -1000 29.13 1.58 351.751
car -1 -1 0.00 0.00 0.00 100.00 100.00 -1000 2.15 7.66 5.66 -1000 29.82 0.06 348.592
car -1 -1 0.00 0.00 0.00 100.00 100.00 -1000 1.68 4.44 12.16 -1000 30.64 1.65 341.906
car -1 -1 0.00 0.00 0.00 100.00 100.00 -1000 1.68 4.14 -2.87 -1000 42.48 1.70 340.221
car -1 -1 0.00 0.00 0.00 100.00 100.00 -1000 1.91 4.66 1.32 -1000 44.71 1.62 337.030
car -1 -1 0.00 0.00 0.00 100.00 100.00 -1000 1.88 5.09 -1.85 -1000 36.46 1.68 333.072
car -1 -1 0.00 0.00 0.00 100.00 100.00 -1000 1.70 3.42 -2.83 -1000 29.71 1.56 332.397
car -1 -1 0.00 0.00 0.00 100.00 100.00 -1000 1.68 3.98 -9.09 -1000 44.71 1.65 328.573
car -1 -1 0.00 0.00 0.00 100.00 100.00 -1000 2.03 5.25 13.48 -1000 35.27 1.68 326.974
car -1 -1 0.00 0.00 0.00 100.00 100.00 -1000 1.68 4.06 17.11 -1000 33.93 1.60 326.256
car -1 -1 0.00 0.00 0.00 100.00 100.00 -1000 1.72 3.97 17.06 -1000 38.27 1.59 325.885
car -1 -1 0.00 0.00 0.00 100.00 100.00 -1000 1.72 4.75 13.43 -1000 31.45 1.67 324.639
car -1 -1 0.00 0.00 0.00 100.00 100.00 -1000 1.88 4.77 -8.97 -1000 14.48 1.68 324.109
car -1 -1 0.00 0.00 0.00 100.00 100.00 -1000 1.73 4.13 -8.07 -1000 38.17 1.62 324.021
car -1 -1 0.00 0.00 0.00 100.00 100.00 -1000 1.59 4.31 15.33 -1000 17.91 1.65 323.810
car -1 -1 0.00 0.00 0.00 100.00 100.00 -1000 1.71 3.85 8.93 -1000 23.32 1.62 312.788
car -1 -1 0.00 0.00 0.00 100.00 100.00 -1000 1.74 3.79 18.85 -1000 36.93 1.63 304.931
car -1 -1 0.00 0.00 0.00 100.00 100.00 -1000 1.72 4.31 2.95 -1000 29.15 1.08 304.717
car -1 -1 0.00 0.00 0.00 100.00 100.00 -1000 1.80 4.60 10.07 -1000 29.07 1.60 303.182
car -1 -1 0.00 0.00 0.00 100.00 100.00 -1000 1.67 3.71 -10.98 -1000 45.76 1.64 302.942
car -1 -1 0.00 0.00 0.00 100.00 100.00 -1000 1.65 3.77 16.95 -1000 40.74 1.56 299.604
car -1 -1 0.00 0.00 0.00 100.00 100.00 -1000 1.36 3.22 16.89 -1000 36.02 -0.09 297.523
car -1 -1 0.00 0.00 0.00 100.00 100.00 -1000 1.64 4.39 17.93 -1000 27.22 1.64 295.908
car -1 -1 0.00 0.00 0.00 100.00 100.00 -1000 1.75 3.70 12.78 -1000 40.28 1.62 290.137
car -1 -1 0.00 0.00 0.00 100.00 100.00 -1000 1.55 3.79 -8.45 -1000 42.05 1.57 289.878
car -1 -1 0.00 0.00 0.00 100.00 100.00 -1000 1.55 3.79 18.13 -1000 26.06 0.06 284.777
car -1 -1 0.00 0.00 0.00 100.00 100.00 -1000 1.79 3.90 -6.45 -1000 34.54 1.60 282.324
car -1 -1 0.00 0.00 0.00 100.00 100.00 -1000 2.01 7.99 -0.88 -1000 28.99 0.27 279.526
car -1 -1 0.00 0.00 0.00 100.00 100.00 -1000 1.96 4.94 -6.03 -1000 33.62 1.56 279.510
car -1 -1 0.00 0.00 0.00 100.00 100.00 -1000 1.73 4.64 15.77 -1000 37.89 1.56 274.403
car -1 -1 0.00 0.00 0.00 100.00 100.00 -1000 1.30 3.90 -3.97 -1000 16.27 -0.23 273.739
car -1 -1 0.00 0.00 0.00 100.00 100.00 -1000 1.76 3.89 -6.86 -1000 44.12 1.66 272.977
car -1 -1 0.00 0.00 0.00 100.00 100.00 -1000 1.57 4.01 -15.31 -1000 29.86 1.55 263.794
car -1 -1 0.00 0.00 0.00 100.00 100.00 -1000 1.70 3.79 -9.80 -1000 45.36 1.72 263.451
car -1 -1 0.00 0.00 0.00 100.00 100.00 -1000 1.98 3.89 -6.52 -1000 11.77 1.64 263.308
car -1 -1 0.00 0.00 0.00 100.00 100.00 -1000 1.56 3.91 -2.40 -1000 41.73 1.69 258.973
car -1 -1 0.00 0.00 0.00 100.00 100.00 -1000 1.87 4.93 12.87 -1000 36.83 1.64 257.881
car -1 -1 0.00 0.00 0.00 100.00 100.00 -1000 1.94 5.05 12.73 -1000 34.13 1.65 256.918
car -1 -1 0.00 0.00 0.00 100.00 100.00 -1000 1.73 4.32 14.85 -1000 19.73 1.61 252.362
car -1 -1 0.00 0.00 0.00 100.00 100.00 -1000 2.03 4.82 -6.10 -1000 30.63 1.60 248.329
car -1 -1 0.00 0.00 0.00 100.00 100.00 -1000 1.97 4.69 -7.81 -1000 33.88 1.58 248.030
car -1 -1 0.00 0.00 0.00 100.00 100.00 -1000 1.95 4.52 -17.78 -1000 33.76 1.60 243.751
car -1 -1 0.00 0.00 0.00 100.00 100.00 -1000 1.91 4.94 -10.59 -1000 17.72 1.64 236.429
car -1 -1 0.00 0.00 0.00 100.00 100.00 -1000 1.82 4.20 17.00 -1000 42.81 1.61 235.983
car -1 -1 0.00 0.00 0.00 100.00 100.00 -1000 1.75 4.11 17.77 -1000 35.04 1.61 235.165
car -1 -1 0.00 0.00 0.00 100.00 100.00 -1000 1.93 3.95 11.14 -1000 29.88 1.65 234.673
car -1 -1 0.00 0.00 0.00 100.00 100.00 -1000 1.56 4.20 18.33 -1000 38.70 1.58 231.311
car -1 -1 0.00 0.00 0.00 100.00 100.00 -1000 1.32 3.31 -18.66 -1000 31.78 -0.17 231.028
car -1 -1 0.00 0.00 0.00 100.00 100.00 -1000 1.84 4.67 1.61 -1000 43.48 1.59 230.862
car -1 -1 0.00 0.00 0.00 100.00 100.00 -1000 1.92 4.61 -15.86 -1000 29.09 1.61 229.138
car -1 -1 0.00 0.00 0.00 100.00 100.00 -1000 1.77 4.57 16.44 -1000 41.94 1.58 228.504
car -1 -1 0.00 0.00 0.00 100.00 100.00 -1000 1.95 4.77 -5.91 -1000 36.41 1.55 224.858
car -1 -1 0.00 0.00 0.00 100.00 100.00 -1000 2.11 5.79 -0.46 -1000 35.92 1.68 221.691
car -1 -1 0.00 0.00 0.00 100.00 100.00 -1000 1.68 3.95 16.63 -1000 19.69 1.74 215.132
car -1 -1 0.00 0.00 0.00 100.00 100.00 -1000 1.94 4.69 13.39 -1000 29.98 1.63 214.097
car -1 -1 0.00 0.00 0.00 100.00 100.00 -1000 1.73 4.02 -2.33 -1000 37.22 1.72 211.990
car -1 -1 0.00 0.00 0.00 100.00 100.00 -1000 1.77 4.62 -11.28 -1000 19.38 1.66 211.039
car -1 -1 0.00 0.00 0.00 100.00 100.00 -1000 1.58 4.25 -3.79 -1000 40.44 1.65 210.288
car -1 -1 0.00 0.00 0.00 100.00 100.00 -1000 1.93 4.84 -14.07 -1000 22.53 1.62 207.719
car -1 -1 0.00 0.00 0.00 100.00 100.00 -1000 1.77 3.95 -6.40 -1000 38.12 1.71 202.271
car -1 -1 0.00 0.00 0.00 100.00 100.00 -1000 1.77 3.54 -15.72 -1000 30.69 1.61 202.041
car -1 -1 0.00 0.00 0.00 100.00 100.00 -1000 1.53 4.18 19.08 -1000 32.39 1.60 201.099
car -1 -1 0.00 0.00 0.00 100.00 100.00 -1000 1.68 4.11 -5.07 -1000 43.60 1.65 200.889
car -1 -1 0.00 0.00 0.00 100.00 100.00 -1000 1.48 3.87 -14.38 -1000 36.96 0.14 200.690
car -1 -1 0.00 0.00 0.00 100.00 100.00 -1000 1.83 4.55 -17.31 -1000 32.36 1.65 199.230
car -1 -1 0.00 0.00 0.00 100.00 100.00 -1000 2.01 5.33 -14.90 -1000 33.83 1.52 197.934
car -1 -1 0.00 0.00 0.00 100.00 100.00 -1000 1.90 4.74 -14.25 -1000 39.18 1.60 197.488
car -1 -1 0.00 0.00 0.00 100.00 100.00 -1000 1.82 4.21 -12.91 -1000 31.36 1.63 197.185
car -1 -1 0.00 0.00 0.00 100.00 100.00 -1000 1.87 4.35 19.26 -1000 24.04 1.65 194.898
car -1 -1 0.00 0.00 0.00 100.00 100.00 -1000 1.72 4.18 -10.83 -1000 43.26 1.51 193.403
car -1 -1 0.00 0.00 0.00 100.00 100.00 -1000 2.02 5.06 16.28 -1000 47.49 1.65 192.016
car -1 -1 0.00 0.00 0.00 100.00 100.00 -1000 2.01 5.55 -7.80 -1000 46.44 1.64 191.555
car -1 -1 0.00 0.00 0.00 100.00 100.00 -1000 1.80 4.12 11.88 -1000 37.44 1.71 189.625
car -1 -1 0.00 0.00 0.00 100.00 100.00 -1000 1.96 4.37 19.39 -1000 35.50 1.59 189.213
car -1 -1 0.00 0.00 0.00 100.00 100.00 -1000 1.84 4.86 -16.73 -1000 37.21 1.62 186.898
car -1 -1 0.00 0.00 0.00 100.00 100.00 -1000 1.78 4.08 -15.29 -1000 31.51 1.59 186.660
car -1 -1 0.00 0.00 0.00 100.00 100.00 -1000 1.79 4.51 -3.19 -1000 17.40 1.76 186.200
car -1 -1 0.00 0.00 0.00 100.00 100.00 -1000 1.89 4.86 -10.56 -1000 35.61 1.68 186.078
car -1 -1 0.00 0.00 0.00 100.00 100.00 -1000 1.78 4.58 13.54 -1000 45.20 1.62 186.004
car -1 -1 0.00 0.00 0.00 100.00 100.00 -1000 1.85 4.98 -9.60 -1000 17.04 1.68 185.917
car -1 -1 0.00 0.00 0.00 100.00 100.00 -1000 1.90 5.03 7.78 -1000 23.86 1.59 185.659
car -1 -1 0.00 0.00 0.00 100.00 100.00 -1000 1.77 4.62 -11.51 -1000 29.86 1.70 182.058
car -1 -1 0.00 0.00 0.00 100.00 100.00 -1000 1.87 5.02 -10.63 -1000 12.16 1.62 181.584
car -1 -1 0.00 0.00 0.00 100.00 100.00 -1000 1.76 3.97 -5.17 -1000 32.92 0.13 180.434
car -1 -1 0.00 0.00 0.00 100.00 100.00 -1000 1.76 4.08 13.66 -1000 40.80 1.62 178.392
car -1 -1 0.00 0.00 0.00 100.00 100.00 -1000 1.87 5.95 5.18 -1000 29.05 1.12 176.939
car -1 -1 0.00 0.00 0.00 100.00 100.00 -1000 1.74 4.29 14.88 -1000 45.87 1.58 176.796
car -1 -1 0.00 0.00 0.00 100.00 100.00 -1000 1.69 4.92 -8.71 -1000 36.43 1.63 175.686
car -1 -1 0.00 0.00 0.00 100.00 100.00 -1000 1.67 4.47 -10.90 -1000 10.62 1.60 174.546
car -1 -1 0.00 0.00 0.00 100.00 100.00 -1000 1.86 4.48 14.29 -1000 38.76 1.65 174.435
car -1 -1 0.00 0.00 0.00 100.00 100.00 -1000 1.69 4.14 -7.20 -1000 41.18 1.60 172.803
car -1 -1 0.00 0.00 0.00 100.00 100.00 -1000 1.76 4.49 -0.24 -1000 32.52 -0.11 171.941
car -1 -1 0.00 0.00 0.00 100.00 100.00 -1000 1.75 4.40 17.74 -1000 37.46 1.66 171.374
car -1 -1 0.00 0.00 0.00 100.00 100.00 -1000 1.68 4.35 -13.12 -1000 20.92 1.65 171.243
car -1 -1 0.00 0.00 0.00 100.00 100.00 -1000 1.75 3.92 15.08 -1000 40.31 1.68 170.626
car -1 -1 0.00 0.00 0.00 100.00 100.00 -1000 1.97 5.65 7.73 -1000 29.29 1.65 169.572
car -1 -1 0.00 0.00 0.00 100.00 100.00 -1000 1.74 4.29 13.02 -1000 41.69 1.62 167.423
car -1 -1 0.00 0.00 0.00 100.00 100.00 -1000 2.02 4.99 -6.05 -1000 27.46 1.61 167.279
car -1 -1 0.00 0.00 0.00 100.00 100.00 -1000 2.07 4.83 14.55 -1000 30.70 1.63 166.574
car -1 -1 0.00 0.00 0.00 100.00 100.00 -1000 1.83 4.73 -15.66 -1000 25.77 1.67 165.728
car -1 -1 0.00 0.00 0.00 100.00 100.00 -1000 1.92 5.50 -11.26 -1000 39.22 1.57 165.285
car -1 -1 0.00 0.00 0.00 100.00 100.00 -1000 1.87 4.60 13.00 -1000 25.83 1.65 164.687
car -1 -1 0.00 0.00 0.00 100.00 100.00 -1000 1.86 4.39 -14.03 -1000 28.81 1.63 163.802
car -1 -1 0.00 0.00 0.00 100.00 100.00 -1000 1.87 4.16 12.60 -1000 28.99 1.61 163.071
car -1 -1 0.00 0.00 0.00 100.00 100.00 -1000 1.91 4.61 -6.82 -1000 31.41 1.61 161.351
car -1 -1 0.00 0.00 0.00 100.00 100.00 -1000 1.78 4.74 -9.70 -1000 33.80 1.62 160.652
car -1 -1 0.00 0.00 0.00 100.00 100.00 -1000 1.87 4.58 17.66 -1000 20.90 1.64 160.448
car -1 -1 0.00 0.00 0.00 100.00 100.00 -1000 1.86 4.55 18.31 -1000 36.01 1.55 160.075
car -1 -1 0.00 0.00 0.00 100.00 100.00 -1000 1.69 4.24 18.49 -1000 28.88 1.62 159.822
car -1 -1 0.00 0.00 0.00 100.00 100.00 -1000 1.68 3.95 -5.71 -1000 40.27 1.60 158.146
car -1 -1 0.00 0.00 0.00 100.00 100.00 -1000 1.78 4.04 -3.53 -1000 37.64 1.64 157.593
car -1 -1 0.00 0.00 0.00 100.00 100.00 -1000 1.88 4.88 -6.15 -1000 44.82 1.64 155.679
car -1 -1 0.00 0.00 0.00 100.00 100.00 -1000 3.41 9.22 12.57 -1000 40.33 1.27 154.954
car -1 -1 0.00 0.00 0.00 100.00 100.00 -1000 2.00 4.84 13.55 -1000 27.41 1.61 154.892
car -1 -1 0.00 0.00 0.00 100.00 100.00 -1000 1.42 4.84 -7.08 -1000 13.85 -0.08 153.898
car -1 -1 0.00 0.00 0.00 100.00 100.00 -1000 1.97 3.83 -7.16 -1000 9.03 1.55 152.700
car -1 -1 0.00 0.00 0.00 100.00 100.00 -1000 1.79 4.90 13.69 -1000 42.74 1.54 150.754
car -1 -1 0.00 0.00 0.00 100.00 100.00 -1000 1.51 4.17 16.37 -1000 39.28 -0.22 150.666
car -1 -1 0.00 0.00 0.00 100.00 100.00 -1000 1.90 4.78 19.17 -1000 26.70 1.62 150.263
car -1 -1 0.00 0.00 0.00 100.00 100.00 -1000 1.88 5.25 -10.48 -1000 18.71 1.67 150.252
car -1 -1 0.00 0.00 0.00 100.00 100.00 -1000 2.07 4.26 -4.13 -1000 14.62 1.65 149.100
car -1 -1 0.00 0.00 0.00 100.00 100.00 -1000 1.78 4.50 -7.30 -1000 8.04 1.52 147.464
car -1 -1 0.00 0.00 0.00 100.00 100.00 -1000 1.80 4.11 -11.60 -1000 46.47 1.65 146.413
car -1 -1 0.00 0.00 0.00 100.00 100.00 -1000 1.89 5.37 -1.42 -1000 37.89 1.66 145.892
car -1 -1 0.00 0.00 0.00 100.00 100.00 -1000 1.86 4.43 16.01 -1000 27.40 1.67 144.512
car -1 -1 0.00 0.00 0.00 100.00 100.00 -1000 1.71 4.88 14.76 -1000 33.93 1.59 143.103
car -1 -1 0.00 0.00 0.00 100.00 100.00 -1000 1.93 5.72 -4.82 -1000 29.99 1.63 141.544
car -1 -1 0.00 0.00 0.00 100.00 100.00 -1000 2.00 5.06 -4.66 -1000 35.19 1.63 139.653
car -1 -1 0.00 0.00 0.00 100.00 100.00 -1000 1.95 4.75 -17.53 -1000 46.78 1.65 139.552
car -1 -1 0.00 0.00 0.00 100.00 100.00 -1000 1.76 4.89 -3.03 -1000 43.54 1.65 139.199
car -1 -1 0.00 0.00 0.00 100.00 100.00 -1000 1.87 4.43 -9.00 -1000 30.55 1.67 138.693
car -1 -1 0.00 0.00 0.00 100.00 100.00 -1000 1.82 5.55 -6.56 -1000 32.35 1.65 137.978
car -1 -1 0.00 0.00 0.00 100.00 100.00 -1000 4.13 12.39 11.09 -1000 37.10 1.28 137.482
