car -1 -1 0.00 0.00 0.00 100.00 100.00 -1000 1.81 4.28 -4.34 -1000 11.46 1.55 999.627
car -1 -1 0.00 0.00 0.00 100.00 100.00 -1000 1.89 4.92 -4.01 -1000 12.31 1.62 997.633
car -1 -1 0.00 0.00 0.00 100.00 100.00 -1000 1.60 4.10 -2.34 -1000 14.92 1.45 992.595
car -1 -1 0.00 0.00 0.00 100.00 100.00 -1000 1.79 4.32 -1.69 -1000 14.25 1.54 991.694
car -1 -1 0.00 0.00 0.00 100.00 100.00 -1000 1.79 4.60 -4.53 -1000 9.62 1.48 989.337
car -1 -1 0.00 0.00 0.00 100.00 100.00 -1000 1.69 3.89 -0.85 -1000 16.38 1.57 986.149
car -1 -1 0.00 0.00 0.00 100.00 100.00 -1000 1.84 4.55 -5.44 -1000 15.34 1.62 978.591
car -1 -1 0.00 0.00 0.00 100.00 100.00 -1000 1.58 3.65 0.06 -1000 14.76 1.68 977.293
car -1 -1 0.00 0.00 0.00 100.00 100.00 -1000 1.72 3.95 0.44 -1000 15.93 1.59 976.833
car -1 -1 0.00 0.00 0.00 100.00 100.00 -1000 1.74 4.25 -4.25 -1000 14.92 1.55 973.460
car -1 -1 0.00 0.00 0.00 100.00 100.00 -1000 1.73 4.12 -2.93 -1000 12.82 1.65 972.005
car -1 -1 0.00 0.00 0.00 100.00 100.00 -1000 1.67 3.84 -4.06 -1000 16.81 1.61 969.063
car -1 -1 0.00 0.00 0.00 100.00 100.00 -1000 1.77 4.19 -4.23 -1000 10.55 1.71 967.169
car -1 -1 0.00 0.00 0.00 100.00 100.00 -1000 1.72 4.50 -3.26 -1000 8.23 -0.23 958.152
car -1 -1 0.00 0.00 0.00 100.00 100.00 -1000 1.60 3.53 6.92 -1000 13.20 1.61 952.238
car -1 -1 0.00 0.00 0.00 100.00 100.00 -1000 1.92 4.79 -1.46 -1000 19.73 1.54 951.458
car -1 -1 0.00 0.00 0.00 100.00 100.00 -1000 1.63 3.81 -5.18 -1000 12.76 1.51 951.435
car -1 -1 0.00 0.00 0.00 100.00 100.00 -1000 1.63 4.28 5.00 -1000 10.84 -0.29 950.009
car -1 -1 0.00 0.00 0.00 100.00 100.00 -1000 1.68 3.97 1.05 -1000 14.23 1.60 946.994
car -1 -1 0.00 0.00 0.00 100.00 100.00 -1000 1.58 3.71 -1.00 -1000 15.22 1.65 943.234
car -1 -1 0.00 0.00 0.00 100.00 100.00 -1000 1.68 3.88 2.10 -1000 15.93 1.59 938.889
car -1 -1 0.00 0.00 0.00 100.00 100.00 -1000 1.58 3.62 -15.62 -1000 21.44 1.59 937.431
car -1 -1 0.00 0.00 0.00 100.00 100.00 -1000 1.61 3.70 -1.94 -1000 16.77 1.63 934.760
car -1 -1 0.00 0.00 0.00 100.00 100.00 -1000 1.61 3.75 0.25 -1000 19.89 1.57 917.775
car -1 -1 0.00 0.00 0.00 100.00 100.00 -1000 1.60 3.82 6.02 -1000 6.96 -0.29 917.627
car -1 -1 0.00 0.00 0.00 100.00 100.00 -1000 1.56 3.49 -3.23 -1000 16.28 1.57 910.779
car -1 -1 0.00 0.00 0.00 100.00 100.00 -1000 2.57 7.54 -6.24 -1000 20.10 1.59 909.425
car -1 -1 0.00 0.00 0.00 100.00 100.00 -1000 1.63 3.92 5.30 -1000 18.28 -0.10 908.801
car -1 -1 0.00 0.00 0.00 100.00 100.00 -1000 1.65 3.84 -7.20 -1000 15.30 1.57 901.746
car -1 -1 0.00 0.00 0.00 100.00 100.00 -1000 1.71 3.92 -5.25 -1000 17.16 1.59 901.673
car -1 -1 0.00 0.00 0.00 100.00 100.00 -1000 1.59 3.70 1.38 -1000 15.36 -0.10 901.270
car -1 -1 0.00 0.00 0.00 100.00 100.00 -1000 1.70 3.98 -4.60 -1000 13.60 1.66 897.315
car -1 -1 0.00 0.00 0.00 100.00 100.00 -1000 1.63 3.84 1.84 -1000 19.63 1.61 895.311
car -1 -1 0.00 0.00 0.00 100.00 100.00 -1000 3.05 9.75 -0.23 -1000 23.08 1.52 893.907
car -1 -1 0.00 0.00 0.00 100.00 100.00 -1000 1.57 3.69 3.76 -1000 19.61 1.63 892.247
car -1 -1 0.00 0.00 0.00 100.00 100.00 -1000 1.49 3.36 2.91 -1000 14.36 1.71 890.614
car -1 -1 0.00 0.00 0.00 100.00 100.00 -1000 1.66 4.02 -2.95 -1000 17.20 1.62 884.617
car -1 -1 0.00 0.00 0.00 100.00 100.00 -1000 1.62 3.87 -3.78 -1000 8.96 1.47 876.516
car -1 -1 0.00 0.00 0.00 100.00 100.00 -1000 1.56 3.93 1.02 -1000 16.76 1.54 875.225
car -1 -1 0.00 0.00 0.00 100.00 100.00 -1000 1.64 3.88 4.84 -1000 6.41 1.66 865.423
car -1 -1 0.00 0.00 0.00 100.00 100.00 -1000 1.60 3.84 -14.98 -1000 22.09 1.69 859.314
car -1 -1 0.00 0.00 0.00 100.00 100.00 -1000 1.62 3.79 -2.13 -1000 15.78 1.63 858.411
car -1 -1 0.00 0.00 0.00 100.00 100.00 -1000 1.68 4.01 6.16 -1000 18.98 1.65 858.069
car -1 -1 0.00 0.00 0.00 100.00 100.00 -1000 2.66 8.43 -7.87 -1000 18.97 1.56 850.701
car -1 -1 0.00 0.00 0.00 100.00 100.00 -1000 1.90 4.81 -7.34 -1000 17.64 1.54 850.514
car -1 -1 0.00 0.00 0.00 100.00 100.00 -1000 1.61 3.63 -1.98 -1000 13.41 1.61 847.558
car -1 -1 0.00 0.00 0.00 100.00 100.00 -1000 1.52 4.32 4.00 -1000 17.69 -0.08 847.442
car -1 -1 0.00 0.00 0.00 100.00 100.00 -1000 1.83 4.51 -6.16 -1000 13.31 1.57 846.447
car -1 -1 0.00 0.00 0.00 100.00 100.00 -1000 1.44 3.47 4.64 -1000 5.40 -0.20 845.820
car -1 -1 0.00 0.00 0.00 100.00 100.00 -1000 1.50 3.45 2.05 -1000 13.16 -0.12 842.542
car -1 -1 0.00 0.00 0.00 100.00 100.00 -1000 1.64 3.79 -18.20 -1000 26.64 1.62 841.809
car -1 -1 0.00 0.00 0.00 100.00 100.00 -1000 1.57 3.48 4.09 -1000 18.68 1.66 833.118
car -1 -1 0.00 0.00 0.00 100.00 100.00 -1000 1.63 3.86 5.49 -1000 12.46 1.62 832.047
car -1 -1 0.00 0.00 0.00 100.00 100.00 -1000 1.57 3.98 1.42 -1000 18.29 -0.08 828.384
car -1 -1 0.00 0.00 0.00 100.00 100.00 -1000 1.68 3.93 -0.65 -1000 17.31 1.62 827.448
car -1 -1 0.00 0.00 0.00 100.00 100.00 -1000 1.64 3.82 2.88 -1000 19.13 1.63 824.320
car -1 -1 0.00 0.00 0.00 100.00 100.00 -1000 1.59 3.69 0.66 -1000 13.41 -0.07 821.496
car -1 -1 0.00 0.00 0.00 100.00 100.00 -1000 1.79 4.26 -6.03 -1000 14.49 1.55 818.365
car -1 -1 0.00 0.00 0.00 100.00 100.00 -1000 1.69 4.04 4.63 -1000 11.74 1.57 816.924
car -1 -1 0.00 0.00 0.00 100.00 100.00 -1000 1.50 3.33 3.41 -1000 15.05 -0.10 807.972
car -1 -1 0.00 0.00 0.00 100.00 100.00 -1000 1.61 3.93 6.55 -1000 17.93 -0.26 804.024
car -1 -1 0.00 0.00 0.00 100.00 100.00 -1000 1.68 4.08 5.27 -1000 19.90 1.64 796.427
car -1 -1 0.00 0.00 0.00 100.00 100.00 -1000 2.70 8.46 -1.75 -1000 20.53 1.56 796.329
car -1 -1 0.00 0.00 0.00 100.00 100.00 -1000 2.31 6.22 -1.53 -1000 22.39 1.46 792.255
car -1 -1 0.00 0.00 0.00 100.00 100.00 -1000 1.60 3.93 -11.49 -1000 16.03 1.57 791.493
car -1 -1 0.00 0.00 0.00 100.00 100.00 -1000 1.66 3.89 -9.18 -1000 15.64 1.58 789.259
car -1 -1 0.00 0.00 0.00 100.00 100.00 -1000 1.64 3.86 -0.33 -1000 13.95 1.66 788.311
car -1 -1 0.00 0.00 0.00 100.00 100.00 -1000 1.91 4.80 -2.61 -1000 18.84 1.58 781.372
car -1 -1 0.00 0.00 0.00 100.00 100.00 -1000 1.58 4.02 6.53 -1000 7.65 -0.39 781.021
car -1 -1 0.00 0.00 0.00 100.00 100.00 -1000 1.52 3.84 7.76 -1000 14.17 -0.29 778.763
car -1 -1 0.00 0.00 0.00 100.00 100.00 -1000 1.56 3.52 8.36 -1000 12.99 1.62 777.075
car -1 -1 0.00 0.00 0.00 100.00 100.00 -1000 1.70 4.02 7.42 -1000 12.48 -0.16 769.828
car -1 -1 0.00 0.00 0.00 100.00 100.00 -1000 1.63 3.69 -5.36 -1000 16.25 1.56 768.969
car -1 -1 0.00 0.00 0.00 100.00 100.00 -1000 1.67 3.84 -2.73 -1000 18.06 1.61 763.780
car -1 -1 0.00 0.00 0.00 100.00 100.00 -1000 1.77 4.31 -3.44 -1000 14.14 1.50 760.779
car -1 -1 0.00 0.00 0.00 100.00 100.00 -1000 2.77 9.91 3.24 -1000 22.89 1.54 751.762
car -1 -1 0.00 0.00 0.00 100.00 100.00 -1000 1.56 3.67 5.73 -1000 13.60 1.57 750.117
car -1 -1 0.00 0.00 0.00 100.00 100.00 -1000 1.55 3.48 -10.04 -1000 14.55 1.64 742.425
car -1 -1 0.00 0.00 0.00 100.00 100.00 -1000 1.70 4.21 7.03 -1000 19.62 1.68 736.292
car -1 -1 0.00 0.00 0.00 100.00 100.00 -1000 2.10 5.43 -11.42 -1000 17.68 1.65 732.256
car -1 -1 0.00 0.00 0.00 100.00 100.00 -1000 1.66 3.78 3.90 -1000 13.82 1.58 726.518
car -1 -1 0.00 0.00 0.00 100.00 100.00 -1000 1.55 3.47 -11.54 -1000 14.96 1.60 721.269
car -1 -1 0.00 0.00 0.00 100.00 100.00 -1000 1.57 3.49 -18.42 -1000 25.85 1.62 721.185
car -1 -1 0.00 0.00 0.00 100.00 100.00 -1000 1.97 4.90 2.87 -1000 20.31 1.63 711.983
car -1 -1 0.00 0.00 0.00 100.00 100.00 -1000 2.81 9.09 -3.73 -1000 21.26 1.52 710.204
car -1 -1 0.00 0.00 0.00 100.00 100.00 -1000 1.67 3.92 0.83 -1000 19.15 1.59 708.540
car -1 -1 0.00 0.00 0.00 100.00 100.00 -1000 1.59 3.51 -7.88 -1000 16.01 1.59 706.789
car -1 -1 0.00 0.00 0.00 100.00 100.00 -1000 1.52 3.95 -15.04 -1000 20.48 -0.24 706.264
car -1 -1 0.00 0.00 0.00 100.00 100.00 -1000 2.75 8.73 1.09 -1000 22.11 1.57 693.456
car -1 -1 0.00 0.00 0.00 100.00 100.00 -1000 2.72 8.60 -4.33 -1000 19.39 1.60 671.985
car -1 -1 0.00 0.00 0.00 100.00 100.00 -1000 1.62 3.85 0.17 -1000 17.98 -0.29 670.351
car -1 -1 0.00 0.00 0.00 100.00 100.00 -1000 1.74 3.99 -8.01 -1000 16.93 1.61 668.047
car -1 -1 0.00 0.00 0.00 100.00 100.00 -1000 1.59 3.65 -10.89 -1000 13.84 1.59 667.266
car -1 -1 0.00 0.00 0.00 100.00 100.00 -1000 2.29 5.89 -1.13 -1000 21.26 1.61 666.717
car -1 -1 0.00 0.00 0.00 100.00 100.00 -1000 1.63 3.62 -8.64 -1000 14.98 1.61 666.135
car -1 -1 0.00 0.00 0.00 100.00 100.00 -1000 1.70 4.29 3.88 -1000 16.04 1.61 664.829
car -1 -1 0.00 0.00 0.00 100.00 100.00 -1000 1.94 4.65 -1.22 -1000 12.69 1.53 662.911
car -1 -1 0.00 0.00 0.00 100.00 100.00 -1000 1.66 3.91 -17.03 -1000 21.79 1.58 651.500
car -1 -1 0.00 0.00 0.00 100.00 100.00 -1000 2.54 7.95 -10.06 -1000 18.42 1.63 641.830
car -1 -1 0.00 0.00 0.00 100.00 100.00 -1000 1.86 4.79 -15.66 -1000 22.88 1.62 641.695
car -1 -1 0.00 0.00 0.00 100.00 100.00 -1000 1.75 3.83 -0.99 -1000 18.63 1.59 629.446
car -1 -1 0.00 0.00 0.00 100.00 100.00 -1000 1.73 3.85 -6.59 -1000 16.65 1.58 628.058
car -1 -1 0.00 0.00 0.00 100.00 100.00 -1000 2.63 8.90 4.90 -1000 22.05 1.63 625.385
car -1 -1 0.00 0.00 0.00 100.00 100.00 -1000 1.51 3.91 -18.18 -1000 22.42 -0.16 603.523
car -1 -1 0.00 0.00 0.00 100.00 100.00 -1000 1.71 4.05 -18.25 -1000 27.61 1.59 601.013
car -1 -1 0.00 0.00 0.00 100.00 100.00 -1000 1.58 3.45 -12.19 -1000 14.16 1.58 599.086
car -1 -1 0.00 0.00 0.00 100.00 100.00 -1000 2.02 5.29 8.26 -1000 14.90 1.54 592.699
car -1 -1 0.00 0.00 0.00 100.00 100.00 -1000 1.72 4.07 2.23 -1000 17.38 1.46 589.316
car -1 -1 0.00 0.00 0.00 100.00 100.00 -1000 1.56 3.82 9.40 -1000 12.22 -0.14 584.030
car -1 -1 0.00 0.00 0.00 100.00 100.00 -1000 1.82 4.55 9.28 -1000 14.09 1.64 568.727
car -1 -1 0.00 0.00 0.00 100.00 100.00 -1000 1.60 3.55 3.86 -1000 12.96 1.59 567.291
car -1 -1 0.00 0.00 0.00 100.00 100.00 -1000 1.58 3.65 -9.40 -1000 13.91 1.61 566.693
car -1 -1 0.00 0.00 0.00 100.00 100.00 -1000 1.98 6.14 -14.64 -1000 24.21 1.65 565.575
car -1 -1 0.00 0.00 0.00 100.00 100.00 -1000 2.18 5.69 -5.92 -1000 18.11 1.57 564.199
car -1 -1 0.00 0.00 0.00 100.00 100.00 -1000 1.67 3.60 -8.24 -1000 14.21 1.58 548.937
car -1 -1 0.00 0.00 0.00 100.00 100.00 -1000 1.73 3.56 -5.53 -1000 11.99 1.46 548.211
car -1 -1 0.00 0.00 0.00 100.00 100.00 -1000 1.50 3.81 -14.35 -1000 21.10 0.03 547.989
car -1 -1 0.00 0.00 0.00 100.00 100.00 -1000 1.68 3.87 6.50 -1000 11.06 1.63 543.099
car -1 -1 0.00 0.00 0.00 100.00 100.00 -1000 1.63 3.79 9.81 -1000 13.29 1.60 538.041
car -1 -1 0.00 0.00 0.00 100.00 100.00 -1000 2.01 5.32 0.49 -1000 20.77 1.65 527.960
car -1 -1 0.00 0.00 0.00 100.00 100.00 -1000 1.91 4.54 -9.88 -1000 16.45 1.66 526.396
car -1 -1 0.00 0.00 0.00 100.00 100.00 -1000 2.37 7.22 2.89 -1000 21.06 1.64 525.454
car -1 -1 0.00 0.00 0.00 100.00 100.00 -1000 1.79 3.91 5.61 -1000 17.44 1.59 523.249
car -1 -1 0.00 0.00 0.00 100.00 100.00 -1000 1.66 3.81 6.17 -1000 5.70 1.64 521.231
car -1 -1 0.00 0.00 0.00 100.00 100.00 -1000 1.76 4.02 7.81 -1000 18.65 1.68 515.748
car -1 -1 0.00 0.00 0.00 100.00 100.00 -1000 2.26 7.61 7.47 -1000 21.65 1.66 507.560
car -1 -1 0.00 0.00 0.00 100.00 100.00 -1000 1.61 3.76 -16.92 -1000 27.28 1.67 503.942
car -1 -1 0.00 0.00 0.00 100.00 100.00 -1000 1.65 4.27 10.86 -1000 17.88 -0.02 497.570
car -1 -1 0.00 0.00 0.00 100.00 100.00 -1000 2.40 7.60 -2.30 -1000 23.61 1.60 487.546
car -1 -1 0.00 0.00 0.00 100.00 100.00 -1000 2.08 5.68 6.76 -1000 20.33 1.66 480.694
car -1 -1 0.00 0.00 0.00 100.00 100.00 -1000 2.21 6.63 4.99 -1000 20.75 1.65 477.860
car -1 -1 0.00 0.00 0.00 100.00 100.00 -1000 2.33 7.28 -10.07 -1000 19.57 1.60 465.496
car -1 -1 0.00 0.00 0.00 100.00 100.00 -1000 1.60 5.20 5.13 -1000 10.04 -0.25 463.289
car -1 -1 0.00 0.00 0.00 100.00 100.00 -1000 1.71 3.98 -14.82 -1000 27.02 1.61 461.478
car -1 -1 0.00 0.00 0.00 100.00 100.00 -1000 1.57 4.06 6.04 -1000 14.61 -0.10 460.716
car -1 -1 0.00 0.00 0.00 100.00 100.00 -1000 1.59 4.11 3.67 -1000 16.94 1.43 453.978
car -1 -1 0.00 0.00 0.00 100.00 100.00 -1000 1.72 4.27 8.76 -1000 19.19 1.65 450.650
car -1 -1 0.00 0.00 0.00 100.00 100.00 -1000 1.69 4.29 7.26 -1000 8.44 1.74 438.117
car -1 -1 0.00 0.00 0.00 100.00 100.00 -1000 1.69 4.14 -13.24 -1000 21.66 1.71 430.339
car -1 -1 0.00 0.00 0.00 100.00 100.00 -1000 2.40 8.02 1.12 -1000 24.06 1.65 420.785
car -1 -1 0.00 0.00 0.00 100.00 100.00 -1000 1.44 3.44 4.35 -1000 14.61 -0.25 416.652
car -1 -1 0.00 0.00 0.00 100.00 100.00 -1000 1.77 4.64 4.79 -1000 15.32 -0.15 408.644
car -1 -1 0.00 0.00 0.00 100.00 100.00 -1000 1.77 4.20 10.54 -1000 12.61 1.71 389.812
car -1 -1 0.00 0.00 0.00 100.00 100.00 -1000 1.55 3.95 -17.02 -1000 26.04 -0.00 388.852
car -1 -1 0.00 0.00 0.00 100.00 100.00 -1000 2.13 6.55 9.14 -1000 20.87 1.67 381.161
car -1 -1 0.00 0.00 0.00 100.00 100.00 -1000 1.69 4.06 -8.83 -1000 13.13 1.51 379.946
car -1 -1 0.00 0.00 0.00 100.00 100.00 -1000 2.05 5.17 5.55 -1000 16.11 1.67 375.687
car -1 -1 0.00 0.00 0.00 100.00 100.00 -1000 1.60 4.51 -17.65 -1000 25.23 -0.17 370.728
car -1 -1 0.00 0.00 0.00 100.00 100.00 -1000 2.22 6.22 -12.86 -1000 23.65 1.61 364.548
car -1 -1 0.00 0.00 0.00 100.00 100.00 -1000 1.62 3.53 -10.35 -1000 15.34 -0.13 342.465
car -1 -1 0.00 0.00 0.00 100.00 100.00 -1000 1.88 4.21 -11.86 -1000 16.91 1.59 338.754
car -1 -1 0.00 0.00 0.00 100.00 100.00 -1000 2.66 8.59 -3.82 -1000 22.83 1.48 338.072
car -1 -1 0.00 0.00 0.00 100.00 100.00 -1000 1.72 4.02 3.45 -1000 5.84 1.55 337.328
car -1 -1 0.00 0.00 0.00 100.00 100.00 -1000 1.69 3.95 5.80 -1000 4.87 1.61 335.940
car -1 -1 0.00 0.00 0.00 100.00 100.00 -1000 1.88 4.31 10.02 -1000 18.60 1.60 333.823
car -1 -1 0.00 0.00 0.00 100.00 100.00 -1000 2.17 6.31 9.16 -1000 15.73 1.59 331.564
car -1 -1 0.00 0.00 0.00 100.00 100.00 -1000 1.63 3.84 4.65 -1000 7.45 1.50 329.927
car -1 -1 0.00 0.00 0.00 100.00 100.00 -1000 2.09 5.06 -12.45 -1000 18.37 1.60 323.507
car -1 -1 0.00 0.00 0.00 100.00 100.00 -1000 1.86 5.11 -13.42 -1000 22.72 1.67 321.266
car -1 -1 0.00 0.00 0.00 100.00 100.00 -1000 1.68 3.87 7.53 -1000 6.41 1.60 311.631
car -1 -1 0.00 0.00 0.00 100.00 100.00 -1000 2.14 5.15 6.91 -1000 17.01 1.62 310.997
car -1 -1 0.00 0.00 0.00 100.00 100.00 -1000 1.81 4.40 9.24 -1000 11.42 1.62 309.774
car -1 -1 0.00 0.00 0.00 100.00 100.00 -1000 2.21 7.01 -6.70 -1000 21.10 1.62 301.787
car -1 -1 0.00 0.00 0.00 100.00 100.00 -1000 1.49 3.82 16.18 -1000 18.80 -0.17 299.688
car -1 -1 0.00 0.00 0.00 100.00 100.00 -1000 1.37 4.10 -11.55 -1000 13.11 -0.10 296.898
car -1 -1 0.00 0.00 0.00 100.00 100.00 -1000 1.76 4.77 -11.49 -1000 22.35 1.64 294.782
car -1 -1 0.00 0.00 0.00 100.00 100.00 -1000 1.86 4.85 -16.40 -1000 23.71 1.60 291.515
car -1 -1 0.00 0.00 0.00 100.00 100.00 -1000 1.55 3.47 -12.46 -1000 15.38 0.09 272.476
car -1 -1 0.00 0.00 0.00 100.00 100.00 -1000 1.65 3.69 -17.41 -1000 23.00 -0.13 271.695
car -1 -1 0.00 0.00 0.00 100.00 100.00 -1000 1.98 5.54 8.72 -1000 19.91 1.64 267.005
car -1 -1 0.00 0.00 0.00 100.00 100.00 -1000 2.10 4.93 8.40 -1000 17.87 1.62 255.180
car -1 -1 0.00 0.00 0.00 100.00 100.00 -1000 1.50 3.73 11.42 -1000 13.48 -0.13 244.588
car -1 -1 0.00 0.00 0.00 100.00 100.00 -1000 1.96 5.51 -15.09 -1000 28.89 1.68 235.215
car -1 -1 0.00 0.00 0.00 100.00 100.00 -1000 1.92 5.23 -10.84 -1000 21.60 1.66 232.869
car -1 -1 0.00 0.00 0.00 100.00 100.00 -1000 2.12 5.32 11.58 -1000 18.92 1.66 231.549
car -1 -1 0.00 0.00 0.00 100.00 100.00 -1000 2.22 5.94 10.52 -1000 17.10 1.59 229.034
car -1 -1 0.00 0.00 0.00 100.00 100.00 -1000 2.12 5.82 -8.61 -1000 20.39 1.69 221.202
car -1 -1 0.00 0.00 0.00 100.00 100.00 -1000 1.75 4.32 -12.48 -1000 20.80 1.67 218.934
car -1 -1 0.00 0.00 0.00 100.00 100.00 -1000 2.24 7.08 -15.97 -1000 29.99 1.62 204.358
car -1 -1 0.00 0.00 0.00 100.00 100.00 -1000 2.36 7.74 -5.54 -1000 21.88 1.72 204.196
car -1 -1 0.00 0.00 0.00 100.00 100.00 -1000 2.23 5.08 6.71 -1000 9.82 1.58 204.076
car -1 -1 0.00 0.00 0.00 100.00 100.00 -1000 1.95 4.74 -17.91 -1000 21.06 1.65 201.488
car -1 -1 0.00 0.00 0.00 100.00 100.00 -1000 1.96 4.23 2.88 -1000 12.31 1.49 192.615
car -1 -1 0.00 0.00 0.00 100.00 100.00 -1000 1.64 4.44 3.73 -1000 28.90 -0.13 188.630
car -1 -1 0.00 0.00 0.00 100.00 100.00 -1000 2.28 5.54 -13.03 -1000 26.71 1.63 185.546
car -1 -1 0.00 0.00 0.00 100.00 100.00 -1000 2.29 9.17 7.00 -1000 22.70 1.61 183.103
car -1 -1 0.00 0.00 0.00 100.00 100.00 -1000 1.89 5.10 -10.92 -1000 23.27 1.63 179.438
car -1 -1 0.00 0.00 0.00 100.00 100.00 -1000 2.17 6.58 -13.85 -1000 25.15 1.63 178.201
car -1 -1 0.00 0.00 0.00 100.00 100.00 -1000 1.99 4.73 -13.47 -1000 14.49 1.60 177.491
car -1 -1 0.00 0.00 0.00 100.00 100.00 -1000 1.75 4.07 7.99 -1000 7.26 1.60 177.347
car -1 -1 0.00 0.00 0.00 100.00 100.00 -1000 1.97 5.84 -15.08 -1000 25.87 1.61 176.454
car -1 -1 0.00 0.00 0.00 100.00 100.00 -1000 1.46 3.76 -7.06 -1000 12.46 -0.21 173.387
car -1 -1 0.00 0.00 0.00 100.00 100.00 -1000 2.14 6.11 10.57 -1000 14.59 1.63 170.418
car -1 -1 0.00 0.00 0.00 100.00 100.00 -1000 2.07 5.25 -13.42 -1000 15.91 1.57 169.389
car -1 -1 0.00 0.00 0.00 100.00 100.00 -1000 1.60 4.42 16.48 -1000 17.96 -0.03 168.607
car -1 -1 0.00 0.00 0.00 100.00 100.00 -1000 1.87 4.90 -16.88 -1000 27.99 1.65 162.452
car -1 -1 0.00 0.00 0.00 100.00 100.00 -1000 2.00 4.94 13.57 -1000 19.00 1.65 161.908
car -1 -1 0.00 0.00 0.00 100.00 100.00 -1000 1.91 5.75 12.75 -1000 17.83 1.67 151.918
car -1 -1 0.00 0.00 0.00 100.00 100.00 -1000 2.18 4.97 -14.23 -1000 19.39 1.64 151.002
car -1 -1 0.00 0.00 0.00 100.00 100.00 -1000 2.09 4.94 3.68 -1000 41.75 1.61 143.929
car -1 -1 0.00 0.00 0.00 100.00 100.00 -1000 1.54 3.95 10.99 -1000 11.67 -0.09 140.275
car -1 -1 0.00 0.00 0.00 100.00 100.00 -1000 1.61 4.74 0.37 -1000 31.29 0.09 138.766
car -1 -1 0.00 0.00 0.00 100.00 100.00 -1000 1.47 4.93 -18.81 -1000 21.69 0.04 137.264
car -1 -1 0.00 0.00 0.00 100.00 100.00 -1000 1.90 4.84 -0.01 -1000 21.90 -0.11 135.709
car -1 -1 0.00 0.00 0.00 100.00 100.00 -1000 2.09 5.35 -14.27 -1000 27.72 1.59 132.007
car -1 -1 0.00 0.00 0.00 100.00 100.00 -1000 1.66 5.10 3.44 -1000 28.11 0.19 123.962
car -1 -1 0.00 0.00 0.00 100.00 100.00 -1000 1.95 4.15 7.98 -1000 10.65 1.52 123.493
car -1 -1 0.00 0.00 0.00 100.00 100.00 -1000 1.80 4.79 6.86 -1000 15.35 -0.15 121.567
car -1 -1 0.00 0.00 0.00 100.00 100.00 -1000 1.90 5.03 5.20 -1000 8.24 1.46 121.356
car -1 -1 0.00 0.00 0.00 100.00 100.00 -1000 2.06 5.75 -11.76 -1000 24.45 1.61 120.432
car -1 -1 0.00 0.00 0.00 100.00 100.00 -1000 1.98 5.72 8.48 -1000 9.01 1.66 116.846
car -1 -1 0.00 0.00 0.00 100.00 100.00 -1000 1.69 4.02 -14.81 -1000 23.49 -0.18 114.869
car -1 -1 0.00 0.00 0.00 100.00 100.00 -1000 2.22 7.33 0.09 -1000 25.14 1.59 114.673
car -1 -1 0.00 0.00 0.00 100.00 100.00 -1000 2.13 5.50 10.42 -1000 19.59 1.68 114.375
car -1 -1 0.00 0.00 0.00 100.00 100.00 -1000 1.85 5.00 -12.99 -1000 20.02 1.65 110.555
car -1 -1 0.00 0.00 0.00 100.00 100.00 -1000 2.23 9.31 10.22 -1000 21.87 1.69 109.044
car -1 -1 0.00 0.00 0.00 100.00 100.00 -1000 1.64 5.03 14.95 -1000 18.37 0.18 108.599
car -1 -1 0.00 0.00 0.00 100.00 100.00 -1000 1.72 4.40 17.36 -1000 19.25 -0.19 107.804
car -1 -1 0.00 0.00 0.00 100.00 100.00 -1000 2.45 8.08 11.17 -1000 16.20 1.67 104.989
car -1 -1 0.00 0.00 0.00 100.00 100.00 -1000 1.94 7.31 -16.06 -1000 20.07 0.20 101.132
car -1 -1 0.00 0.00 0.00 100.00 100.00 -1000 2.48 5.80 -13.77 -1000 17.69 1.57 100.912
car -1 -1 0.00 0.00 0.00 100.00 100.00 -1000 1.86 4.88 -10.26 -1000 24.01 1.61 97.560
car -1 -1 0.00 0.00 0.00 100.00 100.00 -1000 1.83 4.53 -16.64 -1000 4.64 1.64 96.370
car -1 -1 0.00 0.00 0.00 100.00 100.00 -1000 1.92 4.88 15.00 -1000 12.68 1.64 95.484
car -1 -1 0.00 0.00 0.00 100.00 100.00 -1000 2.01 6.15 -18.00 -1000 24.16 1.54 95.087
car -1 -1 0.00 0.00 0.00 100.00 100.00 -1000 1.48 4.10 -2.90 -1000 11.79 -0.69 93.351
car -1 -1 0.00 0.00 0.00 100.00 100.00 -1000 1.93 5.40 3.53 -1000 40.32 1.57 91.715
car -1 -1 0.00 0.00 0.00 100.00 100.00 -1000 2.08 6.49 -12.48 -1000 25.76 1.63 91.642
car -1 -1 0.00 0.00 0.00 100.00 100.00 -1000 1.88 4.51 -16.58 -1000 3.03 1.67 91.503
car -1 -1 0.00 0.00 0.00 100.00 100.00 -1000 2.15 3.80 3.67 -1000 10.46 1.39 91.013
car -1 -1 0.00 0.00 0.00 100.00 100.00 -1000 2.21 8.16 5.47 -1000 23.55 1.54 87.971
car -1 -1 0.00 0.00 0.00 100.00 100.00 -1000 2.21 8.85 3.08 -1000 24.94 1.43 87.489
