car -1 -1 0.00 0.00 0.00 100.00 100.00 -1000 1.59 3.34 0.04 -1000 38.91 1.59 998.917
car -1 -1 0.00 0.00 0.00 100.00 100.00 -1000 1.74 4.35 2.91 -1000 36.21 1.72 998.336
car -1 -1 0.00 0.00 0.00 100.00 100.00 -1000 1.46 3.18 3.06 -1000 35.28 -0.14 993.745
car -1 -1 0.00 0.00 0.00 100.00 100.00 -1000 1.75 4.57 -0.14 -1000 39.55 1.68 988.550
car -1 -1 0.00 0.00 0.00 100.00 100.00 -1000 1.36 3.37 2.85 -1000 36.96 1.56 986.533
car -1 -1 0.00 0.00 0.00 100.00 100.00 -1000 1.48 3.50 -5.71 -1000 40.15 1.64 978.185
car -1 -1 0.00 0.00 0.00 100.00 100.00 -1000 1.61 3.73 -1.65 -1000 39.80 1.58 970.780
car -1 -1 0.00 0.00 0.00 100.00 100.00 -1000 1.55 5.06 0.58 -1000 37.90 -0.13 968.424
car -1 -1 0.00 0.00 0.00 100.00 100.00 -1000 1.45 3.19 5.30 -1000 34.33 1.57 955.230
car -1 -1 0.00 0.00 0.00 100.00 100.00 -1000 1.60 3.83 -3.72 -1000 39.13 1.65 953.178
car -1 -1 0.00 0.00 0.00 100.00 100.00 -1000 2.80 9.20 -2.00 -1000 43.33 1.54 948.961
car -1 -1 0.00 0.00 0.00 100.00 100.00 -1000 2.24 6.99 3.59 -1000 38.74 1.61 945.908
car -1 -1 0.00 0.00 0.00 100.00 100.00 -1000 1.74 6.00 3.67 -1000 34.59 0.10 942.366
car -1 -1 0.00 0.00 0.00 100.00 100.00 -1000 1.55 3.56 4.46 -1000 14.97 1.72 926.707
car -1 -1 0.00 0.00 0.00 100.00 100.00 -1000 1.75 4.47 4.12 -1000 37.97 1.68 923.389
car -1 -1 0.00 0.00 0.00 100.00 100.00 -1000 1.42 3.16 -3.70 -1000 40.53 1.62 901.010
car -1 -1 0.00 0.00 0.00 100.00 100.00 -1000 1.50 3.50 -2.75 -1000 40.12 1.67 899.028
car -1 -1 0.00 0.00 0.00 100.00 100.00 -1000 1.48 3.43 -1.14 -1000 38.46 -0.04 898.029
car -1 -1 0.00 0.00 0.00 100.00 100.00 -1000 1.55 3.63 6.44 -1000 34.58 1.72 896.108
car -1 -1 0.00 0.00 0.00 100.00 100.00 -1000 1.58 3.81 4.59 -1000 36.00 1.75 889.686
car -1 -1 0.00 0.00 0.00 100.00 100.00 -1000 3.23 11.18 -0.90 -1000 42.20 1.62 889.473
car -1 -1 0.00 0.00 0.00 100.00 100.00 -1000 1.94 5.14 -1.46 -1000 40.88 1.59 886.500
car -1 -1 0.00 0.00 0.00 100.00 100.00 -1000 1.49 3.65 -5.86 -1000 34.96 1.61 884.462
car -1 -1 0.00 0.00 0.00 100.00 100.00 -1000 1.53 3.39 5.84 -1000 28.73 1.71 881.968
car -1 -1 0.00 0.00 0.00 100.00 100.00 -1000 1.58 3.51 2.02 -1000 39.14 1.71 874.879
car -1 -1 0.00 0.00 0.00 100.00 100.00 -1000 1.53 3.58 -4.58 -1000 39.65 1.71 865.260
car -1 -1 0.00 0.00 0.00 100.00 100.00 -1000 1.51 3.41 -2.33 -1000 38.82 1.68 863.542
car -1 -1 0.00 0.00 0.00 100.00 100.00 -1000 1.90 4.81 1.50 -1000 39.80 1.70 862.739
car -1 -1 0.00 0.00 0.00 100.00 100.00 -1000 1.48 3.29 4.66 -1000 35.11 1.70 859.534
car -1 -1 0.00 0.00 0.00 100.00 100.00 -1000 1.60 3.92 4.35 -1000 29.21 1.61 852.097
car -1 -1 0.00 0.00 0.00 100.00 100.00 -1000 1.51 3.48 3.48 -1000 38.58 1.65 846.300
car -1 -1 0.00 0.00 0.00 100.00 100.00 -1000 1.52 3.29 -6.23 -1000 39.28 1.62 840.825
car -1 -1 0.00 0.00 0.00 100.00 100.00 -1000 1.60 3.81 -14.31 -1000 41.95 1.63 823.974
car -1 -1 0.00 0.00 0.00 100.00 100.00 -1000 1.57 3.69 -4.21 -1000 38.41 1.63 818.086
car -1 -1 0.00 0.00 0.00 100.00 100.00 -1000 1.67 3.68 4.37 -1000 37.08 1.71 808.923
car -1 -1 0.00 0.00 0.00 100.00 100.00 -1000 1.62 3.57 -3.41 -1000 29.02 1.58 805.754
car -1 -1 0.00 0.00 0.00 100.00 100.00 -1000 1.58 3.68 -5.24 -1000 30.09 1.65 802.130
car -1 -1 0.00 0.00 0.00 100.00 100.00 -1000 1.41 3.32 5.88 -1000 33.30 -0.10 798.337
car -1 -1 0.00 0.00 0.00 100.00 100.00 -1000 2.70 9.59 1.58 -1000 43.03 1.57 792.962
car -1 -1 0.00 0.00 0.00 100.00 100.00 -1000 1.49 3.21 5.38 -1000 27.99 -0.17 788.054
car -1 -1 0.00 0.00 0.00 100.00 100.00 -1000 1.52 3.56 -13.88 -1000 33.73 1.67 776.960
car -1 -1 0.00 0.00 0.00 100.00 100.00 -1000 1.52 3.67 11.68 -1000 43.44 1.65 775.145
car -1 -1 0.00 0.00 0.00 100.00 100.00 -1000 2.62 9.46 5.10 -1000 39.50 1.66 773.992
car -1 -1 0.00 0.00 0.00 100.00 100.00 -1000 1.61 3.44 1.86 -1000 35.64 1.62 765.641
car -1 -1 0.00 0.00 0.00 100.00 100.00 -1000 1.62 4.02 4.99 -1000 15.62 1.71 763.640
car -1 -1 0.00 0.00 0.00 100.00 100.00 -1000 1.65 4.12 7.48 -1000 34.00 1.75 762.333
car -1 -1 0.00 0.00 0.00 100.00 100.00 -1000 1.41 3.18 -6.31 -1000 30.42 1.58 752.270
car -1 -1 0.00 0.00 0.00 100.00 100.00 -1000 1.46 3.20 -5.18 -1000 38.79 1.67 746.758
car -1 -1 0.00 0.00 0.00 100.00 100.00 -1000 1.69 4.27 8.02 -1000 35.01 1.73 743.158
car -1 -1 0.00 0.00 0.00 100.00 100.00 -1000 1.39 3.53 1.25 -1000 37.12 1.36 736.673
car -1 -1 0.00 0.00 0.00 100.00 100.00 -1000 2.73 9.09 2.67 -1000 41.44 1.59 721.706
car -1 -1 0.00 0.00 0.00 100.00 100.00 -1000 1.57 3.78 -14.29 -1000 43.05 1.61 721.187
car -1 -1 0.00 0.00 0.00 100.00 100.00 -1000 2.70 7.81 5.80 -1000 38.41 1.60 721.028
car -1 -1 0.00 0.00 0.00 100.00 100.00 -1000 1.54 3.67 -5.22 -1000 37.98 1.60 718.063
car -1 -1 0.00 0.00 0.00 100.00 100.00 -1000 2.33 7.45 2.10 -1000 43.90 1.60 706.758
car -1 -1 0.00 0.00 0.00 100.00 100.00 -1000 2.29 6.70 7.61 -1000 39.06 1.63 702.617
car -1 -1 0.00 0.00 0.00 100.00 100.00 -1000 1.74 3.99 3.30 -1000 29.83 1.48 693.942
car -1 -1 0.00 0.00 0.00 100.00 100.00 -1000 2.23 6.44 -2.73 -1000 41.95 1.59 692.357
car -1 -1 0.00 0.00 0.00 100.00 100.00 -1000 1.71 3.89 -3.28 -1000 31.42 1.55 685.629
car -1 -1 0.00 0.00 0.00 100.00 100.00 -1000 1.53 3.85 -3.74 -1000 33.75 1.62 683.548
car -1 -1 0.00 0.00 0.00 100.00 100.00 -1000 1.53 3.48 -3.07 -1000 37.94 1.67 681.936
car -1 -1 0.00 0.00 0.00 100.00 100.00 -1000 1.71 4.62 3.40 -1000 33.85 0.00 667.059
car -1 -1 0.00 0.00 0.00 100.00 100.00 -1000 1.75 4.11 9.40 -1000 12.39 1.66 661.587
car -1 -1 0.00 0.00 0.00 100.00 100.00 -1000 1.61 3.89 6.54 -1000 29.33 1.69 660.554
car -1 -1 0.00 0.00 0.00 100.00 100.00 -1000 1.74 4.17 -17.61 -1000 41.48 1.65 660.334
car -1 -1 0.00 0.00 0.00 100.00 100.00 -1000 1.60 3.97 -3.65 -1000 30.65 1.62 651.386
car -1 -1 0.00 0.00 0.00 100.00 100.00 -1000 1.43 3.13 -6.41 -1000 33.99 1.65 648.771
car -1 -1 0.00 0.00 0.00 100.00 100.00 -1000 1.84 5.08 9.03 -1000 34.32 1.73 643.537
car -1 -1 0.00 0.00 0.00 100.00 100.00 -1000 2.20 5.93 -7.33 -1000 41.64 1.66 643.244
car -1 -1 0.00 0.00 0.00 100.00 100.00 -1000 2.22 6.57 8.30 -1000 38.17 1.63 639.713
car -1 -1 0.00 0.00 0.00 100.00 100.00 -1000 1.57 3.78 -2.48 -1000 29.68 1.69 626.860
car -1 -1 0.00 0.00 0.00 100.00 100.00 -1000 2.35 8.14 4.46 -1000 40.52 1.55 624.726
car -1 -1 0.00 0.00 0.00 100.00 100.00 -1000 1.55 3.65 -2.03 -1000 30.52 -0.27 623.897
car -1 -1 0.00 0.00 0.00 100.00 100.00 -1000 1.31 2.93 -4.76 -1000 29.18 -0.03 622.305
car -1 -1 0.00 0.00 0.00 100.00 100.00 -1000 1.53 3.66 -14.01 -1000 20.97 -0.12 617.278
car -1 -1 0.00 0.00 0.00 100.00 100.00 -1000 1.47 3.26 11.65 -1000 42.25 -0.24 610.050
car -1 -1 0.00 0.00 0.00 100.00 100.00 -1000 1.67 3.66 -3.85 -1000 27.26 1.65 606.328
car -1 -1 0.00 0.00 0.00 100.00 100.00 -1000 1.74 4.30 -15.76 -1000 41.61 1.72 602.921
car -1 -1 0.00 0.00 0.00 100.00 100.00 -1000 1.50 3.55 3.99 -1000 28.34 -0.05 594.621
car -1 -1 0.00 0.00 0.00 100.00 100.00 -1000 1.67 3.94 -2.02 -1000 31.78 1.60 589.465
car -1 -1 0.00 0.00 0.00 100.00 100.00 -1000 1.91 4.72 -11.37 -1000 36.66 1.62 581.577
car -1 -1 0.00 0.00 0.00 100.00 100.00 -1000 1.69 4.33 5.54 -1000 36.66 1.63 580.220
car -1 -1 0.00 0.00 0.00 100.00 100.00 -1000 1.81 4.88 -12.24 -1000 41.64 1.67 572.855
car -1 -1 0.00 0.00 0.00 100.00 100.00 -1000 1.23 3.20 4.92 -1000 13.58 -0.01 572.159
car -1 -1 0.00 0.00 0.00 100.00 100.00 -1000 1.74 3.98 -1.69 -1000 29.12 1.62 568.573
car -1 -1 0.00 0.00 0.00 100.00 100.00 -1000 1.66 4.30 -7.31 -1000 40.30 1.65 567.924
car -1 -1 0.00 0.00 0.00 100.00 100.00 -1000 2.20 5.81 6.17 -1000 37.39 1.64 563.190
car -1 -1 0.00 0.00 0.00 100.00 100.00 -1000 2.38 7.61 -4.44 -1000 42.91 1.59 561.065
car -1 -1 0.00 0.00 0.00 100.00 100.00 -1000 1.86 4.75 -17.49 -1000 35.13 1.66 558.573
car -1 -1 0.00 0.00 0.00 100.00 100.00 -1000 1.89 4.68 -3.00 -1000 35.34 1.55 558.504
car -1 -1 0.00 0.00 0.00 100.00 100.00 -1000 1.76 4.72 6.29 -1000 45.50 1.70 554.419
car -1 -1 0.00 0.00 0.00 100.00 100.00 -1000 1.76 4.16 -12.98 -1000 42.38 1.58 553.967
car -1 -1 0.00 0.00 0.00 100.00 100.00 -1000 1.52 3.32 9.12 -1000 11.36 1.68 550.851
car -1 -1 0.00 0.00 0.00 100.00 100.00 -1000 1.68 4.19 -13.73 -1000 41.30 1.67 548.388
car -1 -1 0.00 0.00 0.00 100.00 100.00 -1000 1.87 4.45 -10.37 -1000 41.90 1.74 545.846
car -1 -1 0.00 0.00 0.00 100.00 100.00 -1000 1.61 3.68 2.83 -1000 29.03 1.60 545.444
car -1 -1 0.00 0.00 0.00 100.00 100.00 -1000 1.82 4.64 8.86 -1000 35.62 1.69 543.211
car -1 -1 0.00 0.00 0.00 100.00 100.00 -1000 1.38 3.33 -13.48 -1000 32.83 -0.10 541.917
car -1 -1 0.00 0.00 0.00 100.00 100.00 -1000 1.51 3.56 -2.48 -1000 28.01 -0.11 537.697
car -1 -1 0.00 0.00 0.00 100.00 100.00 -1000 1.79 4.16 4.05 -1000 14.08 1.52 526.546
car -1 -1 0.00 0.00 0.00 100.00 100.00 -1000 1.61 3.71 -13.43 -1000 22.02 1.62 522.051
car -1 -1 0.00 0.00 0.00 100.00 100.00 -1000 2.48 8.36 9.37 -1000 39.87 1.75 519.054
car -1 -1 0.00 0.00 0.00 100.00 100.00 -1000 1.32 2.86 -6.08 -1000 29.09 -0.12 517.998
car -1 -1 0.00 0.00 0.00 100.00 100.00 -1000 2.02 6.17 1.65 -1000 40.70 1.66 516.800
car -1 -1 0.00 0.00 0.00 100.00 100.00 -1000 1.70 4.50 -7.09 -1000 35.43 1.57 503.216
car -1 -1 0.00 0.00 0.00 100.00 100.00 -1000 1.59 3.51 10.64 -1000 42.83 1.60 502.619
car -1 -1 0.00 0.00 0.00 100.00 100.00 -1000 1.55 3.57 -4.87 -1000 30.98 1.63 484.422
car -1 -1 0.00 0.00 0.00 100.00 100.00 -1000 1.55 3.47 -7.80 -1000 39.52 1.59 477.328
car -1 -1 0.00 0.00 0.00 100.00 100.00 -1000 1.35 3.23 -6.25 -1000 38.44 -0.03 476.621
car -1 -1 0.00 0.00 0.00 100.00 100.00 -1000 1.81 4.84 6.92 -1000 16.07 1.74 475.854
car -1 -1 0.00 0.00 0.00 100.00 100.00 -1000 1.67 3.62 0.24 -1000 29.70 1.60 467.420
car -1 -1 0.00 0.00 0.00 100.00 100.00 -1000 1.72 4.06 7.01 -1000 46.29 1.69 466.650
car -1 -1 0.00 0.00 0.00 100.00 100.00 -1000 1.84 4.72 8.86 -1000 33.18 1.71 459.806
car -1 -1 0.00 0.00 0.00 100.00 100.00 -1000 1.52 3.45 6.72 -1000 32.23 1.55 459.528
car -1 -1 0.00 0.00 0.00 100.00 100.00 -1000 1.90 5.03 -2.63 -1000 44.83 1.67 459.271
car -1 -1 0.00 0.00 0.00 100.00 100.00 -1000 1.77 4.41 2.65 -1000 16.49 1.61 452.072
car -1 -1 0.00 0.00 0.00 100.00 100.00 -1000 1.73 4.30 6.73 -1000 30.17 1.67 447.319
car -1 -1 0.00 0.00 0.00 100.00 100.00 -1000 1.65 3.74 1.64 -1000 29.34 1.58 447.017
car -1 -1 0.00 0.00 0.00 100.00 100.00 -1000 1.76 4.15 -4.88 -1000 33.13 1.57 446.707
car -1 -1 0.00 0.00 0.00 100.00 100.00 -1000 2.05 6.33 7.95 -1000 36.88 1.63 444.320
car -1 -1 0.00 0.00 0.00 100.00 100.00 -1000 1.65 3.95 5.50 -1000 29.75 1.62 439.198
car -1 -1 0.00 0.00 0.00 100.00 100.00 -1000 1.64 3.87 -0.09 -1000 30.64 -0.11 436.753
car -1 -1 0.00 0.00 0.00 100.00 100.00 -1000 1.59 4.05 -3.11 -1000 37.19 1.59 433.268
car -1 -1 0.00 0.00 0.00 100.00 100.00 -1000 1.71 4.39 -3.91 -1000 28.28 1.60 431.420
car -1 -1 0.00 0.00 0.00 100.00 100.00 -1000 1.72 4.23 -3.12 -1000 32.55 1.67 430.928
car -1 -1 0.00 0.00 0.00 100.00 100.00 -1000 1.73 4.66 7.12 -1000 14.97 1.73 425.075
car -1 -1 0.00 0.00 0.00 100.00 100.00 -1000 1.59 4.07 -19.00 -1000 24.17 1.65 422.745
car -1 -1 0.00 0.00 0.00 100.00 100.00 -1000 1.29 2.92 -6.89 -1000 29.48 0.06 420.965
car -1 -1 0.00 0.00 0.00 100.00 100.00 -1000 1.78 4.62 13.90 -1000 33.86 1.57 412.392
car -1 -1 0.00 0.00 0.00 100.00 100.00 -1000 1.90 4.35 -4.74 -1000 24.22 1.56 408.277
car -1 -1 0.00 0.00 0.00 100.00 100.00 -1000 1.63 4.01 6.69 -1000 35.66 1.67 404.570
car -1 -1 0.00 0.00 0.00 100.00 100.00 -1000 1.79 3.90 11.30 -1000 44.27 1.62 400.460
car -1 -1 0.00 0.00 0.00 100.00 100.00 -1000 1.97 4.91 -9.22 -1000 36.54 1.62 398.050
car -1 -1 0.00 0.00 0.00 100.00 100.00 -1000 1.43 3.21 -4.65 -1000 34.32 1.72 397.441
car -1 -1 0.00 0.00 0.00 100.00 100.00 -1000 1.73 4.57 -16.42 -1000 40.83 1.70 394.016
car -1 -1 0.00 0.00 0.00 100.00 100.00 -1000 1.67 4.29 -17.63 -1000 40.44 1.66 393.980
car -1 -1 0.00 0.00 0.00 100.00 100.00 -1000 1.68 4.38 -4.19 -1000 25.80 1.60 393.888
car -1 -1 0.00 0.00 0.00 100.00 100.00 -1000 1.50 3.62 10.24 -1000 43.61 1.59 393.816
car -1 -1 0.00 0.00 0.00 100.00 100.00 -1000 1.50 3.43 -0.57 -1000 31.95 1.64 393.508
car -1 -1 0.00 0.00 0.00 100.00 100.00 -1000 1.77 4.76 -3.30 -1000 41.09 1.62 391.632
car -1 -1 0.00 0.00 0.00 100.00 100.00 -1000 1.65 3.96 4.22 -1000 27.49 1.64 391.557
car -1 -1 0.00 0.00 0.00 100.00 100.00 -1000 1.82 5.14 6.74 -1000 44.43 1.72 390.534
car -1 -1 0.00 0.00 0.00 100.00 100.00 -1000 1.81 4.51 6.44 -1000 13.81 1.68 390.024
car -1 -1 0.00 0.00 0.00 100.00 100.00 -1000 1.75 4.65 -18.88 -1000 34.76 1.64 380.077
car -1 -1 0.00 0.00 0.00 100.00 100.00 -1000 1.77 5.06 12.62 -1000 34.74 1.64 379.892
car -1 -1 0.00 0.00 0.00 100.00 100.00 -1000 1.75 4.45 -13.24 -1000 36.93 1.61 379.448
car -1 -1 0.00 0.00 0.00 100.00 100.00 -1000 1.60 3.95 2.90 -1000 15.02 1.69 368.512
car -1 -1 0.00 0.00 0.00 100.00 100.00 -1000 1.94 5.60 10.22 -1000 40.76 1.68 367.354
car -1 -1 0.00 0.00 0.00 100.00 100.00 -1000 1.49 3.47 12.67 -1000 43.06 1.72 366.806
car -1 -1 0.00 0.00 0.00 100.00 100.00 -1000 1.40 4.24 14.35 -1000 32.42 0.05 365.567
car -1 -1 0.00 0.00 0.00 100.00 100.00 -1000 1.94 4.77 13.40 -1000 35.49 1.59 362.950
car -1 -1 0.00 0.00 0.00 100.00 100.00 -1000 1.73 4.70 1.67 -1000 28.24 0.17 362.537
car -1 -1 0.00 0.00 0.00 100.00 100.00 -1000 1.52 3.96 -2.63 -1000 46.79 1.57 361.655
car -1 -1 0.00 0.00 0.00 100.00 100.00 -1000 1.69 4.14 -16.69 -1000 35.75 1.67 353.145
car -1 -1 0.00 0.00 0.00 100.00 100.00 -1000 1.82 4.76 -9.33 -1000 41.20 1.65 352.738
car -1 -1 0.00 0.00 0.00 100.00 100.00 -1000 1.42 3.36 -12.44 -1000 34.15 1.69 352.195
car -1 -1 0.00 0.00 0.00 100.00 100.00 -1000 1.47 2.89 -6.20 -1000 33.13 1.52 351.904
car -1 -1 0.00 0.00 0.00 100.00 100.00 -1000 2.55 7.76 -7.40 -1000 42.85 1.55 340.213
car -1 -1 0.00 0.00 0.00 100.00 100.00 -1000 1.60 3.85 9.99 -1000 34.89 1.69 333.352
car -1 -1 0.00 0.00 0.00 100.00 100.00 -1000 1.71 4.33 -13.64 -1000 34.69 1.63 332.718
car -1 -1 0.00 0.00 0.00 100.00 100.00 -1000 1.81 4.44 1.93 -1000 34.87 0.18 331.904
car -1 -1 0.00 0.00 0.00 100.00 100.00 -1000 1.53 3.65 -7.47 -1000 37.00 1.61 329.413
car -1 -1 0.00 0.00 0.00 100.00 100.00 -1000 1.60 3.95 11.92 -1000 33.85 1.63 328.694
car -1 -1 0.00 0.00 0.00 100.00 100.00 -1000 1.83 4.90 -4.79 -1000 41.40 1.64 328.546
car -1 -1 0.00 0.00 0.00 100.00 100.00 -1000 1.80 4.47 -10.83 -1000 35.59 1.67 326.043
car -1 -1 0.00 0.00 0.00 100.00 100.00 -1000 1.69 4.34 -2.69 -1000 36.20 1.57 325.201
car -1 -1 0.00 0.00 0.00 100.00 100.00 -1000 1.85 4.75 -7.88 -1000 30.56 1.74 323.223
car -1 -1 0.00 0.00 0.00 100.00 100.00 -1000 1.53 3.78 2.59 -1000 30.56 0.07 322.114
car -1 -1 0.00 0.00 0.00 100.00 100.00 -1000 1.54 3.97 -0.93 -1000 28.17 0.13 322.022
car -1 -1 0.00 0.00 0.00 100.00 100.00 -1000 1.99 5.81 5.43 -1000 16.49 1.70 321.321
car -1 -1 0.00 0.00 0.00 100.00 100.00 -1000 1.70 3.96 -2.43 -1000 33.18 1.62 321.233
car -1 -1 0.00 0.00 0.00 100.00 100.00 -1000 1.68 3.80 -13.31 -1000 31.89 1.58 320.270
car -1 -1 0.00 0.00 0.00 100.00 100.00 -1000 1.75 4.88 12.30 -1000 37.05 1.63 316.114
car -1 -1 0.00 0.00 0.00 100.00 100.00 -1000 1.41 3.57 -13.21 -1000 20.43 -0.07 315.771
car -1 -1 0.00 0.00 0.00 100.00 100.00 -1000 1.99 5.53 9.96 -1000 38.74 1.69 315.624
car -1 -1 0.00 0.00 0.00 100.00 100.00 -1000 1.76 4.56 8.30 -1000 45.68 1.72 313.290
car -1 -1 0.00 0.00 0.00 100.00 100.00 -1000 1.77 4.21 17.99 -1000 38.71 1.56 308.523
car -1 -1 0.00 0.00 0.00 100.00 100.00 -1000 2.02 5.19 2.30 -1000 45.08 1.72 306.860
car -1 -1 0.00 0.00 0.00 100.00 100.00 -1000 1.81 4.06 18.63 -1000 37.04 1.62 300.079
car -1 -1 0.00 0.00 0.00 100.00 100.00 -1000 1.91 5.58 9.78 -1000 37.66 1.68 298.110
car -1 -1 0.00 0.00 0.00 100.00 100.00 -1000 1.85 3.97 12.22 -1000 37.87 1.58 298.075
car -1 -1 0.00 0.00 0.00 100.00 100.00 -1000 1.72 3.88 18.75 -1000 35.46 1.57 296.776
car -1 -1 0.00 0.00 0.00 100.00 100.00 -1000 1.51 3.88 -1.20 -1000 31.13 0.01 294.409
car -1 -1 0.00 0.00 0.00 100.00 100.00 -1000 1.37 3.11 -12.79 -1000 21.16 -0.04 293.323
car -1 -1 0.00 0.00 0.00 100.00 100.00 -1000 1.80 4.06 -1.58 -1000 27.32 1.63 291.852
car -1 -1 0.00 0.00 0.00 100.00 100.00 -1000 1.63 3.56 -18.45 -1000 25.26 1.54 291.647
car -1 -1 0.00 0.00 0.00 100.00 100.00 -1000 1.97 4.61 2.37 -1000 17.72 1.61 289.018
car -1 -1 0.00 0.00 0.00 100.00 100.00 -1000 1.81 3.91 15.61 -1000 30.59 1.62 285.080
car -1 -1 0.00 0.00 0.00 100.00 100.00 -1000 1.62 4.00 -14.85 -1000 34.32 1.69 284.493
car -1 -1 0.00 0.00 0.00 100.00 100.00 -1000 1.89 4.34 10.77 -1000 46.79 1.62 284.163
car -1 -1 0.00 0.00 0.00 100.00 100.00 -1000 1.77 4.62 -15.24 -1000 35.19 1.70 283.973
car -1 -1 0.00 0.00 0.00 100.00 100.00 -1000 1.68 4.45 17.23 -1000 41.90 1.65 283.155
car -1 -1 0.00 0.00 0.00 100.00 100.00 -1000 1.59 3.88 -7.65 -1000 38.69 1.62 281.960
car -1 -1 0.00 0.00 0.00 100.00 100.00 -1000 1.67 4.27 -17.65 -1000 34.00 1.67 280.458
car -1 -1 0.00 0.00 0.00 100.00 100.00 -1000 1.89 4.31 19.10 -1000 43.49 1.56 277.910
car -1 -1 0.00 0.00 0.00 100.00 100.00 -1000 1.76 4.12 9.10 -1000 10.61 1.63 275.425
car -1 -1 0.00 0.00 0.00 100.00 100.00 -1000 1.87 4.89 15.71 -1000 44.73 1.67 274.792
car -1 -1 0.00 0.00 0.00 100.00 100.00 -1000 1.66 4.30 -15.23 -1000 40.43 1.67 273.011
car -1 -1 0.00 0.00 0.00 100.00 100.00 -1000 1.86 4.66 13.19 -1000 33.18 1.58 271.848
car -1 -1 0.00 0.00 0.00 100.00 100.00 -1000 1.63 4.29 7.41 -1000 12.99 1.65 271.755
car -1 -1 0.00 0.00 0.00 100.00 100.00 -1000 1.43 3.19 -6.35 -1000 32.29 1.47 271.628
car -1 -1 0.00 0.00 0.00 100.00 100.00 -1000 1.67 4.02 -2.24 -1000 34.36 1.68 271.338
car -1 -1 0.00 0.00 0.00 100.00 100.00 -1000 1.70 4.18 10.60 -1000 11.98 1.67 271.293
car -1 -1 0.00 0.00 0.00 100.00 100.00 -1000 2.19 5.71 -0.66 -1000 44.31 1.67 268.382
car -1 -1 0.00 0.00 0.00 100.00 100.00 -1000 1.50 4.07 -3.17 -1000 26.28 0.00 267.261
car -1 -1 0.00 0.00 0.00 100.00 100.00 -1000 1.75 4.23 17.72 -1000 40.31 1.63 266.319
car -1 -1 0.00 0.00 0.00 100.00 100.00 -1000 1.68 4.36 -7.82 -1000 34.69 1.63 263.720
car -1 -1 0.00 0.00 0.00 100.00 100.00 -1000 1.65 3.94 -7.19 -1000 37.97 1.59 258.147
car -1 -1 0.00 0.00 0.00 100.00 100.00 -1000 1.87 4.40 -3.61 -1000 24.93 1.62 256.460
car -1 -1 0.00 0.00 0.00 100.00 100.00 -1000 1.69 4.55 -4.92 -1000 32.29 1.60 256.273
car -1 -1 0.00 0.00 0.00 100.00 100.00 -1000 1.60 3.97 7.37 -1000 28.50 1.67 255.827
car -1 -1 0.00 0.00 0.00 100.00 100.00 -1000 1.81 4.09 18.81 -1000 45.11 1.63 255.023
car -1 -1 0.00 0.00 0.00 100.00 100.00 -1000 1.50 3.83 -13.42 -1000 40.39 1.63 252.672
car -1 -1 0.00 0.00 0.00 100.00 100.00 -1000 2.00 6.37 4.92 -1000 30.67 1.49 252.491
car -1 -1 0.00 0.00 0.00 100.00 100.00 -1000 1.71 3.98 -14.93 -1000 22.15 1.64 252.460
car -1 -1 0.00 0.00 0.00 100.00 100.00 -1000 1.46 3.52 -4.57 -1000 46.76 1.56 250.794
car -1 -1 0.00 0.00 0.00 100.00 100.00 -1000 1.66 5.38 -0.76 -1000 37.19 -0.30 249.652
car -1 -1 0.00 0.00 0.00 100.00 100.00 -1000 1.82 4.66 -8.32 -1000 35.86 1.72 249.536
car -1 -1 0.00 0.00 0.00 100.00 100.00 -1000 1.63 4.16 19.17 -1000 34.70 1.57 249.159
car -1 -1 0.00 0.00 0.00 100.00 100.00 -1000 1.88 4.32 10.98 -1000 45.12 1.60 247.970
car -1 -1 0.00 0.00 0.00 100.00 100.00 -1000 1.58 4.17 0.77 -1000 28.79 0.08 244.257
car -1 -1 0.00 0.00 0.00 100.00 100.00 -1000 1.83 4.43 -8.98 -1000 31.29 1.64 244.153
car -1 -1 0.00 0.00 0.00 100.00 100.00 -1000 1.94 4.75 -1.81 -1000 46.08 1.60 243.071
car -1 -1 0.00 0.00 0.00 100.00 100.00 -1000 1.75 4.48 -10.45 -1000 40.37 1.67 241.491
car -1 -1 0.00 0.00 0.00 100.00 100.00 -1000 1.75 4.49 9.17 -1000 44.91 1.63 236.575
car -1 -1 0.00 0.00 0.00 100.00 100.00 -1000 1.77 4.58 16.52 -1000 46.77 1.59 235.474
car -1 -1 0.00 0.00 0.00 100.00 100.00 -1000 1.62 4.52 -12.37 -1000 22.44 1.71 235.467
car -1 -1 0.00 0.00 0.00 100.00 100.00 -1000 1.63 4.12 -5.60 -1000 47.70 1.59 234.658
car -1 -1 0.00 0.00 0.00 100.00 100.00 -1000 1.89 4.35 2.23 -1000 22.55 1.59 234.268
car -1 -1 0.00 0.00 0.00 100.00 100.00 -1000 1.75 3.84 10.71 -1000 27.40 1.58 233.231
car -1 -1 0.00 0.00 0.00 100.00 100.00 -1000 1.80 4.58 0.39 -1000 31.49 1.59 231.946
car -1 -1 0.00 0.00 0.00 100.00 100.00 -1000 1.44 3.23 -14.35 -1000 32.26 1.54 231.177
car -1 -1 0.00 0.00 0.00 100.00 100.00 -1000 1.24 2.92 6.69 -1000 27.93 0.22 230.261
car -1 -1 0.00 0.00 0.00 100.00 100.00 -1000 1.48 3.52 18.98 -1000 33.85 1.58 229.356
car -1 -1 0.00 0.00 0.00 100.00 100.00 -1000 1.75 4.39 -12.25 -1000 35.21 1.66 228.242
car -1 -1 0.00 0.00 0.00 100.00 100.00 -1000 1.67 4.31 11.58 -1000 35.34 1.65 226.804
car -1 -1 0.00 0.00 0.00 100.00 100.00 -1000 1.68 3.71 -18.76 -1000 35.63 1.59 226.060
car -1 -1 0.00 0.00 0.00 100.00 100.00 -1000 1.78 4.28 -15.66 -1000 36.38 1.61 223.473
car -1 -1 0.00 0.00 0.00 100.00 100.00 -1000 1.92 4.44 -1.18 -1000 21.00 1.60 222.275
car -1 -1 0.00 0.00 0.00 100.00 100.00 -1000 1.73 4.26 -11.59 -1000 40.94 1.67 221.138
car -1 -1 0.00 0.00 0.00 100.00 100.00 -1000 1.64 3.72 -11.47 -1000 42.52 1.61 220.596
car -1 -1 0.00 0.00 0.00 100.00 100.00 -1000 1.92 4.41 -17.53 -1000 29.01 1.64 219.608
car -1 -1 0.00 0.00 0.00 100.00 100.00 -1000 1.63 4.26 15.68 -1000 43.50 1.61 219.465
car -1 -1 0.00 0.00 0.00 100.00 100.00 -1000 1.57 4.17 -15.94 -1000 33.90 1.64 218.703
car -1 -1 0.00 0.00 0.00 100.00 100.00 -1000 1.83 4.47 4.51 -1000 26.67 1.63 214.807
car -1 -1 0.00 0.00 0.00 100.00 100.00 -1000 1.85 5.39 9.70 -1000 36.31 1.65 211.670
car -1 -1 0.00 0.00 0.00 100.00 100.00 -1000 1.87 5.46 -4.85 -1000 26.62 1.57 211.647
car -1 -1 0.00 0.00 0.00 100.00 100.00 -1000 1.73 4.01 -15.17 -1000 27.30 1.64 209.314
car -1 -1 0.00 0.00 0.00 100.00 100.00 -1000 1.88 4.53 3.87 -1000 25.84 1.61 208.725
car -1 -1 0.00 0.00 0.00 100.00 100.00 -1000 1.72 4.25 -6.20 -1000 36.13 1.63 207.886
car -1 -1 0.00 0.00 0.00 100.00 100.00 -1000 1.73 4.26 10.44 -1000 13.28 1.72 207.266
car -1 -1 0.00 0.00 0.00 100.00 100.00 -1000 2.27 7.55 -14.27 -1000 43.46 1.76 206.513
car -1 -1 0.00 0.00 0.00 100.00 100.00 -1000 1.63 4.44 -16.31 -1000 21.02 1.64 205.811
car -1 -1 0.00 0.00 0.00 100.00 100.00 -1000 2.02 5.56 7.51 -1000 17.41 1.67 205.475
car -1 -1 0.00 0.00 0.00 100.00 100.00 -1000 1.62 3.89 -2.70 -1000 45.53 1.52 204.094
car -1 -1 0.00 0.00 0.00 100.00 100.00 -1000 1.28 2.24 -3.88 -1000 35.53 -0.16 201.952
car -1 -1 0.00 0.00 0.00 100.00 100.00 -1000 1.81 4.35 18.66 -1000 37.95 1.55 201.494
car -1 -1 0.00 0.00 0.00 100.00 100.00 -1000 1.94 4.82 2.56 -1000 19.02 1.60 200.939
car -1 -1 0.00 0.00 0.00 100.00 100.00 -1000 1.96 4.77 19.42 -1000 41.85 1.62 200.438
car -1 -1 0.00 0.00 0.00 100.00 100.00 -1000 1.63 4.03 10.43 -1000 41.85 1.61 199.559
car -1 -1 0.00 0.00 0.00 100.00 100.00 -1000 1.62 4.48 14.83 -1000 27.89 0.11 198.328
car -1 -1 0.00 0.00 0.00 100.00 100.00 -1000 1.69 4.00 11.58 -1000 41.25 1.53 196.799
car -1 -1 0.00 0.00 0.00 100.00 100.00 -1000 1.59 3.88 10.54 -1000 11.13 1.63 196.276
car -1 -1 0.00 0.00 0.00 100.00 100.00 -1000 1.80 4.28 -14.09 -1000 17.88 1.72 195.929
car -1 -1 0.00 0.00 0.00 100.00 100.00 -1000 1.83 4.37 -5.57 -1000 24.98 1.51 195.144
car -1 -1 0.00 0.00 0.00 100.00 100.00 -1000 1.64 4.16 -12.09 -1000 16.22 1.75 194.662
car -1 -1 0.00 0.00 0.00 100.00 100.00 -1000 1.67 4.38 -15.62 -1000 19.44 1.65 192.876
car -1 -1 0.00 0.00 0.00 100.00 100.00 -1000 1.69 4.24 1.25 -1000 30.32 1.58 192.077
car -1 -1 0.00 0.00 0.00 100.00 100.00 -1000 1.63 4.25 11.18 -1000 12.67 1.66 191.302
car -1 -1 0.00 0.00 0.00 100.00 100.00 -1000 2.03 4.84 -14.86 -1000 30.58 1.65 190.820
car -1 -1 0.00 0.00 0.00 100.00 100.00 -1000 1.98 4.80 17.02 -1000 45.22 1.66 189.610
car -1 -1 0.00 0.00 0.00 100.00 100.00 -1000 1.54 3.13 9.53 -1000 9.57 1.58 189.124
car -1 -1 0.00 0.00 0.00 100.00 100.00 -1000 1.93 4.47 0.61 -1000 19.31 1.59 188.474
car -1 -1 0.00 0.00 0.00 100.00 100.00 -1000 1.43 4.43 -2.15 -1000 25.64 -0.01 188.209
car -1 -1 0.00 0.00 0.00 100.00 100.00 -1000 1.97 4.79 0.31 -1000 27.43 1.62 187.730
car -1 -1 0.00 0.00 0.00 100.00 100.00 -1000 1.72 4.72 -0.08 -1000 36.42 1.62 187.725
car -1 -1 0.00 0.00 0.00 100.00 100.00 -1000 1.79 4.62 1.61 -1000 14.60 1.69 187.150
car -1 -1 0.00 0.00 0.00 100.00 100.00 -1000 1.91 4.50 2.30 -1000 20.95 1.60 186.162
car -1 -1 0.00 0.00 0.00 100.00 100.00 -1000 1.46 3.48 -0.97 -1000 30.01 -0.35 185.848
car -1 -1 0.00 0.00 0.00 100.00 100.00 -1000 1.73 4.00 8.81 -1000 46.40 1.67 184.523
car -1 -1 0.00 0.00 0.00 100.00 100.00 -1000 1.67 4.05 -7.82 -1000 29.06 1.65 183.961
car -1 -1 0.00 0.00 0.00 100.00 100.00 -1000 1.72 4.64 13.46 -1000 20.95 1.68 183.711
car -1 -1 0.00 0.00 0.00 100.00 100.00 -1000 1.97 4.75 3.34 -1000 24.11 1.59 183.281
car -1 -1 0.00 0.00 0.00 100.00 100.00 -1000 1.73 4.12 -14.28 -1000 31.40 1.59 183.184
car -1 -1 0.00 0.00 0.00 100.00 100.00 -1000 1.74 4.56 4.86 -1000 44.99 1.59 181.383
car -1 -1 0.00 0.00 0.00 100.00 100.00 -1000 1.67 4.25 9.91 -1000 28.92 1.63 180.140
car -1 -1 0.00 0.00 0.00 100.00 100.00 -1000 1.94 4.81 0.84 -1000 16.15 1.61 179.600
car -1 -1 0.00 0.00 0.00 100.00 100.00 -1000 1.78 4.81 -0.00 -1000 17.67 1.61 179.486
car -1 -1 0.00 0.00 0.00 100.00 100.00 -1000 1.42 3.75 -7.37 -1000 31.90 1.61 179.450
car -1 -1 0.00 0.00 0.00 100.00 100.00 -1000 2.17 5.29 12.28 -1000 38.69 1.53 178.913
car -1 -1 0.00 0.00 0.00 100.00 100.00 -1000 1.75 4.37 -17.33 -1000 24.67 1.77 178.469
car -1 -1 0.00 0.00 0.00 100.00 100.00 -1000 1.87 4.49 10.68 -1000 28.26 1.61 176.727
car -1 -1 0.00 0.00 0.00 100.00 100.00 -1000 1.45 3.21 -1.51 -1000 37.71 1.61 176.273
car -1 -1 0.00 0.00 0.00 100.00 100.00 -1000 1.12 3.26 5.87 -1000 27.19 -0.23 175.096
car -1 -1 0.00 0.00 0.00 100.00 100.00 -1000 1.83 5.46 13.00 -1000 27.49 1.64 174.415
car -1 -1 0.00 0.00 0.00 100.00 100.00 -1000 1.70 3.76 -16.69 -1000 22.04 1.57 174.359
car -1 -1 0.00 0.00 0.00 100.00 100.00 -1000 1.88 4.68 4.48 -1000 33.29 1.58 173.642
car -1 -1 0.00 0.00 0.00 100.00 100.00 -1000 1.87 5.21 8.34 -1000 16.61 1.67 172.298
car -1 -1 0.00 0.00 0.00 100.00 100.00 -1000 1.94 4.60 -0.97 -1000 22.63 1.61 172.260
car -1 -1 0.00 0.00 0.00 100.00 100.00 -1000 1.79 4.52 8.19 -1000 14.23 1.70 172.221
