car -1 -1 0.00 0.00 0.00 100.00 100.00 -1000 1.60 3.82 -5.45 -1000 22.74 1.64 991.544
car -1 -1 0.00 0.00 0.00 100.00 100.00 -1000 1.58 3.68 -4.20 -1000 43.62 1.66 989.202
car -1 -1 0.00 0.00 0.00 100.00 100.00 -1000 1.73 4.29 -5.97 -1000 21.69 -0.66 987.615
car -1 -1 0.00 0.00 0.00 100.00 100.00 -1000 1.55 3.64 10.89 -1000 39.58 1.59 981.759
car -1 -1 0.00 0.00 0.00 100.00 100.00 -1000 1.66 3.88 -7.61 -1000 15.16 -0.18 978.781
car -1 -1 0.00 0.00 0.00 100.00 100.00 -1000 1.65 4.10 -3.74 -1000 42.79 -0.14 975.973
car -1 -1 0.00 0.00 0.00 100.00 100.00 -1000 1.59 3.87 -4.85 -1000 37.45 1.70 972.239
car -1 -1 0.00 0.00 0.00 100.00 100.00 -1000 1.64 3.97 -5.03 -1000 27.81 1.59 969.766
car -1 -1 0.00 0.00 0.00 100.00 100.00 -1000 1.63 3.90 7.98 -1000 39.34 1.73 966.066
car -1 -1 0.00 0.00 0.00 100.00 100.00 -1000 1.68 3.99 -6.32 -1000 16.13 1.66 963.921
car -1 -1 0.00 0.00 0.00 100.00 100.00 -1000 1.56 3.59 -5.95 -1000 20.89 1.69 963.866
car -1 -1 0.00 0.00 0.00 100.00 100.00 -1000 1.58 3.64 2.87 -1000 41.67 1.63 962.763
car -1 -1 0.00 0.00 0.00 100.00 100.00 -1000 1.75 4.43 -3.09 -1000 46.53 -0.24 959.312
car -1 -1 0.00 0.00 0.00 100.00 100.00 -1000 1.53 3.61 3.59 -1000 46.27 1.63 957.228
car -1 -1 0.00 0.00 0.00 100.00 100.00 -1000 1.66 4.09 9.45 -1000 39.15 1.67 957.130
car -1 -1 0.00 0.00 0.00 100.00 100.00 -1000 1.86 4.73 -6.43 -1000 18.97 1.66 951.807
car -1 -1 0.00 0.00 0.00 100.00 100.00 -1000 1.58 3.60 1.11 -1000 45.36 -0.07 950.154
car -1 -1 0.00 0.00 0.00 100.00 100.00 -1000 1.69 3.84 -5.23 -1000 26.92 -0.34 948.791
car -1 -1 0.00 0.00 0.00 100.00 100.00 -1000 2.00 5.32 -2.86 -1000 47.40 1.63 948.383
car -1 -1 0.00 0.00 0.00 100.00 100.00 -1000 1.55 3.47 2.44 -1000 40.96 0.01 946.548
car -1 -1 0.00 0.00 0.00 100.00 100.00 -1000 1.69 4.19 -4.13 -1000 45.92 1.73 945.786
car -1 -1 0.00 0.00 0.00 100.00 100.00 -1000 1.53 3.46 -4.99 -1000 32.37 1.62 943.752
car -1 -1 0.00 0.00 0.00 100.00 100.00 -1000 1.70 4.04 -2.81 -1000 43.31 1.66 937.349
car -1 -1 0.00 0.00 0.00 100.00 100.00 -1000 1.67 4.13 -6.45 -1000 8.03 1.58 936.527
car -1 -1 0.00 0.00 0.00 100.00 100.00 -1000 1.71 4.33 -4.79 -1000 23.72 1.67 935.995
car -1 -1 0.00 0.00 0.00 100.00 100.00 -1000 1.67 3.97 -4.35 -1000 44.53 1.65 935.816
car -1 -1 0.00 0.00 0.00 100.00 100.00 -1000 1.73 4.00 10.55 -1000 38.18 -0.19 930.463
car -1 -1 0.00 0.00 0.00 100.00 100.00 -1000 1.57 3.54 3.87 -1000 42.24 1.69 927.907
car -1 -1 0.00 0.00 0.00 100.00 100.00 -1000 1.69 4.11 0.98 -1000 46.15 1.64 927.156
car -1 -1 0.00 0.00 0.00 100.00 100.00 -1000 1.73 4.24 -3.53 -1000 37.96 -0.34 917.345
car -1 -1 0.00 0.00 0.00 100.00 100.00 -1000 1.54 3.56 4.54 -1000 41.61 -0.23 915.360
car -1 -1 0.00 0.00 0.00 100.00 100.00 -1000 1.64 3.81 6.51 -1000 39.62 1.64 915.189
car -1 -1 0.00 0.00 0.00 100.00 100.00 -1000 1.55 3.90 -4.64 -1000 33.26 1.57 914.014
car -1 -1 0.00 0.00 0.00 100.00 100.00 -1000 1.61 3.86 9.07 -1000 44.76 1.67 912.658
car -1 -1 0.00 0.00 0.00 100.00 100.00 -1000 1.64 3.84 1.27 -1000 41.26 -0.07 910.323
car -1 -1 0.00 0.00 0.00 100.00 100.00 -1000 1.98 5.26 -1.44 -1000 46.79 1.61 909.277
car -1 -1 0.00 0.00 0.00 100.00 100.00 -1000 1.73 4.36 -6.07 -1000 17.22 1.66 907.321
car -1 -1 0.00 0.00 0.00 100.00 100.00 -1000 1.53 3.40 7.74 -1000 46.65 1.61 902.667
car -1 -1 0.00 0.00 0.00 100.00 100.00 -1000 1.77 4.52 10.42 -1000 40.83 1.66 897.664
car -1 -1 0.00 0.00 0.00 100.00 100.00 -1000 1.67 4.11 -3.00 -1000 38.73 1.61 894.717
car -1 -1 0.00 0.00 0.00 100.00 100.00 -1000 1.54 3.80 5.15 -1000 46.21 1.66 884.315
car -1 -1 0.00 0.00 0.00 100.00 100.00 -1000 1.65 3.82 -4.82 -1000 36.57 -0.36 884.181
car -1 -1 0.00 0.00 0.00 100.00 100.00 -1000 1.73 4.46 0.88 -1000 42.02 1.63 882.503
car -1 -1 0.00 0.00 0.00 100.00 100.00 -1000 1.58 3.67 2.48 -1000 45.55 -0.05 881.861
car -1 -1 0.00 0.00 0.00 100.00 100.00 -1000 1.51 3.78 -4.30 -1000 28.42 1.57 881.254
car -1 -1 0.00 0.00 0.00 100.00 100.00 -1000 1.64 3.95 -6.26 -1000 9.25 1.59 881.054
car -1 -1 0.00 0.00 0.00 100.00 100.00 -1000 1.78 4.40 -0.69 -1000 46.01 1.58 880.428
car -1 -1 0.00 0.00 0.00 100.00 100.00 -1000 1.39 3.74 -6.52 -1000 14.81 -0.14 877.796
car -1 -1 0.00 0.00 0.00 100.00 100.00 -1000 1.66 3.61 -2.02 -1000 37.76 -0.02 876.703
car -1 -1 0.00 0.00 0.00 100.00 100.00 -1000 1.46 3.55 2.31 -1000 36.26 -0.01 875.151
car -1 -1 0.00 0.00 0.00 100.00 100.00 -1000 1.80 4.56 -13.79 -1000 17.21 1.61 874.236
car -1 -1 0.00 0.00 0.00 100.00 100.00 -1000 1.44 3.65 4.51 -1000 44.68 -0.16 871.436
car -1 -1 0.00 0.00 0.00 100.00 100.00 -1000 1.80 4.54 -6.39 -1000 20.14 1.68 870.002
car -1 -1 0.00 0.00 0.00 100.00 100.00 -1000 1.80 4.20 8.42 -1000 40.41 1.68 867.700
car -1 -1 0.00 0.00 0.00 100.00 100.00 -1000 1.83 4.30 8.22 -1000 38.41 -0.06 864.486
car -1 -1 0.00 0.00 0.00 100.00 100.00 -1000 1.76 4.24 -1.63 -1000 42.84 1.64 861.170
car -1 -1 0.00 0.00 0.00 100.00 100.00 -1000 1.54 3.50 -2.43 -1000 42.22 0.04 855.525
car -1 -1 0.00 0.00 0.00 100.00 100.00 -1000 1.45 3.44 5.41 -1000 42.31 -0.09 855.267
car -1 -1 0.00 0.00 0.00 100.00 100.00 -1000 1.56 3.78 2.56 -1000 42.52 1.64 849.736
car -1 -1 0.00 0.00 0.00 100.00 100.00 -1000 1.71 4.35 2.23 -1000 37.19 1.63 843.669
car -1 -1 0.00 0.00 0.00 100.00 100.00 -1000 1.68 3.87 10.37 -1000 45.02 1.71 843.170
car -1 -1 0.00 0.00 0.00 100.00 100.00 -1000 1.59 3.89 8.61 -1000 43.75 -0.14 840.599
car -1 -1 0.00 0.00 0.00 100.00 100.00 -1000 1.69 4.42 -4.07 -1000 24.36 1.66 839.695
car -1 -1 0.00 0.00 0.00 100.00 100.00 -1000 1.58 3.80 4.10 -1000 40.32 1.61 839.607
car -1 -1 0.00 0.00 0.00 100.00 100.00 -1000 1.68 4.30 -7.91 -1000 15.98 1.62 834.456
car -1 -1 0.00 0.00 0.00 100.00 100.00 -1000 1.55 3.73 -2.65 -1000 44.21 1.69 834.348
car -1 -1 0.00 0.00 0.00 100.00 100.00 -1000 1.93 4.94 -6.74 -1000 18.00 1.56 831.809
car -1 -1 0.00 0.00 0.00 100.00 100.00 -1000 1.77 4.64 13.98 -1000 41.43 1.61 831.295
car -1 -1 0.00 0.00 0.00 100.00 100.00 -1000 1.74 4.14 1.91 -1000 46.77 1.65 830.394
car -1 -1 0.00 0.00 0.00 100.00 100.00 -1000 1.76 4.35 -13.68 -1000 16.15 1.69 828.135
car -1 -1 0.00 0.00 0.00 100.00 100.00 -1000 1.72 4.12 12.61 -1000 39.29 -0.22 827.050
car -1 -1 0.00 0.00 0.00 100.00 100.00 -1000 1.56 3.54 -6.78 -1000 22.55 1.62 823.767
car -1 -1 0.00 0.00 0.00 100.00 100.00 -1000 1.67 3.99 14.33 -1000 18.59 1.76 821.408
car -1 -1 0.00 0.00 0.00 100.00 100.00 -1000 1.62 3.85 -0.01 -1000 42.59 1.67 816.217
car -1 -1 0.00 0.00 0.00 100.00 100.00 -1000 1.88 4.76 -3.75 -1000 26.72 1.68 810.034
car -1 -1 0.00 0.00 0.00 100.00 100.00 -1000 1.72 4.39 -2.21 -1000 45.61 1.61 801.759
car -1 -1 0.00 0.00 0.00 100.00 100.00 -1000 1.52 3.50 3.78 -1000 36.14 0.02 799.781
car -1 -1 0.00 0.00 0.00 100.00 100.00 -1000 1.67 4.23 -3.56 -1000 45.16 1.65 791.352
car -1 -1 0.00 0.00 0.00 100.00 100.00 -1000 1.36 3.41 -4.68 -1000 31.38 -0.28 788.665
car -1 -1 0.00 0.00 0.00 100.00 100.00 -1000 1.44 3.22 3.39 -1000 45.05 -0.03 788.456
car -1 -1 0.00 0.00 0.00 100.00 100.00 -1000 1.76 4.29 11.67 -1000 40.26 1.68 787.571
car -1 -1 0.00 0.00 0.00 100.00 100.00 -1000 1.61 3.91 3.86 -1000 43.04 1.64 787.449
car -1 -1 0.00 0.00 0.00 100.00 100.00 -1000 1.62 3.84 11.31 -1000 38.78 1.73 785.554
car -1 -1 0.00 0.00 0.00 100.00 100.00 -1000 1.63 3.94 16.96 -1000 42.72 1.72 785.287
car -1 -1 0.00 0.00 0.00 100.00 100.00 -1000 1.72 4.21 7.02 -1000 40.71 1.59 784.435
car -1 -1 0.00 0.00 0.00 100.00 100.00 -1000 1.74 4.45 -3.40 -1000 23.19 1.79 778.681
car -1 -1 0.00 0.00 0.00 100.00 100.00 -1000 1.57 3.79 6.83 -1000 42.85 -0.43 778.672
car -1 -1 0.00 0.00 0.00 100.00 100.00 -1000 1.44 3.47 -1.52 -1000 43.89 1.64 774.984
car -1 -1 0.00 0.00 0.00 100.00 100.00 -1000 1.38 3.53 -4.49 -1000 42.20 -0.00 773.267
car -1 -1 0.00 0.00 0.00 100.00 100.00 -1000 1.59 4.05 16.15 -1000 41.92 -0.07 770.361
car -1 -1 0.00 0.00 0.00 100.00 100.00 -1000 1.71 4.29 12.45 -1000 40.92 1.68 767.699
car -1 -1 0.00 0.00 0.00 100.00 100.00 -1000 1.74 4.40 14.66 -1000 40.71 1.72 760.516
car -1 -1 0.00 0.00 0.00 100.00 100.00 -1000 1.49 3.44 1.26 -1000 37.66 1.66 751.386
car -1 -1 0.00 0.00 0.00 100.00 100.00 -1000 1.62 3.78 -0.43 -1000 38.15 1.66 749.030
car -1 -1 0.00 0.00 0.00 100.00 100.00 -1000 1.49 3.24 7.94 -1000 45.11 1.62 748.795
car -1 -1 0.00 0.00 0.00 100.00 100.00 -1000 2.69 9.82 7.26 -1000 47.57 1.62 748.291
car -1 -1 0.00 0.00 0.00 100.00 100.00 -1000 1.74 4.04 13.93 -1000 39.73 -0.07 748.048
car -1 -1 0.00 0.00 0.00 100.00 100.00 -1000 1.87 5.05 10.24 -1000 43.17 1.64 744.229
car -1 -1 0.00 0.00 0.00 100.00 100.00 -1000 1.50 3.26 5.75 -1000 35.69 0.04 741.213
car -1 -1 0.00 0.00 0.00 100.00 100.00 -1000 2.04 6.22 -2.79 -1000 25.07 1.69 739.840
car -1 -1 0.00 0.00 0.00 100.00 100.00 -1000 1.67 3.93 9.79 -1000 44.12 1.68 738.309
car -1 -1 0.00 0.00 0.00 100.00 100.00 -1000 1.51 3.55 4.24 -1000 36.96 1.66 735.843
car -1 -1 0.00 0.00 0.00 100.00 100.00 -1000 1.83 4.12 6.41 -1000 41.86 1.69 734.470
car -1 -1 0.00 0.00 0.00 100.00 100.00 -1000 1.49 3.04 -5.14 -1000 42.90 1.61 730.032
car -1 -1 0.00 0.00 0.00 100.00 100.00 -1000 1.48 3.40 1.18 -1000 36.59 0.03 726.474
car -1 -1 0.00 0.00 0.00 100.00 100.00 -1000 1.76 4.54 -3.29 -1000 27.93 1.69 724.659
car -1 -1 0.00 0.00 0.00 100.00 100.00 -1000 1.74 4.17 6.89 -1000 44.35 1.65 723.233
car -1 -1 0.00 0.00 0.00 100.00 100.00 -1000 1.82 4.66 -4.46 -1000 25.90 1.58 722.563
car -1 -1 0.00 0.00 0.00 100.00 100.00 -1000 1.60 3.88 -5.03 -1000 35.49 1.62 707.678
car -1 -1 0.00 0.00 0.00 100.00 100.00 -1000 1.46 3.51 5.80 -1000 44.93 -0.01 707.111
car -1 -1 0.00 0.00 0.00 100.00 100.00 -1000 1.52 3.57 6.23 -1000 45.72 1.71 706.900
car -1 -1 0.00 0.00 0.00 100.00 100.00 -1000 1.52 3.40 8.86 -1000 45.54 1.63 706.552
car -1 -1 0.00 0.00 0.00 100.00 100.00 -1000 1.54 3.82 11.55 -1000 37.54 -0.12 704.631
car -1 -1 0.00 0.00 0.00 100.00 100.00 -1000 2.26 6.40 0.27 -1000 47.26 1.70 703.195
car -1 -1 0.00 0.00 0.00 100.00 100.00 -1000 1.54 3.54 -1.38 -1000 38.58 1.68 701.633
car -1 -1 0.00 0.00 0.00 100.00 100.00 -1000 1.50 3.43 -2.87 -1000 37.26 -0.23 697.829
car -1 -1 0.00 0.00 0.00 100.00 100.00 -1000 1.76 4.50 -0.61 -1000 41.67 1.59 696.926
car -1 -1 0.00 0.00 0.00 100.00 100.00 -1000 1.65 4.31 9.15 -1000 41.28 1.63 692.904
car -1 -1 0.00 0.00 0.00 100.00 100.00 -1000 1.72 4.21 0.15 -1000 44.91 1.57 689.663
car -1 -1 0.00 0.00 0.00 100.00 100.00 -1000 1.87 5.00 13.03 -1000 38.38 1.73 688.755
car -1 -1 0.00 0.00 0.00 100.00 100.00 -1000 1.58 4.09 -4.65 -1000 38.60 1.53 687.901
car -1 -1 0.00 0.00 0.00 100.00 100.00 -1000 1.73 4.59 -3.11 -1000 28.90 1.71 682.875
car -1 -1 0.00 0.00 0.00 100.00 100.00 -1000 1.70 4.11 6.99 -1000 38.88 1.58 682.106
car -1 -1 0.00 0.00 0.00 100.00 100.00 -1000 1.67 4.01 -9.75 -1000 30.63 1.73 674.944
car -1 -1 0.00 0.00 0.00 100.00 100.00 -1000 1.87 4.06 -5.47 -1000 34.49 -0.22 674.560
car -1 -1 0.00 0.00 0.00 100.00 100.00 -1000 1.96 4.89 17.22 -1000 43.51 1.70 669.372
car -1 -1 0.00 0.00 0.00 100.00 100.00 -1000 1.98 4.74 10.45 -1000 41.93 1.68 668.819
car -1 -1 0.00 0.00 0.00 100.00 100.00 -1000 1.70 4.21 -9.93 -1000 32.53 1.68 668.643
car -1 -1 0.00 0.00 0.00 100.00 100.00 -1000 1.92 4.99 11.40 -1000 43.94 1.66 665.785
car -1 -1 0.00 0.00 0.00 100.00 100.00 -1000 1.65 4.17 14.74 -1000 38.24 1.65 662.461
car -1 -1 0.00 0.00 0.00 100.00 100.00 -1000 1.57 4.00 -1.12 -1000 37.20 1.60 660.380
car -1 -1 0.00 0.00 0.00 100.00 100.00 -1000 1.34 3.69 -5.42 -1000 15.20 -0.24 655.668
car -1 -1 0.00 0.00 0.00 100.00 100.00 -1000 1.46 3.75 12.94 -1000 24.86 -0.06 652.395
car -1 -1 0.00 0.00 0.00 100.00 100.00 -1000 1.77 4.39 5.07 -1000 36.41 1.64 652.168
car -1 -1 0.00 0.00 0.00 100.00 100.00 -1000 1.87 4.72 9.33 -1000 47.16 1.69 650.817
car -1 -1 0.00 0.00 0.00 100.00 100.00 -1000 1.63 3.73 5.21 -1000 40.71 1.68 648.861
car -1 -1 0.00 0.00 0.00 100.00 100.00 -1000 1.76 4.62 9.05 -1000 46.30 1.74 645.020
car -1 -1 0.00 0.00 0.00 100.00 100.00 -1000 1.48 3.78 15.35 -1000 39.12 -0.15 637.562
car -1 -1 0.00 0.00 0.00 100.00 100.00 -1000 1.57 3.59 -2.14 -1000 39.33 1.65 633.964
car -1 -1 0.00 0.00 0.00 100.00 100.00 -1000 2.02 5.07 11.76 -1000 42.77 1.61 632.553
car -1 -1 0.00 0.00 0.00 100.00 100.00 -1000 1.60 4.31 -2.96 -1000 33.34 1.69 631.430
car -1 -1 0.00 0.00 0.00 100.00 100.00 -1000 1.80 4.37 10.28 -1000 45.88 1.68 628.321
car -1 -1 0.00 0.00 0.00 100.00 100.00 -1000 1.88 5.16 16.84 -1000 44.77 1.66 624.161
car -1 -1 0.00 0.00 0.00 100.00 100.00 -1000 2.07 5.78 14.18 -1000 42.31 1.60 622.905
car -1 -1 0.00 0.00 0.00 100.00 100.00 -1000 1.93 4.98 -12.70 -1000 17.77 1.73 607.043
car -1 -1 0.00 0.00 0.00 100.00 100.00 -1000 1.72 4.19 15.08 -1000 19.25 1.70 606.743
car -1 -1 0.00 0.00 0.00 100.00 100.00 -1000 1.78 4.21 14.59 -1000 37.14 1.68 600.366
car -1 -1 0.00 0.00 0.00 100.00 100.00 -1000 1.43 3.12 3.11 -1000 37.72 1.66 593.020
car -1 -1 0.00 0.00 0.00 100.00 100.00 -1000 1.49 3.36 -0.15 -1000 43.39 1.73 592.301
car -1 -1 0.00 0.00 0.00 100.00 100.00 -1000 1.65 3.71 2.36 -1000 44.49 1.61 586.770
car -1 -1 0.00 0.00 0.00 100.00 100.00 -1000 1.90 4.80 -4.04 -1000 21.98 1.72 583.878
car -1 -1 0.00 0.00 0.00 100.00 100.00 -1000 1.70 4.09 13.56 -1000 25.69 1.67 581.485
car -1 -1 0.00 0.00 0.00 100.00 100.00 -1000 2.10 6.23 -0.72 -1000 24.66 1.70 576.855
car -1 -1 0.00 0.00 0.00 100.00 100.00 -1000 1.62 3.75 15.28 -1000 40.05 1.70 576.767
car -1 -1 0.00 0.00 0.00 100.00 100.00 -1000 2.06 4.97 -5.00 -1000 18.25 1.71 573.685
car -1 -1 0.00 0.00 0.00 100.00 100.00 -1000 1.88 3.76 -5.50 -1000 8.57 1.66 568.369
car -1 -1 0.00 0.00 0.00 100.00 100.00 -1000 1.49 3.08 4.93 -1000 45.39 1.66 559.873
car -1 -1 0.00 0.00 0.00 100.00 100.00 -1000 1.83 4.47 -9.89 -1000 31.48 1.69 558.726
car -1 -1 0.00 0.00 0.00 100.00 100.00 -1000 2.02 4.91 -14.15 -1000 20.14 1.60 541.443
car -1 -1 0.00 0.00 0.00 100.00 100.00 -1000 1.57 3.92 -4.28 -1000 30.63 1.59 539.499
car -1 -1 0.00 0.00 0.00 100.00 100.00 -1000 1.70 3.92 2.82 -1000 43.58 1.61 537.391
car -1 -1 0.00 0.00 0.00 100.00 100.00 -1000 1.76 4.69 8.18 -1000 41.83 1.66 536.860
car -1 -1 0.00 0.00 0.00 100.00 100.00 -1000 1.25 3.94 9.21 -1000 37.94 0.10 533.242
car -1 -1 0.00 0.00 0.00 100.00 100.00 -1000 1.82 4.88 -11.78 -1000 16.72 1.82 532.025
car -1 -1 0.00 0.00 0.00 100.00 100.00 -1000 1.75 4.73 -1.79 -1000 28.21 1.76 531.115
car -1 -1 0.00 0.00 0.00 100.00 100.00 -1000 2.14 5.61 15.29 -1000 43.10 1.70 531.077
car -1 -1 0.00 0.00 0.00 100.00 100.00 -1000 2.15 5.90 11.54 -1000 46.98 1.67 524.536
car -1 -1 0.00 0.00 0.00 100.00 100.00 -1000 1.75 4.79 -2.35 -1000 32.40 1.71 521.738
car -1 -1 0.00 0.00 0.00 100.00 100.00 -1000 1.49 3.94 14.51 -1000 17.54 -0.06 521.407
car -1 -1 0.00 0.00 0.00 100.00 100.00 -1000 1.93 4.66 -14.04 -1000 18.51 1.56 518.669
car -1 -1 0.00 0.00 0.00 100.00 100.00 -1000 1.88 5.40 -1.67 -1000 23.88 1.79 517.829
car -1 -1 0.00 0.00 0.00 100.00 100.00 -1000 1.79 3.94 -4.67 -1000 16.60 1.73 509.450
car -1 -1 0.00 0.00 0.00 100.00 100.00 -1000 1.57 3.88 -3.94 -1000 39.25 1.60 506.945
car -1 -1 0.00 0.00 0.00 100.00 100.00 -1000 1.90 4.37 -3.58 -1000 21.12 1.74 493.048
car -1 -1 0.00 0.00 0.00 100.00 100.00 -1000 1.56 3.77 1.36 -1000 40.42 1.49 491.775
car -1 -1 0.00 0.00 0.00 100.00 100.00 -1000 1.89 4.64 -5.13 -1000 45.37 1.52 488.396
car -1 -1 0.00 0.00 0.00 100.00 100.00 -1000 1.93 5.65 -6.14 -1000 25.58 1.57 485.026
car -1 -1 0.00 0.00 0.00 100.00 100.00 -1000 1.74 4.92 -1.17 -1000 33.84 1.67 484.630
car -1 -1 0.00 0.00 0.00 100.00 100.00 -1000 2.21 6.67 -5.22 -1000 46.81 1.58 476.327
car -1 -1 0.00 0.00 0.00 100.00 100.00 -1000 1.49 3.46 -6.40 -1000 10.02 1.56 473.660
car -1 -1 0.00 0.00 0.00 100.00 100.00 -1000 1.83 4.88 -1.92 -1000 26.60 1.72 472.220
car -1 -1 0.00 0.00 0.00 100.00 100.00 -1000 1.69 4.42 4.57 -1000 39.60 1.57 469.728
car -1 -1 0.00 0.00 0.00 100.00 100.00 -1000 2.45 8.48 -1.10 -1000 25.60 1.77 469.178
car -1 -1 0.00 0.00 0.00 100.00 100.00 -1000 2.01 5.48 -7.82 -1000 17.41 1.63 464.464
car -1 -1 0.00 0.00 0.00 100.00 100.00 -1000 2.34 7.29 -9.62 -1000 18.32 1.69 460.959
car -1 -1 0.00 0.00 0.00 100.00 100.00 -1000 2.03 5.43 11.80 -1000 45.49 1.58 458.746
car -1 -1 0.00 0.00 0.00 100.00 100.00 -1000 1.91 4.89 -12.60 -1000 15.48 1.69 458.740
car -1 -1 0.00 0.00 0.00 100.00 100.00 -1000 1.49 4.22 12.66 -1000 29.26 -0.15 457.909
car -1 -1 0.00 0.00 0.00 100.00 100.00 -1000 1.68 3.62 -6.00 -1000 6.53 1.56 455.906
car -1 -1 0.00 0.00 0.00 100.00 100.00 -1000 1.83 4.17 5.97 -1000 43.63 1.62 454.723
car -1 -1 0.00 0.00 0.00 100.00 100.00 -1000 1.75 4.17 -6.36 -1000 23.50 1.71 454.624
car -1 -1 0.00 0.00 0.00 100.00 100.00 -1000 2.03 6.18 -2.74 -1000 30.33 1.68 454.076
car -1 -1 0.00 0.00 0.00 100.00 100.00 -1000 1.76 4.10 -7.99 -1000 22.23 1.62 452.865
car -1 -1 0.00 0.00 0.00 100.00 100.00 -1000 1.89 4.47 -15.00 -1000 43.08 1.62 444.112
car -1 -1 0.00 0.00 0.00 100.00 100.00 -1000 1.94 4.95 -3.14 -1000 35.53 1.63 437.804
car -1 -1 0.00 0.00 0.00 100.00 100.00 -1000 1.82 5.02 -4.05 -1000 19.17 1.77 435.608
car -1 -1 0.00 0.00 0.00 100.00 100.00 -1000 1.67 4.51 -5.67 -1000 43.94 1.62 424.185
car -1 -1 0.00 0.00 0.00 100.00 100.00 -1000 1.55 3.75 -3.26 -1000 36.21 1.62 422.274
car -1 -1 0.00 0.00 0.00 100.00 100.00 -1000 1.76 4.05 -14.96 -1000 41.92 1.66 419.741
car -1 -1 0.00 0.00 0.00 100.00 100.00 -1000 1.60 4.07 -11.83 -1000 14.49 1.64 415.696
car -1 -1 0.00 0.00 0.00 100.00 100.00 -1000 1.52 3.81 0.73 -1000 43.88 1.58 412.553
car -1 -1 0.00 0.00 0.00 100.00 100.00 -1000 1.63 4.00 -8.64 -1000 14.71 1.67 410.447
car -1 -1 0.00 0.00 0.00 100.00 100.00 -1000 2.04 7.12 8.12 -1000 24.57 -0.11 409.548
car -1 -1 0.00 0.00 0.00 100.00 100.00 -1000 1.66 4.19 0.14 -1000 40.86 1.56 406.286
car -1 -1 0.00 0.00 0.00 100.00 100.00 -1000 1.96 4.75 15.19 -1000 20.09 1.67 392.714
car -1 -1 0.00 0.00 0.00 100.00 100.00 -1000 2.05 5.49 -12.49 -1000 19.43 1.73 390.153
car -1 -1 0.00 0.00 0.00 100.00 100.00 -1000 1.77 3.96 12.36 -1000 24.13 1.70 377.366
car -1 -1 0.00 0.00 0.00 100.00 100.00 -1000 1.75 4.75 -0.85 -1000 22.75 1.86 376.828
car -1 -1 0.00 0.00 0.00 100.00 100.00 -1000 1.32 3.61 3.83 -1000 7.37 -0.29 376.197
car -1 -1 0.00 0.00 0.00 100.00 100.00 -1000 1.61 3.80 6.03 -1000 37.05 1.59 364.105
car -1 -1 0.00 0.00 0.00 100.00 100.00 -1000 1.92 4.50 -13.94 -1000 21.78 1.64 362.375
car -1 -1 0.00 0.00 0.00 100.00 100.00 -1000 1.86 4.40 7.05 -1000 35.18 1.58 354.389
car -1 -1 0.00 0.00 0.00 100.00 100.00 -1000 1.72 3.92 -0.38 -1000 35.45 1.60 353.556
car -1 -1 0.00 0.00 0.00 100.00 100.00 -1000 1.52 3.53 2.84 -1000 35.58 1.52 349.557
car -1 -1 0.00 0.00 0.00 100.00 100.00 -1000 1.71 4.66 5.21 -1000 38.83 1.56 349.463
car -1 -1 0.00 0.00 0.00 100.00 100.00 -1000 1.66 4.61 -5.40 -1000 24.70 1.62 343.322
car -1 -1 0.00 0.00 0.00 100.00 100.00 -1000 2.30 7.25 4.29 -1000 47.17 1.67 340.527
car -1 -1 0.00 0.00 0.00 100.00 100.00 -1000 1.96 5.05 14.74 -1000 26.50 1.66 337.743
car -1 -1 0.00 0.00 0.00 100.00 100.00 -1000 2.30 6.98 -7.23 -1000 46.34 1.65 333.123
car -1 -1 0.00 0.00 0.00 100.00 100.00 -1000 1.91 5.50 -14.77 -1000 41.21 1.71 326.000
car -1 -1 0.00 0.00 0.00 100.00 100.00 -1000 1.46 3.39 9.21 -1000 34.31 0.12 318.867
car -1 -1 0.00 0.00 0.00 100.00 100.00 -1000 1.75 4.48 -3.59 -1000 31.78 -0.06 317.687
car -1 -1 0.00 0.00 0.00 100.00 100.00 -1000 1.54 3.93 4.62 -1000 37.87 1.64 317.019
car -1 -1 0.00 0.00 0.00 100.00 100.00 -1000 1.91 4.80 -12.40 -1000 20.99 1.70 313.841
car -1 -1 0.00 0.00 0.00 100.00 100.00 -1000 1.81 3.83 -10.83 -1000 46.73 1.64 313.189
car -1 -1 0.00 0.00 0.00 100.00 100.00 -1000 1.93 5.44 -0.09 -1000 23.49 1.77 311.693
car -1 -1 0.00 0.00 0.00 100.00 100.00 -1000 1.93 5.78 -0.81 -1000 29.05 1.74 302.911
car -1 -1 0.00 0.00 0.00 100.00 100.00 -1000 1.77 4.36 -9.76 -1000 33.47 1.64 302.660
car -1 -1 0.00 0.00 0.00 100.00 100.00 -1000 2.21 6.26 15.29 -1000 21.12 1.66 302.321
car -1 -1 0.00 0.00 0.00 100.00 100.00 -1000 1.65 3.95 10.29 -1000 37.25 1.53 298.240
car -1 -1 0.00 0.00 0.00 100.00 100.00 -1000 1.45 3.52 -5.88 -1000 31.90 -0.11 295.286
car -1 -1 0.00 0.00 0.00 100.00 100.00 -1000 1.52 3.93 18.23 -1000 44.08 -0.04 292.198
car -1 -1 0.00 0.00 0.00 100.00 100.00 -1000 1.76 4.35 13.20 -1000 37.43 0.12 291.947
car -1 -1 0.00 0.00 0.00 100.00 100.00 -1000 1.91 5.43 -10.04 -1000 17.08 1.83 291.155
car -1 -1 0.00 0.00 0.00 100.00 100.00 -1000 1.63 4.06 -8.37 -1000 31.98 1.73 288.493
