car -1 -1 0.00 0.00 0.00 100.00 100.00 -1000 1.71 4.43 2.94 -1000 6.49 -0.23 996.032
car -1 -1 0.00 0.00 0.00 100.00 100.00 -1000 1.67 3.72 -0.06 -1000 22.69 1.66 995.607
car -1 -1 0.00 0.00 0.00 100.00 100.00 -1000 1.57 3.47 3.16 -1000 23.89 1.62 994.416
car -1 -1 0.00 0.00 0.00 100.00 100.00 -1000 1.61 4.03 3.33 -1000 23.04 -0.25 992.264
car -1 -1 0.00 0.00 0.00 100.00 100.00 -1000 1.63 3.52 3.54 -1000 7.19 1.68 992.109
car -1 -1 0.00 0.00 0.00 100.00 100.00 -1000 1.61 4.22 -0.23 -1000 21.85 -0.22 980.907
car -1 -1 0.00 0.00 0.00 100.00 100.00 -1000 1.66 3.98 -12.50 -1000 17.66 1.62 979.286
car -1 -1 0.00 0.00 0.00 100.00 100.00 -1000 1.88 4.99 5.79 -1000 10.82 1.57 974.001
car -1 -1 0.00 0.00 0.00 100.00 100.00 -1000 1.70 4.16 1.35 -1000 28.84 -0.15 973.152
car -1 -1 0.00 0.00 0.00 100.00 100.00 -1000 1.74 4.33 2.65 -1000 24.67 1.62 972.364
car -1 -1 0.00 0.00 0.00 100.00 100.00 -1000 1.58 3.80 0.71 -1000 23.24 1.75 969.699
car -1 -1 0.00 0.00 0.00 100.00 100.00 -1000 1.55 3.56 -8.27 -1000 18.05 1.64 968.174
car -1 -1 0.00 0.00 0.00 100.00 100.00 -1000 1.76 4.07 -8.75 -1000 17.25 -0.32 962.145
car -1 -1 0.00 0.00 0.00 100.00 100.00 -1000 1.68 4.14 -10.22 -1000 47.75 1.52 953.619
car -1 -1 0.00 0.00 0.00 100.00 100.00 -1000 1.55 3.53 -10.17 -1000 46.45 1.66 950.456
car -1 -1 0.00 0.00 0.00 100.00 100.00 -1000 1.62 3.83 2.12 -1000 29.77 1.63 950.071
car -1 -1 0.00 0.00 0.00 100.00 100.00 -1000 1.63 4.05 -12.34 -1000 18.55 1.62 942.663
car -1 -1 0.00 0.00 0.00 100.00 100.00 -1000 1.67 3.80 2.15 -1000 22.70 -0.25 940.940
car -1 -1 0.00 0.00 0.00 100.00 100.00 -1000 1.62 3.85 2.25 -1000 35.07 1.66 939.266
car -1 -1 0.00 0.00 0.00 100.00 100.00 -1000 1.55 3.52 1.66 -1000 23.79 1.68 935.110
car -1 -1 0.00 0.00 0.00 100.00 100.00 -1000 1.89 4.97 -12.20 -1000 19.54 1.61 928.745
car -1 -1 0.00 0.00 0.00 100.00 100.00 -1000 1.60 3.74 3.54 -1000 8.21 1.71 927.893
car -1 -1 0.00 0.00 0.00 100.00 100.00 -1000 2.17 6.06 -12.07 -1000 21.31 1.61 926.324
car -1 -1 0.00 0.00 0.00 100.00 100.00 -1000 1.66 4.06 -12.30 -1000 28.94 1.63 922.414
car -1 -1 0.00 0.00 0.00 100.00 100.00 -1000 2.30 6.36 5.03 -1000 10.06 1.61 915.992
car -1 -1 0.00 0.00 0.00 100.00 100.00 -1000 1.61 3.89 2.02 -1000 43.63 1.65 910.301
car -1 -1 0.00 0.00 0.00 100.00 100.00 -1000 1.51 3.38 1.85 -1000 34.19 -0.24 908.153
car -1 -1 0.00 0.00 0.00 100.00 100.00 -1000 1.52 3.74 1.80 -1000 42.62 -0.24 907.840
car -1 -1 0.00 0.00 0.00 100.00 100.00 -1000 1.59 3.63 2.69 -1000 29.11 1.71 907.646
car -1 -1 0.00 0.00 0.00 100.00 100.00 -1000 1.79 4.43 -0.49 -1000 23.60 1.59 904.307
car -1 -1 0.00 0.00 0.00 100.00 100.00 -1000 2.34 6.99 4.72 -1000 27.07 1.64 901.844
car -1 -1 0.00 0.00 0.00 100.00 100.00 -1000 2.84 9.02 -0.36 -1000 27.08 1.61 898.732
car -1 -1 0.00 0.00 0.00 100.00 100.00 -1000 2.68 8.73 2.27 -1000 26.16 1.61 890.654
car -1 -1 0.00 0.00 0.00 100.00 100.00 -1000 2.63 7.86 -1.08 -1000 25.61 1.58 886.910
car -1 -1 0.00 0.00 0.00 100.00 100.00 -1000 1.57 4.02 1.01 -1000 22.23 -0.26 885.997
car -1 -1 0.00 0.00 0.00 100.00 100.00 -1000 1.59 3.86 4.52 -1000 24.44 1.66 881.889
car -1 -1 0.00 0.00 0.00 100.00 100.00 -1000 2.17 6.22 5.00 -1000 25.90 1.65 874.912
car -1 -1 0.00 0.00 0.00 100.00 100.00 -1000 1.65 3.65 -12.67 -1000 16.57 -0.15 869.055
car -1 -1 0.00 0.00 0.00 100.00 100.00 -1000 1.40 3.05 -19.05 -1000 34.01 -0.15 868.963
car -1 -1 0.00 0.00 0.00 100.00 100.00 -1000 1.68 4.30 -8.32 -1000 18.79 1.64 868.731
car -1 -1 0.00 0.00 0.00 100.00 100.00 -1000 1.58 3.53 4.37 -1000 23.53 1.72 860.137
car -1 -1 0.00 0.00 0.00 100.00 100.00 -1000 1.99 5.30 4.71 -1000 8.83 1.65 857.964
car -1 -1 0.00 0.00 0.00 100.00 100.00 -1000 1.65 3.79 -11.97 -1000 29.82 1.61 852.981
car -1 -1 0.00 0.00 0.00 100.00 100.00 -1000 1.96 4.92 -11.85 -1000 22.18 1.75 836.747
car -1 -1 0.00 0.00 0.00 100.00 100.00 -1000 1.64 3.86 -19.05 -1000 34.78 1.69 836.306
car -1 -1 0.00 0.00 0.00 100.00 100.00 -1000 1.68 3.96 2.57 -1000 30.48 1.60 834.679
car -1 -1 0.00 0.00 0.00 100.00 100.00 -1000 1.55 4.49 2.64 -1000 28.14 -0.26 816.016
car -1 -1 0.00 0.00 0.00 100.00 100.00 -1000 1.67 4.01 -10.46 -1000 18.52 1.67 814.224
car -1 -1 0.00 0.00 0.00 100.00 100.00 -1000 1.69 3.95 6.21 -1000 20.82 1.63 803.700
car -1 -1 0.00 0.00 0.00 100.00 100.00 -1000 1.68 3.90 6.10 -1000 11.60 1.69 793.068
car -1 -1 0.00 0.00 0.00 100.00 100.00 -1000 1.62 3.89 2.81 -1000 35.79 1.72 790.599
car -1 -1 0.00 0.00 0.00 100.00 100.00 -1000 1.71 4.21 6.32 -1000 12.48 1.69 785.590
car -1 -1 0.00 0.00 0.00 100.00 100.00 -1000 1.81 4.51 5.59 -1000 22.97 1.65 774.608
car -1 -1 0.00 0.00 0.00 100.00 100.00 -1000 1.65 3.69 2.44 -1000 44.44 1.65 772.959
car -1 -1 0.00 0.00 0.00 100.00 100.00 -1000 2.26 6.27 -10.96 -1000 20.14 1.70 771.694
car -1 -1 0.00 0.00 0.00 100.00 100.00 -1000 2.05 5.33 5.35 -1000 27.85 1.63 769.203
car -1 -1 0.00 0.00 0.00 100.00 100.00 -1000 1.59 3.76 7.80 -1000 20.72 1.65 764.548
car -1 -1 0.00 0.00 0.00 100.00 100.00 -1000 1.37 3.66 4.51 -1000 22.53 0.05 759.992
car -1 -1 0.00 0.00 0.00 100.00 100.00 -1000 1.58 3.70 -12.36 -1000 27.82 1.63 758.576
car -1 -1 0.00 0.00 0.00 100.00 100.00 -1000 1.86 4.92 3.98 -1000 25.27 1.69 756.766
car -1 -1 0.00 0.00 0.00 100.00 100.00 -1000 1.76 4.36 -10.15 -1000 17.50 1.66 741.199
car -1 -1 0.00 0.00 0.00 100.00 100.00 -1000 2.16 5.98 0.75 -1000 24.92 1.66 734.671
car -1 -1 0.00 0.00 0.00 100.00 100.00 -1000 2.04 5.90 -8.73 -1000 20.16 1.64 728.906
car -1 -1 0.00 0.00 0.00 100.00 100.00 -1000 1.92 5.03 6.33 -1000 9.24 1.70 718.741
car -1 -1 0.00 0.00 0.00 100.00 100.00 -1000 1.49 3.52 -7.87 -1000 24.29 1.59 717.926
car -1 -1 0.00 0.00 0.00 100.00 100.00 -1000 1.89 5.10 2.79 -1000 36.52 1.65 713.731
car -1 -1 0.00 0.00 0.00 100.00 100.00 -1000 1.68 4.16 -10.80 -1000 29.44 1.68 704.744
car -1 -1 0.00 0.00 0.00 100.00 100.00 -1000 2.02 5.63 0.88 -1000 27.91 1.53 683.589
car -1 -1 0.00 0.00 0.00 100.00 100.00 -1000 1.72 3.84 -8.37 -1000 16.32 1.51 679.600
car -1 -1 0.00 0.00 0.00 100.00 100.00 -1000 1.61 3.78 -9.16 -1000 29.07 1.60 674.988
car -1 -1 0.00 0.00 0.00 100.00 100.00 -1000 1.95 5.17 2.22 -1000 47.60 1.69 674.616
car -1 -1 0.00 0.00 0.00 100.00 100.00 -1000 1.82 4.59 2.57 -1000 31.29 1.62 672.175
car -1 -1 0.00 0.00 0.00 100.00 100.00 -1000 1.47 3.73 -12.49 -1000 45.05 1.58 671.349
car -1 -1 0.00 0.00 0.00 100.00 100.00 -1000 1.55 3.81 0.51 -1000 21.18 -0.12 668.556
car -1 -1 0.00 0.00 0.00 100.00 100.00 -1000 1.75 4.26 5.00 -1000 28.70 1.64 668.308
car -1 -1 0.00 0.00 0.00 100.00 100.00 -1000 1.62 3.86 3.92 -1000 35.15 1.69 666.814
car -1 -1 0.00 0.00 0.00 100.00 100.00 -1000 1.74 3.91 -1.43 -1000 23.04 1.58 660.395
car -1 -1 0.00 0.00 0.00 100.00 100.00 -1000 1.90 4.82 5.57 -1000 24.97 1.67 660.307
car -1 -1 0.00 0.00 0.00 100.00 100.00 -1000 1.84 4.23 5.64 -1000 21.83 1.69 657.900
car -1 -1 0.00 0.00 0.00 100.00 100.00 -1000 1.82 4.33 5.64 -1000 36.66 1.59 656.435
car -1 -1 0.00 0.00 0.00 100.00 100.00 -1000 1.56 3.54 5.28 -1000 35.49 1.62 654.175
car -1 -1 0.00 0.00 0.00 100.00 100.00 -1000 1.44 3.75 0.09 -1000 29.16 -0.01 650.194
car -1 -1 0.00 0.00 0.00 100.00 100.00 -1000 1.73 4.17 -8.95 -1000 47.30 1.64 649.274
car -1 -1 0.00 0.00 0.00 100.00 100.00 -1000 1.63 4.34 6.79 -1000 15.60 -0.26 636.307
car -1 -1 0.00 0.00 0.00 100.00 100.00 -1000 1.54 3.92 3.03 -1000 42.94 -0.02 632.901
car -1 -1 0.00 0.00 0.00 100.00 100.00 -1000 1.83 4.54 -12.63 -1000 20.45 1.66 631.025
car -1 -1 0.00 0.00 0.00 100.00 100.00 -1000 1.70 3.85 -3.03 -1000 44.21 1.65 629.363
car -1 -1 0.00 0.00 0.00 100.00 100.00 -1000 1.67 3.78 5.52 -1000 30.28 1.63 624.814
car -1 -1 0.00 0.00 0.00 100.00 100.00 -1000 1.61 3.71 9.18 -1000 20.45 1.72 622.065
car -1 -1 0.00 0.00 0.00 100.00 100.00 -1000 1.96 5.12 -2.23 -1000 23.74 1.60 622.025
car -1 -1 0.00 0.00 0.00 100.00 100.00 -1000 1.43 4.06 2.27 -1000 46.77 -0.16 619.319
car -1 -1 0.00 0.00 0.00 100.00 100.00 -1000 1.91 4.75 -1.94 -1000 32.12 1.66 618.759
car -1 -1 0.00 0.00 0.00 100.00 100.00 -1000 2.05 5.26 5.44 -1000 37.54 1.56 617.164
car -1 -1 0.00 0.00 0.00 100.00 100.00 -1000 1.59 3.48 -6.86 -1000 18.61 1.73 605.831
car -1 -1 0.00 0.00 0.00 100.00 100.00 -1000 2.54 8.97 -9.09 -1000 21.00 1.67 602.117
car -1 -1 0.00 0.00 0.00 100.00 100.00 -1000 1.50 3.55 -11.88 -1000 46.58 1.70 598.012
car -1 -1 0.00 0.00 0.00 100.00 100.00 -1000 1.68 4.06 4.30 -1000 43.90 1.63 597.621
car -1 -1 0.00 0.00 0.00 100.00 100.00 -1000 1.40 4.54 4.10 -1000 5.67 -0.16 597.366
car -1 -1 0.00 0.00 0.00 100.00 100.00 -1000 1.86 4.70 6.46 -1000 8.09 1.70 591.828
car -1 -1 0.00 0.00 0.00 100.00 100.00 -1000 1.86 4.38 -7.90 -1000 23.21 1.60 590.340
car -1 -1 0.00 0.00 0.00 100.00 100.00 -1000 1.86 4.59 -13.78 -1000 19.00 1.59 588.273
car -1 -1 0.00 0.00 0.00 100.00 100.00 -1000 1.69 4.05 -7.19 -1000 17.55 1.65 587.202
car -1 -1 0.00 0.00 0.00 100.00 100.00 -1000 2.17 5.99 -1.18 -1000 24.55 1.59 584.027
car -1 -1 0.00 0.00 0.00 100.00 100.00 -1000 1.79 4.25 5.45 -1000 45.57 1.65 581.701
car -1 -1 0.00 0.00 0.00 100.00 100.00 -1000 1.48 3.33 6.77 -1000 16.25 1.63 580.593
car -1 -1 0.00 0.00 0.00 100.00 100.00 -1000 1.86 5.44 -1.08 -1000 27.34 1.68 579.912
car -1 -1 0.00 0.00 0.00 100.00 100.00 -1000 1.70 4.58 -11.63 -1000 17.10 -0.29 578.079
car -1 -1 0.00 0.00 0.00 100.00 100.00 -1000 1.62 3.72 -13.64 -1000 17.09 1.60 576.925
car -1 -1 0.00 0.00 0.00 100.00 100.00 -1000 1.65 3.66 6.64 -1000 17.14 1.55 576.554
car -1 -1 0.00 0.00 0.00 100.00 100.00 -1000 1.70 3.98 -2.18 -1000 43.54 1.69 574.643
car -1 -1 0.00 0.00 0.00 100.00 100.00 -1000 1.68 3.70 -12.41 -1000 30.54 1.62 573.740
car -1 -1 0.00 0.00 0.00 100.00 100.00 -1000 1.73 4.11 1.00 -1000 35.39 1.59 573.445
car -1 -1 0.00 0.00 0.00 100.00 100.00 -1000 1.62 4.10 3.76 -1000 29.91 -0.41 572.774
car -1 -1 0.00 0.00 0.00 100.00 100.00 -1000 1.88 5.05 -10.11 -1000 30.19 1.69 560.041
car -1 -1 0.00 0.00 0.00 100.00 100.00 -1000 1.61 3.25 -11.06 -1000 47.20 -0.11 558.228
car -1 -1 0.00 0.00 0.00 100.00 100.00 -1000 1.66 4.03 0.88 -1000 30.10 1.61 555.972
car -1 -1 0.00 0.00 0.00 100.00 100.00 -1000 1.71 4.06 -7.51 -1000 25.12 1.57 550.833
car -1 -1 0.00 0.00 0.00 100.00 100.00 -1000 1.66 3.88 4.41 -1000 36.21 1.61 546.813
car -1 -1 0.00 0.00 0.00 100.00 100.00 -1000 1.63 3.48 5.60 -1000 34.75 1.62 538.411
car -1 -1 0.00 0.00 0.00 100.00 100.00 -1000 1.77 4.40 -8.55 -1000 46.10 1.63 536.993
car -1 -1 0.00 0.00 0.00 100.00 100.00 -1000 1.76 4.40 -7.70 -1000 46.77 1.64 532.416
car -1 -1 0.00 0.00 0.00 100.00 100.00 -1000 2.06 5.43 6.60 -1000 23.68 1.68 528.047
car -1 -1 0.00 0.00 0.00 100.00 100.00 -1000 1.67 4.31 3.76 -1000 30.88 1.71 524.753
car -1 -1 0.00 0.00 0.00 100.00 100.00 -1000 1.94 4.55 5.29 -1000 31.91 1.55 522.891
car -1 -1 0.00 0.00 0.00 100.00 100.00 -1000 1.59 3.82 5.43 -1000 33.91 1.59 521.187
car -1 -1 0.00 0.00 0.00 100.00 100.00 -1000 2.53 8.00 3.79 -1000 10.85 1.77 516.083
car -1 -1 0.00 0.00 0.00 100.00 100.00 -1000 1.85 4.45 7.42 -1000 11.19 1.67 515.208
car -1 -1 0.00 0.00 0.00 100.00 100.00 -1000 1.67 3.69 -11.68 -1000 45.59 1.59 499.514
car -1 -1 0.00 0.00 0.00 100.00 100.00 -1000 1.72 4.51 -11.22 -1000 44.43 1.56 495.097
car -1 -1 0.00 0.00 0.00 100.00 100.00 -1000 1.73 3.83 2.49 -1000 41.93 1.59 490.692
car -1 -1 0.00 0.00 0.00 100.00 100.00 -1000 1.72 4.15 -5.60 -1000 18.31 1.78 485.361
car -1 -1 0.00 0.00 0.00 100.00 100.00 -1000 1.92 5.53 2.86 -1000 27.39 1.46 484.493
car -1 -1 0.00 0.00 0.00 100.00 100.00 -1000 2.07 6.01 -8.13 -1000 22.32 1.70 484.302
car -1 -1 0.00 0.00 0.00 100.00 100.00 -1000 1.65 4.53 -1.95 -1000 22.32 0.08 482.294
car -1 -1 0.00 0.00 0.00 100.00 100.00 -1000 1.39 3.75 7.38 -1000 19.40 -0.12 477.174
car -1 -1 0.00 0.00 0.00 100.00 100.00 -1000 1.64 3.99 -17.70 -1000 35.13 1.69 470.267
car -1 -1 0.00 0.00 0.00 100.00 100.00 -1000 2.12 6.62 -4.93 -1000 20.74 1.75 463.815
car -1 -1 0.00 0.00 0.00 100.00 100.00 -1000 1.57 3.88 -10.12 -1000 45.37 -0.32 463.484
car -1 -1 0.00 0.00 0.00 100.00 100.00 -1000 1.78 4.80 -4.95 -1000 19.09 1.83 452.296
car -1 -1 0.00 0.00 0.00 100.00 100.00 -1000 1.89 4.45 -2.09 -1000 38.70 1.62 452.145
car -1 -1 0.00 0.00 0.00 100.00 100.00 -1000 2.10 5.67 6.56 -1000 26.48 1.68 449.542
car -1 -1 0.00 0.00 0.00 100.00 100.00 -1000 1.61 3.46 8.12 -1000 19.95 1.63 447.074
car -1 -1 0.00 0.00 0.00 100.00 100.00 -1000 1.45 3.54 0.65 -1000 34.47 -0.06 444.381
car -1 -1 0.00 0.00 0.00 100.00 100.00 -1000 1.80 5.22 6.87 -1000 6.54 1.76 440.058
car -1 -1 0.00 0.00 0.00 100.00 100.00 -1000 1.96 5.33 -3.29 -1000 25.70 1.59 438.078
car -1 -1 0.00 0.00 0.00 100.00 100.00 -1000 1.73 4.12 5.63 -1000 43.54 1.67 433.723
car -1 -1 0.00 0.00 0.00 100.00 100.00 -1000 1.72 3.97 4.37 -1000 34.40 1.61 427.069
car -1 -1 0.00 0.00 0.00 100.00 100.00 -1000 1.89 4.78 -14.09 -1000 20.09 1.63 426.121
car -1 -1 0.00 0.00 0.00 100.00 100.00 -1000 1.75 3.92 5.42 -1000 44.44 1.64 426.027
car -1 -1 0.00 0.00 0.00 100.00 100.00 -1000 1.85 4.45 -11.25 -1000 23.05 1.68 422.375
car -1 -1 0.00 0.00 0.00 100.00 100.00 -1000 1.67 3.95 -4.40 -1000 44.67 1.60 409.509
car -1 -1 0.00 0.00 0.00 100.00 100.00 -1000 1.74 4.10 -12.74 -1000 35.09 1.59 408.802
car -1 -1 0.00 0.00 0.00 100.00 100.00 -1000 1.98 5.77 -3.97 -1000 19.82 1.74 408.199
car -1 -1 0.00 0.00 0.00 100.00 100.00 -1000 1.72 4.25 -7.18 -1000 19.49 1.70 404.962
car -1 -1 0.00 0.00 0.00 100.00 100.00 -1000 2.15 5.87 -2.57 -1000 26.65 1.53 402.253
car -1 -1 0.00 0.00 0.00 100.00 100.00 -1000 1.64 3.47 9.11 -1000 19.50 1.66 391.198
car -1 -1 0.00 0.00 0.00 100.00 100.00 -1000 1.80 4.15 3.26 -1000 33.95 1.63 391.099
car -1 -1 0.00 0.00 0.00 100.00 100.00 -1000 2.12 5.72 -2.59 -1000 27.77 1.61 390.307
car -1 -1 0.00 0.00 0.00 100.00 100.00 -1000 1.76 4.49 -10.90 -1000 28.33 1.73 390.167
car -1 -1 0.00 0.00 0.00 100.00 100.00 -1000 1.38 4.18 -18.75 -1000 33.26 -0.17 388.107
car -1 -1 0.00 0.00 0.00 100.00 100.00 -1000 1.79 4.33 -12.35 -1000 15.47 1.61 386.400
car -1 -1 0.00 0.00 0.00 100.00 100.00 -1000 1.77 4.59 3.22 -1000 45.37 1.61 384.635
car -1 -1 0.00 0.00 0.00 100.00 100.00 -1000 1.81 4.75 7.86 -1000 12.28 1.68 380.764
car -1 -1 0.00 0.00 0.00 100.00 100.00 -1000 2.13 6.37 9.11 -1000 22.69 1.64 379.123
car -1 -1 0.00 0.00 0.00 100.00 100.00 -1000 1.80 4.18 5.24 -1000 46.49 1.60 375.995
car -1 -1 0.00 0.00 0.00 100.00 100.00 -1000 2.24 5.25 -17.86 -1000 32.42 1.64 375.693
car -1 -1 0.00 0.00 0.00 100.00 100.00 -1000 2.11 5.81 3.12 -1000 37.85 1.62 370.673
car -1 -1 0.00 0.00 0.00 100.00 100.00 -1000 2.16 5.98 -14.79 -1000 20.88 1.66 366.186
car -1 -1 0.00 0.00 0.00 100.00 100.00 -1000 1.64 4.32 6.62 -1000 10.19 -0.30 357.288
car -1 -1 0.00 0.00 0.00 100.00 100.00 -1000 1.96 4.74 -13.90 -1000 32.15 1.65 350.984
car -1 -1 0.00 0.00 0.00 100.00 100.00 -1000 1.76 4.11 -11.57 -1000 31.38 1.61 349.634
car -1 -1 0.00 0.00 0.00 100.00 100.00 -1000 2.05 5.88 7.51 -1000 25.51 1.68 345.607
car -1 -1 0.00 0.00 0.00 100.00 100.00 -1000 1.92 4.64 -3.98 -1000 43.56 1.56 344.381
car -1 -1 0.00 0.00 0.00 100.00 100.00 -1000 1.72 4.69 -15.90 -1000 45.56 1.68 343.605
car -1 -1 0.00 0.00 0.00 100.00 100.00 -1000 2.42 6.74 -6.92 -1000 21.53 1.68 340.533
car -1 -1 0.00 0.00 0.00 100.00 100.00 -1000 1.64 4.55 -14.29 -1000 17.82 1.62 338.610
car -1 -1 0.00 0.00 0.00 100.00 100.00 -1000 1.65 4.63 -9.96 -1000 43.69 1.55 336.228
car -1 -1 0.00 0.00 0.00 100.00 100.00 -1000 1.75 3.86 10.20 -1000 19.97 1.71 334.480
car -1 -1 0.00 0.00 0.00 100.00 100.00 -1000 1.79 4.89 5.05 -1000 4.77 1.49 333.954
car -1 -1 0.00 0.00 0.00 100.00 100.00 -1000 2.09 5.61 2.02 -1000 21.14 1.70 325.888
car -1 -1 0.00 0.00 0.00 100.00 100.00 -1000 1.75 4.52 -13.46 -1000 45.66 1.62 325.818
car -1 -1 0.00 0.00 0.00 100.00 100.00 -1000 1.93 5.30 7.68 -1000 24.27 1.70 321.379
car -1 -1 0.00 0.00 0.00 100.00 100.00 -1000 2.06 6.41 9.94 -1000 21.85 1.65 315.063
car -1 -1 0.00 0.00 0.00 100.00 100.00 -1000 1.90 4.30 -1.02 -1000 21.14 1.49 313.566
car -1 -1 0.00 0.00 0.00 100.00 100.00 -1000 1.89 4.45 -12.24 -1000 33.86 1.56 305.010
car -1 -1 0.00 0.00 0.00 100.00 100.00 -1000 1.64 4.03 2.74 -1000 21.90 1.36 303.617
car -1 -1 0.00 0.00 0.00 100.00 100.00 -1000 1.89 4.83 -6.05 -1000 25.40 1.62 302.367
car -1 -1 0.00 0.00 0.00 100.00 100.00 -1000 2.00 5.19 3.54 -1000 32.15 1.67 296.732
car -1 -1 0.00 0.00 0.00 100.00 100.00 -1000 1.63 4.95 -6.32 -1000 24.04 0.06 291.949
car -1 -1 0.00 0.00 0.00 100.00 100.00 -1000 1.53 3.57 -16.64 -1000 25.86 1.61 290.001
car -1 -1 0.00 0.00 0.00 100.00 100.00 -1000 2.04 5.71 9.51 -1000 23.86 1.68 288.066
car -1 -1 0.00 0.00 0.00 100.00 100.00 -1000 1.60 3.42 6.46 -1000 20.01 1.64 288.008
car -1 -1 0.00 0.00 0.00 100.00 100.00 -1000 1.71 4.68 -15.31 -1000 19.31 1.62 287.971
car -1 -1 0.00 0.00 0.00 100.00 100.00 -1000 1.56 3.59 0.95 -1000 43.14 0.02 286.994
car -1 -1 0.00 0.00 0.00 100.00 100.00 -1000 1.69 4.07 -14.17 -1000 16.15 1.59 286.933
car -1 -1 0.00 0.00 0.00 100.00 100.00 -1000 1.90 4.39 3.62 -1000 47.20 1.64 285.296
car -1 -1 0.00 0.00 0.00 100.00 100.00 -1000 1.71 4.40 5.32 -1000 42.00 1.59 283.725
car -1 -1 0.00 0.00 0.00 100.00 100.00 -1000 1.82 4.37 -5.50 -1000 45.49 1.59 282.895
car -1 -1 0.00 0.00 0.00 100.00 100.00 -1000 1.85 4.84 -9.47 -1000 30.94 1.70 280.090
car -1 -1 0.00 0.00 0.00 100.00 100.00 -1000 1.85 4.51 -12.99 -1000 47.00 1.60 277.625
car -1 -1 0.00 0.00 0.00 100.00 100.00 -1000 1.96 5.06 -10.47 -1000 32.29 1.59 273.005
car -1 -1 0.00 0.00 0.00 100.00 100.00 -1000 1.93 4.67 -16.79 -1000 46.29 1.65 268.818
car -1 -1 0.00 0.00 0.00 100.00 100.00 -1000 1.93 4.30 -5.81 -1000 17.10 1.73 257.628
car -1 -1 0.00 0.00 0.00 100.00 100.00 -1000 1.98 4.63 -5.54 -1000 41.78 1.56 257.180
car -1 -1 0.00 0.00 0.00 100.00 100.00 -1000 1.88 5.57 -1.30 -1000 33.07 1.68 252.161
car -1 -1 0.00 0.00 0.00 100.00 100.00 -1000 1.86 4.47 5.74 -1000 13.23 1.57 249.807
car -1 -1 0.00 0.00 0.00 100.00 100.00 -1000 1.73 4.35 -0.54 -1000 43.26 1.70 249.779
car -1 -1 0.00 0.00 0.00 100.00 100.00 -1000 1.99 6.01 9.23 -1000 25.04 1.68 249.416
car -1 -1 0.00 0.00 0.00 100.00 100.00 -1000 2.40 8.78 3.21 -1000 5.57 0.13 248.664
car -1 -1 0.00 0.00 0.00 100.00 100.00 -1000 2.00 5.43 -15.29 -1000 41.53 1.63 247.250
car -1 -1 0.00 0.00 0.00 100.00 100.00 -1000 2.07 6.01 -4.98 -1000 27.47 1.61 246.937
car -1 -1 0.00 0.00 0.00 100.00 100.00 -1000 1.75 4.54 6.04 -1000 5.62 1.70 246.589
car -1 -1 0.00 0.00 0.00 100.00 100.00 -1000 1.68 4.66 1.39 -1000 31.99 1.63 241.788
car -1 -1 0.00 0.00 0.00 100.00 100.00 -1000 2.23 6.31 -0.67 -1000 28.35 1.65 240.755
car -1 -1 0.00 0.00 0.00 100.00 100.00 -1000 1.66 4.59 -11.70 -1000 26.97 -0.23 237.879
car -1 -1 0.00 0.00 0.00 100.00 100.00 -1000 1.72 4.83 1.87 -1000 45.99 1.55 236.881
car -1 -1 0.00 0.00 0.00 100.00 100.00 -1000 1.96 5.09 -13.64 -1000 33.41 1.57 236.739
car -1 -1 0.00 0.00 0.00 100.00 100.00 -1000 1.99 5.56 8.52 -1000 26.28 1.66 236.579
car -1 -1 0.00 0.00 0.00 100.00 100.00 -1000 1.91 5.63 0.35 -1000 33.44 1.62 234.671
car -1 -1 0.00 0.00 0.00 100.00 100.00 -1000 2.03 5.62 -8.79 -1000 32.66 1.69 234.210
car -1 -1 0.00 0.00 0.00 100.00 100.00 -1000 2.08 6.27 -1.07 -1000 46.01 1.64 230.144
car -1 -1 0.00 0.00 0.00 100.00 100.00 -1000 1.95 4.62 -8.18 -1000 29.73 1.56 228.532
car -1 -1 0.00 0.00 0.00 100.00 100.00 -1000 1.99 5.04 -0.84 -1000 30.57 1.64 226.114
car -1 -1 0.00 0.00 0.00 100.00 100.00 -1000 1.66 4.50 -4.11 -1000 17.90 1.83 223.184
car -1 -1 0.00 0.00 0.00 100.00 100.00 -1000 1.82 4.83 7.85 -1000 21.45 1.69 219.968
car -1 -1 0.00 0.00 0.00 100.00 100.00 -1000 1.96 5.61 9.32 -1000 27.12 1.68 217.593
car -1 -1 0.00 0.00 0.00 100.00 100.00 -1000 2.16 5.91 -12.07 -1000 23.79 1.58 215.588
car -1 -1 0.00 0.00 0.00 100.00 100.00 -1000 2.14 5.60 5.58 -1000 38.79 1.59 214.095
car -1 -1 0.00 0.00 0.00 100.00 100.00 -1000 2.00 5.09 -14.23 -1000 46.42 1.66 214.060
car -1 -1 0.00 0.00 0.00 100.00 100.00 -1000 1.69 4.08 -17.45 -1000 34.16 1.67 213.964
car -1 -1 0.00 0.00 0.00 100.00 100.00 -1000 1.79 4.92 -8.73 -1000 28.32 1.62 212.877
car -1 -1 0.00 0.00 0.00 100.00 100.00 -1000 2.14 6.58 -17.41 -1000 36.77 1.65 212.128
car -1 -1 0.00 0.00 0.00 100.00 100.00 -1000 1.93 5.66 9.21 -1000 32.30 1.68 211.612
car -1 -1 0.00 0.00 0.00 100.00 100.00 -1000 1.76 4.37 -16.21 -1000 25.11 1.62 211.562
car -1 -1 0.00 0.00 0.00 100.00 100.00 -1000 1.79 4.28 -6.17 -1000 46.53 1.72 211.242
car -1 -1 0.00 0.00 0.00 100.00 100.00 -1000 1.77 4.57 5.30 -1000 33.16 1.57 210.178
car -1 -1 0.00 0.00 0.00 100.00 100.00 -1000 2.77 6.42 2.86 -1000 9.44 1.67 208.986
car -1 -1 0.00 0.00 0.00 100.00 100.00 -1000 1.81 4.76 -9.42 -1000 19.32 0.04 207.423
car -1 -1 0.00 0.00 0.00 100.00 100.00 -1000 2.48 6.46 -6.20 -1000 22.64 1.60 205.870
car -1 -1 0.00 0.00 0.00 100.00 100.00 -1000 2.04 6.12 -0.16 -1000 45.17 1.65 205.585
car -1 -1 0.00 0.00 0.00 100.00 100.00 -1000 1.75 3.98 -13.47 -1000 34.36 1.56 204.176
car -1 -1 0.00 0.00 0.00 100.00 100.00 -1000 1.76 5.02 -14.44 -1000 40.42 1.69 201.398
car -1 -1 0.00 0.00 0.00 100.00 100.00 -1000 1.94 5.72 9.24 -1000 28.27 1.68 198.841
car -1 -1 0.00 0.00 0.00 100.00 100.00 -1000 2.08 6.45 -1.92 -1000 46.77 1.65 195.664
car -1 -1 0.00 0.00 0.00 100.00 100.00 -1000 1.95 4.67 -8.05 -1000 43.39 1.64 194.232
car -1 -1 0.00 0.00 0.00 100.00 100.00 -1000 1.93 5.30 10.55 -1000 21.00 1.69 193.305
car -1 -1 0.00 0.00 0.00 100.00 100.00 -1000 1.60 4.09 5.33 -1000 6.28 -0.07 192.152
