car -1 -1 0.00 0.00 0.00 100.00 100.00 -1000 1.90 4.49 -4.60 -1000 11.97 1.57 999.483
car -1 -1 0.00 0.00 0.00 100.00 100.00 -1000 1.61 4.07 -2.32 -1000 14.89 1.48 994.936
car -1 -1 0.00 0.00 0.00 100.00 100.00 -1000 1.78 4.46 -1.17 -1000 14.48 1.61 993.810
car -1 -1 0.00 0.00 0.00 100.00 100.00 -1000 1.74 4.11 -3.80 -1000 12.62 1.66 992.641
car -1 -1 0.00 0.00 0.00 100.00 100.00 -1000 1.85 4.84 -4.87 -1000 11.03 -0.30 991.513
car -1 -1 0.00 0.00 0.00 100.00 100.00 -1000 1.69 3.93 -0.90 -1000 16.39 1.57 986.701
car -1 -1 0.00 0.00 0.00 100.00 100.00 -1000 1.77 4.33 -6.68 -1000 15.31 1.57 985.119
car -1 -1 0.00 0.00 0.00 100.00 100.00 -1000 1.72 4.00 0.44 -1000 15.93 1.59 975.364
car -1 -1 0.00 0.00 0.00 100.00 100.00 -1000 1.66 3.83 -3.96 -1000 16.82 1.61 971.679
car -1 -1 0.00 0.00 0.00 100.00 100.00 -1000 1.62 3.60 -1.87 -1000 13.82 1.63 971.314
car -1 -1 0.00 0.00 0.00 100.00 100.00 -1000 1.80 4.33 -3.74 -1000 15.33 -0.42 969.166
car -1 -1 0.00 0.00 0.00 100.00 100.00 -1000 1.57 3.60 0.71 -1000 14.81 1.64 969.152
car -1 -1 0.00 0.00 0.00 100.00 100.00 -1000 1.70 3.89 -5.37 -1000 12.77 1.54 968.808
car -1 -1 0.00 0.00 0.00 100.00 100.00 -1000 1.63 3.59 6.92 -1000 13.20 1.62 962.682
car -1 -1 0.00 0.00 0.00 100.00 100.00 -1000 1.58 3.67 1.84 -1000 14.46 1.65 960.540
car -1 -1 0.00 0.00 0.00 100.00 100.00 -1000 1.95 5.04 -1.34 -1000 19.68 1.54 956.224
car -1 -1 0.00 0.00 0.00 100.00 100.00 -1000 1.64 4.27 4.86 -1000 10.84 -0.32 954.263
car -1 -1 0.00 0.00 0.00 100.00 100.00 -1000 1.59 3.57 -2.70 -1000 13.23 1.68 950.268
car -1 -1 0.00 0.00 0.00 100.00 100.00 -1000 1.59 3.64 -15.64 -1000 21.45 1.59 947.832
car -1 -1 0.00 0.00 0.00 100.00 100.00 -1000 1.71 3.95 2.13 -1000 15.93 1.59 944.211
car -1 -1 0.00 0.00 0.00 100.00 100.00 -1000 1.77 4.34 -5.07 -1000 14.84 1.62 939.244
car -1 -1 0.00 0.00 0.00 100.00 100.00 -1000 1.59 3.67 -0.82 -1000 15.25 1.67 938.016
car -1 -1 0.00 0.00 0.00 100.00 100.00 -1000 1.61 3.62 -2.39 -1000 16.25 1.61 926.050
car -1 -1 0.00 0.00 0.00 100.00 100.00 -1000 1.81 4.33 -3.97 -1000 9.75 1.35 922.438
car -1 -1 0.00 0.00 0.00 100.00 100.00 -1000 1.62 3.79 0.27 -1000 19.90 1.57 921.681
car -1 -1 0.00 0.00 0.00 100.00 100.00 -1000 1.66 3.89 -6.30 -1000 13.65 1.67 916.932
car -1 -1 0.00 0.00 0.00 100.00 100.00 -1000 2.50 7.35 -6.41 -1000 20.12 1.60 912.325
car -1 -1 0.00 0.00 0.00 100.00 100.00 -1000 3.21 11.33 -0.46 -1000 22.75 1.58 909.133
car -1 -1 0.00 0.00 0.00 100.00 100.00 -1000 1.58 3.71 6.05 -1000 6.98 -0.29 905.687
car -1 -1 0.00 0.00 0.00 100.00 100.00 -1000 1.62 3.91 5.33 -1000 18.28 -0.10 902.764
car -1 -1 0.00 0.00 0.00 100.00 100.00 -1000 1.63 3.86 1.80 -1000 19.64 1.61 896.666
car -1 -1 0.00 0.00 0.00 100.00 100.00 -1000 1.53 3.37 1.36 -1000 13.79 1.62 894.486
car -1 -1 0.00 0.00 0.00 100.00 100.00 -1000 1.57 3.71 3.76 -1000 19.62 1.63 892.312
car -1 -1 0.00 0.00 0.00 100.00 100.00 -1000 1.70 4.03 -4.14 -1000 13.53 1.59 886.387
car -1 -1 0.00 0.00 0.00 100.00 100.00 -1000 1.57 4.00 1.01 -1000 16.75 1.53 876.349
car -1 -1 0.00 0.00 0.00 100.00 100.00 -1000 1.61 3.90 -15.02 -1000 22.09 1.69 875.762
car -1 -1 0.00 0.00 0.00 100.00 100.00 -1000 1.69 4.00 4.55 -1000 11.73 1.58 872.676
car -1 -1 0.00 0.00 0.00 100.00 100.00 -1000 2.08 5.66 -6.89 -1000 19.31 1.52 866.992
car -1 -1 0.00 0.00 0.00 100.00 100.00 -1000 1.56 3.42 3.80 -1000 14.06 1.61 866.442
car -1 -1 0.00 0.00 0.00 100.00 100.00 -1000 1.51 3.50 2.06 -1000 13.16 -0.11 865.066
car -1 -1 0.00 0.00 0.00 100.00 100.00 -1000 1.88 5.04 -7.86 -1000 17.67 1.50 864.903
car -1 -1 0.00 0.00 0.00 100.00 100.00 -1000 1.75 3.95 -5.38 -1000 17.17 1.59 864.187
car -1 -1 0.00 0.00 0.00 100.00 100.00 -1000 1.63 3.79 -18.17 -1000 26.62 1.61 863.859
car -1 -1 0.00 0.00 0.00 100.00 100.00 -1000 1.69 3.96 -0.67 -1000 17.28 1.62 860.513
car -1 -1 0.00 0.00 0.00 100.00 100.00 -1000 1.69 4.02 6.15 -1000 18.97 1.65 855.769
car -1 -1 0.00 0.00 0.00 100.00 100.00 -1000 1.61 3.83 5.57 -1000 12.50 1.65 853.714
car -1 -1 0.00 0.00 0.00 100.00 100.00 -1000 1.51 3.65 2.85 -1000 15.29 -0.19 846.099
car -1 -1 0.00 0.00 0.00 100.00 100.00 -1000 1.55 3.92 7.70 -1000 14.16 -0.27 844.650
car -1 -1 0.00 0.00 0.00 100.00 100.00 -1000 1.51 4.36 4.04 -1000 17.68 -0.08 843.343
car -1 -1 0.00 0.00 0.00 100.00 100.00 -1000 1.71 4.02 -8.07 -1000 15.65 1.56 837.164
car -1 -1 0.00 0.00 0.00 100.00 100.00 -1000 1.57 3.51 4.12 -1000 18.68 1.66 826.258
car -1 -1 0.00 0.00 0.00 100.00 100.00 -1000 1.63 3.80 2.90 -1000 19.13 1.63 824.476
car -1 -1 0.00 0.00 0.00 100.00 100.00 -1000 1.65 3.91 -3.28 -1000 17.61 1.53 820.804
car -1 -1 0.00 0.00 0.00 100.00 100.00 -1000 2.45 7.84 -8.24 -1000 18.67 1.51 818.323
car -1 -1 0.00 0.00 0.00 100.00 100.00 -1000 1.57 4.06 1.37 -1000 18.28 -0.07 816.704
car -1 -1 0.00 0.00 0.00 100.00 100.00 -1000 1.62 3.48 5.21 -1000 13.67 1.57 814.407
car -1 -1 0.00 0.00 0.00 100.00 100.00 -1000 2.24 5.96 -1.49 -1000 22.39 1.45 811.400
car -1 -1 0.00 0.00 0.00 100.00 100.00 -1000 1.57 3.59 8.26 -1000 12.98 1.62 803.243
car -1 -1 0.00 0.00 0.00 100.00 100.00 -1000 1.95 4.98 -5.16 -1000 15.76 1.58 802.552
car -1 -1 0.00 0.00 0.00 100.00 100.00 -1000 2.71 8.53 -1.73 -1000 20.53 1.57 801.488
car -1 -1 0.00 0.00 0.00 100.00 100.00 -1000 1.62 3.92 5.50 -1000 19.60 1.64 800.507
car -1 -1 0.00 0.00 0.00 100.00 100.00 -1000 1.63 4.02 6.51 -1000 17.92 -0.30 791.981
car -1 -1 0.00 0.00 0.00 100.00 100.00 -1000 1.71 4.10 -10.56 -1000 15.72 1.60 791.588
car -1 -1 0.00 0.00 0.00 100.00 100.00 -1000 1.61 3.84 5.08 -1000 6.50 1.68 790.741
car -1 -1 0.00 0.00 0.00 100.00 100.00 -1000 1.93 4.87 -2.60 -1000 18.83 1.58 782.818
car -1 -1 0.00 0.00 0.00 100.00 100.00 -1000 1.57 3.67 -0.08 -1000 13.07 -0.20 774.920
car -1 -1 0.00 0.00 0.00 100.00 100.00 -1000 2.93 10.31 1.72 -1000 23.72 1.58 764.541
car -1 -1 0.00 0.00 0.00 100.00 100.00 -1000 1.54 3.94 6.56 -1000 7.66 -0.39 759.980
car -1 -1 0.00 0.00 0.00 100.00 100.00 -1000 1.69 4.01 7.41 -1000 12.48 -0.16 759.255
car -1 -1 0.00 0.00 0.00 100.00 100.00 -1000 2.09 5.62 -8.48 -1000 19.76 1.56 734.001
car -1 -1 0.00 0.00 0.00 100.00 100.00 -1000 1.65 3.68 -2.14 -1000 18.08 1.60 732.210
car -1 -1 0.00 0.00 0.00 100.00 100.00 -1000 1.92 4.54 -1.32 -1000 12.70 1.55 732.035
car -1 -1 0.00 0.00 0.00 100.00 100.00 -1000 2.08 5.33 -11.40 -1000 17.67 1.65 731.274
car -1 -1 0.00 0.00 0.00 100.00 100.00 -1000 1.89 4.75 2.47 -1000 20.29 1.67 731.022
car -1 -1 0.00 0.00 0.00 100.00 100.00 -1000 1.70 3.80 -7.37 -1000 14.54 1.61 721.187
car -1 -1 0.00 0.00 0.00 100.00 100.00 -1000 1.56 3.55 -10.05 -1000 14.56 1.63 719.863
car -1 -1 0.00 0.00 0.00 100.00 100.00 -1000 1.65 3.80 -8.94 -1000 14.97 1.57 717.578
car -1 -1 0.00 0.00 0.00 100.00 100.00 -1000 1.50 4.04 -2.97 -1000 8.69 -0.03 717.293
car -1 -1 0.00 0.00 0.00 100.00 100.00 -1000 1.54 3.48 -11.55 -1000 14.96 1.60 715.887
car -1 -1 0.00 0.00 0.00 100.00 100.00 -1000 1.52 3.97 -15.05 -1000 20.48 -0.24 709.240
car -1 -1 0.00 0.00 0.00 100.00 100.00 -1000 2.80 9.06 -3.76 -1000 21.26 1.52 706.486
car -1 -1 0.00 0.00 0.00 100.00 100.00 -1000 2.88 10.01 2.57 -1000 22.02 1.61 704.251
car -1 -1 0.00 0.00 0.00 100.00 100.00 -1000 1.66 4.19 3.89 -1000 16.03 1.63 702.704
car -1 -1 0.00 0.00 0.00 100.00 100.00 -1000 1.58 3.59 -10.89 -1000 13.81 1.60 698.181
car -1 -1 0.00 0.00 0.00 100.00 100.00 -1000 1.67 3.91 0.82 -1000 19.16 1.59 697.050
car -1 -1 0.00 0.00 0.00 100.00 100.00 -1000 2.27 6.24 0.03 -1000 21.73 1.58 695.830
car -1 -1 0.00 0.00 0.00 100.00 100.00 -1000 1.41 3.73 4.89 -1000 5.47 -0.17 688.468
car -1 -1 0.00 0.00 0.00 100.00 100.00 -1000 1.59 3.58 3.97 -1000 12.94 1.59 655.977
car -1 -1 0.00 0.00 0.00 100.00 100.00 -1000 2.74 8.83 -4.23 -1000 19.38 1.59 653.482
car -1 -1 0.00 0.00 0.00 100.00 100.00 -1000 1.57 3.47 -12.14 -1000 14.15 1.57 649.059
car -1 -1 0.00 0.00 0.00 100.00 100.00 -1000 2.42 7.04 -1.39 -1000 23.66 1.55 648.463
car -1 -1 0.00 0.00 0.00 100.00 100.00 -1000 2.57 8.48 4.10 -1000 22.83 1.64 644.542
car -1 -1 0.00 0.00 0.00 100.00 100.00 -1000 1.71 4.01 -7.03 -1000 16.95 1.59 643.985
car -1 -1 0.00 0.00 0.00 100.00 100.00 -1000 1.68 3.92 -16.80 -1000 21.78 1.57 643.467
car -1 -1 0.00 0.00 0.00 100.00 100.00 -1000 1.84 4.27 -8.67 -1000 16.89 1.58 643.456
car -1 -1 0.00 0.00 0.00 100.00 100.00 -1000 1.82 4.45 6.86 -1000 19.96 1.66 637.211
car -1 -1 0.00 0.00 0.00 100.00 100.00 -1000 1.55 3.54 -18.68 -1000 25.81 1.58 636.101
car -1 -1 0.00 0.00 0.00 100.00 100.00 -1000 1.75 3.85 -0.98 -1000 18.62 1.59 630.255
car -1 -1 0.00 0.00 0.00 100.00 100.00 -1000 1.89 4.95 -15.31 -1000 22.93 1.66 628.003
car -1 -1 0.00 0.00 0.00 100.00 100.00 -1000 1.90 4.79 8.63 -1000 14.84 1.63 624.185
car -1 -1 0.00 0.00 0.00 100.00 100.00 -1000 1.59 4.09 4.37 -1000 15.09 -0.10 622.875
car -1 -1 0.00 0.00 0.00 100.00 100.00 -1000 1.74 3.97 5.63 -1000 17.39 1.62 622.286
car -1 -1 0.00 0.00 0.00 100.00 100.00 -1000 1.72 4.09 -18.26 -1000 27.60 1.59 621.068
car -1 -1 0.00 0.00 0.00 100.00 100.00 -1000 1.62 3.75 9.75 -1000 13.24 1.61 605.558
car -1 -1 0.00 0.00 0.00 100.00 100.00 -1000 2.66 9.02 5.98 -1000 22.00 1.66 605.541
car -1 -1 0.00 0.00 0.00 100.00 100.00 -1000 2.07 6.38 -14.59 -1000 24.24 1.65 604.973
car -1 -1 0.00 0.00 0.00 100.00 100.00 -1000 1.61 3.56 -6.62 -1000 16.12 1.60 592.345
car -1 -1 0.00 0.00 0.00 100.00 100.00 -1000 1.51 3.94 2.70 -1000 16.89 1.42 589.367
car -1 -1 0.00 0.00 0.00 100.00 100.00 -1000 1.85 4.34 -11.24 -1000 16.38 1.55 588.174
car -1 -1 0.00 0.00 0.00 100.00 100.00 -1000 1.56 5.12 5.07 -1000 10.03 -0.24 582.395
car -1 -1 0.00 0.00 0.00 100.00 100.00 -1000 1.51 3.81 -14.37 -1000 21.09 0.03 571.601
car -1 -1 0.00 0.00 0.00 100.00 100.00 -1000 2.00 5.38 4.63 -1000 20.29 1.69 565.739
car -1 -1 0.00 0.00 0.00 100.00 100.00 -1000 1.75 4.12 2.80 -1000 12.60 1.49 562.614
car -1 -1 0.00 0.00 0.00 100.00 100.00 -1000 1.67 4.80 1.27 -1000 17.50 -0.31 561.559
car -1 -1 0.00 0.00 0.00 100.00 100.00 -1000 1.56 3.82 9.40 -1000 12.22 -0.14 558.144
car -1 -1 0.00 0.00 0.00 100.00 100.00 -1000 1.66 3.88 6.50 -1000 11.09 1.68 556.796
car -1 -1 0.00 0.00 0.00 100.00 100.00 -1000 1.61 3.76 -16.96 -1000 27.27 1.67 541.539
car -1 -1 0.00 0.00 0.00 100.00 100.00 -1000 2.04 5.33 0.41 -1000 20.78 1.65 536.955
car -1 -1 0.00 0.00 0.00 100.00 100.00 -1000 2.19 6.35 -5.37 -1000 18.39 1.52 535.660
car -1 -1 0.00 0.00 0.00 100.00 100.00 -1000 1.73 3.95 7.69 -1000 18.64 1.68 528.135
car -1 -1 0.00 0.00 0.00 100.00 100.00 -1000 1.53 3.81 6.07 -1000 14.59 -0.12 525.673
car -1 -1 0.00 0.00 0.00 100.00 100.00 -1000 1.63 3.57 -8.31 -1000 13.85 1.61 525.068
car -1 -1 0.00 0.00 0.00 100.00 100.00 -1000 2.35 7.14 2.92 -1000 21.06 1.64 514.847
car -1 -1 0.00 0.00 0.00 100.00 100.00 -1000 1.75 4.12 -16.01 -1000 26.64 1.64 502.879
car -1 -1 0.00 0.00 0.00 100.00 100.00 -1000 1.56 3.97 -17.09 -1000 26.01 -0.03 498.927
car -1 -1 0.00 0.00 0.00 100.00 100.00 -1000 1.65 4.28 10.87 -1000 17.89 -0.02 494.750
car -1 -1 0.00 0.00 0.00 100.00 100.00 -1000 1.53 4.16 -17.68 -1000 25.22 -0.19 487.653
car -1 -1 0.00 0.00 0.00 100.00 100.00 -1000 1.67 3.87 -12.35 -1000 15.79 1.52 484.294
car -1 -1 0.00 0.00 0.00 100.00 100.00 -1000 2.32 7.14 6.06 -1000 21.12 1.66 480.432
car -1 -1 0.00 0.00 0.00 100.00 100.00 -1000 2.10 5.20 5.91 -1000 15.70 1.66 460.720
car -1 -1 0.00 0.00 0.00 100.00 100.00 -1000 1.69 4.17 -13.25 -1000 21.66 1.71 454.905
car -1 -1 0.00 0.00 0.00 100.00 100.00 -1000 1.72 4.29 8.74 -1000 19.19 1.65 439.851
car -1 -1 0.00 0.00 0.00 100.00 100.00 -1000 1.99 5.27 7.97 -1000 15.58 1.57 433.418
car -1 -1 0.00 0.00 0.00 100.00 100.00 -1000 1.86 4.43 -17.42 -1000 22.55 1.65 431.666
car -1 -1 0.00 0.00 0.00 100.00 100.00 -1000 1.70 3.86 -6.56 -1000 12.19 1.43 420.322
car -1 -1 0.00 0.00 0.00 100.00 100.00 -1000 1.86 4.63 5.15 -1000 16.65 1.62 411.665
car -1 -1 0.00 0.00 0.00 100.00 100.00 -1000 2.25 6.89 -10.03 -1000 19.22 1.63 411.317
car -1 -1 0.00 0.00 0.00 100.00 100.00 -1000 1.88 4.51 9.90 -1000 14.17 1.59 410.850
car -1 -1 0.00 0.00 0.00 100.00 100.00 -1000 2.23 6.34 -12.90 -1000 23.65 1.62 406.171
car -1 -1 0.00 0.00 0.00 100.00 100.00 -1000 2.38 7.46 8.55 -1000 20.73 1.62 392.681
car -1 -1 0.00 0.00 0.00 100.00 100.00 -1000 1.74 3.74 6.37 -1000 6.18 1.62 386.831
car -1 -1 0.00 0.00 0.00 100.00 100.00 -1000 2.04 4.90 -12.55 -1000 18.37 1.60 382.493
car -1 -1 0.00 0.00 0.00 100.00 100.00 -1000 1.66 3.96 -14.91 -1000 27.24 1.61 371.274
car -1 -1 0.00 0.00 0.00 100.00 100.00 -1000 1.65 3.79 3.83 -1000 5.90 1.56 370.926
car -1 -1 0.00 0.00 0.00 100.00 100.00 -1000 1.51 3.86 -18.41 -1000 22.01 -0.04 369.975
car -1 -1 0.00 0.00 0.00 100.00 100.00 -1000 2.27 7.09 -3.28 -1000 23.14 1.73 362.122
car -1 -1 0.00 0.00 0.00 100.00 100.00 -1000 1.84 4.16 10.02 -1000 18.58 1.59 351.392
car -1 -1 0.00 0.00 0.00 100.00 100.00 -1000 1.88 5.13 -13.43 -1000 22.74 1.67 350.675
car -1 -1 0.00 0.00 0.00 100.00 100.00 -1000 2.30 7.80 -5.99 -1000 21.93 1.63 342.307
car -1 -1 0.00 0.00 0.00 100.00 100.00 -1000 2.09 5.92 9.73 -1000 16.16 1.61 339.863
car -1 -1 0.00 0.00 0.00 100.00 100.00 -1000 1.47 3.55 7.39 -1000 8.23 -0.32 337.788
car -1 -1 0.00 0.00 0.00 100.00 100.00 -1000 1.81 5.02 -11.49 -1000 22.35 1.65 336.289
car -1 -1 0.00 0.00 0.00 100.00 100.00 -1000 1.84 4.51 9.22 -1000 11.43 1.63 313.385
car -1 -1 0.00 0.00 0.00 100.00 100.00 -1000 1.58 4.03 15.78 -1000 19.26 -0.16 298.401
car -1 -1 0.00 0.00 0.00 100.00 100.00 -1000 1.38 4.22 -11.55 -1000 13.14 -0.11 295.599
car -1 -1 0.00 0.00 0.00 100.00 100.00 -1000 1.90 4.99 -16.25 -1000 23.71 1.62 294.242
car -1 -1 0.00 0.00 0.00 100.00 100.00 -1000 1.86 4.28 10.73 -1000 12.62 1.66 290.948
car -1 -1 0.00 0.00 0.00 100.00 100.00 -1000 1.63 4.42 7.03 -1000 17.14 -0.21 288.438
car -1 -1 0.00 0.00 0.00 100.00 100.00 -1000 2.14 5.85 10.53 -1000 17.10 1.59 277.856
car -1 -1 0.00 0.00 0.00 100.00 100.00 -1000 1.98 5.63 -15.09 -1000 28.90 1.68 273.959
car -1 -1 0.00 0.00 0.00 100.00 100.00 -1000 2.07 4.79 8.29 -1000 17.87 1.62 272.635
car -1 -1 0.00 0.00 0.00 100.00 100.00 -1000 1.54 4.38 8.02 -1000 10.75 -0.13 259.919
car -1 -1 0.00 0.00 0.00 100.00 100.00 -1000 2.25 6.53 0.70 -1000 24.36 1.65 258.735
car -1 -1 0.00 0.00 0.00 100.00 100.00 -1000 1.76 6.20 -0.10 -1000 12.17 -0.30 256.393
car -1 -1 0.00 0.00 0.00 100.00 100.00 -1000 1.72 4.00 -9.31 -1000 16.14 -0.25 248.511
car -1 -1 0.00 0.00 0.00 100.00 100.00 -1000 1.48 4.61 -3.14 -1000 11.05 -0.34 248.415
car -1 -1 0.00 0.00 0.00 100.00 100.00 -1000 1.52 4.54 15.20 -1000 18.51 0.06 235.822
car -1 -1 0.00 0.00 0.00 100.00 100.00 -1000 1.92 5.30 -10.92 -1000 23.26 1.64 235.336
car -1 -1 0.00 0.00 0.00 100.00 100.00 -1000 2.22 5.98 5.08 -1000 7.96 1.44 233.903
car -1 -1 0.00 0.00 0.00 100.00 100.00 -1000 1.51 3.82 11.44 -1000 13.50 -0.11 233.366
car -1 -1 0.00 0.00 0.00 100.00 100.00 -1000 1.63 3.85 -0.20 -1000 13.96 -0.52 232.690
car -1 -1 0.00 0.00 0.00 100.00 100.00 -1000 2.10 6.42 -13.90 -1000 25.13 1.64 230.633
car -1 -1 0.00 0.00 0.00 100.00 100.00 -1000 1.76 4.36 -12.47 -1000 20.81 1.68 230.606
car -1 -1 0.00 0.00 0.00 100.00 100.00 -1000 2.13 5.35 11.57 -1000 18.92 1.66 228.749
car -1 -1 0.00 0.00 0.00 100.00 100.00 -1000 1.97 5.31 -10.79 -1000 21.60 1.65 227.465
car -1 -1 0.00 0.00 0.00 100.00 100.00 -1000 2.24 7.76 8.98 -1000 21.91 1.62 225.640
car -1 -1 0.00 0.00 0.00 100.00 100.00 -1000 1.60 3.69 4.33 -1000 7.11 1.52 218.853
car -1 -1 0.00 0.00 0.00 100.00 100.00 -1000 1.84 4.27 -9.40 -1000 13.14 1.49 218.403
car -1 -1 0.00 0.00 0.00 100.00 100.00 -1000 2.24 7.10 -15.97 -1000 29.99 1.62 213.671
car -1 -1 0.00 0.00 0.00 100.00 100.00 -1000 1.37 3.41 7.46 -1000 6.70 0.01 210.990
car -1 -1 0.00 0.00 0.00 100.00 100.00 -1000 1.71 4.62 -17.43 -1000 21.08 1.61 210.477
car -1 -1 0.00 0.00 0.00 100.00 100.00 -1000 1.97 5.71 -15.04 -1000 25.86 1.62 208.270
car -1 -1 0.00 0.00 0.00 100.00 100.00 -1000 1.55 4.69 -7.84 -1000 12.85 0.01 203.627
car -1 -1 0.00 0.00 0.00 100.00 100.00 -1000 1.92 4.87 6.88 -1000 8.97 1.65 194.597
car -1 -1 0.00 0.00 0.00 100.00 100.00 -1000 1.99 5.14 -12.91 -1000 16.57 1.55 193.236
car -1 -1 0.00 0.00 0.00 100.00 100.00 -1000 1.64 4.46 3.73 -1000 28.90 -0.13 192.439
car -1 -1 0.00 0.00 0.00 100.00 100.00 -1000 1.96 5.60 9.14 -1000 19.98 1.65 190.073
car -1 -1 0.00 0.00 0.00 100.00 100.00 -1000 2.22 5.63 -8.22 -1000 20.81 1.63 185.325
car -1 -1 0.00 0.00 0.00 100.00 100.00 -1000 2.05 5.73 -11.80 -1000 24.43 1.61 181.245
car -1 -1 0.00 0.00 0.00 100.00 100.00 -1000 1.88 4.94 -16.88 -1000 27.99 1.65 180.460
car -1 -1 0.00 0.00 0.00 100.00 100.00 -1000 1.76 4.36 6.06 -1000 4.85 1.57 177.468
car -1 -1 0.00 0.00 0.00 100.00 100.00 -1000 1.56 3.98 11.02 -1000 11.66 -0.09 176.951
car -1 -1 0.00 0.00 0.00 100.00 100.00 -1000 2.03 4.65 13.15 -1000 19.24 1.61 171.046
car -1 -1 0.00 0.00 0.00 100.00 100.00 -1000 2.37 6.13 -13.51 -1000 26.68 1.61 161.377
car -1 -1 0.00 0.00 0.00 100.00 100.00 -1000 2.17 4.97 -14.24 -1000 19.39 1.65 155.967
car -1 -1 0.00 0.00 0.00 100.00 100.00 -1000 1.88 4.52 7.22 -1000 9.84 1.55 154.951
car -1 -1 0.00 0.00 0.00 100.00 100.00 -1000 1.60 4.26 -10.38 -1000 16.96 -0.07 152.956
car -1 -1 0.00 0.00 0.00 100.00 100.00 -1000 2.01 4.73 -13.49 -1000 14.46 1.59 152.193
car -1 -1 0.00 0.00 0.00 100.00 100.00 -1000 2.38 7.05 10.60 -1000 15.22 1.71 150.300
car -1 -1 0.00 0.00 0.00 100.00 100.00 -1000 1.92 5.79 12.75 -1000 17.83 1.67 149.414
car -1 -1 0.00 0.00 0.00 100.00 100.00 -1000 1.63 4.60 11.70 -1000 14.26 -0.10 145.950
car -1 -1 0.00 0.00 0.00 100.00 100.00 -1000 2.07 3.65 3.67 -1000 10.44 1.40 140.191
car -1 -1 0.00 0.00 0.00 100.00 100.00 -1000 2.43 6.27 -12.61 -1000 25.84 1.60 138.883
car -1 -1 0.00 0.00 0.00 100.00 100.00 -1000 2.11 4.92 3.61 -1000 41.75 1.62 136.420
car -1 -1 0.00 0.00 0.00 100.00 100.00 -1000 1.67 5.07 3.44 -1000 28.11 0.19 127.468
car -1 -1 0.00 0.00 0.00 100.00 100.00 -1000 2.15 6.39 -10.87 -1000 20.40 1.62 124.339
car -1 -1 0.00 0.00 0.00 100.00 100.00 -1000 1.81 5.37 8.86 -1000 7.86 1.65 122.279
car -1 -1 0.00 0.00 0.00 100.00 100.00 -1000 2.01 5.06 -1.71 -1000 21.40 -0.00 116.093
car -1 -1 0.00 0.00 0.00 100.00 100.00 -1000 2.08 5.60 -18.09 -1000 23.31 1.55 114.133
car -1 -1 0.00 0.00 0.00 100.00 100.00 -1000 1.90 5.08 -10.30 -1000 24.03 1.59 113.849
car -1 -1 0.00 0.00 0.00 100.00 100.00 -1000 2.18 7.59 1.70 -1000 25.19 1.57 112.467
car -1 -1 0.00 0.00 0.00 100.00 100.00 -1000 1.85 4.98 -12.99 -1000 20.02 1.65 111.650
car -1 -1 0.00 0.00 0.00 100.00 100.00 -1000 2.10 5.40 14.50 -1000 19.70 1.66 107.450
car -1 -1 0.00 0.00 0.00 100.00 100.00 -1000 2.40 5.43 -13.93 -1000 17.72 1.56 104.630
car -1 -1 0.00 0.00 0.00 100.00 100.00 -1000 2.19 7.97 7.94 -1000 22.76 1.54 98.198
car -1 -1 0.00 0.00 0.00 100.00 100.00 -1000 1.82 8.60 3.29 -1000 10.43 0.10 97.979
car -1 -1 0.00 0.00 0.00 100.00 100.00 -1000 2.00 5.56 -10.86 -1000 25.24 1.65 97.770
car -1 -1 0.00 0.00 0.00 100.00 100.00 -1000 1.95 7.44 -16.11 -1000 20.07 0.20 96.623
car -1 -1 0.00 0.00 0.00 100.00 100.00 -1000 2.15 7.18 -8.95 -1000 21.93 1.76 96.139
car -1 -1 0.00 0.00 0.00 100.00 100.00 -1000 1.83 4.55 -16.63 -1000 4.63 1.65 95.583
car -1 -1 0.00 0.00 0.00 100.00 100.00 -1000 1.93 4.90 15.01 -1000 12.68 1.64 94.852
car -1 -1 0.00 0.00 0.00 100.00 100.00 -1000 1.79 5.03 2.68 -1000 40.18 1.63 93.734
car -1 -1 0.00 0.00 0.00 100.00 100.00 -1000 2.33 6.72 -4.05 -1000 9.17 0.02 92.176
car -1 -1 0.00 0.00 0.00 100.00 100.00 -1000 1.88 4.54 -16.57 -1000 3.03 1.67 90.720
car -1 -1 0.00 0.00 0.00 100.00 100.00 -1000 2.10 5.95 -14.27 -1000 28.13 1.61 90.049
car -1 -1 0.00 0.00 0.00 100.00 100.00 -1000 2.03 5.55 -18.46 -1000 28.49 1.62 88.983
car -1 -1 0.00 0.00 0.00 100.00 100.00 -1000 2.00 4.98 2.42 -1000 27.38 1.63 88.424
car -1 -1 0.00 0.00 0.00 100.00 100.00 -1000 2.41 8.86 4.77 -1000 24.92 1.46 88.003
car -1 -1 0.00 0.00 0.00 100.00 100.00 -1000 2.54 7.29 11.99 -1000 16.30 1.66 87.474
