car -1 -1 0.00 0.00 0.00 100.00 100.00 -1000 1.57 3.38 3.19 -1000 31.54 1.65 996.167
car -1 -1 0.00 0.00 0.00 100.00 100.00 -1000 1.58 3.52 2.51 -1000 41.15 1.66 995.267
car -1 -1 0.00 0.00 0.00 100.00 100.00 -1000 1.56 3.47 7.05 -1000 29.91 1.63 993.851
car -1 -1 0.00 0.00 0.00 100.00 100.00 -1000 1.65 3.70 13.49 -1000 41.16 1.71 992.125
car -1 -1 0.00 0.00 0.00 100.00 100.00 -1000 1.60 3.54 12.79 -1000 41.88 1.62 989.743
car -1 -1 0.00 0.00 0.00 100.00 100.00 -1000 1.53 4.06 2.95 -1000 30.67 -0.25 988.637
car -1 -1 0.00 0.00 0.00 100.00 100.00 -1000 1.49 3.87 7.19 -1000 29.08 -0.26 986.010
car -1 -1 0.00 0.00 0.00 100.00 100.00 -1000 1.69 4.19 13.32 -1000 40.36 -0.27 980.131
car -1 -1 0.00 0.00 0.00 100.00 100.00 -1000 1.58 3.84 1.89 -1000 32.03 1.64 976.875
car -1 -1 0.00 0.00 0.00 100.00 100.00 -1000 1.31 3.70 2.75 -1000 39.88 -0.15 970.614
car -1 -1 0.00 0.00 0.00 100.00 100.00 -1000 1.55 3.56 0.07 -1000 31.54 1.68 969.862
car -1 -1 0.00 0.00 0.00 100.00 100.00 -1000 1.60 3.60 12.29 -1000 42.63 1.68 966.513
car -1 -1 0.00 0.00 0.00 100.00 100.00 -1000 1.56 3.68 6.38 -1000 30.49 1.65 963.705
car -1 -1 0.00 0.00 0.00 100.00 100.00 -1000 1.61 3.77 -14.46 -1000 23.77 1.71 951.787
car -1 -1 0.00 0.00 0.00 100.00 100.00 -1000 1.58 3.60 18.58 -1000 44.65 1.59 950.693
car -1 -1 0.00 0.00 0.00 100.00 100.00 -1000 1.72 4.22 -8.74 -1000 45.77 1.64 948.869
car -1 -1 0.00 0.00 0.00 100.00 100.00 -1000 1.51 3.32 -2.89 -1000 9.74 1.57 945.908
car -1 -1 0.00 0.00 0.00 100.00 100.00 -1000 1.48 3.24 2.05 -1000 40.49 1.64 939.827
car -1 -1 0.00 0.00 0.00 100.00 100.00 -1000 1.69 4.19 -6.53 -1000 46.48 1.64 934.193
car -1 -1 0.00 0.00 0.00 100.00 100.00 -1000 1.54 3.67 18.47 -1000 38.71 1.64 933.660
car -1 -1 0.00 0.00 0.00 100.00 100.00 -1000 2.73 9.80 5.76 -1000 33.93 1.63 931.573
car -1 -1 0.00 0.00 0.00 100.00 100.00 -1000 1.98 5.11 2.54 -1000 33.37 1.63 929.761
car -1 -1 0.00 0.00 0.00 100.00 100.00 -1000 1.61 3.92 3.12 -1000 32.41 1.73 929.553
car -1 -1 0.00 0.00 0.00 100.00 100.00 -1000 1.65 4.15 1.77 -1000 41.73 1.57 928.739
car -1 -1 0.00 0.00 0.00 100.00 100.00 -1000 1.62 3.96 11.62 -1000 25.40 -0.14 926.702
car -1 -1 0.00 0.00 0.00 100.00 100.00 -1000 1.58 3.66 4.40 -1000 31.19 1.74 921.809
car -1 -1 0.00 0.00 0.00 100.00 100.00 -1000 1.61 3.73 1.17 -1000 30.77 -0.14 920.790
car -1 -1 0.00 0.00 0.00 100.00 100.00 -1000 1.63 3.84 12.70 -1000 25.93 1.68 920.705
car -1 -1 0.00 0.00 0.00 100.00 100.00 -1000 2.04 6.02 10.33 -1000 32.27 1.62 917.437
car -1 -1 0.00 0.00 0.00 100.00 100.00 -1000 1.47 3.74 11.87 -1000 16.19 -0.24 908.607
car -1 -1 0.00 0.00 0.00 100.00 100.00 -1000 1.58 3.74 -14.68 -1000 22.80 -0.14 903.953
car -1 -1 0.00 0.00 0.00 100.00 100.00 -1000 1.52 3.31 6.54 -1000 8.87 1.68 901.280
car -1 -1 0.00 0.00 0.00 100.00 100.00 -1000 1.66 4.01 7.91 -1000 30.41 1.76 900.665
car -1 -1 0.00 0.00 0.00 100.00 100.00 -1000 2.71 8.75 1.15 -1000 35.93 1.65 900.187
car -1 -1 0.00 0.00 0.00 100.00 100.00 -1000 1.76 4.51 -5.02 -1000 46.81 1.64 898.607
car -1 -1 0.00 0.00 0.00 100.00 100.00 -1000 1.73 4.43 -10.06 -1000 45.35 1.65 897.878
car -1 -1 0.00 0.00 0.00 100.00 100.00 -1000 1.81 4.47 6.68 -1000 31.29 1.69 896.903
car -1 -1 0.00 0.00 0.00 100.00 100.00 -1000 2.63 8.94 2.03 -1000 34.56 1.61 894.198
car -1 -1 0.00 0.00 0.00 100.00 100.00 -1000 2.24 6.83 16.32 -1000 44.85 1.60 889.226
car -1 -1 0.00 0.00 0.00 100.00 100.00 -1000 2.28 7.43 5.91 -1000 33.07 1.59 889.034
car -1 -1 0.00 0.00 0.00 100.00 100.00 -1000 1.59 3.93 3.71 -1000 41.46 1.73 887.258
car -1 -1 0.00 0.00 0.00 100.00 100.00 -1000 1.67 4.09 11.25 -1000 26.16 1.63 884.805
car -1 -1 0.00 0.00 0.00 100.00 100.00 -1000 1.89 5.04 17.05 -1000 44.14 1.60 876.781
car -1 -1 0.00 0.00 0.00 100.00 100.00 -1000 1.46 3.30 12.01 -1000 41.23 1.56 875.953
car -1 -1 0.00 0.00 0.00 100.00 100.00 -1000 1.72 4.30 5.02 -1000 32.02 1.68 875.832
car -1 -1 0.00 0.00 0.00 100.00 100.00 -1000 1.64 3.99 -3.59 -1000 10.62 1.41 874.663
car -1 -1 0.00 0.00 0.00 100.00 100.00 -1000 1.68 3.92 13.09 -1000 25.10 -0.13 869.121
car -1 -1 0.00 0.00 0.00 100.00 100.00 -1000 2.33 6.18 0.18 -1000 43.42 1.64 865.139
car -1 -1 0.00 0.00 0.00 100.00 100.00 -1000 1.50 3.34 -0.28 -1000 30.74 1.68 856.501
car -1 -1 0.00 0.00 0.00 100.00 100.00 -1000 1.77 4.31 14.50 -1000 41.78 1.71 855.296
car -1 -1 0.00 0.00 0.00 100.00 100.00 -1000 1.65 4.15 17.50 -1000 46.69 1.56 854.814
car -1 -1 0.00 0.00 0.00 100.00 100.00 -1000 3.09 11.82 6.22 -1000 35.20 1.68 851.526
car -1 -1 0.00 0.00 0.00 100.00 100.00 -1000 2.41 7.91 9.53 -1000 33.07 1.69 849.522
car -1 -1 0.00 0.00 0.00 100.00 100.00 -1000 1.74 4.03 -8.92 -1000 44.91 -0.12 848.285
car -1 -1 0.00 0.00 0.00 100.00 100.00 -1000 1.71 4.19 3.62 -1000 40.41 -0.19 847.637
car -1 -1 0.00 0.00 0.00 100.00 100.00 -1000 2.16 5.97 0.84 -1000 33.77 1.67 846.183
car -1 -1 0.00 0.00 0.00 100.00 100.00 -1000 1.70 4.32 -7.71 -1000 45.30 -0.20 845.209
car -1 -1 0.00 0.00 0.00 100.00 100.00 -1000 1.61 3.88 6.18 -1000 8.04 1.66 843.997
car -1 -1 0.00 0.00 0.00 100.00 100.00 -1000 1.73 4.47 -2.83 -1000 46.90 1.62 835.211
car -1 -1 0.00 0.00 0.00 100.00 100.00 -1000 1.60 3.79 12.17 -1000 16.92 1.74 828.921
car -1 -1 0.00 0.00 0.00 100.00 100.00 -1000 1.69 4.18 9.35 -1000 30.21 1.71 827.070
car -1 -1 0.00 0.00 0.00 100.00 100.00 -1000 1.72 4.34 -0.50 -1000 41.49 1.65 825.490
car -1 -1 0.00 0.00 0.00 100.00 100.00 -1000 1.66 4.18 -2.54 -1000 41.08 1.65 824.643
car -1 -1 0.00 0.00 0.00 100.00 100.00 -1000 1.99 5.17 16.51 -1000 45.65 1.63 824.262
car -1 -1 0.00 0.00 0.00 100.00 100.00 -1000 1.51 3.90 7.94 -1000 28.51 -0.17 816.866
car -1 -1 0.00 0.00 0.00 100.00 100.00 -1000 2.05 5.76 8.07 -1000 31.83 1.70 811.548
car -1 -1 0.00 0.00 0.00 100.00 100.00 -1000 2.57 8.36 2.34 -1000 45.60 1.63 811.314
car -1 -1 0.00 0.00 0.00 100.00 100.00 -1000 1.97 5.17 14.09 -1000 42.93 1.72 808.489
car -1 -1 0.00 0.00 0.00 100.00 100.00 -1000 1.70 4.34 12.47 -1000 26.74 1.65 808.113
car -1 -1 0.00 0.00 0.00 100.00 100.00 -1000 1.70 4.22 -11.62 -1000 45.15 1.67 804.933
car -1 -1 0.00 0.00 0.00 100.00 100.00 -1000 1.80 3.93 -5.80 -1000 45.74 -0.17 804.735
car -1 -1 0.00 0.00 0.00 100.00 100.00 -1000 1.72 4.19 14.09 -1000 25.60 1.70 804.377
car -1 -1 0.00 0.00 0.00 100.00 100.00 -1000 1.46 3.51 10.93 -1000 24.80 -0.20 795.821
car -1 -1 0.00 0.00 0.00 100.00 100.00 -1000 2.36 7.46 15.36 -1000 43.72 1.64 795.806
car -1 -1 0.00 0.00 0.00 100.00 100.00 -1000 1.77 4.30 15.52 -1000 41.18 1.71 793.919
car -1 -1 0.00 0.00 0.00 100.00 100.00 -1000 1.54 3.83 4.57 -1000 29.92 1.52 789.125
car -1 -1 0.00 0.00 0.00 100.00 100.00 -1000 1.92 4.54 -1.61 -1000 33.57 1.66 789.052
car -1 -1 0.00 0.00 0.00 100.00 100.00 -1000 1.70 4.34 -3.89 -1000 40.78 1.62 789.051
car -1 -1 0.00 0.00 0.00 100.00 100.00 -1000 1.69 3.81 11.79 -1000 43.31 1.63 787.410
car -1 -1 0.00 0.00 0.00 100.00 100.00 -1000 1.51 3.43 -10.00 -1000 46.13 1.62 775.491
car -1 -1 0.00 0.00 0.00 100.00 100.00 -1000 1.78 4.58 4.78 -1000 40.84 1.74 771.855
car -1 -1 0.00 0.00 0.00 100.00 100.00 -1000 1.76 4.36 11.03 -1000 31.57 1.68 771.836
car -1 -1 0.00 0.00 0.00 100.00 100.00 -1000 1.97 5.36 -1.20 -1000 32.69 1.62 765.495
car -1 -1 0.00 0.00 0.00 100.00 100.00 -1000 1.73 4.15 -13.76 -1000 31.81 1.67 764.446
car -1 -1 0.00 0.00 0.00 100.00 100.00 -1000 1.68 4.22 17.21 -1000 40.74 1.65 762.597
car -1 -1 0.00 0.00 0.00 100.00 100.00 -1000 1.48 3.46 18.37 -1000 37.61 -0.10 757.129
car -1 -1 0.00 0.00 0.00 100.00 100.00 -1000 1.78 4.47 6.42 -1000 41.74 1.67 757.027
car -1 -1 0.00 0.00 0.00 100.00 100.00 -1000 1.97 4.83 2.36 -1000 42.46 1.69 752.973
car -1 -1 0.00 0.00 0.00 100.00 100.00 -1000 1.65 4.16 -13.49 -1000 24.51 1.73 751.923
car -1 -1 0.00 0.00 0.00 100.00 100.00 -1000 1.73 4.28 6.86 -1000 9.93 1.74 750.808
car -1 -1 0.00 0.00 0.00 100.00 100.00 -1000 1.71 3.97 17.68 -1000 43.28 1.58 745.961
car -1 -1 0.00 0.00 0.00 100.00 100.00 -1000 2.64 8.58 0.87 -1000 44.63 1.60 744.778
car -1 -1 0.00 0.00 0.00 100.00 100.00 -1000 1.70 3.96 17.05 -1000 47.56 1.59 730.103
car -1 -1 0.00 0.00 0.00 100.00 100.00 -1000 1.78 4.16 -3.89 -1000 46.16 -0.07 728.950
car -1 -1 0.00 0.00 0.00 100.00 100.00 -1000 1.66 3.61 17.74 -1000 45.21 1.56 726.789
car -1 -1 0.00 0.00 0.00 100.00 100.00 -1000 1.80 4.48 10.52 -1000 30.67 1.65 726.340
car -1 -1 0.00 0.00 0.00 100.00 100.00 -1000 1.38 3.34 -13.56 -1000 30.94 -0.20 720.371
car -1 -1 0.00 0.00 0.00 100.00 100.00 -1000 1.44 3.61 13.78 -1000 24.43 -0.09 719.623
car -1 -1 0.00 0.00 0.00 100.00 100.00 -1000 1.85 4.55 18.03 -1000 39.94 1.61 717.374
car -1 -1 0.00 0.00 0.00 100.00 100.00 -1000 2.43 7.65 9.94 -1000 34.23 1.67 707.349
car -1 -1 0.00 0.00 0.00 100.00 100.00 -1000 1.46 3.35 11.23 -1000 42.01 1.59 698.058
car -1 -1 0.00 0.00 0.00 100.00 100.00 -1000 1.59 3.72 15.18 -1000 40.15 -0.03 696.798
car -1 -1 0.00 0.00 0.00 100.00 100.00 -1000 1.91 5.33 14.22 -1000 26.91 1.74 692.080
car -1 -1 0.00 0.00 0.00 100.00 100.00 -1000 2.00 5.49 0.45 -1000 42.30 1.59 668.320
car -1 -1 0.00 0.00 0.00 100.00 100.00 -1000 1.47 3.52 0.38 -1000 29.97 1.63 667.798
car -1 -1 0.00 0.00 0.00 100.00 100.00 -1000 1.92 5.34 15.67 -1000 42.27 1.72 667.645
car -1 -1 0.00 0.00 0.00 100.00 100.00 -1000 1.72 4.38 -5.35 -1000 40.41 1.68 667.090
car -1 -1 0.00 0.00 0.00 100.00 100.00 -1000 1.85 4.48 -2.82 -1000 32.99 1.62 660.879
car -1 -1 0.00 0.00 0.00 100.00 100.00 -1000 1.73 4.49 11.67 -1000 15.46 -0.32 658.381
car -1 -1 0.00 0.00 0.00 100.00 100.00 -1000 2.39 7.90 -0.73 -1000 35.10 1.68 655.677
car -1 -1 0.00 0.00 0.00 100.00 100.00 -1000 1.60 3.26 18.75 -1000 43.67 1.63 655.299
car -1 -1 0.00 0.00 0.00 100.00 100.00 -1000 1.74 4.45 15.56 -1000 26.11 1.74 641.308
car -1 -1 0.00 0.00 0.00 100.00 100.00 -1000 1.86 5.10 6.10 -1000 40.41 1.72 633.649
car -1 -1 0.00 0.00 0.00 100.00 100.00 -1000 1.82 4.46 15.05 -1000 32.28 1.68 632.738
car -1 -1 0.00 0.00 0.00 100.00 100.00 -1000 1.76 4.61 10.15 -1000 29.43 1.71 626.950
car -1 -1 0.00 0.00 0.00 100.00 100.00 -1000 1.71 4.27 -12.14 -1000 44.44 1.65 623.645
car -1 -1 0.00 0.00 0.00 100.00 100.00 -1000 1.58 4.15 11.30 -1000 29.84 1.66 616.415
car -1 -1 0.00 0.00 0.00 100.00 100.00 -1000 1.61 3.78 -1.79 -1000 30.57 1.62 592.026
car -1 -1 0.00 0.00 0.00 100.00 100.00 -1000 1.68 4.19 17.26 -1000 39.13 1.65 591.423
car -1 -1 0.00 0.00 0.00 100.00 100.00 -1000 1.75 4.60 12.67 -1000 32.24 1.72 588.821
car -1 -1 0.00 0.00 0.00 100.00 100.00 -1000 2.17 6.91 11.72 -1000 33.49 1.73 586.846
car -1 -1 0.00 0.00 0.00 100.00 100.00 -1000 1.82 4.64 -2.20 -1000 46.05 1.66 582.195
car -1 -1 0.00 0.00 0.00 100.00 100.00 -1000 2.13 5.95 -1.77 -1000 35.94 1.58 564.948
car -1 -1 0.00 0.00 0.00 100.00 100.00 -1000 1.54 3.21 2.46 -1000 29.94 1.50 550.535
car -1 -1 0.00 0.00 0.00 100.00 100.00 -1000 1.49 3.00 11.64 -1000 40.45 1.52 548.586
car -1 -1 0.00 0.00 0.00 100.00 100.00 -1000 2.33 7.80 4.51 -1000 43.70 1.60 545.117
car -1 -1 0.00 0.00 0.00 100.00 100.00 -1000 1.81 4.42 11.30 -1000 32.92 1.67 537.816
car -1 -1 0.00 0.00 0.00 100.00 100.00 -1000 1.64 3.81 17.34 -1000 42.41 1.57 534.806
car -1 -1 0.00 0.00 0.00 100.00 100.00 -1000 1.58 3.62 12.37 -1000 24.27 1.59 534.702
car -1 -1 0.00 0.00 0.00 100.00 100.00 -1000 2.02 3.51 -3.45 -1000 8.42 1.32 533.888
car -1 -1 0.00 0.00 0.00 100.00 100.00 -1000 1.96 5.55 15.35 -1000 46.21 1.57 527.498
car -1 -1 0.00 0.00 0.00 100.00 100.00 -1000 1.71 3.91 13.86 -1000 39.67 1.56 522.334
car -1 -1 0.00 0.00 0.00 100.00 100.00 -1000 1.77 4.83 7.49 -1000 47.64 1.62 517.562
car -1 -1 0.00 0.00 0.00 100.00 100.00 -1000 1.68 4.19 -4.52 -1000 45.28 1.66 507.633
car -1 -1 0.00 0.00 0.00 100.00 100.00 -1000 2.29 6.50 5.08 -1000 36.56 1.64 506.593
car -1 -1 0.00 0.00 0.00 100.00 100.00 -1000 2.26 7.22 14.24 -1000 45.23 1.64 490.203
car -1 -1 0.00 0.00 0.00 100.00 100.00 -1000 1.93 5.38 -13.21 -1000 25.29 1.73 485.262
car -1 -1 0.00 0.00 0.00 100.00 100.00 -1000 1.98 5.48 8.73 -1000 46.51 1.71 484.920
car -1 -1 0.00 0.00 0.00 100.00 100.00 -1000 1.74 5.89 2.86 -1000 39.47 0.07 480.201
car -1 -1 0.00 0.00 0.00 100.00 100.00 -1000 1.88 4.98 -12.63 -1000 23.63 1.72 467.976
car -1 -1 0.00 0.00 0.00 100.00 100.00 -1000 1.65 3.99 -7.08 -1000 40.19 1.66 467.562
car -1 -1 0.00 0.00 0.00 100.00 100.00 -1000 1.84 4.75 -14.78 -1000 24.94 1.67 454.573
car -1 -1 0.00 0.00 0.00 100.00 100.00 -1000 1.79 4.29 14.99 -1000 24.76 1.68 450.510
car -1 -1 0.00 0.00 0.00 100.00 100.00 -1000 1.59 4.08 15.08 -1000 31.44 -0.07 443.906
car -1 -1 0.00 0.00 0.00 100.00 100.00 -1000 1.69 3.99 -6.26 -1000 44.89 1.65 434.381
car -1 -1 0.00 0.00 0.00 100.00 100.00 -1000 1.43 3.33 6.28 -1000 7.07 -0.22 432.772
car -1 -1 0.00 0.00 0.00 100.00 100.00 -1000 1.78 4.21 7.45 -1000 41.26 1.66 426.565
car -1 -1 0.00 0.00 0.00 100.00 100.00 -1000 2.14 6.32 15.86 -1000 27.34 1.71 422.400
car -1 -1 0.00 0.00 0.00 100.00 100.00 -1000 2.03 5.42 -0.76 -1000 36.68 1.57 422.156
car -1 -1 0.00 0.00 0.00 100.00 100.00 -1000 1.68 4.06 14.67 -1000 38.69 1.70 421.436
car -1 -1 0.00 0.00 0.00 100.00 100.00 -1000 1.72 4.60 -1.53 -1000 40.53 1.68 419.767
car -1 -1 0.00 0.00 0.00 100.00 100.00 -1000 2.24 6.96 5.67 -1000 42.83 1.65 417.735
car -1 -1 0.00 0.00 0.00 100.00 100.00 -1000 1.85 4.18 15.64 -1000 47.09 1.54 417.375
car -1 -1 0.00 0.00 0.00 100.00 100.00 -1000 2.21 6.76 -2.10 -1000 34.17 1.62 412.454
car -1 -1 0.00 0.00 0.00 100.00 100.00 -1000 2.17 6.26 13.27 -1000 27.69 1.70 408.766
car -1 -1 0.00 0.00 0.00 100.00 100.00 -1000 1.78 4.24 4.77 -1000 39.64 1.62 401.528
car -1 -1 0.00 0.00 0.00 100.00 100.00 -1000 1.83 4.84 14.08 -1000 32.94 1.62 399.406
car -1 -1 0.00 0.00 0.00 100.00 100.00 -1000 2.34 7.15 10.33 -1000 45.23 1.60 398.493
car -1 -1 0.00 0.00 0.00 100.00 100.00 -1000 2.06 5.45 12.49 -1000 17.82 1.69 396.645
car -1 -1 0.00 0.00 0.00 100.00 100.00 -1000 1.83 5.42 -11.12 -1000 24.58 1.78 395.153
car -1 -1 0.00 0.00 0.00 100.00 100.00 -1000 2.11 6.04 2.06 -1000 46.50 1.68 389.224
car -1 -1 0.00 0.00 0.00 100.00 100.00 -1000 1.90 5.24 4.31 -1000 42.31 1.68 387.092
car -1 -1 0.00 0.00 0.00 100.00 100.00 -1000 2.34 6.01 10.36 -1000 35.26 1.57 382.017
car -1 -1 0.00 0.00 0.00 100.00 100.00 -1000 1.84 4.67 -1.10 -1000 42.69 1.61 381.795
car -1 -1 0.00 0.00 0.00 100.00 100.00 -1000 2.49 7.29 7.22 -1000 35.87 1.66 376.014
car -1 -1 0.00 0.00 0.00 100.00 100.00 -1000 2.07 5.26 11.44 -1000 27.31 1.69 370.153
car -1 -1 0.00 0.00 0.00 100.00 100.00 -1000 1.94 5.10 9.79 -1000 28.30 1.70 367.736
car -1 -1 0.00 0.00 0.00 100.00 100.00 -1000 1.80 4.72 5.53 -1000 29.20 1.61 367.490
car -1 -1 0.00 0.00 0.00 100.00 100.00 -1000 2.06 5.99 12.64 -1000 34.97 1.69 366.933
car -1 -1 0.00 0.00 0.00 100.00 100.00 -1000 1.78 4.69 -16.13 -1000 24.25 1.72 362.978
car -1 -1 0.00 0.00 0.00 100.00 100.00 -1000 1.80 4.76 6.78 -1000 46.78 1.65 359.020
car -1 -1 0.00 0.00 0.00 100.00 100.00 -1000 1.54 4.06 3.99 -1000 38.61 1.50 357.895
car -1 -1 0.00 0.00 0.00 100.00 100.00 -1000 1.74 4.15 -4.55 -1000 39.76 -0.03 357.256
car -1 -1 0.00 0.00 0.00 100.00 100.00 -1000 1.76 5.05 17.17 -1000 32.26 1.72 353.636
car -1 -1 0.00 0.00 0.00 100.00 100.00 -1000 1.84 4.99 6.37 -1000 32.39 -0.17 347.884
car -1 -1 0.00 0.00 0.00 100.00 100.00 -1000 1.88 4.25 18.45 -1000 47.22 -0.58 342.321
car -1 -1 0.00 0.00 0.00 100.00 100.00 -1000 1.86 4.59 -2.91 -1000 40.06 1.62 333.024
car -1 -1 0.00 0.00 0.00 100.00 100.00 -1000 2.15 6.46 11.98 -1000 44.72 1.58 326.488
car -1 -1 0.00 0.00 0.00 100.00 100.00 -1000 2.01 5.58 10.31 -1000 43.95 1.66 324.046
car -1 -1 0.00 0.00 0.00 100.00 100.00 -1000 1.80 5.00 17.08 -1000 25.81 1.71 315.480
car -1 -1 0.00 0.00 0.00 100.00 100.00 -1000 1.88 4.80 -1.22 -1000 46.61 1.69 314.038
car -1 -1 0.00 0.00 0.00 100.00 100.00 -1000 1.70 4.07 -12.41 -1000 43.60 1.64 310.794
car -1 -1 0.00 0.00 0.00 100.00 100.00 -1000 1.42 3.68 -8.21 -1000 44.24 -0.04 308.967
car -1 -1 0.00 0.00 0.00 100.00 100.00 -1000 2.16 6.32 14.97 -1000 28.14 1.69 308.356
car -1 -1 0.00 0.00 0.00 100.00 100.00 -1000 1.94 4.92 -3.19 -1000 36.78 1.57 307.759
car -1 -1 0.00 0.00 0.00 100.00 100.00 -1000 2.07 5.85 13.76 -1000 44.29 1.68 305.971
car -1 -1 0.00 0.00 0.00 100.00 100.00 -1000 1.54 2.92 -3.03 -1000 7.54 1.50 301.767
car -1 -1 0.00 0.00 0.00 100.00 100.00 -1000 1.71 4.52 11.09 -1000 28.78 1.68 301.204
car -1 -1 0.00 0.00 0.00 100.00 100.00 -1000 2.01 5.82 -12.05 -1000 26.22 1.66 297.916
car -1 -1 0.00 0.00 0.00 100.00 100.00 -1000 1.73 3.91 -1.50 -1000 31.95 0.13 295.449
car -1 -1 0.00 0.00 0.00 100.00 100.00 -1000 1.90 4.90 9.29 -1000 31.12 -0.14 295.113
car -1 -1 0.00 0.00 0.00 100.00 100.00 -1000 1.61 3.90 -8.65 -1000 39.84 1.64 295.074
car -1 -1 0.00 0.00 0.00 100.00 100.00 -1000 1.90 4.81 0.98 -1000 32.67 -0.21 289.665
car -1 -1 0.00 0.00 0.00 100.00 100.00 -1000 1.75 5.01 -1.32 -1000 44.81 1.67 286.948
car -1 -1 0.00 0.00 0.00 100.00 100.00 -1000 2.47 7.84 2.41 -1000 36.89 1.65 281.159
car -1 -1 0.00 0.00 0.00 100.00 100.00 -1000 1.46 3.43 -9.53 -1000 43.65 1.62 278.862
car -1 -1 0.00 0.00 0.00 100.00 100.00 -1000 1.90 4.69 12.38 -1000 31.24 1.69 276.807
car -1 -1 0.00 0.00 0.00 100.00 100.00 -1000 1.61 3.78 11.72 -1000 14.48 1.60 275.777
car -1 -1 0.00 0.00 0.00 100.00 100.00 -1000 1.47 3.49 10.47 -1000 41.42 1.56 272.773
car -1 -1 0.00 0.00 0.00 100.00 100.00 -1000 1.84 5.05 -16.01 -1000 23.12 1.74 271.770
car -1 -1 0.00 0.00 0.00 100.00 100.00 -1000 1.97 6.03 7.15 -1000 45.99 1.57 270.601
car -1 -1 0.00 0.00 0.00 100.00 100.00 -1000 1.69 4.28 -6.60 -1000 39.39 0.11 269.805
car -1 -1 0.00 0.00 0.00 100.00 100.00 -1000 1.60 4.04 8.23 -1000 9.02 1.71 269.107
car -1 -1 0.00 0.00 0.00 100.00 100.00 -1000 1.63 3.82 18.52 -1000 41.98 1.35 263.785
car -1 -1 0.00 0.00 0.00 100.00 100.00 -1000 1.94 5.10 14.36 -1000 30.77 1.67 262.553
car -1 -1 0.00 0.00 0.00 100.00 100.00 -1000 1.85 4.88 -12.78 -1000 32.57 1.68 261.381
car -1 -1 0.00 0.00 0.00 100.00 100.00 -1000 1.98 5.54 12.49 -1000 30.36 1.64 259.889
car -1 -1 0.00 0.00 0.00 100.00 100.00 -1000 1.92 5.07 -3.77 -1000 35.99 1.61 258.715
car -1 -1 0.00 0.00 0.00 100.00 100.00 -1000 2.14 5.89 8.38 -1000 10.61 1.63 258.121
car -1 -1 0.00 0.00 0.00 100.00 100.00 -1000 1.76 4.46 -0.37 -1000 47.23 1.76 254.532
car -1 -1 0.00 0.00 0.00 100.00 100.00 -1000 1.91 5.49 -11.95 -1000 22.61 1.71 254.306
car -1 -1 0.00 0.00 0.00 100.00 100.00 -1000 1.58 3.72 -7.46 -1000 43.56 1.64 253.198
car -1 -1 0.00 0.00 0.00 100.00 100.00 -1000 2.04 6.23 -10.42 -1000 25.42 1.77 250.751
car -1 -1 0.00 0.00 0.00 100.00 100.00 -1000 1.74 4.08 -10.48 -1000 44.23 1.65 249.232
car -1 -1 0.00 0.00 0.00 100.00 100.00 -1000 1.76 4.48 9.39 -1000 27.44 1.67 240.445
car -1 -1 0.00 0.00 0.00 100.00 100.00 -1000 1.75 4.68 -8.27 -1000 46.71 1.65 240.151
car -1 -1 0.00 0.00 0.00 100.00 100.00 -1000 1.69 3.99 6.43 -1000 28.38 1.43 239.848
car -1 -1 0.00 0.00 0.00 100.00 100.00 -1000 2.26 6.14 13.50 -1000 33.93 1.65 235.296
car -1 -1 0.00 0.00 0.00 100.00 100.00 -1000 1.84 5.31 -10.66 -1000 23.45 1.75 234.846
car -1 -1 0.00 0.00 0.00 100.00 100.00 -1000 1.61 3.20 12.35 -1000 39.68 1.45 232.376
car -1 -1 0.00 0.00 0.00 100.00 100.00 -1000 2.09 5.20 -6.32 -1000 35.52 1.59 228.253
car -1 -1 0.00 0.00 0.00 100.00 100.00 -1000 1.91 5.57 9.71 -1000 43.10 1.62 227.583
car -1 -1 0.00 0.00 0.00 100.00 100.00 -1000 1.57 4.29 18.43 -1000 45.98 -0.22 225.727
car -1 -1 0.00 0.00 0.00 100.00 100.00 -1000 2.02 5.27 1.35 -1000 47.62 1.57 222.901
car -1 -1 0.00 0.00 0.00 100.00 100.00 -1000 1.84 5.58 6.94 -1000 39.67 1.70 220.455
car -1 -1 0.00 0.00 0.00 100.00 100.00 -1000 2.14 5.46 -4.60 -1000 32.31 1.58 213.163
car -1 -1 0.00 0.00 0.00 100.00 100.00 -1000 1.42 3.64 -3.09 -1000 45.51 -0.12 212.031
