car -1 -1 0.00 0.00 0.00 100.00 100.00 -1000 1.86 4.25 -4.56 -1000 11.75 1.50 999.644
car -1 -1 0.00 0.00 0.00 100.00 100.00 -1000 1.70 4.20 -5.04 -1000 10.94 -0.37 997.251
car -1 -1 0.00 0.00 0.00 100.00 100.00 -1000 1.70 3.89 -4.20 -1000 12.61 1.61 995.316
car -1 -1 0.00 0.00 0.00 100.00 100.00 -1000 1.75 4.18 -1.61 -1000 14.36 1.57 993.001
car -1 -1 0.00 0.00 0.00 100.00 100.00 -1000 1.74 4.43 -2.77 -1000 14.87 1.53 992.924
car -1 -1 0.00 0.00 0.00 100.00 100.00 -1000 1.72 4.00 -0.20 -1000 16.32 1.55 987.722
car -1 -1 0.00 0.00 0.00 100.00 100.00 -1000 2.01 5.26 -6.42 -1000 15.30 1.52 984.763
car -1 -1 0.00 0.00 0.00 100.00 100.00 -1000 1.58 3.59 0.21 -1000 14.76 1.66 979.864
car -1 -1 0.00 0.00 0.00 100.00 100.00 -1000 1.66 3.69 1.14 -1000 15.90 1.58 977.868
car -1 -1 0.00 0.00 0.00 100.00 100.00 -1000 2.01 5.08 -4.84 -1000 14.85 1.56 974.788
car -1 -1 0.00 0.00 0.00 100.00 100.00 -1000 1.68 3.82 -2.76 -1000 12.78 1.65 971.701
car -1 -1 0.00 0.00 0.00 100.00 100.00 -1000 1.55 3.37 7.34 -1000 13.21 1.62 958.042
car -1 -1 0.00 0.00 0.00 100.00 100.00 -1000 1.69 3.91 -4.05 -1000 16.83 1.60 949.283
car -1 -1 0.00 0.00 0.00 100.00 100.00 -1000 1.56 3.61 1.89 -1000 14.43 1.66 947.521
car -1 -1 0.00 0.00 0.00 100.00 100.00 -1000 2.02 5.11 -1.61 -1000 19.78 1.52 946.278
car -1 -1 0.00 0.00 0.00 100.00 100.00 -1000 1.61 3.72 -2.66 -1000 13.80 1.60 938.452
car -1 -1 0.00 0.00 0.00 100.00 100.00 -1000 1.63 3.63 -1.65 -1000 16.45 1.60 937.525
car -1 -1 0.00 0.00 0.00 100.00 100.00 -1000 1.68 3.92 -4.46 -1000 13.47 1.63 935.958
car -1 -1 0.00 0.00 0.00 100.00 100.00 -1000 1.62 3.91 0.93 -1000 16.71 1.61 928.953
car -1 -1 0.00 0.00 0.00 100.00 100.00 -1000 1.58 3.46 -6.36 -1000 11.73 1.61 927.841
car -1 -1 0.00 0.00 0.00 100.00 100.00 -1000 1.61 3.75 2.92 -1000 15.85 1.62 922.950
car -1 -1 0.00 0.00 0.00 100.00 100.00 -1000 1.61 3.82 5.21 -1000 18.29 -0.11 921.424
car -1 -1 0.00 0.00 0.00 100.00 100.00 -1000 1.58 3.68 -0.93 -1000 15.24 1.64 919.058
car -1 -1 0.00 0.00 0.00 100.00 100.00 -1000 1.57 3.70 6.06 -1000 6.98 -0.28 915.706
car -1 -1 0.00 0.00 0.00 100.00 100.00 -1000 1.54 3.56 3.80 -1000 19.62 1.63 906.600
car -1 -1 0.00 0.00 0.00 100.00 100.00 -1000 1.64 3.77 -1.78 -1000 12.14 1.56 903.795
car -1 -1 0.00 0.00 0.00 100.00 100.00 -1000 1.58 3.67 0.45 -1000 29.90 1.59 903.323
car -1 -1 0.00 0.00 0.00 100.00 100.00 -1000 1.70 4.11 -5.68 -1000 12.82 1.50 903.117
car -1 -1 0.00 0.00 0.00 100.00 100.00 -1000 2.98 9.40 -0.19 -1000 23.12 1.51 901.943
car -1 -1 0.00 0.00 0.00 100.00 100.00 -1000 1.56 3.51 1.81 -1000 15.28 -0.14 896.657
car -1 -1 0.00 0.00 0.00 100.00 100.00 -1000 1.58 3.63 4.72 -1000 19.04 1.65 895.898
car -1 -1 0.00 0.00 0.00 100.00 100.00 -1000 1.63 4.15 5.02 -1000 10.78 -0.25 893.656
car -1 -1 0.00 0.00 0.00 100.00 100.00 -1000 1.59 3.64 0.29 -1000 19.92 1.57 892.008
car -1 -1 0.00 0.00 0.00 100.00 100.00 -1000 1.58 3.60 1.90 -1000 19.93 1.59 887.870
car -1 -1 0.00 0.00 0.00 100.00 100.00 -1000 1.49 3.21 3.79 -1000 14.07 1.61 885.031
car -1 -1 0.00 0.00 0.00 100.00 100.00 -1000 1.60 3.82 -7.83 -1000 10.91 1.55 884.722
car -1 -1 0.00 0.00 0.00 100.00 100.00 -1000 1.49 3.26 1.28 -1000 13.77 1.61 884.566
car -1 -1 0.00 0.00 0.00 100.00 100.00 -1000 1.57 3.59 5.17 -1000 6.08 1.75 876.729
car -1 -1 0.00 0.00 0.00 100.00 100.00 -1000 1.51 3.38 -0.21 -1000 12.88 1.63 875.778
car -1 -1 0.00 0.00 0.00 100.00 100.00 -1000 1.53 3.31 6.18 -1000 13.55 1.61 873.460
car -1 -1 0.00 0.00 0.00 100.00 100.00 -1000 1.44 3.42 4.62 -1000 5.41 -0.18 865.235
car -1 -1 0.00 0.00 0.00 100.00 100.00 -1000 1.49 3.35 3.33 -1000 15.06 -0.10 861.044
car -1 -1 0.00 0.00 0.00 100.00 100.00 -1000 1.63 3.71 6.90 -1000 12.50 -0.11 857.629
car -1 -1 0.00 0.00 0.00 100.00 100.00 -1000 1.52 4.38 4.05 -1000 17.66 -0.09 856.598
car -1 -1 0.00 0.00 0.00 100.00 100.00 -1000 2.11 5.39 -4.19 -1000 15.81 1.54 854.212
car -1 -1 0.00 0.00 0.00 100.00 100.00 -1000 2.19 5.90 -6.50 -1000 20.09 1.57 852.038
car -1 -1 0.00 0.00 0.00 100.00 100.00 -1000 1.65 3.91 -0.87 -1000 17.27 1.61 849.442
car -1 -1 0.00 0.00 0.00 100.00 100.00 -1000 1.62 3.68 -1.34 -1000 13.36 1.70 848.629
car -1 -1 0.00 0.00 0.00 100.00 100.00 -1000 1.56 3.55 -3.10 -1000 16.27 1.56 846.721
car -1 -1 0.00 0.00 0.00 100.00 100.00 -1000 1.66 3.98 -2.83 -1000 17.25 1.61 844.461
car -1 -1 0.00 0.00 0.00 100.00 100.00 -1000 1.70 3.84 -5.65 -1000 17.20 1.52 841.684
car -1 -1 0.00 0.00 0.00 100.00 100.00 -1000 1.61 3.77 -2.17 -1000 15.78 1.63 834.906
car -1 -1 0.00 0.00 0.00 100.00 100.00 -1000 1.58 3.70 6.50 -1000 18.99 1.66 833.179
car -1 -1 0.00 0.00 0.00 100.00 100.00 -1000 1.61 3.93 0.83 -1000 29.15 -0.18 833.044
car -1 -1 0.00 0.00 0.00 100.00 100.00 -1000 1.51 3.27 3.59 -1000 18.67 1.64 832.122
car -1 -1 0.00 0.00 0.00 100.00 100.00 -1000 1.52 3.46 1.85 -1000 13.11 -0.18 825.202
car -1 -1 0.00 0.00 0.00 100.00 100.00 -1000 1.55 3.98 -2.88 -1000 11.74 -0.26 823.090
car -1 -1 0.00 0.00 0.00 100.00 100.00 -1000 2.57 7.77 -1.96 -1000 20.57 1.54 819.044
car -1 -1 0.00 0.00 0.00 100.00 100.00 -1000 1.62 3.83 5.08 -1000 19.93 1.63 810.738
car -1 -1 0.00 0.00 0.00 100.00 100.00 -1000 1.60 5.10 -3.84 -1000 10.31 -0.15 807.891
car -1 -1 0.00 0.00 0.00 100.00 100.00 -1000 1.49 3.62 7.83 -1000 14.17 -0.26 804.006
car -1 -1 0.00 0.00 0.00 100.00 100.00 -1000 1.54 3.84 6.57 -1000 7.64 -0.34 796.802
car -1 -1 0.00 0.00 0.00 100.00 100.00 -1000 1.61 3.73 5.17 -1000 12.08 1.61 794.193
car -1 -1 0.00 0.00 0.00 100.00 100.00 -1000 1.57 3.77 6.59 -1000 17.92 -0.26 792.716
car -1 -1 0.00 0.00 0.00 100.00 100.00 -1000 1.73 4.19 -6.94 -1000 19.28 1.55 788.460
car -1 -1 0.00 0.00 0.00 100.00 100.00 -1000 2.77 9.62 3.27 -1000 22.92 1.52 784.927
car -1 -1 0.00 0.00 0.00 100.00 100.00 -1000 1.56 3.50 -0.16 -1000 13.87 1.65 784.671
car -1 -1 0.00 0.00 0.00 100.00 100.00 -1000 2.37 6.18 -1.02 -1000 22.01 1.57 779.385
car -1 -1 0.00 0.00 0.00 100.00 100.00 -1000 1.96 4.65 -2.36 -1000 18.98 1.56 777.263
car -1 -1 0.00 0.00 0.00 100.00 100.00 -1000 1.64 3.74 2.54 -1000 19.14 1.64 776.186
car -1 -1 0.00 0.00 0.00 100.00 100.00 -1000 1.50 3.61 1.42 -1000 18.28 -0.10 775.778
car -1 -1 0.00 0.00 0.00 100.00 100.00 -1000 1.73 4.15 -6.97 -1000 13.73 1.51 772.634
car -1 -1 0.00 0.00 0.00 100.00 100.00 -1000 2.12 5.07 -7.23 -1000 14.53 1.55 763.848
car -1 -1 0.00 0.00 0.00 100.00 100.00 -1000 1.55 3.34 4.13 -1000 6.55 1.52 751.334
car -1 -1 0.00 0.00 0.00 100.00 100.00 -1000 1.71 3.75 -2.47 -1000 18.07 1.59 742.915
car -1 -1 0.00 0.00 0.00 100.00 100.00 -1000 1.54 3.46 8.64 -1000 12.96 1.64 738.154
car -1 -1 0.00 0.00 0.00 100.00 100.00 -1000 1.94 4.74 3.62 -1000 20.31 1.66 720.559
car -1 -1 0.00 0.00 0.00 100.00 100.00 -1000 1.55 3.39 5.32 -1000 14.00 1.68 713.435
car -1 -1 0.00 0.00 0.00 100.00 100.00 -1000 1.60 3.41 -8.23 -1000 11.67 1.59 712.455
car -1 -1 0.00 0.00 0.00 100.00 100.00 -1000 1.87 4.29 -5.79 -1000 16.25 1.58 710.087
car -1 -1 0.00 0.00 0.00 100.00 100.00 -1000 2.68 8.29 -3.83 -1000 21.30 1.52 700.793
car -1 -1 0.00 0.00 0.00 100.00 100.00 -1000 1.86 4.58 8.25 -1000 14.88 1.57 693.849
car -1 -1 0.00 0.00 0.00 100.00 100.00 -1000 1.64 3.85 1.99 -1000 17.36 1.54 683.449
car -1 -1 0.00 0.00 0.00 100.00 100.00 -1000 1.61 3.59 2.78 -1000 13.53 1.63 682.420
car -1 -1 0.00 0.00 0.00 100.00 100.00 -1000 2.63 8.88 5.78 -1000 22.07 1.64 680.150
car -1 -1 0.00 0.00 0.00 100.00 100.00 -1000 1.65 3.79 0.89 -1000 19.11 1.58 679.223
car -1 -1 0.00 0.00 0.00 100.00 100.00 -1000 2.79 9.49 2.16 -1000 21.95 1.59 673.130
car -1 -1 0.00 0.00 0.00 100.00 100.00 -1000 1.53 3.54 -8.42 -1000 9.82 -0.06 672.609
car -1 -1 0.00 0.00 0.00 100.00 100.00 -1000 1.74 4.17 6.75 -1000 19.98 1.65 669.179
car -1 -1 0.00 0.00 0.00 100.00 100.00 -1000 2.24 6.43 -4.94 -1000 19.23 1.59 663.804
car -1 -1 0.00 0.00 0.00 100.00 100.00 -1000 1.60 3.55 4.58 -1000 13.41 1.56 641.204
car -1 -1 0.00 0.00 0.00 100.00 100.00 -1000 1.59 3.66 1.72 -1000 30.48 1.66 635.102
car -1 -1 0.00 0.00 0.00 100.00 100.00 -1000 1.80 4.13 -7.32 -1000 12.47 1.60 626.173
car -1 -1 0.00 0.00 0.00 100.00 100.00 -1000 1.81 3.87 -1.06 -1000 18.62 1.58 624.012
car -1 -1 0.00 0.00 0.00 100.00 100.00 -1000 1.54 3.38 -6.47 -1000 10.57 1.61 622.244
car -1 -1 0.00 0.00 0.00 100.00 100.00 -1000 1.73 4.13 4.50 -1000 16.04 1.66 615.285
car -1 -1 0.00 0.00 0.00 100.00 100.00 -1000 1.68 3.69 5.59 -1000 17.39 1.59 612.455
car -1 -1 0.00 0.00 0.00 100.00 100.00 -1000 2.05 5.47 -5.02 -1000 9.78 1.49 610.484
car -1 -1 0.00 0.00 0.00 100.00 100.00 -1000 1.61 3.35 4.32 -1000 11.42 1.59 608.135
car -1 -1 0.00 0.00 0.00 100.00 100.00 -1000 1.54 3.69 4.82 -1000 15.02 -0.09 594.797
car -1 -1 0.00 0.00 0.00 100.00 100.00 -1000 1.63 3.88 -7.31 -1000 17.66 1.55 594.378
car -1 -1 0.00 0.00 0.00 100.00 100.00 -1000 1.51 3.67 9.35 -1000 12.21 -0.15 585.925
car -1 -1 0.00 0.00 0.00 100.00 100.00 -1000 1.55 3.44 5.52 -1000 12.92 -0.08 584.286
car -1 -1 0.00 0.00 0.00 100.00 100.00 -1000 1.58 3.62 9.78 -1000 13.29 1.60 579.608
car -1 -1 0.00 0.00 0.00 100.00 100.00 -1000 2.16 6.34 -2.34 -1000 23.25 1.63 579.007
car -1 -1 0.00 0.00 0.00 100.00 100.00 -1000 1.45 3.61 5.92 -1000 14.60 -0.14 571.507
car -1 -1 0.00 0.00 0.00 100.00 100.00 -1000 2.07 4.95 -6.07 -1000 18.49 1.61 571.373
car -1 -1 0.00 0.00 0.00 100.00 100.00 -1000 2.30 7.04 -3.11 -1000 22.39 1.67 571.154
car -1 -1 0.00 0.00 0.00 100.00 100.00 -1000 1.50 3.79 3.01 -1000 16.94 1.40 559.862
car -1 -1 0.00 0.00 0.00 100.00 100.00 -1000 1.45 3.46 1.44 -1000 28.50 -0.09 559.145
car -1 -1 0.00 0.00 0.00 100.00 100.00 -1000 1.94 5.09 -3.78 -1000 18.42 1.66 558.985
car -1 -1 0.00 0.00 0.00 100.00 100.00 -1000 1.81 4.70 0.30 -1000 30.94 1.62 552.252
car -1 -1 0.00 0.00 0.00 100.00 100.00 -1000 1.82 4.22 -8.00 -1000 15.67 1.52 548.257
car -1 -1 0.00 0.00 0.00 100.00 100.00 -1000 1.61 3.65 6.20 -1000 5.70 1.65 545.160
car -1 -1 0.00 0.00 0.00 100.00 100.00 -1000 1.60 3.74 6.12 -1000 8.39 1.57 535.358
car -1 -1 0.00 0.00 0.00 100.00 100.00 -1000 2.31 7.00 5.91 -1000 21.16 1.65 533.162
car -1 -1 0.00 0.00 0.00 100.00 100.00 -1000 1.55 4.13 6.94 -1000 10.67 -0.11 526.163
car -1 -1 0.00 0.00 0.00 100.00 100.00 -1000 1.77 4.15 9.89 -1000 14.14 1.59 521.973
car -1 -1 0.00 0.00 0.00 100.00 100.00 -1000 1.80 4.53 2.64 -1000 29.51 1.68 521.205
car -1 -1 0.00 0.00 0.00 100.00 100.00 -1000 2.18 6.04 0.40 -1000 21.21 1.57 519.127
car -1 -1 0.00 0.00 0.00 100.00 100.00 -1000 2.23 6.61 3.12 -1000 21.03 1.63 516.953
car -1 -1 0.00 0.00 0.00 100.00 100.00 -1000 1.72 3.75 -0.01 -1000 18.20 1.60 515.690
car -1 -1 0.00 0.00 0.00 100.00 100.00 -1000 1.59 4.98 5.13 -1000 10.05 -0.21 513.867
car -1 -1 0.00 0.00 0.00 100.00 100.00 -1000 2.12 6.79 8.25 -1000 21.71 1.65 503.486
car -1 -1 0.00 0.00 0.00 100.00 100.00 -1000 2.01 5.49 9.08 -1000 15.67 1.54 490.984
car -1 -1 0.00 0.00 0.00 100.00 100.00 -1000 1.76 3.95 7.86 -1000 18.67 1.67 483.580
car -1 -1 0.00 0.00 0.00 100.00 100.00 -1000 1.55 3.57 -0.61 -1000 29.50 0.07 461.350
car -1 -1 0.00 0.00 0.00 100.00 100.00 -1000 2.03 5.04 1.00 -1000 32.74 1.54 460.070
car -1 -1 0.00 0.00 0.00 100.00 100.00 -1000 1.86 4.64 -8.01 -1000 18.57 1.53 451.441
car -1 -1 0.00 0.00 0.00 100.00 100.00 -1000 1.59 4.67 1.57 -1000 12.35 -0.23 439.464
car -1 -1 0.00 0.00 0.00 100.00 100.00 -1000 1.70 3.99 -7.86 -1000 16.93 1.58 432.914
car -1 -1 0.00 0.00 0.00 100.00 100.00 -1000 1.69 3.78 3.40 -1000 5.84 1.54 431.468
car -1 -1 0.00 0.00 0.00 100.00 100.00 -1000 1.71 3.97 10.52 -1000 12.60 1.70 421.275
car -1 -1 0.00 0.00 0.00 100.00 100.00 -1000 6.26 11.05 -4.33 -1000 7.92 -0.04 417.723
car -1 -1 0.00 0.00 0.00 100.00 100.00 -1000 1.92 4.79 6.13 -1000 15.73 1.63 415.662
car -1 -1 0.00 0.00 0.00 100.00 100.00 -1000 2.25 7.35 1.92 -1000 24.06 1.62 413.092
car -1 -1 0.00 0.00 0.00 100.00 100.00 -1000 3.09 4.38 -4.31 -1000 7.29 -0.10 391.633
car -1 -1 0.00 0.00 0.00 100.00 100.00 -1000 1.74 4.55 -5.53 -1000 14.07 -0.09 381.076
car -1 -1 0.00 0.00 0.00 100.00 100.00 -1000 1.73 6.99 -4.27 -1000 8.14 0.18 380.038
car -1 -1 0.00 0.00 0.00 100.00 100.00 -1000 2.04 6.05 9.09 -1000 20.89 1.67 376.496
car -1 -1 0.00 0.00 0.00 100.00 100.00 -1000 1.70 4.34 7.84 -1000 8.07 1.68 374.073
car -1 -1 0.00 0.00 0.00 100.00 100.00 -1000 1.66 4.44 6.56 -1000 16.77 -0.23 373.990
car -1 -1 0.00 0.00 0.00 100.00 100.00 -1000 1.46 4.03 15.20 -1000 18.47 0.04 367.735
car -1 -1 0.00 0.00 0.00 100.00 100.00 -1000 1.66 3.81 5.75 -1000 4.87 1.60 363.727
car -1 -1 0.00 0.00 0.00 100.00 100.00 -1000 1.55 3.50 4.55 -1000 7.44 1.50 360.471
car -1 -1 0.00 0.00 0.00 100.00 100.00 -1000 1.63 3.69 7.42 -1000 6.43 1.60 356.416
car -1 -1 0.00 0.00 0.00 100.00 100.00 -1000 1.55 4.12 3.67 -1000 28.89 -0.10 354.696
car -1 -1 0.00 0.00 0.00 100.00 100.00 -1000 1.58 3.98 -1.00 -1000 30.45 1.59 354.432
car -1 -1 0.00 0.00 0.00 100.00 100.00 -1000 1.45 3.55 11.45 -1000 13.49 -0.14 340.089
car -1 -1 0.00 0.00 0.00 100.00 100.00 -1000 1.98 4.90 1.53 -1000 31.85 1.58 333.711
car -1 -1 0.00 0.00 0.00 100.00 100.00 -1000 2.06 6.20 3.39 -1000 32.14 1.64 315.366
car -1 -1 0.00 0.00 0.00 100.00 100.00 -1000 1.66 3.91 -9.45 -1000 10.51 1.58 310.781
car -1 -1 0.00 0.00 0.00 100.00 100.00 -1000 1.91 5.20 8.68 -1000 19.94 1.64 305.140
car -1 -1 0.00 0.00 0.00 100.00 100.00 -1000 2.16 4.79 -8.89 -1000 12.95 1.55 298.792
car -1 -1 0.00 0.00 0.00 100.00 100.00 -1000 1.78 4.25 6.87 -1000 9.45 1.56 296.095
car -1 -1 0.00 0.00 0.00 100.00 100.00 -1000 1.71 4.35 -9.39 -1000 16.03 1.56 294.759
car -1 -1 0.00 0.00 0.00 100.00 100.00 -1000 1.83 4.05 -11.23 -1000 17.57 1.62 290.516
car -1 -1 0.00 0.00 0.00 100.00 100.00 -1000 1.93 4.31 -8.94 -1000 15.03 1.50 284.992
car -1 -1 0.00 0.00 0.00 100.00 100.00 -1000 2.24 6.30 -1.26 -1000 24.05 1.63 280.648
car -1 -1 0.00 0.00 0.00 100.00 100.00 -1000 1.95 4.38 9.69 -1000 11.38 1.61 276.318
car -1 -1 0.00 0.00 0.00 100.00 100.00 -1000 1.59 3.17 -0.23 -1000 28.73 1.55 270.910
car -1 -1 0.00 0.00 0.00 100.00 100.00 -1000 1.80 4.21 3.91 -1000 12.77 1.43 269.713
car -1 -1 0.00 0.00 0.00 100.00 100.00 -1000 1.54 3.86 15.81 -1000 19.19 -0.18 262.803
car -1 -1 0.00 0.00 0.00 100.00 100.00 -1000 1.74 4.48 -2.55 -1000 30.06 1.64 259.031
car -1 -1 0.00 0.00 0.00 100.00 100.00 -1000 1.97 4.82 -9.64 -1000 17.18 1.67 250.822
car -1 -1 0.00 0.00 0.00 100.00 100.00 -1000 2.07 4.75 8.38 -1000 17.86 1.64 250.027
car -1 -1 0.00 0.00 0.00 100.00 100.00 -1000 2.16 6.00 10.13 -1000 14.98 1.59 249.253
car -1 -1 0.00 0.00 0.00 100.00 100.00 -1000 1.66 4.01 -4.40 -1000 17.67 -0.27 247.755
car -1 -1 0.00 0.00 0.00 100.00 100.00 -1000 2.04 6.14 10.54 -1000 16.17 1.61 246.751
car -1 -1 0.00 0.00 0.00 100.00 100.00 -1000 1.84 4.54 3.57 -1000 30.14 1.64 245.506
car -1 -1 0.00 0.00 0.00 100.00 100.00 -1000 1.83 4.88 3.00 -1000 31.24 1.64 243.800
car -1 -1 0.00 0.00 0.00 100.00 100.00 -1000 1.79 4.72 9.48 -1000 19.14 1.67 242.624
car -1 -1 0.00 0.00 0.00 100.00 100.00 -1000 1.91 5.29 4.43 -1000 32.90 1.66 233.616
car -1 -1 0.00 0.00 0.00 100.00 100.00 -1000 1.80 5.14 -11.53 -1000 16.22 1.61 226.707
car -1 -1 0.00 0.00 0.00 100.00 100.00 -1000 1.68 4.10 -1.78 -1000 28.94 1.64 224.860
car -1 -1 0.00 0.00 0.00 100.00 100.00 -1000 1.92 5.71 5.09 -1000 31.66 1.65 218.175
car -1 -1 0.00 0.00 0.00 100.00 100.00 -1000 1.49 3.33 7.79 -1000 7.39 -0.04 213.186
car -1 -1 0.00 0.00 0.00 100.00 100.00 -1000 1.80 4.18 -0.52 -1000 20.52 -0.16 212.307
car -1 -1 0.00 0.00 0.00 100.00 100.00 -1000 2.26 9.30 7.70 -1000 22.69 1.63 210.731
car -1 -1 0.00 0.00 0.00 100.00 100.00 -1000 1.83 4.56 6.04 -1000 30.50 1.66 204.722
car -1 -1 0.00 0.00 0.00 100.00 100.00 -1000 4.00 11.47 -3.48 -1000 22.40 1.27 198.640
car -1 -1 0.00 0.00 0.00 100.00 100.00 -1000 1.57 4.24 -8.02 -1000 9.10 -0.11 196.169
car -1 -1 0.00 0.00 0.00 100.00 100.00 -1000 2.05 5.09 13.02 -1000 19.10 1.62 189.750
car -1 -1 0.00 0.00 0.00 100.00 100.00 -1000 2.34 6.99 -5.49 -1000 8.94 1.18 188.399
car -1 -1 0.00 0.00 0.00 100.00 100.00 -1000 1.86 4.75 6.93 -1000 28.88 1.65 178.279
car -1 -1 0.00 0.00 0.00 100.00 100.00 -1000 2.28 6.83 8.63 -1000 16.71 1.61 175.619
car -1 -1 0.00 0.00 0.00 100.00 100.00 -1000 2.01 5.74 -2.57 -1000 31.60 1.64 174.070
car -1 -1 0.00 0.00 0.00 100.00 100.00 -1000 1.63 4.45 8.74 -1000 10.73 -0.20 173.276
car -1 -1 0.00 0.00 0.00 100.00 100.00 -1000 1.73 4.68 -1.70 -1000 20.98 -0.10 164.929
car -1 -1 0.00 0.00 0.00 100.00 100.00 -1000 1.84 4.41 -9.35 -1000 13.83 -0.07 163.047
car -1 -1 0.00 0.00 0.00 100.00 100.00 -1000 1.68 6.80 3.28 -1000 11.09 0.10 162.967
car -1 -1 0.00 0.00 0.00 100.00 100.00 -1000 2.00 5.22 -0.71 -1000 31.82 1.57 158.847
car -1 -1 0.00 0.00 0.00 100.00 100.00 -1000 1.90 4.88 3.21 -1000 41.80 1.58 155.919
car -1 -1 0.00 0.00 0.00 100.00 100.00 -1000 2.03 5.67 2.64 -1000 33.37 1.60 151.897
car -1 -1 0.00 0.00 0.00 100.00 100.00 -1000 1.90 5.09 8.53 -1000 8.99 1.63 151.146
car -1 -1 0.00 0.00 0.00 100.00 100.00 -1000 2.02 6.38 3.47 -1000 24.94 1.56 149.116
car -1 -1 0.00 0.00 0.00 100.00 100.00 -1000 2.24 8.28 5.47 -1000 23.58 1.57 147.604
car -1 -1 0.00 0.00 0.00 100.00 100.00 -1000 2.07 4.82 -9.60 -1000 12.10 1.54 144.652
car -1 -1 0.00 0.00 0.00 100.00 100.00 -1000 2.18 6.33 11.17 -1000 17.10 1.62 141.555
car -1 -1 0.00 0.00 0.00 100.00 100.00 -1000 2.21 5.56 11.30 -1000 18.68 1.59 136.796
car -1 -1 0.00 0.00 0.00 100.00 100.00 -1000 2.16 5.27 13.28 -1000 17.82 1.64 133.783
car -1 -1 0.00 0.00 0.00 100.00 100.00 -1000 2.02 5.54 3.76 -1000 34.07 1.58 131.438
car -1 -1 0.00 0.00 0.00 100.00 100.00 -1000 1.67 4.58 -10.05 -1000 11.23 1.58 131.038
car -1 -1 0.00 0.00 0.00 100.00 100.00 -1000 1.81 4.50 6.93 -1000 27.25 1.64 129.643
car -1 -1 0.00 0.00 0.00 100.00 100.00 -1000 2.29 5.55 -10.44 -1000 15.39 1.54 127.974
car -1 -1 0.00 0.00 0.00 100.00 100.00 -1000 2.02 5.57 11.73 -1000 14.54 1.64 127.663
car -1 -1 0.00 0.00 0.00 100.00 100.00 -1000 1.70 4.58 15.71 -1000 17.78 1.61 126.470
car -1 -1 0.00 0.00 0.00 100.00 100.00 -1000 2.13 7.36 0.15 -1000 24.95 1.53 126.423
car -1 -1 0.00 0.00 0.00 100.00 100.00 -1000 1.59 4.62 11.32 -1000 12.02 0.00 125.264
car -1 -1 0.00 0.00 0.00 100.00 100.00 -1000 2.02 3.82 3.02 -1000 11.97 1.52 122.598
car -1 -1 0.00 0.00 0.00 100.00 100.00 -1000 1.71 4.68 7.32 -1000 4.72 1.60 120.559
car -1 -1 0.00 0.00 0.00 100.00 100.00 -1000 1.97 4.40 -8.26 -1000 19.76 1.64 119.482
car -1 -1 0.00 0.00 0.00 100.00 100.00 -1000 1.55 4.36 4.24 -1000 28.05 0.08 118.394
car -1 -1 0.00 0.00 0.00 100.00 100.00 -1000 1.79 5.20 3.26 -1000 27.51 1.60 117.725
car -1 -1 0.00 0.00 0.00 100.00 100.00 -1000 2.09 4.74 -12.23 -1000 17.00 1.53 116.646
car -1 -1 0.00 0.00 0.00 100.00 100.00 -1000 2.06 4.45 3.77 -1000 40.32 1.57 116.465
car -1 -1 0.00 0.00 0.00 100.00 100.00 -1000 2.09 5.30 5.18 -1000 29.72 1.63 114.737
car -1 -1 0.00 0.00 0.00 100.00 100.00 -1000 1.72 5.65 0.23 -1000 28.12 -0.02 114.730
car -1 -1 0.00 0.00 0.00 100.00 100.00 -1000 2.60 8.32 -6.85 -1000 20.95 1.73 114.135
car -1 -1 0.00 0.00 0.00 100.00 100.00 -1000 1.79 4.17 -16.58 -1000 4.66 1.67 113.576
car -1 -1 0.00 0.00 0.00 100.00 100.00 -1000 1.84 4.69 -10.78 -1000 9.53 1.63 112.724
car -1 -1 0.00 0.00 0.00 100.00 100.00 -1000 1.77 4.58 2.08 -1000 39.50 1.63 110.754
car -1 -1 0.00 0.00 0.00 100.00 100.00 -1000 1.85 4.60 15.00 -1000 12.70 1.63 107.871
car -1 -1 0.00 0.00 0.00 100.00 100.00 -1000 1.98 5.33 -1.90 -1000 32.41 1.68 107.003
car -1 -1 0.00 0.00 0.00 100.00 100.00 -1000 1.78 4.74 8.03 -1000 5.56 1.64 102.823
car -1 -1 0.00 0.00 0.00 100.00 100.00 -1000 1.94 5.19 14.81 -1000 11.10 1.58 100.857
car -1 -1 0.00 0.00 0.00 100.00 100.00 -1000 2.22 5.63 -0.32 -1000 33.49 1.60 99.161
car -1 -1 0.00 0.00 0.00 100.00 100.00 -1000 1.90 5.19 -6.07 -1000 21.68 1.57 98.993
car -1 -1 0.00 0.00 0.00 100.00 100.00 -1000 1.91 5.25 6.84 -1000 41.65 1.66 98.947
car -1 -1 0.00 0.00 0.00 100.00 100.00 -1000 1.81 4.29 8.89 -1000 6.74 1.70 98.881
car -1 -1 0.00 0.00 0.00 100.00 100.00 -1000 1.93 5.44 -14.27 -1000 15.95 1.60 97.537
car -1 -1 0.00 0.00 0.00 100.00 100.00 -1000 1.82 4.79 12.18 -1000 35.41 1.63 95.611
car -1 -1 0.00 0.00 0.00 100.00 100.00 -1000 2.02 4.86 14.03 -1000 19.73 1.66 93.986
car -1 -1 0.00 0.00 0.00 100.00 100.00 -1000 1.87 4.29 -16.56 -1000 3.04 1.65 93.601
car -1 -1 0.00 0.00 0.00 100.00 100.00 -1000 1.90 5.07 -11.25 -1000 12.74 1.62 93.500
car -1 -1 0.00 0.00 0.00 100.00 100.00 -1000 2.11 7.59 3.29 -1000 5.01 0.19 92.961
car -1 -1 0.00 0.00 0.00 100.00 100.00 -1000 1.78 5.10 12.65 -1000 12.77 1.65 91.071
car -1 -1 0.00 0.00 0.00 100.00 100.00 -1000 1.69 4.84 -16.70 -1000 5.75 1.66 90.909
car -1 -1 0.00 0.00 0.00 100.00 100.00 -1000 1.85 4.52 10.10 -1000 4.64 1.62 90.885
car -1 -1 0.00 0.00 0.00 100.00 100.00 -1000 1.94 5.74 11.76 -1000 11.26 1.62 88.085
car -1 -1 0.00 0.00 0.00 100.00 100.00 -1000 1.77 4.36 -16.60 -1000 22.39 1.67 87.317
car -1 -1 0.00 0.00 0.00 100.00 100.00 -1000 1.77 4.38 -16.60 -1000 24.00 1.67 86.719
car -1 -1 0.00 0.00 0.00 100.00 100.00 -1000 1.89 4.78 11.98 -1000 36.61 1.56 85.920
car -1 -1 0.00 0.00 0.00 100.00 100.00 -1000 2.29 6.38 11.16 -1000 20.43 1.72 85.864
car -1 -1 0.00 0.00 0.00 100.00 100.00 -1000 2.13 3.72 3.64 -1000 10.45 1.39 85.597
car -1 -1 0.00 0.00 0.00 100.00 100.00 -1000 1.77 5.29 -11.19 -1000 10.67 1.56 84.339
car -1 -1 0.00 0.00 0.00 100.00 100.00 -1000 1.97 4.46 1.36 -1000 27.55 1.71 83.965
car -1 -1 0.00 0.00 0.00 100.00 100.00 -1000 1.78 4.45 -16.60 -1000 25.61 1.67 83.024
car -1 -1 0.00 0.00 0.00 100.00 100.00 -1000 2.11 4.46 -0.31 -1000 12.05 1.57 82.493
car -1 -1 0.00 0.00 0.00 100.00 100.00 -1000 1.84 4.81 -16.63 -1000 14.32 1.67 82.356
car -1 -1 0.00 0.00 0.00 100.00 100.00 -1000 1.94 4.99 3.14 -1000 38.57 1.61 80.694
car -1 -1 0.00 0.00 0.00 100.00 100.00 -1000 1.79 4.51 -16.61 -1000 27.23 1.67 80.371
car -1 -1 0.00 0.00 0.00 100.00 100.00 -1000 1.85 4.82 -16.62 -1000 15.92 1.68 79.714
car -1 -1 0.00 0.00 0.00 100.00 100.00 -1000 1.90 4.71 6.90 -1000 38.47 1.63 79.390
car -1 -1 0.00 0.00 0.00 100.00 100.00 -1000 1.80 4.53 -16.61 -1000 28.84 1.67 79.361
car -1 -1 0.00 0.00 0.00 100.00 100.00 -1000 1.80 4.55 -16.61 -1000 36.91 1.67 79.205
car -1 -1 0.00 0.00 0.00 100.00 100.00 -1000 1.80 4.54 -16.61 -1000 30.45 1.67 79.185
car -1 -1 0.00 0.00 0.00 100.00 100.00 -1000 1.80 4.54 -16.61 -1000 35.29 1.67 79.177
car -1 -1 0.00 0.00 0.00 100.00 100.00 -1000 1.80 4.54 -16.61 -1000 33.68 1.67 79.175
car -1 -1 0.00 0.00 0.00 100.00 100.00 -1000 1.80 4.54 -16.61 -1000 32.07 1.67 79.175
car -1 -1 0.00 0.00 0.00 100.00 100.00 -1000 2.67 10.71 10.28 -1000 20.96 1.71 78.257
car -1 -1 0.00 0.00 0.00 100.00 100.00 -1000 1.80 4.58 -16.61 -1000 20.77 1.67 76.927
car -1 -1 0.00 0.00 0.00 100.00 100.00 -1000 1.82 4.66 -16.62 -1000 38.52 1.68 76.760
car -1 -1 0.00 0.00 0.00 100.00 100.00 -1000 1.84 4.55 2.25 -1000 41.04 1.59 76.123
car -1 -1 0.00 0.00 0.00 100.00 100.00 -1000 2.18 6.17 -1.73 -1000 27.24 1.56 75.387
