car -1 -1 0.00 0.00 0.00 100.00 100.00 -1000 1.66 3.95 3.73 -1000 17.73 1.72 997.238
car -1 -1 0.00 0.00 0.00 100.00 100.00 -1000 1.84 4.82 2.86 -1000 16.65 -0.50 996.874
car -1 -1 0.00 0.00 0.00 100.00 100.00 -1000 1.81 4.63 6.24 -1000 21.95 -0.51 994.771
car -1 -1 0.00 0.00 0.00 100.00 100.00 -1000 1.72 4.05 0.26 -1000 23.88 1.60 990.271
car -1 -1 0.00 0.00 0.00 100.00 100.00 -1000 2.10 6.03 -1.07 -1000 20.38 1.54 985.385
car -1 -1 0.00 0.00 0.00 100.00 100.00 -1000 1.59 3.87 2.68 -1000 15.81 -0.26 983.629
car -1 -1 0.00 0.00 0.00 100.00 100.00 -1000 1.67 3.93 5.99 -1000 21.10 1.72 983.020
car -1 -1 0.00 0.00 0.00 100.00 100.00 -1000 1.67 3.90 -2.28 -1000 17.74 1.65 981.333
car -1 -1 0.00 0.00 0.00 100.00 100.00 -1000 1.66 3.86 6.70 -1000 22.96 1.69 977.254
car -1 -1 0.00 0.00 0.00 100.00 100.00 -1000 1.66 3.94 -3.47 -1000 15.62 1.63 975.463
car -1 -1 0.00 0.00 0.00 100.00 100.00 -1000 1.65 3.97 -4.04 -1000 14.81 1.60 975.441
car -1 -1 0.00 0.00 0.00 100.00 100.00 -1000 1.70 4.08 -4.50 -1000 14.02 1.65 973.343
car -1 -1 0.00 0.00 0.00 100.00 100.00 -1000 1.66 3.93 -5.61 -1000 11.99 1.64 973.174
car -1 -1 0.00 0.00 0.00 100.00 100.00 -1000 1.61 3.62 18.02 -1000 36.78 1.67 972.783
car -1 -1 0.00 0.00 0.00 100.00 100.00 -1000 1.72 4.09 2.06 -1000 24.92 1.78 972.678
car -1 -1 0.00 0.00 0.00 100.00 100.00 -1000 1.72 4.10 10.39 -1000 28.64 1.73 970.679
car -1 -1 0.00 0.00 0.00 100.00 100.00 -1000 1.73 4.47 4.58 -1000 19.23 1.63 970.678
car -1 -1 0.00 0.00 0.00 100.00 100.00 -1000 1.55 3.93 17.46 -1000 35.85 -0.15 970.584
car -1 -1 0.00 0.00 0.00 100.00 100.00 -1000 1.64 3.73 1.74 -1000 25.70 1.62 970.148
car -1 -1 0.00 0.00 0.00 100.00 100.00 -1000 1.59 3.66 -4.94 -1000 13.21 1.65 965.619
car -1 -1 0.00 0.00 0.00 100.00 100.00 -1000 1.81 4.59 -10.29 -1000 12.97 1.54 962.292
car -1 -1 0.00 0.00 0.00 100.00 100.00 -1000 1.69 4.00 17.10 -1000 40.63 1.70 961.850
car -1 -1 0.00 0.00 0.00 100.00 100.00 -1000 1.66 4.21 5.26 -1000 20.06 -0.66 960.396
car -1 -1 0.00 0.00 0.00 100.00 100.00 -1000 1.81 4.45 9.55 -1000 27.53 -0.32 959.571
car -1 -1 0.00 0.00 0.00 100.00 100.00 -1000 1.62 3.71 -3.15 -1000 16.41 1.64 953.298
car -1 -1 0.00 0.00 0.00 100.00 100.00 -1000 1.69 3.95 2.65 -1000 26.24 1.59 949.278
car -1 -1 0.00 0.00 0.00 100.00 100.00 -1000 1.57 4.09 1.92 -1000 22.96 -0.26 944.795
car -1 -1 0.00 0.00 0.00 100.00 100.00 -1000 1.66 3.80 4.09 -1000 18.51 1.61 942.810
car -1 -1 0.00 0.00 0.00 100.00 100.00 -1000 1.67 3.86 0.04 -1000 22.93 -0.18 935.910
car -1 -1 0.00 0.00 0.00 100.00 100.00 -1000 1.65 3.85 -6.40 -1000 11.42 1.59 927.812
car -1 -1 0.00 0.00 0.00 100.00 100.00 -1000 1.93 5.05 7.08 -1000 32.14 1.66 927.120
car -1 -1 0.00 0.00 0.00 100.00 100.00 -1000 1.72 4.13 5.43 -1000 29.61 -0.36 923.799
car -1 -1 0.00 0.00 0.00 100.00 100.00 -1000 1.62 3.83 2.08 -1000 17.34 1.59 923.278
car -1 -1 0.00 0.00 0.00 100.00 100.00 -1000 1.73 4.24 2.02 -1000 23.93 1.63 919.094
car -1 -1 0.00 0.00 0.00 100.00 100.00 -1000 1.95 5.03 -9.95 -1000 14.36 1.60 917.529
car -1 -1 0.00 0.00 0.00 100.00 100.00 -1000 2.38 6.93 -9.11 -1000 15.20 1.61 914.342
car -1 -1 0.00 0.00 0.00 100.00 100.00 -1000 1.77 4.36 -1.95 -1000 18.88 1.60 912.788
car -1 -1 0.00 0.00 0.00 100.00 100.00 -1000 1.94 4.98 -0.90 -1000 19.46 1.57 910.658
car -1 -1 0.00 0.00 0.00 100.00 100.00 -1000 1.68 4.01 6.29 -1000 30.33 -0.24 903.228
car -1 -1 0.00 0.00 0.00 100.00 100.00 -1000 1.82 4.40 -0.57 -1000 21.80 1.62 898.295
car -1 -1 0.00 0.00 0.00 100.00 100.00 -1000 1.66 3.99 2.57 -1000 18.15 1.61 895.607
car -1 -1 0.00 0.00 0.00 100.00 100.00 -1000 1.64 3.90 3.78 -1000 30.20 1.62 895.331
car -1 -1 0.00 0.00 0.00 100.00 100.00 -1000 1.83 4.54 10.70 -1000 29.54 -0.50 893.113
car -1 -1 0.00 0.00 0.00 100.00 100.00 -1000 1.77 4.33 -4.19 -1000 12.57 1.66 892.285
car -1 -1 0.00 0.00 0.00 100.00 100.00 -1000 1.78 4.44 7.31 -1000 23.65 1.67 889.174
car -1 -1 0.00 0.00 0.00 100.00 100.00 -1000 2.21 6.16 -5.02 -1000 15.62 1.55 887.908
car -1 -1 0.00 0.00 0.00 100.00 100.00 -1000 1.66 3.95 5.15 -1000 31.28 1.61 886.588
car -1 -1 0.00 0.00 0.00 100.00 100.00 -1000 2.45 7.13 3.57 -1000 32.97 1.49 874.801
car -1 -1 0.00 0.00 0.00 100.00 100.00 -1000 1.67 4.01 6.78 -1000 31.39 1.68 869.307
car -1 -1 0.00 0.00 0.00 100.00 100.00 -1000 1.87 5.12 0.27 -1000 20.98 1.60 866.707
car -1 -1 0.00 0.00 0.00 100.00 100.00 -1000 1.76 4.45 -1.00 -1000 18.20 1.63 865.072
car -1 -1 0.00 0.00 0.00 100.00 100.00 -1000 1.67 4.05 2.95 -1000 27.37 1.68 863.585
car -1 -1 0.00 0.00 0.00 100.00 100.00 -1000 1.68 3.87 -3.05 -1000 18.45 1.60 858.577
car -1 -1 0.00 0.00 0.00 100.00 100.00 -1000 2.01 5.01 -2.75 -1000 20.90 1.61 849.909
car -1 -1 0.00 0.00 0.00 100.00 100.00 -1000 1.99 5.15 -5.26 -1000 18.90 1.58 841.730
car -1 -1 0.00 0.00 0.00 100.00 100.00 -1000 1.84 4.47 -4.29 -1000 19.66 1.71 834.238
car -1 -1 0.00 0.00 0.00 100.00 100.00 -1000 1.59 3.70 16.97 -1000 39.74 -0.14 829.755
car -1 -1 0.00 0.00 0.00 100.00 100.00 -1000 1.81 4.67 -8.63 -1000 13.28 1.68 828.914
car -1 -1 0.00 0.00 0.00 100.00 100.00 -1000 1.79 4.53 -3.51 -1000 17.33 1.53 823.621
car -1 -1 0.00 0.00 0.00 100.00 100.00 -1000 1.74 4.27 17.54 -1000 41.51 1.67 821.136
car -1 -1 0.00 0.00 0.00 100.00 100.00 -1000 1.64 3.83 2.47 -1000 29.85 1.60 819.010
car -1 -1 0.00 0.00 0.00 100.00 100.00 -1000 1.68 4.11 17.22 -1000 37.35 1.57 813.851
car -1 -1 0.00 0.00 0.00 100.00 100.00 -1000 2.29 6.43 5.53 -1000 33.38 1.62 812.471
car -1 -1 0.00 0.00 0.00 100.00 100.00 -1000 1.64 4.08 16.66 -1000 36.42 1.58 810.863
car -1 -1 0.00 0.00 0.00 100.00 100.00 -1000 1.78 4.22 4.37 -1000 17.06 1.71 808.948
car -1 -1 0.00 0.00 0.00 100.00 100.00 -1000 1.75 4.24 -5.13 -1000 11.08 1.70 805.133
car -1 -1 0.00 0.00 0.00 100.00 100.00 -1000 1.65 3.77 18.87 -1000 37.46 1.69 803.400
car -1 -1 0.00 0.00 0.00 100.00 100.00 -1000 1.73 4.30 -1.47 -1000 17.11 1.69 800.463
car -1 -1 0.00 0.00 0.00 100.00 100.00 -1000 1.68 4.02 3.58 -1000 31.05 1.62 798.108
car -1 -1 0.00 0.00 0.00 100.00 100.00 -1000 1.67 3.90 -0.15 -1000 17.46 1.61 794.809
car -1 -1 0.00 0.00 0.00 100.00 100.00 -1000 1.75 4.40 -0.07 -1000 24.83 1.64 794.313
car -1 -1 0.00 0.00 0.00 100.00 100.00 -1000 1.62 3.96 3.87 -1000 28.50 -0.39 791.217
car -1 -1 0.00 0.00 0.00 100.00 100.00 -1000 1.61 3.60 1.13 -1000 17.84 1.62 790.337
car -1 -1 0.00 0.00 0.00 100.00 100.00 -1000 2.16 5.53 6.55 -1000 34.17 1.62 780.181
car -1 -1 0.00 0.00 0.00 100.00 100.00 -1000 2.75 9.93 -5.98 -1000 17.12 1.60 779.377
car -1 -1 0.00 0.00 0.00 100.00 100.00 -1000 1.76 3.97 1.21 -1000 31.33 1.58 777.429
car -1 -1 0.00 0.00 0.00 100.00 100.00 -1000 1.63 3.93 -10.52 -1000 12.17 1.56 777.280
car -1 -1 0.00 0.00 0.00 100.00 100.00 -1000 1.88 5.09 -2.09 -1000 22.09 1.57 776.592
car -1 -1 0.00 0.00 0.00 100.00 100.00 -1000 1.87 4.74 -7.45 -1000 12.54 1.63 776.590
car -1 -1 0.00 0.00 0.00 100.00 100.00 -1000 2.16 5.76 1.53 -1000 21.50 1.63 770.161
car -1 -1 0.00 0.00 0.00 100.00 100.00 -1000 2.33 6.48 -9.95 -1000 16.43 1.60 769.593
car -1 -1 0.00 0.00 0.00 100.00 100.00 -1000 1.77 4.51 3.48 -1000 24.50 1.63 766.384
car -1 -1 0.00 0.00 0.00 100.00 100.00 -1000 2.21 5.42 2.45 -1000 32.07 1.61 764.715
car -1 -1 0.00 0.00 0.00 100.00 100.00 -1000 1.76 4.47 4.15 -1000 26.99 1.69 764.277
car -1 -1 0.00 0.00 0.00 100.00 100.00 -1000 1.82 4.59 11.43 -1000 30.30 1.62 761.108
car -1 -1 0.00 0.00 0.00 100.00 100.00 -1000 1.80 4.28 -4.54 -1000 18.11 1.60 748.018
car -1 -1 0.00 0.00 0.00 100.00 100.00 -1000 2.21 6.25 0.86 -1000 19.83 1.73 745.420
car -1 -1 0.00 0.00 0.00 100.00 100.00 -1000 3.07 11.42 3.89 -1000 33.77 1.62 740.698
car -1 -1 0.00 0.00 0.00 100.00 100.00 -1000 1.64 4.26 10.26 -1000 36.55 -0.19 733.346
car -1 -1 0.00 0.00 0.00 100.00 100.00 -1000 1.69 3.99 1.97 -1000 30.67 1.61 730.242
car -1 -1 0.00 0.00 0.00 100.00 100.00 -1000 1.61 3.65 4.30 -1000 29.22 1.67 723.520
car -1 -1 0.00 0.00 0.00 100.00 100.00 -1000 1.93 5.16 2.08 -1000 18.99 1.70 722.982
car -1 -1 0.00 0.00 0.00 100.00 100.00 -1000 2.19 5.75 4.89 -1000 32.32 1.62 721.947
car -1 -1 0.00 0.00 0.00 100.00 100.00 -1000 1.83 4.56 18.23 -1000 38.22 1.60 717.467
car -1 -1 0.00 0.00 0.00 100.00 100.00 -1000 3.14 11.44 -7.64 -1000 16.00 1.60 715.569
car -1 -1 0.00 0.00 0.00 100.00 100.00 -1000 1.76 4.41 -1.66 -1000 16.25 1.60 704.321
car -1 -1 0.00 0.00 0.00 100.00 100.00 -1000 2.28 6.17 8.14 -1000 33.59 1.62 699.747
car -1 -1 0.00 0.00 0.00 100.00 100.00 -1000 1.72 4.62 3.51 -1000 25.59 -0.21 692.131
car -1 -1 0.00 0.00 0.00 100.00 100.00 -1000 1.76 4.41 -2.63 -1000 15.04 1.55 691.201
car -1 -1 0.00 0.00 0.00 100.00 100.00 -1000 1.75 4.06 8.61 -1000 29.88 1.62 688.307
car -1 -1 0.00 0.00 0.00 100.00 100.00 -1000 1.93 4.86 8.08 -1000 22.36 1.72 680.884
car -1 -1 0.00 0.00 0.00 100.00 100.00 -1000 1.80 4.14 4.09 -1000 16.24 1.64 679.970
car -1 -1 0.00 0.00 0.00 100.00 100.00 -1000 1.88 4.71 -5.90 -1000 14.29 1.59 674.752
car -1 -1 0.00 0.00 0.00 100.00 100.00 -1000 1.76 4.39 4.22 -1000 23.83 1.63 671.838
car -1 -1 0.00 0.00 0.00 100.00 100.00 -1000 1.84 4.44 11.24 -1000 27.99 1.71 665.833
car -1 -1 0.00 0.00 0.00 100.00 100.00 -1000 1.55 3.66 8.98 -1000 28.25 1.56 655.291
car -1 -1 0.00 0.00 0.00 100.00 100.00 -1000 1.72 3.74 0.75 -1000 30.23 1.55 655.178
car -1 -1 0.00 0.00 0.00 100.00 100.00 -1000 1.56 4.94 -3.12 -1000 13.45 -0.21 647.703
car -1 -1 0.00 0.00 0.00 100.00 100.00 -1000 1.96 5.25 8.32 -1000 24.44 1.66 646.363
car -1 -1 0.00 0.00 0.00 100.00 100.00 -1000 1.73 3.91 5.34 -1000 22.60 1.58 645.393
car -1 -1 0.00 0.00 0.00 100.00 100.00 -1000 1.81 4.40 8.43 -1000 31.39 1.64 645.267
car -1 -1 0.00 0.00 0.00 100.00 100.00 -1000 2.18 6.45 3.58 -1000 20.00 1.62 640.656
car -1 -1 0.00 0.00 0.00 100.00 100.00 -1000 1.78 5.57 9.36 -1000 26.52 -0.14 640.077
car -1 -1 0.00 0.00 0.00 100.00 100.00 -1000 1.83 4.36 7.49 -1000 21.49 1.67 639.843
car -1 -1 0.00 0.00 0.00 100.00 100.00 -1000 1.81 4.52 0.88 -1000 26.56 1.51 621.194
car -1 -1 0.00 0.00 0.00 100.00 100.00 -1000 1.80 4.37 15.67 -1000 41.19 1.52 617.777
car -1 -1 0.00 0.00 0.00 100.00 100.00 -1000 1.84 4.70 8.76 -1000 23.08 1.71 610.256
car -1 -1 0.00 0.00 0.00 100.00 100.00 -1000 1.74 4.27 6.56 -1000 29.05 1.56 605.094
car -1 -1 0.00 0.00 0.00 100.00 100.00 -1000 1.67 4.25 11.17 -1000 37.14 1.72 604.092
car -1 -1 0.00 0.00 0.00 100.00 100.00 -1000 1.79 4.25 9.74 -1000 30.62 1.65 600.315
car -1 -1 0.00 0.00 0.00 100.00 100.00 -1000 1.65 3.58 9.95 -1000 37.54 1.59 590.844
car -1 -1 0.00 0.00 0.00 100.00 100.00 -1000 1.75 4.31 -6.46 -1000 13.46 1.67 582.343
car -1 -1 0.00 0.00 0.00 100.00 100.00 -1000 1.55 4.10 -5.25 -1000 9.98 -0.16 580.758
car -1 -1 0.00 0.00 0.00 100.00 100.00 -1000 2.08 5.95 4.06 -1000 21.22 1.63 580.724
car -1 -1 0.00 0.00 0.00 100.00 100.00 -1000 1.58 3.61 -11.08 -1000 13.79 1.50 579.214
car -1 -1 0.00 0.00 0.00 100.00 100.00 -1000 2.22 6.12 -4.39 -1000 20.35 1.62 575.751
car -1 -1 0.00 0.00 0.00 100.00 100.00 -1000 1.68 5.47 -2.66 -1000 14.22 -0.25 575.305
car -1 -1 0.00 0.00 0.00 100.00 100.00 -1000 1.54 3.92 13.31 -1000 20.79 -0.16 572.119
car -1 -1 0.00 0.00 0.00 100.00 100.00 -1000 1.93 4.64 2.95 -1000 22.22 1.61 571.400
car -1 -1 0.00 0.00 0.00 100.00 100.00 -1000 1.67 5.08 0.23 -1000 16.70 0.01 566.889
car -1 -1 0.00 0.00 0.00 100.00 100.00 -1000 2.22 5.86 -0.84 -1000 27.29 1.60 565.983
car -1 -1 0.00 0.00 0.00 100.00 100.00 -1000 2.30 6.20 8.55 -1000 32.58 1.63 553.476
car -1 -1 0.00 0.00 0.00 100.00 100.00 -1000 1.75 4.03 10.94 -1000 38.41 1.65 542.293
car -1 -1 0.00 0.00 0.00 100.00 100.00 -1000 1.70 4.22 6.30 -1000 19.43 1.63 540.435
car -1 -1 0.00 0.00 0.00 100.00 100.00 -1000 1.88 4.61 5.88 -1000 17.88 1.69 535.191
car -1 -1 0.00 0.00 0.00 100.00 100.00 -1000 1.48 7.00 2.93 -1000 15.48 -0.08 534.926
car -1 -1 0.00 0.00 0.00 100.00 100.00 -1000 1.53 4.14 -9.20 -1000 11.69 -0.12 532.524
car -1 -1 0.00 0.00 0.00 100.00 100.00 -1000 1.57 3.47 -6.76 -1000 10.65 1.56 521.990
car -1 -1 0.00 0.00 0.00 100.00 100.00 -1000 1.64 3.53 2.08 -1000 28.80 1.59 520.463
car -1 -1 0.00 0.00 0.00 100.00 100.00 -1000 2.10 5.43 -0.76 -1000 25.64 1.63 520.327
car -1 -1 0.00 0.00 0.00 100.00 100.00 -1000 1.94 5.18 12.65 -1000 29.54 1.70 513.467
car -1 -1 0.00 0.00 0.00 100.00 100.00 -1000 1.86 4.59 10.89 -1000 31.17 1.64 508.107
car -1 -1 0.00 0.00 0.00 100.00 100.00 -1000 1.68 4.05 4.56 -1000 27.86 1.51 505.630
car -1 -1 0.00 0.00 0.00 100.00 100.00 -1000 2.19 6.79 -6.96 -1000 17.91 1.62 496.425
car -1 -1 0.00 0.00 0.00 100.00 100.00 -1000 1.67 4.17 5.65 -1000 27.39 1.69 494.907
car -1 -1 0.00 0.00 0.00 100.00 100.00 -1000 1.76 4.45 18.69 -1000 40.37 1.68 493.874
car -1 -1 0.00 0.00 0.00 100.00 100.00 -1000 1.70 3.78 5.34 -1000 28.72 1.56 493.426
car -1 -1 0.00 0.00 0.00 100.00 100.00 -1000 1.73 3.86 -2.22 -1000 19.81 0.02 482.237
car -1 -1 0.00 0.00 0.00 100.00 100.00 -1000 1.87 4.33 6.94 -1000 20.31 1.65 472.017
car -1 -1 0.00 0.00 0.00 100.00 100.00 -1000 2.75 9.07 1.08 -1000 33.27 1.54 465.463
car -1 -1 0.00 0.00 0.00 100.00 100.00 -1000 1.98 5.40 5.19 -1000 26.05 1.66 460.997
car -1 -1 0.00 0.00 0.00 100.00 100.00 -1000 2.55 8.72 4.73 -1000 34.80 1.61 459.809
car -1 -1 0.00 0.00 0.00 100.00 100.00 -1000 1.74 4.64 -1.34 -1000 23.41 1.60 451.012
car -1 -1 0.00 0.00 0.00 100.00 100.00 -1000 1.80 4.95 10.12 -1000 22.67 1.73 449.462
car -1 -1 0.00 0.00 0.00 100.00 100.00 -1000 2.02 6.11 9.98 -1000 23.86 1.76 445.463
car -1 -1 0.00 0.00 0.00 100.00 100.00 -1000 1.74 4.03 9.09 -1000 38.23 1.49 443.523
car -1 -1 0.00 0.00 0.00 100.00 100.00 -1000 1.39 4.04 17.63 -1000 38.96 -0.05 438.297
car -1 -1 0.00 0.00 0.00 100.00 100.00 -1000 1.63 3.26 0.64 -1000 29.18 1.56 437.354
car -1 -1 0.00 0.00 0.00 100.00 100.00 -1000 2.31 6.23 7.62 -1000 35.01 1.64 422.727
car -1 -1 0.00 0.00 0.00 100.00 100.00 -1000 1.89 5.43 13.21 -1000 28.35 1.73 415.280
car -1 -1 0.00 0.00 0.00 100.00 100.00 -1000 1.54 3.88 16.42 -1000 38.35 1.46 411.788
car -1 -1 0.00 0.00 0.00 100.00 100.00 -1000 1.94 5.19 -1.70 -1000 26.51 1.51 403.881
car -1 -1 0.00 0.00 0.00 100.00 100.00 -1000 1.77 3.91 18.80 -1000 35.54 1.65 391.732
car -1 -1 0.00 0.00 0.00 100.00 100.00 -1000 1.99 5.31 19.36 -1000 41.60 1.68 383.996
car -1 -1 0.00 0.00 0.00 100.00 100.00 -1000 1.95 5.50 18.39 -1000 42.25 1.72 378.544
car -1 -1 0.00 0.00 0.00 100.00 100.00 -1000 2.20 6.75 9.06 -1000 25.47 1.71 376.715
car -1 -1 0.00 0.00 0.00 100.00 100.00 -1000 1.35 3.85 10.69 -1000 35.79 -0.11 376.707
car -1 -1 0.00 0.00 0.00 100.00 100.00 -1000 1.95 5.64 9.51 -1000 21.08 1.74 376.630
car -1 -1 0.00 0.00 0.00 100.00 100.00 -1000 1.82 3.91 8.57 -1000 36.35 1.59 376.443
car -1 -1 0.00 0.00 0.00 100.00 100.00 -1000 1.96 5.31 7.00 -1000 17.09 1.76 375.297
car -1 -1 0.00 0.00 0.00 100.00 100.00 -1000 1.88 4.94 15.62 -1000 37.61 1.60 375.197
car -1 -1 0.00 0.00 0.00 100.00 100.00 -1000 1.89 4.78 5.70 -1000 24.31 1.61 374.766
car -1 -1 0.00 0.00 0.00 100.00 100.00 -1000 1.96 5.19 17.71 -1000 43.08 1.61 349.240
car -1 -1 0.00 0.00 0.00 100.00 100.00 -1000 1.75 3.90 1.32 -1000 27.85 1.47 333.739
car -1 -1 0.00 0.00 0.00 100.00 100.00 -1000 1.63 4.22 7.42 -1000 28.16 1.66 326.553
car -1 -1 0.00 0.00 0.00 100.00 100.00 -1000 1.58 3.69 13.33 -1000 19.68 -0.08 323.917
car -1 -1 0.00 0.00 0.00 100.00 100.00 -1000 1.97 5.78 13.49 -1000 30.55 1.69 322.148
car -1 -1 0.00 0.00 0.00 100.00 100.00 -1000 1.92 5.60 8.07 -1000 18.65 1.73 318.895
car -1 -1 0.00 0.00 0.00 100.00 100.00 -1000 1.92 5.46 13.19 -1000 31.51 1.63 302.663
car -1 -1 0.00 0.00 0.00 100.00 100.00 -1000 1.95 4.88 11.71 -1000 39.23 1.64 286.571
car -1 -1 0.00 0.00 0.00 100.00 100.00 -1000 1.63 4.79 16.47 -1000 26.49 0.15 285.746
car -1 -1 0.00 0.00 0.00 100.00 100.00 -1000 1.91 4.57 -2.02 -1000 24.14 1.65 285.708
car -1 -1 0.00 0.00 0.00 100.00 100.00 -1000 1.92 5.41 6.43 -1000 25.45 1.66 280.562
car -1 -1 0.00 0.00 0.00 100.00 100.00 -1000 2.09 5.03 14.20 -1000 41.57 1.63 279.364
car -1 -1 0.00 0.00 0.00 100.00 100.00 -1000 2.12 6.40 -3.78 -1000 21.70 1.58 277.411
car -1 -1 0.00 0.00 0.00 100.00 100.00 -1000 1.94 4.55 -0.76 -1000 28.64 1.50 276.841
car -1 -1 0.00 0.00 0.00 100.00 100.00 -1000 1.96 4.62 13.87 -1000 43.49 1.63 275.772
car -1 -1 0.00 0.00 0.00 100.00 100.00 -1000 2.21 6.48 -9.39 -1000 17.48 1.64 269.474
car -1 -1 0.00 0.00 0.00 100.00 100.00 -1000 2.28 7.82 14.10 -1000 32.27 1.69 261.143
car -1 -1 0.00 0.00 0.00 100.00 100.00 -1000 2.11 5.45 12.51 -1000 27.55 1.65 255.479
car -1 -1 0.00 0.00 0.00 100.00 100.00 -1000 2.02 4.67 11.60 -1000 40.34 1.59 252.897
car -1 -1 0.00 0.00 0.00 100.00 100.00 -1000 1.45 5.06 17.37 -1000 47.05 -0.03 238.521
car -1 -1 0.00 0.00 0.00 100.00 100.00 -1000 1.91 4.20 15.81 -1000 40.12 1.56 235.905
car -1 -1 0.00 0.00 0.00 100.00 100.00 -1000 1.99 5.76 14.09 -1000 29.05 1.69 232.983
car -1 -1 0.00 0.00 0.00 100.00 100.00 -1000 1.87 5.71 11.98 -1000 20.29 1.63 228.904
car -1 -1 0.00 0.00 0.00 100.00 100.00 -1000 1.65 4.42 16.09 -1000 18.04 -0.10 228.824
car -1 -1 0.00 0.00 0.00 100.00 100.00 -1000 1.73 3.77 -0.59 -1000 29.53 1.51 227.665
car -1 -1 0.00 0.00 0.00 100.00 100.00 -1000 1.45 3.96 9.15 -1000 37.01 -0.14 224.922
car -1 -1 0.00 0.00 0.00 100.00 100.00 -1000 2.03 5.63 19.72 -1000 39.01 1.69 222.620
car -1 -1 0.00 0.00 0.00 100.00 100.00 -1000 2.23 6.47 -0.60 -1000 31.49 1.61 222.578
car -1 -1 0.00 0.00 0.00 100.00 100.00 -1000 1.69 4.78 14.28 -1000 21.51 -0.01 222.335
car -1 -1 0.00 0.00 0.00 100.00 100.00 -1000 1.87 5.80 11.24 -1000 21.85 1.64 216.746
car -1 -1 0.00 0.00 0.00 100.00 100.00 -1000 2.54 8.57 10.46 -1000 24.70 1.72 215.454
car -1 -1 0.00 0.00 0.00 100.00 100.00 -1000 1.87 4.59 12.11 -1000 37.94 1.65 214.824
car -1 -1 0.00 0.00 0.00 100.00 100.00 -1000 2.00 4.96 5.50 -1000 15.54 1.72 213.284
car -1 -1 0.00 0.00 0.00 100.00 100.00 -1000 2.03 6.30 8.90 -1000 19.48 1.67 211.158
car -1 -1 0.00 0.00 0.00 100.00 100.00 -1000 1.95 5.14 16.07 -1000 42.26 1.60 209.855
car -1 -1 0.00 0.00 0.00 100.00 100.00 -1000 1.59 4.60 -12.24 -1000 18.34 -0.18 203.124
car -1 -1 0.00 0.00 0.00 100.00 100.00 -1000 2.17 5.60 13.65 -1000 40.41 1.63 202.163
car -1 -1 0.00 0.00 0.00 100.00 100.00 -1000 1.97 5.50 13.48 -1000 38.70 1.61 200.629
car -1 -1 0.00 0.00 0.00 100.00 100.00 -1000 2.01 4.89 -11.16 -1000 14.98 1.64 200.478
car -1 -1 0.00 0.00 0.00 100.00 100.00 -1000 1.61 4.04 10.89 -1000 26.95 -0.07 199.542
car -1 -1 0.00 0.00 0.00 100.00 100.00 -1000 2.18 7.34 9.87 -1000 34.26 1.70 199.154
car -1 -1 0.00 0.00 0.00 100.00 100.00 -1000 1.65 4.50 12.88 -1000 36.93 1.68 196.644
car -1 -1 0.00 0.00 0.00 100.00 100.00 -1000 2.12 6.58 6.12 -1000 35.56 1.65 196.374
car -1 -1 0.00 0.00 0.00 100.00 100.00 -1000 1.85 4.82 -11.01 -1000 11.40 1.46 196.011
car -1 -1 0.00 0.00 0.00 100.00 100.00 -1000 1.65 4.79 13.66 -1000 22.39 0.01 189.034
car -1 -1 0.00 0.00 0.00 100.00 100.00 -1000 1.96 5.48 6.47 -1000 26.73 1.70 188.971
car -1 -1 0.00 0.00 0.00 100.00 100.00 -1000 1.93 5.34 -2.97 -1000 25.53 1.70 185.984
car -1 -1 0.00 0.00 0.00 100.00 100.00 -1000 1.70 4.71 -12.08 -1000 12.39 1.61 179.899
