car -1 -1 0.00 0.00 0.00 100.00 100.00 -1000 1.77 4.30 3.80 -1000 14.45 -0.49 999.226
car -1 -1 0.00 0.00 0.00 100.00 100.00 -1000 1.59 3.53 0.52 -1000 19.70 1.65 998.103
car -1 -1 0.00 0.00 0.00 100.00 100.00 -1000 1.53 3.42 -6.51 -1000 8.25 1.57 995.117
car -1 -1 0.00 0.00 0.00 100.00 100.00 -1000 1.59 3.39 4.51 -1000 8.10 1.74 994.445
car -1 -1 0.00 0.00 0.00 100.00 100.00 -1000 1.69 4.11 4.83 -1000 15.08 -0.52 992.775
car -1 -1 0.00 0.00 0.00 100.00 100.00 -1000 1.58 3.73 -5.64 -1000 24.03 1.63 991.631
car -1 -1 0.00 0.00 0.00 100.00 100.00 -1000 1.40 4.35 4.04 -1000 13.52 -0.27 990.913
car -1 -1 0.00 0.00 0.00 100.00 100.00 -1000 1.61 3.87 -10.25 -1000 23.51 -0.30 990.866
car -1 -1 0.00 0.00 0.00 100.00 100.00 -1000 1.65 4.04 3.83 -1000 7.47 -0.37 990.849
car -1 -1 0.00 0.00 0.00 100.00 100.00 -1000 1.60 3.71 -10.35 -1000 15.28 1.67 989.998
car -1 -1 0.00 0.00 0.00 100.00 100.00 -1000 1.37 3.55 0.59 -1000 18.60 -0.19 989.974
car -1 -1 0.00 0.00 0.00 100.00 100.00 -1000 1.61 3.73 -5.91 -1000 23.02 1.64 987.412
car -1 -1 0.00 0.00 0.00 100.00 100.00 -1000 1.59 3.73 -10.52 -1000 14.24 -0.34 984.924
car -1 -1 0.00 0.00 0.00 100.00 100.00 -1000 1.59 3.54 4.93 -1000 8.81 1.70 982.174
car -1 -1 0.00 0.00 0.00 100.00 100.00 -1000 1.64 3.66 -2.82 -1000 47.68 1.61 978.459
car -1 -1 0.00 0.00 0.00 100.00 100.00 -1000 1.56 3.54 -6.40 -1000 9.20 1.63 977.428
car -1 -1 0.00 0.00 0.00 100.00 100.00 -1000 1.65 3.95 -6.38 -1000 22.24 -0.36 970.600
car -1 -1 0.00 0.00 0.00 100.00 100.00 -1000 1.62 3.62 -9.82 -1000 24.55 1.68 965.544
car -1 -1 0.00 0.00 0.00 100.00 100.00 -1000 1.65 4.07 0.79 -1000 20.48 1.74 965.141
car -1 -1 0.00 0.00 0.00 100.00 100.00 -1000 1.76 4.22 -9.40 -1000 25.29 1.68 938.889
car -1 -1 0.00 0.00 0.00 100.00 100.00 -1000 1.40 3.01 -3.02 -1000 46.92 -0.15 936.771
car -1 -1 0.00 0.00 0.00 100.00 100.00 -1000 1.50 3.45 -10.80 -1000 13.49 -0.27 931.123
car -1 -1 0.00 0.00 0.00 100.00 100.00 -1000 1.75 4.20 -5.17 -1000 25.42 1.60 925.105
car -1 -1 0.00 0.00 0.00 100.00 100.00 -1000 1.98 5.53 -4.10 -1000 12.18 1.58 919.953
car -1 -1 0.00 0.00 0.00 100.00 100.00 -1000 1.48 3.44 -6.05 -1000 9.94 1.58 906.628
car -1 -1 0.00 0.00 0.00 100.00 100.00 -1000 1.65 4.25 -8.93 -1000 23.95 -0.24 905.469
car -1 -1 0.00 0.00 0.00 100.00 100.00 -1000 1.68 4.08 5.35 -1000 15.89 1.66 881.767
car -1 -1 0.00 0.00 0.00 100.00 100.00 -1000 1.51 3.45 3.82 -1000 15.59 1.52 876.411
car -1 -1 0.00 0.00 0.00 100.00 100.00 -1000 2.50 7.71 -0.40 -1000 23.87 1.62 873.776
car -1 -1 0.00 0.00 0.00 100.00 100.00 -1000 1.78 4.53 -3.86 -1000 23.77 1.69 860.691
car -1 -1 0.00 0.00 0.00 100.00 100.00 -1000 2.14 5.92 -8.49 -1000 26.96 1.66 860.599
car -1 -1 0.00 0.00 0.00 100.00 100.00 -1000 1.59 3.66 -9.88 -1000 16.01 1.66 858.357
car -1 -1 0.00 0.00 0.00 100.00 100.00 -1000 1.91 4.68 5.44 -1000 9.62 1.63 851.991
car -1 -1 0.00 0.00 0.00 100.00 100.00 -1000 1.62 3.93 -5.05 -1000 43.69 1.60 849.378
car -1 -1 0.00 0.00 0.00 100.00 100.00 -1000 1.69 4.04 -4.63 -1000 24.53 1.71 849.132
car -1 -1 0.00 0.00 0.00 100.00 100.00 -1000 1.65 3.95 -5.40 -1000 26.51 1.57 848.928
car -1 -1 0.00 0.00 0.00 100.00 100.00 -1000 1.69 4.08 1.40 -1000 19.21 1.75 834.134
car -1 -1 0.00 0.00 0.00 100.00 100.00 -1000 1.69 4.21 -13.23 -1000 45.54 1.67 827.271
car -1 -1 0.00 0.00 0.00 100.00 100.00 -1000 1.72 4.12 -14.06 -1000 43.52 1.66 820.035
car -1 -1 0.00 0.00 0.00 100.00 100.00 -1000 1.51 3.44 2.46 -1000 46.23 1.62 810.911
car -1 -1 0.00 0.00 0.00 100.00 100.00 -1000 1.79 4.56 0.97 -1000 21.52 1.67 810.356
car -1 -1 0.00 0.00 0.00 100.00 100.00 -1000 1.61 3.94 -6.60 -1000 43.83 1.60 802.897
car -1 -1 0.00 0.00 0.00 100.00 100.00 -1000 1.81 4.58 -4.11 -1000 25.96 1.68 800.175
car -1 -1 0.00 0.00 0.00 100.00 100.00 -1000 1.43 3.35 -6.41 -1000 7.39 -0.06 793.798
car -1 -1 0.00 0.00 0.00 100.00 100.00 -1000 1.57 3.59 -6.17 -1000 24.94 1.60 792.874
car -1 -1 0.00 0.00 0.00 100.00 100.00 -1000 2.24 6.66 -0.60 -1000 22.49 1.64 787.629
car -1 -1 0.00 0.00 0.00 100.00 100.00 -1000 1.67 4.23 -12.87 -1000 46.75 1.65 786.303
car -1 -1 0.00 0.00 0.00 100.00 100.00 -1000 1.59 3.79 -11.01 -1000 36.64 1.68 782.274
car -1 -1 0.00 0.00 0.00 100.00 100.00 -1000 1.26 3.28 -2.30 -1000 46.36 -0.14 780.785
car -1 -1 0.00 0.00 0.00 100.00 100.00 -1000 1.32 3.45 -5.71 -1000 21.30 -0.19 776.862
car -1 -1 0.00 0.00 0.00 100.00 100.00 -1000 1.77 4.39 -2.96 -1000 43.34 1.59 775.546
car -1 -1 0.00 0.00 0.00 100.00 100.00 -1000 1.73 4.14 -4.51 -1000 22.66 1.71 775.090
car -1 -1 0.00 0.00 0.00 100.00 100.00 -1000 1.46 3.36 -9.62 -1000 22.88 -0.12 768.503
car -1 -1 0.00 0.00 0.00 100.00 100.00 -1000 1.54 3.55 -9.34 -1000 14.60 1.75 767.079
car -1 -1 0.00 0.00 0.00 100.00 100.00 -1000 1.86 4.66 -3.67 -1000 25.12 1.68 758.772
car -1 -1 0.00 0.00 0.00 100.00 100.00 -1000 1.64 4.24 2.46 -1000 19.87 1.79 749.232
car -1 -1 0.00 0.00 0.00 100.00 100.00 -1000 2.48 8.49 2.49 -1000 23.96 1.71 745.680
car -1 -1 0.00 0.00 0.00 100.00 100.00 -1000 2.30 6.70 2.15 -1000 22.21 1.73 727.623
car -1 -1 0.00 0.00 0.00 100.00 100.00 -1000 1.65 4.21 -11.29 -1000 35.86 1.66 724.874
car -1 -1 0.00 0.00 0.00 100.00 100.00 -1000 1.72 4.25 -4.98 -1000 21.90 1.66 721.905
car -1 -1 0.00 0.00 0.00 100.00 100.00 -1000 1.72 3.98 -6.99 -1000 23.48 1.65 717.948
car -1 -1 0.00 0.00 0.00 100.00 100.00 -1000 1.40 3.81 1.40 -1000 18.08 -0.06 716.034
car -1 -1 0.00 0.00 0.00 100.00 100.00 -1000 2.53 8.37 7.95 -1000 11.06 1.76 715.750
car -1 -1 0.00 0.00 0.00 100.00 100.00 -1000 1.96 5.50 -4.95 -1000 27.22 1.63 714.412
car -1 -1 0.00 0.00 0.00 100.00 100.00 -1000 2.33 7.65 6.63 -1000 16.89 1.67 713.190
car -1 -1 0.00 0.00 0.00 100.00 100.00 -1000 1.72 3.76 5.71 -1000 7.81 1.69 710.220
car -1 -1 0.00 0.00 0.00 100.00 100.00 -1000 1.91 5.09 -2.31 -1000 22.94 1.63 706.114
car -1 -1 0.00 0.00 0.00 100.00 100.00 -1000 1.71 4.09 -6.49 -1000 26.04 1.60 702.357
car -1 -1 0.00 0.00 0.00 100.00 100.00 -1000 2.82 10.56 3.00 -1000 22.84 1.70 697.787
car -1 -1 0.00 0.00 0.00 100.00 100.00 -1000 1.76 3.94 5.32 -1000 14.26 1.69 690.332
car -1 -1 0.00 0.00 0.00 100.00 100.00 -1000 1.79 4.53 -3.91 -1000 12.97 1.54 678.843
car -1 -1 0.00 0.00 0.00 100.00 100.00 -1000 1.69 3.73 -13.54 -1000 44.34 1.64 678.836
car -1 -1 0.00 0.00 0.00 100.00 100.00 -1000 1.48 3.57 -4.05 -1000 42.68 0.07 676.993
car -1 -1 0.00 0.00 0.00 100.00 100.00 -1000 1.58 3.52 -10.01 -1000 12.98 1.62 668.345
car -1 -1 0.00 0.00 0.00 100.00 100.00 -1000 2.25 7.06 4.71 -1000 22.13 1.65 667.511
car -1 -1 0.00 0.00 0.00 100.00 100.00 -1000 1.88 4.68 -7.88 -1000 25.66 1.62 662.125
car -1 -1 0.00 0.00 0.00 100.00 100.00 -1000 1.77 4.39 -2.65 -1000 24.52 1.63 662.004
car -1 -1 0.00 0.00 0.00 100.00 100.00 -1000 1.44 3.17 2.70 -1000 45.27 1.62 661.571
car -1 -1 0.00 0.00 0.00 100.00 100.00 -1000 1.54 3.43 -0.27 -1000 19.15 1.55 637.803
car -1 -1 0.00 0.00 0.00 100.00 100.00 -1000 1.76 5.05 -0.44 -1000 21.05 1.61 626.984
car -1 -1 0.00 0.00 0.00 100.00 100.00 -1000 1.54 3.26 -9.16 -1000 45.84 1.60 623.771
car -1 -1 0.00 0.00 0.00 100.00 100.00 -1000 1.59 3.49 -7.58 -1000 44.25 1.60 623.711
car -1 -1 0.00 0.00 0.00 100.00 100.00 -1000 1.98 5.06 7.35 -1000 10.21 1.77 613.099
car -1 -1 0.00 0.00 0.00 100.00 100.00 -1000 1.93 5.61 7.00 -1000 16.18 1.72 607.639
car -1 -1 0.00 0.00 0.00 100.00 100.00 -1000 1.61 3.67 -5.58 -1000 42.98 -0.03 603.306
car -1 -1 0.00 0.00 0.00 100.00 100.00 -1000 1.86 5.21 3.24 -1000 21.03 1.80 597.253
car -1 -1 0.00 0.00 0.00 100.00 100.00 -1000 2.33 7.24 5.40 -1000 18.83 1.63 596.289
car -1 -1 0.00 0.00 0.00 100.00 100.00 -1000 1.87 4.94 -2.08 -1000 25.50 1.61 577.883
car -1 -1 0.00 0.00 0.00 100.00 100.00 -1000 1.77 4.05 5.12 -1000 12.89 1.60 570.787
car -1 -1 0.00 0.00 0.00 100.00 100.00 -1000 1.84 4.00 -8.87 -1000 13.81 1.72 563.096
car -1 -1 0.00 0.00 0.00 100.00 100.00 -1000 1.69 4.15 -2.85 -1000 38.81 1.58 560.371
car -1 -1 0.00 0.00 0.00 100.00 100.00 -1000 1.91 5.19 -1.98 -1000 21.86 1.72 558.188
car -1 -1 0.00 0.00 0.00 100.00 100.00 -1000 1.69 3.78 -11.19 -1000 25.01 1.61 558.176
car -1 -1 0.00 0.00 0.00 100.00 100.00 -1000 1.79 3.90 6.95 -1000 9.40 1.70 552.146
car -1 -1 0.00 0.00 0.00 100.00 100.00 -1000 1.49 3.70 6.73 -1000 41.88 1.63 544.263
car -1 -1 0.00 0.00 0.00 100.00 100.00 -1000 1.59 3.50 -5.67 -1000 44.47 1.68 541.389
car -1 -1 0.00 0.00 0.00 100.00 100.00 -1000 1.99 5.36 4.73 -1000 10.43 1.77 538.102
car -1 -1 0.00 0.00 0.00 100.00 100.00 -1000 1.61 3.58 15.62 -1000 41.70 1.56 537.850
car -1 -1 0.00 0.00 0.00 100.00 100.00 -1000 2.22 6.97 8.10 -1000 18.22 1.68 535.394
car -1 -1 0.00 0.00 0.00 100.00 100.00 -1000 1.49 3.64 6.26 -1000 47.50 -0.13 535.192
car -1 -1 0.00 0.00 0.00 100.00 100.00 -1000 1.74 4.10 -12.40 -1000 47.59 1.57 534.862
car -1 -1 0.00 0.00 0.00 100.00 100.00 -1000 2.37 7.07 4.89 -1000 17.52 1.62 532.813
car -1 -1 0.00 0.00 0.00 100.00 100.00 -1000 1.87 4.69 -6.82 -1000 47.73 1.66 531.210
car -1 -1 0.00 0.00 0.00 100.00 100.00 -1000 2.27 4.91 3.01 -1000 17.83 1.69 520.623
car -1 -1 0.00 0.00 0.00 100.00 100.00 -1000 1.64 3.70 -8.22 -1000 43.65 1.58 519.804
car -1 -1 0.00 0.00 0.00 100.00 100.00 -1000 1.79 3.85 5.41 -1000 6.98 1.59 516.055
car -1 -1 0.00 0.00 0.00 100.00 100.00 -1000 1.68 4.38 -1.08 -1000 20.22 1.65 513.365
car -1 -1 0.00 0.00 0.00 100.00 100.00 -1000 1.59 3.90 -9.75 -1000 16.84 1.64 511.031
car -1 -1 0.00 0.00 0.00 100.00 100.00 -1000 1.72 4.12 7.02 -1000 7.24 1.70 507.890
car -1 -1 0.00 0.00 0.00 100.00 100.00 -1000 1.71 3.67 7.25 -1000 8.12 1.68 507.466
car -1 -1 0.00 0.00 0.00 100.00 100.00 -1000 1.92 5.36 -2.96 -1000 26.70 1.64 505.993
car -1 -1 0.00 0.00 0.00 100.00 100.00 -1000 1.70 4.14 -8.04 -1000 15.85 1.77 505.139
car -1 -1 0.00 0.00 0.00 100.00 100.00 -1000 1.50 3.51 -14.23 -1000 42.04 1.69 503.242
car -1 -1 0.00 0.00 0.00 100.00 100.00 -1000 1.65 3.95 -1.53 -1000 47.19 -0.12 494.487
car -1 -1 0.00 0.00 0.00 100.00 100.00 -1000 1.38 3.79 15.90 -1000 40.29 -0.06 486.783
car -1 -1 0.00 0.00 0.00 100.00 100.00 -1000 1.57 3.46 -4.15 -1000 47.31 1.63 484.734
car -1 -1 0.00 0.00 0.00 100.00 100.00 -1000 1.67 3.72 -2.20 -1000 42.63 0.01 483.761
car -1 -1 0.00 0.00 0.00 100.00 100.00 -1000 2.21 6.59 -5.09 -1000 28.68 1.70 478.918
car -1 -1 0.00 0.00 0.00 100.00 100.00 -1000 1.88 4.19 -10.41 -1000 25.79 1.61 478.720
car -1 -1 0.00 0.00 0.00 100.00 100.00 -1000 1.42 3.57 -11.86 -1000 25.98 -0.06 477.030
car -1 -1 0.00 0.00 0.00 100.00 100.00 -1000 2.07 5.44 -11.15 -1000 27.21 1.67 475.576
car -1 -1 0.00 0.00 0.00 100.00 100.00 -1000 1.84 4.51 5.63 -1000 21.34 1.60 474.234
car -1 -1 0.00 0.00 0.00 100.00 100.00 -1000 1.25 2.96 3.49 -1000 44.63 -0.07 474.039
car -1 -1 0.00 0.00 0.00 100.00 100.00 -1000 1.89 4.88 -6.85 -1000 10.81 1.62 473.114
car -1 -1 0.00 0.00 0.00 100.00 100.00 -1000 1.78 4.01 6.24 -1000 13.61 1.64 470.564
car -1 -1 0.00 0.00 0.00 100.00 100.00 -1000 1.97 5.72 5.16 -1000 19.72 1.70 470.311
car -1 -1 0.00 0.00 0.00 100.00 100.00 -1000 2.38 7.09 -8.13 -1000 28.05 1.66 466.203
car -1 -1 0.00 0.00 0.00 100.00 100.00 -1000 1.58 3.91 -3.58 -1000 44.17 1.57 463.261
car -1 -1 0.00 0.00 0.00 100.00 100.00 -1000 1.99 5.52 -13.31 -1000 17.42 1.67 458.728
car -1 -1 0.00 0.00 0.00 100.00 100.00 -1000 1.45 3.44 -10.87 -1000 24.18 0.03 455.981
car -1 -1 0.00 0.00 0.00 100.00 100.00 -1000 1.51 5.10 -18.50 -1000 30.87 -0.28 445.944
car -1 -1 0.00 0.00 0.00 100.00 100.00 -1000 1.94 5.63 9.01 -1000 16.44 1.72 445.059
car -1 -1 0.00 0.00 0.00 100.00 100.00 -1000 1.50 3.31 -1.80 -1000 43.73 1.71 438.704
car -1 -1 0.00 0.00 0.00 100.00 100.00 -1000 1.93 5.07 -8.06 -1000 12.58 1.61 436.054
car -1 -1 0.00 0.00 0.00 100.00 100.00 -1000 1.40 4.24 11.16 -1000 37.15 -0.10 434.615
car -1 -1 0.00 0.00 0.00 100.00 100.00 -1000 1.71 3.84 18.98 -1000 41.73 1.57 415.568
car -1 -1 0.00 0.00 0.00 100.00 100.00 -1000 1.62 3.60 -7.42 -1000 8.77 0.04 414.549
car -1 -1 0.00 0.00 0.00 100.00 100.00 -1000 1.68 3.80 -16.71 -1000 36.43 1.62 413.571
car -1 -1 0.00 0.00 0.00 100.00 100.00 -1000 1.83 4.73 7.36 -1000 14.90 1.65 406.119
car -1 -1 0.00 0.00 0.00 100.00 100.00 -1000 1.53 3.70 -7.44 -1000 22.68 0.14 403.457
car -1 -1 0.00 0.00 0.00 100.00 100.00 -1000 1.67 4.14 -7.30 -1000 45.94 1.70 397.053
car -1 -1 0.00 0.00 0.00 100.00 100.00 -1000 2.02 6.18 5.93 -1000 12.16 1.74 395.761
car -1 -1 0.00 0.00 0.00 100.00 100.00 -1000 2.25 6.83 9.01 -1000 17.37 1.68 389.951
car -1 -1 0.00 0.00 0.00 100.00 100.00 -1000 1.63 3.98 -11.76 -1000 14.65 1.60 389.202
car -1 -1 0.00 0.00 0.00 100.00 100.00 -1000 1.65 4.04 -9.83 -1000 36.98 -0.38 388.143
car -1 -1 0.00 0.00 0.00 100.00 100.00 -1000 1.75 4.86 8.85 -1000 15.57 1.72 383.983
car -1 -1 0.00 0.00 0.00 100.00 100.00 -1000 1.71 4.09 -4.71 -1000 39.20 1.58 381.631
car -1 -1 0.00 0.00 0.00 100.00 100.00 -1000 1.60 4.16 8.64 -1000 7.56 1.75 376.268
car -1 -1 0.00 0.00 0.00 100.00 100.00 -1000 2.03 5.01 9.02 -1000 9.65 1.78 375.727
car -1 -1 0.00 0.00 0.00 100.00 100.00 -1000 1.67 3.71 -9.67 -1000 45.12 1.58 375.512
car -1 -1 0.00 0.00 0.00 100.00 100.00 -1000 1.61 3.62 -12.57 -1000 36.68 1.60 375.086
car -1 -1 0.00 0.00 0.00 100.00 100.00 -1000 1.65 4.04 -7.30 -1000 24.57 -0.12 371.796
car -1 -1 0.00 0.00 0.00 100.00 100.00 -1000 1.93 5.28 -2.86 -1000 27.84 1.60 367.199
car -1 -1 0.00 0.00 0.00 100.00 100.00 -1000 1.62 3.87 9.02 -1000 8.40 1.73 358.230
car -1 -1 0.00 0.00 0.00 100.00 100.00 -1000 2.07 4.98 -7.58 -1000 46.81 1.59 357.550
car -1 -1 0.00 0.00 0.00 100.00 100.00 -1000 1.69 4.03 -9.28 -1000 44.34 1.61 356.652
car -1 -1 0.00 0.00 0.00 100.00 100.00 -1000 1.33 3.09 6.94 -1000 40.65 -0.10 349.374
car -1 -1 0.00 0.00 0.00 100.00 100.00 -1000 1.67 3.91 17.17 -1000 41.84 1.65 347.953
car -1 -1 0.00 0.00 0.00 100.00 100.00 -1000 1.87 4.69 -11.71 -1000 45.05 1.70 346.249
car -1 -1 0.00 0.00 0.00 100.00 100.00 -1000 1.37 3.28 -8.61 -1000 37.59 -0.01 345.912
car -1 -1 0.00 0.00 0.00 100.00 100.00 -1000 1.65 3.97 -1.37 -1000 38.96 1.66 339.736
car -1 -1 0.00 0.00 0.00 100.00 100.00 -1000 2.04 5.09 -12.28 -1000 26.59 1.64 334.631
car -1 -1 0.00 0.00 0.00 100.00 100.00 -1000 1.75 3.97 11.05 -1000 38.37 1.64 333.454
car -1 -1 0.00 0.00 0.00 100.00 100.00 -1000 1.36 6.05 2.27 -1000 13.90 -0.02 333.364
car -1 -1 0.00 0.00 0.00 100.00 100.00 -1000 1.67 4.17 17.32 -1000 25.81 1.59 330.562
car -1 -1 0.00 0.00 0.00 100.00 100.00 -1000 1.61 4.11 -14.69 -1000 41.23 1.55 330.042
car -1 -1 0.00 0.00 0.00 100.00 100.00 -1000 1.76 4.36 7.91 -1000 42.36 1.62 329.424
car -1 -1 0.00 0.00 0.00 100.00 100.00 -1000 2.11 9.30 3.94 -1000 11.32 1.68 326.359
car -1 -1 0.00 0.00 0.00 100.00 100.00 -1000 1.73 4.52 2.50 -1000 18.75 -0.09 326.043
car -1 -1 0.00 0.00 0.00 100.00 100.00 -1000 1.52 3.67 -17.12 -1000 35.60 1.65 322.076
car -1 -1 0.00 0.00 0.00 100.00 100.00 -1000 1.78 4.37 -11.26 -1000 46.28 1.67 319.484
car -1 -1 0.00 0.00 0.00 100.00 100.00 -1000 1.57 3.74 -7.22 -1000 37.02 0.04 318.486
car -1 -1 0.00 0.00 0.00 100.00 100.00 -1000 1.55 4.06 16.97 -1000 45.92 0.17 313.523
car -1 -1 0.00 0.00 0.00 100.00 100.00 -1000 1.76 4.89 -3.69 -1000 21.14 1.65 304.200
car -1 -1 0.00 0.00 0.00 100.00 100.00 -1000 1.46 3.31 -9.89 -1000 42.65 1.55 301.989
car -1 -1 0.00 0.00 0.00 100.00 100.00 -1000 1.67 4.17 7.02 -1000 6.34 1.69 300.944
car -1 -1 0.00 0.00 0.00 100.00 100.00 -1000 1.96 4.76 -6.00 -1000 38.80 1.56 299.850
car -1 -1 0.00 0.00 0.00 100.00 100.00 -1000 1.93 4.86 -9.33 -1000 39.26 1.58 299.835
car -1 -1 0.00 0.00 0.00 100.00 100.00 -1000 1.57 3.80 3.83 -1000 45.95 1.69 298.397
car -1 -1 0.00 0.00 0.00 100.00 100.00 -1000 2.20 5.85 -7.21 -1000 11.70 1.64 297.781
car -1 -1 0.00 0.00 0.00 100.00 100.00 -1000 1.66 3.63 -6.76 -1000 35.98 1.62 297.245
car -1 -1 0.00 0.00 0.00 100.00 100.00 -1000 2.34 6.92 9.08 -1000 12.11 1.70 294.098
car -1 -1 0.00 0.00 0.00 100.00 100.00 -1000 1.56 3.98 -8.16 -1000 7.80 1.65 291.376
car -1 -1 0.00 0.00 0.00 100.00 100.00 -1000 2.03 4.64 -9.55 -1000 40.44 1.58 287.690
car -1 -1 0.00 0.00 0.00 100.00 100.00 -1000 1.66 4.74 -1.70 -1000 37.96 0.13 286.106
car -1 -1 0.00 0.00 0.00 100.00 100.00 -1000 1.77 4.67 -12.76 -1000 22.73 1.60 284.327
car -1 -1 0.00 0.00 0.00 100.00 100.00 -1000 1.96 5.73 -13.36 -1000 25.71 1.60 283.735
car -1 -1 0.00 0.00 0.00 100.00 100.00 -1000 1.76 3.75 -10.78 -1000 38.63 1.57 282.971
car -1 -1 0.00 0.00 0.00 100.00 100.00 -1000 1.62 3.54 -9.69 -1000 43.43 1.59 282.413
car -1 -1 0.00 0.00 0.00 100.00 100.00 -1000 1.57 4.17 14.20 -1000 37.06 1.65 281.928
car -1 -1 0.00 0.00 0.00 100.00 100.00 -1000 1.89 4.56 -12.81 -1000 18.99 1.63 279.508
car -1 -1 0.00 0.00 0.00 100.00 100.00 -1000 1.75 4.39 17.17 -1000 27.41 1.54 270.948
car -1 -1 0.00 0.00 0.00 100.00 100.00 -1000 2.12 5.17 3.69 -1000 16.89 1.77 270.549
car -1 -1 0.00 0.00 0.00 100.00 100.00 -1000 1.72 3.83 -3.32 -1000 39.66 1.61 269.939
car -1 -1 0.00 0.00 0.00 100.00 100.00 -1000 1.59 3.56 -14.31 -1000 45.01 1.57 269.429
car -1 -1 0.00 0.00 0.00 100.00 100.00 -1000 1.33 3.34 -3.72 -1000 46.24 -0.11 267.986
car -1 -1 0.00 0.00 0.00 100.00 100.00 -1000 1.69 4.34 8.16 -1000 14.26 1.70 267.047
car -1 -1 0.00 0.00 0.00 100.00 100.00 -1000 1.91 4.89 6.64 -1000 43.28 1.52 265.617
car -1 -1 0.00 0.00 0.00 100.00 100.00 -1000 1.77 4.31 -7.61 -1000 42.88 1.62 265.328
car -1 -1 0.00 0.00 0.00 100.00 100.00 -1000 1.99 5.32 -13.53 -1000 16.45 1.59 264.977
car -1 -1 0.00 0.00 0.00 100.00 100.00 -1000 1.48 4.13 -11.04 -1000 35.02 -0.20 263.591
car -1 -1 0.00 0.00 0.00 100.00 100.00 -1000 1.68 4.44 -6.73 -1000 16.20 1.79 261.157
car -1 -1 0.00 0.00 0.00 100.00 100.00 -1000 1.69 4.36 -11.79 -1000 43.32 1.70 258.631
car -1 -1 0.00 0.00 0.00 100.00 100.00 -1000 1.93 5.32 9.80 -1000 10.64 1.68 258.147
car -1 -1 0.00 0.00 0.00 100.00 100.00 -1000 1.53 3.61 -14.92 -1000 42.84 1.57 257.954
car -1 -1 0.00 0.00 0.00 100.00 100.00 -1000 1.60 4.18 19.69 -1000 40.59 -0.06 257.412
car -1 -1 0.00 0.00 0.00 100.00 100.00 -1000 1.90 4.41 -12.22 -1000 18.26 1.72 255.539
car -1 -1 0.00 0.00 0.00 100.00 100.00 -1000 1.77 4.45 17.28 -1000 29.02 1.55 252.110
car -1 -1 0.00 0.00 0.00 100.00 100.00 -1000 1.67 3.83 -17.24 -1000 34.09 -0.35 251.997
car -1 -1 0.00 0.00 0.00 100.00 100.00 -1000 1.90 5.00 -11.34 -1000 37.39 1.66 249.549
car -1 -1 0.00 0.00 0.00 100.00 100.00 -1000 1.71 3.88 6.63 -1000 31.85 1.55 248.830
car -1 -1 0.00 0.00 0.00 100.00 100.00 -1000 1.97 4.70 -6.65 -1000 37.88 1.60 245.324
car -1 -1 0.00 0.00 0.00 100.00 100.00 -1000 1.59 3.99 -3.15 -1000 42.03 1.56 243.709
car -1 -1 0.00 0.00 0.00 100.00 100.00 -1000 1.60 3.69 -3.87 -1000 38.27 0.01 243.152
car -1 -1 0.00 0.00 0.00 100.00 100.00 -1000 1.79 4.95 -8.00 -1000 9.67 1.66 240.521
car -1 -1 0.00 0.00 0.00 100.00 100.00 -1000 1.83 4.57 7.93 -1000 41.33 1.69 240.161
car -1 -1 0.00 0.00 0.00 100.00 100.00 -1000 1.86 4.30 14.89 -1000 41.06 1.54 239.049
car -1 -1 0.00 0.00 0.00 100.00 100.00 -1000 2.19 6.55 -1.43 -1000 27.23 1.66 236.209
car -1 -1 0.00 0.00 0.00 100.00 100.00 -1000 1.65 3.28 -10.32 -1000 41.94 1.52 233.530
car -1 -1 0.00 0.00 0.00 100.00 100.00 -1000 1.79 4.41 -8.05 -1000 38.39 1.61 233.249
car -1 -1 0.00 0.00 0.00 100.00 100.00 -1000 1.97 3.68 -5.64 -1000 6.63 1.43 232.581
car -1 -1 0.00 0.00 0.00 100.00 100.00 -1000 1.71 3.98 16.28 -1000 39.20 1.57 232.268
car -1 -1 0.00 0.00 0.00 100.00 100.00 -1000 1.47 4.30 16.60 -1000 37.81 0.10 231.306
car -1 -1 0.00 0.00 0.00 100.00 100.00 -1000 2.18 5.71 9.17 -1000 21.00 1.70 231.150
car -1 -1 0.00 0.00 0.00 100.00 100.00 -1000 1.46 3.61 6.77 -1000 30.79 -0.11 231.047
car -1 -1 0.00 0.00 0.00 100.00 100.00 -1000 1.99 5.23 7.28 -1000 20.75 1.77 230.004
car -1 -1 0.00 0.00 0.00 100.00 100.00 -1000 1.71 4.87 -7.57 -1000 17.09 1.72 229.888
car -1 -1 0.00 0.00 0.00 100.00 100.00 -1000 1.74 4.72 16.41 -1000 46.74 1.61 228.950
car -1 -1 0.00 0.00 0.00 100.00 100.00 -1000 1.70 3.53 -15.50 -1000 40.34 1.59 226.678
car -1 -1 0.00 0.00 0.00 100.00 100.00 -1000 1.79 4.12 -7.63 -1000 45.07 1.70 226.269
car -1 -1 0.00 0.00 0.00 100.00 100.00 -1000 1.65 4.13 -5.07 -1000 46.72 1.61 226.057
car -1 -1 0.00 0.00 0.00 100.00 100.00 -1000 2.02 4.58 6.06 -1000 37.11 1.57 225.784
car -1 -1 0.00 0.00 0.00 100.00 100.00 -1000 1.84 4.02 4.58 -1000 44.98 1.65 223.099
car -1 -1 0.00 0.00 0.00 100.00 100.00 -1000 1.69 4.13 17.45 -1000 38.77 1.69 220.905
car -1 -1 0.00 0.00 0.00 100.00 100.00 -1000 1.73 4.40 -9.38 -1000 12.00 1.59 220.584
car -1 -1 0.00 0.00 0.00 100.00 100.00 -1000 2.18 4.58 -4.04 -1000 13.93 1.47 220.448
car -1 -1 0.00 0.00 0.00 100.00 100.00 -1000 1.66 4.03 17.36 -1000 30.62 1.59 220.118
car -1 -1 0.00 0.00 0.00 100.00 100.00 -1000 1.89 4.86 -12.38 -1000 24.32 1.62 218.940
car -1 -1 0.00 0.00 0.00 100.00 100.00 -1000 2.01 4.93 -15.50 -1000 38.75 1.68 218.675
car -1 -1 0.00 0.00 0.00 100.00 100.00 -1000 1.87 4.47 -3.41 -1000 35.36 1.57 217.040
car -1 -1 0.00 0.00 0.00 100.00 100.00 -1000 1.79 4.36 -5.10 -1000 29.42 1.71 217.028
car -1 -1 0.00 0.00 0.00 100.00 100.00 -1000 1.85 4.07 15.79 -1000 37.10 1.64 213.898
car -1 -1 0.00 0.00 0.00 100.00 100.00 -1000 1.69 4.05 -5.78 -1000 39.77 1.61 211.419
car -1 -1 0.00 0.00 0.00 100.00 100.00 -1000 2.13 4.69 3.67 -1000 9.71 1.67 210.364
car -1 -1 0.00 0.00 0.00 100.00 100.00 -1000 1.65 3.69 12.50 -1000 37.55 1.68 208.872
car -1 -1 0.00 0.00 0.00 100.00 100.00 -1000 1.73 4.56 9.98 -1000 9.00 1.71 208.594
car -1 -1 0.00 0.00 0.00 100.00 100.00 -1000 1.95 4.74 -1.75 -1000 32.13 1.56 206.891
car -1 -1 0.00 0.00 0.00 100.00 100.00 -1000 1.77 4.06 6.44 -1000 22.09 1.68 205.951
car -1 -1 0.00 0.00 0.00 100.00 100.00 -1000 1.64 3.92 -5.08 -1000 42.05 1.61 204.235
car -1 -1 0.00 0.00 0.00 100.00 100.00 -1000 1.74 4.22 -16.17 -1000 37.58 1.69 204.210
car -1 -1 0.00 0.00 0.00 100.00 100.00 -1000 1.76 4.86 16.73 -1000 45.11 1.59 203.385
car -1 -1 0.00 0.00 0.00 100.00 100.00 -1000 1.89 4.10 18.09 -1000 31.62 1.49 202.988
car -1 -1 0.00 0.00 0.00 100.00 100.00 -1000 1.69 3.95 17.75 -1000 24.97 1.64 202.380
car -1 -1 0.00 0.00 0.00 100.00 100.00 -1000 1.92 4.55 -1.27 -1000 42.07 1.63 199.001
car -1 -1 0.00 0.00 0.00 100.00 100.00 -1000 1.63 4.24 -11.61 -1000 15.81 1.61 197.906
car -1 -1 0.00 0.00 0.00 100.00 100.00 -1000 2.09 6.89 4.84 -1000 23.42 1.69 196.289
car -1 -1 0.00 0.00 0.00 100.00 100.00 -1000 1.92 5.08 -10.23 -1000 17.83 1.65 195.947
car -1 -1 0.00 0.00 0.00 100.00 100.00 -1000 1.91 4.77 -8.33 -1000 42.04 1.69 195.844
car -1 -1 0.00 0.00 0.00 100.00 100.00 -1000 2.02 4.83 19.41 -1000 43.48 1.56 192.372
car -1 -1 0.00 0.00 0.00 100.00 100.00 -1000 1.98 5.37 -8.75 -1000 47.62 1.56 190.832
car -1 -1 0.00 0.00 0.00 100.00 100.00 -1000 1.88 5.08 -8.87 -1000 10.51 1.63 189.703
car -1 -1 0.00 0.00 0.00 100.00 100.00 -1000 1.87 4.28 4.24 -1000 44.13 1.64 187.554
car -1 -1 0.00 0.00 0.00 100.00 100.00 -1000 1.91 4.53 18.98 -1000 45.04 1.64 186.855
car -1 -1 0.00 0.00 0.00 100.00 100.00 -1000 1.73 4.49 5.99 -1000 42.52 1.63 185.511
car -1 -1 0.00 0.00 0.00 100.00 100.00 -1000 1.89 5.40 -5.29 -1000 35.56 1.57 185.056
car -1 -1 0.00 0.00 0.00 100.00 100.00 -1000 1.68 3.60 2.20 -1000 44.49 1.52 184.262
car -1 -1 0.00 0.00 0.00 100.00 100.00 -1000 1.86 4.59 6.99 -1000 30.03 1.59 182.303
car -1 -1 0.00 0.00 0.00 100.00 100.00 -1000 1.77 4.13 18.06 -1000 33.44 1.57 181.042
car -1 -1 0.00 0.00 0.00 100.00 100.00 -1000 1.80 4.29 -6.98 -1000 14.99 1.80 179.357
car -1 -1 0.00 0.00 0.00 100.00 100.00 -1000 1.97 5.65 16.80 -1000 43.59 1.64 178.482
car -1 -1 0.00 0.00 0.00 100.00 100.00 -1000 1.45 3.51 1.35 -1000 45.75 1.61 178.382
car -1 -1 0.00 0.00 0.00 100.00 100.00 -1000 2.22 6.11 -0.39 -1000 25.11 1.67 178.266
