car -1 -1 0.00 0.00 0.00 100.00 100.00 -1000 1.96 4.53 -4.57 -1000 11.75 1.49 999.696
car -1 -1 0.00 0.00 0.00 100.00 100.00 -1000 1.66 4.47 -2.36 -1000 14.89 1.48 995.306
car -1 -1 0.00 0.00 0.00 100.00 100.00 -1000 1.77 4.22 -3.87 -1000 12.57 1.64 995.289
car -1 -1 0.00 0.00 0.00 100.00 100.00 -1000 1.77 4.41 -1.15 -1000 14.44 1.61 994.040
car -1 -1 0.00 0.00 0.00 100.00 100.00 -1000 1.89 4.84 -6.58 -1000 15.31 1.53 990.115
car -1 -1 0.00 0.00 0.00 100.00 100.00 -1000 1.69 3.91 -0.87 -1000 16.39 1.57 984.526
car -1 -1 0.00 0.00 0.00 100.00 100.00 -1000 1.57 3.38 -4.57 -1000 11.08 1.52 983.837
car -1 -1 0.00 0.00 0.00 100.00 100.00 -1000 1.76 4.18 0.12 -1000 15.91 1.59 971.902
car -1 -1 0.00 0.00 0.00 100.00 100.00 -1000 1.82 4.60 -4.15 -1000 14.89 1.52 967.844
car -1 -1 0.00 0.00 0.00 100.00 100.00 -1000 1.58 3.63 0.72 -1000 14.82 1.64 966.277
car -1 -1 0.00 0.00 0.00 100.00 100.00 -1000 1.90 4.88 -1.34 -1000 19.62 1.57 964.748
car -1 -1 0.00 0.00 0.00 100.00 100.00 -1000 1.68 3.89 -4.12 -1000 16.82 1.61 963.478
car -1 -1 0.00 0.00 0.00 100.00 100.00 -1000 1.64 3.80 -1.87 -1000 13.80 1.61 962.405
car -1 -1 0.00 0.00 0.00 100.00 100.00 -1000 1.59 3.72 1.83 -1000 14.46 1.63 960.757
car -1 -1 0.00 0.00 0.00 100.00 100.00 -1000 1.59 3.59 -2.74 -1000 13.19 1.66 947.495
car -1 -1 0.00 0.00 0.00 100.00 100.00 -1000 1.82 4.29 -5.06 -1000 13.09 1.57 942.529
car -1 -1 0.00 0.00 0.00 100.00 100.00 -1000 1.72 4.01 2.07 -1000 15.93 1.59 934.427
car -1 -1 0.00 0.00 0.00 100.00 100.00 -1000 1.58 3.61 -15.59 -1000 21.44 1.60 934.111
car -1 -1 0.00 0.00 0.00 100.00 100.00 -1000 1.65 4.46 0.56 -1000 16.69 1.54 924.213
car -1 -1 0.00 0.00 0.00 100.00 100.00 -1000 3.31 11.99 -0.43 -1000 22.77 1.59 922.169
car -1 -1 0.00 0.00 0.00 100.00 100.00 -1000 1.58 3.66 -0.76 -1000 15.26 1.66 920.343
car -1 -1 0.00 0.00 0.00 100.00 100.00 -1000 1.61 3.77 0.27 -1000 19.89 1.58 919.281
car -1 -1 0.00 0.00 0.00 100.00 100.00 -1000 1.60 4.10 5.18 -1000 10.88 -0.35 919.140
car -1 -1 0.00 0.00 0.00 100.00 100.00 -1000 2.41 6.93 -6.44 -1000 20.09 1.59 910.550
car -1 -1 0.00 0.00 0.00 100.00 100.00 -1000 1.64 3.84 5.03 -1000 18.28 -0.10 906.735
car -1 -1 0.00 0.00 0.00 100.00 100.00 -1000 1.62 3.66 -2.32 -1000 16.24 1.61 901.533
car -1 -1 0.00 0.00 0.00 100.00 100.00 -1000 1.63 3.87 1.79 -1000 19.64 1.61 900.535
car -1 -1 0.00 0.00 0.00 100.00 100.00 -1000 1.62 3.76 7.54 -1000 13.22 1.61 895.100
car -1 -1 0.00 0.00 0.00 100.00 100.00 -1000 1.58 3.73 3.71 -1000 19.62 1.63 891.721
car -1 -1 0.00 0.00 0.00 100.00 100.00 -1000 1.54 3.43 1.34 -1000 13.79 1.62 889.797
car -1 -1 0.00 0.00 0.00 100.00 100.00 -1000 1.74 4.12 -6.02 -1000 13.63 1.65 885.812
car -1 -1 0.00 0.00 0.00 100.00 100.00 -1000 2.12 5.38 -4.15 -1000 15.86 1.55 882.355
car -1 -1 0.00 0.00 0.00 100.00 100.00 -1000 1.64 3.83 -18.19 -1000 26.62 1.62 878.164
car -1 -1 0.00 0.00 0.00 100.00 100.00 -1000 1.73 4.06 -5.69 -1000 17.19 1.54 877.234
car -1 -1 0.00 0.00 0.00 100.00 100.00 -1000 1.69 4.12 -2.89 -1000 17.20 1.62 876.655
car -1 -1 0.00 0.00 0.00 100.00 100.00 -1000 1.55 3.66 5.78 -1000 6.65 -0.29 869.406
car -1 -1 0.00 0.00 0.00 100.00 100.00 -1000 1.64 3.82 -0.94 -1000 17.26 1.61 862.389
car -1 -1 0.00 0.00 0.00 100.00 100.00 -1000 1.61 3.87 -14.97 -1000 22.09 1.69 861.734
car -1 -1 0.00 0.00 0.00 100.00 100.00 -1000 1.53 3.53 1.98 -1000 13.15 -0.14 857.363
car -1 -1 0.00 0.00 0.00 100.00 100.00 -1000 1.58 5.27 -3.81 -1000 10.33 -0.15 856.730
car -1 -1 0.00 0.00 0.00 100.00 100.00 -1000 1.67 3.95 4.74 -1000 11.75 1.60 855.921
car -1 -1 0.00 0.00 0.00 100.00 100.00 -1000 1.98 5.20 -6.94 -1000 19.30 1.54 853.196
car -1 -1 0.00 0.00 0.00 100.00 100.00 -1000 1.67 4.20 -7.06 -1000 17.57 1.50 844.248
car -1 -1 0.00 0.00 0.00 100.00 100.00 -1000 2.79 9.08 -2.68 -1000 20.43 1.52 839.094
car -1 -1 0.00 0.00 0.00 100.00 100.00 -1000 1.70 4.07 6.21 -1000 18.97 1.64 837.565
car -1 -1 0.00 0.00 0.00 100.00 100.00 -1000 1.61 4.16 0.93 -1000 18.28 -0.12 835.835
car -1 -1 0.00 0.00 0.00 100.00 100.00 -1000 1.97 4.68 -5.56 -1000 14.54 1.57 833.572
car -1 -1 0.00 0.00 0.00 100.00 100.00 -1000 1.63 3.70 2.81 -1000 13.85 1.61 823.045
car -1 -1 0.00 0.00 0.00 100.00 100.00 -1000 1.89 4.63 -2.32 -1000 18.96 1.58 820.544
car -1 -1 0.00 0.00 0.00 100.00 100.00 -1000 1.52 4.27 4.01 -1000 17.67 -0.08 819.359
car -1 -1 0.00 0.00 0.00 100.00 100.00 -1000 1.64 3.86 5.50 -1000 12.44 1.61 818.125
car -1 -1 0.00 0.00 0.00 100.00 100.00 -1000 1.62 3.75 2.28 -1000 18.61 -0.11 813.918
car -1 -1 0.00 0.00 0.00 100.00 100.00 -1000 2.34 7.13 -8.20 -1000 18.64 1.51 807.045
car -1 -1 0.00 0.00 0.00 100.00 100.00 -1000 2.57 7.28 -0.40 -1000 21.97 1.63 805.841
car -1 -1 0.00 0.00 0.00 100.00 100.00 -1000 1.72 4.03 -8.11 -1000 15.64 1.56 798.294
car -1 -1 0.00 0.00 0.00 100.00 100.00 -1000 1.50 3.58 2.98 -1000 15.31 -0.17 795.383
car -1 -1 0.00 0.00 0.00 100.00 100.00 -1000 1.54 3.40 3.78 -1000 18.68 1.64 793.387
car -1 -1 0.00 0.00 0.00 100.00 100.00 -1000 1.58 3.76 4.97 -1000 5.77 -0.31 791.994
car -1 -1 0.00 0.00 0.00 100.00 100.00 -1000 1.59 3.88 6.60 -1000 17.94 -0.24 791.860
car -1 -1 0.00 0.00 0.00 100.00 100.00 -1000 1.63 3.93 5.55 -1000 19.60 1.65 790.515
car -1 -1 0.00 0.00 0.00 100.00 100.00 -1000 1.84 4.55 -3.37 -1000 14.10 1.49 789.283
car -1 -1 0.00 0.00 0.00 100.00 100.00 -1000 1.62 3.61 5.82 -1000 13.30 1.61 784.190
car -1 -1 0.00 0.00 0.00 100.00 100.00 -1000 1.56 3.61 -0.03 -1000 13.07 -0.19 776.513
car -1 -1 0.00 0.00 0.00 100.00 100.00 -1000 1.79 4.24 -1.45 -1000 12.65 1.55 770.982
car -1 -1 0.00 0.00 0.00 100.00 100.00 -1000 2.94 10.35 1.67 -1000 23.74 1.59 770.173
car -1 -1 0.00 0.00 0.00 100.00 100.00 -1000 1.50 3.59 6.48 -1000 7.37 -0.32 769.782
car -1 -1 0.00 0.00 0.00 100.00 100.00 -1000 1.69 4.04 -10.63 -1000 15.69 1.59 768.898
car -1 -1 0.00 0.00 0.00 100.00 100.00 -1000 1.91 4.57 -5.06 -1000 9.85 1.45 765.130
car -1 -1 0.00 0.00 0.00 100.00 100.00 -1000 1.67 3.86 -2.73 -1000 18.08 1.61 760.217
car -1 -1 0.00 0.00 0.00 100.00 100.00 -1000 1.81 4.13 -7.28 -1000 14.51 1.59 754.386
car -1 -1 0.00 0.00 0.00 100.00 100.00 -1000 1.53 3.58 3.93 -1000 14.37 1.62 750.634
car -1 -1 0.00 0.00 0.00 100.00 100.00 -1000 1.59 3.74 -5.41 -1000 12.31 1.40 743.673
car -1 -1 0.00 0.00 0.00 100.00 100.00 -1000 1.49 3.33 -10.52 -1000 14.54 1.61 742.288
car -1 -1 0.00 0.00 0.00 100.00 100.00 -1000 1.77 4.14 -5.88 -1000 16.23 1.59 741.635
car -1 -1 0.00 0.00 0.00 100.00 100.00 -1000 2.04 5.44 -8.42 -1000 19.74 1.57 733.868
car -1 -1 0.00 0.00 0.00 100.00 100.00 -1000 1.67 3.92 6.62 -1000 13.92 1.62 732.276
car -1 -1 0.00 0.00 0.00 100.00 100.00 -1000 1.52 3.40 9.27 -1000 12.95 1.66 730.759
car -1 -1 0.00 0.00 0.00 100.00 100.00 -1000 1.76 4.22 2.87 -1000 16.53 1.57 723.424
car -1 -1 0.00 0.00 0.00 100.00 100.00 -1000 1.90 4.80 2.45 -1000 20.31 1.67 722.244
car -1 -1 0.00 0.00 0.00 100.00 100.00 -1000 1.68 3.99 0.80 -1000 19.17 1.59 717.360
car -1 -1 0.00 0.00 0.00 100.00 100.00 -1000 2.91 10.13 2.52 -1000 22.03 1.61 717.141
car -1 -1 0.00 0.00 0.00 100.00 100.00 -1000 1.68 4.16 -17.05 -1000 26.99 1.70 716.035
car -1 -1 0.00 0.00 0.00 100.00 100.00 -1000 1.54 3.46 -12.22 -1000 14.50 1.61 715.233
car -1 -1 0.00 0.00 0.00 100.00 100.00 -1000 1.58 3.59 -10.87 -1000 13.80 1.60 713.907
car -1 -1 0.00 0.00 0.00 100.00 100.00 -1000 1.60 3.74 7.91 -1000 12.20 -0.10 713.272
car -1 -1 0.00 0.00 0.00 100.00 100.00 -1000 2.26 6.55 -9.04 -1000 17.67 1.59 703.622
car -1 -1 0.00 0.00 0.00 100.00 100.00 -1000 1.73 4.09 -7.87 -1000 16.93 1.59 694.700
car -1 -1 0.00 0.00 0.00 100.00 100.00 -1000 1.52 3.96 -15.02 -1000 20.47 -0.24 694.298
car -1 -1 0.00 0.00 0.00 100.00 100.00 -1000 2.40 7.10 -4.82 -1000 19.22 1.60 693.018
car -1 -1 0.00 0.00 0.00 100.00 100.00 -1000 1.58 3.57 -9.30 -1000 14.23 1.61 691.688
car -1 -1 0.00 0.00 0.00 100.00 100.00 -1000 2.02 5.03 -11.44 -1000 17.67 1.66 689.864
car -1 -1 0.00 0.00 0.00 100.00 100.00 -1000 1.61 3.64 -9.62 -1000 14.98 1.63 687.886
car -1 -1 0.00 0.00 0.00 100.00 100.00 -1000 1.97 4.94 -0.38 -1000 20.85 1.62 677.623
car -1 -1 0.00 0.00 0.00 100.00 100.00 -1000 1.71 3.77 -0.90 -1000 18.62 1.60 665.410
car -1 -1 0.00 0.00 0.00 100.00 100.00 -1000 1.68 3.91 -17.04 -1000 21.79 1.58 655.557
car -1 -1 0.00 0.00 0.00 100.00 100.00 -1000 2.58 8.46 4.08 -1000 22.83 1.64 655.205
car -1 -1 0.00 0.00 0.00 100.00 100.00 -1000 2.62 8.24 -4.73 -1000 21.22 1.57 651.361
car -1 -1 0.00 0.00 0.00 100.00 100.00 -1000 1.57 4.03 4.55 -1000 15.09 -0.09 646.218
car -1 -1 0.00 0.00 0.00 100.00 100.00 -1000 1.71 4.07 8.32 -1000 14.05 1.68 637.126
car -1 -1 0.00 0.00 0.00 100.00 100.00 -1000 1.45 3.47 4.56 -1000 5.09 -0.13 634.838
car -1 -1 0.00 0.00 0.00 100.00 100.00 -1000 1.64 3.95 4.53 -1000 13.76 1.56 629.840
car -1 -1 0.00 0.00 0.00 100.00 100.00 -1000 1.57 3.62 -18.75 -1000 25.83 1.59 627.044
car -1 -1 0.00 0.00 0.00 100.00 100.00 -1000 1.77 3.89 -0.07 -1000 17.82 1.58 622.844
car -1 -1 0.00 0.00 0.00 100.00 100.00 -1000 2.40 7.17 -1.48 -1000 23.63 1.56 620.220
car -1 -1 0.00 0.00 0.00 100.00 100.00 -1000 2.65 9.01 5.97 -1000 22.01 1.66 620.184
car -1 -1 0.00 0.00 0.00 100.00 100.00 -1000 1.49 3.32 3.79 -1000 13.05 -0.04 616.633
car -1 -1 0.00 0.00 0.00 100.00 100.00 -1000 1.83 4.51 6.88 -1000 19.97 1.66 616.280
car -1 -1 0.00 0.00 0.00 100.00 100.00 -1000 1.70 4.12 2.16 -1000 17.39 1.47 612.468
car -1 -1 0.00 0.00 0.00 100.00 100.00 -1000 1.52 3.94 -18.21 -1000 22.42 -0.16 600.671
car -1 -1 0.00 0.00 0.00 100.00 100.00 -1000 2.35 7.60 -2.83 -1000 22.28 1.58 600.669
car -1 -1 0.00 0.00 0.00 100.00 100.00 -1000 1.74 4.13 -18.21 -1000 27.62 1.60 591.587
car -1 -1 0.00 0.00 0.00 100.00 100.00 -1000 1.73 4.44 4.10 -1000 16.05 1.60 588.030
car -1 -1 0.00 0.00 0.00 100.00 100.00 -1000 1.67 3.93 7.50 -1000 19.30 1.68 587.757
car -1 -1 0.00 0.00 0.00 100.00 100.00 -1000 1.70 4.10 9.83 -1000 11.97 -0.11 583.680
car -1 -1 0.00 0.00 0.00 100.00 100.00 -1000 2.00 5.41 4.62 -1000 20.29 1.69 566.565
car -1 -1 0.00 0.00 0.00 100.00 100.00 -1000 1.60 3.57 4.15 -1000 6.60 1.56 558.624
car -1 -1 0.00 0.00 0.00 100.00 100.00 -1000 1.51 3.82 -14.35 -1000 21.09 0.03 552.175
car -1 -1 0.00 0.00 0.00 100.00 100.00 -1000 1.65 3.86 10.58 -1000 13.27 1.68 551.041
car -1 -1 0.00 0.00 0.00 100.00 100.00 -1000 1.85 4.31 -11.35 -1000 16.39 1.56 545.949
car -1 -1 0.00 0.00 0.00 100.00 100.00 -1000 2.01 6.27 -14.47 -1000 24.21 1.64 543.877
car -1 -1 0.00 0.00 0.00 100.00 100.00 -1000 1.93 5.22 -14.99 -1000 22.92 1.67 542.744
car -1 -1 0.00 0.00 0.00 100.00 100.00 -1000 1.61 3.53 -12.11 -1000 15.38 1.56 540.484
car -1 -1 0.00 0.00 0.00 100.00 100.00 -1000 1.62 4.18 5.66 -1000 14.62 -0.20 539.749
car -1 -1 0.00 0.00 0.00 100.00 100.00 -1000 2.37 7.22 2.85 -1000 21.07 1.64 531.971
car -1 -1 0.00 0.00 0.00 100.00 100.00 -1000 1.96 4.76 -9.17 -1000 16.48 1.58 512.783
car -1 -1 0.00 0.00 0.00 100.00 100.00 -1000 1.58 3.99 -17.01 -1000 26.02 -0.02 498.767
car -1 -1 0.00 0.00 0.00 100.00 100.00 -1000 1.83 4.00 5.59 -1000 17.44 1.60 491.562
car -1 -1 0.00 0.00 0.00 100.00 100.00 -1000 2.14 5.88 -4.31 -1000 18.13 1.63 489.540
car -1 -1 0.00 0.00 0.00 100.00 100.00 -1000 1.72 4.08 -14.88 -1000 27.01 1.63 485.178
car -1 -1 0.00 0.00 0.00 100.00 100.00 -1000 2.36 7.34 -10.78 -1000 18.76 1.59 481.033
car -1 -1 0.00 0.00 0.00 100.00 100.00 -1000 2.27 7.23 6.51 -1000 20.83 1.64 474.638
car -1 -1 0.00 0.00 0.00 100.00 100.00 -1000 1.53 4.12 -17.69 -1000 25.24 -0.18 473.512
car -1 -1 0.00 0.00 0.00 100.00 100.00 -1000 2.13 5.74 8.51 -1000 14.94 1.53 470.505
car -1 -1 0.00 0.00 0.00 100.00 100.00 -1000 1.51 3.81 7.35 -1000 11.08 -0.21 460.138
car -1 -1 0.00 0.00 0.00 100.00 100.00 -1000 1.89 4.58 10.13 -1000 14.14 1.59 455.127
car -1 -1 0.00 0.00 0.00 100.00 100.00 -1000 1.69 4.16 -13.24 -1000 21.66 1.71 443.204
car -1 -1 0.00 0.00 0.00 100.00 100.00 -1000 1.51 3.89 -7.21 -1000 12.36 -0.14 402.410
car -1 -1 0.00 0.00 0.00 100.00 100.00 -1000 1.80 4.76 8.95 -1000 18.59 1.67 394.381
car -1 -1 0.00 0.00 0.00 100.00 100.00 -1000 2.20 6.22 -12.86 -1000 23.65 1.62 388.074
car -1 -1 0.00 0.00 0.00 100.00 100.00 -1000 2.19 5.53 6.03 -1000 16.18 1.66 387.956
car -1 -1 0.00 0.00 0.00 100.00 100.00 -1000 2.17 6.62 9.17 -1000 20.86 1.65 376.236
car -1 -1 0.00 0.00 0.00 100.00 100.00 -1000 2.04 4.88 -12.46 -1000 18.38 1.60 375.564
car -1 -1 0.00 0.00 0.00 100.00 100.00 -1000 1.71 5.66 5.15 -1000 10.04 -0.24 352.956
car -1 -1 0.00 0.00 0.00 100.00 100.00 -1000 2.22 7.04 8.22 -1000 21.64 1.58 345.408
car -1 -1 0.00 0.00 0.00 100.00 100.00 -1000 1.90 4.54 -17.06 -1000 22.97 1.69 340.508
car -1 -1 0.00 0.00 0.00 100.00 100.00 -1000 1.79 4.54 5.35 -1000 7.84 1.51 338.595
car -1 -1 0.00 0.00 0.00 100.00 100.00 -1000 1.36 4.00 -11.51 -1000 13.11 -0.07 337.616
car -1 -1 0.00 0.00 0.00 100.00 100.00 -1000 1.76 4.10 11.23 -1000 12.58 1.69 334.394
car -1 -1 0.00 0.00 0.00 100.00 100.00 -1000 1.81 4.98 -11.47 -1000 22.35 1.65 322.252
car -1 -1 0.00 0.00 0.00 100.00 100.00 -1000 1.79 4.28 6.69 -1000 8.36 1.64 321.613
car -1 -1 0.00 0.00 0.00 100.00 100.00 -1000 2.20 5.38 6.95 -1000 17.01 1.62 303.669
car -1 -1 0.00 0.00 0.00 100.00 100.00 -1000 2.07 6.39 2.21 -1000 24.37 1.61 300.212
car -1 -1 0.00 0.00 0.00 100.00 100.00 -1000 1.70 3.93 -9.87 -1000 13.07 1.52 293.843
car -1 -1 0.00 0.00 0.00 100.00 100.00 -1000 1.85 5.16 -12.98 -1000 22.72 1.68 283.581
car -1 -1 0.00 0.00 0.00 100.00 100.00 -1000 1.70 5.63 -0.09 -1000 12.19 -0.28 282.105
car -1 -1 0.00 0.00 0.00 100.00 100.00 -1000 1.61 4.18 6.80 -1000 15.03 -0.03 278.261
car -1 -1 0.00 0.00 0.00 100.00 100.00 -1000 2.28 6.78 9.31 -1000 15.77 1.57 276.168
car -1 -1 0.00 0.00 0.00 100.00 100.00 -1000 2.19 6.74 -15.92 -1000 28.89 1.66 273.221
car -1 -1 0.00 0.00 0.00 100.00 100.00 -1000 1.82 4.49 10.80 -1000 11.34 1.60 271.063
car -1 -1 0.00 0.00 0.00 100.00 100.00 -1000 1.90 5.07 -16.26 -1000 23.73 1.64 264.946
car -1 -1 0.00 0.00 0.00 100.00 100.00 -1000 1.67 3.99 6.93 -1000 5.63 1.60 256.825
car -1 -1 0.00 0.00 0.00 100.00 100.00 -1000 1.67 3.90 11.53 -1000 13.84 -0.24 256.165
car -1 -1 0.00 0.00 0.00 100.00 100.00 -1000 1.56 4.08 15.34 -1000 19.23 -0.05 250.181
car -1 -1 0.00 0.00 0.00 100.00 100.00 -1000 1.65 4.43 3.75 -1000 27.45 1.58 242.282
car -1 -1 0.00 0.00 0.00 100.00 100.00 -1000 1.96 4.13 2.76 -1000 12.29 1.48 231.275
car -1 -1 0.00 0.00 0.00 100.00 100.00 -1000 1.96 5.32 -10.79 -1000 21.59 1.65 231.106
car -1 -1 0.00 0.00 0.00 100.00 100.00 -1000 1.96 5.59 -15.05 -1000 25.87 1.62 227.566
car -1 -1 0.00 0.00 0.00 100.00 100.00 -1000 1.91 5.26 -10.92 -1000 23.26 1.64 225.820
car -1 -1 0.00 0.00 0.00 100.00 100.00 -1000 1.76 4.36 -12.47 -1000 20.80 1.67 225.229
car -1 -1 0.00 0.00 0.00 100.00 100.00 -1000 2.40 9.06 6.33 -1000 23.43 1.62 215.307
car -1 -1 0.00 0.00 0.00 100.00 100.00 -1000 1.56 4.24 8.83 -1000 10.80 -0.18 210.863
car -1 -1 0.00 0.00 0.00 100.00 100.00 -1000 1.67 3.95 7.57 -1000 6.40 1.60 207.525
car -1 -1 0.00 0.00 0.00 100.00 100.00 -1000 2.24 7.02 -15.98 -1000 29.98 1.62 204.851
car -1 -1 0.00 0.00 0.00 100.00 100.00 -1000 1.73 4.21 6.03 -1000 4.85 1.59 203.738
car -1 -1 0.00 0.00 0.00 100.00 100.00 -1000 1.96 4.75 -17.96 -1000 21.05 1.65 202.865
car -1 -1 0.00 0.00 0.00 100.00 100.00 -1000 2.01 6.19 9.26 -1000 17.87 1.65 196.437
car -1 -1 0.00 0.00 0.00 100.00 100.00 -1000 1.87 4.29 3.33 -1000 5.83 1.55 195.681
car -1 -1 0.00 0.00 0.00 100.00 100.00 -1000 2.16 7.04 -6.96 -1000 21.92 1.66 194.688
car -1 -1 0.00 0.00 0.00 100.00 100.00 -1000 1.97 5.34 -5.61 -1000 9.02 1.53 193.509
car -1 -1 0.00 0.00 0.00 100.00 100.00 -1000 1.99 5.01 -13.05 -1000 16.55 1.56 190.989
car -1 -1 0.00 0.00 0.00 100.00 100.00 -1000 2.15 5.47 -8.24 -1000 20.80 1.63 190.965
car -1 -1 0.00 0.00 0.00 100.00 100.00 -1000 1.71 4.76 4.86 -1000 26.76 -0.11 189.810
car -1 -1 0.00 0.00 0.00 100.00 100.00 -1000 1.64 4.73 15.89 -1000 18.45 0.11 185.347
car -1 -1 0.00 0.00 0.00 100.00 100.00 -1000 2.19 6.58 -13.77 -1000 25.15 1.64 178.750
car -1 -1 0.00 0.00 0.00 100.00 100.00 -1000 1.89 4.59 -7.56 -1000 13.14 1.52 174.989
car -1 -1 0.00 0.00 0.00 100.00 100.00 -1000 1.88 5.04 -16.80 -1000 27.99 1.64 174.198
car -1 -1 0.00 0.00 0.00 100.00 100.00 -1000 2.30 5.75 -12.87 -1000 26.67 1.62 170.848
car -1 -1 0.00 0.00 0.00 100.00 100.00 -1000 2.12 4.85 -14.25 -1000 19.38 1.64 166.099
car -1 -1 0.00 0.00 0.00 100.00 100.00 -1000 2.17 4.09 -2.34 -1000 11.98 1.42 165.553
car -1 -1 0.00 0.00 0.00 100.00 100.00 -1000 1.96 5.01 3.20 -1000 41.80 1.58 164.858
car -1 -1 0.00 0.00 0.00 100.00 100.00 -1000 2.80 9.34 -5.40 -1000 22.62 1.67 157.410
car -1 -1 0.00 0.00 0.00 100.00 100.00 -1000 2.02 5.61 -11.76 -1000 24.44 1.61 151.256
car -1 -1 0.00 0.00 0.00 100.00 100.00 -1000 1.86 5.66 11.21 -1000 17.59 0.06 149.363
car -1 -1 0.00 0.00 0.00 100.00 100.00 -1000 2.34 6.74 11.09 -1000 14.98 1.58 149.062
car -1 -1 0.00 0.00 0.00 100.00 100.00 -1000 1.43 4.76 0.70 -1000 32.43 -0.14 145.265
car -1 -1 0.00 0.00 0.00 100.00 100.00 -1000 1.47 4.89 -18.81 -1000 21.68 0.03 142.497
car -1 -1 0.00 0.00 0.00 100.00 100.00 -1000 2.18 5.64 13.16 -1000 19.13 1.63 139.453
car -1 -1 0.00 0.00 0.00 100.00 100.00 -1000 2.44 7.66 0.09 -1000 24.87 1.43 139.075
car -1 -1 0.00 0.00 0.00 100.00 100.00 -1000 2.01 6.42 4.30 -1000 24.07 1.58 137.999
car -1 -1 0.00 0.00 0.00 100.00 100.00 -1000 1.57 4.20 -10.51 -1000 16.99 -0.06 137.418
car -1 -1 0.00 0.00 0.00 100.00 100.00 -1000 1.62 8.68 -6.00 -1000 11.19 0.20 135.309
car -1 -1 0.00 0.00 0.00 100.00 100.00 -1000 2.89 7.74 -13.79 -1000 28.88 1.51 132.780
car -1 -1 0.00 0.00 0.00 100.00 100.00 -1000 2.11 6.20 -10.86 -1000 20.39 1.63 132.543
car -1 -1 0.00 0.00 0.00 100.00 100.00 -1000 1.97 5.41 9.19 -1000 19.63 1.63 128.781
car -1 -1 0.00 0.00 0.00 100.00 100.00 -1000 2.14 5.63 6.99 -1000 24.84 1.61 128.281
car -1 -1 0.00 0.00 0.00 100.00 100.00 -1000 2.05 4.51 3.79 -1000 40.31 1.57 123.659
car -1 -1 0.00 0.00 0.00 100.00 100.00 -1000 2.45 8.25 10.14 -1000 16.80 1.60 122.377
car -1 -1 0.00 0.00 0.00 100.00 100.00 -1000 3.93 8.18 -4.60 -1000 8.60 -0.15 121.774
car -1 -1 0.00 0.00 0.00 100.00 100.00 -1000 1.94 4.73 7.18 -1000 9.84 1.54 121.238
car -1 -1 0.00 0.00 0.00 100.00 100.00 -1000 2.09 5.50 -14.30 -1000 27.73 1.59 120.364
car -1 -1 0.00 0.00 0.00 100.00 100.00 -1000 2.40 4.28 -6.60 -1000 9.76 1.19 118.770
car -1 -1 0.00 0.00 0.00 100.00 100.00 -1000 2.03 5.25 8.06 -1000 7.68 1.64 118.587
car -1 -1 0.00 0.00 0.00 100.00 100.00 -1000 1.94 5.72 -17.99 -1000 24.16 1.52 114.682
car -1 -1 0.00 0.00 0.00 100.00 100.00 -1000 2.39 5.47 -13.83 -1000 17.68 1.57 113.326
car -1 -1 0.00 0.00 0.00 100.00 100.00 -1000 2.33 5.90 11.09 -1000 18.61 1.60 112.538
car -1 -1 0.00 0.00 0.00 100.00 100.00 -1000 1.90 4.87 14.98 -1000 12.69 1.64 111.389
car -1 -1 0.00 0.00 0.00 100.00 100.00 -1000 1.92 5.11 -10.31 -1000 24.03 1.59 109.473
car -1 -1 0.00 0.00 0.00 100.00 100.00 -1000 2.22 5.62 13.36 -1000 17.81 1.66 108.904
car -1 -1 0.00 0.00 0.00 100.00 100.00 -1000 1.85 4.96 -13.00 -1000 20.03 1.65 107.848
car -1 -1 0.00 0.00 0.00 100.00 100.00 -1000 2.41 7.09 11.81 -1000 16.19 1.63 107.600
car -1 -1 0.00 0.00 0.00 100.00 100.00 -1000 2.23 5.72 2.74 -1000 28.78 1.54 106.144
car -1 -1 0.00 0.00 0.00 100.00 100.00 -1000 1.81 4.70 1.77 -1000 27.30 1.64 105.805
car -1 -1 0.00 0.00 0.00 100.00 100.00 -1000 1.87 4.63 -16.65 -1000 4.64 1.63 105.147
car -1 -1 0.00 0.00 0.00 100.00 100.00 -1000 2.00 5.41 -18.45 -1000 28.48 1.62 102.672
car -1 -1 0.00 0.00 0.00 100.00 100.00 -1000 1.92 5.21 -6.16 -1000 18.36 0.07 102.253
car -1 -1 0.00 0.00 0.00 100.00 100.00 -1000 1.78 4.35 2.22 -1000 40.13 1.62 99.838
car -1 -1 0.00 0.00 0.00 100.00 100.00 -1000 1.98 5.41 -10.86 -1000 25.24 1.65 97.343
car -1 -1 0.00 0.00 0.00 100.00 100.00 -1000 1.93 4.57 -16.60 -1000 3.02 1.66 96.877
car -1 -1 0.00 0.00 0.00 100.00 100.00 -1000 1.96 4.99 12.73 -1000 13.20 1.70 95.986
car -1 -1 0.00 0.00 0.00 100.00 100.00 -1000 2.15 5.36 4.08 -1000 25.83 1.64 94.958
car -1 -1 0.00 0.00 0.00 100.00 100.00 -1000 1.95 7.37 -16.06 -1000 20.03 0.22 94.691
car -1 -1 0.00 0.00 0.00 100.00 100.00 -1000 1.71 4.52 -1.46 -1000 32.08 1.64 94.150
car -1 -1 0.00 0.00 0.00 100.00 100.00 -1000 2.42 7.36 11.64 -1000 20.64 1.66 94.102
car -1 -1 0.00 0.00 0.00 100.00 100.00 -1000 2.05 5.71 14.76 -1000 11.09 1.55 92.853
car -1 -1 0.00 0.00 0.00 100.00 100.00 -1000 1.65 5.01 -9.70 -1000 12.29 -0.28 92.364
