car -1 -1 0.00 0.00 0.00 100.00 100.00 -1000 1.77 3.93 -0.43 -1000 6.92 1.62 999.881
car -1 -1 0.00 0.00 0.00 100.00 100.00 -1000 1.59 3.38 5.79 -1000 38.34 1.66 998.711
car -1 -1 0.00 0.00 0.00 100.00 100.00 -1000 1.52 3.36 0.55 -1000 7.47 1.52 998.035
car -1 -1 0.00 0.00 0.00 100.00 100.00 -1000 1.51 3.38 13.25 -1000 18.69 1.62 993.915
car -1 -1 0.00 0.00 0.00 100.00 100.00 -1000 1.63 3.87 7.52 -1000 37.53 1.66 992.014
car -1 -1 0.00 0.00 0.00 100.00 100.00 -1000 1.53 3.41 5.66 -1000 37.31 -0.16 991.539
car -1 -1 0.00 0.00 0.00 100.00 100.00 -1000 1.60 3.81 -0.41 -1000 7.87 1.67 991.448
car -1 -1 0.00 0.00 0.00 100.00 100.00 -1000 1.34 3.71 7.18 -1000 36.77 -0.07 991.246
car -1 -1 0.00 0.00 0.00 100.00 100.00 -1000 1.55 4.10 -1.14 -1000 6.32 -0.41 989.800
car -1 -1 0.00 0.00 0.00 100.00 100.00 -1000 1.52 3.64 -6.08 -1000 43.77 1.62 986.537
car -1 -1 0.00 0.00 0.00 100.00 100.00 -1000 1.54 3.60 5.15 -1000 38.92 1.65 985.730
car -1 -1 0.00 0.00 0.00 100.00 100.00 -1000 1.24 3.67 8.09 -1000 36.34 -0.03 983.519
car -1 -1 0.00 0.00 0.00 100.00 100.00 -1000 1.63 3.94 0.44 -1000 6.11 -0.09 977.505
car -1 -1 0.00 0.00 0.00 100.00 100.00 -1000 2.90 10.47 4.61 -1000 41.97 1.59 971.511
car -1 -1 0.00 0.00 0.00 100.00 100.00 -1000 1.62 3.79 8.22 -1000 38.28 1.68 963.402
car -1 -1 0.00 0.00 0.00 100.00 100.00 -1000 1.61 3.57 16.50 -1000 27.97 1.66 959.744
car -1 -1 0.00 0.00 0.00 100.00 100.00 -1000 1.72 4.24 -3.90 -1000 46.55 1.62 957.859
car -1 -1 0.00 0.00 0.00 100.00 100.00 -1000 1.63 3.82 0.22 -1000 8.67 1.59 940.729
car -1 -1 0.00 0.00 0.00 100.00 100.00 -1000 2.24 6.21 1.78 -1000 11.02 1.53 938.838
car -1 -1 0.00 0.00 0.00 100.00 100.00 -1000 1.92 4.83 -6.22 -1000 47.29 1.58 938.068
car -1 -1 0.00 0.00 0.00 100.00 100.00 -1000 1.43 3.39 13.81 -1000 17.85 -0.41 937.263
car -1 -1 0.00 0.00 0.00 100.00 100.00 -1000 2.03 5.89 4.25 -1000 41.73 1.55 935.890
car -1 -1 0.00 0.00 0.00 100.00 100.00 -1000 1.74 4.29 8.97 -1000 39.01 1.63 934.091
car -1 -1 0.00 0.00 0.00 100.00 100.00 -1000 1.67 4.12 13.37 -1000 19.60 1.60 933.434
car -1 -1 0.00 0.00 0.00 100.00 100.00 -1000 2.59 7.98 8.22 -1000 41.60 1.62 930.154
car -1 -1 0.00 0.00 0.00 100.00 100.00 -1000 1.51 3.30 -6.40 -1000 42.18 -0.19 920.931
car -1 -1 0.00 0.00 0.00 100.00 100.00 -1000 1.47 3.33 7.45 -1000 39.00 1.69 918.474
car -1 -1 0.00 0.00 0.00 100.00 100.00 -1000 1.64 3.88 -6.51 -1000 42.98 1.71 914.081
car -1 -1 0.00 0.00 0.00 100.00 100.00 -1000 1.56 3.77 14.30 -1000 19.10 1.68 912.822
car -1 -1 0.00 0.00 0.00 100.00 100.00 -1000 1.85 4.74 9.63 -1000 39.76 1.66 910.194
car -1 -1 0.00 0.00 0.00 100.00 100.00 -1000 1.43 3.13 4.63 -1000 38.05 1.59 908.964
car -1 -1 0.00 0.00 0.00 100.00 100.00 -1000 1.63 3.98 -5.46 -1000 46.35 1.62 898.845
car -1 -1 0.00 0.00 0.00 100.00 100.00 -1000 1.56 3.67 18.32 -1000 43.91 1.68 896.709
car -1 -1 0.00 0.00 0.00 100.00 100.00 -1000 2.15 5.68 0.47 -1000 9.83 1.57 888.829
car -1 -1 0.00 0.00 0.00 100.00 100.00 -1000 1.61 3.94 -5.34 -1000 41.42 1.61 887.020
car -1 -1 0.00 0.00 0.00 100.00 100.00 -1000 1.40 3.85 14.84 -1000 17.31 -0.17 881.633
car -1 -1 0.00 0.00 0.00 100.00 100.00 -1000 1.38 3.41 16.75 -1000 26.96 -0.24 879.279
car -1 -1 0.00 0.00 0.00 100.00 100.00 -1000 1.51 3.39 17.61 -1000 42.23 1.62 876.008
car -1 -1 0.00 0.00 0.00 100.00 100.00 -1000 1.54 3.58 14.84 -1000 18.34 1.70 868.655
car -1 -1 0.00 0.00 0.00 100.00 100.00 -1000 1.73 4.27 -2.21 -1000 46.74 1.67 867.901
car -1 -1 0.00 0.00 0.00 100.00 100.00 -1000 1.62 3.85 15.13 -1000 27.54 -0.03 861.550
car -1 -1 0.00 0.00 0.00 100.00 100.00 -1000 1.55 3.66 16.87 -1000 28.80 1.70 861.311
car -1 -1 0.00 0.00 0.00 100.00 100.00 -1000 1.79 4.79 13.05 -1000 20.42 1.56 854.798
car -1 -1 0.00 0.00 0.00 100.00 100.00 -1000 1.61 3.85 -7.00 -1000 44.31 1.61 848.670
car -1 -1 0.00 0.00 0.00 100.00 100.00 -1000 2.11 6.15 8.11 -1000 40.30 1.62 846.042
car -1 -1 0.00 0.00 0.00 100.00 100.00 -1000 1.65 3.97 9.15 -1000 37.64 1.76 845.929
car -1 -1 0.00 0.00 0.00 100.00 100.00 -1000 1.70 3.89 -3.70 -1000 45.65 -0.13 843.958
car -1 -1 0.00 0.00 0.00 100.00 100.00 -1000 1.70 4.29 14.49 -1000 28.21 1.67 836.016
car -1 -1 0.00 0.00 0.00 100.00 100.00 -1000 1.72 4.20 1.37 -1000 8.09 1.27 835.598
car -1 -1 0.00 0.00 0.00 100.00 100.00 -1000 1.79 4.71 5.22 -1000 39.83 1.61 832.891
car -1 -1 0.00 0.00 0.00 100.00 100.00 -1000 2.64 8.21 4.93 -1000 43.33 1.61 828.377
car -1 -1 0.00 0.00 0.00 100.00 100.00 -1000 1.45 2.93 4.40 -1000 37.16 1.61 825.710
car -1 -1 0.00 0.00 0.00 100.00 100.00 -1000 2.09 5.65 9.49 -1000 40.85 1.64 823.593
car -1 -1 0.00 0.00 0.00 100.00 100.00 -1000 1.57 3.72 -5.71 -1000 44.66 1.68 822.546
car -1 -1 0.00 0.00 0.00 100.00 100.00 -1000 2.34 7.45 15.23 -1000 23.07 1.60 822.437
car -1 -1 0.00 0.00 0.00 100.00 100.00 -1000 1.72 4.22 9.90 -1000 38.44 1.73 813.555
car -1 -1 0.00 0.00 0.00 100.00 100.00 -1000 1.46 3.41 -7.40 -1000 43.52 1.58 811.664
car -1 -1 0.00 0.00 0.00 100.00 100.00 -1000 2.03 5.56 -7.66 -1000 46.70 1.57 807.350
car -1 -1 0.00 0.00 0.00 100.00 100.00 -1000 1.67 3.96 12.39 -1000 46.43 1.63 805.234
car -1 -1 0.00 0.00 0.00 100.00 100.00 -1000 1.61 3.81 17.07 -1000 41.61 1.63 803.706
car -1 -1 0.00 0.00 0.00 100.00 100.00 -1000 1.85 4.58 2.20 -1000 11.74 1.47 802.227
car -1 -1 0.00 0.00 0.00 100.00 100.00 -1000 1.68 3.94 18.01 -1000 45.13 1.68 800.669
car -1 -1 0.00 0.00 0.00 100.00 100.00 -1000 1.71 4.45 -4.22 -1000 47.43 1.65 781.304
car -1 -1 0.00 0.00 0.00 100.00 100.00 -1000 1.64 3.81 3.22 -1000 10.65 1.76 768.435
car -1 -1 0.00 0.00 0.00 100.00 100.00 -1000 1.47 3.23 6.95 -1000 26.02 -0.14 766.002
car -1 -1 0.00 0.00 0.00 100.00 100.00 -1000 1.81 4.43 -9.83 -1000 44.97 1.69 765.058
car -1 -1 0.00 0.00 0.00 100.00 100.00 -1000 1.50 3.27 7.00 -1000 27.30 1.63 764.482
car -1 -1 0.00 0.00 0.00 100.00 100.00 -1000 1.40 3.25 12.96 -1000 45.81 -0.00 757.844
car -1 -1 0.00 0.00 0.00 100.00 100.00 -1000 1.58 3.65 2.86 -1000 46.68 1.54 746.354
car -1 -1 0.00 0.00 0.00 100.00 100.00 -1000 1.55 3.33 17.12 -1000 44.43 1.57 740.882
car -1 -1 0.00 0.00 0.00 100.00 100.00 -1000 1.77 4.87 11.41 -1000 37.72 1.70 739.677
car -1 -1 0.00 0.00 0.00 100.00 100.00 -1000 2.17 5.82 4.38 -1000 40.69 1.59 737.197
car -1 -1 0.00 0.00 0.00 100.00 100.00 -1000 1.42 3.36 18.08 -1000 40.94 -0.10 736.165
car -1 -1 0.00 0.00 0.00 100.00 100.00 -1000 1.57 3.79 -3.57 -1000 41.33 1.65 729.555
car -1 -1 0.00 0.00 0.00 100.00 100.00 -1000 1.73 4.04 -9.05 -1000 44.30 1.71 725.351
car -1 -1 0.00 0.00 0.00 100.00 100.00 -1000 1.56 3.68 -7.77 -1000 42.73 1.61 705.642
car -1 -1 0.00 0.00 0.00 100.00 100.00 -1000 1.75 4.35 -6.71 -1000 45.35 1.62 705.010
car -1 -1 0.00 0.00 0.00 100.00 100.00 -1000 1.77 4.20 3.73 -1000 12.05 1.70 693.633
car -1 -1 0.00 0.00 0.00 100.00 100.00 -1000 2.31 7.27 14.12 -1000 21.75 1.67 690.844
car -1 -1 0.00 0.00 0.00 100.00 100.00 -1000 1.29 3.61 13.35 -1000 17.22 -0.08 687.289
car -1 -1 0.00 0.00 0.00 100.00 100.00 -1000 1.56 3.30 15.39 -1000 45.15 1.57 684.366
car -1 -1 0.00 0.00 0.00 100.00 100.00 -1000 1.72 4.19 11.02 -1000 39.06 1.68 680.844
car -1 -1 0.00 0.00 0.00 100.00 100.00 -1000 2.41 6.65 10.12 -1000 42.08 1.68 678.126
car -1 -1 0.00 0.00 0.00 100.00 100.00 -1000 1.63 3.64 12.40 -1000 18.19 0.03 675.629
car -1 -1 0.00 0.00 0.00 100.00 100.00 -1000 1.50 3.55 -4.72 -1000 43.61 1.74 665.468
car -1 -1 0.00 0.00 0.00 100.00 100.00 -1000 1.93 4.58 -7.74 -1000 47.64 1.59 664.142
car -1 -1 0.00 0.00 0.00 100.00 100.00 -1000 1.71 3.96 15.05 -1000 29.16 1.61 661.860
car -1 -1 0.00 0.00 0.00 100.00 100.00 -1000 1.75 4.10 -2.18 -1000 45.82 -0.07 659.635
car -1 -1 0.00 0.00 0.00 100.00 100.00 -1000 1.91 5.01 11.04 -1000 40.37 1.66 654.333
car -1 -1 0.00 0.00 0.00 100.00 100.00 -1000 2.52 6.32 2.61 -1000 9.78 1.43 641.524
car -1 -1 0.00 0.00 0.00 100.00 100.00 -1000 2.49 7.80 6.63 -1000 40.92 1.59 635.846
car -1 -1 0.00 0.00 0.00 100.00 100.00 -1000 2.37 7.46 15.44 -1000 31.81 1.65 629.298
car -1 -1 0.00 0.00 0.00 100.00 100.00 -1000 1.77 4.59 11.53 -1000 47.09 1.64 619.519
car -1 -1 0.00 0.00 0.00 100.00 100.00 -1000 1.98 5.72 5.03 -1000 12.48 1.74 611.937
car -1 -1 0.00 0.00 0.00 100.00 100.00 -1000 1.78 4.64 12.47 -1000 38.32 1.69 608.537
car -1 -1 0.00 0.00 0.00 100.00 100.00 -1000 1.63 4.06 16.16 -1000 18.75 1.72 596.910
car -1 -1 0.00 0.00 0.00 100.00 100.00 -1000 1.59 3.79 16.91 -1000 43.12 1.50 595.515
car -1 -1 0.00 0.00 0.00 100.00 100.00 -1000 1.56 3.41 -4.33 -1000 44.81 1.56 586.089
car -1 -1 0.00 0.00 0.00 100.00 100.00 -1000 2.27 6.57 14.72 -1000 20.77 1.63 579.046
car -1 -1 0.00 0.00 0.00 100.00 100.00 -1000 1.52 3.47 16.58 -1000 45.45 1.68 570.840
car -1 -1 0.00 0.00 0.00 100.00 100.00 -1000 1.32 2.42 -6.71 -1000 41.55 1.60 565.512
car -1 -1 0.00 0.00 0.00 100.00 100.00 -1000 1.80 4.44 13.50 -1000 29.01 1.63 553.138
car -1 -1 0.00 0.00 0.00 100.00 100.00 -1000 1.86 4.67 -10.64 -1000 45.68 1.67 544.195
car -1 -1 0.00 0.00 0.00 100.00 100.00 -1000 2.56 8.39 7.05 -1000 42.77 1.62 542.330
car -1 -1 0.00 0.00 0.00 100.00 100.00 -1000 1.68 3.54 -2.52 -1000 44.82 1.60 534.142
car -1 -1 0.00 0.00 0.00 100.00 100.00 -1000 1.69 4.00 -3.45 -1000 40.48 1.64 533.506
car -1 -1 0.00 0.00 0.00 100.00 100.00 -1000 1.82 4.48 4.30 -1000 43.96 1.62 533.454
car -1 -1 0.00 0.00 0.00 100.00 100.00 -1000 1.59 3.82 7.89 -1000 26.76 1.70 529.212
car -1 -1 0.00 0.00 0.00 100.00 100.00 -1000 1.75 4.22 18.00 -1000 46.23 1.56 527.499
car -1 -1 0.00 0.00 0.00 100.00 100.00 -1000 2.31 6.86 11.83 -1000 21.28 1.67 526.720
car -1 -1 0.00 0.00 0.00 100.00 100.00 -1000 1.98 4.61 4.53 -1000 10.12 1.73 512.292
car -1 -1 0.00 0.00 0.00 100.00 100.00 -1000 1.54 3.99 18.90 -1000 42.94 -0.42 509.504
car -1 -1 0.00 0.00 0.00 100.00 100.00 -1000 1.76 4.37 -9.63 -1000 43.55 1.60 507.762
car -1 -1 0.00 0.00 0.00 100.00 100.00 -1000 1.70 3.55 3.93 -1000 38.65 0.09 502.626
car -1 -1 0.00 0.00 0.00 100.00 100.00 -1000 1.84 4.65 3.59 -1000 17.20 1.66 493.615
car -1 -1 0.00 0.00 0.00 100.00 100.00 -1000 1.93 4.65 1.35 -1000 12.82 1.62 490.641
car -1 -1 0.00 0.00 0.00 100.00 100.00 -1000 1.50 3.32 6.42 -1000 26.66 -0.11 488.034
car -1 -1 0.00 0.00 0.00 100.00 100.00 -1000 1.47 3.58 -3.17 -1000 43.91 1.66 487.559
car -1 -1 0.00 0.00 0.00 100.00 100.00 -1000 1.42 3.93 17.80 -1000 27.47 0.06 476.396
car -1 -1 0.00 0.00 0.00 100.00 100.00 -1000 1.55 3.30 6.13 -1000 36.35 1.24 476.121
car -1 -1 0.00 0.00 0.00 100.00 100.00 -1000 1.73 4.82 -10.88 -1000 44.39 1.60 469.950
car -1 -1 0.00 0.00 0.00 100.00 100.00 -1000 1.49 3.56 3.23 -1000 37.73 1.60 467.277
car -1 -1 0.00 0.00 0.00 100.00 100.00 -1000 2.21 6.62 12.42 -1000 22.60 1.65 466.662
car -1 -1 0.00 0.00 0.00 100.00 100.00 -1000 1.62 3.74 8.23 -1000 35.48 1.43 454.695
car -1 -1 0.00 0.00 0.00 100.00 100.00 -1000 1.27 2.74 14.25 -1000 45.35 0.09 454.201
car -1 -1 0.00 0.00 0.00 100.00 100.00 -1000 1.50 3.69 14.50 -1000 46.60 1.63 451.240
car -1 -1 0.00 0.00 0.00 100.00 100.00 -1000 1.38 3.44 3.18 -1000 45.77 -0.17 450.770
car -1 -1 0.00 0.00 0.00 100.00 100.00 -1000 1.50 3.70 15.75 -1000 17.82 0.10 447.668
car -1 -1 0.00 0.00 0.00 100.00 100.00 -1000 1.23 3.27 16.36 -1000 43.75 0.08 446.299
car -1 -1 0.00 0.00 0.00 100.00 100.00 -1000 1.92 5.19 15.14 -1000 19.82 1.67 441.783
car -1 -1 0.00 0.00 0.00 100.00 100.00 -1000 1.47 3.43 8.35 -1000 26.07 -0.07 437.472
car -1 -1 0.00 0.00 0.00 100.00 100.00 -1000 1.67 3.85 16.87 -1000 46.74 1.55 436.981
car -1 -1 0.00 0.00 0.00 100.00 100.00 -1000 2.12 6.56 20.21 -1000 29.80 1.66 432.209
car -1 -1 0.00 0.00 0.00 100.00 100.00 -1000 1.74 5.03 12.79 -1000 37.23 1.68 428.507
car -1 -1 0.00 0.00 0.00 100.00 100.00 -1000 1.78 6.16 0.49 -1000 5.55 0.04 427.624
car -1 -1 0.00 0.00 0.00 100.00 100.00 -1000 2.18 6.43 12.50 -1000 41.55 1.76 417.193
car -1 -1 0.00 0.00 0.00 100.00 100.00 -1000 1.90 5.25 10.89 -1000 36.84 1.76 412.782
car -1 -1 0.00 0.00 0.00 100.00 100.00 -1000 1.62 3.92 18.57 -1000 28.03 1.74 407.056
car -1 -1 0.00 0.00 0.00 100.00 100.00 -1000 1.77 4.46 5.70 -1000 27.81 1.63 405.117
car -1 -1 0.00 0.00 0.00 100.00 100.00 -1000 1.89 4.38 1.51 -1000 13.80 1.66 400.058
car -1 -1 0.00 0.00 0.00 100.00 100.00 -1000 1.77 4.38 9.62 -1000 36.34 1.66 396.496
car -1 -1 0.00 0.00 0.00 100.00 100.00 -1000 1.66 3.61 15.00 -1000 45.94 1.57 395.750
car -1 -1 0.00 0.00 0.00 100.00 100.00 -1000 2.01 7.57 6.67 -1000 36.19 0.21 394.410
car -1 -1 0.00 0.00 0.00 100.00 100.00 -1000 1.43 3.24 3.54 -1000 16.42 -0.06 393.636
car -1 -1 0.00 0.00 0.00 100.00 100.00 -1000 2.06 6.02 5.79 -1000 11.38 1.76 392.877
car -1 -1 0.00 0.00 0.00 100.00 100.00 -1000 1.72 3.95 -1.15 -1000 45.27 1.68 390.856
car -1 -1 0.00 0.00 0.00 100.00 100.00 -1000 1.73 4.45 14.69 -1000 37.60 1.64 390.236
car -1 -1 0.00 0.00 0.00 100.00 100.00 -1000 2.01 5.41 11.48 -1000 29.13 1.65 389.426
car -1 -1 0.00 0.00 0.00 100.00 100.00 -1000 1.63 3.92 15.30 -1000 41.78 0.01 386.250
car -1 -1 0.00 0.00 0.00 100.00 100.00 -1000 1.65 3.99 1.87 -1000 4.83 1.59 385.759
car -1 -1 0.00 0.00 0.00 100.00 100.00 -1000 1.73 4.36 13.33 -1000 46.96 1.68 375.913
car -1 -1 0.00 0.00 0.00 100.00 100.00 -1000 2.00 5.98 16.90 -1000 20.26 1.63 375.458
car -1 -1 0.00 0.00 0.00 100.00 100.00 -1000 2.23 6.33 12.06 -1000 42.78 1.65 375.387
car -1 -1 0.00 0.00 0.00 100.00 100.00 -1000 1.61 4.07 -11.70 -1000 45.11 1.60 374.191
car -1 -1 0.00 0.00 0.00 100.00 100.00 -1000 1.79 4.53 -17.07 -1000 38.35 1.63 373.213
car -1 -1 0.00 0.00 0.00 100.00 100.00 -1000 2.11 6.00 -8.96 -1000 46.05 1.59 371.981
car -1 -1 0.00 0.00 0.00 100.00 100.00 -1000 2.16 6.33 15.22 -1000 30.76 1.61 369.336
car -1 -1 0.00 0.00 0.00 100.00 100.00 -1000 1.76 4.30 11.33 -1000 17.75 1.65 365.686
car -1 -1 0.00 0.00 0.00 100.00 100.00 -1000 1.54 3.70 -5.24 -1000 40.41 1.61 364.397
car -1 -1 0.00 0.00 0.00 100.00 100.00 -1000 1.63 3.80 -0.05 -1000 47.12 1.64 363.798
car -1 -1 0.00 0.00 0.00 100.00 100.00 -1000 1.88 5.15 3.30 -1000 39.65 1.60 361.417
car -1 -1 0.00 0.00 0.00 100.00 100.00 -1000 1.79 4.24 4.44 -1000 46.67 1.67 358.844
car -1 -1 0.00 0.00 0.00 100.00 100.00 -1000 1.74 4.61 19.25 -1000 28.70 1.71 351.304
car -1 -1 0.00 0.00 0.00 100.00 100.00 -1000 1.79 4.80 17.22 -1000 29.46 1.70 346.130
car -1 -1 0.00 0.00 0.00 100.00 100.00 -1000 2.24 6.60 16.42 -1000 21.47 1.62 345.261
car -1 -1 0.00 0.00 0.00 100.00 100.00 -1000 1.58 3.44 2.46 -1000 45.21 1.60 344.561
car -1 -1 0.00 0.00 0.00 100.00 100.00 -1000 1.32 3.67 16.81 -1000 40.61 -0.09 335.860
car -1 -1 0.00 0.00 0.00 100.00 100.00 -1000 1.29 3.56 7.66 -1000 25.36 -0.16 334.262
car -1 -1 0.00 0.00 0.00 100.00 100.00 -1000 1.81 4.89 12.02 -1000 44.27 1.65 333.591
car -1 -1 0.00 0.00 0.00 100.00 100.00 -1000 2.03 5.38 7.47 -1000 29.08 1.67 333.583
car -1 -1 0.00 0.00 0.00 100.00 100.00 -1000 1.54 3.54 1.68 -1000 46.40 1.60 332.947
car -1 -1 0.00 0.00 0.00 100.00 100.00 -1000 1.45 3.70 -1.38 -1000 44.36 1.66 330.331
car -1 -1 0.00 0.00 0.00 100.00 100.00 -1000 1.79 4.27 3.49 -1000 44.74 1.63 329.525
car -1 -1 0.00 0.00 0.00 100.00 100.00 -1000 1.52 3.43 4.19 -1000 5.70 1.65 329.165
car -1 -1 0.00 0.00 0.00 100.00 100.00 -1000 1.84 5.30 13.12 -1000 40.36 1.65 327.934
car -1 -1 0.00 0.00 0.00 100.00 100.00 -1000 1.86 4.46 -3.37 -1000 27.48 1.59 326.888
car -1 -1 0.00 0.00 0.00 100.00 100.00 -1000 1.85 4.27 14.37 -1000 38.60 1.62 326.741
car -1 -1 0.00 0.00 0.00 100.00 100.00 -1000 1.74 4.66 17.13 -1000 19.37 1.67 325.888
car -1 -1 0.00 0.00 0.00 100.00 100.00 -1000 2.05 5.35 -17.05 -1000 43.49 1.69 316.288
car -1 -1 0.00 0.00 0.00 100.00 100.00 -1000 1.60 4.51 -8.43 -1000 42.05 1.60 311.388
car -1 -1 0.00 0.00 0.00 100.00 100.00 -1000 1.82 5.49 5.44 -1000 29.10 1.70 311.292
car -1 -1 0.00 0.00 0.00 100.00 100.00 -1000 1.76 4.32 4.25 -1000 13.30 1.75 309.498
car -1 -1 0.00 0.00 0.00 100.00 100.00 -1000 1.90 5.01 4.46 -1000 30.57 1.68 309.381
car -1 -1 0.00 0.00 0.00 100.00 100.00 -1000 2.19 7.52 2.95 -1000 42.69 1.52 306.488
car -1 -1 0.00 0.00 0.00 100.00 100.00 -1000 1.69 4.22 1.65 -1000 47.14 1.64 306.122
car -1 -1 0.00 0.00 0.00 100.00 100.00 -1000 2.22 6.56 0.60 -1000 12.12 1.63 302.441
car -1 -1 0.00 0.00 0.00 100.00 100.00 -1000 1.67 4.82 15.91 -1000 37.18 1.64 296.932
car -1 -1 0.00 0.00 0.00 100.00 100.00 -1000 1.85 4.43 -5.88 -1000 37.09 1.57 295.337
car -1 -1 0.00 0.00 0.00 100.00 100.00 -1000 1.61 3.88 13.54 -1000 27.65 0.04 294.735
car -1 -1 0.00 0.00 0.00 100.00 100.00 -1000 1.81 4.44 12.71 -1000 39.36 1.66 294.656
car -1 -1 0.00 0.00 0.00 100.00 100.00 -1000 2.14 5.97 10.87 -1000 20.49 1.63 293.999
car -1 -1 0.00 0.00 0.00 100.00 100.00 -1000 1.79 4.67 -13.51 -1000 41.56 1.63 291.796
car -1 -1 0.00 0.00 0.00 100.00 100.00 -1000 1.72 4.15 11.99 -1000 45.23 1.61 290.021
car -1 -1 0.00 0.00 0.00 100.00 100.00 -1000 1.91 5.70 4.00 -1000 28.47 1.64 282.580
car -1 -1 0.00 0.00 0.00 100.00 100.00 -1000 2.24 6.94 4.13 -1000 27.45 1.63 282.016
car -1 -1 0.00 0.00 0.00 100.00 100.00 -1000 1.48 3.60 15.68 -1000 15.97 1.49 281.930
car -1 -1 0.00 0.00 0.00 100.00 100.00 -1000 1.69 4.91 -14.91 -1000 41.95 1.66 281.806
car -1 -1 0.00 0.00 0.00 100.00 100.00 -1000 2.29 6.69 13.21 -1000 23.48 1.64 280.785
car -1 -1 0.00 0.00 0.00 100.00 100.00 -1000 1.86 5.87 13.61 -1000 32.34 1.66 278.744
car -1 -1 0.00 0.00 0.00 100.00 100.00 -1000 1.84 4.36 14.68 -1000 42.80 1.60 276.872
car -1 -1 0.00 0.00 0.00 100.00 100.00 -1000 1.65 4.16 17.56 -1000 18.19 1.70 275.379
car -1 -1 0.00 0.00 0.00 100.00 100.00 -1000 1.65 3.61 18.63 -1000 40.33 1.56 274.219
car -1 -1 0.00 0.00 0.00 100.00 100.00 -1000 1.80 4.31 -0.67 -1000 46.04 1.67 269.271
car -1 -1 0.00 0.00 0.00 100.00 100.00 -1000 1.72 3.85 -3.49 -1000 36.87 1.60 267.376
car -1 -1 0.00 0.00 0.00 100.00 100.00 -1000 1.65 4.80 -12.41 -1000 40.36 1.61 266.312
car -1 -1 0.00 0.00 0.00 100.00 100.00 -1000 2.08 5.61 -13.85 -1000 46.75 1.70 264.250
car -1 -1 0.00 0.00 0.00 100.00 100.00 -1000 1.62 4.03 9.36 -1000 27.12 1.72 263.136
car -1 -1 0.00 0.00 0.00 100.00 100.00 -1000 1.64 4.48 10.47 -1000 46.38 1.48 261.715
car -1 -1 0.00 0.00 0.00 100.00 100.00 -1000 1.75 4.85 11.32 -1000 19.26 1.65 261.431
car -1 -1 0.00 0.00 0.00 100.00 100.00 -1000 1.66 4.25 -14.09 -1000 17.86 1.69 259.653
car -1 -1 0.00 0.00 0.00 100.00 100.00 -1000 1.90 4.73 8.89 -1000 17.65 1.65 259.550
car -1 -1 0.00 0.00 0.00 100.00 100.00 -1000 2.01 5.42 -15.48 -1000 43.05 1.65 258.928
car -1 -1 0.00 0.00 0.00 100.00 100.00 -1000 1.56 3.66 8.12 -1000 16.68 -0.05 257.436
car -1 -1 0.00 0.00 0.00 100.00 100.00 -1000 1.69 4.32 -3.56 -1000 42.95 1.69 257.221
car -1 -1 0.00 0.00 0.00 100.00 100.00 -1000 1.42 3.30 17.98 -1000 25.67 1.53 256.983
car -1 -1 0.00 0.00 0.00 100.00 100.00 -1000 1.75 4.37 -4.25 -1000 42.16 1.65 254.835
car -1 -1 0.00 0.00 0.00 100.00 100.00 -1000 1.38 3.38 3.44 -1000 4.61 1.56 253.374
car -1 -1 0.00 0.00 0.00 100.00 100.00 -1000 1.70 4.12 -15.32 -1000 19.42 1.64 247.354
car -1 -1 0.00 0.00 0.00 100.00 100.00 -1000 1.81 4.69 3.33 -1000 15.61 1.56 244.730
car -1 -1 0.00 0.00 0.00 100.00 100.00 -1000 1.71 4.10 -4.15 -1000 28.13 1.58 242.912
car -1 -1 0.00 0.00 0.00 100.00 100.00 -1000 1.98 5.55 5.06 -1000 9.01 1.74 241.341
car -1 -1 0.00 0.00 0.00 100.00 100.00 -1000 1.74 3.96 -4.83 -1000 30.45 1.59 240.854
car -1 -1 0.00 0.00 0.00 100.00 100.00 -1000 1.80 3.91 15.80 -1000 16.84 1.56 240.841
car -1 -1 0.00 0.00 0.00 100.00 100.00 -1000 1.97 5.39 10.17 -1000 28.60 1.70 240.810
car -1 -1 0.00 0.00 0.00 100.00 100.00 -1000 1.82 4.40 3.89 -1000 36.44 1.60 239.939
car -1 -1 0.00 0.00 0.00 100.00 100.00 -1000 1.72 4.54 12.70 -1000 28.26 1.60 236.853
car -1 -1 0.00 0.00 0.00 100.00 100.00 -1000 2.02 5.92 -10.00 -1000 46.77 1.62 231.844
car -1 -1 0.00 0.00 0.00 100.00 100.00 -1000 1.83 4.71 5.91 -1000 10.54 1.79 230.803
car -1 -1 0.00 0.00 0.00 100.00 100.00 -1000 1.97 5.12 13.39 -1000 30.32 1.64 228.012
car -1 -1 0.00 0.00 0.00 100.00 100.00 -1000 1.99 5.32 13.53 -1000 33.54 1.67 225.253
car -1 -1 0.00 0.00 0.00 100.00 100.00 -1000 1.75 4.56 5.51 -1000 44.39 1.67 224.454
car -1 -1 0.00 0.00 0.00 100.00 100.00 -1000 1.63 4.85 18.83 -1000 41.69 -0.30 221.493
car -1 -1 0.00 0.00 0.00 100.00 100.00 -1000 1.69 5.25 -10.16 -1000 38.74 1.62 218.916
car -1 -1 0.00 0.00 0.00 100.00 100.00 -1000 1.13 3.03 17.41 -1000 26.43 -0.18 218.320
car -1 -1 0.00 0.00 0.00 100.00 100.00 -1000 2.00 6.02 6.93 -1000 12.03 1.70 218.193
car -1 -1 0.00 0.00 0.00 100.00 100.00 -1000 1.95 5.21 13.76 -1000 31.35 1.62 217.715
car -1 -1 0.00 0.00 0.00 100.00 100.00 -1000 2.02 5.78 7.22 -1000 43.52 1.67 216.748
car -1 -1 0.00 0.00 0.00 100.00 100.00 -1000 1.90 3.82 2.46 -1000 5.73 1.63 216.589
car -1 -1 0.00 0.00 0.00 100.00 100.00 -1000 1.77 4.38 15.30 -1000 40.42 1.65 216.505
car -1 -1 0.00 0.00 0.00 100.00 100.00 -1000 1.78 4.20 -2.56 -1000 30.43 1.72 216.127
car -1 -1 0.00 0.00 0.00 100.00 100.00 -1000 1.24 3.80 14.43 -1000 26.92 -0.11 214.528
car -1 -1 0.00 0.00 0.00 100.00 100.00 -1000 1.91 5.12 2.10 -1000 39.16 1.66 213.112
car -1 -1 0.00 0.00 0.00 100.00 100.00 -1000 1.76 4.57 -1.81 -1000 41.15 1.68 212.644
car -1 -1 0.00 0.00 0.00 100.00 100.00 -1000 2.30 7.50 3.57 -1000 29.92 1.47 212.561
car -1 -1 0.00 0.00 0.00 100.00 100.00 -1000 2.11 5.37 14.92 -1000 33.03 1.64 211.371
car -1 -1 0.00 0.00 0.00 100.00 100.00 -1000 1.71 4.42 15.64 -1000 47.11 1.61 208.593
car -1 -1 0.00 0.00 0.00 100.00 100.00 -1000 1.92 4.91 10.07 -1000 26.36 1.67 207.770
car -1 -1 0.00 0.00 0.00 100.00 100.00 -1000 1.79 4.15 -10.40 -1000 40.20 1.61 206.710
car -1 -1 0.00 0.00 0.00 100.00 100.00 -1000 1.88 4.93 -18.54 -1000 38.71 1.63 205.578
car -1 -1 0.00 0.00 0.00 100.00 100.00 -1000 1.83 4.39 -11.38 -1000 43.63 1.60 204.566
car -1 -1 0.00 0.00 0.00 100.00 100.00 -1000 2.01 5.45 7.14 -1000 30.25 1.66 196.749
car -1 -1 0.00 0.00 0.00 100.00 100.00 -1000 1.72 3.63 -4.77 -1000 33.63 1.62 196.662
car -1 -1 0.00 0.00 0.00 100.00 100.00 -1000 1.83 4.23 -6.68 -1000 33.74 1.61 194.754
car -1 -1 0.00 0.00 0.00 100.00 100.00 -1000 1.97 6.98 10.86 -1000 43.47 1.37 193.659
car -1 -1 0.00 0.00 0.00 100.00 100.00 -1000 1.86 4.92 -3.03 -1000 32.69 1.69 191.678
car -1 -1 0.00 0.00 0.00 100.00 100.00 -1000 2.10 4.62 2.61 -1000 13.29 1.71 187.910
car -1 -1 0.00 0.00 0.00 100.00 100.00 -1000 1.52 3.80 12.58 -1000 40.96 0.09 187.438
car -1 -1 0.00 0.00 0.00 100.00 100.00 -1000 2.26 6.93 10.80 -1000 24.01 1.63 187.408
car -1 -1 0.00 0.00 0.00 100.00 100.00 -1000 1.62 4.73 15.06 -1000 44.24 0.16 186.804
car -1 -1 0.00 0.00 0.00 100.00 100.00 -1000 1.79 4.28 -4.31 -1000 25.73 1.60 184.488
car -1 -1 0.00 0.00 0.00 100.00 100.00 -1000 2.17 6.01 2.15 -1000 40.37 1.58 183.895
car -1 -1 0.00 0.00 0.00 100.00 100.00 -1000 1.69 4.57 14.00 -1000 43.48 1.57 183.676
car -1 -1 0.00 0.00 0.00 100.00 100.00 -1000 1.87 4.46 -1.80 -1000 28.07 1.62 181.612
car -1 -1 0.00 0.00 0.00 100.00 100.00 -1000 1.76 5.26 -7.80 -1000 37.09 1.61 181.508
car -1 -1 0.00 0.00 0.00 100.00 100.00 -1000 2.74 5.92 4.15 -1000 33.50 1.51 180.653
car -1 -1 0.00 0.00 0.00 100.00 100.00 -1000 2.01 5.81 17.04 -1000 30.28 1.59 180.340
car -1 -1 0.00 0.00 0.00 100.00 100.00 -1000 1.98 6.86 3.94 -1000 24.23 1.51 179.728
car -1 -1 0.00 0.00 0.00 100.00 100.00 -1000 1.94 5.00 16.76 -1000 47.70 1.52 177.883
car -1 -1 0.00 0.00 0.00 100.00 100.00 -1000 1.79 4.34 -1.86 -1000 40.16 1.68 177.218
car -1 -1 0.00 0.00 0.00 100.00 100.00 -1000 1.93 4.88 10.51 -1000 18.43 1.62 175.680
car -1 -1 0.00 0.00 0.00 100.00 100.00 -1000 1.97 4.99 -8.75 -1000 33.88 1.60 175.653
car -1 -1 0.00 0.00 0.00 100.00 100.00 -1000 2.45 7.23 4.23 -1000 35.50 1.57 175.025
car -1 -1 0.00 0.00 0.00 100.00 100.00 -1000 1.69 4.24 -1.88 -1000 43.20 1.62 173.399
car -1 -1 0.00 0.00 0.00 100.00 100.00 -1000 2.00 5.19 8.76 -1000 29.78 1.64 172.580
car -1 -1 0.00 0.00 0.00 100.00 100.00 -1000 1.90 5.20 4.93 -1000 31.50 1.71 168.731
car -1 -1 0.00 0.00 0.00 100.00 100.00 -1000 1.99 4.88 14.42 -1000 39.56 1.64 168.585
car -1 -1 0.00 0.00 0.00 100.00 100.00 -1000 1.93 4.43 -1.77 -1000 24.08 1.61 167.874
car -1 -1 0.00 0.00 0.00 100.00 100.00 -1000 1.89 4.62 -13.40 -1000 16.18 1.65 167.070
car -1 -1 0.00 0.00 0.00 100.00 100.00 -1000 1.82 4.77 -8.45 -1000 38.54 1.61 166.605
