car -1 -1 0.00 0.00 0.00 100.00 100.00 -1000 1.71 3.84 -1.85 -1000 34.50 1.62 999.782
car -1 -1 0.00 0.00 0.00 100.00 100.00 -1000 1.63 3.88 6.01 -1000 28.90 1.59 992.893
car -1 -1 0.00 0.00 0.00 100.00 100.00 -1000 1.49 4.58 -1.54 -1000 33.57 -0.19 991.849
car -1 -1 0.00 0.00 0.00 100.00 100.00 -1000 1.60 3.47 5.01 -1000 30.62 1.63 988.173
car -1 -1 0.00 0.00 0.00 100.00 100.00 -1000 1.60 3.63 9.87 -1000 13.26 1.74 984.331
car -1 -1 0.00 0.00 0.00 100.00 100.00 -1000 2.60 9.40 -1.98 -1000 36.97 1.58 982.542
car -1 -1 0.00 0.00 0.00 100.00 100.00 -1000 1.60 3.87 9.67 -1000 12.41 -0.24 974.237
car -1 -1 0.00 0.00 0.00 100.00 100.00 -1000 1.85 4.87 -1.78 -1000 36.20 1.58 972.450
car -1 -1 0.00 0.00 0.00 100.00 100.00 -1000 1.54 3.57 6.72 -1000 29.72 1.65 971.803
car -1 -1 0.00 0.00 0.00 100.00 100.00 -1000 3.15 11.95 -0.30 -1000 38.48 1.55 971.044
car -1 -1 0.00 0.00 0.00 100.00 100.00 -1000 1.70 4.28 5.04 -1000 43.10 1.55 970.286
car -1 -1 0.00 0.00 0.00 100.00 100.00 -1000 1.48 3.22 5.21 -1000 29.39 1.62 960.831
car -1 -1 0.00 0.00 0.00 100.00 100.00 -1000 1.61 3.82 6.89 -1000 28.40 1.66 960.579
car -1 -1 0.00 0.00 0.00 100.00 100.00 -1000 1.64 3.83 10.04 -1000 14.43 1.78 956.616
car -1 -1 0.00 0.00 0.00 100.00 100.00 -1000 1.57 3.65 8.67 -1000 12.85 1.68 955.593
car -1 -1 0.00 0.00 0.00 100.00 100.00 -1000 1.76 4.62 -2.35 -1000 35.31 1.56 955.098
car -1 -1 0.00 0.00 0.00 100.00 100.00 -1000 3.38 16.51 0.80 -1000 37.47 1.51 952.392
car -1 -1 0.00 0.00 0.00 100.00 100.00 -1000 1.86 5.02 9.44 -1000 31.88 1.65 951.872
car -1 -1 0.00 0.00 0.00 100.00 100.00 -1000 1.63 3.74 10.39 -1000 15.29 1.73 941.867
car -1 -1 0.00 0.00 0.00 100.00 100.00 -1000 2.32 11.58 -1.30 -1000 33.28 0.10 936.998
car -1 -1 0.00 0.00 0.00 100.00 100.00 -1000 2.13 6.43 0.77 -1000 38.89 1.64 934.553
car -1 -1 0.00 0.00 0.00 100.00 100.00 -1000 1.93 4.64 -0.49 -1000 34.90 1.70 934.335
car -1 -1 0.00 0.00 0.00 100.00 100.00 -1000 1.49 3.61 6.53 -1000 27.42 -0.17 932.482
car -1 -1 0.00 0.00 0.00 100.00 100.00 -1000 1.68 4.18 5.16 -1000 44.71 1.68 926.623
car -1 -1 0.00 0.00 0.00 100.00 100.00 -1000 1.76 4.51 -6.47 -1000 45.29 1.63 924.456
car -1 -1 0.00 0.00 0.00 100.00 100.00 -1000 1.66 3.96 6.05 -1000 31.26 1.72 923.347
car -1 -1 0.00 0.00 0.00 100.00 100.00 -1000 1.72 4.03 3.81 -1000 32.91 1.63 913.705
car -1 -1 0.00 0.00 0.00 100.00 100.00 -1000 1.59 3.57 4.18 -1000 31.30 1.58 907.386
car -1 -1 0.00 0.00 0.00 100.00 100.00 -1000 1.60 3.60 -0.69 -1000 34.16 1.70 904.019
car -1 -1 0.00 0.00 0.00 100.00 100.00 -1000 1.58 3.64 8.59 -1000 11.76 -0.24 900.209
car -1 -1 0.00 0.00 0.00 100.00 100.00 -1000 1.61 3.97 5.75 -1000 43.90 1.75 892.688
car -1 -1 0.00 0.00 0.00 100.00 100.00 -1000 1.57 3.76 5.26 -1000 42.05 1.73 887.858
car -1 -1 0.00 0.00 0.00 100.00 100.00 -1000 1.59 3.94 -5.52 -1000 45.79 1.65 887.651
car -1 -1 0.00 0.00 0.00 100.00 100.00 -1000 1.62 3.89 7.89 -1000 27.90 1.69 885.639
car -1 -1 0.00 0.00 0.00 100.00 100.00 -1000 2.02 5.84 9.88 -1000 33.45 1.61 885.360
car -1 -1 0.00 0.00 0.00 100.00 100.00 -1000 1.59 3.77 7.71 -1000 29.10 1.65 881.637
car -1 -1 0.00 0.00 0.00 100.00 100.00 -1000 1.46 3.13 5.69 -1000 27.91 1.62 878.952
car -1 -1 0.00 0.00 0.00 100.00 100.00 -1000 2.81 9.86 -4.18 -1000 38.26 1.60 878.764
car -1 -1 0.00 0.00 0.00 100.00 100.00 -1000 1.67 4.36 9.41 -1000 30.65 1.60 878.101
car -1 -1 0.00 0.00 0.00 100.00 100.00 -1000 1.68 3.98 11.38 -1000 31.41 1.77 876.505
car -1 -1 0.00 0.00 0.00 100.00 100.00 -1000 2.77 10.04 1.63 -1000 36.92 1.68 874.238
car -1 -1 0.00 0.00 0.00 100.00 100.00 -1000 1.90 4.71 -3.67 -1000 35.91 1.58 870.341
car -1 -1 0.00 0.00 0.00 100.00 100.00 -1000 1.61 3.71 6.56 -1000 30.54 1.72 870.165
car -1 -1 0.00 0.00 0.00 100.00 100.00 -1000 1.62 3.95 8.53 -1000 30.11 1.68 867.905
car -1 -1 0.00 0.00 0.00 100.00 100.00 -1000 1.45 3.05 -3.14 -1000 34.15 1.56 866.774
car -1 -1 0.00 0.00 0.00 100.00 100.00 -1000 1.50 3.71 -0.06 -1000 33.37 -0.06 861.929
car -1 -1 0.00 0.00 0.00 100.00 100.00 -1000 1.70 4.08 -6.92 -1000 44.23 -0.18 860.981
car -1 -1 0.00 0.00 0.00 100.00 100.00 -1000 1.74 4.35 10.85 -1000 32.53 1.68 853.033
car -1 -1 0.00 0.00 0.00 100.00 100.00 -1000 1.75 3.99 9.99 -1000 16.05 1.68 851.562
car -1 -1 0.00 0.00 0.00 100.00 100.00 -1000 1.51 3.27 7.35 -1000 12.18 1.69 851.300
car -1 -1 0.00 0.00 0.00 100.00 100.00 -1000 1.77 4.35 8.85 -1000 14.87 1.62 844.050
car -1 -1 0.00 0.00 0.00 100.00 100.00 -1000 1.55 3.63 -7.53 -1000 45.74 1.64 836.820
car -1 -1 0.00 0.00 0.00 100.00 100.00 -1000 1.68 4.14 -9.11 -1000 43.94 1.66 834.288
car -1 -1 0.00 0.00 0.00 100.00 100.00 -1000 1.71 4.07 7.62 -1000 31.37 1.71 826.222
car -1 -1 0.00 0.00 0.00 100.00 100.00 -1000 2.02 5.49 9.26 -1000 34.28 1.58 823.393
car -1 -1 0.00 0.00 0.00 100.00 100.00 -1000 1.65 4.03 9.14 -1000 29.47 1.72 818.147
car -1 -1 0.00 0.00 0.00 100.00 100.00 -1000 1.75 4.54 -7.94 -1000 44.92 1.64 814.643
car -1 -1 0.00 0.00 0.00 100.00 100.00 -1000 1.77 4.27 -5.18 -1000 44.93 1.68 814.088
car -1 -1 0.00 0.00 0.00 100.00 100.00 -1000 1.58 3.79 8.24 -1000 13.60 1.60 813.558
car -1 -1 0.00 0.00 0.00 100.00 100.00 -1000 1.62 3.94 5.49 -1000 41.18 1.64 807.579
car -1 -1 0.00 0.00 0.00 100.00 100.00 -1000 1.65 4.14 2.34 -1000 33.22 1.58 805.169
car -1 -1 0.00 0.00 0.00 100.00 100.00 -1000 1.55 3.76 15.11 -1000 17.48 -0.23 799.529
car -1 -1 0.00 0.00 0.00 100.00 100.00 -1000 1.76 4.12 4.65 -1000 32.30 1.69 792.105
car -1 -1 0.00 0.00 0.00 100.00 100.00 -1000 1.59 3.42 9.70 -1000 11.36 1.70 791.861
car -1 -1 0.00 0.00 0.00 100.00 100.00 -1000 1.35 3.65 7.39 -1000 26.96 -0.18 789.727
car -1 -1 0.00 0.00 0.00 100.00 100.00 -1000 2.28 6.38 -4.85 -1000 39.08 1.62 783.370
car -1 -1 0.00 0.00 0.00 100.00 100.00 -1000 1.79 4.27 8.54 -1000 15.75 1.64 775.241
car -1 -1 0.00 0.00 0.00 100.00 100.00 -1000 1.60 3.65 2.60 -1000 40.40 1.66 773.533
car -1 -1 0.00 0.00 0.00 100.00 100.00 -1000 1.71 4.13 1.10 -1000 34.58 1.70 767.884
car -1 -1 0.00 0.00 0.00 100.00 100.00 -1000 1.58 3.42 4.37 -1000 29.96 1.56 765.226
car -1 -1 0.00 0.00 0.00 100.00 100.00 -1000 1.91 4.88 -4.98 -1000 35.45 1.64 764.894
car -1 -1 0.00 0.00 0.00 100.00 100.00 -1000 1.64 4.02 7.15 -1000 13.23 1.56 757.156
car -1 -1 0.00 0.00 0.00 100.00 100.00 -1000 1.90 4.79 3.68 -1000 33.70 1.66 755.978
car -1 -1 0.00 0.00 0.00 100.00 100.00 -1000 1.59 3.78 7.63 -1000 11.33 1.66 752.200
car -1 -1 0.00 0.00 0.00 100.00 100.00 -1000 1.94 5.14 -6.22 -1000 39.92 1.60 750.365
car -1 -1 0.00 0.00 0.00 100.00 100.00 -1000 1.65 3.88 10.80 -1000 30.33 1.71 745.761
car -1 -1 0.00 0.00 0.00 100.00 100.00 -1000 2.08 5.66 8.48 -1000 32.55 1.64 739.436
car -1 -1 0.00 0.00 0.00 100.00 100.00 -1000 1.89 4.66 2.34 -1000 46.69 1.70 727.138
car -1 -1 0.00 0.00 0.00 100.00 100.00 -1000 2.11 5.92 -3.83 -1000 39.89 1.60 726.649
car -1 -1 0.00 0.00 0.00 100.00 100.00 -1000 2.25 6.80 1.93 -1000 38.06 1.67 725.076
car -1 -1 0.00 0.00 0.00 100.00 100.00 -1000 1.78 4.64 2.85 -1000 34.54 1.73 715.206
car -1 -1 0.00 0.00 0.00 100.00 100.00 -1000 1.68 3.91 3.86 -1000 45.93 1.62 704.300
car -1 -1 0.00 0.00 0.00 100.00 100.00 -1000 1.54 3.46 4.98 -1000 45.50 1.65 701.806
car -1 -1 0.00 0.00 0.00 100.00 100.00 -1000 2.13 5.34 0.03 -1000 36.04 1.72 694.114
car -1 -1 0.00 0.00 0.00 100.00 100.00 -1000 1.65 3.91 0.06 -1000 43.90 1.61 688.045
car -1 -1 0.00 0.00 0.00 100.00 100.00 -1000 1.70 4.19 -4.19 -1000 46.12 1.73 678.031
car -1 -1 0.00 0.00 0.00 100.00 100.00 -1000 1.59 4.11 9.65 -1000 28.78 1.71 674.835
car -1 -1 0.00 0.00 0.00 100.00 100.00 -1000 1.72 4.03 12.19 -1000 33.00 1.65 668.587
car -1 -1 0.00 0.00 0.00 100.00 100.00 -1000 1.88 4.69 6.61 -1000 32.14 1.69 666.287
car -1 -1 0.00 0.00 0.00 100.00 100.00 -1000 1.47 3.54 7.05 -1000 17.45 -0.20 662.200
car -1 -1 0.00 0.00 0.00 100.00 100.00 -1000 1.59 4.04 -9.51 -1000 37.15 1.67 652.749
car -1 -1 0.00 0.00 0.00 100.00 100.00 -1000 1.65 3.86 15.58 -1000 18.51 1.69 651.379
car -1 -1 0.00 0.00 0.00 100.00 100.00 -1000 2.35 7.22 -4.97 -1000 37.31 1.61 644.349
car -1 -1 0.00 0.00 0.00 100.00 100.00 -1000 1.72 3.97 7.31 -1000 16.53 1.64 639.631
car -1 -1 0.00 0.00 0.00 100.00 100.00 -1000 1.57 3.58 5.71 -1000 40.39 1.73 638.357
car -1 -1 0.00 0.00 0.00 100.00 100.00 -1000 1.82 4.29 2.69 -1000 39.60 1.71 630.087
car -1 -1 0.00 0.00 0.00 100.00 100.00 -1000 1.54 3.64 7.00 -1000 43.41 1.73 625.703
car -1 -1 0.00 0.00 0.00 100.00 100.00 -1000 1.88 4.63 7.55 -1000 18.43 1.66 625.569
car -1 -1 0.00 0.00 0.00 100.00 100.00 -1000 1.56 3.87 4.39 -1000 40.72 1.69 622.931
car -1 -1 0.00 0.00 0.00 100.00 100.00 -1000 1.83 4.47 10.94 -1000 16.69 1.69 622.643
car -1 -1 0.00 0.00 0.00 100.00 100.00 -1000 1.38 3.68 8.54 -1000 9.89 -0.21 619.333
car -1 -1 0.00 0.00 0.00 100.00 100.00 -1000 2.42 6.77 2.88 -1000 35.98 1.74 616.393
car -1 -1 0.00 0.00 0.00 100.00 100.00 -1000 1.33 3.29 -3.10 -1000 33.21 0.17 611.127
car -1 -1 0.00 0.00 0.00 100.00 100.00 -1000 1.46 4.04 6.32 -1000 42.45 0.04 598.899
car -1 -1 0.00 0.00 0.00 100.00 100.00 -1000 2.50 8.28 -1.57 -1000 39.40 1.63 593.121
car -1 -1 0.00 0.00 0.00 100.00 100.00 -1000 1.90 4.61 9.79 -1000 17.18 1.70 590.302
car -1 -1 0.00 0.00 0.00 100.00 100.00 -1000 1.79 4.16 10.87 -1000 13.77 -0.42 587.143
car -1 -1 0.00 0.00 0.00 100.00 100.00 -1000 1.70 4.55 0.38 -1000 32.29 1.60 585.643
car -1 -1 0.00 0.00 0.00 100.00 100.00 -1000 1.54 3.90 11.09 -1000 29.03 1.62 584.166
car -1 -1 0.00 0.00 0.00 100.00 100.00 -1000 1.58 3.84 -6.00 -1000 43.64 1.62 582.483
car -1 -1 0.00 0.00 0.00 100.00 100.00 -1000 1.95 5.26 5.66 -1000 33.11 1.67 581.914
car -1 -1 0.00 0.00 0.00 100.00 100.00 -1000 2.33 6.94 4.53 -1000 34.89 1.62 580.801
car -1 -1 0.00 0.00 0.00 100.00 100.00 -1000 2.05 6.06 1.34 -1000 35.41 1.65 576.346
car -1 -1 0.00 0.00 0.00 100.00 100.00 -1000 1.68 3.98 -4.93 -1000 44.08 1.65 575.665
car -1 -1 0.00 0.00 0.00 100.00 100.00 -1000 1.93 4.94 14.08 -1000 18.01 1.59 563.655
car -1 -1 0.00 0.00 0.00 100.00 100.00 -1000 1.98 4.06 11.37 -1000 33.86 1.70 550.413
car -1 -1 0.00 0.00 0.00 100.00 100.00 -1000 1.98 5.16 -6.75 -1000 38.74 1.65 541.523
car -1 -1 0.00 0.00 0.00 100.00 100.00 -1000 1.64 4.03 11.51 -1000 12.83 1.69 538.422
car -1 -1 0.00 0.00 0.00 100.00 100.00 -1000 1.59 4.08 1.30 -1000 44.22 1.64 534.836
car -1 -1 0.00 0.00 0.00 100.00 100.00 -1000 1.58 3.82 8.89 -1000 16.57 -0.21 533.803
car -1 -1 0.00 0.00 0.00 100.00 100.00 -1000 1.79 4.28 7.44 -1000 14.60 1.58 533.546
car -1 -1 0.00 0.00 0.00 100.00 100.00 -1000 1.82 4.26 -4.53 -1000 34.43 1.61 532.885
car -1 -1 0.00 0.00 0.00 100.00 100.00 -1000 1.62 4.08 -9.25 -1000 45.46 1.62 526.867
car -1 -1 0.00 0.00 0.00 100.00 100.00 -1000 1.73 4.12 -3.83 -1000 45.22 1.71 526.254
car -1 -1 0.00 0.00 0.00 100.00 100.00 -1000 2.29 7.32 6.73 -1000 34.50 1.64 520.988
car -1 -1 0.00 0.00 0.00 100.00 100.00 -1000 2.08 5.24 3.17 -1000 47.72 1.65 519.150
car -1 -1 0.00 0.00 0.00 100.00 100.00 -1000 1.71 4.35 5.80 -1000 39.62 1.61 505.455
car -1 -1 0.00 0.00 0.00 100.00 100.00 -1000 1.76 4.59 14.97 -1000 16.71 1.67 502.152
car -1 -1 0.00 0.00 0.00 100.00 100.00 -1000 1.72 3.92 2.71 -1000 32.45 1.62 496.479
car -1 -1 0.00 0.00 0.00 100.00 100.00 -1000 1.55 3.66 9.45 -1000 10.56 1.65 493.489
car -1 -1 0.00 0.00 0.00 100.00 100.00 -1000 1.70 4.01 3.31 -1000 41.44 1.63 490.761
car -1 -1 0.00 0.00 0.00 100.00 100.00 -1000 1.46 3.09 5.56 -1000 26.68 1.62 490.631
car -1 -1 0.00 0.00 0.00 100.00 100.00 -1000 1.38 3.55 10.87 -1000 11.79 0.10 482.526
car -1 -1 0.00 0.00 0.00 100.00 100.00 -1000 1.67 4.25 12.81 -1000 32.11 1.65 478.712
car -1 -1 0.00 0.00 0.00 100.00 100.00 -1000 1.88 4.62 -8.77 -1000 46.25 1.61 472.431
car -1 -1 0.00 0.00 0.00 100.00 100.00 -1000 1.54 3.21 4.23 -1000 44.09 1.58 470.912
car -1 -1 0.00 0.00 0.00 100.00 100.00 -1000 1.63 4.15 6.97 -1000 44.48 1.71 460.450
car -1 -1 0.00 0.00 0.00 100.00 100.00 -1000 1.80 4.36 -8.23 -1000 37.86 1.64 456.768
car -1 -1 0.00 0.00 0.00 100.00 100.00 -1000 1.55 3.24 -10.26 -1000 43.57 1.56 447.624
car -1 -1 0.00 0.00 0.00 100.00 100.00 -1000 1.68 3.85 -9.99 -1000 44.79 1.55 445.347
car -1 -1 0.00 0.00 0.00 100.00 100.00 -1000 1.97 5.32 10.36 -1000 34.93 1.65 439.803
car -1 -1 0.00 0.00 0.00 100.00 100.00 -1000 1.76 4.23 9.61 -1000 27.78 1.69 438.500
car -1 -1 0.00 0.00 0.00 100.00 100.00 -1000 1.93 4.67 2.30 -1000 45.57 1.61 434.795
car -1 -1 0.00 0.00 0.00 100.00 100.00 -1000 2.18 5.58 -1.84 -1000 40.32 1.61 433.282
car -1 -1 0.00 0.00 0.00 100.00 100.00 -1000 2.18 6.69 5.91 -1000 35.56 1.62 427.872
car -1 -1 0.00 0.00 0.00 100.00 100.00 -1000 1.84 4.32 -6.89 -1000 35.44 1.60 426.526
car -1 -1 0.00 0.00 0.00 100.00 100.00 -1000 2.16 6.73 8.16 -1000 46.55 1.66 419.204
car -1 -1 0.00 0.00 0.00 100.00 100.00 -1000 1.78 4.54 12.50 -1000 15.09 1.71 415.446
car -1 -1 0.00 0.00 0.00 100.00 100.00 -1000 1.68 3.91 -4.82 -1000 40.47 1.63 413.355
car -1 -1 0.00 0.00 0.00 100.00 100.00 -1000 1.69 4.04 12.48 -1000 30.61 1.62 402.659
car -1 -1 0.00 0.00 0.00 100.00 100.00 -1000 1.65 3.71 4.26 -1000 28.81 1.57 400.473
car -1 -1 0.00 0.00 0.00 100.00 100.00 -1000 2.12 5.01 15.84 -1000 27.39 1.61 398.617
car -1 -1 0.00 0.00 0.00 100.00 100.00 -1000 1.56 4.12 -7.73 -1000 28.14 0.14 397.571
car -1 -1 0.00 0.00 0.00 100.00 100.00 -1000 1.68 3.72 4.16 -1000 25.88 1.62 383.989
car -1 -1 0.00 0.00 0.00 100.00 100.00 -1000 1.92 5.36 13.00 -1000 17.44 1.67 376.496
car -1 -1 0.00 0.00 0.00 100.00 100.00 -1000 1.75 4.76 13.56 -1000 16.30 1.68 362.885
car -1 -1 0.00 0.00 0.00 100.00 100.00 -1000 1.78 4.25 -8.71 -1000 28.69 1.59 357.863
car -1 -1 0.00 0.00 0.00 100.00 100.00 -1000 1.87 4.76 0.69 -1000 43.21 1.61 347.051
car -1 -1 0.00 0.00 0.00 100.00 100.00 -1000 1.80 4.44 -17.17 -1000 33.44 1.63 346.833
car -1 -1 0.00 0.00 0.00 100.00 100.00 -1000 1.90 5.01 8.85 -1000 17.85 1.68 344.391
car -1 -1 0.00 0.00 0.00 100.00 100.00 -1000 2.00 5.23 -5.74 -1000 33.97 1.63 343.688
car -1 -1 0.00 0.00 0.00 100.00 100.00 -1000 2.23 7.14 6.89 -1000 47.41 1.65 337.582
car -1 -1 0.00 0.00 0.00 100.00 100.00 -1000 1.87 4.39 -8.74 -1000 33.00 1.61 333.882
car -1 -1 0.00 0.00 0.00 100.00 100.00 -1000 1.44 3.50 15.85 -1000 16.03 1.61 328.504
car -1 -1 0.00 0.00 0.00 100.00 100.00 -1000 1.34 3.13 13.04 -1000 47.07 -0.05 328.365
car -1 -1 0.00 0.00 0.00 100.00 100.00 -1000 1.74 4.12 8.92 -1000 27.06 1.62 326.967
car -1 -1 0.00 0.00 0.00 100.00 100.00 -1000 2.06 6.75 -2.96 -1000 32.78 0.31 323.938
car -1 -1 0.00 0.00 0.00 100.00 100.00 -1000 1.91 5.45 -8.24 -1000 39.55 1.60 318.704
car -1 -1 0.00 0.00 0.00 100.00 100.00 -1000 1.91 5.14 8.18 -1000 45.21 1.64 315.723
car -1 -1 0.00 0.00 0.00 100.00 100.00 -1000 1.74 4.45 12.99 -1000 14.22 1.67 309.886
car -1 -1 0.00 0.00 0.00 100.00 100.00 -1000 2.21 5.78 0.56 -1000 39.88 1.66 306.490
car -1 -1 0.00 0.00 0.00 100.00 100.00 -1000 1.84 4.72 6.10 -1000 45.98 1.70 305.399
car -1 -1 0.00 0.00 0.00 100.00 100.00 -1000 1.89 4.52 -9.13 -1000 35.48 1.58 304.842
car -1 -1 0.00 0.00 0.00 100.00 100.00 -1000 1.90 5.38 9.49 -1000 44.40 1.69 303.624
car -1 -1 0.00 0.00 0.00 100.00 100.00 -1000 2.23 6.58 8.43 -1000 35.18 1.53 299.445
car -1 -1 0.00 0.00 0.00 100.00 100.00 -1000 1.85 4.36 -3.55 -1000 44.34 1.62 299.437
car -1 -1 0.00 0.00 0.00 100.00 100.00 -1000 2.11 5.80 -8.69 -1000 47.48 1.65 291.568
car -1 -1 0.00 0.00 0.00 100.00 100.00 -1000 1.66 4.27 16.45 -1000 17.92 1.71 290.151
car -1 -1 0.00 0.00 0.00 100.00 100.00 -1000 1.72 4.70 6.02 -1000 16.17 1.52 288.025
car -1 -1 0.00 0.00 0.00 100.00 100.00 -1000 1.71 4.61 9.16 -1000 43.59 1.69 286.662
car -1 -1 0.00 0.00 0.00 100.00 100.00 -1000 1.64 4.39 2.76 -1000 43.66 1.64 286.188
car -1 -1 0.00 0.00 0.00 100.00 100.00 -1000 2.09 5.42 4.14 -1000 46.92 1.62 285.764
car -1 -1 0.00 0.00 0.00 100.00 100.00 -1000 1.93 5.19 -5.41 -1000 32.09 1.61 285.230
car -1 -1 0.00 0.00 0.00 100.00 100.00 -1000 1.59 4.06 -17.52 -1000 32.21 1.57 283.545
car -1 -1 0.00 0.00 0.00 100.00 100.00 -1000 1.67 4.30 9.15 -1000 25.75 1.56 281.573
car -1 -1 0.00 0.00 0.00 100.00 100.00 -1000 2.08 6.44 9.95 -1000 18.57 1.64 276.820
car -1 -1 0.00 0.00 0.00 100.00 100.00 -1000 1.65 4.09 -6.04 -1000 34.78 0.10 276.159
car -1 -1 0.00 0.00 0.00 100.00 100.00 -1000 1.58 4.19 -9.00 -1000 43.00 -0.12 269.891
car -1 -1 0.00 0.00 0.00 100.00 100.00 -1000 1.64 3.48 4.78 -1000 27.21 1.64 267.111
car -1 -1 0.00 0.00 0.00 100.00 100.00 -1000 1.68 4.24 8.28 -1000 42.85 1.68 263.095
car -1 -1 0.00 0.00 0.00 100.00 100.00 -1000 1.73 4.27 12.07 -1000 29.77 1.60 259.130
car -1 -1 0.00 0.00 0.00 100.00 100.00 -1000 1.55 3.67 3.74 -1000 44.93 0.08 258.129
car -1 -1 0.00 0.00 0.00 100.00 100.00 -1000 2.02 6.00 5.01 -1000 36.37 1.65 254.023
car -1 -1 0.00 0.00 0.00 100.00 100.00 -1000 1.92 4.57 2.18 -1000 31.36 1.59 252.149
car -1 -1 0.00 0.00 0.00 100.00 100.00 -1000 1.98 5.16 -9.14 -1000 38.70 1.65 251.795
car -1 -1 0.00 0.00 0.00 100.00 100.00 -1000 1.91 5.20 -2.89 -1000 46.79 1.63 250.006
car -1 -1 0.00 0.00 0.00 100.00 100.00 -1000 1.95 5.09 -6.87 -1000 36.50 1.60 246.741
car -1 -1 0.00 0.00 0.00 100.00 100.00 -1000 1.58 3.77 11.54 -1000 11.16 1.61 244.126
car -1 -1 0.00 0.00 0.00 100.00 100.00 -1000 1.74 4.50 13.84 -1000 31.58 1.68 243.477
car -1 -1 0.00 0.00 0.00 100.00 100.00 -1000 1.66 3.92 7.36 -1000 10.31 1.58 243.204
car -1 -1 0.00 0.00 0.00 100.00 100.00 -1000 1.78 3.92 1.27 -1000 47.16 1.63 242.067
car -1 -1 0.00 0.00 0.00 100.00 100.00 -1000 1.70 4.22 -0.97 -1000 44.43 1.62 241.119
car -1 -1 0.00 0.00 0.00 100.00 100.00 -1000 2.00 5.16 -8.17 -1000 33.82 1.64 241.063
car -1 -1 0.00 0.00 0.00 100.00 100.00 -1000 2.03 5.49 11.13 -1000 17.75 1.69 239.819
car -1 -1 0.00 0.00 0.00 100.00 100.00 -1000 1.71 4.27 7.43 -1000 41.75 1.66 239.206
car -1 -1 0.00 0.00 0.00 100.00 100.00 -1000 2.01 5.52 3.44 -1000 37.01 1.64 234.248
car -1 -1 0.00 0.00 0.00 100.00 100.00 -1000 1.63 4.06 13.20 -1000 12.98 1.67 229.436
car -1 -1 0.00 0.00 0.00 100.00 100.00 -1000 1.57 4.07 11.36 -1000 28.02 1.69 229.036
car -1 -1 0.00 0.00 0.00 100.00 100.00 -1000 1.88 4.95 -5.98 -1000 46.77 1.63 228.233
car -1 -1 0.00 0.00 0.00 100.00 100.00 -1000 1.81 4.41 1.71 -1000 33.88 -0.03 226.580
car -1 -1 0.00 0.00 0.00 100.00 100.00 -1000 2.47 7.96 14.78 -1000 19.48 1.76 221.263
car -1 -1 0.00 0.00 0.00 100.00 100.00 -1000 1.72 4.48 9.52 -1000 42.40 1.71 218.424
car -1 -1 0.00 0.00 0.00 100.00 100.00 -1000 1.46 4.29 -16.30 -1000 32.81 -0.09 217.750
car -1 -1 0.00 0.00 0.00 100.00 100.00 -1000 1.67 4.33 8.25 -1000 8.91 1.60 212.738
car -1 -1 0.00 0.00 0.00 100.00 100.00 -1000 1.77 4.22 5.97 -1000 18.14 1.55 209.884
car -1 -1 0.00 0.00 0.00 100.00 100.00 -1000 1.93 5.37 14.32 -1000 15.54 1.67 208.431
car -1 -1 0.00 0.00 0.00 100.00 100.00 -1000 1.82 5.17 13.19 -1000 46.40 1.58 202.230
car -1 -1 0.00 0.00 0.00 100.00 100.00 -1000 1.73 4.44 -9.77 -1000 36.33 1.58 201.835
car -1 -1 0.00 0.00 0.00 100.00 100.00 -1000 1.84 4.79 13.97 -1000 32.70 1.76 197.329
car -1 -1 0.00 0.00 0.00 100.00 100.00 -1000 2.06 5.08 3.88 -1000 38.65 1.64 197.193
car -1 -1 0.00 0.00 0.00 100.00 100.00 -1000 1.48 3.81 1.12 -1000 32.88 0.07 196.541
car -1 -1 0.00 0.00 0.00 100.00 100.00 -1000 1.98 4.45 0.97 -1000 40.65 1.64 195.089
car -1 -1 0.00 0.00 0.00 100.00 100.00 -1000 1.74 4.85 5.71 -1000 38.52 1.61 193.832
car -1 -1 0.00 0.00 0.00 100.00 100.00 -1000 1.78 4.18 -8.27 -1000 40.65 1.61 189.252
car -1 -1 0.00 0.00 0.00 100.00 100.00 -1000 1.44 3.87 -7.26 -1000 32.66 -0.13 188.785
car -1 -1 0.00 0.00 0.00 100.00 100.00 -1000 1.75 4.22 -7.46 -1000 43.40 1.65 188.270
car -1 -1 0.00 0.00 0.00 100.00 100.00 -1000 1.93 5.87 -9.63 -1000 40.22 1.63 187.410
car -1 -1 0.00 0.00 0.00 100.00 100.00 -1000 1.63 3.71 -10.35 -1000 37.79 1.52 186.203
car -1 -1 0.00 0.00 0.00 100.00 100.00 -1000 1.87 4.41 12.28 -1000 34.60 1.56 184.321
car -1 -1 0.00 0.00 0.00 100.00 100.00 -1000 1.92 5.14 -1.33 -1000 46.44 1.67 180.634
car -1 -1 0.00 0.00 0.00 100.00 100.00 -1000 1.95 4.84 -13.13 -1000 46.34 1.63 179.476
car -1 -1 0.00 0.00 0.00 100.00 100.00 -1000 1.78 4.94 14.48 -1000 13.73 1.69 179.261
car -1 -1 0.00 0.00 0.00 100.00 100.00 -1000 1.76 4.51 -2.13 -1000 45.61 1.67 177.712
car -1 -1 0.00 0.00 0.00 100.00 100.00 -1000 1.97 4.89 -12.88 -1000 44.40 1.63 177.327
car -1 -1 0.00 0.00 0.00 100.00 100.00 -1000 2.07 6.68 15.50 -1000 26.56 1.63 176.458
car -1 -1 0.00 0.00 0.00 100.00 100.00 -1000 2.08 5.99 -4.37 -1000 47.35 1.65 175.251
car -1 -1 0.00 0.00 0.00 100.00 100.00 -1000 1.92 4.51 6.17 -1000 14.23 1.60 170.037
car -1 -1 0.00 0.00 0.00 100.00 100.00 -1000 1.53 3.85 -16.07 -1000 17.83 1.46 168.553
car -1 -1 0.00 0.00 0.00 100.00 100.00 -1000 1.93 5.60 12.78 -1000 47.55 1.65 167.762
car -1 -1 0.00 0.00 0.00 100.00 100.00 -1000 1.74 4.26 14.06 -1000 30.35 1.68 167.248
car -1 -1 0.00 0.00 0.00 100.00 100.00 -1000 1.49 3.83 -8.10 -1000 36.93 0.02 164.969
car -1 -1 0.00 0.00 0.00 100.00 100.00 -1000 1.69 4.38 12.66 -1000 12.25 1.69 164.753
car -1 -1 0.00 0.00 0.00 100.00 100.00 -1000 1.87 5.49 -4.56 -1000 33.23 1.63 164.701
car -1 -1 0.00 0.00 0.00 100.00 100.00 -1000 2.01 5.91 8.33 -1000 19.33 1.64 164.198
car -1 -1 0.00 0.00 0.00 100.00 100.00 -1000 2.05 5.07 1.34 -1000 41.58 1.68 162.751
car -1 -1 0.00 0.00 0.00 100.00 100.00 -1000 1.97 4.71 6.36 -1000 19.19 1.66 161.385
car -1 -1 0.00 0.00 0.00 100.00 100.00 -1000 1.77 4.27 0.69 -1000 46.30 1.57 160.113
car -1 -1 0.00 0.00 0.00 100.00 100.00 -1000 2.22 8.33 13.05 -1000 18.59 1.71 159.963
