car -1 -1 0.00 0.00 0.00 100.00 100.00 -1000 1.73 4.09 -4.03 -1000 23.25 1.60 998.997
car -1 -1 0.00 0.00 0.00 100.00 100.00 -1000 1.72 4.25 -10.74 -1000 41.46 1.66 993.958
car -1 -1 0.00 0.00 0.00 100.00 100.00 -1000 1.75 4.13 -3.66 -1000 22.39 -0.16 989.698
car -1 -1 0.00 0.00 0.00 100.00 100.00 -1000 1.56 3.55 4.17 -1000 45.29 1.68 986.622
car -1 -1 0.00 0.00 0.00 100.00 100.00 -1000 1.69 4.21 -3.74 -1000 24.45 1.60 982.637
car -1 -1 0.00 0.00 0.00 100.00 100.00 -1000 1.65 3.90 3.71 -1000 34.27 1.65 980.559
car -1 -1 0.00 0.00 0.00 100.00 100.00 -1000 1.60 3.77 6.83 -1000 36.80 1.68 978.208
car -1 -1 0.00 0.00 0.00 100.00 100.00 -1000 1.87 5.11 -3.39 -1000 25.21 1.61 978.047
car -1 -1 0.00 0.00 0.00 100.00 100.00 -1000 1.70 4.15 -10.64 -1000 28.65 1.64 970.330
car -1 -1 0.00 0.00 0.00 100.00 100.00 -1000 1.66 4.06 13.10 -1000 19.71 1.69 965.460
car -1 -1 0.00 0.00 0.00 100.00 100.00 -1000 1.68 4.03 -9.91 -1000 42.23 1.69 965.179
car -1 -1 0.00 0.00 0.00 100.00 100.00 -1000 1.50 3.32 -11.56 -1000 40.89 1.64 962.882
car -1 -1 0.00 0.00 0.00 100.00 100.00 -1000 2.40 7.30 -13.53 -1000 45.00 1.65 959.914
car -1 -1 0.00 0.00 0.00 100.00 100.00 -1000 1.66 4.01 -14.70 -1000 43.91 1.67 950.797
car -1 -1 0.00 0.00 0.00 100.00 100.00 -1000 1.77 4.53 -9.49 -1000 43.05 1.64 948.846
car -1 -1 0.00 0.00 0.00 100.00 100.00 -1000 1.56 3.77 -12.31 -1000 41.74 1.62 947.710
car -1 -1 0.00 0.00 0.00 100.00 100.00 -1000 2.20 6.24 -6.54 -1000 26.41 1.62 938.319
car -1 -1 0.00 0.00 0.00 100.00 100.00 -1000 1.64 4.04 4.15 -1000 46.08 1.62 937.357
car -1 -1 0.00 0.00 0.00 100.00 100.00 -1000 1.65 4.03 4.15 -1000 44.45 -0.20 934.651
car -1 -1 0.00 0.00 0.00 100.00 100.00 -1000 1.67 3.84 -11.64 -1000 21.47 1.73 931.891
car -1 -1 0.00 0.00 0.00 100.00 100.00 -1000 1.63 4.08 4.39 -1000 34.91 1.67 927.855
car -1 -1 0.00 0.00 0.00 100.00 100.00 -1000 2.42 7.46 -2.80 -1000 26.15 1.62 925.231
car -1 -1 0.00 0.00 0.00 100.00 100.00 -1000 1.73 4.22 -11.90 -1000 27.54 -0.12 922.921
car -1 -1 0.00 0.00 0.00 100.00 100.00 -1000 1.63 3.97 13.32 -1000 20.85 1.60 922.798
car -1 -1 0.00 0.00 0.00 100.00 100.00 -1000 1.74 4.25 -13.97 -1000 44.54 1.62 920.146
car -1 -1 0.00 0.00 0.00 100.00 100.00 -1000 1.55 3.72 8.49 -1000 36.90 1.68 917.182
car -1 -1 0.00 0.00 0.00 100.00 100.00 -1000 2.47 7.28 -12.22 -1000 46.31 1.65 916.713
car -1 -1 0.00 0.00 0.00 100.00 100.00 -1000 1.71 3.97 -16.69 -1000 21.92 1.68 914.827
car -1 -1 0.00 0.00 0.00 100.00 100.00 -1000 2.02 5.38 8.95 -1000 40.66 1.54 909.566
car -1 -1 0.00 0.00 0.00 100.00 100.00 -1000 1.66 4.09 6.79 -1000 37.62 1.52 895.205
car -1 -1 0.00 0.00 0.00 100.00 100.00 -1000 1.59 4.02 4.99 -1000 33.59 -0.17 890.879
car -1 -1 0.00 0.00 0.00 100.00 100.00 -1000 1.82 4.56 13.59 -1000 22.01 1.68 886.282
car -1 -1 0.00 0.00 0.00 100.00 100.00 -1000 1.58 3.76 5.60 -1000 34.33 1.65 881.303
car -1 -1 0.00 0.00 0.00 100.00 100.00 -1000 1.51 3.54 6.51 -1000 35.95 1.62 880.810
car -1 -1 0.00 0.00 0.00 100.00 100.00 -1000 1.78 4.46 -13.73 -1000 43.19 1.72 877.454
car -1 -1 0.00 0.00 0.00 100.00 100.00 -1000 1.80 5.04 -8.64 -1000 43.74 1.67 875.740
car -1 -1 0.00 0.00 0.00 100.00 100.00 -1000 1.52 3.50 6.07 -1000 35.03 1.68 875.136
car -1 -1 0.00 0.00 0.00 100.00 100.00 -1000 1.74 4.30 -13.10 -1000 42.30 1.66 861.627
car -1 -1 0.00 0.00 0.00 100.00 100.00 -1000 1.62 3.84 13.17 -1000 18.76 -0.08 854.130
car -1 -1 0.00 0.00 0.00 100.00 100.00 -1000 2.16 6.07 -5.06 -1000 25.66 1.61 853.128
car -1 -1 0.00 0.00 0.00 100.00 100.00 -1000 1.69 4.37 -11.12 -1000 22.21 1.70 848.353
car -1 -1 0.00 0.00 0.00 100.00 100.00 -1000 1.67 4.16 -16.82 -1000 20.99 1.63 844.660
car -1 -1 0.00 0.00 0.00 100.00 100.00 -1000 1.64 4.24 18.70 -1000 25.95 -0.34 843.958
car -1 -1 0.00 0.00 0.00 100.00 100.00 -1000 1.84 4.83 -9.68 -1000 40.95 1.69 843.386
car -1 -1 0.00 0.00 0.00 100.00 100.00 -1000 1.66 4.09 7.03 -1000 31.64 1.64 843.294
car -1 -1 0.00 0.00 0.00 100.00 100.00 -1000 1.69 4.17 -9.28 -1000 28.94 1.74 838.304
car -1 -1 0.00 0.00 0.00 100.00 100.00 -1000 2.12 6.45 -11.99 -1000 44.34 1.67 838.237
car -1 -1 0.00 0.00 0.00 100.00 100.00 -1000 1.61 3.75 9.48 -1000 36.40 1.65 835.082
car -1 -1 0.00 0.00 0.00 100.00 100.00 -1000 1.73 4.44 1.74 -1000 29.86 1.65 832.821
car -1 -1 0.00 0.00 0.00 100.00 100.00 -1000 1.82 5.07 -1.77 -1000 23.84 1.79 825.916
car -1 -1 0.00 0.00 0.00 100.00 100.00 -1000 2.38 7.31 6.67 -1000 46.76 1.70 821.200
car -1 -1 0.00 0.00 0.00 100.00 100.00 -1000 1.64 3.83 -15.19 -1000 42.87 -0.21 817.451
car -1 -1 0.00 0.00 0.00 100.00 100.00 -1000 3.41 13.39 -11.11 -1000 45.46 1.64 815.057
car -1 -1 0.00 0.00 0.00 100.00 100.00 -1000 1.49 3.66 4.89 -1000 43.79 -0.05 813.172
car -1 -1 0.00 0.00 0.00 100.00 100.00 -1000 1.56 4.16 -11.85 -1000 20.44 -0.30 812.573
car -1 -1 0.00 0.00 0.00 100.00 100.00 -1000 3.07 11.10 6.30 -1000 47.55 1.62 809.665
car -1 -1 0.00 0.00 0.00 100.00 100.00 -1000 1.83 4.64 5.63 -1000 44.89 1.73 805.834
car -1 -1 0.00 0.00 0.00 100.00 100.00 -1000 2.70 9.54 -1.35 -1000 26.94 1.74 805.138
car -1 -1 0.00 0.00 0.00 100.00 100.00 -1000 2.29 7.61 -8.61 -1000 44.28 1.67 803.403
car -1 -1 0.00 0.00 0.00 100.00 100.00 -1000 1.47 3.32 3.40 -1000 33.53 1.63 799.510
car -1 -1 0.00 0.00 0.00 100.00 100.00 -1000 1.76 4.66 -12.66 -1000 28.19 1.68 796.309
car -1 -1 0.00 0.00 0.00 100.00 100.00 -1000 1.85 4.77 8.37 -1000 38.16 1.66 791.963
car -1 -1 0.00 0.00 0.00 100.00 100.00 -1000 1.78 4.60 -17.29 -1000 22.83 1.61 785.669
car -1 -1 0.00 0.00 0.00 100.00 100.00 -1000 1.53 3.76 7.18 -1000 33.86 1.61 784.603
car -1 -1 0.00 0.00 0.00 100.00 100.00 -1000 1.86 4.94 -15.23 -1000 22.27 1.73 781.443
car -1 -1 0.00 0.00 0.00 100.00 100.00 -1000 1.64 3.93 7.81 -1000 36.18 -0.16 781.344
car -1 -1 0.00 0.00 0.00 100.00 100.00 -1000 1.69 4.22 4.63 -1000 31.71 1.59 767.063
car -1 -1 0.00 0.00 0.00 100.00 100.00 -1000 2.45 7.74 -4.73 -1000 27.29 1.72 754.688
car -1 -1 0.00 0.00 0.00 100.00 100.00 -1000 1.67 4.00 4.87 -1000 35.77 1.71 753.540
car -1 -1 0.00 0.00 0.00 100.00 100.00 -1000 1.75 4.25 5.73 -1000 46.27 1.71 749.977
car -1 -1 0.00 0.00 0.00 100.00 100.00 -1000 1.80 4.47 -10.16 -1000 27.65 1.71 744.166
car -1 -1 0.00 0.00 0.00 100.00 100.00 -1000 2.11 5.15 -12.19 -1000 47.18 1.69 734.077
car -1 -1 0.00 0.00 0.00 100.00 100.00 -1000 1.94 4.94 3.04 -1000 35.61 1.67 732.968
car -1 -1 0.00 0.00 0.00 100.00 100.00 -1000 1.71 4.45 5.56 -1000 31.15 1.61 729.493
car -1 -1 0.00 0.00 0.00 100.00 100.00 -1000 1.71 4.14 10.81 -1000 36.13 1.72 720.579
car -1 -1 0.00 0.00 0.00 100.00 100.00 -1000 2.62 9.02 -0.05 -1000 25.76 1.70 714.773
car -1 -1 0.00 0.00 0.00 100.00 100.00 -1000 1.74 4.05 3.99 -1000 23.78 1.66 711.761
car -1 -1 0.00 0.00 0.00 100.00 100.00 -1000 1.61 4.03 -10.80 -1000 39.52 1.58 704.941
car -1 -1 0.00 0.00 0.00 100.00 100.00 -1000 2.32 6.70 3.88 -1000 46.63 1.69 703.058
car -1 -1 0.00 0.00 0.00 100.00 100.00 -1000 2.01 4.98 8.99 -1000 39.68 1.64 696.794
car -1 -1 0.00 0.00 0.00 100.00 100.00 -1000 1.81 4.55 6.80 -1000 44.07 1.72 695.035
car -1 -1 0.00 0.00 0.00 100.00 100.00 -1000 1.85 4.57 9.66 -1000 37.46 1.69 685.577
car -1 -1 0.00 0.00 0.00 100.00 100.00 -1000 1.91 4.84 -11.85 -1000 29.25 1.66 684.998
car -1 -1 0.00 0.00 0.00 100.00 100.00 -1000 1.62 3.87 8.09 -1000 31.09 1.69 684.141
car -1 -1 0.00 0.00 0.00 100.00 100.00 -1000 1.90 4.72 14.19 -1000 22.93 1.73 683.005
car -1 -1 0.00 0.00 0.00 100.00 100.00 -1000 1.70 3.90 8.24 -1000 32.17 1.60 679.199
car -1 -1 0.00 0.00 0.00 100.00 100.00 -1000 2.52 8.04 -2.64 -1000 28.57 1.67 674.426
car -1 -1 0.00 0.00 0.00 100.00 100.00 -1000 1.88 4.76 1.15 -1000 35.67 1.62 673.922
car -1 -1 0.00 0.00 0.00 100.00 100.00 -1000 1.64 4.45 -10.36 -1000 22.89 1.73 671.772
car -1 -1 0.00 0.00 0.00 100.00 100.00 -1000 1.58 3.63 9.52 -1000 44.31 1.57 662.626
car -1 -1 0.00 0.00 0.00 100.00 100.00 -1000 1.96 4.96 6.74 -1000 45.55 1.69 659.137
car -1 -1 0.00 0.00 0.00 100.00 100.00 -1000 1.47 3.26 3.73 -1000 32.19 1.64 654.915
car -1 -1 0.00 0.00 0.00 100.00 100.00 -1000 1.59 3.60 -14.49 -1000 41.94 1.67 645.673
car -1 -1 0.00 0.00 0.00 100.00 100.00 -1000 1.62 4.04 -13.00 -1000 26.96 -0.19 644.770
car -1 -1 0.00 0.00 0.00 100.00 100.00 -1000 2.03 5.77 5.19 -1000 37.26 1.63 639.808
car -1 -1 0.00 0.00 0.00 100.00 100.00 -1000 2.59 9.29 -8.84 -1000 46.21 1.68 638.160
car -1 -1 0.00 0.00 0.00 100.00 100.00 -1000 1.90 5.02 2.94 -1000 44.92 1.68 634.859
car -1 -1 0.00 0.00 0.00 100.00 100.00 -1000 1.84 4.61 -12.79 -1000 22.51 1.62 634.334
car -1 -1 0.00 0.00 0.00 100.00 100.00 -1000 1.93 5.76 -1.22 -1000 24.72 1.77 629.823
car -1 -1 0.00 0.00 0.00 100.00 100.00 -1000 2.03 5.52 10.60 -1000 38.30 1.72 628.287
car -1 -1 0.00 0.00 0.00 100.00 100.00 -1000 1.59 3.81 7.42 -1000 32.71 1.57 625.195
car -1 -1 0.00 0.00 0.00 100.00 100.00 -1000 1.74 5.11 -6.00 -1000 30.16 1.72 623.388
car -1 -1 0.00 0.00 0.00 100.00 100.00 -1000 1.56 3.69 8.75 -1000 35.72 -0.10 617.531
car -1 -1 0.00 0.00 0.00 100.00 100.00 -1000 1.75 4.74 -7.28 -1000 29.47 1.68 614.430
car -1 -1 0.00 0.00 0.00 100.00 100.00 -1000 1.81 4.64 10.86 -1000 19.78 1.65 610.585
car -1 -1 0.00 0.00 0.00 100.00 100.00 -1000 1.85 4.53 18.84 -1000 26.83 1.59 608.458
car -1 -1 0.00 0.00 0.00 100.00 100.00 -1000 2.04 5.89 -14.77 -1000 21.18 1.72 606.454
car -1 -1 0.00 0.00 0.00 100.00 100.00 -1000 1.71 4.24 -7.92 -1000 27.10 1.62 597.298
car -1 -1 0.00 0.00 0.00 100.00 100.00 -1000 1.79 4.85 -2.97 -1000 35.45 1.66 596.779
car -1 -1 0.00 0.00 0.00 100.00 100.00 -1000 1.68 4.00 -10.58 -1000 26.73 1.61 596.267
car -1 -1 0.00 0.00 0.00 100.00 100.00 -1000 1.62 3.88 18.63 -1000 25.06 1.59 592.110
car -1 -1 0.00 0.00 0.00 100.00 100.00 -1000 2.37 8.14 -0.10 -1000 27.83 1.73 570.337
car -1 -1 0.00 0.00 0.00 100.00 100.00 -1000 1.66 4.08 6.45 -1000 30.57 0.00 568.690
car -1 -1 0.00 0.00 0.00 100.00 100.00 -1000 1.66 3.77 13.61 -1000 17.77 1.64 568.538
car -1 -1 0.00 0.00 0.00 100.00 100.00 -1000 2.41 7.45 2.10 -1000 39.13 1.67 563.517
car -1 -1 0.00 0.00 0.00 100.00 100.00 -1000 1.59 3.70 -16.08 -1000 43.55 1.61 556.741
car -1 -1 0.00 0.00 0.00 100.00 100.00 -1000 2.04 5.11 -15.04 -1000 24.13 1.64 553.344
car -1 -1 0.00 0.00 0.00 100.00 100.00 -1000 1.57 3.85 17.53 -1000 25.59 0.01 552.046
car -1 -1 0.00 0.00 0.00 100.00 100.00 -1000 2.05 4.96 -14.80 -1000 45.93 1.66 549.163
car -1 -1 0.00 0.00 0.00 100.00 100.00 -1000 1.67 4.17 15.14 -1000 19.24 1.72 542.703
car -1 -1 0.00 0.00 0.00 100.00 100.00 -1000 1.55 3.76 -15.42 -1000 47.38 -0.06 539.663
car -1 -1 0.00 0.00 0.00 100.00 100.00 -1000 1.89 4.88 12.21 -1000 36.74 1.72 537.581
car -1 -1 0.00 0.00 0.00 100.00 100.00 -1000 1.81 4.54 10.54 -1000 28.38 1.62 537.063
car -1 -1 0.00 0.00 0.00 100.00 100.00 -1000 1.64 3.93 -15.61 -1000 44.62 1.56 534.927
car -1 -1 0.00 0.00 0.00 100.00 100.00 -1000 1.65 3.94 -11.13 -1000 38.68 1.51 532.391
car -1 -1 0.00 0.00 0.00 100.00 100.00 -1000 1.53 3.35 -12.73 -1000 40.49 1.63 530.847
car -1 -1 0.00 0.00 0.00 100.00 100.00 -1000 1.91 5.43 7.99 -1000 44.87 1.74 529.264
car -1 -1 0.00 0.00 0.00 100.00 100.00 -1000 1.78 3.27 -3.78 -1000 21.64 1.40 523.791
car -1 -1 0.00 0.00 0.00 100.00 100.00 -1000 1.77 4.43 -16.02 -1000 20.31 1.64 513.746
car -1 -1 0.00 0.00 0.00 100.00 100.00 -1000 1.44 3.03 -11.73 -1000 40.03 1.67 511.590
car -1 -1 0.00 0.00 0.00 100.00 100.00 -1000 1.82 4.25 10.59 -1000 34.70 1.57 505.101
car -1 -1 0.00 0.00 0.00 100.00 100.00 -1000 1.85 4.81 -10.23 -1000 21.11 1.65 504.063
car -1 -1 0.00 0.00 0.00 100.00 100.00 -1000 1.84 5.16 15.63 -1000 20.99 1.75 496.185
car -1 -1 0.00 0.00 0.00 100.00 100.00 -1000 2.55 8.63 7.04 -1000 40.01 1.64 495.595
car -1 -1 0.00 0.00 0.00 100.00 100.00 -1000 1.60 3.72 18.95 -1000 24.22 1.59 488.780
car -1 -1 0.00 0.00 0.00 100.00 100.00 -1000 1.76 4.19 -8.17 -1000 42.38 1.66 487.840
car -1 -1 0.00 0.00 0.00 100.00 100.00 -1000 1.88 4.45 12.30 -1000 25.43 1.62 486.780
car -1 -1 0.00 0.00 0.00 100.00 100.00 -1000 1.74 4.47 -14.85 -1000 23.17 -0.15 483.959
car -1 -1 0.00 0.00 0.00 100.00 100.00 -1000 1.87 4.75 -11.73 -1000 43.32 1.64 480.536
car -1 -1 0.00 0.00 0.00 100.00 100.00 -1000 2.03 5.53 -12.55 -1000 15.73 1.65 479.217
car -1 -1 0.00 0.00 0.00 100.00 100.00 -1000 1.96 5.65 -0.83 -1000 22.73 1.78 477.088
car -1 -1 0.00 0.00 0.00 100.00 100.00 -1000 1.89 4.31 9.99 -1000 25.75 1.55 470.570
car -1 -1 0.00 0.00 0.00 100.00 100.00 -1000 1.98 5.13 -2.57 -1000 29.29 1.71 469.180
car -1 -1 0.00 0.00 0.00 100.00 100.00 -1000 1.89 5.05 -5.68 -1000 24.69 1.67 468.373
car -1 -1 0.00 0.00 0.00 100.00 100.00 -1000 1.64 4.47 -16.58 -1000 39.30 -0.11 462.523
car -1 -1 0.00 0.00 0.00 100.00 100.00 -1000 2.38 8.28 2.35 -1000 37.33 1.67 458.270
car -1 -1 0.00 0.00 0.00 100.00 100.00 -1000 1.93 5.88 0.03 -1000 23.51 1.83 456.418
car -1 -1 0.00 0.00 0.00 100.00 100.00 -1000 1.60 3.84 6.27 -1000 33.21 1.62 454.881
car -1 -1 0.00 0.00 0.00 100.00 100.00 -1000 1.75 3.83 10.40 -1000 27.58 1.54 452.245
car -1 -1 0.00 0.00 0.00 100.00 100.00 -1000 2.02 5.31 8.08 -1000 41.45 1.61 447.522
car -1 -1 0.00 0.00 0.00 100.00 100.00 -1000 1.79 4.63 -7.38 -1000 43.18 1.72 446.964
car -1 -1 0.00 0.00 0.00 100.00 100.00 -1000 1.99 5.56 -8.59 -1000 28.03 1.74 445.466
car -1 -1 0.00 0.00 0.00 100.00 100.00 -1000 1.63 4.06 9.38 -1000 32.66 -0.07 444.929
car -1 -1 0.00 0.00 0.00 100.00 100.00 -1000 2.21 5.59 -13.13 -1000 30.05 1.65 434.472
car -1 -1 0.00 0.00 0.00 100.00 100.00 -1000 1.59 3.98 2.58 -1000 30.49 1.67 432.537
car -1 -1 0.00 0.00 0.00 100.00 100.00 -1000 1.67 4.17 9.97 -1000 43.59 1.69 431.430
car -1 -1 0.00 0.00 0.00 100.00 100.00 -1000 1.93 4.64 7.46 -1000 34.71 1.65 426.447
car -1 -1 0.00 0.00 0.00 100.00 100.00 -1000 1.45 4.09 12.87 -1000 24.76 -0.25 424.453
car -1 -1 0.00 0.00 0.00 100.00 100.00 -1000 2.41 7.89 4.54 -1000 38.79 1.62 421.713
car -1 -1 0.00 0.00 0.00 100.00 100.00 -1000 1.65 4.41 -16.15 -1000 40.19 -0.26 419.016
car -1 -1 0.00 0.00 0.00 100.00 100.00 -1000 2.27 7.39 -7.88 -1000 45.22 1.59 415.538
car -1 -1 0.00 0.00 0.00 100.00 100.00 -1000 1.76 4.18 1.74 -1000 28.96 -0.03 413.262
car -1 -1 0.00 0.00 0.00 100.00 100.00 -1000 1.79 5.19 -8.68 -1000 21.79 1.79 412.971
car -1 -1 0.00 0.00 0.00 100.00 100.00 -1000 1.63 3.85 -12.63 -1000 39.43 1.62 400.714
car -1 -1 0.00 0.00 0.00 100.00 100.00 -1000 2.05 5.97 0.94 -1000 24.21 1.76 398.686
car -1 -1 0.00 0.00 0.00 100.00 100.00 -1000 2.24 6.16 -5.57 -1000 29.10 1.67 395.814
car -1 -1 0.00 0.00 0.00 100.00 100.00 -1000 1.99 5.43 7.81 -1000 39.14 1.57 395.555
car -1 -1 0.00 0.00 0.00 100.00 100.00 -1000 1.76 4.33 11.73 -1000 35.36 1.69 395.149
car -1 -1 0.00 0.00 0.00 100.00 100.00 -1000 1.88 5.30 2.35 -1000 45.74 1.72 390.901
car -1 -1 0.00 0.00 0.00 100.00 100.00 -1000 1.62 3.38 3.28 -1000 43.70 1.43 390.444
car -1 -1 0.00 0.00 0.00 100.00 100.00 -1000 2.29 6.68 -12.49 -1000 31.95 1.66 388.389
car -1 -1 0.00 0.00 0.00 100.00 100.00 -1000 1.66 4.51 -10.41 -1000 40.28 -0.34 387.903
car -1 -1 0.00 0.00 0.00 100.00 100.00 -1000 2.05 5.94 11.77 -1000 37.56 1.71 386.534
car -1 -1 0.00 0.00 0.00 100.00 100.00 -1000 2.00 5.21 14.36 -1000 23.85 1.65 386.387
car -1 -1 0.00 0.00 0.00 100.00 100.00 -1000 1.84 5.23 1.49 -1000 44.31 1.76 384.745
car -1 -1 0.00 0.00 0.00 100.00 100.00 -1000 1.62 3.89 5.13 -1000 32.77 1.61 384.585
car -1 -1 0.00 0.00 0.00 100.00 100.00 -1000 1.68 4.18 14.32 -1000 20.35 -0.28 384.534
car -1 -1 0.00 0.00 0.00 100.00 100.00 -1000 1.48 3.59 -16.76 -1000 24.12 -0.07 383.698
car -1 -1 0.00 0.00 0.00 100.00 100.00 -1000 2.03 4.74 -16.64 -1000 25.64 1.63 377.216
car -1 -1 0.00 0.00 0.00 100.00 100.00 -1000 1.78 4.41 -7.82 -1000 41.01 1.71 375.940
car -1 -1 0.00 0.00 0.00 100.00 100.00 -1000 1.66 4.23 10.50 -1000 33.80 1.64 375.471
car -1 -1 0.00 0.00 0.00 100.00 100.00 -1000 2.15 5.82 12.95 -1000 38.51 1.69 374.258
car -1 -1 0.00 0.00 0.00 100.00 100.00 -1000 1.52 3.71 -13.22 -1000 41.25 1.56 368.392
car -1 -1 0.00 0.00 0.00 100.00 100.00 -1000 1.66 4.11 8.32 -1000 33.45 1.65 367.256
car -1 -1 0.00 0.00 0.00 100.00 100.00 -1000 1.70 4.54 -8.81 -1000 41.69 -0.42 364.968
car -1 -1 0.00 0.00 0.00 100.00 100.00 -1000 2.16 6.74 -8.51 -1000 30.13 1.73 364.189
car -1 -1 0.00 0.00 0.00 100.00 100.00 -1000 1.67 4.72 -8.09 -1000 22.51 1.79 364.050
car -1 -1 0.00 0.00 0.00 100.00 100.00 -1000 1.59 4.04 -13.67 -1000 47.38 -0.01 361.753
car -1 -1 0.00 0.00 0.00 100.00 100.00 -1000 1.90 4.33 12.45 -1000 27.39 1.65 356.656
car -1 -1 0.00 0.00 0.00 100.00 100.00 -1000 2.01 6.27 0.19 -1000 21.96 1.82 356.594
car -1 -1 0.00 0.00 0.00 100.00 100.00 -1000 1.85 5.43 -9.75 -1000 25.77 1.63 355.083
car -1 -1 0.00 0.00 0.00 100.00 100.00 -1000 1.50 4.26 13.43 -1000 25.90 -0.22 351.295
car -1 -1 0.00 0.00 0.00 100.00 100.00 -1000 1.40 4.14 -18.16 -1000 40.49 0.04 347.652
car -1 -1 0.00 0.00 0.00 100.00 100.00 -1000 1.96 4.45 12.12 -1000 30.59 1.64 343.340
car -1 -1 0.00 0.00 0.00 100.00 100.00 -1000 1.87 4.54 -13.35 -1000 37.00 1.60 339.084
car -1 -1 0.00 0.00 0.00 100.00 100.00 -1000 1.74 3.87 -0.28 -1000 35.92 1.61 337.967
car -1 -1 0.00 0.00 0.00 100.00 100.00 -1000 1.96 5.78 -6.77 -1000 28.29 1.70 333.557
car -1 -1 0.00 0.00 0.00 100.00 100.00 -1000 1.80 4.63 8.88 -1000 34.24 1.63 332.736
car -1 -1 0.00 0.00 0.00 100.00 100.00 -1000 2.24 7.16 2.03 -1000 47.21 1.66 331.456
car -1 -1 0.00 0.00 0.00 100.00 100.00 -1000 2.00 5.74 2.23 -1000 28.29 1.68 331.261
car -1 -1 0.00 0.00 0.00 100.00 100.00 -1000 1.99 5.93 17.05 -1000 22.37 1.72 327.993
car -1 -1 0.00 0.00 0.00 100.00 100.00 -1000 1.76 4.20 -2.97 -1000 21.04 1.47 326.522
car -1 -1 0.00 0.00 0.00 100.00 100.00 -1000 2.19 6.42 -3.28 -1000 36.21 1.68 322.031
car -1 -1 0.00 0.00 0.00 100.00 100.00 -1000 1.69 3.94 9.98 -1000 35.44 -0.13 320.832
car -1 -1 0.00 0.00 0.00 100.00 100.00 -1000 2.02 4.86 12.85 -1000 23.42 1.53 319.835
car -1 -1 0.00 0.00 0.00 100.00 100.00 -1000 1.81 4.76 -4.95 -1000 24.01 1.77 318.496
car -1 -1 0.00 0.00 0.00 100.00 100.00 -1000 2.21 6.78 -6.02 -1000 44.38 1.66 317.925
car -1 -1 0.00 0.00 0.00 100.00 100.00 -1000 2.09 6.19 4.48 -1000 36.41 1.66 317.592
car -1 -1 0.00 0.00 0.00 100.00 100.00 -1000 1.81 4.70 -13.69 -1000 23.63 1.69 311.823
car -1 -1 0.00 0.00 0.00 100.00 100.00 -1000 1.78 4.16 16.91 -1000 26.24 1.62 307.731
car -1 -1 0.00 0.00 0.00 100.00 100.00 -1000 2.02 5.57 0.18 -1000 39.70 1.66 307.130
car -1 -1 0.00 0.00 0.00 100.00 100.00 -1000 1.95 5.77 -11.49 -1000 37.92 1.58 306.870
car -1 -1 0.00 0.00 0.00 100.00 100.00 -1000 1.75 4.68 -17.93 -1000 38.72 1.68 305.951
car -1 -1 0.00 0.00 0.00 100.00 100.00 -1000 1.86 4.61 11.97 -1000 19.20 1.67 303.458
car -1 -1 0.00 0.00 0.00 100.00 100.00 -1000 1.97 5.62 2.02 -1000 34.79 1.68 299.227
car -1 -1 0.00 0.00 0.00 100.00 100.00 -1000 1.97 6.09 17.45 -1000 21.28 1.75 299.106
car -1 -1 0.00 0.00 0.00 100.00 100.00 -1000 2.00 4.78 -13.88 -1000 31.11 1.66 299.047
car -1 -1 0.00 0.00 0.00 100.00 100.00 -1000 2.22 7.46 -7.52 -1000 31.15 1.76 298.004
car -1 -1 0.00 0.00 0.00 100.00 100.00 -1000 2.17 4.60 -1.96 -1000 21.65 1.68 294.967
car -1 -1 0.00 0.00 0.00 100.00 100.00 -1000 2.00 4.47 -8.83 -1000 26.40 1.65 292.752
car -1 -1 0.00 0.00 0.00 100.00 100.00 -1000 1.90 4.67 9.41 -1000 31.57 1.63 288.898
car -1 -1 0.00 0.00 0.00 100.00 100.00 -1000 1.91 4.71 -16.11 -1000 46.70 1.59 288.257
car -1 -1 0.00 0.00 0.00 100.00 100.00 -1000 1.84 4.78 -18.38 -1000 23.35 1.65 280.601
car -1 -1 0.00 0.00 0.00 100.00 100.00 -1000 1.48 3.70 11.96 -1000 24.29 0.03 278.719
car -1 -1 0.00 0.00 0.00 100.00 100.00 -1000 2.10 5.74 -10.69 -1000 32.76 1.64 278.355
car -1 -1 0.00 0.00 0.00 100.00 100.00 -1000 1.88 4.87 11.88 -1000 28.98 1.72 278.176
car -1 -1 0.00 0.00 0.00 100.00 100.00 -1000 1.96 5.67 -8.14 -1000 32.79 1.63 276.940
car -1 -1 0.00 0.00 0.00 100.00 100.00 -1000 2.00 5.14 10.81 -1000 40.03 1.67 276.897
car -1 -1 0.00 0.00 0.00 100.00 100.00 -1000 2.23 7.07 -9.75 -1000 31.87 1.71 274.476
car -1 -1 0.00 0.00 0.00 100.00 100.00 -1000 1.62 4.73 -16.93 -1000 42.48 0.13 274.326
car -1 -1 0.00 0.00 0.00 100.00 100.00 -1000 2.04 6.04 -13.87 -1000 20.39 1.78 274.314
car -1 -1 0.00 0.00 0.00 100.00 100.00 -1000 1.89 4.62 5.31 -1000 24.40 1.76 273.375
car -1 -1 0.00 0.00 0.00 100.00 100.00 -1000 2.38 6.70 -9.73 -1000 47.13 1.75 273.186
car -1 -1 0.00 0.00 0.00 100.00 100.00 -1000 1.74 4.31 11.39 -1000 26.11 1.58 268.519
car -1 -1 0.00 0.00 0.00 100.00 100.00 -1000 2.13 5.05 -8.37 -1000 33.84 1.57 266.719
car -1 -1 0.00 0.00 0.00 100.00 100.00 -1000 1.99 5.87 -13.92 -1000 25.57 1.64 264.537
car -1 -1 0.00 0.00 0.00 100.00 100.00 -1000 1.98 4.88 -10.37 -1000 20.17 1.63 263.787
car -1 -1 0.00 0.00 0.00 100.00 100.00 -1000 1.99 5.32 11.97 -1000 21.43 1.63 261.106
car -1 -1 0.00 0.00 0.00 100.00 100.00 -1000 2.24 6.40 16.98 -1000 35.49 1.73 259.298
car -1 -1 0.00 0.00 0.00 100.00 100.00 -1000 1.91 4.53 13.32 -1000 33.87 1.66 252.277
car -1 -1 0.00 0.00 0.00 100.00 100.00 -1000 2.05 6.12 16.46 -1000 23.73 1.72 251.600
car -1 -1 0.00 0.00 0.00 100.00 100.00 -1000 1.83 4.04 3.01 -1000 32.82 1.64 249.644
car -1 -1 0.00 0.00 0.00 100.00 100.00 -1000 1.55 4.03 10.94 -1000 24.79 0.23 248.172
car -1 -1 0.00 0.00 0.00 100.00 100.00 -1000 1.86 5.50 17.16 -1000 20.37 1.75 247.685
car -1 -1 0.00 0.00 0.00 100.00 100.00 -1000 1.89 5.31 -5.89 -1000 43.51 1.66 246.408
car -1 -1 0.00 0.00 0.00 100.00 100.00 -1000 2.31 7.15 -2.01 -1000 39.54 1.71 245.757
car -1 -1 0.00 0.00 0.00 100.00 100.00 -1000 2.14 6.08 -11.76 -1000 30.70 1.66 241.104
car -1 -1 0.00 0.00 0.00 100.00 100.00 -1000 1.88 5.80 1.35 -1000 36.64 1.62 240.458
car -1 -1 0.00 0.00 0.00 100.00 100.00 -1000 1.96 4.70 -8.11 -1000 35.47 1.69 239.422
car -1 -1 0.00 0.00 0.00 100.00 100.00 -1000 1.79 5.19 1.20 -1000 46.28 1.58 236.308
car -1 -1 0.00 0.00 0.00 100.00 100.00 -1000 1.78 4.27 17.10 -1000 24.73 1.68 235.871
car -1 -1 0.00 0.00 0.00 100.00 100.00 -1000 1.40 4.00 10.07 -1000 42.75 -0.10 235.010
car -1 -1 0.00 0.00 0.00 100.00 100.00 -1000 1.47 3.78 14.48 -1000 18.29 0.02 234.854
car -1 -1 0.00 0.00 0.00 100.00 100.00 -1000 1.81 5.09 4.87 -1000 17.65 1.63 234.736
