car -1 -1 0.00 0.00 0.00 100.00 100.00 -1000 1.74 4.35 -6.04 -1000 12.69 1.66 997.489
car -1 -1 0.00 0.00 0.00 100.00 100.00 -1000 1.65 3.64 -5.71 -1000 11.82 1.58 996.864
car -1 -1 0.00 0.00 0.00 100.00 100.00 -1000 1.66 3.85 -5.35 -1000 14.63 1.61 996.570
car -1 -1 0.00 0.00 0.00 100.00 100.00 -1000 1.67 3.91 -2.40 -1000 21.57 1.59 995.856
car -1 -1 0.00 0.00 0.00 100.00 100.00 -1000 1.64 3.67 -5.66 -1000 22.65 1.62 994.796
car -1 -1 0.00 0.00 0.00 100.00 100.00 -1000 1.71 4.22 -0.15 -1000 24.92 1.59 991.884
car -1 -1 0.00 0.00 0.00 100.00 100.00 -1000 1.68 4.24 2.85 -1000 12.21 -0.20 991.717
car -1 -1 0.00 0.00 0.00 100.00 100.00 -1000 1.58 3.55 -5.35 -1000 33.02 1.61 990.855
car -1 -1 0.00 0.00 0.00 100.00 100.00 -1000 1.66 4.02 3.01 -1000 13.20 1.61 985.895
car -1 -1 0.00 0.00 0.00 100.00 100.00 -1000 1.69 4.18 -2.08 -1000 22.46 1.62 985.504
car -1 -1 0.00 0.00 0.00 100.00 100.00 -1000 1.67 3.87 0.68 -1000 24.04 -0.22 981.727
car -1 -1 0.00 0.00 0.00 100.00 100.00 -1000 1.74 4.28 -5.93 -1000 13.88 -0.43 978.990
car -1 -1 0.00 0.00 0.00 100.00 100.00 -1000 1.66 4.20 -5.68 -1000 21.74 -0.24 978.254
car -1 -1 0.00 0.00 0.00 100.00 100.00 -1000 1.65 3.90 2.63 -1000 36.43 1.63 974.678
car -1 -1 0.00 0.00 0.00 100.00 100.00 -1000 1.70 4.06 -5.25 -1000 32.15 -0.29 970.082
car -1 -1 0.00 0.00 0.00 100.00 100.00 -1000 1.67 3.87 -5.31 -1000 15.53 1.59 968.940
car -1 -1 0.00 0.00 0.00 100.00 100.00 -1000 1.61 3.98 -0.89 -1000 22.89 1.71 966.294
car -1 -1 0.00 0.00 0.00 100.00 100.00 -1000 1.60 4.17 -5.72 -1000 10.94 -0.39 965.393
car -1 -1 0.00 0.00 0.00 100.00 100.00 -1000 1.58 4.05 2.42 -1000 35.56 -0.04 963.380
car -1 -1 0.00 0.00 0.00 100.00 100.00 -1000 1.98 5.48 -1.62 -1000 25.34 1.58 962.223
car -1 -1 0.00 0.00 0.00 100.00 100.00 -1000 2.08 5.78 -2.01 -1000 26.24 1.61 959.417
car -1 -1 0.00 0.00 0.00 100.00 100.00 -1000 1.71 4.21 -5.31 -1000 23.51 1.62 956.745
car -1 -1 0.00 0.00 0.00 100.00 100.00 -1000 1.42 3.52 -5.26 -1000 45.92 -0.13 946.830
car -1 -1 0.00 0.00 0.00 100.00 100.00 -1000 1.56 3.49 -3.53 -1000 22.25 1.58 946.565
car -1 -1 0.00 0.00 0.00 100.00 100.00 -1000 1.38 3.22 -6.54 -1000 33.39 -0.08 935.845
car -1 -1 0.00 0.00 0.00 100.00 100.00 -1000 1.59 3.76 -3.72 -1000 23.26 1.65 934.413
car -1 -1 0.00 0.00 0.00 100.00 100.00 -1000 1.61 3.69 -5.61 -1000 8.55 1.58 931.266
car -1 -1 0.00 0.00 0.00 100.00 100.00 -1000 1.59 4.04 -5.78 -1000 30.47 1.56 930.373
car -1 -1 0.00 0.00 0.00 100.00 100.00 -1000 1.83 4.63 1.63 -1000 25.40 1.66 928.072
car -1 -1 0.00 0.00 0.00 100.00 100.00 -1000 1.40 3.71 -5.61 -1000 40.04 -0.27 924.230
car -1 -1 0.00 0.00 0.00 100.00 100.00 -1000 1.58 3.79 6.48 -1000 20.21 -0.22 922.171
car -1 -1 0.00 0.00 0.00 100.00 100.00 -1000 1.86 4.44 -1.59 -1000 27.27 1.60 921.270
car -1 -1 0.00 0.00 0.00 100.00 100.00 -1000 1.46 4.02 -1.81 -1000 20.61 -0.22 920.666
car -1 -1 0.00 0.00 0.00 100.00 100.00 -1000 1.77 4.34 -0.99 -1000 24.29 1.62 914.708
car -1 -1 0.00 0.00 0.00 100.00 100.00 -1000 1.64 3.84 -6.79 -1000 23.01 1.54 906.296
car -1 -1 0.00 0.00 0.00 100.00 100.00 -1000 1.66 4.05 -6.01 -1000 9.51 1.50 903.488
car -1 -1 0.00 0.00 0.00 100.00 100.00 -1000 1.63 3.83 -5.26 -1000 7.76 1.56 902.018
car -1 -1 0.00 0.00 0.00 100.00 100.00 -1000 1.49 3.45 1.37 -1000 23.32 -0.01 896.186
car -1 -1 0.00 0.00 0.00 100.00 100.00 -1000 1.64 3.96 -4.10 -1000 21.49 -0.05 881.546
car -1 -1 0.00 0.00 0.00 100.00 100.00 -1000 1.87 4.72 -7.16 -1000 34.85 1.65 879.502
car -1 -1 0.00 0.00 0.00 100.00 100.00 -1000 1.66 4.09 3.08 -1000 37.28 1.67 874.512
car -1 -1 0.00 0.00 0.00 100.00 100.00 -1000 1.61 3.81 -4.59 -1000 33.71 1.71 869.272
car -1 -1 0.00 0.00 0.00 100.00 100.00 -1000 1.69 4.36 -0.08 -1000 35.55 -0.08 863.669
car -1 -1 0.00 0.00 0.00 100.00 100.00 -1000 1.68 4.21 -2.34 -1000 23.70 1.61 860.031
car -1 -1 0.00 0.00 0.00 100.00 100.00 -1000 1.49 3.86 -5.57 -1000 18.90 -0.20 855.213
car -1 -1 0.00 0.00 0.00 100.00 100.00 -1000 1.51 3.52 6.91 -1000 20.98 1.56 853.309
car -1 -1 0.00 0.00 0.00 100.00 100.00 -1000 1.61 5.15 5.36 -1000 17.75 -0.14 845.970
car -1 -1 0.00 0.00 0.00 100.00 100.00 -1000 1.74 4.19 4.01 -1000 12.68 1.75 841.245
car -1 -1 0.00 0.00 0.00 100.00 100.00 -1000 1.82 4.77 -1.18 -1000 36.63 1.61 837.136
car -1 -1 0.00 0.00 0.00 100.00 100.00 -1000 1.66 4.19 1.00 -1000 36.91 1.56 830.966
car -1 -1 0.00 0.00 0.00 100.00 100.00 -1000 1.70 4.18 -5.18 -1000 47.48 1.56 828.757
car -1 -1 0.00 0.00 0.00 100.00 100.00 -1000 1.75 4.22 1.96 -1000 24.59 1.68 821.462
car -1 -1 0.00 0.00 0.00 100.00 100.00 -1000 1.86 4.54 0.05 -1000 26.15 1.66 819.868
car -1 -1 0.00 0.00 0.00 100.00 100.00 -1000 1.54 3.89 2.81 -1000 45.47 -0.29 818.441
car -1 -1 0.00 0.00 0.00 100.00 100.00 -1000 1.77 4.31 -5.46 -1000 16.36 1.51 814.069
car -1 -1 0.00 0.00 0.00 100.00 100.00 -1000 1.88 4.83 3.41 -1000 14.20 1.63 798.596
car -1 -1 0.00 0.00 0.00 100.00 100.00 -1000 1.86 4.85 -5.46 -1000 24.35 1.60 797.037
car -1 -1 0.00 0.00 0.00 100.00 100.00 -1000 2.37 7.35 -3.47 -1000 27.12 1.51 792.526
car -1 -1 0.00 0.00 0.00 100.00 100.00 -1000 1.96 5.29 2.03 -1000 26.51 1.62 790.536
car -1 -1 0.00 0.00 0.00 100.00 100.00 -1000 2.38 7.40 5.78 -1000 15.94 1.62 783.922
car -1 -1 0.00 0.00 0.00 100.00 100.00 -1000 2.18 6.04 -2.47 -1000 35.98 1.56 782.432
car -1 -1 0.00 0.00 0.00 100.00 100.00 -1000 1.68 4.21 -5.14 -1000 31.28 -0.69 780.522
car -1 -1 0.00 0.00 0.00 100.00 100.00 -1000 1.75 4.61 3.82 -1000 35.94 -0.17 779.745
car -1 -1 0.00 0.00 0.00 100.00 100.00 -1000 1.98 6.01 1.95 -1000 28.52 1.66 779.243
car -1 -1 0.00 0.00 0.00 100.00 100.00 -1000 1.62 3.76 -4.77 -1000 46.60 1.73 773.166
car -1 -1 0.00 0.00 0.00 100.00 100.00 -1000 1.78 4.32 -4.94 -1000 34.50 1.67 772.749
car -1 -1 0.00 0.00 0.00 100.00 100.00 -1000 2.18 6.32 -3.89 -1000 25.42 1.63 772.095
car -1 -1 0.00 0.00 0.00 100.00 100.00 -1000 1.62 3.74 -5.93 -1000 41.40 1.58 760.038
car -1 -1 0.00 0.00 0.00 100.00 100.00 -1000 1.51 4.23 -5.47 -1000 29.17 -0.18 756.871
car -1 -1 0.00 0.00 0.00 100.00 100.00 -1000 1.45 3.39 -7.76 -1000 33.74 -0.08 751.484
car -1 -1 0.00 0.00 0.00 100.00 100.00 -1000 1.74 4.76 2.79 -1000 22.75 1.58 743.120
car -1 -1 0.00 0.00 0.00 100.00 100.00 -1000 2.14 6.03 5.84 -1000 14.69 1.54 742.148
car -1 -1 0.00 0.00 0.00 100.00 100.00 -1000 1.52 3.81 5.70 -1000 19.42 1.68 741.076
car -1 -1 0.00 0.00 0.00 100.00 100.00 -1000 1.48 3.51 -14.32 -1000 29.21 -0.20 740.800
car -1 -1 0.00 0.00 0.00 100.00 100.00 -1000 1.61 3.88 -5.34 -1000 20.52 1.55 737.289
car -1 -1 0.00 0.00 0.00 100.00 100.00 -1000 1.92 4.81 -0.69 -1000 28.14 1.68 732.818
car -1 -1 0.00 0.00 0.00 100.00 100.00 -1000 1.71 4.41 -1.76 -1000 46.46 1.66 725.359
car -1 -1 0.00 0.00 0.00 100.00 100.00 -1000 1.74 4.35 5.32 -1000 13.32 1.71 718.449
car -1 -1 0.00 0.00 0.00 100.00 100.00 -1000 2.72 9.40 3.15 -1000 40.39 1.64 715.682
car -1 -1 0.00 0.00 0.00 100.00 100.00 -1000 1.59 3.95 7.94 -1000 20.34 -0.22 710.194
car -1 -1 0.00 0.00 0.00 100.00 100.00 -1000 2.48 6.85 -4.99 -1000 26.33 1.62 700.870
car -1 -1 0.00 0.00 0.00 100.00 100.00 -1000 1.45 4.11 3.31 -1000 35.01 -0.04 700.661
car -1 -1 0.00 0.00 0.00 100.00 100.00 -1000 1.65 3.69 -7.05 -1000 13.34 1.60 696.565
car -1 -1 0.00 0.00 0.00 100.00 100.00 -1000 2.02 6.01 -2.82 -1000 24.52 1.67 696.351
car -1 -1 0.00 0.00 0.00 100.00 100.00 -1000 1.63 3.98 -3.37 -1000 47.07 1.65 695.738
car -1 -1 0.00 0.00 0.00 100.00 100.00 -1000 1.58 4.04 0.61 -1000 22.66 1.47 693.232
car -1 -1 0.00 0.00 0.00 100.00 100.00 -1000 1.77 4.46 2.63 -1000 46.40 1.63 684.715
car -1 -1 0.00 0.00 0.00 100.00 100.00 -1000 1.75 4.22 4.35 -1000 36.94 1.72 682.992
car -1 -1 0.00 0.00 0.00 100.00 100.00 -1000 2.04 6.10 2.22 -1000 27.41 1.63 682.943
car -1 -1 0.00 0.00 0.00 100.00 100.00 -1000 1.64 3.86 -3.08 -1000 33.04 1.69 678.930
car -1 -1 0.00 0.00 0.00 100.00 100.00 -1000 2.29 6.53 0.48 -1000 38.60 1.67 678.215
car -1 -1 0.00 0.00 0.00 100.00 100.00 -1000 1.62 3.64 -6.96 -1000 11.31 1.56 667.213
car -1 -1 0.00 0.00 0.00 100.00 100.00 -1000 1.87 4.82 3.22 -1000 25.81 1.67 659.403
car -1 -1 0.00 0.00 0.00 100.00 100.00 -1000 1.40 3.79 7.35 -1000 19.62 -0.15 656.601
car -1 -1 0.00 0.00 0.00 100.00 100.00 -1000 2.57 7.76 0.47 -1000 39.92 1.61 644.210
car -1 -1 0.00 0.00 0.00 100.00 100.00 -1000 1.69 3.89 -0.51 -1000 21.92 1.66 643.141
car -1 -1 0.00 0.00 0.00 100.00 100.00 -1000 1.78 4.42 8.47 -1000 21.27 1.68 632.305
car -1 -1 0.00 0.00 0.00 100.00 100.00 -1000 1.98 5.21 -0.72 -1000 29.06 1.66 613.256
car -1 -1 0.00 0.00 0.00 100.00 100.00 -1000 1.84 4.73 -6.98 -1000 15.84 1.50 606.048
car -1 -1 0.00 0.00 0.00 100.00 100.00 -1000 2.45 7.71 2.98 -1000 39.09 1.64 604.928
car -1 -1 0.00 0.00 0.00 100.00 100.00 -1000 1.80 4.40 5.66 -1000 12.25 1.69 603.702
car -1 -1 0.00 0.00 0.00 100.00 100.00 -1000 1.80 4.33 -3.14 -1000 46.13 -0.03 596.822
car -1 -1 0.00 0.00 0.00 100.00 100.00 -1000 2.10 5.73 3.43 -1000 15.25 1.66 592.850
car -1 -1 0.00 0.00 0.00 100.00 100.00 -1000 1.69 4.22 -6.89 -1000 23.97 1.57 592.558
car -1 -1 0.00 0.00 0.00 100.00 100.00 -1000 2.15 5.18 -5.50 -1000 18.10 1.43 589.905
car -1 -1 0.00 0.00 0.00 100.00 100.00 -1000 1.51 3.73 3.70 -1000 11.70 -0.24 583.870
car -1 -1 0.00 0.00 0.00 100.00 100.00 -1000 1.82 4.10 3.39 -1000 24.19 1.67 580.693
car -1 -1 0.00 0.00 0.00 100.00 100.00 -1000 2.25 6.25 -4.81 -1000 35.21 1.66 574.770
car -1 -1 0.00 0.00 0.00 100.00 100.00 -1000 1.72 3.85 4.28 -1000 23.27 1.67 574.603
car -1 -1 0.00 0.00 0.00 100.00 100.00 -1000 1.92 4.94 -3.37 -1000 34.11 1.68 568.367
car -1 -1 0.00 0.00 0.00 100.00 100.00 -1000 2.29 7.09 -1.81 -1000 34.87 1.65 567.728
car -1 -1 0.00 0.00 0.00 100.00 100.00 -1000 1.96 5.24 6.49 -1000 25.01 1.67 563.269
car -1 -1 0.00 0.00 0.00 100.00 100.00 -1000 1.58 4.14 4.40 -1000 18.39 0.09 561.975
car -1 -1 0.00 0.00 0.00 100.00 100.00 -1000 1.93 5.19 5.98 -1000 22.59 1.68 558.452
car -1 -1 0.00 0.00 0.00 100.00 100.00 -1000 1.84 4.65 4.37 -1000 24.97 1.66 558.023
car -1 -1 0.00 0.00 0.00 100.00 100.00 -1000 2.60 8.38 -4.68 -1000 36.52 1.62 543.833
car -1 -1 0.00 0.00 0.00 100.00 100.00 -1000 2.53 8.74 5.05 -1000 39.70 1.64 538.786
car -1 -1 0.00 0.00 0.00 100.00 100.00 -1000 1.47 3.28 2.82 -1000 23.46 -0.14 526.254
car -1 -1 0.00 0.00 0.00 100.00 100.00 -1000 1.97 5.34 1.68 -1000 37.67 1.66 524.915
car -1 -1 0.00 0.00 0.00 100.00 100.00 -1000 1.61 3.49 -8.52 -1000 34.36 1.53 518.416
car -1 -1 0.00 0.00 0.00 100.00 100.00 -1000 2.22 6.81 3.94 -1000 38.08 1.71 517.943
car -1 -1 0.00 0.00 0.00 100.00 100.00 -1000 1.79 4.63 6.47 -1000 21.79 1.61 512.625
car -1 -1 0.00 0.00 0.00 100.00 100.00 -1000 2.21 6.47 -5.67 -1000 17.21 1.64 503.562
car -1 -1 0.00 0.00 0.00 100.00 100.00 -1000 2.48 7.75 5.96 -1000 38.50 1.66 494.513
car -1 -1 0.00 0.00 0.00 100.00 100.00 -1000 1.72 4.46 -1.36 -1000 32.26 1.68 488.608
car -1 -1 0.00 0.00 0.00 100.00 100.00 -1000 1.78 4.36 -14.33 -1000 41.96 1.65 487.996
car -1 -1 0.00 0.00 0.00 100.00 100.00 -1000 1.51 3.39 -5.97 -1000 19.91 1.60 485.214
car -1 -1 0.00 0.00 0.00 100.00 100.00 -1000 1.87 4.77 0.23 -1000 21.19 1.70 481.999
car -1 -1 0.00 0.00 0.00 100.00 100.00 -1000 1.63 3.66 -6.33 -1000 21.05 1.49 481.966
car -1 -1 0.00 0.00 0.00 100.00 100.00 -1000 2.41 7.71 -7.16 -1000 25.49 1.66 481.587
car -1 -1 0.00 0.00 0.00 100.00 100.00 -1000 1.52 3.26 -6.61 -1000 40.81 1.60 480.524
car -1 -1 0.00 0.00 0.00 100.00 100.00 -1000 1.55 4.15 -14.44 -1000 28.44 -0.21 475.383
car -1 -1 0.00 0.00 0.00 100.00 100.00 -1000 1.75 4.50 -14.78 -1000 42.81 1.59 469.879
car -1 -1 0.00 0.00 0.00 100.00 100.00 -1000 1.81 4.16 -3.76 -1000 30.56 1.68 469.540
car -1 -1 0.00 0.00 0.00 100.00 100.00 -1000 2.09 6.01 4.33 -1000 26.87 1.69 468.860
car -1 -1 0.00 0.00 0.00 100.00 100.00 -1000 1.50 3.24 -6.61 -1000 8.17 1.56 461.459
car -1 -1 0.00 0.00 0.00 100.00 100.00 -1000 1.73 3.83 -4.44 -1000 45.19 1.50 460.534
car -1 -1 0.00 0.00 0.00 100.00 100.00 -1000 1.81 4.25 5.31 -1000 24.20 1.62 451.137
car -1 -1 0.00 0.00 0.00 100.00 100.00 -1000 2.25 5.42 -2.78 -1000 28.17 1.56 449.540
car -1 -1 0.00 0.00 0.00 100.00 100.00 -1000 1.82 4.45 -18.53 -1000 43.24 1.68 447.787
car -1 -1 0.00 0.00 0.00 100.00 100.00 -1000 1.86 5.33 -1.34 -1000 33.86 1.65 447.179
car -1 -1 0.00 0.00 0.00 100.00 100.00 -1000 1.84 4.47 5.02 -1000 35.51 1.64 437.062
car -1 -1 0.00 0.00 0.00 100.00 100.00 -1000 1.47 3.21 -3.92 -1000 20.67 1.61 436.610
car -1 -1 0.00 0.00 0.00 100.00 100.00 -1000 1.90 4.80 6.52 -1000 23.38 1.69 435.462
car -1 -1 0.00 0.00 0.00 100.00 100.00 -1000 1.61 4.03 -7.22 -1000 12.24 1.52 426.617
car -1 -1 0.00 0.00 0.00 100.00 100.00 -1000 2.01 5.02 -0.05 -1000 37.44 1.64 424.915
car -1 -1 0.00 0.00 0.00 100.00 100.00 -1000 2.39 8.33 -7.32 -1000 26.88 1.65 413.459
car -1 -1 0.00 0.00 0.00 100.00 100.00 -1000 2.29 5.61 -5.16 -1000 28.20 1.55 408.713
car -1 -1 0.00 0.00 0.00 100.00 100.00 -1000 1.57 3.86 -6.22 -1000 46.46 0.09 403.979
car -1 -1 0.00 0.00 0.00 100.00 100.00 -1000 1.99 4.98 5.79 -1000 26.17 1.60 403.846
car -1 -1 0.00 0.00 0.00 100.00 100.00 -1000 2.26 7.00 -6.58 -1000 37.20 1.64 400.700
car -1 -1 0.00 0.00 0.00 100.00 100.00 -1000 1.69 4.28 -8.81 -1000 35.18 1.58 384.648
car -1 -1 0.00 0.00 0.00 100.00 100.00 -1000 1.52 4.14 4.69 -1000 21.96 0.01 375.328
car -1 -1 0.00 0.00 0.00 100.00 100.00 -1000 1.79 4.82 5.99 -1000 36.47 1.70 373.090
car -1 -1 0.00 0.00 0.00 100.00 100.00 -1000 2.34 7.13 1.53 -1000 29.51 1.59 367.775
car -1 -1 0.00 0.00 0.00 100.00 100.00 -1000 1.93 5.63 6.89 -1000 37.20 1.68 367.689
car -1 -1 0.00 0.00 0.00 100.00 100.00 -1000 1.40 3.31 -6.88 -1000 29.50 0.15 359.413
car -1 -1 0.00 0.00 0.00 100.00 100.00 -1000 1.74 4.01 -6.64 -1000 14.92 0.07 358.975
car -1 -1 0.00 0.00 0.00 100.00 100.00 -1000 2.11 5.65 0.21 -1000 30.22 1.57 358.969
car -1 -1 0.00 0.00 0.00 100.00 100.00 -1000 1.85 4.78 6.12 -1000 11.46 1.65 355.738
car -1 -1 0.00 0.00 0.00 100.00 100.00 -1000 1.91 4.74 -13.62 -1000 30.17 1.70 353.986
car -1 -1 0.00 0.00 0.00 100.00 100.00 -1000 1.83 4.71 -2.14 -1000 45.28 1.63 350.113
car -1 -1 0.00 0.00 0.00 100.00 100.00 -1000 1.49 4.79 1.34 -1000 35.04 -0.05 342.855
car -1 -1 0.00 0.00 0.00 100.00 100.00 -1000 1.77 4.16 0.02 -1000 46.41 1.66 339.531
car -1 -1 0.00 0.00 0.00 100.00 100.00 -1000 2.16 5.97 -0.94 -1000 40.54 1.62 331.813
car -1 -1 0.00 0.00 0.00 100.00 100.00 -1000 1.73 4.19 -7.22 -1000 9.01 1.59 328.373
car -1 -1 0.00 0.00 0.00 100.00 100.00 -1000 1.59 3.53 -7.32 -1000 32.74 1.35 323.321
car -1 -1 0.00 0.00 0.00 100.00 100.00 -1000 1.78 4.61 2.20 -1000 21.84 1.57 316.476
car -1 -1 0.00 0.00 0.00 100.00 100.00 -1000 1.88 6.78 3.28 -1000 11.36 0.00 310.558
car -1 -1 0.00 0.00 0.00 100.00 100.00 -1000 1.44 4.52 -4.80 -1000 10.39 -0.32 306.420
car -1 -1 0.00 0.00 0.00 100.00 100.00 -1000 2.07 6.12 10.11 -1000 22.36 1.68 306.177
car -1 -1 0.00 0.00 0.00 100.00 100.00 -1000 1.63 3.90 1.29 -1000 46.02 1.57 305.693
car -1 -1 0.00 0.00 0.00 100.00 100.00 -1000 1.60 3.67 -7.14 -1000 30.26 1.54 305.264
car -1 -1 0.00 0.00 0.00 100.00 100.00 -1000 1.88 5.51 0.35 -1000 27.12 -0.30 303.725
car -1 -1 0.00 0.00 0.00 100.00 100.00 -1000 2.29 7.60 4.97 -1000 16.97 1.57 303.649
car -1 -1 0.00 0.00 0.00 100.00 100.00 -1000 2.62 7.86 -8.54 -1000 17.11 1.53 300.270
car -1 -1 0.00 0.00 0.00 100.00 100.00 -1000 2.11 6.09 -6.15 -1000 35.89 1.62 296.256
car -1 -1 0.00 0.00 0.00 100.00 100.00 -1000 2.11 6.70 10.05 -1000 23.51 1.67 293.357
car -1 -1 0.00 0.00 0.00 100.00 100.00 -1000 1.57 4.23 -3.79 -1000 31.72 0.02 292.270
car -1 -1 0.00 0.00 0.00 100.00 100.00 -1000 1.61 3.73 7.08 -1000 8.48 -0.22 288.253
car -1 -1 0.00 0.00 0.00 100.00 100.00 -1000 1.92 5.56 -6.43 -1000 38.09 1.60 281.771
car -1 -1 0.00 0.00 0.00 100.00 100.00 -1000 2.06 5.29 6.17 -1000 27.27 1.62 275.138
car -1 -1 0.00 0.00 0.00 100.00 100.00 -1000 1.94 5.17 -8.65 -1000 23.91 1.69 272.771
car -1 -1 0.00 0.00 0.00 100.00 100.00 -1000 2.21 5.16 3.13 -1000 21.06 1.55 271.619
car -1 -1 0.00 0.00 0.00 100.00 100.00 -1000 1.84 5.09 7.33 -1000 36.03 1.71 269.175
car -1 -1 0.00 0.00 0.00 100.00 100.00 -1000 1.98 5.18 7.73 -1000 24.17 1.61 268.110
car -1 -1 0.00 0.00 0.00 100.00 100.00 -1000 2.04 5.43 3.74 -1000 28.14 1.62 265.891
car -1 -1 0.00 0.00 0.00 100.00 100.00 -1000 1.95 4.34 5.92 -1000 18.60 1.59 265.727
car -1 -1 0.00 0.00 0.00 100.00 100.00 -1000 2.10 6.01 -3.45 -1000 37.24 1.68 263.602
car -1 -1 0.00 0.00 0.00 100.00 100.00 -1000 2.00 5.17 -0.27 -1000 20.36 1.64 250.439
car -1 -1 0.00 0.00 0.00 100.00 100.00 -1000 2.01 5.85 10.91 -1000 21.55 1.67 246.793
car -1 -1 0.00 0.00 0.00 100.00 100.00 -1000 1.92 4.65 -7.00 -1000 18.92 1.49 243.218
car -1 -1 0.00 0.00 0.00 100.00 100.00 -1000 2.16 5.57 3.84 -1000 19.09 1.58 241.225
car -1 -1 0.00 0.00 0.00 100.00 100.00 -1000 1.81 4.14 -15.11 -1000 29.84 1.54 239.800
car -1 -1 0.00 0.00 0.00 100.00 100.00 -1000 1.68 4.90 -3.97 -1000 29.59 -0.02 235.555
car -1 -1 0.00 0.00 0.00 100.00 100.00 -1000 1.86 4.93 10.14 -1000 20.73 1.69 235.359
car -1 -1 0.00 0.00 0.00 100.00 100.00 -1000 1.98 5.77 -1.67 -1000 47.34 1.68 233.700
car -1 -1 0.00 0.00 0.00 100.00 100.00 -1000 1.66 3.66 -6.58 -1000 39.63 1.55 231.519
car -1 -1 0.00 0.00 0.00 100.00 100.00 -1000 1.63 5.01 -6.14 -1000 6.99 0.01 226.091
car -1 -1 0.00 0.00 0.00 100.00 100.00 -1000 2.00 4.75 -18.82 -1000 45.19 1.66 224.020
car -1 -1 0.00 0.00 0.00 100.00 100.00 -1000 2.11 5.39 -18.99 -1000 46.53 1.58 221.547
car -1 -1 0.00 0.00 0.00 100.00 100.00 -1000 2.18 4.78 1.91 -1000 14.60 1.71 218.118
car -1 -1 0.00 0.00 0.00 100.00 100.00 -1000 2.76 8.14 -2.38 -1000 17.40 1.71 210.497
car -1 -1 0.00 0.00 0.00 100.00 100.00 -1000 1.35 4.05 -18.96 -1000 42.05 -0.21 209.957
car -1 -1 0.00 0.00 0.00 100.00 100.00 -1000 2.06 5.63 8.29 -1000 22.80 1.61 208.269
car -1 -1 0.00 0.00 0.00 100.00 100.00 -1000 1.69 4.54 1.37 -1000 45.23 1.58 205.301
car -1 -1 0.00 0.00 0.00 100.00 100.00 -1000 2.13 7.14 2.76 -1000 16.23 1.73 205.091
car -1 -1 0.00 0.00 0.00 100.00 100.00 -1000 1.53 4.07 4.06 -1000 46.16 -0.13 203.699
car -1 -1 0.00 0.00 0.00 100.00 100.00 -1000 1.73 4.00 -6.15 -1000 45.35 1.43 203.506
car -1 -1 0.00 0.00 0.00 100.00 100.00 -1000 2.28 6.75 -8.98 -1000 36.76 1.65 200.378
car -1 -1 0.00 0.00 0.00 100.00 100.00 -1000 1.89 5.02 3.56 -1000 46.97 1.71 198.595
car -1 -1 0.00 0.00 0.00 100.00 100.00 -1000 1.40 3.64 2.92 -1000 44.65 -0.31 197.157
car -1 -1 0.00 0.00 0.00 100.00 100.00 -1000 1.87 4.68 -19.16 -1000 43.96 1.59 192.119
