car -1 -1 0.00 0.00 0.00 100.00 100.00 -1000 1.67 3.85 -2.93 -1000 8.14 1.54 999.259
car -1 -1 0.00 0.00 0.00 100.00 100.00 -1000 1.64 3.94 -3.06 -1000 6.81 1.59 999.235
car -1 -1 0.00 0.00 0.00 100.00 100.00 -1000 1.70 4.23 -5.68 -1000 42.86 1.59 989.505
car -1 -1 0.00 0.00 0.00 100.00 100.00 -1000 1.58 3.50 -5.61 -1000 8.90 1.65 985.320
car -1 -1 0.00 0.00 0.00 100.00 100.00 -1000 1.66 3.88 -2.70 -1000 9.12 1.55 981.206
car -1 -1 0.00 0.00 0.00 100.00 100.00 -1000 1.61 3.80 -3.33 -1000 35.60 1.55 980.171
car -1 -1 0.00 0.00 0.00 100.00 100.00 -1000 1.58 4.01 -3.39 -1000 5.96 -0.22 978.646
car -1 -1 0.00 0.00 0.00 100.00 100.00 -1000 1.54 3.42 -4.10 -1000 8.87 1.65 967.971
car -1 -1 0.00 0.00 0.00 100.00 100.00 -1000 1.62 3.96 -4.73 -1000 8.15 -0.08 963.537
car -1 -1 0.00 0.00 0.00 100.00 100.00 -1000 1.58 3.59 5.23 -1000 16.27 1.57 959.134
car -1 -1 0.00 0.00 0.00 100.00 100.00 -1000 1.61 3.77 -4.82 -1000 9.55 1.66 954.081
car -1 -1 0.00 0.00 0.00 100.00 100.00 -1000 2.43 6.99 -5.25 -1000 12.44 1.59 952.394
car -1 -1 0.00 0.00 0.00 100.00 100.00 -1000 1.57 3.78 -5.38 -1000 15.76 -0.29 947.332
car -1 -1 0.00 0.00 0.00 100.00 100.00 -1000 2.40 7.46 -5.89 -1000 45.24 1.54 946.513
car -1 -1 0.00 0.00 0.00 100.00 100.00 -1000 2.28 6.24 -5.16 -1000 11.10 1.59 940.003
car -1 -1 0.00 0.00 0.00 100.00 100.00 -1000 1.71 4.05 -5.98 -1000 10.01 1.59 934.505
car -1 -1 0.00 0.00 0.00 100.00 100.00 -1000 1.60 3.73 2.19 -1000 46.77 1.64 926.296
car -1 -1 0.00 0.00 0.00 100.00 100.00 -1000 1.65 3.91 0.66 -1000 45.67 1.61 919.072
car -1 -1 0.00 0.00 0.00 100.00 100.00 -1000 2.72 8.18 -5.59 -1000 46.53 1.51 913.072
car -1 -1 0.00 0.00 0.00 100.00 100.00 -1000 1.56 3.77 2.27 -1000 45.81 -0.21 900.399
car -1 -1 0.00 0.00 0.00 100.00 100.00 -1000 1.78 4.51 5.38 -1000 17.27 1.51 899.860
car -1 -1 0.00 0.00 0.00 100.00 100.00 -1000 1.50 3.51 -2.98 -1000 34.66 -0.18 896.328
car -1 -1 0.00 0.00 0.00 100.00 100.00 -1000 1.88 5.43 -1.39 -1000 46.02 1.54 887.417
car -1 -1 0.00 0.00 0.00 100.00 100.00 -1000 1.65 4.18 5.85 -1000 15.62 -0.23 884.336
car -1 -1 0.00 0.00 0.00 100.00 100.00 -1000 1.69 4.05 -4.42 -1000 10.30 1.65 883.841
car -1 -1 0.00 0.00 0.00 100.00 100.00 -1000 1.78 4.42 -5.63 -1000 44.29 1.59 882.910
car -1 -1 0.00 0.00 0.00 100.00 100.00 -1000 2.01 5.01 -5.34 -1000 13.27 1.60 876.530
car -1 -1 0.00 0.00 0.00 100.00 100.00 -1000 1.52 3.69 -5.17 -1000 33.69 1.58 876.352
car -1 -1 0.00 0.00 0.00 100.00 100.00 -1000 2.18 6.21 1.45 -1000 10.91 1.61 852.801
car -1 -1 0.00 0.00 0.00 100.00 100.00 -1000 1.72 4.04 4.24 -1000 28.48 1.57 847.562
car -1 -1 0.00 0.00 0.00 100.00 100.00 -1000 1.55 3.50 -3.18 -1000 9.96 1.55 847.121
car -1 -1 0.00 0.00 0.00 100.00 100.00 -1000 1.55 3.53 -6.40 -1000 8.17 0.13 845.492
car -1 -1 0.00 0.00 0.00 100.00 100.00 -1000 1.48 3.42 2.91 -1000 9.47 -0.05 842.256
car -1 -1 0.00 0.00 0.00 100.00 100.00 -1000 1.38 3.55 -5.84 -1000 14.74 -0.37 839.583
car -1 -1 0.00 0.00 0.00 100.00 100.00 -1000 1.62 3.88 -2.39 -1000 36.11 1.66 835.261
car -1 -1 0.00 0.00 0.00 100.00 100.00 -1000 1.61 3.88 6.43 -1000 16.64 1.72 826.228
car -1 -1 0.00 0.00 0.00 100.00 100.00 -1000 1.63 3.75 -4.23 -1000 43.45 1.64 824.987
car -1 -1 0.00 0.00 0.00 100.00 100.00 -1000 1.62 3.68 4.76 -1000 44.63 1.60 819.594
car -1 -1 0.00 0.00 0.00 100.00 100.00 -1000 1.81 4.44 4.84 -1000 18.04 1.60 816.586
car -1 -1 0.00 0.00 0.00 100.00 100.00 -1000 1.71 4.27 -3.43 -1000 36.55 1.55 813.649
car -1 -1 0.00 0.00 0.00 100.00 100.00 -1000 1.59 3.69 4.40 -1000 27.35 1.59 807.946
car -1 -1 0.00 0.00 0.00 100.00 100.00 -1000 1.54 3.62 0.51 -1000 44.70 -0.05 790.951
car -1 -1 0.00 0.00 0.00 100.00 100.00 -1000 1.63 3.84 -5.51 -1000 16.83 1.61 789.643
car -1 -1 0.00 0.00 0.00 100.00 100.00 -1000 1.74 4.34 -0.74 -1000 45.29 1.58 788.078
car -1 -1 0.00 0.00 0.00 100.00 100.00 -1000 1.63 4.43 -5.21 -1000 41.48 -0.19 787.658
car -1 -1 0.00 0.00 0.00 100.00 100.00 -1000 1.72 6.11 -3.07 -1000 5.21 -0.32 778.489
car -1 -1 0.00 0.00 0.00 100.00 100.00 -1000 1.61 3.64 3.49 -1000 46.17 -0.14 778.234
car -1 -1 0.00 0.00 0.00 100.00 100.00 -1000 1.97 5.09 5.61 -1000 19.37 1.68 773.226
car -1 -1 0.00 0.00 0.00 100.00 100.00 -1000 1.67 4.20 2.13 -1000 10.02 1.51 772.419
car -1 -1 0.00 0.00 0.00 100.00 100.00 -1000 2.49 6.88 -3.66 -1000 45.81 1.47 769.023
car -1 -1 0.00 0.00 0.00 100.00 100.00 -1000 1.42 3.68 -2.47 -1000 37.66 -0.04 760.106
car -1 -1 0.00 0.00 0.00 100.00 100.00 -1000 1.60 3.70 5.24 -1000 7.27 1.63 759.701
car -1 -1 0.00 0.00 0.00 100.00 100.00 -1000 1.70 4.27 -1.79 -1000 37.07 1.58 759.322
car -1 -1 0.00 0.00 0.00 100.00 100.00 -1000 1.66 3.73 -7.30 -1000 9.31 1.57 749.921
car -1 -1 0.00 0.00 0.00 100.00 100.00 -1000 1.74 4.28 -6.10 -1000 11.95 1.57 746.531
car -1 -1 0.00 0.00 0.00 100.00 100.00 -1000 1.68 3.97 0.23 -1000 41.53 1.58 745.452
car -1 -1 0.00 0.00 0.00 100.00 100.00 -1000 1.58 3.11 -5.83 -1000 42.21 1.54 741.556
car -1 -1 0.00 0.00 0.00 100.00 100.00 -1000 1.63 3.93 -1.61 -1000 41.99 1.61 737.701
car -1 -1 0.00 0.00 0.00 100.00 100.00 -1000 2.12 5.86 -2.52 -1000 47.26 1.48 731.605
car -1 -1 0.00 0.00 0.00 100.00 100.00 -1000 1.60 3.92 -7.26 -1000 10.46 1.56 731.560
car -1 -1 0.00 0.00 0.00 100.00 100.00 -1000 1.55 3.52 -4.60 -1000 7.32 1.41 727.452
car -1 -1 0.00 0.00 0.00 100.00 100.00 -1000 1.66 3.68 -4.30 -1000 34.42 -0.42 727.156
car -1 -1 0.00 0.00 0.00 100.00 100.00 -1000 1.61 3.79 2.55 -1000 34.19 1.62 725.323
car -1 -1 0.00 0.00 0.00 100.00 100.00 -1000 1.80 4.84 -2.48 -1000 38.74 1.61 723.873
car -1 -1 0.00 0.00 0.00 100.00 100.00 -1000 1.67 4.24 3.63 -1000 47.05 1.69 693.565
car -1 -1 0.00 0.00 0.00 100.00 100.00 -1000 1.69 4.13 0.11 -1000 46.59 1.58 691.874
car -1 -1 0.00 0.00 0.00 100.00 100.00 -1000 1.78 4.22 1.39 -1000 47.57 1.54 689.916
car -1 -1 0.00 0.00 0.00 100.00 100.00 -1000 1.51 3.47 3.76 -1000 45.23 1.50 685.106
car -1 -1 0.00 0.00 0.00 100.00 100.00 -1000 1.55 3.40 0.54 -1000 40.58 -0.07 684.868
car -1 -1 0.00 0.00 0.00 100.00 100.00 -1000 1.69 4.28 0.21 -1000 37.10 1.57 673.925
car -1 -1 0.00 0.00 0.00 100.00 100.00 -1000 1.64 3.36 -7.30 -1000 42.57 1.54 673.437
car -1 -1 0.00 0.00 0.00 100.00 100.00 -1000 1.84 4.83 -1.32 -1000 38.23 1.65 669.748
car -1 -1 0.00 0.00 0.00 100.00 100.00 -1000 1.73 4.10 5.07 -1000 8.35 1.58 666.234
car -1 -1 0.00 0.00 0.00 100.00 100.00 -1000 1.75 4.28 -2.25 -1000 42.79 1.66 663.274
car -1 -1 0.00 0.00 0.00 100.00 100.00 -1000 1.44 3.71 5.59 -1000 6.30 -0.15 657.378
car -1 -1 0.00 0.00 0.00 100.00 100.00 -1000 1.48 3.41 5.00 -1000 43.66 -0.19 645.335
car -1 -1 0.00 0.00 0.00 100.00 100.00 -1000 1.48 3.73 5.50 -1000 22.45 -0.08 637.250
car -1 -1 0.00 0.00 0.00 100.00 100.00 -1000 1.72 4.21 -3.82 -1000 42.51 1.71 636.275
car -1 -1 0.00 0.00 0.00 100.00 100.00 -1000 1.70 4.40 -0.74 -1000 35.84 1.64 610.974
car -1 -1 0.00 0.00 0.00 100.00 100.00 -1000 1.72 4.21 7.27 -1000 17.25 1.70 607.010
car -1 -1 0.00 0.00 0.00 100.00 100.00 -1000 1.72 4.23 -6.89 -1000 43.36 1.49 606.360
car -1 -1 0.00 0.00 0.00 100.00 100.00 -1000 2.20 6.74 -3.08 -1000 44.82 1.59 605.517
car -1 -1 0.00 0.00 0.00 100.00 100.00 -1000 1.65 3.74 -4.98 -1000 17.69 1.62 604.998
car -1 -1 0.00 0.00 0.00 100.00 100.00 -1000 1.53 3.37 -4.87 -1000 35.43 1.61 600.667
car -1 -1 0.00 0.00 0.00 100.00 100.00 -1000 1.82 4.29 6.26 -1000 18.52 1.64 600.468
car -1 -1 0.00 0.00 0.00 100.00 100.00 -1000 1.82 4.12 -5.52 -1000 32.76 1.61 599.681
car -1 -1 0.00 0.00 0.00 100.00 100.00 -1000 1.40 3.53 2.88 -1000 17.20 -0.07 590.576
car -1 -1 0.00 0.00 0.00 100.00 100.00 -1000 2.55 8.49 -7.86 -1000 45.76 1.62 585.255
car -1 -1 0.00 0.00 0.00 100.00 100.00 -1000 2.48 7.24 0.23 -1000 11.88 1.69 568.188
car -1 -1 0.00 0.00 0.00 100.00 100.00 -1000 1.60 3.94 -1.09 -1000 41.26 1.57 562.894
car -1 -1 0.00 0.00 0.00 100.00 100.00 -1000 1.65 3.82 -6.67 -1000 12.77 1.56 555.424
car -1 -1 0.00 0.00 0.00 100.00 100.00 -1000 1.65 3.99 5.31 -1000 27.84 1.71 551.198
car -1 -1 0.00 0.00 0.00 100.00 100.00 -1000 1.50 3.51 3.79 -1000 33.87 1.68 550.981
car -1 -1 0.00 0.00 0.00 100.00 100.00 -1000 1.62 3.50 1.95 -1000 34.95 1.55 549.170
car -1 -1 0.00 0.00 0.00 100.00 100.00 -1000 1.77 4.24 2.58 -1000 18.11 1.57 539.587
car -1 -1 0.00 0.00 0.00 100.00 100.00 -1000 1.65 3.83 -6.92 -1000 16.17 1.57 538.451
car -1 -1 0.00 0.00 0.00 100.00 100.00 -1000 1.79 4.56 -3.93 -1000 37.32 1.62 535.845
car -1 -1 0.00 0.00 0.00 100.00 100.00 -1000 1.94 4.95 -2.11 -1000 43.95 1.62 532.784
car -1 -1 0.00 0.00 0.00 100.00 100.00 -1000 1.64 3.86 6.54 -1000 8.05 1.69 527.356
car -1 -1 0.00 0.00 0.00 100.00 100.00 -1000 1.95 4.96 -5.73 -1000 18.98 1.52 513.277
car -1 -1 0.00 0.00 0.00 100.00 100.00 -1000 2.17 5.02 -5.09 -1000 38.71 1.54 490.966
car -1 -1 0.00 0.00 0.00 100.00 100.00 -1000 1.51 4.02 0.68 -1000 36.23 -0.01 488.566
car -1 -1 0.00 0.00 0.00 100.00 100.00 -1000 2.07 6.09 -8.31 -1000 44.77 1.52 484.579
car -1 -1 0.00 0.00 0.00 100.00 100.00 -1000 1.71 4.30 5.26 -1000 29.25 1.65 484.392
car -1 -1 0.00 0.00 0.00 100.00 100.00 -1000 2.02 5.00 -7.77 -1000 11.59 1.58 483.188
car -1 -1 0.00 0.00 0.00 100.00 100.00 -1000 1.66 3.93 -4.79 -1000 36.26 1.55 477.477
car -1 -1 0.00 0.00 0.00 100.00 100.00 -1000 1.96 4.99 5.78 -1000 20.61 1.64 474.659
car -1 -1 0.00 0.00 0.00 100.00 100.00 -1000 1.49 3.82 1.77 -1000 45.00 -0.16 472.781
car -1 -1 0.00 0.00 0.00 100.00 100.00 -1000 2.31 6.70 -7.89 -1000 46.88 1.60 472.379
car -1 -1 0.00 0.00 0.00 100.00 100.00 -1000 3.74 11.82 -3.59 -1000 12.46 1.66 472.326
car -1 -1 0.00 0.00 0.00 100.00 100.00 -1000 1.55 4.22 -6.69 -1000 41.72 0.16 470.570
car -1 -1 0.00 0.00 0.00 100.00 100.00 -1000 2.51 5.90 -2.80 -1000 10.45 1.52 467.575
car -1 -1 0.00 0.00 0.00 100.00 100.00 -1000 2.14 5.14 -5.78 -1000 30.54 1.51 461.654
car -1 -1 0.00 0.00 0.00 100.00 100.00 -1000 1.93 4.37 2.13 -1000 19.32 1.57 455.948
car -1 -1 0.00 0.00 0.00 100.00 100.00 -1000 1.78 4.27 1.71 -1000 37.39 1.70 451.701
car -1 -1 0.00 0.00 0.00 100.00 100.00 -1000 1.68 3.91 4.86 -1000 46.40 1.66 450.842
car -1 -1 0.00 0.00 0.00 100.00 100.00 -1000 1.40 3.83 -4.37 -1000 15.09 -0.09 448.805
car -1 -1 0.00 0.00 0.00 100.00 100.00 -1000 1.77 4.19 6.56 -1000 6.93 1.69 441.494
car -1 -1 0.00 0.00 0.00 100.00 100.00 -1000 1.58 3.65 -3.65 -1000 38.08 -0.08 441.338
car -1 -1 0.00 0.00 0.00 100.00 100.00 -1000 1.40 5.80 2.83 -1000 8.90 -0.09 433.092
car -1 -1 0.00 0.00 0.00 100.00 100.00 -1000 1.65 5.28 -6.10 -1000 7.54 0.03 429.488
car -1 -1 0.00 0.00 0.00 100.00 100.00 -1000 2.01 5.59 7.80 -1000 19.08 1.64 429.406
car -1 -1 0.00 0.00 0.00 100.00 100.00 -1000 1.68 7.59 -2.77 -1000 8.73 -0.26 418.033
car -1 -1 0.00 0.00 0.00 100.00 100.00 -1000 1.99 4.83 -9.26 -1000 12.66 1.65 414.832
car -1 -1 0.00 0.00 0.00 100.00 100.00 -1000 1.41 3.82 -2.21 -1000 34.11 -0.08 412.518
car -1 -1 0.00 0.00 0.00 100.00 100.00 -1000 1.71 3.84 -6.47 -1000 17.34 1.56 410.184
car -1 -1 0.00 0.00 0.00 100.00 100.00 -1000 2.12 4.80 -5.58 -1000 28.91 1.54 405.747
car -1 -1 0.00 0.00 0.00 100.00 100.00 -1000 1.88 4.58 4.68 -1000 47.55 1.59 405.371
car -1 -1 0.00 0.00 0.00 100.00 100.00 -1000 1.57 5.70 5.20 -1000 14.89 -0.23 405.260
car -1 -1 0.00 0.00 0.00 100.00 100.00 -1000 2.03 4.66 -5.66 -1000 27.33 1.52 405.168
car -1 -1 0.00 0.00 0.00 100.00 100.00 -1000 1.60 3.75 3.04 -1000 33.23 1.62 399.392
car -1 -1 0.00 0.00 0.00 100.00 100.00 -1000 1.81 4.49 5.14 -1000 45.57 1.63 396.097
car -1 -1 0.00 0.00 0.00 100.00 100.00 -1000 1.68 3.93 5.20 -1000 26.75 1.67 394.635
car -1 -1 0.00 0.00 0.00 100.00 100.00 -1000 1.70 3.91 4.13 -1000 18.99 1.62 385.297
car -1 -1 0.00 0.00 0.00 100.00 100.00 -1000 2.03 4.64 -5.76 -1000 24.15 1.50 385.100
car -1 -1 0.00 0.00 0.00 100.00 100.00 -1000 1.69 4.08 -0.76 -1000 34.78 1.61 383.715
car -1 -1 0.00 0.00 0.00 100.00 100.00 -1000 1.87 5.37 3.85 -1000 37.20 1.66 381.022
car -1 -1 0.00 0.00 0.00 100.00 100.00 -1000 1.86 4.73 -1.95 -1000 39.60 1.60 379.500
car -1 -1 0.00 0.00 0.00 100.00 100.00 -1000 3.74 11.86 -0.81 -1000 11.50 1.68 372.507
car -1 -1 0.00 0.00 0.00 100.00 100.00 -1000 2.10 5.09 4.62 -1000 9.26 1.72 370.916
car -1 -1 0.00 0.00 0.00 100.00 100.00 -1000 1.68 4.00 6.18 -1000 27.27 1.70 367.517
car -1 -1 0.00 0.00 0.00 100.00 100.00 -1000 1.67 4.78 5.99 -1000 21.73 -0.13 364.608
car -1 -1 0.00 0.00 0.00 100.00 100.00 -1000 1.76 3.77 3.72 -1000 16.71 1.53 362.403
car -1 -1 0.00 0.00 0.00 100.00 100.00 -1000 1.87 4.50 3.51 -1000 19.81 1.54 361.253
car -1 -1 0.00 0.00 0.00 100.00 100.00 -1000 1.67 3.66 -5.46 -1000 34.76 1.53 360.628
car -1 -1 0.00 0.00 0.00 100.00 100.00 -1000 1.71 4.00 5.79 -1000 23.36 1.62 353.647
car -1 -1 0.00 0.00 0.00 100.00 100.00 -1000 1.94 5.45 9.53 -1000 19.47 1.68 353.224
car -1 -1 0.00 0.00 0.00 100.00 100.00 -1000 1.66 4.20 8.31 -1000 16.35 1.68 352.857
car -1 -1 0.00 0.00 0.00 100.00 100.00 -1000 2.06 5.03 -5.47 -1000 31.47 1.52 349.810
car -1 -1 0.00 0.00 0.00 100.00 100.00 -1000 1.62 4.20 -5.34 -1000 37.64 -0.12 347.145
car -1 -1 0.00 0.00 0.00 100.00 100.00 -1000 2.01 5.77 9.30 -1000 18.32 1.66 345.647
car -1 -1 0.00 0.00 0.00 100.00 100.00 -1000 1.54 4.69 5.31 -1000 42.95 -0.17 345.117
car -1 -1 0.00 0.00 0.00 100.00 100.00 -1000 1.80 4.41 4.11 -1000 35.56 1.67 343.339
car -1 -1 0.00 0.00 0.00 100.00 100.00 -1000 1.77 4.75 9.47 -1000 17.45 1.66 338.449
car -1 -1 0.00 0.00 0.00 100.00 100.00 -1000 1.69 3.87 6.09 -1000 44.32 1.68 332.047
car -1 -1 0.00 0.00 0.00 100.00 100.00 -1000 1.83 4.83 -6.65 -1000 13.72 1.53 331.838
car -1 -1 0.00 0.00 0.00 100.00 100.00 -1000 1.66 3.77 7.02 -1000 14.44 1.58 328.369
car -1 -1 0.00 0.00 0.00 100.00 100.00 -1000 1.90 5.34 -9.37 -1000 44.01 1.61 318.285
car -1 -1 0.00 0.00 0.00 100.00 100.00 -1000 2.08 4.76 -5.68 -1000 22.57 1.52 317.910
car -1 -1 0.00 0.00 0.00 100.00 100.00 -1000 1.75 4.28 0.41 -1000 35.16 1.59 316.722
car -1 -1 0.00 0.00 0.00 100.00 100.00 -1000 2.02 4.16 -4.42 -1000 16.26 1.72 311.143
car -1 -1 0.00 0.00 0.00 100.00 100.00 -1000 1.92 4.50 -3.33 -1000 41.18 1.64 308.204
car -1 -1 0.00 0.00 0.00 100.00 100.00 -1000 1.51 3.53 4.83 -1000 25.92 -0.24 307.055
car -1 -1 0.00 0.00 0.00 100.00 100.00 -1000 1.72 3.76 2.90 -1000 32.31 1.64 306.969
car -1 -1 0.00 0.00 0.00 100.00 100.00 -1000 1.83 5.37 -5.62 -1000 25.78 1.60 303.799
car -1 -1 0.00 0.00 0.00 100.00 100.00 -1000 1.90 4.91 -4.02 -1000 39.38 1.53 297.537
car -1 -1 0.00 0.00 0.00 100.00 100.00 -1000 1.85 4.27 -0.76 -1000 40.11 1.59 290.578
car -1 -1 0.00 0.00 0.00 100.00 100.00 -1000 1.87 4.92 -8.80 -1000 43.24 1.68 285.710
car -1 -1 0.00 0.00 0.00 100.00 100.00 -1000 1.77 4.20 -7.94 -1000 8.21 1.55 280.003
car -1 -1 0.00 0.00 0.00 100.00 100.00 -1000 1.40 5.87 4.08 -1000 6.74 -0.05 278.618
car -1 -1 0.00 0.00 0.00 100.00 100.00 -1000 1.99 5.45 8.42 -1000 20.35 1.63 278.558
car -1 -1 0.00 0.00 0.00 100.00 100.00 -1000 1.75 4.06 7.72 -1000 15.21 1.66 276.858
car -1 -1 0.00 0.00 0.00 100.00 100.00 -1000 1.86 5.19 8.42 -1000 28.77 1.68 273.795
car -1 -1 0.00 0.00 0.00 100.00 100.00 -1000 1.73 3.99 -3.84 -1000 40.25 1.55 273.685
car -1 -1 0.00 0.00 0.00 100.00 100.00 -1000 1.78 4.50 6.66 -1000 28.40 1.65 270.218
car -1 -1 0.00 0.00 0.00 100.00 100.00 -1000 1.73 4.58 10.13 -1000 16.70 1.68 269.855
car -1 -1 0.00 0.00 0.00 100.00 100.00 -1000 1.89 5.97 -0.54 -1000 34.02 1.59 264.059
car -1 -1 0.00 0.00 0.00 100.00 100.00 -1000 1.75 4.29 -6.88 -1000 18.42 1.55 263.302
car -1 -1 0.00 0.00 0.00 100.00 100.00 -1000 2.03 3.81 4.18 -1000 7.76 1.53 262.713
car -1 -1 0.00 0.00 0.00 100.00 100.00 -1000 2.18 4.55 -4.62 -1000 14.27 1.60 262.162
car -1 -1 0.00 0.00 0.00 100.00 100.00 -1000 1.48 3.92 1.81 -1000 40.91 0.01 260.498
car -1 -1 0.00 0.00 0.00 100.00 100.00 -1000 1.81 4.27 6.72 -1000 9.12 1.63 259.028
car -1 -1 0.00 0.00 0.00 100.00 100.00 -1000 1.71 4.02 -8.60 -1000 9.59 1.58 253.390
car -1 -1 0.00 0.00 0.00 100.00 100.00 -1000 1.34 3.14 6.65 -1000 22.73 -0.22 253.048
car -1 -1 0.00 0.00 0.00 100.00 100.00 -1000 4.31 5.85 -4.76 -1000 8.70 1.26 252.161
car -1 -1 0.00 0.00 0.00 100.00 100.00 -1000 1.97 4.37 3.16 -1000 28.93 1.57 250.712
car -1 -1 0.00 0.00 0.00 100.00 100.00 -1000 1.67 4.58 -9.59 -1000 42.49 1.69 240.658
car -1 -1 0.00 0.00 0.00 100.00 100.00 -1000 1.37 3.30 -8.19 -1000 41.96 0.05 240.208
car -1 -1 0.00 0.00 0.00 100.00 100.00 -1000 1.77 4.54 1.03 -1000 42.17 1.65 239.168
car -1 -1 0.00 0.00 0.00 100.00 100.00 -1000 1.98 4.68 -3.60 -1000 33.27 1.54 238.382
car -1 -1 0.00 0.00 0.00 100.00 100.00 -1000 1.43 3.71 1.88 -1000 33.60 0.09 237.426
car -1 -1 0.00 0.00 0.00 100.00 100.00 -1000 1.77 4.33 -6.45 -1000 19.75 1.57 235.613
car -1 -1 0.00 0.00 0.00 100.00 100.00 -1000 2.21 5.31 4.42 -1000 10.50 1.57 231.076
car -1 -1 0.00 0.00 0.00 100.00 100.00 -1000 1.53 4.35 5.11 -1000 37.67 -0.08 230.463
car -1 -1 0.00 0.00 0.00 100.00 100.00 -1000 1.95 4.66 5.01 -1000 24.04 1.65 230.368
car -1 -1 0.00 0.00 0.00 100.00 100.00 -1000 1.71 3.98 2.91 -1000 44.50 1.62 229.502
car -1 -1 0.00 0.00 0.00 100.00 100.00 -1000 1.60 4.81 2.69 -1000 28.01 0.29 229.160
car -1 -1 0.00 0.00 0.00 100.00 100.00 -1000 1.76 4.43 7.98 -1000 7.51 1.71 229.154
car -1 -1 0.00 0.00 0.00 100.00 100.00 -1000 2.10 5.55 -3.73 -1000 19.08 1.72 227.920
car -1 -1 0.00 0.00 0.00 100.00 100.00 -1000 1.99 5.51 6.74 -1000 30.38 1.64 227.153
car -1 -1 0.00 0.00 0.00 100.00 100.00 -1000 1.61 4.03 9.70 -1000 15.87 1.68 224.287
car -1 -1 0.00 0.00 0.00 100.00 100.00 -1000 2.75 7.35 -5.65 -1000 47.72 1.60 220.298
car -1 -1 0.00 0.00 0.00 100.00 100.00 -1000 2.10 5.06 -0.22 -1000 39.22 1.62 220.180
car -1 -1 0.00 0.00 0.00 100.00 100.00 -1000 1.86 4.17 -8.45 -1000 17.63 1.59 218.854
car -1 -1 0.00 0.00 0.00 100.00 100.00 -1000 1.87 5.17 -4.12 -1000 32.36 1.57 217.891
car -1 -1 0.00 0.00 0.00 100.00 100.00 -1000 1.86 5.29 -6.53 -1000 36.59 1.61 217.578
car -1 -1 0.00 0.00 0.00 100.00 100.00 -1000 2.22 6.13 -5.86 -1000 20.72 1.54 217.500
car -1 -1 0.00 0.00 0.00 100.00 100.00 -1000 1.99 5.75 8.30 -1000 29.96 1.65 216.079
car -1 -1 0.00 0.00 0.00 100.00 100.00 -1000 1.77 4.59 8.50 -1000 27.14 1.68 214.453
car -1 -1 0.00 0.00 0.00 100.00 100.00 -1000 1.98 5.01 -4.62 -1000 26.59 1.59 214.113
car -1 -1 0.00 0.00 0.00 100.00 100.00 -1000 2.09 4.92 0.52 -1000 28.96 1.54 211.651
car -1 -1 0.00 0.00 0.00 100.00 100.00 -1000 1.86 4.86 -7.36 -1000 35.15 1.67 208.072
car -1 -1 0.00 0.00 0.00 100.00 100.00 -1000 1.96 5.30 1.14 -1000 38.22 1.69 205.770
car -1 -1 0.00 0.00 0.00 100.00 100.00 -1000 1.92 4.99 8.40 -1000 9.43 1.65 205.204
car -1 -1 0.00 0.00 0.00 100.00 100.00 -1000 2.09 6.35 -9.84 -1000 46.18 1.61 204.096
car -1 -1 0.00 0.00 0.00 100.00 100.00 -1000 1.84 4.25 4.28 -1000 22.93 1.60 202.762
car -1 -1 0.00 0.00 0.00 100.00 100.00 -1000 2.52 6.81 2.90 -1000 11.60 1.57 201.623
car -1 -1 0.00 0.00 0.00 100.00 100.00 -1000 2.09 5.74 -8.81 -1000 18.65 1.57 201.242
car -1 -1 0.00 0.00 0.00 100.00 100.00 -1000 1.96 5.13 -2.48 -1000 27.51 1.58 199.227
car -1 -1 0.00 0.00 0.00 100.00 100.00 -1000 3.37 8.83 -3.43 -1000 13.52 1.63 194.374
car -1 -1 0.00 0.00 0.00 100.00 100.00 -1000 2.23 5.51 4.34 -1000 21.04 1.57 193.835
car -1 -1 0.00 0.00 0.00 100.00 100.00 -1000 1.70 4.09 -8.83 -1000 8.77 1.59 191.519
car -1 -1 0.00 0.00 0.00 100.00 100.00 -1000 1.89 4.92 2.36 -1000 36.36 1.62 189.875
car -1 -1 0.00 0.00 0.00 100.00 100.00 -1000 1.97 5.08 -2.50 -1000 25.90 1.57 179.729
car -1 -1 0.00 0.00 0.00 100.00 100.00 -1000 1.64 6.15 1.52 -1000 16.81 0.10 178.584
car -1 -1 0.00 0.00 0.00 100.00 100.00 -1000 1.75 4.55 9.21 -1000 23.96 1.69 177.628
car -1 -1 0.00 0.00 0.00 100.00 100.00 -1000 1.94 4.90 5.06 -1000 34.80 1.73 177.119
car -1 -1 0.00 0.00 0.00 100.00 100.00 -1000 1.59 5.01 -3.31 -1000 19.91 -0.00 177.053
car -1 -1 0.00 0.00 0.00 100.00 100.00 -1000 1.83 4.42 1.11 -1000 17.83 -0.06 175.798
car -1 -1 0.00 0.00 0.00 100.00 100.00 -1000 1.65 4.93 -5.03 -1000 29.67 -0.25 171.393
car -1 -1 0.00 0.00 0.00 100.00 100.00 -1000 1.48 4.27 0.90 -1000 39.87 -0.12 169.993
car -1 -1 0.00 0.00 0.00 100.00 100.00 -1000 1.88 4.83 3.43 -1000 43.76 1.53 168.014
car -1 -1 0.00 0.00 0.00 100.00 100.00 -1000 1.91 4.09 6.25 -1000 5.62 1.58 167.667
car -1 -1 0.00 0.00 0.00 100.00 100.00 -1000 1.88 5.07 -9.40 -1000 22.55 1.65 166.880
car -1 -1 0.00 0.00 0.00 100.00 100.00 -1000 1.97 5.12 10.09 -1000 20.73 1.65 166.485
car -1 -1 0.00 0.00 0.00 100.00 100.00 -1000 1.75 4.22 7.60 -1000 6.28 1.67 166.174
car -1 -1 0.00 0.00 0.00 100.00 100.00 -1000 1.76 4.93 9.22 -1000 8.16 1.67 165.925
car -1 -1 0.00 0.00 0.00 100.00 100.00 -1000 1.72 4.23 8.04 -1000 27.94 1.68 164.573
car -1 -1 0.00 0.00 0.00 100.00 100.00 -1000 1.86 4.75 -11.71 -1000 14.47 1.59 161.585
car -1 -1 0.00 0.00 0.00 100.00 100.00 -1000 1.90 5.85 4.70 -1000 36.37 1.65 160.174
car -1 -1 0.00 0.00 0.00 100.00 100.00 -1000 1.75 4.65 -9.16 -1000 11.16 1.58 159.896
car -1 -1 0.00 0.00 0.00 100.00 100.00 -1000 1.81 5.27 -8.52 -1000 13.40 1.64 158.735
car -1 -1 0.00 0.00 0.00 100.00 100.00 -1000 1.75 5.01 5.25 -1000 32.25 1.65 158.472
car -1 -1 0.00 0.00 0.00 100.00 100.00 -1000 1.41 3.41 6.19 -1000 47.38 -0.01 155.701
car -1 -1 0.00 0.00 0.00 100.00 100.00 -1000 1.89 4.55 8.22 -1000 22.06 1.65 153.886
car -1 -1 0.00 0.00 0.00 100.00 100.00 -1000 2.17 5.84 4.06 -1000 38.56 1.56 153.471
car -1 -1 0.00 0.00 0.00 100.00 100.00 -1000 1.67 5.70 -4.67 -1000 6.37 0.13 151.699
car -1 -1 0.00 0.00 0.00 100.00 100.00 -1000 1.71 4.70 -7.99 -1000 33.54 1.66 147.466
car -1 -1 0.00 0.00 0.00 100.00 100.00 -1000 1.75 4.32 9.32 -1000 7.02 1.66 147.036
car -1 -1 0.00 0.00 0.00 100.00 100.00 -1000 1.95 5.97 -1.59 -1000 29.04 1.62 144.975
car -1 -1 0.00 0.00 0.00 100.00 100.00 -1000 1.81 4.51 8.50 -1000 25.54 1.65 143.621
car -1 -1 0.00 0.00 0.00 100.00 100.00 -1000 1.99 5.01 -4.53 -1000 24.99 1.60 143.292
