car -1 -1 0.00 0.00 0.00 100.00 100.00 -1000 1.56 3.97 5.52 -1000 39.87 1.52 995.980
car -1 -1 0.00 0.00 0.00 100.00 100.00 -1000 1.54 3.45 -16.35 -1000 40.39 1.61 994.711
car -1 -1 0.00 0.00 0.00 100.00 100.00 -1000 1.53 3.51 14.39 -1000 47.36 1.54 989.987
car -1 -1 0.00 0.00 0.00 100.00 100.00 -1000 1.51 3.58 -10.97 -1000 43.44 1.60 989.472
car -1 -1 0.00 0.00 0.00 100.00 100.00 -1000 1.55 3.61 10.25 -1000 36.69 1.63 984.015
car -1 -1 0.00 0.00 0.00 100.00 100.00 -1000 1.53 3.38 10.97 -1000 27.02 1.59 976.925
car -1 -1 0.00 0.00 0.00 100.00 100.00 -1000 7.14 18.79 -5.21 -1000 8.48 -0.31 976.767
car -1 -1 0.00 0.00 0.00 100.00 100.00 -1000 1.62 4.14 15.09 -1000 30.45 0.08 973.814
car -1 -1 0.00 0.00 0.00 100.00 100.00 -1000 1.60 4.17 5.79 -1000 38.99 -0.30 968.332
car -1 -1 0.00 0.00 0.00 100.00 100.00 -1000 1.59 3.92 14.21 -1000 46.54 -0.16 965.568
car -1 -1 0.00 0.00 0.00 100.00 100.00 -1000 1.67 3.74 -18.31 -1000 28.29 1.55 965.502
car -1 -1 0.00 0.00 0.00 100.00 100.00 -1000 4.97 2.54 -2.84 -1000 6.53 0.59 964.138
car -1 -1 0.00 0.00 0.00 100.00 100.00 -1000 1.57 3.88 -15.52 -1000 19.32 1.53 963.816
car -1 -1 0.00 0.00 0.00 100.00 100.00 -1000 1.60 3.97 9.34 -1000 44.34 1.61 961.575
car -1 -1 0.00 0.00 0.00 100.00 100.00 -1000 1.52 3.90 -10.61 -1000 30.20 1.55 960.522
car -1 -1 0.00 0.00 0.00 100.00 100.00 -1000 1.59 3.98 3.73 -1000 40.54 1.53 956.753
car -1 -1 0.00 0.00 0.00 100.00 100.00 -1000 1.65 3.99 -16.28 -1000 41.39 1.57 953.671
car -1 -1 0.00 0.00 0.00 100.00 100.00 -1000 1.56 3.69 -17.35 -1000 21.60 1.60 952.107
car -1 -1 0.00 0.00 0.00 100.00 100.00 -1000 8.92 160.54 -2.62 -1000 6.33 0.37 950.481
car -1 -1 0.00 0.00 0.00 100.00 100.00 -1000 1.56 3.95 -7.50 -1000 36.81 1.64 949.762
car -1 -1 0.00 0.00 0.00 100.00 100.00 -1000 1.55 3.70 6.96 -1000 39.55 1.62 946.943
car -1 -1 0.00 0.00 0.00 100.00 100.00 -1000 14.31 310.00 -2.81 -1000 6.30 0.18 945.355
car -1 -1 0.00 0.00 0.00 100.00 100.00 -1000 1.59 3.62 5.72 -1000 24.51 1.54 944.968
car -1 -1 0.00 0.00 0.00 100.00 100.00 -1000 1.59 3.87 -10.26 -1000 14.61 1.58 944.322
car -1 -1 0.00 0.00 0.00 100.00 100.00 -1000 1.47 3.44 10.66 -1000 18.09 1.52 942.665
car -1 -1 0.00 0.00 0.00 100.00 100.00 -1000 1.60 3.79 15.62 -1000 31.13 1.68 932.158
car -1 -1 0.00 0.00 0.00 100.00 100.00 -1000 1.60 3.63 -18.12 -1000 30.23 1.54 929.556
car -1 -1 0.00 0.00 0.00 100.00 100.00 -1000 1.60 3.86 -17.08 -1000 39.76 0.02 918.639
car -1 -1 0.00 0.00 0.00 100.00 100.00 -1000 1.58 3.78 11.38 -1000 27.76 1.68 916.923
car -1 -1 0.00 0.00 0.00 100.00 100.00 -1000 1.54 3.71 10.23 -1000 35.82 -0.18 910.192
car -1 -1 0.00 0.00 0.00 100.00 100.00 -1000 1.63 4.00 9.57 -1000 26.87 1.52 909.190
car -1 -1 0.00 0.00 0.00 100.00 100.00 -1000 1.71 5.32 -12.34 -1000 43.74 1.49 906.358
car -1 -1 0.00 0.00 0.00 100.00 100.00 -1000 1.88 5.66 8.36 -1000 43.54 1.59 904.079
car -1 -1 0.00 0.00 0.00 100.00 100.00 -1000 1.50 3.52 10.52 -1000 26.26 -0.06 902.389
car -1 -1 0.00 0.00 0.00 100.00 100.00 -1000 1.60 3.97 9.78 -1000 37.71 1.53 894.360
car -1 -1 0.00 0.00 0.00 100.00 100.00 -1000 1.59 3.58 4.96 -1000 46.02 1.46 891.956
car -1 -1 0.00 0.00 0.00 100.00 100.00 -1000 1.52 3.54 13.83 -1000 30.97 1.62 889.663
car -1 -1 0.00 0.00 0.00 100.00 100.00 -1000 1.62 4.07 -11.87 -1000 42.95 1.58 879.990
car -1 -1 0.00 0.00 0.00 100.00 100.00 -1000 1.56 3.55 -16.50 -1000 20.94 -0.22 871.204
car -1 -1 0.00 0.00 0.00 100.00 100.00 -1000 1.60 3.88 10.26 -1000 29.65 1.54 862.691
car -1 -1 0.00 0.00 0.00 100.00 100.00 -1000 1.58 3.86 -11.00 -1000 42.42 0.03 862.362
car -1 -1 0.00 0.00 0.00 100.00 100.00 -1000 1.56 4.27 10.55 -1000 13.23 1.64 857.710
car -1 -1 0.00 0.00 0.00 100.00 100.00 -1000 1.61 3.44 4.21 -1000 39.58 1.50 846.219
car -1 -1 0.00 0.00 0.00 100.00 100.00 -1000 1.64 4.49 -11.58 -1000 29.72 1.51 834.842
car -1 -1 0.00 0.00 0.00 100.00 100.00 -1000 1.59 3.48 -18.80 -1000 27.61 -0.23 834.809
car -1 -1 0.00 0.00 0.00 100.00 100.00 -1000 1.70 4.04 4.25 -1000 31.04 1.54 833.435
car -1 -1 0.00 0.00 0.00 100.00 100.00 -1000 1.53 3.59 6.87 -1000 36.19 1.51 828.592
car -1 -1 0.00 0.00 0.00 100.00 100.00 -1000 1.59 3.65 -15.93 -1000 25.77 1.53 826.510
car -1 -1 0.00 0.00 0.00 100.00 100.00 -1000 1.67 4.43 9.35 -1000 45.31 1.60 824.735
car -1 -1 0.00 0.00 0.00 100.00 100.00 -1000 1.73 5.03 14.51 -1000 31.64 1.60 823.929
car -1 -1 0.00 0.00 0.00 100.00 100.00 -1000 1.61 3.91 8.87 -1000 36.34 1.58 822.110
car -1 -1 0.00 0.00 0.00 100.00 100.00 -1000 1.63 3.83 10.67 -1000 18.91 1.64 818.800
car -1 -1 0.00 0.00 0.00 100.00 100.00 -1000 1.73 4.66 -16.96 -1000 42.05 1.52 809.824
car -1 -1 0.00 0.00 0.00 100.00 100.00 -1000 2.26 7.97 7.57 -1000 42.68 1.60 802.053
car -1 -1 0.00 0.00 0.00 100.00 100.00 -1000 1.61 3.81 -10.46 -1000 29.33 1.67 801.497
car -1 -1 0.00 0.00 0.00 100.00 100.00 -1000 1.57 4.06 6.32 -1000 9.53 1.74 795.162
car -1 -1 0.00 0.00 0.00 100.00 100.00 -1000 1.70 5.10 6.41 -1000 40.48 1.53 793.706
car -1 -1 0.00 0.00 0.00 100.00 100.00 -1000 1.59 3.94 10.71 -1000 28.55 1.57 793.411
car -1 -1 0.00 0.00 0.00 100.00 100.00 -1000 1.97 8.46 -13.44 -1000 44.22 1.32 789.816
car -1 -1 0.00 0.00 0.00 100.00 100.00 -1000 1.71 5.49 -10.72 -1000 44.17 1.52 783.076
car -1 -1 0.00 0.00 0.00 100.00 100.00 -1000 1.63 3.86 -17.82 -1000 29.29 1.57 772.852
car -1 -1 0.00 0.00 0.00 100.00 100.00 -1000 1.63 4.38 9.92 -1000 30.39 1.54 763.969
car -1 -1 0.00 0.00 0.00 100.00 100.00 -1000 1.65 3.98 7.38 -1000 38.85 1.62 763.851
car -1 -1 0.00 0.00 0.00 100.00 100.00 -1000 1.55 1.14 -3.97 -1000 9.67 0.33 760.242
car -1 -1 0.00 0.00 0.00 100.00 100.00 -1000 1.75 4.49 -18.12 -1000 40.43 1.48 759.920
car -1 -1 0.00 0.00 0.00 100.00 100.00 -1000 1.62 4.04 11.43 -1000 36.31 1.68 758.570
car -1 -1 0.00 0.00 0.00 100.00 100.00 -1000 1.83 5.31 9.65 -1000 27.95 1.50 730.013
car -1 -1 0.00 0.00 0.00 100.00 100.00 -1000 1.62 3.98 -16.48 -1000 30.12 1.50 723.859
car -1 -1 0.00 0.00 0.00 100.00 100.00 -1000 2.10 9.11 5.83 -1000 43.87 1.41 718.971
car -1 -1 0.00 0.00 0.00 100.00 100.00 -1000 1.68 4.35 12.31 -1000 31.31 1.60 709.974
car -1 -1 0.00 0.00 0.00 100.00 100.00 -1000 1.72 4.53 4.80 -1000 25.14 1.50 702.698
car -1 -1 0.00 0.00 0.00 100.00 100.00 -1000 1.64 4.26 10.57 -1000 17.32 1.49 702.554
car -1 -1 0.00 0.00 0.00 100.00 100.00 -1000 1.85 4.88 6.24 -1000 31.39 1.38 697.379
car -1 -1 0.00 0.00 0.00 100.00 100.00 -1000 1.63 4.46 -15.80 -1000 20.11 1.62 677.188
car -1 -1 0.00 0.00 0.00 100.00 100.00 -1000 1.95 6.87 13.05 -1000 22.22 1.51 664.162
car -1 -1 0.00 0.00 0.00 100.00 100.00 -1000 1.66 3.97 -7.82 -1000 35.66 0.02 663.207
car -1 -1 0.00 0.00 0.00 100.00 100.00 -1000 1.59 3.96 -10.62 -1000 13.71 0.01 660.845
car -1 -1 0.00 0.00 0.00 100.00 100.00 -1000 1.74 5.70 -16.07 -1000 32.01 1.30 647.646
car -1 -1 0.00 0.00 0.00 100.00 100.00 -1000 1.75 4.69 -17.97 -1000 22.32 1.56 645.719
car -1 -1 0.00 0.00 0.00 100.00 100.00 -1000 1.69 4.63 11.92 -1000 39.84 1.65 634.700
car -1 -1 0.00 0.00 0.00 100.00 100.00 -1000 1.66 4.25 10.77 -1000 19.73 1.50 632.702
car -1 -1 0.00 0.00 0.00 100.00 100.00 -1000 1.69 5.65 -13.97 -1000 42.79 1.49 623.669
car -1 -1 0.00 0.00 0.00 100.00 100.00 -1000 1.52 3.66 12.47 -1000 30.57 0.03 621.689
car -1 -1 0.00 0.00 0.00 100.00 100.00 -1000 1.69 5.27 5.02 -1000 41.05 1.50 618.720
car -1 -1 0.00 0.00 0.00 100.00 100.00 -1000 1.57 3.65 4.46 -1000 45.32 -0.13 618.057
car -1 -1 0.00 0.00 0.00 100.00 100.00 -1000 1.68 4.38 4.11 -1000 35.70 1.50 618.007
car -1 -1 0.00 0.00 0.00 100.00 100.00 -1000 1.80 9.70 -2.26 -1000 6.93 -0.10 617.891
car -1 -1 0.00 0.00 0.00 100.00 100.00 -1000 1.44 3.40 -9.35 -1000 29.82 1.75 614.125
car -1 -1 0.00 0.00 0.00 100.00 100.00 -1000 1.67 4.49 9.51 -1000 38.53 1.60 613.230
car -1 -1 0.00 0.00 0.00 100.00 100.00 -1000 1.71 4.28 10.36 -1000 12.26 -0.21 612.776
car -1 -1 0.00 0.00 0.00 100.00 100.00 -1000 1.66 3.93 13.62 -1000 30.16 -0.03 611.301
car -1 -1 0.00 0.00 0.00 100.00 100.00 -1000 2.05 6.84 1.83 -1000 41.76 1.40 607.540
car -1 -1 0.00 0.00 0.00 100.00 100.00 -1000 1.69 4.46 -15.32 -1000 18.48 1.68 601.872
car -1 -1 0.00 0.00 0.00 100.00 100.00 -1000 1.59 3.86 11.61 -1000 35.49 -0.21 597.955
car -1 -1 0.00 0.00 0.00 100.00 100.00 -1000 1.67 4.19 -17.98 -1000 31.18 1.52 594.534
car -1 -1 0.00 0.00 0.00 100.00 100.00 -1000 1.91 6.76 12.52 -1000 32.03 1.48 584.539
car -1 -1 0.00 0.00 0.00 100.00 100.00 -1000 1.63 4.40 10.78 -1000 20.78 1.44 580.618
car -1 -1 0.00 0.00 0.00 100.00 100.00 -1000 1.70 4.43 10.83 -1000 14.09 1.70 575.549
car -1 -1 0.00 0.00 0.00 100.00 100.00 -1000 1.61 3.59 5.89 -1000 23.66 -0.02 569.086
car -1 -1 0.00 0.00 0.00 100.00 100.00 -1000 1.68 4.77 -15.82 -1000 26.54 1.47 568.114
car -1 -1 0.00 0.00 0.00 100.00 100.00 -1000 1.62 4.02 10.95 -1000 31.02 1.63 564.634
car -1 -1 0.00 0.00 0.00 100.00 100.00 -1000 2.12 9.20 12.14 -1000 23.00 1.41 563.646
car -1 -1 0.00 0.00 0.00 100.00 100.00 -1000 1.71 5.39 16.47 -1000 31.74 1.51 559.340
car -1 -1 0.00 0.00 0.00 100.00 100.00 -1000 1.69 6.74 -10.04 -1000 30.62 1.48 555.056
car -1 -1 0.00 0.00 0.00 100.00 100.00 -1000 1.74 4.97 9.13 -1000 39.39 1.59 551.238
car -1 -1 0.00 0.00 0.00 100.00 100.00 -1000 1.70 4.57 2.40 -1000 40.20 1.53 549.301
car -1 -1 0.00 0.00 0.00 100.00 100.00 -1000 2.06 9.62 -14.18 -1000 37.54 1.32 544.362
car -1 -1 0.00 0.00 0.00 100.00 100.00 -1000 1.79 5.85 14.82 -1000 21.74 1.51 542.044
car -1 -1 0.00 0.00 0.00 100.00 100.00 -1000 1.99 10.51 -14.40 -1000 31.42 1.31 541.409
car -1 -1 0.00 0.00 0.00 100.00 100.00 -1000 1.64 4.71 -9.79 -1000 43.06 1.63 539.713
car -1 -1 0.00 0.00 0.00 100.00 100.00 -1000 1.47 4.45 -14.14 -1000 19.81 1.65 539.474
car -1 -1 0.00 0.00 0.00 100.00 100.00 -1000 1.79 6.54 -13.07 -1000 30.51 1.38 534.427
car -1 -1 0.00 0.00 0.00 100.00 100.00 -1000 1.69 4.25 -11.44 -1000 28.72 0.03 532.011
car -1 -1 0.00 0.00 0.00 100.00 100.00 -1000 1.77 4.97 6.64 -1000 25.21 1.61 528.850
car -1 -1 0.00 0.00 0.00 100.00 100.00 -1000 2.24 11.90 7.29 -1000 41.82 1.46 518.456
car -1 -1 0.00 0.00 0.00 100.00 100.00 -1000 2.28 4.79 -2.53 -1000 5.95 -0.35 514.998
car -1 -1 0.00 0.00 0.00 100.00 100.00 -1000 1.81 5.73 -16.12 -1000 31.07 1.40 514.138
car -1 -1 0.00 0.00 0.00 100.00 100.00 -1000 1.73 5.58 -8.04 -1000 17.69 1.52 510.018
car -1 -1 0.00 0.00 0.00 100.00 100.00 -1000 1.67 4.29 6.60 -1000 45.98 1.61 508.734
car -1 -1 0.00 0.00 0.00 100.00 100.00 -1000 1.83 5.14 11.03 -1000 38.15 1.70 502.789
car -1 -1 0.00 0.00 0.00 100.00 100.00 -1000 1.63 3.92 -10.30 -1000 41.68 -0.07 499.916
car -1 -1 0.00 0.00 0.00 100.00 100.00 -1000 1.64 4.16 -16.37 -1000 29.11 1.53 499.521
car -1 -1 0.00 0.00 0.00 100.00 100.00 -1000 1.82 5.54 7.29 -1000 44.80 1.54 498.359
car -1 -1 0.00 0.00 0.00 100.00 100.00 -1000 1.69 4.87 -15.72 -1000 25.03 1.51 494.228
car -1 -1 0.00 0.00 0.00 100.00 100.00 -1000 1.72 4.91 9.47 -1000 46.37 1.52 491.577
car -1 -1 0.00 0.00 0.00 100.00 100.00 -1000 2.00 7.12 -0.84 -1000 42.83 0.88 490.847
car -1 -1 0.00 0.00 0.00 100.00 100.00 -1000 1.74 5.06 8.43 -1000 32.00 1.48 480.180
car -1 -1 0.00 0.00 0.00 100.00 100.00 -1000 1.70 4.48 8.07 -1000 26.44 1.61 479.699
car -1 -1 0.00 0.00 0.00 100.00 100.00 -1000 1.74 4.97 10.74 -1000 22.17 1.45 474.112
car -1 -1 0.00 0.00 0.00 100.00 100.00 -1000 1.71 4.64 -16.18 -1000 24.00 1.49 472.535
car -1 -1 0.00 0.00 0.00 100.00 100.00 -1000 1.88 5.09 5.79 -1000 30.58 1.57 472.282
car -1 -1 0.00 0.00 0.00 100.00 100.00 -1000 1.76 4.82 -12.48 -1000 42.20 1.65 468.543
car -1 -1 0.00 0.00 0.00 100.00 100.00 -1000 2.17 10.59 11.75 -1000 24.65 1.32 461.292
car -1 -1 0.00 0.00 0.00 100.00 100.00 -1000 10.13 7.82 -2.09 -1000 5.80 0.24 458.442
car -1 -1 0.00 0.00 0.00 100.00 100.00 -1000 1.86 5.74 -16.90 -1000 32.89 1.41 456.942
car -1 -1 0.00 0.00 0.00 100.00 100.00 -1000 1.44 3.55 1.52 -1000 41.32 1.40 450.525
car -1 -1 0.00 0.00 0.00 100.00 100.00 -1000 2.01 6.53 -17.45 -1000 34.09 1.44 447.538
car -1 -1 0.00 0.00 0.00 100.00 100.00 -1000 1.65 4.56 15.36 -1000 46.06 0.02 442.408
car -1 -1 0.00 0.00 0.00 100.00 100.00 -1000 1.75 4.96 9.26 -1000 31.18 1.50 439.406
car -1 -1 0.00 0.00 0.00 100.00 100.00 -1000 1.88 5.77 9.74 -1000 21.34 1.39 435.146
car -1 -1 0.00 0.00 0.00 100.00 100.00 -1000 1.83 5.71 8.68 -1000 28.81 1.53 431.945
car -1 -1 0.00 0.00 0.00 100.00 100.00 -1000 1.91 5.69 4.29 -1000 46.63 1.25 431.592
car -1 -1 0.00 0.00 0.00 100.00 100.00 -1000 1.93 6.40 10.82 -1000 40.45 1.53 429.486
car -1 -1 0.00 0.00 0.00 100.00 100.00 -1000 1.74 4.73 7.80 -1000 24.11 1.58 428.558
car -1 -1 0.00 0.00 0.00 100.00 100.00 -1000 1.80 7.03 -14.89 -1000 43.48 1.30 428.367
car -1 -1 0.00 0.00 0.00 100.00 100.00 -1000 1.84 5.35 8.03 -1000 15.86 1.49 426.478
car -1 -1 0.00 0.00 0.00 100.00 100.00 -1000 2.23 11.19 -14.53 -1000 45.46 1.21 425.802
car -1 -1 0.00 0.00 0.00 100.00 100.00 -1000 1.98 6.53 13.79 -1000 29.46 1.67 425.530
car -1 -1 0.00 0.00 0.00 100.00 100.00 -1000 1.97 8.03 -1.23 -1000 38.66 1.30 423.503
car -1 -1 0.00 0.00 0.00 100.00 100.00 -1000 1.51 3.60 6.77 -1000 35.38 -0.36 420.717
car -1 -1 0.00 0.00 0.00 100.00 100.00 -1000 2.09 7.41 8.76 -1000 19.65 1.43 419.485
car -1 -1 0.00 0.00 0.00 100.00 100.00 -1000 1.87 5.57 8.15 -1000 27.20 1.47 418.010
car -1 -1 0.00 0.00 0.00 100.00 100.00 -1000 1.71 5.76 -15.21 -1000 42.29 1.47 410.042
car -1 -1 0.00 0.00 0.00 100.00 100.00 -1000 1.55 3.40 11.34 -1000 30.19 -0.48 408.677
car -1 -1 0.00 0.00 0.00 100.00 100.00 -1000 1.61 5.16 15.78 -1000 47.00 1.48 408.641
car -1 -1 0.00 0.00 0.00 100.00 100.00 -1000 1.98 6.40 -18.71 -1000 42.49 1.41 392.927
car -1 -1 0.00 0.00 0.00 100.00 100.00 -1000 2.06 6.48 6.97 -1000 28.12 1.53 391.754
car -1 -1 0.00 0.00 0.00 100.00 100.00 -1000 1.88 8.26 -8.31 -1000 46.37 1.40 385.701
car -1 -1 0.00 0.00 0.00 100.00 100.00 -1000 1.94 6.72 8.52 -1000 17.88 1.41 384.760
car -1 -1 0.00 0.00 0.00 100.00 100.00 -1000 1.68 5.68 11.62 -1000 37.14 1.48 384.115
car -1 -1 0.00 0.00 0.00 100.00 100.00 -1000 1.63 3.75 8.45 -1000 35.42 -0.19 383.995
car -1 -1 0.00 0.00 0.00 100.00 100.00 -1000 1.76 5.79 -16.41 -1000 42.97 1.48 383.789
car -1 -1 0.00 0.00 0.00 100.00 100.00 -1000 1.66 4.58 16.89 -1000 30.72 -0.06 381.696
car -1 -1 0.00 0.00 0.00 100.00 100.00 -1000 1.57 5.58 7.52 -1000 10.17 1.61 378.426
car -1 -1 0.00 0.00 0.00 100.00 100.00 -1000 1.98 8.77 12.59 -1000 20.68 1.44 376.108
car -1 -1 0.00 0.00 0.00 100.00 100.00 -1000 1.52 3.43 6.43 -1000 38.39 0.04 375.601
car -1 -1 0.00 0.00 0.00 100.00 100.00 -1000 1.63 4.21 -16.54 -1000 38.79 1.48 375.037
car -1 -1 0.00 0.00 0.00 100.00 100.00 -1000 2.03 9.34 -0.49 -1000 31.45 1.25 374.877
car -1 -1 0.00 0.00 0.00 100.00 100.00 -1000 1.77 4.91 8.16 -1000 29.61 1.54 373.017
car -1 -1 0.00 0.00 0.00 100.00 100.00 -1000 2.03 11.88 -14.02 -1000 38.40 1.25 372.869
car -1 -1 0.00 0.00 0.00 100.00 100.00 -1000 1.71 5.33 -14.56 -1000 29.86 1.50 369.724
car -1 -1 0.00 0.00 0.00 100.00 100.00 -1000 1.77 5.07 8.66 -1000 25.72 1.62 368.998
car -1 -1 0.00 0.00 0.00 100.00 100.00 -1000 1.41 4.42 -8.13 -1000 30.34 1.52 367.233
car -1 -1 0.00 0.00 0.00 100.00 100.00 -1000 1.83 6.85 14.25 -1000 32.51 1.43 357.838
car -1 -1 0.00 0.00 0.00 100.00 100.00 -1000 1.72 4.60 13.67 -1000 45.82 1.72 357.382
car -1 -1 0.00 0.00 0.00 100.00 100.00 -1000 1.62 4.28 4.21 -1000 38.75 1.51 352.608
car -1 -1 0.00 0.00 0.00 100.00 100.00 -1000 1.61 5.12 0.80 -1000 30.59 1.32 351.135
car -1 -1 0.00 0.00 0.00 100.00 100.00 -1000 1.64 4.28 6.03 -1000 8.59 0.04 350.066
car -1 -1 0.00 0.00 0.00 100.00 100.00 -1000 1.67 4.76 10.73 -1000 46.91 1.52 349.619
car -1 -1 0.00 0.00 0.00 100.00 100.00 -1000 2.05 7.35 8.36 -1000 22.18 1.37 348.801
car -1 -1 0.00 0.00 0.00 100.00 100.00 -1000 2.01 5.74 -19.14 -1000 32.94 1.43 344.654
car -1 -1 0.00 0.00 0.00 100.00 100.00 -1000 1.71 4.94 8.75 -1000 37.07 1.51 339.651
car -1 -1 0.00 0.00 0.00 100.00 100.00 -1000 1.83 5.59 8.73 -1000 24.78 1.53 339.071
car -1 -1 0.00 0.00 0.00 100.00 100.00 -1000 1.75 4.74 4.14 -1000 44.41 1.65 337.879
car -1 -1 0.00 0.00 0.00 100.00 100.00 -1000 1.56 6.41 -6.85 -1000 45.17 1.52 334.087
car -1 -1 0.00 0.00 0.00 100.00 100.00 -1000 1.74 7.09 6.72 -1000 41.45 1.39 332.020
car -1 -1 0.00 0.00 0.00 100.00 100.00 -1000 1.75 7.38 -11.14 -1000 15.09 1.32 329.758
car -1 -1 0.00 0.00 0.00 100.00 100.00 -1000 1.90 5.74 11.75 -1000 39.06 1.57 323.855
car -1 -1 0.00 0.00 0.00 100.00 100.00 -1000 1.74 5.52 12.25 -1000 46.27 1.58 321.493
car -1 -1 0.00 0.00 0.00 100.00 100.00 -1000 1.64 5.62 -14.44 -1000 41.63 1.50 319.421
car -1 -1 0.00 0.00 0.00 100.00 100.00 -1000 1.73 4.00 -0.30 -1000 41.95 1.17 319.222
car -1 -1 0.00 0.00 0.00 100.00 100.00 -1000 2.02 7.41 3.23 -1000 20.83 1.28 317.991
car -1 -1 0.00 0.00 0.00 100.00 100.00 -1000 1.72 5.40 12.83 -1000 40.66 1.50 316.700
car -1 -1 0.00 0.00 0.00 100.00 100.00 -1000 1.67 6.17 -8.98 -1000 43.74 1.43 316.102
car -1 -1 0.00 0.00 0.00 100.00 100.00 -1000 1.85 7.73 12.50 -1000 19.41 1.37 315.425
car -1 -1 0.00 0.00 0.00 100.00 100.00 -1000 1.88 5.83 -17.24 -1000 24.61 1.45 314.116
car -1 -1 0.00 0.00 0.00 100.00 100.00 -1000 1.97 9.14 13.32 -1000 25.50 1.31 312.462
car -1 -1 0.00 0.00 0.00 100.00 100.00 -1000 1.58 5.39 0.82 -1000 25.78 1.27 312.313
car -1 -1 0.00 0.00 0.00 100.00 100.00 -1000 1.65 5.47 10.87 -1000 44.91 1.47 310.799
car -1 -1 0.00 0.00 0.00 100.00 100.00 -1000 1.53 4.75 -14.83 -1000 40.88 1.54 310.647
car -1 -1 0.00 0.00 0.00 100.00 100.00 -1000 1.81 5.99 -15.77 -1000 27.90 1.44 309.811
car -1 -1 0.00 0.00 0.00 100.00 100.00 -1000 1.60 5.97 2.07 -1000 32.97 1.29 309.776
car -1 -1 0.00 0.00 0.00 100.00 100.00 -1000 1.67 4.74 11.06 -1000 23.13 1.61 309.469
car -1 -1 0.00 0.00 0.00 100.00 100.00 -1000 1.95 9.55 13.31 -1000 18.24 1.30 306.521
car -1 -1 0.00 0.00 0.00 100.00 100.00 -1000 1.83 7.48 -13.64 -1000 36.75 1.36 302.509
car -1 -1 0.00 0.00 0.00 100.00 100.00 -1000 1.59 6.04 -13.01 -1000 19.12 1.58 299.909
car -1 -1 0.00 0.00 0.00 100.00 100.00 -1000 3.79 16.11 -1.11 -1000 43.33 0.94 299.362
car -1 -1 0.00 0.00 0.00 100.00 100.00 -1000 1.96 6.48 7.72 -1000 46.99 1.41 297.612
car -1 -1 0.00 0.00 0.00 100.00 100.00 -1000 2.01 12.65 -14.12 -1000 32.73 1.30 295.489
car -1 -1 0.00 0.00 0.00 100.00 100.00 -1000 1.72 6.50 5.42 -1000 42.33 1.39 289.594
car -1 -1 0.00 0.00 0.00 100.00 100.00 -1000 3.50 3.69 -3.91 -1000 6.54 0.64 283.704
car -1 -1 0.00 0.00 0.00 100.00 100.00 -1000 1.79 5.25 -17.79 -1000 20.28 1.58 282.750
car -1 -1 0.00 0.00 0.00 100.00 100.00 -1000 2.30 7.05 -18.40 -1000 34.89 1.32 278.614
car -1 -1 0.00 0.00 0.00 100.00 100.00 -1000 1.56 8.31 -10.27 -1000 19.79 1.30 278.267
car -1 -1 0.00 0.00 0.00 100.00 100.00 -1000 1.89 5.93 9.30 -1000 16.86 1.39 277.299
car -1 -1 0.00 0.00 0.00 100.00 100.00 -1000 1.66 6.06 -13.16 -1000 29.34 1.44 271.836
car -1 -1 0.00 0.00 0.00 100.00 100.00 -1000 1.93 6.30 -16.76 -1000 22.92 1.48 270.863
car -1 -1 0.00 0.00 0.00 100.00 100.00 -1000 1.72 5.57 9.64 -1000 23.92 1.41 267.111
car -1 -1 0.00 0.00 0.00 100.00 100.00 -1000 1.68 7.36 -9.40 -1000 44.71 1.35 266.521
car -1 -1 0.00 0.00 0.00 100.00 100.00 -1000 1.86 5.39 7.87 -1000 30.55 1.60 266.442
car -1 -1 0.00 0.00 0.00 100.00 100.00 -1000 1.80 5.72 10.41 -1000 31.73 1.45 264.433
car -1 -1 0.00 0.00 0.00 100.00 100.00 -1000 1.83 5.24 6.55 -1000 26.16 1.54 264.333
car -1 -1 0.00 0.00 0.00 100.00 100.00 -1000 1.90 6.50 -16.40 -1000 35.77 1.36 260.421
car -1 -1 0.00 0.00 0.00 100.00 100.00 -1000 1.65 4.93 10.64 -1000 43.73 1.53 258.582
car -1 -1 0.00 0.00 0.00 100.00 100.00 -1000 1.37 3.49 -6.51 -1000 35.93 1.67 256.731
car -1 -1 0.00 0.00 0.00 100.00 100.00 -1000 2.01 6.94 10.88 -1000 47.51 1.39 253.838
car -1 -1 0.00 0.00 0.00 100.00 100.00 -1000 1.75 6.17 8.47 -1000 40.32 1.42 250.217
car -1 -1 0.00 0.00 0.00 100.00 100.00 -1000 1.84 5.88 10.90 -1000 14.98 1.47 250.212
car -1 -1 0.00 0.00 0.00 100.00 100.00 -1000 1.90 8.62 13.44 -1000 16.64 1.31 249.782
car -1 -1 0.00 0.00 0.00 100.00 100.00 -1000 1.80 4.90 -18.39 -1000 38.65 1.59 247.778
car -1 -1 0.00 0.00 0.00 100.00 100.00 -1000 1.88 6.22 2.84 -1000 45.05 1.43 245.013
car -1 -1 0.00 0.00 0.00 100.00 100.00 -1000 1.62 6.21 -12.10 -1000 14.34 1.13 244.323
car -1 -1 0.00 0.00 0.00 100.00 100.00 -1000 1.86 7.68 -12.11 -1000 45.07 1.29 241.926
car -1 -1 0.00 0.00 0.00 100.00 100.00 -1000 1.53 5.47 1.49 -1000 27.71 1.28 241.395
car -1 -1 0.00 0.00 0.00 100.00 100.00 -1000 1.65 7.25 -5.76 -1000 36.32 1.42 241.094
car -1 -1 0.00 0.00 0.00 100.00 100.00 -1000 2.10 7.83 8.37 -1000 32.63 1.40 238.442
car -1 -1 0.00 0.00 0.00 100.00 100.00 -1000 1.85 7.57 -12.72 -1000 28.25 1.57 237.087
car -1 -1 0.00 0.00 0.00 100.00 100.00 -1000 1.98 8.71 4.59 -1000 43.03 1.29 236.504
car -1 -1 0.00 0.00 0.00 100.00 100.00 -1000 1.86 9.71 -9.34 -1000 47.18 1.30 232.520
car -1 -1 0.00 0.00 0.00 100.00 100.00 -1000 2.03 5.86 -19.17 -1000 31.82 1.42 231.183
car -1 -1 0.00 0.00 0.00 100.00 100.00 -1000 2.03 10.09 11.42 -1000 32.90 1.28 226.422
car -1 -1 0.00 0.00 0.00 100.00 100.00 -1000 1.76 6.58 12.29 -1000 28.23 1.43 224.736
car -1 -1 0.00 0.00 0.00 100.00 100.00 -1000 1.94 8.43 12.44 -1000 26.32 1.33 223.131
car -1 -1 0.00 0.00 0.00 100.00 100.00 -1000 1.95 8.51 12.45 -1000 15.82 1.34 220.593
car -1 -1 0.00 0.00 0.00 100.00 100.00 -1000 2.04 6.19 3.70 -1000 24.44 1.47 218.120
car -1 -1 0.00 0.00 0.00 100.00 100.00 -1000 1.50 4.83 -0.84 -1000 39.59 1.30 217.055
car -1 -1 0.00 0.00 0.00 100.00 100.00 -1000 25.82 86.01 -2.29 -1000 6.99 0.04 213.372
car -1 -1 0.00 0.00 0.00 100.00 100.00 -1000 1.58 6.64 -12.55 -1000 20.19 1.48 212.709
car -1 -1 0.00 0.00 0.00 100.00 100.00 -1000 1.75 6.87 -11.82 -1000 36.26 1.32 211.876
car -1 -1 0.00 0.00 0.00 100.00 100.00 -1000 1.95 8.53 12.44 -1000 17.44 1.33 209.590
car -1 -1 0.00 0.00 0.00 100.00 100.00 -1000 2.16 9.20 9.65 -1000 41.25 1.42 209.563
car -1 -1 0.00 0.00 0.00 100.00 100.00 -1000 1.51 5.53 -14.05 -1000 20.62 1.53 208.638
car -1 -1 0.00 0.00 0.00 100.00 100.00 -1000 1.67 7.47 -7.05 -1000 37.38 1.55 208.456
car -1 -1 0.00 0.00 0.00 100.00 100.00 -1000 1.81 6.00 0.46 -1000 38.06 1.27 206.308
car -1 -1 0.00 0.00 0.00 100.00 100.00 -1000 2.02 7.11 7.88 -1000 20.69 1.50 205.291
car -1 -1 0.00 0.00 0.00 100.00 100.00 -1000 6.78 30.84 -4.71 -1000 6.66 -0.00 203.419
car -1 -1 0.00 0.00 0.00 100.00 100.00 -1000 1.94 6.39 3.99 -1000 36.42 1.46 202.256
car -1 -1 0.00 0.00 0.00 100.00 100.00 -1000 4.74 6.89 -3.40 -1000 4.90 0.85 198.743
car -1 -1 0.00 0.00 0.00 100.00 100.00 -1000 1.75 7.18 12.86 -1000 14.52 1.35 197.893
car -1 -1 0.00 0.00 0.00 100.00 100.00 -1000 2.08 7.80 -18.41 -1000 23.59 1.44 196.506
