car -1 -1 0.00 0.00 0.00 100.00 100.00 -1000 1.58 3.69 4.10 -1000 6.44 1.63 999.766
car -1 -1 0.00 0.00 0.00 100.00 100.00 -1000 1.60 3.71 3.71 -1000 13.63 1.62 999.589
car -1 -1 0.00 0.00 0.00 100.00 100.00 -1000 1.74 4.63 4.16 -1000 5.69 -0.32 999.154
car -1 -1 0.00 0.00 0.00 100.00 100.00 -1000 1.59 3.73 -0.03 -1000 14.86 1.62 999.086
car -1 -1 0.00 0.00 0.00 100.00 100.00 -1000 1.68 3.88 4.12 -1000 10.18 1.66 998.986
car -1 -1 0.00 0.00 0.00 100.00 100.00 -1000 1.68 4.59 3.62 -1000 12.80 -0.19 998.567
car -1 -1 0.00 0.00 0.00 100.00 100.00 -1000 1.42 4.17 -9.66 -1000 12.94 1.47 998.063
car -1 -1 0.00 0.00 0.00 100.00 100.00 -1000 1.59 3.76 -10.23 -1000 18.18 1.52 996.328
car -1 -1 0.00 0.00 0.00 100.00 100.00 -1000 1.69 4.37 4.95 -1000 10.79 1.54 992.990
car -1 -1 0.00 0.00 0.00 100.00 100.00 -1000 1.62 4.15 5.05 -1000 13.37 -0.42 992.263
car -1 -1 0.00 0.00 0.00 100.00 100.00 -1000 1.52 3.60 -0.56 -1000 15.54 1.57 990.967
car -1 -1 0.00 0.00 0.00 100.00 100.00 -1000 1.46 4.67 -9.96 -1000 13.85 1.53 990.770
car -1 -1 0.00 0.00 0.00 100.00 100.00 -1000 1.49 3.52 1.86 -1000 14.18 1.50 989.832
car -1 -1 0.00 0.00 0.00 100.00 100.00 -1000 1.62 4.27 3.97 -1000 9.35 -0.18 989.714
car -1 -1 0.00 0.00 0.00 100.00 100.00 -1000 1.69 4.62 4.82 -1000 7.05 1.65 988.247
car -1 -1 0.00 0.00 0.00 100.00 100.00 -1000 1.52 3.93 -0.10 -1000 14.02 0.00 987.656
car -1 -1 0.00 0.00 0.00 100.00 100.00 -1000 1.55 3.75 -11.14 -1000 19.16 1.52 983.297
car -1 -1 0.00 0.00 0.00 100.00 100.00 -1000 6.67 21.13 11.70 -1000 27.22 0.04 981.482
car -1 -1 0.00 0.00 0.00 100.00 100.00 -1000 1.62 4.04 2.95 -1000 30.11 1.59 981.068
car -1 -1 0.00 0.00 0.00 100.00 100.00 -1000 1.64 4.23 4.23 -1000 14.31 1.59 979.568
car -1 -1 0.00 0.00 0.00 100.00 100.00 -1000 1.95 5.69 2.29 -1000 17.30 1.59 978.128
car -1 -1 0.00 0.00 0.00 100.00 100.00 -1000 12.92 253.79 14.07 -1000 25.31 0.48 974.696
car -1 -1 0.00 0.00 0.00 100.00 100.00 -1000 1.66 4.49 0.51 -1000 15.99 1.71 968.442
car -1 -1 0.00 0.00 0.00 100.00 100.00 -1000 1.56 3.90 -10.55 -1000 17.40 -0.07 953.883
car -1 -1 0.00 0.00 0.00 100.00 100.00 -1000 1.63 3.99 -14.44 -1000 45.84 1.59 940.627
car -1 -1 0.00 0.00 0.00 100.00 100.00 -1000 1.46 4.05 -9.61 -1000 12.01 1.56 940.530
car -1 -1 0.00 0.00 0.00 100.00 100.00 -1000 1.46 4.06 3.99 -1000 11.54 1.51 939.539
car -1 -1 0.00 0.00 0.00 100.00 100.00 -1000 1.50 3.82 0.50 -1000 13.39 0.11 939.227
car -1 -1 0.00 0.00 0.00 100.00 100.00 -1000 1.64 3.87 2.66 -1000 9.85 1.52 933.968
car -1 -1 0.00 0.00 0.00 100.00 100.00 -1000 5.08 4.28 13.67 -1000 25.53 0.72 924.004
car -1 -1 0.00 0.00 0.00 100.00 100.00 -1000 19.74 799.40 12.66 -1000 25.40 0.05 921.376
car -1 -1 0.00 0.00 0.00 100.00 100.00 -1000 9.81 45.80 -18.46 -1000 29.19 -0.36 921.105
car -1 -1 0.00 0.00 0.00 100.00 100.00 -1000 1.56 3.73 2.60 -1000 14.82 1.59 907.552
car -1 -1 0.00 0.00 0.00 100.00 100.00 -1000 1.62 3.97 -0.93 -1000 16.30 1.55 903.518
car -1 -1 0.00 0.00 0.00 100.00 100.00 -1000 9.26 46.77 9.04 -1000 27.69 -0.55 901.170
car -1 -1 0.00 0.00 0.00 100.00 100.00 -1000 1.75 4.67 5.53 -1000 6.05 -0.24 895.033
car -1 -1 0.00 0.00 0.00 100.00 100.00 -1000 2.52 10.25 4.82 -1000 9.21 1.56 892.704
car -1 -1 0.00 0.00 0.00 100.00 100.00 -1000 1.60 3.94 2.06 -1000 13.09 0.22 889.476
car -1 -1 0.00 0.00 0.00 100.00 100.00 -1000 1.77 4.47 -12.02 -1000 18.53 1.56 884.705
car -1 -1 0.00 0.00 0.00 100.00 100.00 -1000 1.62 3.98 -12.50 -1000 46.75 1.61 884.430
car -1 -1 0.00 0.00 0.00 100.00 100.00 -1000 1.77 4.74 4.33 -1000 7.83 1.63 880.655
car -1 -1 0.00 0.00 0.00 100.00 100.00 -1000 1.77 4.92 5.47 -1000 14.72 1.61 875.511
car -1 -1 0.00 0.00 0.00 100.00 100.00 -1000 2.21 7.79 5.43 -1000 10.07 1.60 869.152
car -1 -1 0.00 0.00 0.00 100.00 100.00 -1000 1.57 4.19 0.15 -1000 16.74 1.55 868.064
car -1 -1 0.00 0.00 0.00 100.00 100.00 -1000 1.61 3.83 19.25 -1000 46.38 1.60 859.610
car -1 -1 0.00 0.00 0.00 100.00 100.00 -1000 1.64 4.04 -11.50 -1000 19.97 1.55 858.444
car -1 -1 0.00 0.00 0.00 100.00 100.00 -1000 1.59 3.70 15.08 -1000 46.82 1.60 845.406
car -1 -1 0.00 0.00 0.00 100.00 100.00 -1000 1.70 4.08 -3.78 -1000 31.40 1.49 843.780
car -1 -1 0.00 0.00 0.00 100.00 100.00 -1000 1.74 4.81 8.49 -1000 46.37 1.61 830.440
car -1 -1 0.00 0.00 0.00 100.00 100.00 -1000 1.89 5.79 2.51 -1000 18.24 1.48 823.295
car -1 -1 0.00 0.00 0.00 100.00 100.00 -1000 1.77 4.63 8.60 -1000 38.31 1.31 820.130
car -1 -1 0.00 0.00 0.00 100.00 100.00 -1000 1.70 4.45 -15.94 -1000 46.40 1.53 819.378
car -1 -1 0.00 0.00 0.00 100.00 100.00 -1000 1.80 4.72 -12.96 -1000 19.24 1.53 818.347
car -1 -1 0.00 0.00 0.00 100.00 100.00 -1000 4.07 28.02 2.11 -1000 33.44 1.03 808.339
car -1 -1 0.00 0.00 0.00 100.00 100.00 -1000 3.08 10.08 1.02 -1000 34.12 0.88 808.286
car -1 -1 0.00 0.00 0.00 100.00 100.00 -1000 1.72 4.03 14.96 -1000 34.61 1.56 799.725
car -1 -1 0.00 0.00 0.00 100.00 100.00 -1000 2.85 5.86 1.14 -1000 33.49 1.14 796.816
car -1 -1 0.00 0.00 0.00 100.00 100.00 -1000 2.75 12.68 -13.30 -1000 20.85 1.22 792.675
car -1 -1 0.00 0.00 0.00 100.00 100.00 -1000 1.76 4.89 -10.82 -1000 14.80 1.54 791.851
car -1 -1 0.00 0.00 0.00 100.00 100.00 -1000 1.74 5.01 2.54 -1000 16.09 1.64 786.787
car -1 -1 0.00 0.00 0.00 100.00 100.00 -1000 1.62 3.86 2.87 -1000 29.18 0.04 784.097
car -1 -1 0.00 0.00 0.00 100.00 100.00 -1000 1.95 5.98 5.74 -1000 8.25 1.60 764.839
car -1 -1 0.00 0.00 0.00 100.00 100.00 -1000 1.77 4.92 2.52 -1000 30.93 1.53 756.561
car -1 -1 0.00 0.00 0.00 100.00 100.00 -1000 2.31 12.31 5.24 -1000 16.85 1.32 752.948
car -1 -1 0.00 0.00 0.00 100.00 100.00 -1000 4.60 34.84 14.43 -1000 19.11 0.94 746.904
car -1 -1 0.00 0.00 0.00 100.00 100.00 -1000 5.06 23.82 -15.52 -1000 30.26 0.27 744.025
car -1 -1 0.00 0.00 0.00 100.00 100.00 -1000 2.18 7.74 -6.69 -1000 21.14 1.51 743.071
car -1 -1 0.00 0.00 0.00 100.00 100.00 -1000 1.60 3.71 2.69 -1000 8.96 1.44 737.505
car -1 -1 0.00 0.00 0.00 100.00 100.00 -1000 1.71 4.65 4.98 -1000 12.04 1.65 730.232
car -1 -1 0.00 0.00 0.00 100.00 100.00 -1000 3.40 10.48 12.95 -1000 20.02 0.72 723.310
car -1 -1 0.00 0.00 0.00 100.00 100.00 -1000 6.12 30.60 11.35 -1000 30.07 0.07 720.235
car -1 -1 0.00 0.00 0.00 100.00 100.00 -1000 2.19 9.98 -12.73 -1000 15.58 1.17 712.808
car -1 -1 0.00 0.00 0.00 100.00 100.00 -1000 15.34 526.04 -15.58 -1000 28.68 0.30 706.379
car -1 -1 0.00 0.00 0.00 100.00 100.00 -1000 3.09 9.75 -11.34 -1000 32.64 0.98 703.361
car -1 -1 0.00 0.00 0.00 100.00 100.00 -1000 2.44 9.07 -6.00 -1000 41.89 1.32 690.448
car -1 -1 0.00 0.00 0.00 100.00 100.00 -1000 2.41 7.76 -13.35 -1000 20.04 1.26 687.122
car -1 -1 0.00 0.00 0.00 100.00 100.00 -1000 3.96 24.64 -10.42 -1000 31.99 1.13 682.115
car -1 -1 0.00 0.00 0.00 100.00 100.00 -1000 1.92 5.89 -9.76 -1000 21.50 1.51 681.579
car -1 -1 0.00 0.00 0.00 100.00 100.00 -1000 1.54 3.91 4.47 -1000 30.31 1.71 680.860
car -1 -1 0.00 0.00 0.00 100.00 100.00 -1000 2.97 13.51 5.86 -1000 37.01 1.28 677.340
car -1 -1 0.00 0.00 0.00 100.00 100.00 -1000 1.98 7.53 5.12 -1000 15.53 1.49 670.982
car -1 -1 0.00 0.00 0.00 100.00 100.00 -1000 1.93 6.00 -12.53 -1000 17.69 1.52 663.688
car -1 -1 0.00 0.00 0.00 100.00 100.00 -1000 5.82 6.17 -15.65 -1000 28.76 0.57 661.667
car -1 -1 0.00 0.00 0.00 100.00 100.00 -1000 2.24 7.49 7.72 -1000 37.24 1.42 654.453
car -1 -1 0.00 0.00 0.00 100.00 100.00 -1000 2.28 11.73 4.61 -1000 18.12 1.32 646.813
car -1 -1 0.00 0.00 0.00 100.00 100.00 -1000 2.56 7.30 5.04 -1000 37.47 1.17 638.820
car -1 -1 0.00 0.00 0.00 100.00 100.00 -1000 9.21 10.42 14.46 -1000 24.93 0.45 638.280
car -1 -1 0.00 0.00 0.00 100.00 100.00 -1000 2.10 11.76 14.29 -1000 25.87 0.21 630.814
car -1 -1 0.00 0.00 0.00 100.00 100.00 -1000 1.81 5.02 -4.51 -1000 23.11 1.46 630.529
car -1 -1 0.00 0.00 0.00 100.00 100.00 -1000 3.83 24.20 4.54 -1000 36.83 1.04 629.891
car -1 -1 0.00 0.00 0.00 100.00 100.00 -1000 1.77 5.70 -11.56 -1000 12.57 1.52 623.742
car -1 -1 0.00 0.00 0.00 100.00 100.00 -1000 1.69 4.32 8.46 -1000 45.42 1.64 622.898
car -1 -1 0.00 0.00 0.00 100.00 100.00 -1000 8.18 163.93 -13.40 -1000 28.76 0.68 622.430
car -1 -1 0.00 0.00 0.00 100.00 100.00 -1000 1.80 5.18 -11.55 -1000 20.68 1.50 618.867
car -1 -1 0.00 0.00 0.00 100.00 100.00 -1000 5.55 6.04 -16.32 -1000 25.46 0.60 616.884
car -1 -1 0.00 0.00 0.00 100.00 100.00 -1000 2.17 9.05 -7.86 -1000 21.99 1.53 604.155
car -1 -1 0.00 0.00 0.00 100.00 100.00 -1000 5.76 25.63 -17.72 -1000 25.25 0.23 595.982
car -1 -1 0.00 0.00 0.00 100.00 100.00 -1000 1.91 7.59 8.12 -1000 16.19 1.44 595.530
car -1 -1 0.00 0.00 0.00 100.00 100.00 -1000 1.98 8.00 -12.88 -1000 14.48 1.24 592.159
car -1 -1 0.00 0.00 0.00 100.00 100.00 -1000 2.12 10.01 5.85 -1000 13.35 1.41 588.936
car -1 -1 0.00 0.00 0.00 100.00 100.00 -1000 1.66 4.54 -9.41 -1000 19.41 1.64 576.515
car -1 -1 0.00 0.00 0.00 100.00 100.00 -1000 1.78 5.75 3.95 -1000 17.66 1.48 572.500
car -1 -1 0.00 0.00 0.00 100.00 100.00 -1000 2.70 5.27 -11.04 -1000 32.05 1.18 567.948
car -1 -1 0.00 0.00 0.00 100.00 100.00 -1000 6.66 6.74 11.01 -1000 25.67 0.30 567.487
car -1 -1 0.00 0.00 0.00 100.00 100.00 -1000 5.22 54.03 -11.98 -1000 31.97 0.81 558.392
car -1 -1 0.00 0.00 0.00 100.00 100.00 -1000 2.42 12.13 -0.70 -1000 19.54 1.33 557.658
car -1 -1 0.00 0.00 0.00 100.00 100.00 -1000 1.76 5.75 6.25 -1000 11.22 1.52 554.156
car -1 -1 0.00 0.00 0.00 100.00 100.00 -1000 1.87 4.94 6.07 -1000 13.93 -0.43 546.860
car -1 -1 0.00 0.00 0.00 100.00 100.00 -1000 2.91 13.87 8.09 -1000 38.33 1.15 543.398
car -1 -1 0.00 0.00 0.00 100.00 100.00 -1000 1.68 3.85 -14.72 -1000 44.95 0.06 537.870
car -1 -1 0.00 0.00 0.00 100.00 100.00 -1000 2.24 6.04 -13.88 -1000 21.04 1.26 537.619
car -1 -1 0.00 0.00 0.00 100.00 100.00 -1000 6.20 7.76 12.92 -1000 27.18 0.60 530.766
car -1 -1 0.00 0.00 0.00 100.00 100.00 -1000 1.81 5.08 -8.82 -1000 18.65 1.70 529.070
car -1 -1 0.00 0.00 0.00 100.00 100.00 -1000 2.06 4.49 14.80 -1000 19.26 1.39 528.591
car -1 -1 0.00 0.00 0.00 100.00 100.00 -1000 1.77 6.49 -12.29 -1000 13.32 1.38 527.495
car -1 -1 0.00 0.00 0.00 100.00 100.00 -1000 1.63 4.10 -5.86 -1000 41.95 1.51 514.397
car -1 -1 0.00 0.00 0.00 100.00 100.00 -1000 4.42 35.57 -14.51 -1000 20.68 0.96 511.418
car -1 -1 0.00 0.00 0.00 100.00 100.00 -1000 5.87 33.42 -19.73 -1000 28.69 -0.20 509.373
car -1 -1 0.00 0.00 0.00 100.00 100.00 -1000 1.88 6.11 -0.35 -1000 17.45 1.56 508.847
car -1 -1 0.00 0.00 0.00 100.00 100.00 -1000 2.20 9.44 -0.40 -1000 18.27 1.44 506.569
car -1 -1 0.00 0.00 0.00 100.00 100.00 -1000 2.50 11.34 0.95 -1000 32.09 1.28 504.835
car -1 -1 0.00 0.00 0.00 100.00 100.00 -1000 1.86 5.53 -11.35 -1000 16.49 1.48 502.745
car -1 -1 0.00 0.00 0.00 100.00 100.00 -1000 1.89 5.85 2.14 -1000 31.75 1.39 490.456
car -1 -1 0.00 0.00 0.00 100.00 100.00 -1000 2.50 5.92 14.05 -1000 25.00 -0.09 490.290
car -1 -1 0.00 0.00 0.00 100.00 100.00 -1000 3.04 10.02 3.31 -1000 35.95 1.04 487.677
car -1 -1 0.00 0.00 0.00 100.00 100.00 -1000 2.87 12.43 -14.15 -1000 19.30 1.24 487.333
car -1 -1 0.00 0.00 0.00 100.00 100.00 -1000 2.37 9.57 -12.42 -1000 17.18 1.35 486.268
car -1 -1 0.00 0.00 0.00 100.00 100.00 -1000 1.73 4.23 19.03 -1000 45.47 0.11 486.001
car -1 -1 0.00 0.00 0.00 100.00 100.00 -1000 4.47 18.89 -16.83 -1000 23.33 0.55 482.932
car -1 -1 0.00 0.00 0.00 100.00 100.00 -1000 4.53 4.74 10.69 -1000 24.21 0.56 479.435
car -1 -1 0.00 0.00 0.00 100.00 100.00 -1000 1.81 3.93 0.42 -1000 34.61 1.11 473.880
car -1 -1 0.00 0.00 0.00 100.00 100.00 -1000 1.91 7.50 7.41 -1000 10.53 1.44 472.401
car -1 -1 0.00 0.00 0.00 100.00 100.00 -1000 1.79 5.39 3.68 -1000 16.74 -0.29 466.956
car -1 -1 0.00 0.00 0.00 100.00 100.00 -1000 4.36 33.67 14.91 -1000 25.57 1.05 466.692
car -1 -1 0.00 0.00 0.00 100.00 100.00 -1000 1.71 3.93 4.58 -1000 4.87 0.09 463.499
car -1 -1 0.00 0.00 0.00 100.00 100.00 -1000 1.82 7.31 8.38 -1000 14.99 1.44 452.287
car -1 -1 0.00 0.00 0.00 100.00 100.00 -1000 6.14 74.58 -15.24 -1000 22.34 0.76 451.689
car -1 -1 0.00 0.00 0.00 100.00 100.00 -1000 1.79 3.71 8.41 -1000 37.31 1.51 447.419
car -1 -1 0.00 0.00 0.00 100.00 100.00 -1000 1.72 4.26 2.35 -1000 12.25 1.44 446.915
car -1 -1 0.00 0.00 0.00 100.00 100.00 -1000 2.57 10.01 15.59 -1000 19.37 1.40 445.654
car -1 -1 0.00 0.00 0.00 100.00 100.00 -1000 1.77 6.93 6.71 -1000 7.29 1.44 443.740
car -1 -1 0.00 0.00 0.00 100.00 100.00 -1000 1.78 6.58 -14.43 -1000 16.12 1.30 442.904
car -1 -1 0.00 0.00 0.00 100.00 100.00 -1000 1.87 7.76 8.31 -1000 13.79 1.41 438.463
car -1 -1 0.00 0.00 0.00 100.00 100.00 -1000 1.79 3.23 13.55 -1000 26.69 1.13 432.643
car -1 -1 0.00 0.00 0.00 100.00 100.00 -1000 1.61 3.92 -11.41 -1000 47.27 1.68 430.405
car -1 -1 0.00 0.00 0.00 100.00 100.00 -1000 2.13 7.39 -9.39 -1000 23.01 1.43 425.919
car -1 -1 0.00 0.00 0.00 100.00 100.00 -1000 2.22 8.07 -8.74 -1000 24.96 1.36 425.763
car -1 -1 0.00 0.00 0.00 100.00 100.00 -1000 1.62 3.24 5.91 -1000 37.54 1.44 424.294
car -1 -1 0.00 0.00 0.00 100.00 100.00 -1000 2.02 9.32 6.51 -1000 14.41 1.47 420.312
car -1 -1 0.00 0.00 0.00 100.00 100.00 -1000 1.88 2.14 12.29 -1000 28.33 0.50 417.731
car -1 -1 0.00 0.00 0.00 100.00 100.00 -1000 2.01 6.95 -5.82 -1000 22.47 1.44 417.233
car -1 -1 0.00 0.00 0.00 100.00 100.00 -1000 2.43 7.65 7.17 -1000 38.76 1.05 415.756
car -1 -1 0.00 0.00 0.00 100.00 100.00 -1000 3.89 16.11 7.92 -1000 25.26 0.31 415.589
car -1 -1 0.00 0.00 0.00 100.00 100.00 -1000 1.66 5.04 17.52 -1000 46.71 1.50 412.008
car -1 -1 0.00 0.00 0.00 100.00 100.00 -1000 1.94 7.27 -6.82 -1000 20.03 1.52 410.954
car -1 -1 0.00 0.00 0.00 100.00 100.00 -1000 2.39 9.23 -13.73 -1000 22.31 1.08 409.660
car -1 -1 0.00 0.00 0.00 100.00 100.00 -1000 1.68 4.68 15.74 -1000 46.06 -0.02 407.744
car -1 -1 0.00 0.00 0.00 100.00 100.00 -1000 1.68 6.78 -14.82 -1000 13.71 1.34 403.686
car -1 -1 0.00 0.00 0.00 100.00 100.00 -1000 8.25 12.44 -11.49 -1000 31.42 0.48 395.439
car -1 -1 0.00 0.00 0.00 100.00 100.00 -1000 1.88 7.41 8.41 -1000 9.78 1.42 391.628
car -1 -1 0.00 0.00 0.00 100.00 100.00 -1000 1.82 7.40 8.48 -1000 12.21 1.41 383.983
car -1 -1 0.00 0.00 0.00 100.00 100.00 -1000 1.89 6.63 -9.71 -1000 15.71 1.33 382.028
car -1 -1 0.00 0.00 0.00 100.00 100.00 -1000 1.79 5.46 3.65 -1000 25.42 1.47 381.887
car -1 -1 0.00 0.00 0.00 100.00 100.00 -1000 3.64 19.22 -14.90 -1000 28.05 0.60 379.199
car -1 -1 0.00 0.00 0.00 100.00 100.00 -1000 1.86 5.89 -1.82 -1000 31.39 1.47 376.441
car -1 -1 0.00 0.00 0.00 100.00 100.00 -1000 1.87 5.32 7.06 -1000 45.98 1.55 365.952
car -1 -1 0.00 0.00 0.00 100.00 100.00 -1000 14.81 16.82 13.13 -1000 24.86 0.03 353.508
car -1 -1 0.00 0.00 0.00 100.00 100.00 -1000 1.53 3.70 4.85 -1000 36.16 1.40 352.983
car -1 -1 0.00 0.00 0.00 100.00 100.00 -1000 1.61 5.64 7.61 -1000 6.19 1.48 351.493
car -1 -1 0.00 0.00 0.00 100.00 100.00 -1000 2.02 6.04 -4.74 -1000 24.85 1.35 346.250
car -1 -1 0.00 0.00 0.00 100.00 100.00 -1000 1.74 3.45 -11.74 -1000 33.05 1.13 342.958
car -1 -1 0.00 0.00 0.00 100.00 100.00 -1000 1.65 4.81 -9.05 -1000 20.20 1.61 340.529
car -1 -1 0.00 0.00 0.00 100.00 100.00 -1000 4.47 23.27 11.74 -1000 23.28 0.27 340.248
car -1 -1 0.00 0.00 0.00 100.00 100.00 -1000 1.71 3.95 -3.59 -1000 30.57 0.02 336.652
car -1 -1 0.00 0.00 0.00 100.00 100.00 -1000 1.60 3.66 -1.24 -1000 13.55 1.40 334.961
car -1 -1 0.00 0.00 0.00 100.00 100.00 -1000 2.08 7.58 -12.18 -1000 21.59 1.48 333.124
car -1 -1 0.00 0.00 0.00 100.00 100.00 -1000 6.93 108.82 -15.33 -1000 25.61 0.70 332.672
car -1 -1 0.00 0.00 0.00 100.00 100.00 -1000 3.33 7.89 14.38 -1000 27.22 1.04 330.022
car -1 -1 0.00 0.00 0.00 100.00 100.00 -1000 1.78 4.71 1.02 -1000 32.28 1.40 327.730
car -1 -1 0.00 0.00 0.00 100.00 100.00 -1000 8.33 28.42 -10.94 -1000 32.26 0.72 327.212
car -1 -1 0.00 0.00 0.00 100.00 100.00 -1000 2.62 27.85 13.43 -1000 29.20 -0.31 322.611
car -1 -1 0.00 0.00 0.00 100.00 100.00 -1000 1.79 7.15 8.74 -1000 8.17 1.40 321.339
car -1 -1 0.00 0.00 0.00 100.00 100.00 -1000 1.78 6.13 0.74 -1000 30.25 1.36 320.595
car -1 -1 0.00 0.00 0.00 100.00 100.00 -1000 5.31 65.86 2.92 -1000 35.20 0.84 320.241
car -1 -1 0.00 0.00 0.00 100.00 100.00 -1000 1.95 9.37 5.71 -1000 18.97 1.36 316.592
car -1 -1 0.00 0.00 0.00 100.00 100.00 -1000 1.70 6.03 4.85 -1000 30.96 1.55 310.844
car -1 -1 0.00 0.00 0.00 100.00 100.00 -1000 1.88 5.81 2.75 -1000 8.34 1.25 307.589
car -1 -1 0.00 0.00 0.00 100.00 100.00 -1000 5.36 79.78 9.60 -1000 24.00 0.63 305.571
car -1 -1 0.00 0.00 0.00 100.00 100.00 -1000 1.71 3.44 4.50 -1000 37.67 1.27 304.948
car -1 -1 0.00 0.00 0.00 100.00 100.00 -1000 1.76 5.25 13.69 -1000 46.13 1.57 303.673
car -1 -1 0.00 0.00 0.00 100.00 100.00 -1000 2.06 5.44 -7.88 -1000 41.40 0.56 299.159
car -1 -1 0.00 0.00 0.00 100.00 100.00 -1000 3.30 13.78 14.19 -1000 29.25 0.93 298.289
car -1 -1 0.00 0.00 0.00 100.00 100.00 -1000 1.81 5.75 15.03 -1000 47.39 1.48 296.973
car -1 -1 0.00 0.00 0.00 100.00 100.00 -1000 1.85 6.26 -3.09 -1000 25.32 1.36 295.256
car -1 -1 0.00 0.00 0.00 100.00 100.00 -1000 1.79 7.76 5.27 -1000 31.91 1.43 291.919
car -1 -1 0.00 0.00 0.00 100.00 100.00 -1000 19.99 75.18 13.75 -1000 25.99 0.17 291.766
car -1 -1 0.00 0.00 0.00 100.00 100.00 -1000 5.25 15.94 -6.21 -1000 42.07 1.02 284.973
car -1 -1 0.00 0.00 0.00 100.00 100.00 -1000 2.01 6.66 -7.58 -1000 24.20 1.39 276.301
car -1 -1 0.00 0.00 0.00 100.00 100.00 -1000 1.85 6.01 2.03 -1000 24.93 1.47 275.788
car -1 -1 0.00 0.00 0.00 100.00 100.00 -1000 1.82 8.39 -14.97 -1000 14.95 1.25 274.297
car -1 -1 0.00 0.00 0.00 100.00 100.00 -1000 1.84 5.36 15.35 -1000 38.48 1.38 270.601
car -1 -1 0.00 0.00 0.00 100.00 100.00 -1000 1.79 7.29 9.08 -1000 11.02 1.37 267.184
car -1 -1 0.00 0.00 0.00 100.00 100.00 -1000 3.50 14.91 -14.08 -1000 22.31 1.09 266.470
car -1 -1 0.00 0.00 0.00 100.00 100.00 -1000 2.35 8.44 2.78 -1000 5.87 0.01 265.172
car -1 -1 0.00 0.00 0.00 100.00 100.00 -1000 3.93 7.23 -8.62 -1000 41.43 0.93 264.199
car -1 -1 0.00 0.00 0.00 100.00 100.00 -1000 2.21 7.57 -12.46 -1000 23.67 1.42 264.088
car -1 -1 0.00 0.00 0.00 100.00 100.00 -1000 3.65 19.36 -1.12 -1000 36.04 0.46 263.517
car -1 -1 0.00 0.00 0.00 100.00 100.00 -1000 3.14 5.20 8.05 -1000 24.10 0.89 257.687
car -1 -1 0.00 0.00 0.00 100.00 100.00 -1000 1.90 10.27 8.32 -1000 17.31 1.29 257.397
car -1 -1 0.00 0.00 0.00 100.00 100.00 -1000 1.91 5.91 14.76 -1000 35.25 1.43 256.276
car -1 -1 0.00 0.00 0.00 100.00 100.00 -1000 5.13 68.67 -13.60 -1000 27.12 0.85 252.169
car -1 -1 0.00 0.00 0.00 100.00 100.00 -1000 2.86 7.92 14.42 -1000 28.81 1.14 251.805
car -1 -1 0.00 0.00 0.00 100.00 100.00 -1000 1.66 4.72 -1.24 -1000 32.62 1.22 251.646
car -1 -1 0.00 0.00 0.00 100.00 100.00 -1000 4.72 15.20 14.19 -1000 25.66 1.00 251.607
car -1 -1 0.00 0.00 0.00 100.00 100.00 -1000 1.80 4.59 14.20 -1000 33.98 1.45 251.047
car -1 -1 0.00 0.00 0.00 100.00 100.00 -1000 3.35 13.57 -15.66 -1000 24.64 0.82 248.926
car -1 -1 0.00 0.00 0.00 100.00 100.00 -1000 1.72 5.74 -11.70 -1000 11.57 1.54 247.925
car -1 -1 0.00 0.00 0.00 100.00 100.00 -1000 1.69 4.87 6.24 -1000 5.35 -0.06 243.521
car -1 -1 0.00 0.00 0.00 100.00 100.00 -1000 2.01 5.40 -14.98 -1000 22.97 1.15 242.958
car -1 -1 0.00 0.00 0.00 100.00 100.00 -1000 1.82 6.88 13.07 -1000 47.03 1.43 239.513
car -1 -1 0.00 0.00 0.00 100.00 100.00 -1000 1.94 5.18 -1.94 -1000 34.89 0.86 238.875
car -1 -1 0.00 0.00 0.00 100.00 100.00 -1000 2.29 9.01 -15.11 -1000 40.41 1.16 234.643
car -1 -1 0.00 0.00 0.00 100.00 100.00 -1000 1.65 4.88 9.99 -1000 45.86 1.54 228.912
car -1 -1 0.00 0.00 0.00 100.00 100.00 -1000 1.72 5.98 -7.20 -1000 19.25 1.57 223.695
car -1 -1 0.00 0.00 0.00 100.00 100.00 -1000 1.65 5.64 5.89 -1000 29.91 1.60 223.334
car -1 -1 0.00 0.00 0.00 100.00 100.00 -1000 7.87 26.96 -8.17 -1000 42.11 0.75 220.898
car -1 -1 0.00 0.00 0.00 100.00 100.00 -1000 2.14 6.04 4.58 -1000 35.49 1.42 219.763
car -1 -1 0.00 0.00 0.00 100.00 100.00 -1000 2.69 30.37 13.33 -1000 27.54 -0.16 219.158
car -1 -1 0.00 0.00 0.00 100.00 100.00 -1000 3.73 16.92 12.48 -1000 31.06 0.73 217.242
car -1 -1 0.00 0.00 0.00 100.00 100.00 -1000 1.95 6.28 -17.53 -1000 46.03 1.56 216.680
car -1 -1 0.00 0.00 0.00 100.00 100.00 -1000 16.43 19.77 -15.59 -1000 29.97 0.10 214.851
car -1 -1 0.00 0.00 0.00 100.00 100.00 -1000 1.60 6.72 -15.22 -1000 12.90 1.36 212.442
car -1 -1 0.00 0.00 0.00 100.00 100.00 -1000 2.34 23.66 12.13 -1000 26.07 -0.39 212.438
car -1 -1 0.00 0.00 0.00 100.00 100.00 -1000 1.75 5.75 16.64 -1000 20.04 1.47 208.695
car -1 -1 0.00 0.00 0.00 100.00 100.00 -1000 1.99 10.51 2.30 -1000 19.16 1.45 208.342
car -1 -1 0.00 0.00 0.00 100.00 100.00 -1000 1.49 3.88 -8.06 -1000 13.48 1.50 207.890
car -1 -1 0.00 0.00 0.00 100.00 100.00 -1000 3.49 7.08 -16.33 -1000 22.46 0.97 206.647
car -1 -1 0.00 0.00 0.00 100.00 100.00 -1000 1.86 5.38 6.05 -1000 36.76 1.59 202.039
car -1 -1 0.00 0.00 0.00 100.00 100.00 -1000 2.03 7.11 -16.92 -1000 46.98 1.38 199.819
car -1 -1 0.00 0.00 0.00 100.00 100.00 -1000 3.05 9.62 -1.25 -1000 35.28 0.80 198.269
car -1 -1 0.00 0.00 0.00 100.00 100.00 -1000 3.08 8.88 -15.93 -1000 29.82 -0.71 196.818
car -1 -1 0.00 0.00 0.00 100.00 100.00 -1000 2.54 20.94 -15.88 -1000 25.97 0.08 193.646
car -1 -1 0.00 0.00 0.00 100.00 100.00 -1000 3.02 5.84 -11.01 -1000 30.69 1.18 193.040
car -1 -1 0.00 0.00 0.00 100.00 100.00 -1000 2.24 19.83 -15.08 -1000 32.47 -0.07 192.015
car -1 -1 0.00 0.00 0.00 100.00 100.00 -1000 1.99 7.56 -10.25 -1000 24.05 1.32 187.667
car -1 -1 0.00 0.00 0.00 100.00 100.00 -1000 6.01 94.63 13.73 -1000 20.67 0.73 185.576
car -1 -1 0.00 0.00 0.00 100.00 100.00 -1000 1.76 5.50 6.32 -1000 12.87 -0.26 183.158
car -1 -1 0.00 0.00 0.00 100.00 100.00 -1000 1.87 5.18 -14.50 -1000 39.92 0.80 179.797
car -1 -1 0.00 0.00 0.00 100.00 100.00 -1000 1.96 7.70 15.33 -1000 20.63 1.15 178.634
car -1 -1 0.00 0.00 0.00 100.00 100.00 -1000 1.80 5.38 1.55 -1000 28.82 1.57 177.019
car -1 -1 0.00 0.00 0.00 100.00 100.00 -1000 1.71 4.54 -9.09 -1000 42.23 1.18 176.445
car -1 -1 0.00 0.00 0.00 100.00 100.00 -1000 1.97 7.00 -4.18 -1000 21.33 1.38 176.254
car -1 -1 0.00 0.00 0.00 100.00 100.00 -1000 1.80 6.36 -13.48 -1000 27.96 1.26 176.197
car -1 -1 0.00 0.00 0.00 100.00 100.00 -1000 1.61 5.61 -13.83 -1000 12.25 1.35 175.330
car -1 -1 0.00 0.00 0.00 100.00 100.00 -1000 1.68 4.26 4.04 -1000 24.49 -0.01 174.210
car -1 -1 0.00 0.00 0.00 100.00 100.00 -1000 2.86 7.20 -15.14 -1000 24.01 1.02 174.080
car -1 -1 0.00 0.00 0.00 100.00 100.00 -1000 3.12 8.79 -12.23 -1000 28.96 1.23 172.020
car -1 -1 0.00 0.00 0.00 100.00 100.00 -1000 1.86 6.66 -3.90 -1000 32.11 1.35 170.714
car -1 -1 0.00 0.00 0.00 100.00 100.00 -1000 1.69 5.04 17.74 -1000 45.85 1.53 170.237
car -1 -1 0.00 0.00 0.00 100.00 100.00 -1000 1.80 6.38 -4.31 -1000 42.43 1.41 170.080
car -1 -1 0.00 0.00 0.00 100.00 100.00 -1000 1.90 5.70 4.98 -1000 4.27 1.60 170.048
car -1 -1 0.00 0.00 0.00 100.00 100.00 -1000 1.91 5.58 -3.76 -1000 24.13 1.55 167.326
car -1 -1 0.00 0.00 0.00 100.00 100.00 -1000 1.77 5.02 8.71 -1000 44.61 1.66 166.901
car -1 -1 0.00 0.00 0.00 100.00 100.00 -1000 24.99 32.47 12.23 -1000 26.35 -0.40 162.016
car -1 -1 0.00 0.00 0.00 100.00 100.00 -1000 1.76 6.48 0.29 -1000 24.49 1.41 161.301
car -1 -1 0.00 0.00 0.00 100.00 100.00 -1000 1.92 6.64 7.50 -1000 47.09 1.51 155.930
car -1 -1 0.00 0.00 0.00 100.00 100.00 -1000 3.29 7.16 12.35 -1000 22.36 0.77 155.877
car -1 -1 0.00 0.00 0.00 100.00 100.00 -1000 10.20 16.06 -15.61 -1000 24.96 0.33 153.655
car -1 -1 0.00 0.00 0.00 100.00 100.00 -1000 1.85 5.70 19.65 -1000 27.34 1.34 153.624
car -1 -1 0.00 0.00 0.00 100.00 100.00 -1000 3.10 9.31 -15.52 -1000 28.20 -0.49 151.852
car -1 -1 0.00 0.00 0.00 100.00 100.00 -1000 2.05 2.90 -16.67 -1000 31.60 0.36 148.478
car -1 -1 0.00 0.00 0.00 100.00 100.00 -1000 2.71 7.90 14.64 -1000 24.09 1.18 148.129
car -1 -1 0.00 0.00 0.00 100.00 100.00 -1000 1.87 5.88 14.73 -1000 33.11 1.40 147.745
car -1 -1 0.00 0.00 0.00 100.00 100.00 -1000 1.66 4.59 -12.10 -1000 45.88 1.66 147.305
car -1 -1 0.00 0.00 0.00 100.00 100.00 -1000 1.97 6.56 16.90 -1000 34.53 1.45 146.532
car -1 -1 0.00 0.00 0.00 100.00 100.00 -1000 1.92 2.73 -17.36 -1000 28.25 0.34 146.309
car -1 -1 0.00 0.00 0.00 100.00 100.00 -1000 2.52 8.47 -2.28 -1000 33.66 0.98 146.090
car -1 -1 0.00 0.00 0.00 100.00 100.00 -1000 4.66 8.87 9.15 -1000 28.90 0.43 145.081
car -1 -1 0.00 0.00 0.00 100.00 100.00 -1000 1.86 4.55 3.04 -1000 36.24 1.16 144.905
car -1 -1 0.00 0.00 0.00 100.00 100.00 -1000 2.25 8.47 14.19 -1000 36.56 1.35 144.026
car -1 -1 0.00 0.00 0.00 100.00 100.00 -1000 5.81 95.53 11.95 -1000 30.34 0.61 143.961
car -1 -1 0.00 0.00 0.00 100.00 100.00 -1000 3.10 7.74 -13.82 -1000 32.02 0.89 141.101
car -1 -1 0.00 0.00 0.00 100.00 100.00 -1000 1.81 5.12 3.45 -1000 28.31 1.62 138.993
car -1 -1 0.00 0.00 0.00 100.00 100.00 -1000 1.81 5.37 2.60 -1000 5.15 1.55 138.969
car -1 -1 0.00 0.00 0.00 100.00 100.00 -1000 1.87 8.49 5.85 -1000 33.10 1.43 137.827
car -1 -1 0.00 0.00 0.00 100.00 100.00 -1000 5.24 18.12 -14.59 -1000 40.51 0.95 135.927
car -1 -1 0.00 0.00 0.00 100.00 100.00 -1000 1.93 9.84 5.67 -1000 20.56 1.32 134.346
car -1 -1 0.00 0.00 0.00 100.00 100.00 -1000 1.72 6.66 11.51 -1000 46.44 1.39 133.128
car -1 -1 0.00 0.00 0.00 100.00 100.00 -1000 1.69 5.66 -0.27 -1000 33.31 1.15 132.199
car -1 -1 0.00 0.00 0.00 100.00 100.00 -1000 2.22 10.84 -12.74 -1000 24.76 1.35 131.897
car -1 -1 0.00 0.00 0.00 100.00 100.00 -1000 3.11 8.58 -13.98 -1000 27.19 0.90 131.835
car -1 -1 0.00 0.00 0.00 100.00 100.00 -1000 1.95 3.25 12.10 -1000 26.29 0.66 131.314
car -1 -1 0.00 0.00 0.00 100.00 100.00 -1000 1.73 5.57 -7.34 -1000 18.20 1.62 131.090
car -1 -1 0.00 0.00 0.00 100.00 100.00 -1000 3.42 28.69 13.77 -1000 17.72 1.21 129.005
car -1 -1 0.00 0.00 0.00 100.00 100.00 -1000 18.41 84.39 -13.94 -1000 32.48 0.23 128.614
car -1 -1 0.00 0.00 0.00 100.00 100.00 -1000 3.09 7.63 13.24 -1000 30.49 1.02 127.844
car -1 -1 0.00 0.00 0.00 100.00 100.00 -1000 1.69 6.30 -0.53 -1000 23.79 1.43 127.611
car -1 -1 0.00 0.00 0.00 100.00 100.00 -1000 2.80 34.54 -15.96 -1000 29.34 -0.49 126.320
car -1 -1 0.00 0.00 0.00 100.00 100.00 -1000 1.99 7.86 -6.08 -1000 23.55 1.33 123.767
car -1 -1 0.00 0.00 0.00 100.00 100.00 -1000 1.66 4.19 -14.12 -1000 40.70 1.30 123.002
