car -1 -1 0.00 0.00 0.00 100.00 100.00 -1000 1.62 3.88 -0.32 -1000 24.28 1.55 999.887
car -1 -1 0.00 0.00 0.00 100.00 100.00 -1000 2.35 7.85 0.94 -1000 28.63 1.48 996.706
car -1 -1 0.00 0.00 0.00 100.00 100.00 -1000 3.00 14.10 0.15 -1000 27.88 1.47 990.115
car -1 -1 0.00 0.00 0.00 100.00 100.00 -1000 1.57 3.85 13.09 -1000 16.54 1.65 989.831
car -1 -1 0.00 0.00 0.00 100.00 100.00 -1000 1.73 4.88 -0.42 -1000 25.05 1.49 988.957
car -1 -1 0.00 0.00 0.00 100.00 100.00 -1000 1.66 3.96 1.84 -1000 40.57 1.54 988.162
car -1 -1 0.00 0.00 0.00 100.00 100.00 -1000 1.60 3.88 2.66 -1000 28.84 1.58 984.980
car -1 -1 0.00 0.00 0.00 100.00 100.00 -1000 2.26 7.43 2.57 -1000 27.66 1.46 982.959
car -1 -1 0.00 0.00 0.00 100.00 100.00 -1000 1.62 3.88 13.51 -1000 17.26 1.73 982.020
car -1 -1 0.00 0.00 0.00 100.00 100.00 -1000 1.65 4.05 -15.81 -1000 39.86 1.62 974.777
car -1 -1 0.00 0.00 0.00 100.00 100.00 -1000 1.55 3.85 -0.38 -1000 23.42 0.02 974.433
car -1 -1 0.00 0.00 0.00 100.00 100.00 -1000 1.63 3.96 -15.81 -1000 47.05 1.60 969.749
car -1 -1 0.00 0.00 0.00 100.00 100.00 -1000 1.80 5.24 0.02 -1000 26.35 1.55 966.720
car -1 -1 0.00 0.00 0.00 100.00 100.00 -1000 1.62 4.33 2.22 -1000 24.85 1.60 964.945
car -1 -1 0.00 0.00 0.00 100.00 100.00 -1000 1.57 4.02 12.94 -1000 18.05 1.60 961.134
car -1 -1 0.00 0.00 0.00 100.00 100.00 -1000 1.67 4.21 12.94 -1000 15.51 -0.39 951.568
car -1 -1 0.00 0.00 0.00 100.00 100.00 -1000 1.55 3.49 13.05 -1000 24.07 1.55 950.581
car -1 -1 0.00 0.00 0.00 100.00 100.00 -1000 1.60 4.12 12.51 -1000 19.21 1.59 949.663
car -1 -1 0.00 0.00 0.00 100.00 100.00 -1000 2.72 12.86 0.81 -1000 26.41 1.48 941.771
car -1 -1 0.00 0.00 0.00 100.00 100.00 -1000 1.62 4.11 12.16 -1000 23.20 1.56 940.714
car -1 -1 0.00 0.00 0.00 100.00 100.00 -1000 1.69 4.72 1.99 -1000 25.71 1.61 940.440
car -1 -1 0.00 0.00 0.00 100.00 100.00 -1000 1.56 3.67 1.56 -1000 45.86 1.56 937.365
car -1 -1 0.00 0.00 0.00 100.00 100.00 -1000 1.71 3.87 3.74 -1000 47.61 1.41 923.164
car -1 -1 0.00 0.00 0.00 100.00 100.00 -1000 1.76 4.80 11.97 -1000 20.30 1.56 914.276
car -1 -1 0.00 0.00 0.00 100.00 100.00 -1000 1.65 4.19 3.57 -1000 24.24 1.66 913.569
car -1 -1 0.00 0.00 0.00 100.00 100.00 -1000 2.11 8.96 0.04 -1000 27.26 1.49 900.254
car -1 -1 0.00 0.00 0.00 100.00 100.00 -1000 1.70 4.61 11.88 -1000 22.38 1.53 896.573
car -1 -1 0.00 0.00 0.00 100.00 100.00 -1000 1.64 4.07 13.97 -1000 18.53 -0.62 887.417
car -1 -1 0.00 0.00 0.00 100.00 100.00 -1000 1.63 4.13 12.54 -1000 24.74 1.51 881.042
car -1 -1 0.00 0.00 0.00 100.00 100.00 -1000 1.82 5.34 11.70 -1000 21.52 1.55 862.187
car -1 -1 0.00 0.00 0.00 100.00 100.00 -1000 2.04 8.56 -1.00 -1000 28.11 1.30 858.032
car -1 -1 0.00 0.00 0.00 100.00 100.00 -1000 1.58 3.70 -7.19 -1000 47.38 1.49 856.143
car -1 -1 0.00 0.00 0.00 100.00 100.00 -1000 1.80 4.76 4.53 -1000 47.01 0.06 851.190
car -1 -1 0.00 0.00 0.00 100.00 100.00 -1000 1.75 4.69 2.84 -1000 41.33 1.54 835.046
car -1 -1 0.00 0.00 0.00 100.00 100.00 -1000 2.01 9.41 -1.16 -1000 25.63 1.25 831.531
car -1 -1 0.00 0.00 0.00 100.00 100.00 -1000 1.64 3.68 3.39 -1000 39.77 1.55 830.427
car -1 -1 0.00 0.00 0.00 100.00 100.00 -1000 1.78 4.92 2.75 -1000 29.57 1.61 827.852
car -1 -1 0.00 0.00 0.00 100.00 100.00 -1000 1.66 3.87 3.16 -1000 46.61 -0.15 826.494
car -1 -1 0.00 0.00 0.00 100.00 100.00 -1000 1.69 4.36 -16.36 -1000 46.35 -0.02 814.385
car -1 -1 0.00 0.00 0.00 100.00 100.00 -1000 1.77 4.68 2.97 -1000 34.93 1.44 806.035
car -1 -1 0.00 0.00 0.00 100.00 100.00 -1000 2.12 7.38 9.41 -1000 19.58 1.42 798.019
car -1 -1 0.00 0.00 0.00 100.00 100.00 -1000 1.65 4.12 -16.53 -1000 39.21 0.00 795.392
car -1 -1 0.00 0.00 0.00 100.00 100.00 -1000 1.83 4.68 7.92 -1000 25.74 1.60 788.865
car -1 -1 0.00 0.00 0.00 100.00 100.00 -1000 1.67 4.28 12.95 -1000 39.30 1.52 781.965
car -1 -1 0.00 0.00 0.00 100.00 100.00 -1000 1.65 4.13 10.14 -1000 38.20 1.54 776.759
car -1 -1 0.00 0.00 0.00 100.00 100.00 -1000 2.16 8.05 14.74 -1000 20.63 1.54 765.958
car -1 -1 0.00 0.00 0.00 100.00 100.00 -1000 1.77 5.43 11.35 -1000 23.98 1.58 765.448
car -1 -1 0.00 0.00 0.00 100.00 100.00 -1000 1.65 4.41 13.55 -1000 19.69 1.54 758.078
car -1 -1 0.00 0.00 0.00 100.00 100.00 -1000 1.76 5.17 -15.15 -1000 40.66 1.64 757.328
car -1 -1 0.00 0.00 0.00 100.00 100.00 -1000 8.13 49.96 7.71 -1000 6.58 -0.54 751.766
car -1 -1 0.00 0.00 0.00 100.00 100.00 -1000 1.82 5.65 11.75 -1000 25.62 1.54 730.838
car -1 -1 0.00 0.00 0.00 100.00 100.00 -1000 2.01 7.29 14.23 -1000 22.46 1.49 722.837
car -1 -1 0.00 0.00 0.00 100.00 100.00 -1000 1.78 5.91 11.47 -1000 18.38 1.51 708.929
car -1 -1 0.00 0.00 0.00 100.00 100.00 -1000 1.71 4.20 1.19 -1000 39.79 -0.01 708.378
car -1 -1 0.00 0.00 0.00 100.00 100.00 -1000 1.97 8.64 10.33 -1000 20.84 1.27 698.183
car -1 -1 0.00 0.00 0.00 100.00 100.00 -1000 1.59 3.98 7.67 -1000 38.37 1.51 697.633
car -1 -1 0.00 0.00 0.00 100.00 100.00 -1000 2.07 7.23 9.18 -1000 18.53 1.41 694.358
car -1 -1 0.00 0.00 0.00 100.00 100.00 -1000 1.82 5.57 11.42 -1000 41.02 1.49 687.176
car -1 -1 0.00 0.00 0.00 100.00 100.00 -1000 1.39 3.43 4.35 -1000 28.01 -0.11 686.453
car -1 -1 0.00 0.00 0.00 100.00 100.00 -1000 2.10 8.40 -0.31 -1000 31.71 1.23 665.102
car -1 -1 0.00 0.00 0.00 100.00 100.00 -1000 6.63 37.89 8.19 -1000 4.72 -0.28 660.929
car -1 -1 0.00 0.00 0.00 100.00 100.00 -1000 2.08 7.43 10.60 -1000 27.29 1.52 644.845
car -1 -1 0.00 0.00 0.00 100.00 100.00 -1000 1.70 4.65 14.17 -1000 16.05 1.66 644.189
car -1 -1 0.00 0.00 0.00 100.00 100.00 -1000 1.83 5.36 3.22 -1000 32.90 1.44 633.611
car -1 -1 0.00 0.00 0.00 100.00 100.00 -1000 1.80 5.77 11.69 -1000 16.04 1.56 627.739
car -1 -1 0.00 0.00 0.00 100.00 100.00 -1000 1.84 4.68 1.88 -1000 46.98 1.41 625.005
car -1 -1 0.00 0.00 0.00 100.00 100.00 -1000 2.04 10.95 -0.97 -1000 29.28 1.34 616.019
car -1 -1 0.00 0.00 0.00 100.00 100.00 -1000 2.30 10.89 13.46 -1000 27.89 1.36 605.537
car -1 -1 0.00 0.00 0.00 100.00 100.00 -1000 16.61 815.60 10.39 -1000 4.37 0.01 604.443
car -1 -1 0.00 0.00 0.00 100.00 100.00 -1000 1.67 4.15 1.07 -1000 45.09 0.12 602.850
car -1 -1 0.00 0.00 0.00 100.00 100.00 -1000 1.84 5.73 0.81 -1000 41.35 1.41 598.810
car -1 -1 0.00 0.00 0.00 100.00 100.00 -1000 2.10 10.02 10.40 -1000 22.02 1.25 597.903
car -1 -1 0.00 0.00 0.00 100.00 100.00 -1000 2.00 5.98 2.25 -1000 31.60 1.45 597.477
car -1 -1 0.00 0.00 0.00 100.00 100.00 -1000 1.99 9.01 9.34 -1000 41.73 1.31 590.526
car -1 -1 0.00 0.00 0.00 100.00 100.00 -1000 1.96 8.37 10.26 -1000 23.26 1.27 588.880
car -1 -1 0.00 0.00 0.00 100.00 100.00 -1000 1.84 5.04 5.69 -1000 47.50 1.37 582.217
car -1 -1 0.00 0.00 0.00 100.00 100.00 -1000 1.62 4.64 5.11 -1000 33.64 1.34 580.536
car -1 -1 0.00 0.00 0.00 100.00 100.00 -1000 1.71 4.60 11.12 -1000 39.01 1.53 577.192
car -1 -1 0.00 0.00 0.00 100.00 100.00 -1000 1.85 5.63 -0.01 -1000 40.41 1.45 575.470
car -1 -1 0.00 0.00 0.00 100.00 100.00 -1000 1.68 4.30 1.09 -1000 23.21 -0.09 571.806
car -1 -1 0.00 0.00 0.00 100.00 100.00 -1000 2.00 6.24 8.88 -1000 24.99 1.40 571.691
car -1 -1 0.00 0.00 0.00 100.00 100.00 -1000 1.72 5.39 14.85 -1000 17.82 1.53 567.912
car -1 -1 0.00 0.00 0.00 100.00 100.00 -1000 2.16 10.00 14.27 -1000 26.58 1.35 558.686
car -1 -1 0.00 0.00 0.00 100.00 100.00 -1000 1.91 5.51 7.28 -1000 29.33 1.53 555.037
car -1 -1 0.00 0.00 0.00 100.00 100.00 -1000 1.89 6.43 11.03 -1000 26.39 1.55 553.589
car -1 -1 0.00 0.00 0.00 100.00 100.00 -1000 1.78 4.79 4.88 -1000 39.44 1.45 553.521
car -1 -1 0.00 0.00 0.00 100.00 100.00 -1000 2.37 9.48 10.02 -1000 28.43 1.52 553.270
car -1 -1 0.00 0.00 0.00 100.00 100.00 -1000 1.85 6.51 11.62 -1000 17.14 1.51 540.299
car -1 -1 0.00 0.00 0.00 100.00 100.00 -1000 1.54 3.30 4.05 -1000 34.55 -0.19 538.965
car -1 -1 0.00 0.00 0.00 100.00 100.00 -1000 1.79 5.07 12.42 -1000 14.73 1.69 538.890
car -1 -1 0.00 0.00 0.00 100.00 100.00 -1000 2.22 10.10 14.43 -1000 23.87 1.39 538.759
car -1 -1 0.00 0.00 0.00 100.00 100.00 -1000 1.57 3.65 13.26 -1000 22.61 -0.74 533.250
car -1 -1 0.00 0.00 0.00 100.00 100.00 -1000 1.74 5.16 -0.19 -1000 45.98 1.43 531.583
car -1 -1 0.00 0.00 0.00 100.00 100.00 -1000 1.72 4.23 -7.70 -1000 46.51 0.04 529.858
car -1 -1 0.00 0.00 0.00 100.00 100.00 -1000 13.04 483.35 12.01 -1000 4.40 0.17 523.690
car -1 -1 0.00 0.00 0.00 100.00 100.00 -1000 1.75 5.34 13.56 -1000 25.28 1.54 521.567
car -1 -1 0.00 0.00 0.00 100.00 100.00 -1000 1.82 5.38 11.30 -1000 39.81 1.51 519.160
car -1 -1 0.00 0.00 0.00 100.00 100.00 -1000 1.65 4.44 4.56 -1000 23.36 1.48 517.811
car -1 -1 0.00 0.00 0.00 100.00 100.00 -1000 1.89 7.66 -14.58 -1000 41.56 1.49 510.306
car -1 -1 0.00 0.00 0.00 100.00 100.00 -1000 2.07 8.72 14.91 -1000 19.26 1.42 503.691
car -1 -1 0.00 0.00 0.00 100.00 100.00 -1000 1.74 4.60 14.03 -1000 23.47 -0.12 502.066
car -1 -1 0.00 0.00 0.00 100.00 100.00 -1000 2.02 6.60 8.15 -1000 26.86 1.39 498.259
car -1 -1 0.00 0.00 0.00 100.00 100.00 -1000 1.60 5.90 -0.71 -1000 30.60 1.43 497.760
car -1 -1 0.00 0.00 0.00 100.00 100.00 -1000 2.08 9.16 15.41 -1000 21.71 1.37 491.434
car -1 -1 0.00 0.00 0.00 100.00 100.00 -1000 1.80 6.31 -17.73 -1000 40.67 1.40 478.021
car -1 -1 0.00 0.00 0.00 100.00 100.00 -1000 2.07 9.74 10.11 -1000 24.43 1.25 475.705
car -1 -1 0.00 0.00 0.00 100.00 100.00 -1000 2.15 8.78 -0.72 -1000 32.67 1.28 465.428
car -1 -1 0.00 0.00 0.00 100.00 100.00 -1000 1.73 5.42 -7.56 -1000 38.41 1.36 461.975
car -1 -1 0.00 0.00 0.00 100.00 100.00 -1000 1.69 6.69 -3.83 -1000 25.69 1.47 458.802
car -1 -1 0.00 0.00 0.00 100.00 100.00 -1000 1.77 5.44 -17.99 -1000 39.63 1.45 447.236
car -1 -1 0.00 0.00 0.00 100.00 100.00 -1000 1.81 5.28 4.22 -1000 25.04 1.54 437.377
car -1 -1 0.00 0.00 0.00 100.00 100.00 -1000 1.70 5.47 15.07 -1000 16.73 1.50 433.249
car -1 -1 0.00 0.00 0.00 100.00 100.00 -1000 1.84 7.90 10.06 -1000 17.72 1.27 432.250
car -1 -1 0.00 0.00 0.00 100.00 100.00 -1000 2.16 7.88 10.32 -1000 30.01 1.49 430.561
car -1 -1 0.00 0.00 0.00 100.00 100.00 -1000 1.78 5.15 15.34 -1000 20.13 1.63 428.290
car -1 -1 0.00 0.00 0.00 100.00 100.00 -1000 2.01 6.39 10.81 -1000 47.03 1.36 426.961
car -1 -1 0.00 0.00 0.00 100.00 100.00 -1000 1.74 5.03 -17.74 -1000 46.86 1.49 425.623
car -1 -1 0.00 0.00 0.00 100.00 100.00 -1000 1.62 6.04 -2.64 -1000 23.87 1.49 422.919
car -1 -1 0.00 0.00 0.00 100.00 100.00 -1000 1.97 6.25 11.80 -1000 42.27 1.51 421.233
car -1 -1 0.00 0.00 0.00 100.00 100.00 -1000 1.77 4.95 4.85 -1000 27.41 -0.15 418.406
car -1 -1 0.00 0.00 0.00 100.00 100.00 -1000 1.68 7.48 -3.59 -1000 26.57 1.42 417.021
car -1 -1 0.00 0.00 0.00 100.00 100.00 -1000 1.72 5.18 4.73 -1000 28.70 1.41 409.421
car -1 -1 0.00 0.00 0.00 100.00 100.00 -1000 1.72 4.68 14.07 -1000 21.43 1.68 407.123
car -1 -1 0.00 0.00 0.00 100.00 100.00 -1000 1.69 4.66 12.88 -1000 40.23 1.41 406.687
car -1 -1 0.00 0.00 0.00 100.00 100.00 -1000 1.67 5.52 10.89 -1000 15.09 1.55 403.592
car -1 -1 0.00 0.00 0.00 100.00 100.00 -1000 1.83 7.79 -18.62 -1000 27.13 1.52 402.709
car -1 -1 0.00 0.00 0.00 100.00 100.00 -1000 1.94 8.05 15.66 -1000 25.79 1.37 395.528
car -1 -1 0.00 0.00 0.00 100.00 100.00 -1000 1.82 5.40 6.66 -1000 32.06 1.50 393.943
car -1 -1 0.00 0.00 0.00 100.00 100.00 -1000 1.85 5.00 2.28 -1000 39.19 1.55 390.906
car -1 -1 0.00 0.00 0.00 100.00 100.00 -1000 1.71 5.89 14.81 -1000 24.22 1.45 387.276
car -1 -1 0.00 0.00 0.00 100.00 100.00 -1000 1.97 6.30 11.10 -1000 45.90 1.43 385.955
car -1 -1 0.00 0.00 0.00 100.00 100.00 -1000 1.99 9.33 0.04 -1000 30.13 1.29 376.652
car -1 -1 0.00 0.00 0.00 100.00 100.00 -1000 1.87 7.97 -1.39 -1000 35.08 1.21 375.428
car -1 -1 0.00 0.00 0.00 100.00 100.00 -1000 2.07 8.86 14.67 -1000 42.42 1.38 367.383
car -1 -1 0.00 0.00 0.00 100.00 100.00 -1000 5.05 31.20 10.03 -1000 9.14 -0.00 361.957
car -1 -1 0.00 0.00 0.00 100.00 100.00 -1000 1.68 4.49 -15.24 -1000 45.87 1.62 360.558
car -1 -1 0.00 0.00 0.00 100.00 100.00 -1000 1.92 8.40 15.79 -1000 27.42 1.36 358.326
car -1 -1 0.00 0.00 0.00 100.00 100.00 -1000 1.89 5.72 2.04 -1000 33.66 1.53 356.047
car -1 -1 0.00 0.00 0.00 100.00 100.00 -1000 1.94 6.23 7.08 -1000 35.15 1.39 352.996
car -1 -1 0.00 0.00 0.00 100.00 100.00 -1000 1.85 5.98 5.82 -1000 35.73 1.34 349.787
car -1 -1 0.00 0.00 0.00 100.00 100.00 -1000 1.77 4.22 2.03 -1000 23.82 -0.12 346.620
car -1 -1 0.00 0.00 0.00 100.00 100.00 -1000 1.80 6.03 5.80 -1000 25.94 1.43 343.879
car -1 -1 0.00 0.00 0.00 100.00 100.00 -1000 1.92 5.85 1.19 -1000 34.61 1.44 341.883
car -1 -1 0.00 0.00 0.00 100.00 100.00 -1000 1.99 6.76 11.03 -1000 44.25 1.45 340.874
car -1 -1 0.00 0.00 0.00 100.00 100.00 -1000 1.85 7.13 8.68 -1000 40.99 1.35 340.734
car -1 -1 0.00 0.00 0.00 100.00 100.00 -1000 4.55 26.35 11.89 -1000 7.37 0.18 340.185
car -1 -1 0.00 0.00 0.00 100.00 100.00 -1000 9.32 266.94 8.84 -1000 2.83 0.30 340.183
car -1 -1 0.00 0.00 0.00 100.00 100.00 -1000 2.08 8.24 -1.62 -1000 41.89 1.21 340.160
car -1 -1 0.00 0.00 0.00 100.00 100.00 -1000 5.71 7.09 9.32 -1000 4.62 0.36 338.749
car -1 -1 0.00 0.00 0.00 100.00 100.00 -1000 1.72 4.75 2.79 -1000 44.30 1.42 333.309
car -1 -1 0.00 0.00 0.00 100.00 100.00 -1000 5.18 7.38 11.08 -1000 6.23 0.45 331.847
car -1 -1 0.00 0.00 0.00 100.00 100.00 -1000 1.58 3.57 6.13 -1000 33.09 -0.30 329.839
car -1 -1 0.00 0.00 0.00 100.00 100.00 -1000 1.80 5.29 6.84 -1000 37.71 1.37 326.688
car -1 -1 0.00 0.00 0.00 100.00 100.00 -1000 2.21 8.73 8.82 -1000 43.11 1.38 324.815
car -1 -1 0.00 0.00 0.00 100.00 100.00 -1000 1.91 7.65 14.97 -1000 41.10 1.36 310.126
car -1 -1 0.00 0.00 0.00 100.00 100.00 -1000 1.66 4.16 2.74 -1000 22.80 1.61 304.864
car -1 -1 0.00 0.00 0.00 100.00 100.00 -1000 1.69 5.24 9.01 -1000 38.91 1.53 303.265
car -1 -1 0.00 0.00 0.00 100.00 100.00 -1000 1.90 7.75 14.92 -1000 43.51 1.36 302.832
car -1 -1 0.00 0.00 0.00 100.00 100.00 -1000 7.41 156.89 12.12 -1000 2.87 0.48 302.182
car -1 -1 0.00 0.00 0.00 100.00 100.00 -1000 2.04 8.67 15.73 -1000 45.67 1.34 293.444
car -1 -1 0.00 0.00 0.00 100.00 100.00 -1000 1.79 4.04 -7.61 -1000 37.66 1.46 290.705
car -1 -1 0.00 0.00 0.00 100.00 100.00 -1000 1.93 8.19 14.12 -1000 28.97 1.35 289.342
car -1 -1 0.00 0.00 0.00 100.00 100.00 -1000 1.72 5.03 14.07 -1000 15.03 -0.12 284.540
car -1 -1 0.00 0.00 0.00 100.00 100.00 -1000 1.81 5.47 13.05 -1000 46.66 1.35 277.808
car -1 -1 0.00 0.00 0.00 100.00 100.00 -1000 1.84 6.00 12.78 -1000 41.54 1.34 275.922
car -1 -1 0.00 0.00 0.00 100.00 100.00 -1000 1.91 8.59 -18.49 -1000 31.37 1.47 273.885
car -1 -1 0.00 0.00 0.00 100.00 100.00 -1000 2.07 8.78 14.74 -1000 44.84 1.36 271.041
car -1 -1 0.00 0.00 0.00 100.00 100.00 -1000 1.82 9.39 -3.21 -1000 27.33 1.39 264.348
car -1 -1 0.00 0.00 0.00 100.00 100.00 -1000 1.70 5.09 -14.81 -1000 47.57 1.60 263.158
car -1 -1 0.00 0.00 0.00 100.00 100.00 -1000 1.68 7.45 -2.14 -1000 24.63 1.37 260.565
car -1 -1 0.00 0.00 0.00 100.00 100.00 -1000 1.98 6.12 7.98 -1000 44.32 1.49 259.028
car -1 -1 0.00 0.00 0.00 100.00 100.00 -1000 7.99 194.88 11.91 -1000 7.70 0.37 258.346
car -1 -1 0.00 0.00 0.00 100.00 100.00 -1000 1.95 6.93 0.01 -1000 46.65 1.35 254.355
car -1 -1 0.00 0.00 0.00 100.00 100.00 -1000 2.07 6.90 7.36 -1000 30.14 1.45 252.680
car -1 -1 0.00 0.00 0.00 100.00 100.00 -1000 2.13 8.14 9.15 -1000 30.89 1.53 251.994
car -1 -1 0.00 0.00 0.00 100.00 100.00 -1000 6.91 136.40 13.60 -1000 6.10 0.51 249.368
car -1 -1 0.00 0.00 0.00 100.00 100.00 -1000 1.72 4.70 9.34 -1000 37.56 1.40 248.301
car -1 -1 0.00 0.00 0.00 100.00 100.00 -1000 2.07 7.17 8.66 -1000 35.86 1.40 247.992
car -1 -1 0.00 0.00 0.00 100.00 100.00 -1000 1.66 3.49 3.66 -1000 40.55 -0.13 239.737
car -1 -1 0.00 0.00 0.00 100.00 100.00 -1000 1.90 5.54 -8.06 -1000 36.58 1.51 239.243
car -1 -1 0.00 0.00 0.00 100.00 100.00 -1000 1.79 5.71 -1.57 -1000 45.25 1.42 237.571
car -1 -1 0.00 0.00 0.00 100.00 100.00 -1000 2.13 11.06 -17.95 -1000 41.47 1.39 235.966
car -1 -1 0.00 0.00 0.00 100.00 100.00 -1000 3.87 21.67 12.12 -1000 5.59 0.35 235.600
car -1 -1 0.00 0.00 0.00 100.00 100.00 -1000 1.65 5.82 -0.63 -1000 34.24 1.33 232.462
car -1 -1 0.00 0.00 0.00 100.00 100.00 -1000 1.81 5.20 -16.15 -1000 38.13 1.61 232.145
car -1 -1 0.00 0.00 0.00 100.00 100.00 -1000 1.78 6.87 1.53 -1000 30.84 1.39 225.566
car -1 -1 0.00 0.00 0.00 100.00 100.00 -1000 1.79 7.01 16.19 -1000 40.34 1.37 224.885
car -1 -1 0.00 0.00 0.00 100.00 100.00 -1000 1.68 4.85 -9.01 -1000 46.89 1.48 223.203
car -1 -1 0.00 0.00 0.00 100.00 100.00 -1000 1.84 7.54 9.21 -1000 16.96 1.27 218.318
car -1 -1 0.00 0.00 0.00 100.00 100.00 -1000 2.23 8.39 1.28 -1000 42.18 1.53 217.177
car -1 -1 0.00 0.00 0.00 100.00 100.00 -1000 1.59 6.08 -13.02 -1000 40.07 1.53 216.083
car -1 -1 0.00 0.00 0.00 100.00 100.00 -1000 1.43 4.76 -3.97 -1000 23.41 1.47 215.779
car -1 -1 0.00 0.00 0.00 100.00 100.00 -1000 1.81 5.88 6.73 -1000 44.90 1.38 213.769
car -1 -1 0.00 0.00 0.00 100.00 100.00 -1000 1.60 3.85 6.94 -1000 24.96 -0.17 208.811
car -1 -1 0.00 0.00 0.00 100.00 100.00 -1000 1.41 3.59 12.80 -1000 20.99 -0.43 207.447
car -1 -1 0.00 0.00 0.00 100.00 100.00 -1000 2.13 7.77 8.02 -1000 27.77 1.40 206.562
car -1 -1 0.00 0.00 0.00 100.00 100.00 -1000 1.73 5.44 6.25 -1000 18.13 1.55 205.931
car -1 -1 0.00 0.00 0.00 100.00 100.00 -1000 2.26 8.87 10.20 -1000 31.70 1.47 202.916
car -1 -1 0.00 0.00 0.00 100.00 100.00 -1000 1.64 4.56 -16.55 -1000 45.43 1.61 201.803
car -1 -1 0.00 0.00 0.00 100.00 100.00 -1000 1.97 7.13 7.84 -1000 21.68 1.36 201.762
car -1 -1 0.00 0.00 0.00 100.00 100.00 -1000 1.72 5.46 -18.47 -1000 38.75 0.10 200.756
car -1 -1 0.00 0.00 0.00 100.00 100.00 -1000 3.71 7.51 11.23 -1000 3.00 0.70 199.847
car -1 -1 0.00 0.00 0.00 100.00 100.00 -1000 1.76 5.58 6.50 -1000 34.05 1.34 197.512
car -1 -1 0.00 0.00 0.00 100.00 100.00 -1000 1.99 6.74 1.36 -1000 43.87 1.41 193.550
car -1 -1 0.00 0.00 0.00 100.00 100.00 -1000 1.91 6.51 11.79 -1000 43.38 1.46 193.473
car -1 -1 0.00 0.00 0.00 100.00 100.00 -1000 1.90 9.14 -1.99 -1000 35.95 1.16 192.141
car -1 -1 0.00 0.00 0.00 100.00 100.00 -1000 1.69 5.15 -5.84 -1000 47.03 1.47 191.284
car -1 -1 0.00 0.00 0.00 100.00 100.00 -1000 1.88 7.98 17.08 -1000 19.75 1.32 189.534
car -1 -1 0.00 0.00 0.00 100.00 100.00 -1000 4.17 22.21 8.61 -1000 2.71 0.22 188.287
car -1 -1 0.00 0.00 0.00 100.00 100.00 -1000 2.03 7.72 -11.43 -1000 15.00 1.48 188.190
car -1 -1 0.00 0.00 0.00 100.00 100.00 -1000 1.76 6.79 17.05 -1000 18.57 1.36 188.159
car -1 -1 0.00 0.00 0.00 100.00 100.00 -1000 1.73 5.43 -18.50 -1000 46.03 0.09 188.022
car -1 -1 0.00 0.00 0.00 100.00 100.00 -1000 1.70 6.96 9.43 -1000 40.22 1.45 187.314
car -1 -1 0.00 0.00 0.00 100.00 100.00 -1000 2.06 6.79 2.28 -1000 36.05 1.35 184.581
car -1 -1 0.00 0.00 0.00 100.00 100.00 -1000 2.01 7.48 4.81 -1000 36.42 1.36 178.730
car -1 -1 0.00 0.00 0.00 100.00 100.00 -1000 1.79 6.71 15.47 -1000 39.51 1.37 175.050
car -1 -1 0.00 0.00 0.00 100.00 100.00 -1000 5.47 86.82 13.61 -1000 4.52 0.62 174.961
car -1 -1 0.00 0.00 0.00 100.00 100.00 -1000 1.60 5.55 8.30 -1000 14.59 1.44 174.573
car -1 -1 0.00 0.00 0.00 100.00 100.00 -1000 1.81 6.03 -9.22 -1000 37.37 1.40 174.450
car -1 -1 0.00 0.00 0.00 100.00 100.00 -1000 1.85 5.40 4.15 -1000 38.75 1.45 173.002
car -1 -1 0.00 0.00 0.00 100.00 100.00 -1000 2.97 15.61 -17.09 -1000 13.55 0.69 169.434
car -1 -1 0.00 0.00 0.00 100.00 100.00 -1000 1.79 7.75 9.96 -1000 44.98 1.37 167.347
car -1 -1 0.00 0.00 0.00 100.00 100.00 -1000 2.03 8.58 14.23 -1000 30.34 1.34 166.684
car -1 -1 0.00 0.00 0.00 100.00 100.00 -1000 1.83 7.04 16.77 -1000 17.39 1.38 165.733
car -1 -1 0.00 0.00 0.00 100.00 100.00 -1000 1.52 4.84 -14.81 -1000 39.03 1.51 165.420
car -1 -1 0.00 0.00 0.00 100.00 100.00 -1000 1.91 8.38 17.02 -1000 21.03 1.29 164.247
car -1 -1 0.00 0.00 0.00 100.00 100.00 -1000 1.68 8.53 -11.88 -1000 37.73 1.53 163.473
car -1 -1 0.00 0.00 0.00 100.00 100.00 -1000 4.14 7.36 7.64 -1000 3.04 0.56 159.799
car -1 -1 0.00 0.00 0.00 100.00 100.00 -1000 1.72 4.46 -6.10 -1000 46.05 0.02 157.531
car -1 -1 0.00 0.00 0.00 100.00 100.00 -1000 5.18 78.18 13.60 -1000 7.76 0.63 154.190
car -1 -1 0.00 0.00 0.00 100.00 100.00 -1000 1.71 6.79 9.22 -1000 15.91 1.31 153.927
car -1 -1 0.00 0.00 0.00 100.00 100.00 -1000 1.87 5.57 12.07 -1000 38.35 1.49 151.082
car -1 -1 0.00 0.00 0.00 100.00 100.00 -1000 1.95 7.82 16.14 -1000 46.87 1.28 147.878
car -1 -1 0.00 0.00 0.00 100.00 100.00 -1000 1.88 10.31 -13.98 -1000 42.29 1.29 147.482
car -1 -1 0.00 0.00 0.00 100.00 100.00 -1000 3.25 17.92 -16.70 -1000 6.99 0.50 142.568
car -1 -1 0.00 0.00 0.00 100.00 100.00 -1000 1.70 4.01 13.68 -1000 38.65 -0.25 141.812
car -1 -1 0.00 0.00 0.00 100.00 100.00 -1000 3.23 17.64 -16.70 -1000 5.38 0.51 141.173
car -1 -1 0.00 0.00 0.00 100.00 100.00 -1000 1.76 7.06 16.42 -1000 38.72 1.35 138.640
car -1 -1 0.00 0.00 0.00 100.00 100.00 -1000 1.90 5.90 -0.30 -1000 44.44 1.42 136.531
car -1 -1 0.00 0.00 0.00 100.00 100.00 -1000 1.81 6.02 3.17 -1000 43.42 1.43 135.573
car -1 -1 0.00 0.00 0.00 100.00 100.00 -1000 1.55 3.36 6.05 -1000 28.27 -0.43 135.529
car -1 -1 0.00 0.00 0.00 100.00 100.00 -1000 1.53 6.19 -12.57 -1000 39.33 1.48 134.863
car -1 -1 0.00 0.00 0.00 100.00 100.00 -1000 1.85 6.21 7.15 -1000 18.98 1.52 133.172
