car -1 -1 0.00 0.00 0.00 100.00 100.00 -1000 1.57 3.71 -6.89 -1000 26.65 1.40 999.530
car -1 -1 0.00 0.00 0.00 100.00 100.00 -1000 1.53 3.44 7.12 -1000 46.67 1.56 998.684
car -1 -1 0.00 0.00 0.00 100.00 100.00 -1000 1.60 4.15 -7.64 -1000 25.71 0.07 997.361
car -1 -1 0.00 0.00 0.00 100.00 100.00 -1000 1.59 3.90 -8.99 -1000 26.41 1.59 994.868
car -1 -1 0.00 0.00 0.00 100.00 100.00 -1000 1.57 3.69 -16.79 -1000 39.07 1.63 993.806
car -1 -1 0.00 0.00 0.00 100.00 100.00 -1000 1.63 3.87 -18.86 -1000 25.18 1.44 993.363
car -1 -1 0.00 0.00 0.00 100.00 100.00 -1000 1.57 4.22 -7.94 -1000 38.82 1.54 991.584
car -1 -1 0.00 0.00 0.00 100.00 100.00 -1000 1.61 3.87 -15.19 -1000 44.02 1.58 990.837
car -1 -1 0.00 0.00 0.00 100.00 100.00 -1000 1.62 4.53 -7.06 -1000 27.39 1.55 989.645
car -1 -1 0.00 0.00 0.00 100.00 100.00 -1000 1.56 3.86 -15.20 -1000 39.18 1.54 989.054
car -1 -1 0.00 0.00 0.00 100.00 100.00 -1000 1.66 4.24 -16.16 -1000 38.26 0.10 988.098
car -1 -1 0.00 0.00 0.00 100.00 100.00 -1000 1.55 3.60 -17.49 -1000 24.98 1.61 986.539
car -1 -1 0.00 0.00 0.00 100.00 100.00 -1000 1.61 4.14 -15.39 -1000 43.19 0.10 986.365
car -1 -1 0.00 0.00 0.00 100.00 100.00 -1000 1.57 3.91 -18.45 -1000 24.25 -0.00 985.238
car -1 -1 0.00 0.00 0.00 100.00 100.00 -1000 1.67 4.51 -9.40 -1000 25.53 0.14 979.976
car -1 -1 0.00 0.00 0.00 100.00 100.00 -1000 1.57 3.49 6.96 -1000 40.79 1.56 978.552
car -1 -1 0.00 0.00 0.00 100.00 100.00 -1000 1.59 4.03 7.08 -1000 45.92 -0.03 975.503
car -1 -1 0.00 0.00 0.00 100.00 100.00 -1000 1.63 4.02 -15.13 -1000 20.36 1.56 968.999
car -1 -1 0.00 0.00 0.00 100.00 100.00 -1000 1.45 3.86 -7.81 -1000 37.59 0.14 967.352
car -1 -1 0.00 0.00 0.00 100.00 100.00 -1000 1.63 3.68 6.92 -1000 31.43 1.57 957.252
car -1 -1 0.00 0.00 0.00 100.00 100.00 -1000 1.61 3.89 -16.19 -1000 25.30 1.62 952.665
car -1 -1 0.00 0.00 0.00 100.00 100.00 -1000 1.62 3.88 -16.72 -1000 24.41 -0.33 934.070
car -1 -1 0.00 0.00 0.00 100.00 100.00 -1000 1.60 4.02 -10.39 -1000 26.12 1.56 931.652
car -1 -1 0.00 0.00 0.00 100.00 100.00 -1000 3.11 9.36 -15.50 -1000 32.61 0.81 929.752
car -1 -1 0.00 0.00 0.00 100.00 100.00 -1000 1.60 3.87 19.20 -1000 32.95 1.62 922.952
car -1 -1 0.00 0.00 0.00 100.00 100.00 -1000 4.08 26.76 -14.71 -1000 31.81 0.98 922.667
car -1 -1 0.00 0.00 0.00 100.00 100.00 -1000 1.63 4.22 8.22 -1000 47.09 1.54 912.547
car -1 -1 0.00 0.00 0.00 100.00 100.00 -1000 1.67 4.04 -16.63 -1000 43.79 1.60 909.372
car -1 -1 0.00 0.00 0.00 100.00 100.00 -1000 1.63 4.20 -15.56 -1000 26.03 1.63 907.539
car -1 -1 0.00 0.00 0.00 100.00 100.00 -1000 1.85 6.56 -9.70 -1000 27.17 1.41 906.829
car -1 -1 0.00 0.00 0.00 100.00 100.00 -1000 2.88 4.97 -15.13 -1000 31.86 1.14 899.244
car -1 -1 0.00 0.00 0.00 100.00 100.00 -1000 1.71 4.73 5.69 -1000 46.40 1.55 896.970
car -1 -1 0.00 0.00 0.00 100.00 100.00 -1000 5.23 46.58 -15.50 -1000 31.80 0.87 893.532
car -1 -1 0.00 0.00 0.00 100.00 100.00 -1000 1.64 4.26 -14.28 -1000 44.55 1.66 892.534
car -1 -1 0.00 0.00 0.00 100.00 100.00 -1000 1.63 3.73 -17.63 -1000 38.51 1.54 886.535
car -1 -1 0.00 0.00 0.00 100.00 100.00 -1000 2.28 11.43 -11.41 -1000 28.09 1.23 883.596
car -1 -1 0.00 0.00 0.00 100.00 100.00 -1000 1.86 5.87 -18.80 -1000 25.91 1.42 879.870
car -1 -1 0.00 0.00 0.00 100.00 100.00 -1000 2.75 9.91 -17.55 -1000 29.11 1.14 870.157
car -1 -1 0.00 0.00 0.00 100.00 100.00 -1000 1.68 4.97 -15.23 -1000 19.09 1.63 868.023
car -1 -1 0.00 0.00 0.00 100.00 100.00 -1000 1.83 6.72 -8.44 -1000 28.00 1.40 862.927
car -1 -1 0.00 0.00 0.00 100.00 100.00 -1000 1.79 4.79 -16.99 -1000 42.99 -0.02 857.781
car -1 -1 0.00 0.00 0.00 100.00 100.00 -1000 2.48 12.77 -11.31 -1000 29.17 1.23 857.555
car -1 -1 0.00 0.00 0.00 100.00 100.00 -1000 1.77 5.03 -17.78 -1000 39.65 1.54 852.971
car -1 -1 0.00 0.00 0.00 100.00 100.00 -1000 1.63 4.15 18.69 -1000 34.04 1.61 851.701
car -1 -1 0.00 0.00 0.00 100.00 100.00 -1000 3.52 10.90 -16.97 -1000 31.39 0.72 848.093
car -1 -1 0.00 0.00 0.00 100.00 100.00 -1000 2.04 6.54 -16.89 -1000 28.01 1.51 834.330
car -1 -1 0.00 0.00 0.00 100.00 100.00 -1000 1.95 5.34 6.59 -1000 47.38 1.43 832.020
car -1 -1 0.00 0.00 0.00 100.00 100.00 -1000 1.62 4.02 -8.61 -1000 38.17 1.53 829.633
car -1 -1 0.00 0.00 0.00 100.00 100.00 -1000 1.68 4.09 7.36 -1000 40.03 1.60 829.069
car -1 -1 0.00 0.00 0.00 100.00 100.00 -1000 3.31 18.16 -16.94 -1000 28.82 1.26 815.567
car -1 -1 0.00 0.00 0.00 100.00 100.00 -1000 1.88 5.57 -16.89 -1000 44.53 1.56 804.272
car -1 -1 0.00 0.00 0.00 100.00 100.00 -1000 1.76 5.73 -15.22 -1000 26.87 1.53 799.253
car -1 -1 0.00 0.00 0.00 100.00 100.00 -1000 1.52 4.83 -5.46 -1000 28.04 1.52 787.892
car -1 -1 0.00 0.00 0.00 100.00 100.00 -1000 1.69 5.23 -9.81 -1000 38.70 1.44 778.304
car -1 -1 0.00 0.00 0.00 100.00 100.00 -1000 1.66 4.11 9.68 -1000 46.89 1.57 772.828
car -1 -1 0.00 0.00 0.00 100.00 100.00 -1000 1.66 3.80 7.28 -1000 30.63 -0.22 769.386
car -1 -1 0.00 0.00 0.00 100.00 100.00 -1000 1.57 3.74 8.13 -1000 41.14 1.56 768.083
car -1 -1 0.00 0.00 0.00 100.00 100.00 -1000 1.73 3.17 -15.53 -1000 33.09 1.08 751.665
car -1 -1 0.00 0.00 0.00 100.00 100.00 -1000 1.83 4.33 -6.55 -1000 18.21 1.44 750.699
car -1 -1 0.00 0.00 0.00 100.00 100.00 -1000 1.87 6.53 2.42 -1000 26.43 1.45 750.480
car -1 -1 0.00 0.00 0.00 100.00 100.00 -1000 1.76 5.00 -15.22 -1000 21.25 1.52 748.248
car -1 -1 0.00 0.00 0.00 100.00 100.00 -1000 1.61 3.73 16.39 -1000 25.76 1.53 746.943
car -1 -1 0.00 0.00 0.00 100.00 100.00 -1000 1.72 4.60 4.77 -1000 45.77 1.64 737.595
car -1 -1 0.00 0.00 0.00 100.00 100.00 -1000 1.67 4.38 16.13 -1000 30.46 1.58 732.842
car -1 -1 0.00 0.00 0.00 100.00 100.00 -1000 1.66 4.16 8.97 -1000 46.26 1.69 731.862
car -1 -1 0.00 0.00 0.00 100.00 100.00 -1000 1.66 4.29 -13.90 -1000 43.71 1.65 722.117
car -1 -1 0.00 0.00 0.00 100.00 100.00 -1000 2.50 15.44 -10.96 -1000 30.15 1.19 721.187
car -1 -1 0.00 0.00 0.00 100.00 100.00 -1000 1.61 4.39 -16.74 -1000 26.45 1.55 707.524
car -1 -1 0.00 0.00 0.00 100.00 100.00 -1000 1.97 8.42 -5.61 -1000 41.20 1.40 694.663
car -1 -1 0.00 0.00 0.00 100.00 100.00 -1000 1.67 4.26 9.81 -1000 41.43 1.56 689.781
car -1 -1 0.00 0.00 0.00 100.00 100.00 -1000 1.79 4.86 6.02 -1000 41.64 1.45 688.970
car -1 -1 0.00 0.00 0.00 100.00 100.00 -1000 1.58 3.27 -14.75 -1000 32.60 1.26 688.180
car -1 -1 0.00 0.00 0.00 100.00 100.00 -1000 1.68 4.30 -15.06 -1000 37.80 -0.09 680.040
car -1 -1 0.00 0.00 0.00 100.00 100.00 -1000 2.15 6.21 3.13 -1000 40.60 1.32 677.155
car -1 -1 0.00 0.00 0.00 100.00 100.00 -1000 3.08 4.84 -16.24 -1000 30.57 1.07 671.506
car -1 -1 0.00 0.00 0.00 100.00 100.00 -1000 2.25 14.89 -5.75 -1000 29.73 1.35 659.176
car -1 -1 0.00 0.00 0.00 100.00 100.00 -1000 2.18 8.20 -14.39 -1000 28.61 1.50 654.664
car -1 -1 0.00 0.00 0.00 100.00 100.00 -1000 1.61 3.83 10.96 -1000 46.43 1.60 641.542
car -1 -1 0.00 0.00 0.00 100.00 100.00 -1000 1.76 6.64 -6.91 -1000 18.92 1.14 630.029
car -1 -1 0.00 0.00 0.00 100.00 100.00 -1000 1.73 4.33 -14.32 -1000 38.61 -0.34 626.617
car -1 -1 0.00 0.00 0.00 100.00 100.00 -1000 1.80 5.24 -14.60 -1000 45.43 1.60 624.346
car -1 -1 0.00 0.00 0.00 100.00 100.00 -1000 1.70 5.74 -14.93 -1000 24.66 1.30 623.074
car -1 -1 0.00 0.00 0.00 100.00 100.00 -1000 1.63 4.57 -11.87 -1000 25.79 1.56 610.671
car -1 -1 0.00 0.00 0.00 100.00 100.00 -1000 1.83 6.53 -12.74 -1000 26.47 1.44 604.025
car -1 -1 0.00 0.00 0.00 100.00 100.00 -1000 1.87 5.41 -19.21 -1000 26.94 1.39 602.347
car -1 -1 0.00 0.00 0.00 100.00 100.00 -1000 1.78 4.49 -17.72 -1000 37.76 0.06 601.620
car -1 -1 0.00 0.00 0.00 100.00 100.00 -1000 1.74 4.57 10.27 -1000 34.53 1.48 597.654
car -1 -1 0.00 0.00 0.00 100.00 100.00 -1000 1.80 5.33 17.48 -1000 33.34 1.52 595.996
car -1 -1 0.00 0.00 0.00 100.00 100.00 -1000 1.74 4.45 5.10 -1000 40.72 1.55 591.295
car -1 -1 0.00 0.00 0.00 100.00 100.00 -1000 1.58 4.72 -5.92 -1000 38.55 1.68 589.188
car -1 -1 0.00 0.00 0.00 100.00 100.00 -1000 2.13 10.09 13.55 -1000 36.07 1.26 586.781
car -1 -1 0.00 0.00 0.00 100.00 100.00 -1000 1.75 5.72 -14.41 -1000 39.80 1.49 584.174
car -1 -1 0.00 0.00 0.00 100.00 100.00 -1000 2.10 7.86 3.82 -1000 32.92 1.40 584.092
car -1 -1 0.00 0.00 0.00 100.00 100.00 -1000 2.03 9.78 -11.58 -1000 30.67 1.32 581.858
car -1 -1 0.00 0.00 0.00 100.00 100.00 -1000 1.79 6.80 -10.18 -1000 39.40 1.32 577.429
car -1 -1 0.00 0.00 0.00 100.00 100.00 -1000 1.71 6.24 -5.45 -1000 27.02 1.55 575.192
car -1 -1 0.00 0.00 0.00 100.00 100.00 -1000 1.81 5.54 -18.37 -1000 29.38 1.19 565.223
car -1 -1 0.00 0.00 0.00 100.00 100.00 -1000 1.70 4.64 18.53 -1000 32.29 1.59 563.513
car -1 -1 0.00 0.00 0.00 100.00 100.00 -1000 1.68 6.15 -6.96 -1000 39.44 1.43 557.765
car -1 -1 0.00 0.00 0.00 100.00 100.00 -1000 1.77 7.09 4.18 -1000 30.90 1.40 540.524
car -1 -1 0.00 0.00 0.00 100.00 100.00 -1000 2.22 11.18 -13.74 -1000 40.99 1.29 535.421
car -1 -1 0.00 0.00 0.00 100.00 100.00 -1000 1.87 5.78 18.05 -1000 34.78 1.55 525.691
car -1 -1 0.00 0.00 0.00 100.00 100.00 -1000 1.71 4.63 -16.44 -1000 19.87 1.53 517.586
car -1 -1 0.00 0.00 0.00 100.00 100.00 -1000 1.78 4.58 -5.98 -1000 25.97 -0.26 513.880
car -1 -1 0.00 0.00 0.00 100.00 100.00 -1000 1.79 8.26 2.10 -1000 27.31 1.34 512.201
car -1 -1 0.00 0.00 0.00 100.00 100.00 -1000 1.40 3.19 -14.45 -1000 31.51 1.25 510.638
car -1 -1 0.00 0.00 0.00 100.00 100.00 -1000 1.99 8.19 -12.97 -1000 27.33 1.46 508.437
car -1 -1 0.00 0.00 0.00 100.00 100.00 -1000 1.70 4.70 10.78 -1000 33.71 1.45 493.690
car -1 -1 0.00 0.00 0.00 100.00 100.00 -1000 1.86 8.28 3.60 -1000 31.78 1.44 485.786
car -1 -1 0.00 0.00 0.00 100.00 100.00 -1000 1.90 5.08 8.43 -1000 34.52 1.51 485.517
car -1 -1 0.00 0.00 0.00 100.00 100.00 -1000 1.68 4.00 7.35 -1000 45.01 -0.19 483.645
car -1 -1 0.00 0.00 0.00 100.00 100.00 -1000 2.13 7.26 -17.97 -1000 45.35 1.42 482.521
car -1 -1 0.00 0.00 0.00 100.00 100.00 -1000 1.82 5.12 14.75 -1000 26.33 1.49 482.141
car -1 -1 0.00 0.00 0.00 100.00 100.00 -1000 2.04 9.42 12.60 -1000 36.94 1.29 474.786
car -1 -1 0.00 0.00 0.00 100.00 100.00 -1000 1.82 7.54 3.68 -1000 29.74 1.38 472.298
car -1 -1 0.00 0.00 0.00 100.00 100.00 -1000 1.67 4.52 11.40 -1000 45.03 1.53 470.089
car -1 -1 0.00 0.00 0.00 100.00 100.00 -1000 1.87 9.31 1.41 -1000 25.75 1.51 469.105
car -1 -1 0.00 0.00 0.00 100.00 100.00 -1000 1.67 4.32 10.23 -1000 40.34 1.56 468.946
car -1 -1 0.00 0.00 0.00 100.00 100.00 -1000 1.95 8.75 15.38 -1000 34.54 1.28 466.559
car -1 -1 0.00 0.00 0.00 100.00 100.00 -1000 1.76 5.21 -11.05 -1000 25.15 1.65 465.084
car -1 -1 0.00 0.00 0.00 100.00 100.00 -1000 2.38 8.78 -6.35 -1000 17.84 1.47 457.083
car -1 -1 0.00 0.00 0.00 100.00 100.00 -1000 1.66 4.62 -9.78 -1000 37.78 1.56 456.554
car -1 -1 0.00 0.00 0.00 100.00 100.00 -1000 1.69 4.41 18.08 -1000 25.75 1.53 455.971
car -1 -1 0.00 0.00 0.00 100.00 100.00 -1000 2.02 10.95 -6.02 -1000 28.96 1.30 451.869
car -1 -1 0.00 0.00 0.00 100.00 100.00 -1000 2.89 16.71 5.13 -1000 35.42 1.21 446.974
car -1 -1 0.00 0.00 0.00 100.00 100.00 -1000 2.20 10.53 5.25 -1000 33.76 1.31 446.823
car -1 -1 0.00 0.00 0.00 100.00 100.00 -1000 1.66 4.84 -13.56 -1000 25.63 1.63 445.711
car -1 -1 0.00 0.00 0.00 100.00 100.00 -1000 1.80 5.69 -15.07 -1000 22.23 1.54 445.427
car -1 -1 0.00 0.00 0.00 100.00 100.00 -1000 1.88 5.80 4.75 -1000 25.59 1.45 443.170
car -1 -1 0.00 0.00 0.00 100.00 100.00 -1000 2.04 6.69 -19.13 -1000 40.64 1.50 442.021
car -1 -1 0.00 0.00 0.00 100.00 100.00 -1000 2.06 9.53 -11.58 -1000 40.23 1.26 438.244
car -1 -1 0.00 0.00 0.00 100.00 100.00 -1000 1.72 5.14 14.96 -1000 30.91 1.47 426.625
car -1 -1 0.00 0.00 0.00 100.00 100.00 -1000 1.93 5.77 -19.30 -1000 28.05 1.39 423.841
car -1 -1 0.00 0.00 0.00 100.00 100.00 -1000 1.84 5.21 9.46 -1000 35.29 1.49 419.886
car -1 -1 0.00 0.00 0.00 100.00 100.00 -1000 1.93 6.05 9.24 -1000 42.14 1.51 418.414
car -1 -1 0.00 0.00 0.00 100.00 100.00 -1000 1.87 5.45 5.97 -1000 27.96 1.39 409.400
car -1 -1 0.00 0.00 0.00 100.00 100.00 -1000 1.68 6.42 2.33 -1000 29.01 1.43 407.324
car -1 -1 0.00 0.00 0.00 100.00 100.00 -1000 2.85 7.50 4.88 -1000 36.56 1.08 402.565
car -1 -1 0.00 0.00 0.00 100.00 100.00 -1000 2.04 9.36 13.04 -1000 38.38 1.32 397.257
car -1 -1 0.00 0.00 0.00 100.00 100.00 -1000 1.82 5.28 -13.80 -1000 42.85 1.61 396.004
car -1 -1 0.00 0.00 0.00 100.00 100.00 -1000 1.98 6.20 -18.37 -1000 43.53 1.45 395.566
car -1 -1 0.00 0.00 0.00 100.00 100.00 -1000 1.73 5.14 -14.11 -1000 46.71 1.39 388.653
car -1 -1 0.00 0.00 0.00 100.00 100.00 -1000 2.18 6.32 3.74 -1000 35.36 1.39 387.546
car -1 -1 0.00 0.00 0.00 100.00 100.00 -1000 2.75 13.76 3.19 -1000 40.36 1.25 385.840
car -1 -1 0.00 0.00 0.00 100.00 100.00 -1000 1.76 4.95 9.44 -1000 45.34 1.57 380.611
car -1 -1 0.00 0.00 0.00 100.00 100.00 -1000 2.08 8.44 -19.54 -1000 42.36 1.34 379.875
car -1 -1 0.00 0.00 0.00 100.00 100.00 -1000 1.88 7.60 -6.47 -1000 40.21 1.39 373.141
car -1 -1 0.00 0.00 0.00 100.00 100.00 -1000 1.67 4.23 3.94 -1000 41.33 1.37 370.338
car -1 -1 0.00 0.00 0.00 100.00 100.00 -1000 1.85 5.96 16.85 -1000 32.58 1.51 360.332
car -1 -1 0.00 0.00 0.00 100.00 100.00 -1000 1.73 4.25 -18.96 -1000 23.56 1.69 359.448
car -1 -1 0.00 0.00 0.00 100.00 100.00 -1000 1.92 6.20 6.45 -1000 32.41 1.50 358.517
car -1 -1 0.00 0.00 0.00 100.00 100.00 -1000 1.73 7.19 2.56 -1000 28.16 1.41 354.036
car -1 -1 0.00 0.00 0.00 100.00 100.00 -1000 1.87 8.15 13.70 -1000 44.87 1.37 352.394
car -1 -1 0.00 0.00 0.00 100.00 100.00 -1000 1.78 5.48 -15.98 -1000 23.44 1.52 347.866
car -1 -1 0.00 0.00 0.00 100.00 100.00 -1000 1.73 5.88 2.93 -1000 22.58 1.35 347.560
car -1 -1 0.00 0.00 0.00 100.00 100.00 -1000 3.00 17.24 2.45 -1000 37.48 0.93 346.256
car -1 -1 0.00 0.00 0.00 100.00 100.00 -1000 1.49 4.83 -4.13 -1000 26.04 1.53 345.671
car -1 -1 0.00 0.00 0.00 100.00 100.00 -1000 1.78 5.56 -16.53 -1000 20.81 1.42 343.370
car -1 -1 0.00 0.00 0.00 100.00 100.00 -1000 2.05 6.18 7.33 -1000 35.67 1.43 342.619
car -1 -1 0.00 0.00 0.00 100.00 100.00 -1000 1.78 7.19 -11.77 -1000 43.69 1.38 339.230
car -1 -1 0.00 0.00 0.00 100.00 100.00 -1000 2.23 10.41 -12.60 -1000 33.54 1.26 335.427
car -1 -1 0.00 0.00 0.00 100.00 100.00 -1000 2.06 6.41 -14.47 -1000 41.90 1.61 334.721
car -1 -1 0.00 0.00 0.00 100.00 100.00 -1000 1.86 10.27 -6.39 -1000 30.60 1.36 331.030
car -1 -1 0.00 0.00 0.00 100.00 100.00 -1000 1.81 7.60 -11.95 -1000 44.89 1.42 330.818
car -1 -1 0.00 0.00 0.00 100.00 100.00 -1000 2.79 5.78 -18.50 -1000 30.45 1.16 329.457
car -1 -1 0.00 0.00 0.00 100.00 100.00 -1000 1.71 7.65 -2.42 -1000 28.74 1.37 327.965
car -1 -1 0.00 0.00 0.00 100.00 100.00 -1000 1.70 4.53 18.99 -1000 24.96 1.49 325.798
car -1 -1 0.00 0.00 0.00 100.00 100.00 -1000 2.19 11.42 -13.88 -1000 42.38 1.26 319.544
car -1 -1 0.00 0.00 0.00 100.00 100.00 -1000 1.84 5.51 7.90 -1000 33.67 1.53 314.944
car -1 -1 0.00 0.00 0.00 100.00 100.00 -1000 1.86 7.52 14.45 -1000 33.78 1.26 314.304
car -1 -1 0.00 0.00 0.00 100.00 100.00 -1000 1.70 5.95 -13.33 -1000 39.20 1.42 312.726
car -1 -1 0.00 0.00 0.00 100.00 100.00 -1000 1.81 7.06 3.07 -1000 24.52 1.37 312.707
car -1 -1 0.00 0.00 0.00 100.00 100.00 -1000 1.83 4.95 13.47 -1000 25.70 1.47 307.649
car -1 -1 0.00 0.00 0.00 100.00 100.00 -1000 1.75 5.25 -15.27 -1000 18.02 1.58 306.541
car -1 -1 0.00 0.00 0.00 100.00 100.00 -1000 1.86 7.59 13.56 -1000 39.23 1.36 303.490
car -1 -1 0.00 0.00 0.00 100.00 100.00 -1000 2.02 6.98 -16.31 -1000 45.86 1.55 297.541
car -1 -1 0.00 0.00 0.00 100.00 100.00 -1000 1.89 7.94 -13.26 -1000 45.97 1.36 291.442
car -1 -1 0.00 0.00 0.00 100.00 100.00 -1000 1.76 4.76 16.71 -1000 25.06 1.49 291.187
car -1 -1 0.00 0.00 0.00 100.00 100.00 -1000 1.49 5.00 -12.80 -1000 20.72 1.60 290.874
car -1 -1 0.00 0.00 0.00 100.00 100.00 -1000 1.87 5.75 15.29 -1000 29.29 1.50 290.650
car -1 -1 0.00 0.00 0.00 100.00 100.00 -1000 1.98 6.63 5.30 -1000 28.77 1.39 290.551
car -1 -1 0.00 0.00 0.00 100.00 100.00 -1000 1.68 4.28 -15.95 -1000 42.48 1.73 288.221
car -1 -1 0.00 0.00 0.00 100.00 100.00 -1000 1.75 4.39 -6.98 -1000 36.95 -0.12 269.810
car -1 -1 0.00 0.00 0.00 100.00 100.00 -1000 1.65 4.29 -16.40 -1000 37.39 1.66 268.808
car -1 -1 0.00 0.00 0.00 100.00 100.00 -1000 2.23 7.27 10.19 -1000 47.41 1.42 266.938
car -1 -1 0.00 0.00 0.00 100.00 100.00 -1000 1.94 8.45 13.38 -1000 40.84 1.33 265.471
car -1 -1 0.00 0.00 0.00 100.00 100.00 -1000 1.77 8.07 -2.97 -1000 29.54 1.34 265.374
car -1 -1 0.00 0.00 0.00 100.00 100.00 -1000 1.88 6.09 16.41 -1000 31.35 1.57 261.649
car -1 -1 0.00 0.00 0.00 100.00 100.00 -1000 1.91 6.05 5.10 -1000 18.32 1.41 259.286
car -1 -1 0.00 0.00 0.00 100.00 100.00 -1000 2.11 9.11 4.85 -1000 46.94 1.27 257.574
car -1 -1 0.00 0.00 0.00 100.00 100.00 -1000 1.94 5.75 7.81 -1000 44.33 1.57 255.720
car -1 -1 0.00 0.00 0.00 100.00 100.00 -1000 2.04 6.36 5.70 -1000 26.80 1.33 255.166
car -1 -1 0.00 0.00 0.00 100.00 100.00 -1000 1.80 5.53 17.10 -1000 26.31 1.46 255.018
car -1 -1 0.00 0.00 0.00 100.00 100.00 -1000 1.86 8.40 13.64 -1000 43.62 1.33 253.267
car -1 -1 0.00 0.00 0.00 100.00 100.00 -1000 1.93 6.34 4.91 -1000 23.87 1.47 253.147
car -1 -1 0.00 0.00 0.00 100.00 100.00 -1000 2.17 6.90 -15.67 -1000 47.15 1.40 251.610
car -1 -1 0.00 0.00 0.00 100.00 100.00 -1000 2.01 6.63 8.95 -1000 36.16 1.42 251.389
car -1 -1 0.00 0.00 0.00 100.00 100.00 -1000 1.80 7.10 5.28 -1000 34.63 1.36 249.876
car -1 -1 0.00 0.00 0.00 100.00 100.00 -1000 2.01 7.04 10.30 -1000 43.96 1.46 249.696
car -1 -1 0.00 0.00 0.00 100.00 100.00 -1000 1.97 8.10 -12.41 -1000 31.94 1.33 246.661
car -1 -1 0.00 0.00 0.00 100.00 100.00 -1000 1.83 5.89 4.69 -1000 19.17 1.43 238.945
car -1 -1 0.00 0.00 0.00 100.00 100.00 -1000 1.99 5.51 6.66 -1000 15.59 1.33 238.748
car -1 -1 0.00 0.00 0.00 100.00 100.00 -1000 1.85 5.57 8.50 -1000 31.21 1.43 235.214
car -1 -1 0.00 0.00 0.00 100.00 100.00 -1000 1.91 5.80 -17.93 -1000 22.93 1.55 234.751
car -1 -1 0.00 0.00 0.00 100.00 100.00 -1000 1.71 9.23 -3.89 -1000 30.98 1.36 232.422
car -1 -1 0.00 0.00 0.00 100.00 100.00 -1000 1.79 5.41 9.40 -1000 30.44 1.38 232.129
car -1 -1 0.00 0.00 0.00 100.00 100.00 -1000 1.69 4.03 -6.50 -1000 25.02 -0.21 232.057
car -1 -1 0.00 0.00 0.00 100.00 100.00 -1000 1.99 9.98 13.17 -1000 42.43 1.27 230.235
car -1 -1 0.00 0.00 0.00 100.00 100.00 -1000 1.77 6.29 3.02 -1000 21.32 1.27 228.675
car -1 -1 0.00 0.00 0.00 100.00 100.00 -1000 1.80 5.16 5.23 -1000 39.77 1.52 227.588
car -1 -1 0.00 0.00 0.00 100.00 100.00 -1000 2.08 11.62 -4.59 -1000 28.21 1.44 226.910
car -1 -1 0.00 0.00 0.00 100.00 100.00 -1000 1.78 5.15 12.52 -1000 32.08 1.51 225.576
car -1 -1 0.00 0.00 0.00 100.00 100.00 -1000 1.80 7.26 13.64 -1000 46.11 1.37 224.538
car -1 -1 0.00 0.00 0.00 100.00 100.00 -1000 1.49 3.79 -8.57 -1000 24.86 1.52 224.291
car -1 -1 0.00 0.00 0.00 100.00 100.00 -1000 1.57 6.73 -3.49 -1000 40.33 1.38 223.853
car -1 -1 0.00 0.00 0.00 100.00 100.00 -1000 2.91 16.18 4.69 -1000 15.94 1.19 223.435
car -1 -1 0.00 0.00 0.00 100.00 100.00 -1000 2.95 8.87 2.95 -1000 41.31 0.88 215.163
car -1 -1 0.00 0.00 0.00 100.00 100.00 -1000 1.73 5.97 -11.36 -1000 38.07 1.36 213.928
car -1 -1 0.00 0.00 0.00 100.00 100.00 -1000 1.90 7.54 -18.10 -1000 21.77 1.28 213.275
car -1 -1 0.00 0.00 0.00 100.00 100.00 -1000 1.77 5.64 12.84 -1000 32.99 1.43 211.428
car -1 -1 0.00 0.00 0.00 100.00 100.00 -1000 1.95 8.29 12.48 -1000 40.01 1.34 211.368
car -1 -1 0.00 0.00 0.00 100.00 100.00 -1000 1.61 6.29 -2.45 -1000 26.79 1.43 211.318
car -1 -1 0.00 0.00 0.00 100.00 100.00 -1000 1.69 6.14 8.95 -1000 12.79 1.49 209.730
car -1 -1 0.00 0.00 0.00 100.00 100.00 -1000 1.50 4.73 -4.54 -1000 39.30 1.52 209.706
car -1 -1 0.00 0.00 0.00 100.00 100.00 -1000 4.44 8.17 5.08 -1000 15.38 0.82 207.562
car -1 -1 0.00 0.00 0.00 100.00 100.00 -1000 1.76 6.09 -16.84 -1000 18.73 1.52 207.153
car -1 -1 0.00 0.00 0.00 100.00 100.00 -1000 1.81 3.40 -18.11 -1000 32.00 1.00 202.626
car -1 -1 0.00 0.00 0.00 100.00 100.00 -1000 1.82 7.36 14.73 -1000 32.24 1.31 202.239
car -1 -1 0.00 0.00 0.00 100.00 100.00 -1000 2.18 9.06 -14.97 -1000 30.34 1.12 199.985
car -1 -1 0.00 0.00 0.00 100.00 100.00 -1000 1.99 7.45 17.40 -1000 35.72 1.42 199.140
car -1 -1 0.00 0.00 0.00 100.00 100.00 -1000 1.79 5.29 13.81 -1000 17.59 1.48 194.803
car -1 -1 0.00 0.00 0.00 100.00 100.00 -1000 1.62 5.26 -13.99 -1000 19.69 1.62 185.916
car -1 -1 0.00 0.00 0.00 100.00 100.00 -1000 2.01 7.15 5.36 -1000 21.13 1.36 183.458
car -1 -1 0.00 0.00 0.00 100.00 100.00 -1000 1.92 5.39 -8.84 -1000 37.02 -0.08 180.806
car -1 -1 0.00 0.00 0.00 100.00 100.00 -1000 1.82 6.38 -18.28 -1000 20.21 1.36 180.577
car -1 -1 0.00 0.00 0.00 100.00 100.00 -1000 1.81 9.83 -2.68 -1000 27.38 1.43 179.865
car -1 -1 0.00 0.00 0.00 100.00 100.00 -1000 1.82 5.90 10.27 -1000 39.59 1.50 174.879
car -1 -1 0.00 0.00 0.00 100.00 100.00 -1000 1.78 5.03 7.77 -1000 39.22 1.54 169.223
car -1 -1 0.00 0.00 0.00 100.00 100.00 -1000 1.75 5.04 5.54 -1000 45.04 1.59 168.121
car -1 -1 0.00 0.00 0.00 100.00 100.00 -1000 1.52 5.34 -4.36 -1000 38.10 1.58 166.296
car -1 -1 0.00 0.00 0.00 100.00 100.00 -1000 1.59 5.63 -13.14 -1000 21.82 1.55 161.303
car -1 -1 0.00 0.00 0.00 100.00 100.00 -1000 1.84 4.26 -18.34 -1000 33.44 0.85 160.980
car -1 -1 0.00 0.00 0.00 100.00 100.00 -1000 1.86 7.90 -10.79 -1000 32.76 1.31 158.195
car -1 -1 0.00 0.00 0.00 100.00 100.00 -1000 2.07 6.22 5.50 -1000 30.18 1.40 154.498
car -1 -1 0.00 0.00 0.00 100.00 100.00 -1000 1.82 3.91 -19.08 -1000 31.41 1.12 149.591
car -1 -1 0.00 0.00 0.00 100.00 100.00 -1000 3.53 13.49 -18.95 -1000 30.34 1.11 147.365
car -1 -1 0.00 0.00 0.00 100.00 100.00 -1000 2.60 17.12 4.25 -1000 38.68 1.22 146.278
car -1 -1 0.00 0.00 0.00 100.00 100.00 -1000 1.93 6.92 9.90 -1000 33.03 1.41 145.092
car -1 -1 0.00 0.00 0.00 100.00 100.00 -1000 1.92 5.52 14.59 -1000 24.91 1.50 144.824
car -1 -1 0.00 0.00 0.00 100.00 100.00 -1000 2.25 15.84 1.95 -1000 41.81 1.02 144.658
car -1 -1 0.00 0.00 0.00 100.00 100.00 -1000 2.20 8.19 9.47 -1000 43.05 1.45 143.441
car -1 -1 0.00 0.00 0.00 100.00 100.00 -1000 1.87 6.77 8.82 -1000 32.15 1.46 140.615
car -1 -1 0.00 0.00 0.00 100.00 100.00 -1000 1.93 6.82 11.35 -1000 25.42 1.36 140.497
car -1 -1 0.00 0.00 0.00 100.00 100.00 -1000 2.21 8.00 -17.75 -1000 46.57 1.37 137.710
car -1 -1 0.00 0.00 0.00 100.00 100.00 -1000 1.85 7.13 2.33 -1000 23.35 1.33 134.735
car -1 -1 0.00 0.00 0.00 100.00 100.00 -1000 1.84 5.97 15.20 -1000 22.32 1.31 133.863
