car -1 -1 0.00 0.00 0.00 100.00 100.00 -1000 1.53 3.57 -0.48 -1000 25.50 1.53 999.943
car -1 -1 0.00 0.00 0.00 100.00 100.00 -1000 1.49 3.65 -4.32 -1000 42.90 1.40 999.225
car -1 -1 0.00 0.00 0.00 100.00 100.00 -1000 1.43 3.58 -0.73 -1000 24.74 0.08 999.167
car -1 -1 0.00 0.00 0.00 100.00 100.00 -1000 1.57 3.86 -7.21 -1000 32.32 1.51 998.352
car -1 -1 0.00 0.00 0.00 100.00 100.00 -1000 1.53 4.04 -0.95 -1000 26.26 1.55 997.082
car -1 -1 0.00 0.00 0.00 100.00 100.00 -1000 1.50 3.63 -4.45 -1000 42.04 -0.04 992.830
car -1 -1 0.00 0.00 0.00 100.00 100.00 -1000 1.57 4.19 -7.72 -1000 31.53 0.02 986.773
car -1 -1 0.00 0.00 0.00 100.00 100.00 -1000 1.66 4.59 -7.12 -1000 33.17 1.54 981.193
car -1 -1 0.00 0.00 0.00 100.00 100.00 -1000 1.52 3.47 -16.47 -1000 43.58 1.58 976.088
car -1 -1 0.00 0.00 0.00 100.00 100.00 -1000 1.70 4.57 -4.31 -1000 43.67 1.52 970.212
car -1 -1 0.00 0.00 0.00 100.00 100.00 -1000 1.81 5.46 -1.33 -1000 27.00 1.55 961.938
car -1 -1 0.00 0.00 0.00 100.00 100.00 -1000 2.80 13.96 0.92 -1000 28.65 1.47 956.862
car -1 -1 0.00 0.00 0.00 100.00 100.00 -1000 1.55 3.45 4.53 -1000 31.16 1.52 948.906
car -1 -1 0.00 0.00 0.00 100.00 100.00 -1000 2.05 6.60 -9.46 -1000 33.89 1.49 932.792
car -1 -1 0.00 0.00 0.00 100.00 100.00 -1000 1.54 3.47 -15.76 -1000 32.60 1.53 922.008
car -1 -1 0.00 0.00 0.00 100.00 100.00 -1000 1.59 3.97 -10.13 -1000 18.99 1.56 920.013
car -1 -1 0.00 0.00 0.00 100.00 100.00 -1000 1.70 3.92 -16.12 -1000 47.05 1.48 914.509
car -1 -1 0.00 0.00 0.00 100.00 100.00 -1000 1.57 3.64 -9.81 -1000 28.98 1.60 908.685
car -1 -1 0.00 0.00 0.00 100.00 100.00 -1000 2.03 7.26 2.03 -1000 30.05 1.54 907.554
car -1 -1 0.00 0.00 0.00 100.00 100.00 -1000 1.58 3.74 5.24 -1000 18.95 1.60 899.168
car -1 -1 0.00 0.00 0.00 100.00 100.00 -1000 1.61 3.84 -16.52 -1000 44.59 1.50 887.055
car -1 -1 0.00 0.00 0.00 100.00 100.00 -1000 1.49 3.42 -15.96 -1000 42.92 1.46 884.158
car -1 -1 0.00 0.00 0.00 100.00 100.00 -1000 2.34 12.39 -1.79 -1000 29.34 1.31 875.708
car -1 -1 0.00 0.00 0.00 100.00 100.00 -1000 2.15 7.39 2.65 -1000 28.54 1.51 862.443
car -1 -1 0.00 0.00 0.00 100.00 100.00 -1000 1.95 5.94 -9.33 -1000 32.94 1.54 859.980
car -1 -1 0.00 0.00 0.00 100.00 100.00 -1000 3.29 13.76 6.28 -1000 42.24 0.92 858.582
car -1 -1 0.00 0.00 0.00 100.00 100.00 -1000 1.68 3.96 4.21 -1000 39.00 1.51 858.115
car -1 -1 0.00 0.00 0.00 100.00 100.00 -1000 1.61 4.23 -16.08 -1000 33.32 1.52 849.407
car -1 -1 0.00 0.00 0.00 100.00 100.00 -1000 2.11 7.95 -11.52 -1000 34.40 1.42 849.130
car -1 -1 0.00 0.00 0.00 100.00 100.00 -1000 1.53 3.63 -10.06 -1000 38.61 1.58 846.947
car -1 -1 0.00 0.00 0.00 100.00 100.00 -1000 1.63 4.07 3.73 -1000 32.05 1.42 833.642
car -1 -1 0.00 0.00 0.00 100.00 100.00 -1000 1.95 7.48 -7.53 -1000 35.36 1.50 823.324
car -1 -1 0.00 0.00 0.00 100.00 100.00 -1000 1.59 4.52 1.30 -1000 25.81 1.63 819.340
car -1 -1 0.00 0.00 0.00 100.00 100.00 -1000 1.60 4.01 -16.77 -1000 45.43 1.55 813.825
car -1 -1 0.00 0.00 0.00 100.00 100.00 -1000 1.89 6.23 -4.34 -1000 44.38 1.54 809.381
car -1 -1 0.00 0.00 0.00 100.00 100.00 -1000 1.70 4.55 3.78 -1000 30.34 1.64 802.650
car -1 -1 0.00 0.00 0.00 100.00 100.00 -1000 1.57 3.77 4.96 -1000 34.59 1.54 794.855
car -1 -1 0.00 0.00 0.00 100.00 100.00 -1000 1.81 6.39 0.74 -1000 26.80 1.63 784.081
car -1 -1 0.00 0.00 0.00 100.00 100.00 -1000 1.51 3.94 -1.83 -1000 25.20 1.59 778.801
car -1 -1 0.00 0.00 0.00 100.00 100.00 -1000 2.18 11.06 -3.48 -1000 45.98 1.33 777.901
car -1 -1 0.00 0.00 0.00 100.00 100.00 -1000 2.17 9.05 -7.29 -1000 45.01 1.26 771.811
car -1 -1 0.00 0.00 0.00 100.00 100.00 -1000 4.15 31.96 7.14 -1000 41.63 1.04 761.391
car -1 -1 0.00 0.00 0.00 100.00 100.00 -1000 2.29 9.46 -14.00 -1000 35.76 1.48 757.935
car -1 -1 0.00 0.00 0.00 100.00 100.00 -1000 1.95 8.45 -1.61 -1000 27.97 1.42 757.449
car -1 -1 0.00 0.00 0.00 100.00 100.00 -1000 4.96 44.92 7.54 -1000 40.05 1.05 757.140
car -1 -1 0.00 0.00 0.00 100.00 100.00 -1000 1.63 3.89 -10.30 -1000 28.29 -0.05 749.562
car -1 -1 0.00 0.00 0.00 100.00 100.00 -1000 2.12 9.99 -0.95 -1000 30.28 1.32 740.322
car -1 -1 0.00 0.00 0.00 100.00 100.00 -1000 1.64 4.32 0.60 -1000 25.00 1.82 737.444
car -1 -1 0.00 0.00 0.00 100.00 100.00 -1000 1.67 3.93 -15.19 -1000 31.82 1.42 688.797
car -1 -1 0.00 0.00 0.00 100.00 100.00 -1000 1.86 7.83 -3.46 -1000 27.34 1.38 684.924
car -1 -1 0.00 0.00 0.00 100.00 100.00 -1000 2.63 12.66 1.23 -1000 27.34 1.55 682.325
car -1 -1 0.00 0.00 0.00 100.00 100.00 -1000 1.84 5.93 -7.17 -1000 34.03 1.58 680.508
car -1 -1 0.00 0.00 0.00 100.00 100.00 -1000 1.59 4.05 -12.70 -1000 25.69 1.50 671.009
car -1 -1 0.00 0.00 0.00 100.00 100.00 -1000 1.49 3.25 -0.12 -1000 24.10 -0.18 668.663
car -1 -1 0.00 0.00 0.00 100.00 100.00 -1000 1.83 6.00 0.29 -1000 43.47 1.58 662.707
car -1 -1 0.00 0.00 0.00 100.00 100.00 -1000 1.83 5.35 3.46 -1000 29.23 1.62 658.606
car -1 -1 0.00 0.00 0.00 100.00 100.00 -1000 1.74 4.52 -16.89 -1000 46.24 1.46 656.730
car -1 -1 0.00 0.00 0.00 100.00 100.00 -1000 1.65 4.15 -15.39 -1000 45.91 1.61 641.171
car -1 -1 0.00 0.00 0.00 100.00 100.00 -1000 3.53 13.07 7.42 -1000 40.80 0.89 639.755
car -1 -1 0.00 0.00 0.00 100.00 100.00 -1000 1.86 7.62 1.12 -1000 27.71 1.55 634.653
car -1 -1 0.00 0.00 0.00 100.00 100.00 -1000 1.49 3.95 -6.94 -1000 30.99 1.76 629.125
car -1 -1 0.00 0.00 0.00 100.00 100.00 -1000 1.96 6.19 -10.13 -1000 32.06 1.53 622.012
car -1 -1 0.00 0.00 0.00 100.00 100.00 -1000 1.65 4.68 -17.76 -1000 43.89 1.49 613.539
car -1 -1 0.00 0.00 0.00 100.00 100.00 -1000 1.57 3.93 4.79 -1000 18.24 -0.11 608.721
car -1 -1 0.00 0.00 0.00 100.00 100.00 -1000 1.62 3.91 -10.44 -1000 18.17 -0.07 607.728
car -1 -1 0.00 0.00 0.00 100.00 100.00 -1000 1.86 7.39 -0.46 -1000 44.38 1.45 606.964
car -1 -1 0.00 0.00 0.00 100.00 100.00 -1000 1.42 4.54 -4.59 -1000 32.72 1.59 599.470
car -1 -1 0.00 0.00 0.00 100.00 100.00 -1000 1.68 4.46 -5.88 -1000 41.82 1.62 594.243
car -1 -1 0.00 0.00 0.00 100.00 100.00 -1000 2.94 4.89 6.66 -1000 40.13 1.17 592.587
car -1 -1 0.00 0.00 0.00 100.00 100.00 -1000 1.75 5.32 6.41 -1000 19.77 1.70 583.819
car -1 -1 0.00 0.00 0.00 100.00 100.00 -1000 1.71 6.91 -4.21 -1000 25.78 1.36 583.439
car -1 -1 0.00 0.00 0.00 100.00 100.00 -1000 1.67 5.19 -1.52 -1000 43.25 1.51 579.204
car -1 -1 0.00 0.00 0.00 100.00 100.00 -1000 1.70 4.39 -15.09 -1000 47.53 1.34 564.032
car -1 -1 0.00 0.00 0.00 100.00 100.00 -1000 1.76 5.14 2.51 -1000 31.42 1.55 563.643
car -1 -1 0.00 0.00 0.00 100.00 100.00 -1000 1.67 5.18 -2.74 -1000 42.63 1.54 559.678
car -1 -1 0.00 0.00 0.00 100.00 100.00 -1000 2.92 8.35 5.79 -1000 41.63 1.13 558.092
car -1 -1 0.00 0.00 0.00 100.00 100.00 -1000 2.10 9.71 -3.79 -1000 45.06 1.33 552.368
car -1 -1 0.00 0.00 0.00 100.00 100.00 -1000 1.72 7.62 -2.76 -1000 28.89 1.31 551.621
car -1 -1 0.00 0.00 0.00 100.00 100.00 -1000 1.67 4.70 13.25 -1000 36.91 1.44 530.542
car -1 -1 0.00 0.00 0.00 100.00 100.00 -1000 1.87 9.37 -3.64 -1000 26.53 1.29 530.330
car -1 -1 0.00 0.00 0.00 100.00 100.00 -1000 1.68 4.08 -10.01 -1000 37.79 -0.04 520.284
car -1 -1 0.00 0.00 0.00 100.00 100.00 -1000 1.69 4.79 7.34 -1000 19.10 1.71 503.220
car -1 -1 0.00 0.00 0.00 100.00 100.00 -1000 1.69 4.57 13.39 -1000 43.41 1.47 491.036
car -1 -1 0.00 0.00 0.00 100.00 100.00 -1000 1.88 7.89 -13.19 -1000 42.87 1.39 485.414
car -1 -1 0.00 0.00 0.00 100.00 100.00 -1000 1.67 4.64 -14.13 -1000 30.50 1.47 477.780
car -1 -1 0.00 0.00 0.00 100.00 100.00 -1000 1.58 4.32 4.99 -1000 23.85 1.49 476.975
car -1 -1 0.00 0.00 0.00 100.00 100.00 -1000 1.70 4.30 -17.65 -1000 27.33 1.44 476.183
car -1 -1 0.00 0.00 0.00 100.00 100.00 -1000 1.71 4.79 6.05 -1000 31.75 1.63 475.694
car -1 -1 0.00 0.00 0.00 100.00 100.00 -1000 1.97 6.57 -13.66 -1000 35.02 1.50 470.253
car -1 -1 0.00 0.00 0.00 100.00 100.00 -1000 1.64 3.88 -3.30 -1000 41.50 -0.16 469.439
car -1 -1 0.00 0.00 0.00 100.00 100.00 -1000 1.76 6.66 -12.67 -1000 45.69 1.42 465.700
car -1 -1 0.00 0.00 0.00 100.00 100.00 -1000 1.49 2.70 4.19 -1000 39.80 1.43 463.172
car -1 -1 0.00 0.00 0.00 100.00 100.00 -1000 1.64 5.44 2.61 -1000 25.43 1.64 457.842
car -1 -1 0.00 0.00 0.00 100.00 100.00 -1000 1.58 5.92 -5.33 -1000 33.39 1.51 456.343
car -1 -1 0.00 0.00 0.00 100.00 100.00 -1000 1.72 4.51 -17.59 -1000 42.86 1.50 455.333
car -1 -1 0.00 0.00 0.00 100.00 100.00 -1000 2.14 7.93 -13.71 -1000 36.68 1.47 452.972
car -1 -1 0.00 0.00 0.00 100.00 100.00 -1000 1.87 7.83 16.10 -1000 40.02 1.38 452.386
car -1 -1 0.00 0.00 0.00 100.00 100.00 -1000 1.88 8.44 -12.09 -1000 41.97 1.35 452.045
car -1 -1 0.00 0.00 0.00 100.00 100.00 -1000 1.69 5.20 -10.29 -1000 29.61 1.49 437.927
car -1 -1 0.00 0.00 0.00 100.00 100.00 -1000 3.17 10.69 4.01 -1000 39.89 1.24 437.363
car -1 -1 0.00 0.00 0.00 100.00 100.00 -1000 1.86 7.66 16.03 -1000 35.19 1.37 432.731
car -1 -1 0.00 0.00 0.00 100.00 100.00 -1000 1.59 4.79 -8.91 -1000 39.21 1.54 430.732
car -1 -1 0.00 0.00 0.00 100.00 100.00 -1000 1.83 8.66 -9.07 -1000 44.34 1.28 429.354
car -1 -1 0.00 0.00 0.00 100.00 100.00 -1000 1.92 6.30 5.58 -1000 42.66 1.08 426.019
car -1 -1 0.00 0.00 0.00 100.00 100.00 -1000 1.79 6.64 0.95 -1000 34.60 1.28 426.002
car -1 -1 0.00 0.00 0.00 100.00 100.00 -1000 1.78 6.63 -2.37 -1000 43.93 1.41 424.195
car -1 -1 0.00 0.00 0.00 100.00 100.00 -1000 1.81 5.11 13.91 -1000 23.19 1.45 421.475
car -1 -1 0.00 0.00 0.00 100.00 100.00 -1000 2.34 6.48 10.03 -1000 40.07 1.28 415.426
car -1 -1 0.00 0.00 0.00 100.00 100.00 -1000 1.78 7.00 16.24 -1000 38.81 1.39 408.671
car -1 -1 0.00 0.00 0.00 100.00 100.00 -1000 1.94 8.93 -6.56 -1000 34.58 1.37 407.383
car -1 -1 0.00 0.00 0.00 100.00 100.00 -1000 1.71 7.01 0.80 -1000 31.06 1.32 407.328
car -1 -1 0.00 0.00 0.00 100.00 100.00 -1000 1.91 7.81 -14.11 -1000 46.47 1.40 400.503
car -1 -1 0.00 0.00 0.00 100.00 100.00 -1000 1.78 7.00 16.11 -1000 33.95 1.39 399.149
car -1 -1 0.00 0.00 0.00 100.00 100.00 -1000 1.87 7.49 -11.49 -1000 33.29 1.54 393.731
car -1 -1 0.00 0.00 0.00 100.00 100.00 -1000 2.59 10.91 10.10 -1000 20.66 1.32 392.325
car -1 -1 0.00 0.00 0.00 100.00 100.00 -1000 1.72 4.85 12.80 -1000 44.18 1.41 388.381
car -1 -1 0.00 0.00 0.00 100.00 100.00 -1000 2.47 5.49 3.81 -1000 40.21 1.21 388.161
car -1 -1 0.00 0.00 0.00 100.00 100.00 -1000 1.75 5.56 -18.29 -1000 44.71 1.46 385.760
car -1 -1 0.00 0.00 0.00 100.00 100.00 -1000 1.82 7.44 16.30 -1000 41.25 1.38 384.712
car -1 -1 0.00 0.00 0.00 100.00 100.00 -1000 1.64 5.24 -6.13 -1000 31.80 1.59 383.891
car -1 -1 0.00 0.00 0.00 100.00 100.00 -1000 1.86 5.66 10.46 -1000 20.92 1.51 377.902
car -1 -1 0.00 0.00 0.00 100.00 100.00 -1000 1.75 6.80 16.40 -1000 43.69 1.40 376.244
car -1 -1 0.00 0.00 0.00 100.00 100.00 -1000 2.27 9.34 10.27 -1000 22.26 1.30 371.999
car -1 -1 0.00 0.00 0.00 100.00 100.00 -1000 1.98 9.04 0.65 -1000 35.35 1.22 368.847
car -1 -1 0.00 0.00 0.00 100.00 100.00 -1000 1.82 5.35 -17.08 -1000 29.66 1.42 368.721
car -1 -1 0.00 0.00 0.00 100.00 100.00 -1000 1.79 5.06 -16.48 -1000 31.32 1.44 366.644
car -1 -1 0.00 0.00 0.00 100.00 100.00 -1000 1.85 5.87 3.69 -1000 34.11 1.38 364.873
car -1 -1 0.00 0.00 0.00 100.00 100.00 -1000 1.77 6.69 -12.66 -1000 44.52 1.40 363.070
car -1 -1 0.00 0.00 0.00 100.00 100.00 -1000 1.81 7.63 16.29 -1000 42.46 1.38 363.034
car -1 -1 0.00 0.00 0.00 100.00 100.00 -1000 1.81 7.43 16.22 -1000 36.81 1.38 362.373
car -1 -1 0.00 0.00 0.00 100.00 100.00 -1000 1.81 5.63 12.80 -1000 37.71 1.40 361.332
car -1 -1 0.00 0.00 0.00 100.00 100.00 -1000 1.68 4.66 -16.30 -1000 19.31 1.51 360.968
car -1 -1 0.00 0.00 0.00 100.00 100.00 -1000 1.73 4.77 6.04 -1000 35.26 1.53 359.905
car -1 -1 0.00 0.00 0.00 100.00 100.00 -1000 2.07 6.12 -0.89 -1000 24.30 0.17 358.755
car -1 -1 0.00 0.00 0.00 100.00 100.00 -1000 1.99 7.83 8.01 -1000 36.62 1.43 357.789
car -1 -1 0.00 0.00 0.00 100.00 100.00 -1000 1.76 7.35 16.28 -1000 45.69 1.37 357.222
car -1 -1 0.00 0.00 0.00 100.00 100.00 -1000 1.82 3.83 7.19 -1000 41.32 1.20 355.503
car -1 -1 0.00 0.00 0.00 100.00 100.00 -1000 1.75 4.34 5.38 -1000 33.76 -0.20 352.205
car -1 -1 0.00 0.00 0.00 100.00 100.00 -1000 1.77 5.02 -17.22 -1000 32.24 1.50 349.693
car -1 -1 0.00 0.00 0.00 100.00 100.00 -1000 1.74 5.15 -16.91 -1000 20.11 1.47 348.151
car -1 -1 0.00 0.00 0.00 100.00 100.00 -1000 1.75 6.98 -10.99 -1000 43.27 1.35 346.624
car -1 -1 0.00 0.00 0.00 100.00 100.00 -1000 1.87 5.68 -16.23 -1000 34.13 1.54 346.605
car -1 -1 0.00 0.00 0.00 100.00 100.00 -1000 1.80 7.08 16.15 -1000 32.79 1.39 339.344
car -1 -1 0.00 0.00 0.00 100.00 100.00 -1000 1.76 6.32 -11.16 -1000 39.83 1.46 337.605
car -1 -1 0.00 0.00 0.00 100.00 100.00 -1000 1.67 6.60 -9.27 -1000 42.81 1.31 336.879
car -1 -1 0.00 0.00 0.00 100.00 100.00 -1000 1.79 5.91 9.77 -1000 19.60 1.42 336.588
car -1 -1 0.00 0.00 0.00 100.00 100.00 -1000 1.77 5.81 13.03 -1000 32.44 1.38 335.363
car -1 -1 0.00 0.00 0.00 100.00 100.00 -1000 1.78 7.93 -6.28 -1000 43.94 1.30 334.415
car -1 -1 0.00 0.00 0.00 100.00 100.00 -1000 1.66 7.10 -0.42 -1000 33.89 1.36 333.423
car -1 -1 0.00 0.00 0.00 100.00 100.00 -1000 1.74 5.51 12.69 -1000 36.18 1.38 328.847
car -1 -1 0.00 0.00 0.00 100.00 100.00 -1000 1.96 6.58 12.37 -1000 38.83 1.37 328.398
car -1 -1 0.00 0.00 0.00 100.00 100.00 -1000 1.65 7.24 -0.25 -1000 32.30 1.34 326.785
car -1 -1 0.00 0.00 0.00 100.00 100.00 -1000 1.63 6.61 -6.82 -1000 42.46 1.44 326.710
car -1 -1 0.00 0.00 0.00 100.00 100.00 -1000 2.09 8.22 3.58 -1000 26.65 1.58 322.779
car -1 -1 0.00 0.00 0.00 100.00 100.00 -1000 1.63 5.25 -11.62 -1000 39.01 1.50 321.979
car -1 -1 0.00 0.00 0.00 100.00 100.00 -1000 1.47 4.10 -8.61 -1000 18.53 1.63 320.680
car -1 -1 0.00 0.00 0.00 100.00 100.00 -1000 1.93 8.01 14.87 -1000 35.99 1.36 320.478
car -1 -1 0.00 0.00 0.00 100.00 100.00 -1000 1.50 3.35 -14.05 -1000 31.40 -0.60 318.597
car -1 -1 0.00 0.00 0.00 100.00 100.00 -1000 2.05 7.70 9.79 -1000 36.06 1.48 316.747
car -1 -1 0.00 0.00 0.00 100.00 100.00 -1000 1.90 7.77 14.92 -1000 46.48 1.38 316.328
car -1 -1 0.00 0.00 0.00 100.00 100.00 -1000 1.89 5.44 2.46 -1000 38.72 1.48 311.919
car -1 -1 0.00 0.00 0.00 100.00 100.00 -1000 1.90 8.77 -12.40 -1000 41.02 1.34 308.287
car -1 -1 0.00 0.00 0.00 100.00 100.00 -1000 1.61 4.45 -0.42 -1000 42.59 1.58 308.233
car -1 -1 0.00 0.00 0.00 100.00 100.00 -1000 1.85 7.42 15.14 -1000 44.87 1.39 307.302
car -1 -1 0.00 0.00 0.00 100.00 100.00 -1000 1.95 5.94 -17.38 -1000 35.33 1.41 303.522
car -1 -1 0.00 0.00 0.00 100.00 100.00 -1000 1.46 4.81 -3.98 -1000 25.11 1.45 299.536
car -1 -1 0.00 0.00 0.00 100.00 100.00 -1000 1.71 5.64 10.07 -1000 22.73 1.47 297.168
car -1 -1 0.00 0.00 0.00 100.00 100.00 -1000 1.62 2.93 5.79 -1000 41.64 1.06 293.299
car -1 -1 0.00 0.00 0.00 100.00 100.00 -1000 1.75 6.75 16.27 -1000 31.55 1.38 292.029
car -1 -1 0.00 0.00 0.00 100.00 100.00 -1000 1.68 4.44 -16.50 -1000 42.04 1.50 291.886
car -1 -1 0.00 0.00 0.00 100.00 100.00 -1000 1.83 5.74 13.26 -1000 22.37 1.44 291.087
car -1 -1 0.00 0.00 0.00 100.00 100.00 -1000 1.71 3.85 3.51 -1000 40.99 1.22 288.145
car -1 -1 0.00 0.00 0.00 100.00 100.00 -1000 1.77 5.46 7.11 -1000 34.61 1.49 287.174
car -1 -1 0.00 0.00 0.00 100.00 100.00 -1000 2.22 8.67 10.41 -1000 23.94 1.35 287.003
car -1 -1 0.00 0.00 0.00 100.00 100.00 -1000 2.02 12.54 7.48 -1000 43.35 0.69 286.936
car -1 -1 0.00 0.00 0.00 100.00 100.00 -1000 1.81 7.43 16.09 -1000 26.33 1.35 285.234
car -1 -1 0.00 0.00 0.00 100.00 100.00 -1000 1.66 4.86 -15.43 -1000 44.15 1.61 283.329
car -1 -1 0.00 0.00 0.00 100.00 100.00 -1000 1.76 6.86 16.69 -1000 37.63 1.37 281.440
car -1 -1 0.00 0.00 0.00 100.00 100.00 -1000 1.73 7.75 -11.47 -1000 19.21 1.43 281.418
car -1 -1 0.00 0.00 0.00 100.00 100.00 -1000 1.99 5.87 -17.93 -1000 46.98 1.38 280.551
car -1 -1 0.00 0.00 0.00 100.00 100.00 -1000 1.83 5.47 11.71 -1000 44.95 1.47 279.808
car -1 -1 0.00 0.00 0.00 100.00 100.00 -1000 1.88 6.90 12.56 -1000 30.52 1.39 279.778
car -1 -1 0.00 0.00 0.00 100.00 100.00 -1000 1.69 4.95 -12.80 -1000 24.85 1.54 278.348
car -1 -1 0.00 0.00 0.00 100.00 100.00 -1000 1.72 4.87 -13.27 -1000 38.69 1.57 276.912
car -1 -1 0.00 0.00 0.00 100.00 100.00 -1000 1.95 7.07 -19.43 -1000 45.92 1.28 276.864
car -1 -1 0.00 0.00 0.00 100.00 100.00 -1000 1.89 6.97 10.98 -1000 35.28 1.46 276.296
car -1 -1 0.00 0.00 0.00 100.00 100.00 -1000 1.79 5.34 -17.38 -1000 30.55 1.41 272.267
car -1 -1 0.00 0.00 0.00 100.00 100.00 -1000 1.68 4.94 -1.97 -1000 41.99 0.05 271.413
car -1 -1 0.00 0.00 0.00 100.00 100.00 -1000 1.84 5.54 -11.76 -1000 37.59 1.57 270.619
car -1 -1 0.00 0.00 0.00 100.00 100.00 -1000 1.50 4.16 6.37 -1000 18.48 1.72 266.181
car -1 -1 0.00 0.00 0.00 100.00 100.00 -1000 2.05 7.36 -18.28 -1000 33.79 1.27 263.770
car -1 -1 0.00 0.00 0.00 100.00 100.00 -1000 1.84 5.13 -18.33 -1000 28.03 1.36 261.801
car -1 -1 0.00 0.00 0.00 100.00 100.00 -1000 2.19 7.89 8.98 -1000 41.76 1.21 261.517
car -1 -1 0.00 0.00 0.00 100.00 100.00 -1000 2.46 12.20 12.82 -1000 15.97 1.29 258.547
car -1 -1 0.00 0.00 0.00 100.00 100.00 -1000 1.77 4.09 5.42 -1000 30.65 -0.20 257.480
car -1 -1 0.00 0.00 0.00 100.00 100.00 -1000 1.74 6.32 -14.28 -1000 45.12 1.41 257.304
car -1 -1 0.00 0.00 0.00 100.00 100.00 -1000 1.84 5.75 -18.11 -1000 33.02 1.45 253.170
car -1 -1 0.00 0.00 0.00 100.00 100.00 -1000 3.09 16.94 10.11 -1000 19.09 1.18 249.746
car -1 -1 0.00 0.00 0.00 100.00 100.00 -1000 1.95 6.07 3.26 -1000 32.81 1.47 249.736
car -1 -1 0.00 0.00 0.00 100.00 100.00 -1000 2.97 18.36 9.66 -1000 38.49 1.17 248.953
car -1 -1 0.00 0.00 0.00 100.00 100.00 -1000 1.90 6.70 13.20 -1000 23.89 1.42 247.576
car -1 -1 0.00 0.00 0.00 100.00 100.00 -1000 1.57 4.85 -14.12 -1000 32.97 1.54 246.643
car -1 -1 0.00 0.00 0.00 100.00 100.00 -1000 1.76 7.02 16.27 -1000 30.38 1.37 246.235
car -1 -1 0.00 0.00 0.00 100.00 100.00 -1000 1.56 6.24 -2.24 -1000 35.37 1.55 242.656
car -1 -1 0.00 0.00 0.00 100.00 100.00 -1000 1.80 7.34 -0.88 -1000 31.54 1.35 237.879
car -1 -1 0.00 0.00 0.00 100.00 100.00 -1000 1.59 5.07 12.83 -1000 15.33 1.44 237.847
car -1 -1 0.00 0.00 0.00 100.00 100.00 -1000 1.96 6.74 12.29 -1000 33.27 1.39 236.835
car -1 -1 0.00 0.00 0.00 100.00 100.00 -1000 1.88 6.35 8.20 -1000 33.78 1.38 235.513
car -1 -1 0.00 0.00 0.00 100.00 100.00 -1000 1.59 5.08 -11.14 -1000 25.07 1.59 234.473
car -1 -1 0.00 0.00 0.00 100.00 100.00 -1000 1.76 6.89 16.25 -1000 25.10 1.37 230.156
car -1 -1 0.00 0.00 0.00 100.00 100.00 -1000 2.03 6.77 12.34 -1000 46.63 1.31 229.449
car -1 -1 0.00 0.00 0.00 100.00 100.00 -1000 2.00 10.89 -8.39 -1000 35.96 1.30 228.890
car -1 -1 0.00 0.00 0.00 100.00 100.00 -1000 2.09 13.19 -3.64 -1000 47.20 1.23 228.477
car -1 -1 0.00 0.00 0.00 100.00 100.00 -1000 1.97 6.77 10.45 -1000 32.11 1.42 226.056
car -1 -1 0.00 0.00 0.00 100.00 100.00 -1000 1.74 4.30 3.88 -1000 38.09 0.04 224.609
car -1 -1 0.00 0.00 0.00 100.00 100.00 -1000 1.73 7.52 1.69 -1000 33.38 1.32 222.647
car -1 -1 0.00 0.00 0.00 100.00 100.00 -1000 1.90 7.22 9.97 -1000 25.62 1.43 221.569
car -1 -1 0.00 0.00 0.00 100.00 100.00 -1000 1.94 6.59 12.21 -1000 40.13 1.35 221.383
car -1 -1 0.00 0.00 0.00 100.00 100.00 -1000 1.88 7.00 12.20 -1000 34.52 1.38 216.716
car -1 -1 0.00 0.00 0.00 100.00 100.00 -1000 1.65 4.24 0.92 -1000 23.59 1.61 207.635
car -1 -1 0.00 0.00 0.00 100.00 100.00 -1000 2.01 8.34 9.98 -1000 18.52 1.29 205.934
car -1 -1 0.00 0.00 0.00 100.00 100.00 -1000 1.89 5.81 13.21 -1000 42.52 1.42 205.508
car -1 -1 0.00 0.00 0.00 100.00 100.00 -1000 1.90 5.51 -17.38 -1000 26.55 1.36 201.986
car -1 -1 0.00 0.00 0.00 100.00 100.00 -1000 1.69 4.71 -15.78 -1000 18.51 1.49 201.203
car -1 -1 0.00 0.00 0.00 100.00 100.00 -1000 1.87 5.94 -17.26 -1000 21.18 1.43 200.632
car -1 -1 0.00 0.00 0.00 100.00 100.00 -1000 1.78 5.77 -14.24 -1000 29.58 1.42 199.822
car -1 -1 0.00 0.00 0.00 100.00 100.00 -1000 1.36 3.77 -2.36 -1000 24.53 1.57 197.074
car -1 -1 0.00 0.00 0.00 100.00 100.00 -1000 1.74 6.86 16.41 -1000 29.13 1.36 196.480
car -1 -1 0.00 0.00 0.00 100.00 100.00 -1000 1.66 5.94 -9.03 -1000 40.00 1.39 196.074
car -1 -1 0.00 0.00 0.00 100.00 100.00 -1000 1.79 5.94 -14.43 -1000 25.49 1.26 191.931
car -1 -1 0.00 0.00 0.00 100.00 100.00 -1000 1.82 6.61 13.08 -1000 28.77 1.33 191.658
car -1 -1 0.00 0.00 0.00 100.00 100.00 -1000 1.91 7.91 -12.88 -1000 47.23 1.33 191.396
car -1 -1 0.00 0.00 0.00 100.00 100.00 -1000 1.56 4.50 -14.62 -1000 43.29 1.58 190.062
car -1 -1 0.00 0.00 0.00 100.00 100.00 -1000 1.68 6.00 2.45 -1000 24.36 1.60 189.854
car -1 -1 0.00 0.00 0.00 100.00 100.00 -1000 1.36 3.75 -8.67 -1000 29.59 1.54 189.316
car -1 -1 0.00 0.00 0.00 100.00 100.00 -1000 1.77 7.26 16.49 -1000 27.17 1.33 188.675
car -1 -1 0.00 0.00 0.00 100.00 100.00 -1000 1.81 7.22 14.56 -1000 39.47 1.34 185.653
car -1 -1 0.00 0.00 0.00 100.00 100.00 -1000 1.48 5.75 -3.73 -1000 35.91 1.40 185.391
car -1 -1 0.00 0.00 0.00 100.00 100.00 -1000 1.78 6.12 -8.61 -1000 30.79 1.59 184.137
car -1 -1 0.00 0.00 0.00 100.00 100.00 -1000 1.81 6.03 13.34 -1000 45.90 1.47 183.168
car -1 -1 0.00 0.00 0.00 100.00 100.00 -1000 1.73 5.34 -7.23 -1000 41.35 -0.07 180.730
car -1 -1 0.00 0.00 0.00 100.00 100.00 -1000 1.84 5.76 13.97 -1000 31.22 1.50 179.782
car -1 -1 0.00 0.00 0.00 100.00 100.00 -1000 2.12 5.70 10.33 -1000 16.06 1.36 179.436
car -1 -1 0.00 0.00 0.00 100.00 100.00 -1000 2.00 6.70 8.17 -1000 32.83 1.46 177.771
car -1 -1 0.00 0.00 0.00 100.00 100.00 -1000 1.71 6.28 15.76 -1000 23.93 1.40 173.451
car -1 -1 0.00 0.00 0.00 100.00 100.00 -1000 1.73 7.52 -10.59 -1000 44.93 1.36 172.017
car -1 -1 0.00 0.00 0.00 100.00 100.00 -1000 1.81 6.22 12.99 -1000 16.62 1.42 171.989
car -1 -1 0.00 0.00 0.00 100.00 100.00 -1000 1.74 6.45 -13.18 -1000 32.21 1.52 170.139
car -1 -1 0.00 0.00 0.00 100.00 100.00 -1000 1.87 6.50 -16.00 -1000 38.11 1.37 169.881
car -1 -1 0.00 0.00 0.00 100.00 100.00 -1000 2.06 7.10 10.47 -1000 45.75 1.42 169.551
car -1 -1 0.00 0.00 0.00 100.00 100.00 -1000 2.23 9.43 10.14 -1000 38.02 1.40 168.985
car -1 -1 0.00 0.00 0.00 100.00 100.00 -1000 2.17 14.76 -7.72 -1000 46.39 1.18 167.251
car -1 -1 0.00 0.00 0.00 100.00 100.00 -1000 1.56 5.02 6.80 -1000 23.32 1.57 167.224
car -1 -1 0.00 0.00 0.00 100.00 100.00 -1000 1.92 8.01 14.38 -1000 40.80 1.34 166.267
car -1 -1 0.00 0.00 0.00 100.00 100.00 -1000 2.04 6.86 8.24 -1000 39.59 1.04 165.809
car -1 -1 0.00 0.00 0.00 100.00 100.00 -1000 2.07 7.53 10.21 -1000 17.59 1.38 164.933
car -1 -1 0.00 0.00 0.00 100.00 100.00 -1000 2.47 4.94 -5.97 -1000 9.64 1.03 164.702
car -1 -1 0.00 0.00 0.00 100.00 100.00 -1000 1.97 7.47 4.95 -1000 20.64 1.49 163.260
car -1 -1 0.00 0.00 0.00 100.00 100.00 -1000 1.96 7.64 4.77 -1000 25.71 1.55 160.076
car -1 -1 0.00 0.00 0.00 100.00 100.00 -1000 2.05 7.74 10.72 -1000 36.89 1.41 159.943
car -1 -1 0.00 0.00 0.00 100.00 100.00 -1000 1.80 5.91 -12.76 -1000 26.37 1.47 158.064
car -1 -1 0.00 0.00 0.00 100.00 100.00 -1000 1.86 5.73 5.75 -1000 32.67 1.55 156.452
car -1 -1 0.00 0.00 0.00 100.00 100.00 -1000 1.79 5.59 11.07 -1000 39.37 1.37 156.006
car -1 -1 0.00 0.00 0.00 100.00 100.00 -1000 1.97 6.97 4.07 -1000 35.69 1.42 154.523
car -1 -1 0.00 0.00 0.00 100.00 100.00 -1000 1.83 7.50 15.20 -1000 27.97 1.32 154.120
car -1 -1 0.00 0.00 0.00 100.00 100.00 -1000 1.75 6.13 -14.12 -1000 39.47 1.46 154.096
car -1 -1 0.00 0.00 0.00 100.00 100.00 -1000 1.89 6.79 -19.19 -1000 43.24 1.24 153.579
car -1 -1 0.00 0.00 0.00 100.00 100.00 -1000 1.76 6.97 -13.19 -1000 40.20 1.36 153.240
car -1 -1 0.00 0.00 0.00 100.00 100.00 -1000 1.60 5.93 7.81 -1000 42.64 1.18 153.115
car -1 -1 0.00 0.00 0.00 100.00 100.00 -1000 1.32 4.05 -2.95 -1000 32.38 1.51 151.941
car -1 -1 0.00 0.00 0.00 100.00 100.00 -1000 1.54 6.15 7.81 -1000 24.67 1.47 149.918
car -1 -1 0.00 0.00 0.00 100.00 100.00 -1000 1.68 4.32 -8.76 -1000 38.35 -0.17 146.566
car -1 -1 0.00 0.00 0.00 100.00 100.00 -1000 1.78 9.03 -3.07 -1000 34.61 1.47 145.191
car -1 -1 0.00 0.00 0.00 100.00 100.00 -1000 2.06 7.21 11.59 -1000 31.32 1.48 142.140
car -1 -1 0.00 0.00 0.00 100.00 100.00 -1000 1.61 4.87 3.05 -1000 20.95 1.46 141.332
car -1 -1 0.00 0.00 0.00 100.00 100.00 -1000 1.45 4.26 -5.75 -1000 30.53 1.61 139.774
car -1 -1 0.00 0.00 0.00 100.00 100.00 -1000 2.02 7.97 12.87 -1000 17.35 1.40 139.225
car -1 -1 0.00 0.00 0.00 100.00 100.00 -1000 2.09 8.06 -19.21 -1000 34.60 1.21 138.861
car -1 -1 0.00 0.00 0.00 100.00 100.00 -1000 1.66 7.33 -4.74 -1000 35.12 1.34 137.909
car -1 -1 0.00 0.00 0.00 100.00 100.00 -1000 1.74 5.87 7.60 -1000 31.41 1.54 137.826
car -1 -1 0.00 0.00 0.00 100.00 100.00 -1000 1.65 5.94 15.93 -1000 22.70 1.39 137.418
car -1 -1 0.00 0.00 0.00 100.00 100.00 -1000 1.86 7.28 12.60 -1000 24.91 1.32 137.413
car -1 -1 0.00 0.00 0.00 100.00 100.00 -1000 1.64 5.41 5.01 -1000 28.80 1.40 136.265
car -1 -1 0.00 0.00 0.00 100.00 100.00 -1000 3.60 19.85 10.49 -1000 17.54 1.06 135.590
car -1 -1 0.00 0.00 0.00 100.00 100.00 -1000 3.04 16.89 -6.85 -1000 10.48 0.46 135.396
car -1 -1 0.00 0.00 0.00 100.00 100.00 -1000 1.43 3.24 4.19 -1000 33.25 -0.17 134.081
car -1 -1 0.00 0.00 0.00 100.00 100.00 -1000 1.91 6.53 -16.63 -1000 28.76 1.42 133.843
car -1 -1 0.00 0.00 0.00 100.00 100.00 -1000 1.89 6.48 10.62 -1000 44.27 1.42 131.995
car -1 -1 0.00 0.00 0.00 100.00 100.00 -1000 1.63 5.06 -12.40 -1000 18.44 1.58 130.578
car -1 -1 0.00 0.00 0.00 100.00 100.00 -1000 1.73 6.03 -11.87 -1000 29.01 1.40 130.341
car -1 -1 0.00 0.00 0.00 100.00 100.00 -1000 2.33 8.23 12.10 -1000 14.76 1.28 128.255
car -1 -1 0.00 0.00 0.00 100.00 100.00 -1000 1.69 7.10 -4.60 -1000 28.24 1.46 127.749
car -1 -1 0.00 0.00 0.00 100.00 100.00 -1000 2.16 7.80 -17.37 -1000 23.84 1.32 127.330
car -1 -1 0.00 0.00 0.00 100.00 100.00 -1000 1.63 3.89 -9.13 -1000 37.10 -0.01 126.881
car -1 -1 0.00 0.00 0.00 100.00 100.00 -1000 1.71 7.43 15.56 -1000 21.53 1.31 125.840
car -1 -1 0.00 0.00 0.00 100.00 100.00 -1000 1.50 6.35 -4.92 -1000 31.20 1.42 123.484
