car -1 -1 0.00 0.00 0.00 100.00 100.00 -1000 1.50 3.35 2.74 -1000 38.65 1.54 999.932
car -1 -1 0.00 0.00 0.00 100.00 100.00 -1000 1.53 3.45 3.17 -1000 29.40 1.59 999.864
car -1 -1 0.00 0.00 0.00 100.00 100.00 -1000 1.54 3.46 13.32 -1000 41.41 1.58 999.387
car -1 -1 0.00 0.00 0.00 100.00 100.00 -1000 1.53 3.50 7.50 -1000 27.85 1.57 997.977
car -1 -1 0.00 0.00 0.00 100.00 100.00 -1000 1.47 3.49 3.12 -1000 28.56 -0.00 997.374
car -1 -1 0.00 0.00 0.00 100.00 100.00 -1000 1.51 3.77 2.68 -1000 37.86 0.04 996.480
car -1 -1 0.00 0.00 0.00 100.00 100.00 -1000 1.54 3.81 13.37 -1000 40.57 -0.09 994.903
car -1 -1 0.00 0.00 0.00 100.00 100.00 -1000 1.52 3.50 11.92 -1000 16.86 1.60 993.977
car -1 -1 0.00 0.00 0.00 100.00 100.00 -1000 1.66 4.22 0.53 -1000 31.68 1.55 993.234
car -1 -1 0.00 0.00 0.00 100.00 100.00 -1000 1.54 3.84 7.31 -1000 27.04 0.04 993.077
car -1 -1 0.00 0.00 0.00 100.00 100.00 -1000 1.65 4.59 2.93 -1000 39.28 1.58 991.194
car -1 -1 0.00 0.00 0.00 100.00 100.00 -1000 1.62 4.17 2.96 -1000 30.27 1.51 986.026
car -1 -1 0.00 0.00 0.00 100.00 100.00 -1000 1.54 3.88 4.44 -1000 29.74 1.68 984.621
car -1 -1 0.00 0.00 0.00 100.00 100.00 -1000 1.62 4.07 12.66 -1000 42.14 1.55 983.300
car -1 -1 0.00 0.00 0.00 100.00 100.00 -1000 1.80 4.61 1.31 -1000 31.08 1.43 976.712
car -1 -1 0.00 0.00 0.00 100.00 100.00 -1000 1.61 4.00 6.58 -1000 28.49 1.58 968.225
car -1 -1 0.00 0.00 0.00 100.00 100.00 -1000 1.57 3.61 -14.72 -1000 24.03 1.58 965.641
car -1 -1 0.00 0.00 0.00 100.00 100.00 -1000 15.71 92.09 7.23 -1000 7.36 -1.18 965.203
car -1 -1 0.00 0.00 0.00 100.00 100.00 -1000 1.86 5.55 1.15 -1000 38.56 1.56 961.033
car -1 -1 0.00 0.00 0.00 100.00 100.00 -1000 1.83 5.41 1.96 -1000 39.97 1.46 960.099
car -1 -1 0.00 0.00 0.00 100.00 100.00 -1000 2.96 17.85 2.07 -1000 41.85 1.32 955.829
car -1 -1 0.00 0.00 0.00 100.00 100.00 -1000 2.58 14.63 2.29 -1000 32.96 1.30 952.670
car -1 -1 0.00 0.00 0.00 100.00 100.00 -1000 2.04 7.12 0.82 -1000 41.66 1.48 948.724
car -1 -1 0.00 0.00 0.00 100.00 100.00 -1000 2.09 7.21 4.63 -1000 31.20 1.54 946.669
car -1 -1 0.00 0.00 0.00 100.00 100.00 -1000 1.68 4.36 1.59 -1000 29.69 1.51 946.637
car -1 -1 0.00 0.00 0.00 100.00 100.00 -1000 1.80 5.02 1.45 -1000 40.94 1.52 946.432
car -1 -1 0.00 0.00 0.00 100.00 100.00 -1000 1.54 3.69 11.97 -1000 16.01 -0.06 945.298
car -1 -1 0.00 0.00 0.00 100.00 100.00 -1000 2.26 8.09 14.68 -1000 44.61 1.53 942.303
car -1 -1 0.00 0.00 0.00 100.00 100.00 -1000 2.63 12.86 3.83 -1000 32.02 1.43 940.422
car -1 -1 0.00 0.00 0.00 100.00 100.00 -1000 1.53 3.52 18.64 -1000 38.25 1.59 933.977
car -1 -1 0.00 0.00 0.00 100.00 100.00 -1000 44.12 5073.87 10.93 -1000 4.29 -0.48 918.992
car -1 -1 0.00 0.00 0.00 100.00 100.00 -1000 2.30 10.13 1.17 -1000 40.91 1.24 917.043
car -1 -1 0.00 0.00 0.00 100.00 100.00 -1000 1.69 4.45 5.83 -1000 29.37 1.62 916.814
car -1 -1 0.00 0.00 0.00 100.00 100.00 -1000 1.79 5.08 9.71 -1000 31.79 1.62 911.855
car -1 -1 0.00 0.00 0.00 100.00 100.00 -1000 1.70 4.69 5.45 -1000 30.52 1.61 910.159
car -1 -1 0.00 0.00 0.00 100.00 100.00 -1000 2.75 15.49 1.87 -1000 43.17 1.29 879.212
car -1 -1 0.00 0.00 0.00 100.00 100.00 -1000 1.97 6.51 15.57 -1000 43.30 1.51 873.855
car -1 -1 0.00 0.00 0.00 100.00 100.00 -1000 1.67 4.18 14.43 -1000 41.05 -0.56 870.892
car -1 -1 0.00 0.00 0.00 100.00 100.00 -1000 1.58 3.70 8.59 -1000 27.41 -0.38 870.142
car -1 -1 0.00 0.00 0.00 100.00 100.00 -1000 1.70 4.77 14.90 -1000 41.87 1.69 866.875
car -1 -1 0.00 0.00 0.00 100.00 100.00 -1000 1.69 4.56 8.40 -1000 28.42 1.64 865.984
car -1 -1 0.00 0.00 0.00 100.00 100.00 -1000 1.69 4.32 11.99 -1000 40.94 1.57 862.682
car -1 -1 0.00 0.00 0.00 100.00 100.00 -1000 1.53 3.45 4.80 -1000 28.46 1.65 862.648
car -1 -1 0.00 0.00 0.00 100.00 100.00 -1000 1.51 3.48 6.04 -1000 27.64 1.61 860.446
car -1 -1 0.00 0.00 0.00 100.00 100.00 -1000 29.47 2224.21 11.02 -1000 2.75 -0.23 859.431
car -1 -1 0.00 0.00 0.00 100.00 100.00 -1000 2.22 10.74 2.56 -1000 33.80 1.37 857.705
car -1 -1 0.00 0.00 0.00 100.00 100.00 -1000 10.22 60.62 9.43 -1000 10.00 -0.74 849.498
car -1 -1 0.00 0.00 0.00 100.00 100.00 -1000 1.75 5.13 14.22 -1000 42.56 1.66 847.926
car -1 -1 0.00 0.00 0.00 100.00 100.00 -1000 1.84 5.68 2.28 -1000 32.02 1.54 845.767
car -1 -1 0.00 0.00 0.00 100.00 100.00 -1000 2.02 6.62 8.86 -1000 31.07 1.60 845.031
car -1 -1 0.00 0.00 0.00 100.00 100.00 -1000 1.53 3.56 11.59 -1000 25.67 -0.24 837.704
car -1 -1 0.00 0.00 0.00 100.00 100.00 -1000 2.26 10.36 1.24 -1000 42.56 1.36 830.764
car -1 -1 0.00 0.00 0.00 100.00 100.00 -1000 1.94 6.28 11.29 -1000 42.56 1.42 824.648
car -1 -1 0.00 0.00 0.00 100.00 100.00 -1000 8.41 40.89 6.45 -1000 3.57 -0.55 823.219
car -1 -1 0.00 0.00 0.00 100.00 100.00 -1000 1.77 4.87 0.45 -1000 30.22 1.51 813.780
car -1 -1 0.00 0.00 0.00 100.00 100.00 -1000 1.59 3.83 10.59 -1000 26.55 1.57 812.144
car -1 -1 0.00 0.00 0.00 100.00 100.00 -1000 1.98 7.00 7.34 -1000 32.15 1.45 809.941
car -1 -1 0.00 0.00 0.00 100.00 100.00 -1000 2.35 10.57 10.46 -1000 43.45 1.19 809.534
car -1 -1 0.00 0.00 0.00 100.00 100.00 -1000 1.49 3.27 9.01 -1000 26.72 0.04 806.792
car -1 -1 0.00 0.00 0.00 100.00 100.00 -1000 1.64 4.58 12.54 -1000 17.48 1.60 804.323
car -1 -1 0.00 0.00 0.00 100.00 100.00 -1000 1.84 4.70 1.27 -1000 37.58 -0.18 797.010
car -1 -1 0.00 0.00 0.00 100.00 100.00 -1000 1.58 4.09 -0.59 -1000 31.21 1.56 796.836
car -1 -1 0.00 0.00 0.00 100.00 100.00 -1000 2.16 9.16 12.33 -1000 45.08 1.28 795.586
car -1 -1 0.00 0.00 0.00 100.00 100.00 -1000 1.47 3.12 -2.88 -1000 10.23 1.54 794.387
car -1 -1 0.00 0.00 0.00 100.00 100.00 -1000 1.57 3.67 15.00 -1000 40.37 0.01 784.983
car -1 -1 0.00 0.00 0.00 100.00 100.00 -1000 1.74 4.20 17.31 -1000 47.50 1.45 783.786
car -1 -1 0.00 0.00 0.00 100.00 100.00 -1000 1.58 3.84 10.81 -1000 32.24 1.54 759.766
car -1 -1 0.00 0.00 0.00 100.00 100.00 -1000 1.61 4.68 4.24 -1000 38.83 1.59 753.888
car -1 -1 0.00 0.00 0.00 100.00 100.00 -1000 7.58 41.74 11.58 -1000 7.98 -0.30 745.773
car -1 -1 0.00 0.00 0.00 100.00 100.00 -1000 10.01 6.54 10.00 -1000 4.62 0.03 735.897
car -1 -1 0.00 0.00 0.00 100.00 100.00 -1000 1.82 6.37 3.66 -1000 41.05 1.48 735.737
car -1 -1 0.00 0.00 0.00 100.00 100.00 -1000 1.59 3.67 -15.23 -1000 23.13 0.03 734.241
car -1 -1 0.00 0.00 0.00 100.00 100.00 -1000 22.96 1440.66 12.45 -1000 7.58 -0.17 732.669
car -1 -1 0.00 0.00 0.00 100.00 100.00 -1000 1.89 5.88 -0.04 -1000 32.31 1.50 730.228
car -1 -1 0.00 0.00 0.00 100.00 100.00 -1000 1.70 4.36 13.04 -1000 16.43 -0.31 729.705
car -1 -1 0.00 0.00 0.00 100.00 100.00 -1000 2.11 7.92 9.10 -1000 41.76 1.32 709.494
car -1 -1 0.00 0.00 0.00 100.00 100.00 -1000 1.93 8.36 -4.23 -1000 32.98 1.33 702.229
car -1 -1 0.00 0.00 0.00 100.00 100.00 -1000 2.28 10.85 5.95 -1000 42.67 1.29 701.848
car -1 -1 0.00 0.00 0.00 100.00 100.00 -1000 1.59 3.54 18.78 -1000 37.31 -0.12 690.983
car -1 -1 0.00 0.00 0.00 100.00 100.00 -1000 1.67 4.15 13.35 -1000 25.82 1.60 686.907
car -1 -1 0.00 0.00 0.00 100.00 100.00 -1000 2.06 9.94 13.56 -1000 46.22 1.27 686.130
car -1 -1 0.00 0.00 0.00 100.00 100.00 -1000 17.11 823.49 9.21 -1000 1.22 0.05 685.570
car -1 -1 0.00 0.00 0.00 100.00 100.00 -1000 1.62 4.27 -13.93 -1000 24.57 1.66 673.663
car -1 -1 0.00 0.00 0.00 100.00 100.00 -1000 1.64 4.16 16.86 -1000 40.20 1.58 663.038
car -1 -1 0.00 0.00 0.00 100.00 100.00 -1000 1.61 3.92 14.33 -1000 25.00 -0.15 660.634
car -1 -1 0.00 0.00 0.00 100.00 100.00 -1000 1.84 5.40 16.62 -1000 42.29 1.60 640.390
car -1 -1 0.00 0.00 0.00 100.00 100.00 -1000 1.56 3.56 4.02 -1000 27.79 -0.07 627.939
car -1 -1 0.00 0.00 0.00 100.00 100.00 -1000 14.82 557.68 14.10 -1000 6.06 0.14 615.378
car -1 -1 0.00 0.00 0.00 100.00 100.00 -1000 1.60 3.69 3.82 -1000 37.05 0.05 613.178
car -1 -1 0.00 0.00 0.00 100.00 100.00 -1000 2.31 8.88 9.14 -1000 30.16 1.59 605.933
car -1 -1 0.00 0.00 0.00 100.00 100.00 -1000 8.03 6.19 8.38 -1000 3.03 0.16 604.598
car -1 -1 0.00 0.00 0.00 100.00 100.00 -1000 2.09 8.55 0.16 -1000 33.33 1.40 572.960
car -1 -1 0.00 0.00 0.00 100.00 100.00 -1000 2.09 10.07 13.64 -1000 18.96 1.49 569.605
car -1 -1 0.00 0.00 0.00 100.00 100.00 -1000 1.72 4.72 10.38 -1000 27.33 1.61 564.741
car -1 -1 0.00 0.00 0.00 100.00 100.00 -1000 1.70 4.33 11.91 -1000 40.04 0.02 549.370
car -1 -1 0.00 0.00 0.00 100.00 100.00 -1000 1.76 5.09 16.24 -1000 41.12 1.64 548.954
car -1 -1 0.00 0.00 0.00 100.00 100.00 -1000 1.90 6.67 -1.75 -1000 41.10 1.23 548.022
car -1 -1 0.00 0.00 0.00 100.00 100.00 -1000 1.86 6.06 10.85 -1000 16.49 1.60 545.755
car -1 -1 0.00 0.00 0.00 100.00 100.00 -1000 1.74 5.20 18.51 -1000 41.96 1.42 539.991
car -1 -1 0.00 0.00 0.00 100.00 100.00 -1000 1.60 3.75 13.62 -1000 39.76 1.76 537.692
car -1 -1 0.00 0.00 0.00 100.00 100.00 -1000 1.84 6.35 14.04 -1000 43.83 1.56 537.083
car -1 -1 0.00 0.00 0.00 100.00 100.00 -1000 1.65 4.30 14.95 -1000 25.71 1.59 530.214
car -1 -1 0.00 0.00 0.00 100.00 100.00 -1000 2.15 11.56 9.15 -1000 44.35 1.19 526.935
car -1 -1 0.00 0.00 0.00 100.00 100.00 -1000 1.73 4.69 4.39 -1000 37.91 -0.09 526.367
car -1 -1 0.00 0.00 0.00 100.00 100.00 -1000 11.73 354.50 12.61 -1000 2.87 0.26 523.735
car -1 -1 0.00 0.00 0.00 100.00 100.00 -1000 1.81 4.87 -16.34 -1000 24.32 1.55 515.046
car -1 -1 0.00 0.00 0.00 100.00 100.00 -1000 1.54 4.29 1.78 -1000 28.84 1.54 511.755
car -1 -1 0.00 0.00 0.00 100.00 100.00 -1000 1.80 4.93 17.42 -1000 37.81 1.59 506.983
car -1 -1 0.00 0.00 0.00 100.00 100.00 -1000 2.35 11.81 -1.37 -1000 40.32 1.11 490.843
car -1 -1 0.00 0.00 0.00 100.00 100.00 -1000 1.68 5.85 5.89 -1000 38.45 1.52 489.616
car -1 -1 0.00 0.00 0.00 100.00 100.00 -1000 1.77 6.41 8.05 -1000 29.27 1.49 486.854
car -1 -1 0.00 0.00 0.00 100.00 100.00 -1000 2.21 11.03 4.20 -1000 40.31 1.45 480.386
car -1 -1 0.00 0.00 0.00 100.00 100.00 -1000 1.68 4.54 18.10 -1000 38.99 1.52 473.610
car -1 -1 0.00 0.00 0.00 100.00 100.00 -1000 5.21 27.25 12.14 -1000 5.92 0.09 467.559
car -1 -1 0.00 0.00 0.00 100.00 100.00 -1000 1.67 4.49 12.50 -1000 31.87 1.59 457.239
car -1 -1 0.00 0.00 0.00 100.00 100.00 -1000 2.55 11.01 10.67 -1000 17.55 1.38 444.345
car -1 -1 0.00 0.00 0.00 100.00 100.00 -1000 1.72 5.56 9.98 -1000 40.93 1.43 438.982
car -1 -1 0.00 0.00 0.00 100.00 100.00 -1000 1.69 5.01 -13.87 -1000 36.27 1.44 425.194
car -1 -1 0.00 0.00 0.00 100.00 100.00 -1000 1.71 4.57 18.02 -1000 46.83 1.42 422.961
car -1 -1 0.00 0.00 0.00 100.00 100.00 -1000 5.62 7.95 13.23 -1000 6.25 0.45 413.388
car -1 -1 0.00 0.00 0.00 100.00 100.00 -1000 6.69 6.96 11.21 -1000 7.84 0.23 406.564
car -1 -1 0.00 0.00 0.00 100.00 100.00 -1000 1.84 7.58 14.46 -1000 17.75 1.43 404.377
car -1 -1 0.00 0.00 0.00 100.00 100.00 -1000 1.81 7.00 -11.85 -1000 24.99 1.55 401.296
car -1 -1 0.00 0.00 0.00 100.00 100.00 -1000 1.61 4.01 2.31 -1000 28.06 1.56 394.353
car -1 -1 0.00 0.00 0.00 100.00 100.00 -1000 1.77 4.59 11.93 -1000 24.99 1.58 392.017
car -1 -1 0.00 0.00 0.00 100.00 100.00 -1000 1.70 4.80 15.51 -1000 32.23 1.53 389.651
car -1 -1 0.00 0.00 0.00 100.00 100.00 -1000 2.01 10.97 -3.21 -1000 33.76 1.37 378.690
car -1 -1 0.00 0.00 0.00 100.00 100.00 -1000 4.93 27.15 12.22 -1000 10.65 0.11 370.180
car -1 -1 0.00 0.00 0.00 100.00 100.00 -1000 2.10 9.27 6.96 -1000 32.93 1.30 366.493
car -1 -1 0.00 0.00 0.00 100.00 100.00 -1000 1.66 4.03 11.08 -1000 31.37 -0.19 358.334
car -1 -1 0.00 0.00 0.00 100.00 100.00 -1000 8.54 189.51 14.11 -1000 4.51 0.42 357.535
car -1 -1 0.00 0.00 0.00 100.00 100.00 -1000 1.74 4.88 -0.11 -1000 37.96 1.53 356.399
car -1 -1 0.00 0.00 0.00 100.00 100.00 -1000 1.72 6.72 -2.14 -1000 32.58 1.34 354.981
car -1 -1 0.00 0.00 0.00 100.00 100.00 -1000 2.25 10.74 3.17 -1000 43.93 1.27 351.918
car -1 -1 0.00 0.00 0.00 100.00 100.00 -1000 1.96 6.55 -14.78 -1000 25.11 1.57 348.105
car -1 -1 0.00 0.00 0.00 100.00 100.00 -1000 4.89 7.43 11.75 -1000 3.05 0.54 346.407
car -1 -1 0.00 0.00 0.00 100.00 100.00 -1000 2.25 12.06 -2.66 -1000 41.81 1.16 328.701
car -1 -1 0.00 0.00 0.00 100.00 100.00 -1000 1.73 4.72 13.85 -1000 31.40 1.53 326.935
car -1 -1 0.00 0.00 0.00 100.00 100.00 -1000 2.14 13.51 12.82 -1000 19.76 1.41 322.105
car -1 -1 0.00 0.00 0.00 100.00 100.00 -1000 4.54 23.85 -18.36 -1000 5.78 0.16 321.979
car -1 -1 0.00 0.00 0.00 100.00 100.00 -1000 4.44 5.98 9.94 -1000 1.47 0.60 314.593
car -1 -1 0.00 0.00 0.00 100.00 100.00 -1000 1.82 5.63 12.21 -1000 26.82 1.63 303.134
car -1 -1 0.00 0.00 0.00 100.00 100.00 -1000 2.00 7.62 11.04 -1000 18.26 1.54 301.376
car -1 -1 0.00 0.00 0.00 100.00 100.00 -1000 1.68 4.85 9.34 -1000 25.94 1.52 300.663
car -1 -1 0.00 0.00 0.00 100.00 100.00 -1000 1.88 6.38 11.01 -1000 33.25 1.50 299.385
car -1 -1 0.00 0.00 0.00 100.00 100.00 -1000 1.55 5.47 -3.54 -1000 31.93 1.37 297.751
car -1 -1 0.00 0.00 0.00 100.00 100.00 -1000 3.05 21.78 8.89 -1000 19.00 1.17 295.750
car -1 -1 0.00 0.00 0.00 100.00 100.00 -1000 1.70 5.12 5.78 -1000 37.32 1.54 294.008
car -1 -1 0.00 0.00 0.00 100.00 100.00 -1000 1.54 3.52 -3.10 -1000 9.48 0.06 290.599
car -1 -1 0.00 0.00 0.00 100.00 100.00 -1000 1.84 8.25 -11.67 -1000 25.82 1.50 286.346
car -1 -1 0.00 0.00 0.00 100.00 100.00 -1000 1.70 6.15 14.22 -1000 17.00 1.48 278.403
car -1 -1 0.00 0.00 0.00 100.00 100.00 -1000 7.77 163.49 14.07 -1000 9.35 0.41 277.829
car -1 -1 0.00 0.00 0.00 100.00 100.00 -1000 4.71 5.67 6.52 -1000 1.46 0.52 272.884
car -1 -1 0.00 0.00 0.00 100.00 100.00 -1000 1.77 5.26 -17.46 -1000 32.81 1.53 272.791
car -1 -1 0.00 0.00 0.00 100.00 100.00 -1000 2.16 9.27 -16.37 -1000 39.91 1.38 271.156
car -1 -1 0.00 0.00 0.00 100.00 100.00 -1000 4.07 20.35 -18.11 -1000 4.06 0.28 270.312
car -1 -1 0.00 0.00 0.00 100.00 100.00 -1000 1.67 6.05 6.88 -1000 39.98 1.64 268.540
car -1 -1 0.00 0.00 0.00 100.00 100.00 -1000 2.00 7.34 13.95 -1000 47.08 1.29 266.757
car -1 -1 0.00 0.00 0.00 100.00 100.00 -1000 1.77 6.17 0.66 -1000 39.44 1.39 258.263
car -1 -1 0.00 0.00 0.00 100.00 100.00 -1000 1.73 6.00 -1.67 -1000 30.06 1.56 253.246
car -1 -1 0.00 0.00 0.00 100.00 100.00 -1000 1.65 4.93 -13.00 -1000 23.95 1.63 253.176
car -1 -1 0.00 0.00 0.00 100.00 100.00 -1000 2.05 6.63 15.89 -1000 46.68 1.36 245.099
car -1 -1 0.00 0.00 0.00 100.00 100.00 -1000 2.96 59.96 10.87 -1000 7.09 -1.40 244.931
car -1 -1 0.00 0.00 0.00 100.00 100.00 -1000 1.68 5.75 17.02 -1000 26.25 1.50 244.513
car -1 -1 0.00 0.00 0.00 100.00 100.00 -1000 1.69 4.52 13.25 -1000 15.49 -0.19 233.632
car -1 -1 0.00 0.00 0.00 100.00 100.00 -1000 1.85 5.37 16.08 -1000 39.56 1.55 231.839
car -1 -1 0.00 0.00 0.00 100.00 100.00 -1000 1.70 5.94 8.52 -1000 40.38 1.42 230.006
car -1 -1 0.00 0.00 0.00 100.00 100.00 -1000 1.88 6.17 14.30 -1000 26.40 1.57 229.248
car -1 -1 0.00 0.00 0.00 100.00 100.00 -1000 1.66 4.58 15.75 -1000 24.55 -0.06 228.157
car -1 -1 0.00 0.00 0.00 100.00 100.00 -1000 2.89 52.94 12.45 -1000 8.63 -1.19 226.674
car -1 -1 0.00 0.00 0.00 100.00 100.00 -1000 3.64 18.66 14.24 -1000 8.66 0.51 226.286
car -1 -1 0.00 0.00 0.00 100.00 100.00 -1000 1.67 4.90 10.01 -1000 39.91 0.07 219.276
car -1 -1 0.00 0.00 0.00 100.00 100.00 -1000 1.64 4.04 12.26 -1000 30.93 -0.16 218.927
car -1 -1 0.00 0.00 0.00 100.00 100.00 -1000 2.02 7.88 -2.43 -1000 37.21 1.32 214.740
car -1 -1 0.00 0.00 0.00 100.00 100.00 -1000 2.43 11.23 11.40 -1000 33.60 1.28 212.635
car -1 -1 0.00 0.00 0.00 100.00 100.00 -1000 53.64 45.19 11.31 -1000 5.30 -0.89 211.564
car -1 -1 0.00 0.00 0.00 100.00 100.00 -1000 2.85 47.72 10.87 -1000 5.37 -1.07 209.080
car -1 -1 0.00 0.00 0.00 100.00 100.00 -1000 1.79 5.41 17.08 -1000 32.67 1.53 208.558
car -1 -1 0.00 0.00 0.00 100.00 100.00 -1000 6.35 111.45 -16.56 -1000 6.16 0.51 207.749
car -1 -1 0.00 0.00 0.00 100.00 100.00 -1000 1.81 6.14 18.34 -1000 39.78 1.51 205.670
car -1 -1 0.00 0.00 0.00 100.00 100.00 -1000 3.07 16.41 5.10 -1000 21.40 0.85 204.975
car -1 -1 0.00 0.00 0.00 100.00 100.00 -1000 1.73 3.89 7.81 -1000 26.29 -0.01 204.317
car -1 -1 0.00 0.00 0.00 100.00 100.00 -1000 5.97 97.87 -16.47 -1000 2.96 0.56 204.262
car -1 -1 0.00 0.00 0.00 100.00 100.00 -1000 1.57 4.53 16.18 -1000 44.10 -0.18 201.069
car -1 -1 0.00 0.00 0.00 100.00 100.00 -1000 2.35 11.24 -0.56 -1000 38.65 1.24 200.220
car -1 -1 0.00 0.00 0.00 100.00 100.00 -1000 1.78 5.99 -14.01 -1000 31.45 1.52 198.804
car -1 -1 0.00 0.00 0.00 100.00 100.00 -1000 1.85 6.72 -14.79 -1000 41.56 1.45 194.823
car -1 -1 0.00 0.00 0.00 100.00 100.00 -1000 3.91 21.01 3.97 -1000 2.58 0.22 194.425
car -1 -1 0.00 0.00 0.00 100.00 100.00 -1000 2.03 7.71 12.39 -1000 27.76 1.46 193.169
car -1 -1 0.00 0.00 0.00 100.00 100.00 -1000 1.67 4.71 11.97 -1000 15.11 1.58 187.074
car -1 -1 0.00 0.00 0.00 100.00 100.00 -1000 2.28 12.46 6.11 -1000 34.15 1.17 186.760
car -1 -1 0.00 0.00 0.00 100.00 100.00 -1000 1.56 7.65 -6.00 -1000 32.24 1.36 185.034
car -1 -1 0.00 0.00 0.00 100.00 100.00 -1000 3.36 16.95 14.35 -1000 6.96 0.58 184.759
car -1 -1 0.00 0.00 0.00 100.00 100.00 -1000 1.75 6.47 16.58 -1000 27.13 1.42 181.155
car -1 -1 0.00 0.00 0.00 100.00 100.00 -1000 1.61 6.45 7.25 -1000 39.18 1.59 179.728
car -1 -1 0.00 0.00 0.00 100.00 100.00 -1000 32.25 35.35 12.84 -1000 5.41 -0.53 178.390
car -1 -1 0.00 0.00 0.00 100.00 100.00 -1000 2.45 30.10 9.56 -1000 3.69 -0.72 177.661
car -1 -1 0.00 0.00 0.00 100.00 100.00 -1000 3.24 14.26 11.16 -1000 2.32 0.53 177.070
car -1 -1 0.00 0.00 0.00 100.00 100.00 -1000 1.94 7.51 18.53 -1000 41.11 1.41 177.009
car -1 -1 0.00 0.00 0.00 100.00 100.00 -1000 1.69 4.62 15.39 -1000 31.14 -0.14 172.174
car -1 -1 0.00 0.00 0.00 100.00 100.00 -1000 1.92 7.20 10.26 -1000 28.09 1.43 171.490
car -1 -1 0.00 0.00 0.00 100.00 100.00 -1000 3.54 18.28 -17.96 -1000 8.67 0.44 170.356
car -1 -1 0.00 0.00 0.00 100.00 100.00 -1000 1.82 5.72 14.28 -1000 38.76 1.59 169.676
car -1 -1 0.00 0.00 0.00 100.00 100.00 -1000 22.20 24.66 9.99 -1000 2.34 -0.33 167.138
car -1 -1 0.00 0.00 0.00 100.00 100.00 -1000 1.79 4.76 7.15 -1000 30.04 -0.41 150.950
car -1 -1 0.00 0.00 0.00 100.00 100.00 -1000 3.39 14.57 7.26 -1000 18.10 0.95 150.874
car -1 -1 0.00 0.00 0.00 100.00 100.00 -1000 2.04 8.88 -15.47 -1000 42.30 1.37 150.804
car -1 -1 0.00 0.00 0.00 100.00 100.00 -1000 1.98 7.90 -14.82 -1000 33.75 1.43 146.038
car -1 -1 0.00 0.00 0.00 100.00 100.00 -1000 1.93 5.99 18.44 -1000 36.47 1.63 144.574
car -1 -1 0.00 0.00 0.00 100.00 100.00 -1000 3.69 40.41 6.09 -1000 20.63 1.07 143.092
car -1 -1 0.00 0.00 0.00 100.00 100.00 -1000 1.84 5.54 -13.69 -1000 35.41 1.46 140.180
car -1 -1 0.00 0.00 0.00 100.00 100.00 -1000 3.77 7.87 12.95 -1000 9.48 0.65 139.819
car -1 -1 0.00 0.00 0.00 100.00 100.00 -1000 1.93 6.56 -15.95 -1000 40.74 1.41 139.755
car -1 -1 0.00 0.00 0.00 100.00 100.00 -1000 1.46 5.39 -4.82 -1000 31.45 1.46 138.829
car -1 -1 0.00 0.00 0.00 100.00 100.00 -1000 1.93 8.66 1.82 -1000 34.74 1.40 138.245
car -1 -1 0.00 0.00 0.00 100.00 100.00 -1000 4.80 7.78 5.67 -1000 3.07 0.39 137.896
car -1 -1 0.00 0.00 0.00 100.00 100.00 -1000 1.62 3.66 9.67 -1000 30.76 -0.10 136.803
car -1 -1 0.00 0.00 0.00 100.00 100.00 -1000 1.85 5.52 -16.75 -1000 22.57 1.56 136.594
car -1 -1 0.00 0.00 0.00 100.00 100.00 -1000 1.83 8.00 -14.73 -1000 17.27 1.31 136.187
car -1 -1 0.00 0.00 0.00 100.00 100.00 -1000 1.65 6.74 18.12 -1000 25.58 1.49 136.163
car -1 -1 0.00 0.00 0.00 100.00 100.00 -1000 1.84 8.24 16.13 -1000 27.94 1.32 133.218
car -1 -1 0.00 0.00 0.00 100.00 100.00 -1000 4.81 63.84 -16.56 -1000 7.82 0.65 133.079
car -1 -1 0.00 0.00 0.00 100.00 100.00 -1000 2.43 9.80 8.02 -1000 19.04 1.21 132.667
car -1 -1 0.00 0.00 0.00 100.00 100.00 -1000 2.00 6.91 17.13 -1000 45.95 1.50 130.390
car -1 -1 0.00 0.00 0.00 100.00 100.00 -1000 2.98 14.03 13.10 -1000 3.65 0.67 129.764
car -1 -1 0.00 0.00 0.00 100.00 100.00 -1000 4.07 47.57 12.42 -1000 1.42 0.80 129.402
car -1 -1 0.00 0.00 0.00 100.00 100.00 -1000 2.98 15.06 14.56 -1000 10.01 0.72 128.678
car -1 -1 0.00 0.00 0.00 100.00 100.00 -1000 2.98 13.19 -17.86 -1000 2.24 0.58 128.447
car -1 -1 0.00 0.00 0.00 100.00 100.00 -1000 1.62 5.31 9.35 -1000 39.06 0.06 128.399
car -1 -1 0.00 0.00 0.00 100.00 100.00 -1000 1.84 5.61 16.01 -1000 37.07 1.57 126.602
car -1 -1 0.00 0.00 0.00 100.00 100.00 -1000 13.48 19.29 11.51 -1000 2.45 -0.00 126.523
car -1 -1 0.00 0.00 0.00 100.00 100.00 -1000 3.94 33.52 8.49 -1000 17.58 1.11 125.754
car -1 -1 0.00 0.00 0.00 100.00 100.00 -1000 5.55 102.97 5.61 -1000 1.30 0.59 125.303
car -1 -1 0.00 0.00 0.00 100.00 100.00 -1000 4.41 52.67 6.98 -1000 18.98 0.93 125.101
car -1 -1 0.00 0.00 0.00 100.00 100.00 -1000 3.09 8.63 14.79 -1000 7.90 0.84 122.982
car -1 -1 0.00 0.00 0.00 100.00 100.00 -1000 2.15 7.53 -17.80 -1000 38.39 1.28 122.949
car -1 -1 0.00 0.00 0.00 100.00 100.00 -1000 1.99 6.19 -18.36 -1000 32.11 1.36 122.189
car -1 -1 0.00 0.00 0.00 100.00 100.00 -1000 2.25 9.23 -17.34 -1000 25.55 1.29 121.178
car -1 -1 0.00 0.00 0.00 100.00 100.00 -1000 1.74 6.16 14.71 -1000 16.18 1.41 118.133
car -1 -1 0.00 0.00 0.00 100.00 100.00 -1000 3.52 7.38 -17.65 -1000 4.66 0.69 117.430
car -1 -1 0.00 0.00 0.00 100.00 100.00 -1000 2.94 14.59 -16.07 -1000 5.19 0.71 116.964
car -1 -1 0.00 0.00 0.00 100.00 100.00 -1000 1.86 7.33 -3.59 -1000 37.94 1.22 114.933
car -1 -1 0.00 0.00 0.00 100.00 100.00 -1000 1.95 10.65 -8.87 -1000 20.84 1.43 113.339
car -1 -1 0.00 0.00 0.00 100.00 100.00 -1000 16.39 24.97 14.34 -1000 7.18 -0.12 113.228
car -1 -1 0.00 0.00 0.00 100.00 100.00 -1000 1.89 6.26 -16.04 -1000 32.28 1.55 112.609
car -1 -1 0.00 0.00 0.00 100.00 100.00 -1000 1.76 6.63 -3.94 -1000 40.29 1.19 110.983
car -1 -1 0.00 0.00 0.00 100.00 100.00 -1000 1.83 6.45 13.62 -1000 32.45 1.40 109.566
car -1 -1 0.00 0.00 0.00 100.00 100.00 -1000 1.94 8.93 10.25 -1000 28.93 1.34 108.251
car -1 -1 0.00 0.00 0.00 100.00 100.00 -1000 1.47 4.49 -2.43 -1000 31.22 1.51 107.771
car -1 -1 0.00 0.00 0.00 100.00 100.00 -1000 1.93 6.11 13.76 -1000 24.30 1.57 106.790
car -1 -1 0.00 0.00 0.00 100.00 100.00 -1000 3.23 7.24 -17.61 -1000 3.05 0.75 106.036
car -1 -1 0.00 0.00 0.00 100.00 100.00 -1000 2.49 41.36 12.20 -1000 10.17 -0.92 105.900
car -1 -1 0.00 0.00 0.00 100.00 100.00 -1000 1.65 7.39 -12.98 -1000 32.73 1.46 105.816
car -1 -1 0.00 0.00 0.00 100.00 100.00 -1000 1.72 6.73 -12.27 -1000 45.09 1.44 105.232
car -1 -1 0.00 0.00 0.00 100.00 100.00 -1000 2.91 8.66 14.79 -1000 6.27 0.88 105.198
car -1 -1 0.00 0.00 0.00 100.00 100.00 -1000 3.79 25.56 -20.39 -1000 7.30 0.19 104.720
car -1 -1 0.00 0.00 0.00 100.00 100.00 -1000 1.94 5.18 4.48 -1000 36.42 -0.24 104.064
car -1 -1 0.00 0.00 0.00 100.00 100.00 -1000 1.66 4.61 -2.31 -1000 38.68 1.29 102.590
car -1 -1 0.00 0.00 0.00 100.00 100.00 -1000 1.63 4.12 16.94 -1000 31.93 -0.10 102.066
car -1 -1 0.00 0.00 0.00 100.00 100.00 -1000 3.32 7.45 -17.66 -1000 6.28 0.72 101.168
car -1 -1 0.00 0.00 0.00 100.00 100.00 -1000 2.79 13.89 -15.99 -1000 6.73 0.77 100.812
car -1 -1 0.00 0.00 0.00 100.00 100.00 -1000 2.75 13.00 -15.85 -1000 3.54 0.76 100.351
car -1 -1 0.00 0.00 0.00 100.00 100.00 -1000 1.64 5.60 0.37 -1000 36.87 1.61 99.597
car -1 -1 0.00 0.00 0.00 100.00 100.00 -1000 1.67 5.67 7.09 -1000 37.91 -0.06 96.200
car -1 -1 0.00 0.00 0.00 100.00 100.00 -1000 3.63 35.04 -14.98 -1000 4.64 0.84 96.027
car -1 -1 0.00 0.00 0.00 100.00 100.00 -1000 1.67 4.87 4.29 -1000 40.34 -0.14 95.662
car -1 -1 0.00 0.00 0.00 100.00 100.00 -1000 3.66 39.54 -16.69 -1000 1.43 0.84 94.863
car -1 -1 0.00 0.00 0.00 100.00 100.00 -1000 2.57 6.39 11.53 -1000 1.49 0.94 94.736
car -1 -1 0.00 0.00 0.00 100.00 100.00 -1000 2.02 7.58 17.11 -1000 44.95 1.44 93.641
car -1 -1 0.00 0.00 0.00 100.00 100.00 -1000 1.81 5.78 12.20 -1000 43.35 -0.17 93.083
car -1 -1 0.00 0.00 0.00 100.00 100.00 -1000 1.79 8.26 -13.17 -1000 37.51 1.41 92.651
car -1 -1 0.00 0.00 0.00 100.00 100.00 -1000 2.02 2.35 8.63 -1000 6.84 -0.12 92.480
car -1 -1 0.00 0.00 0.00 100.00 100.00 -1000 1.84 5.37 -17.06 -1000 31.58 1.48 91.546
car -1 -1 0.00 0.00 0.00 100.00 100.00 -1000 2.07 2.67 10.15 -1000 8.30 -0.07 91.093
car -1 -1 0.00 0.00 0.00 100.00 100.00 -1000 1.91 12.69 9.91 -1000 45.99 1.21 90.228
car -1 -1 0.00 0.00 0.00 100.00 100.00 -1000 1.80 8.44 17.25 -1000 33.49 1.32 90.197
car -1 -1 0.00 0.00 0.00 100.00 100.00 -1000 2.04 2.31 10.02 -1000 10.26 -0.22 88.648
car -1 -1 0.00 0.00 0.00 100.00 100.00 -1000 2.02 2.02 8.28 -1000 8.97 -0.34 88.189
car -1 -1 0.00 0.00 0.00 100.00 100.00 -1000 1.65 9.04 -2.43 -1000 34.52 1.39 88.023
car -1 -1 0.00 0.00 0.00 100.00 100.00 -1000 1.63 4.79 -14.30 -1000 22.53 1.67 87.231
car -1 -1 0.00 0.00 0.00 100.00 100.00 -1000 3.27 28.71 -14.86 -1000 3.06 0.89 84.774
car -1 -1 0.00 0.00 0.00 100.00 100.00 -1000 2.78 14.01 -17.60 -1000 9.98 0.70 84.288
car -1 -1 0.00 0.00 0.00 100.00 100.00 -1000 1.75 5.36 10.71 -1000 15.57 1.61 83.828
car -1 -1 0.00 0.00 0.00 100.00 100.00 -1000 1.98 11.32 -14.61 -1000 26.15 1.35 83.478
car -1 -1 0.00 0.00 0.00 100.00 100.00 -1000 1.69 7.89 -11.12 -1000 35.27 1.36 82.599
car -1 -1 0.00 0.00 0.00 100.00 100.00 -1000 2.58 7.89 13.33 -1000 3.08 0.93 82.503
car -1 -1 0.00 0.00 0.00 100.00 100.00 -1000 1.72 8.76 -11.95 -1000 36.76 1.42 81.473
car -1 -1 0.00 0.00 0.00 100.00 100.00 -1000 2.58 8.37 5.22 -1000 20.72 1.15 81.388
car -1 -1 0.00 0.00 0.00 100.00 100.00 -1000 1.80 7.45 9.77 -1000 34.14 1.22 80.845
