car -1 -1 0.00 0.00 0.00 100.00 100.00 -1000 1.12 4.94 -4.28 -1000 7.14 1.12 999.542
car -1 -1 0.00 0.00 0.00 100.00 100.00 -1000 1.60 3.68 9.20 -1000 37.06 1.58 999.260
car -1 -1 0.00 0.00 0.00 100.00 100.00 -1000 1.26 5.40 -3.28 -1000 17.87 1.23 998.893
car -1 -1 0.00 0.00 0.00 100.00 100.00 -1000 1.59 3.98 -4.83 -1000 7.82 1.59 998.375
car -1 -1 0.00 0.00 0.00 100.00 100.00 -1000 1.64 4.77 -3.88 -1000 17.06 1.36 998.223
car -1 -1 0.00 0.00 0.00 100.00 100.00 -1000 1.63 3.79 13.13 -1000 19.28 1.60 997.595
car -1 -1 0.00 0.00 0.00 100.00 100.00 -1000 1.57 4.30 10.45 -1000 37.44 1.60 997.454
car -1 -1 0.00 0.00 0.00 100.00 100.00 -1000 1.08 4.54 -4.69 -1000 6.36 1.24 995.021
car -1 -1 0.00 0.00 0.00 100.00 100.00 -1000 1.49 3.69 15.07 -1000 19.38 1.58 994.334
car -1 -1 0.00 0.00 0.00 100.00 100.00 -1000 1.00 4.72 -3.56 -1000 16.18 1.18 993.664
car -1 -1 0.00 0.00 0.00 100.00 100.00 -1000 1.77 4.32 9.02 -1000 29.87 1.51 993.138
car -1 -1 0.00 0.00 0.00 100.00 100.00 -1000 1.66 4.29 9.76 -1000 36.33 -0.30 992.868
car -1 -1 0.00 0.00 0.00 100.00 100.00 -1000 4.71 13.17 -11.88 -1000 38.50 0.47 992.557
car -1 -1 0.00 0.00 0.00 100.00 100.00 -1000 0.86 6.45 -4.68 -1000 8.33 0.77 991.874
car -1 -1 0.00 0.00 0.00 100.00 100.00 -1000 1.57 3.70 7.71 -1000 40.96 1.56 991.705
car -1 -1 0.00 0.00 0.00 100.00 100.00 -1000 1.64 4.05 13.65 -1000 20.00 1.59 990.912
car -1 -1 0.00 0.00 0.00 100.00 100.00 -1000 7.77 85.81 -9.99 -1000 37.03 0.82 990.878
car -1 -1 0.00 0.00 0.00 100.00 100.00 -1000 6.76 23.07 -7.45 -1000 22.22 0.19 990.842
car -1 -1 0.00 0.00 0.00 100.00 100.00 -1000 1.71 4.47 14.23 -1000 18.81 -0.14 989.848
car -1 -1 0.00 0.00 0.00 100.00 100.00 -1000 14.33 340.04 -5.49 -1000 20.51 0.37 988.779
car -1 -1 0.00 0.00 0.00 100.00 100.00 -1000 1.63 3.81 11.81 -1000 19.70 1.58 987.297
car -1 -1 0.00 0.00 0.00 100.00 100.00 -1000 1.67 4.09 15.93 -1000 20.00 1.65 987.102
car -1 -1 0.00 0.00 0.00 100.00 100.00 -1000 5.42 5.33 -5.01 -1000 20.61 0.81 986.877
car -1 -1 0.00 0.00 0.00 100.00 100.00 -1000 8.19 37.57 -11.44 -1000 14.61 -0.18 985.201
car -1 -1 0.00 0.00 0.00 100.00 100.00 -1000 8.32 45.88 -8.82 -1000 24.05 -0.36 985.105
car -1 -1 0.00 0.00 0.00 100.00 100.00 -1000 1.63 3.78 9.45 -1000 12.04 1.61 983.702
car -1 -1 0.00 0.00 0.00 100.00 100.00 -1000 1.08 4.33 -2.63 -1000 18.48 0.01 981.052
car -1 -1 0.00 0.00 0.00 100.00 100.00 -1000 1.65 4.18 8.30 -1000 37.65 1.52 979.610
car -1 -1 0.00 0.00 0.00 100.00 100.00 -1000 17.68 597.81 -9.01 -1000 12.37 0.32 977.247
car -1 -1 0.00 0.00 0.00 100.00 100.00 -1000 2.25 7.92 -3.73 -1000 19.16 1.31 976.204
car -1 -1 0.00 0.00 0.00 100.00 100.00 -1000 3.72 3.29 -10.32 -1000 37.14 1.02 975.597
car -1 -1 0.00 0.00 0.00 100.00 100.00 -1000 7.91 130.80 -5.92 -1000 19.06 0.55 973.263
car -1 -1 0.00 0.00 0.00 100.00 100.00 -1000 3.11 8.57 -3.04 -1000 24.86 0.96 973.096
car -1 -1 0.00 0.00 0.00 100.00 100.00 -1000 1.55 4.04 -2.87 -1000 19.33 1.42 973.052
car -1 -1 0.00 0.00 0.00 100.00 100.00 -1000 1.66 4.01 16.98 -1000 20.48 1.67 971.024
car -1 -1 0.00 0.00 0.00 100.00 100.00 -1000 1.75 4.63 7.04 -1000 40.28 1.56 970.051
car -1 -1 0.00 0.00 0.00 100.00 100.00 -1000 4.29 32.33 -4.77 -1000 18.91 1.04 967.605
car -1 -1 0.00 0.00 0.00 100.00 100.00 -1000 1.91 4.37 -3.86 -1000 18.72 1.40 965.783
car -1 -1 0.00 0.00 0.00 100.00 100.00 -1000 4.12 24.57 -1.91 -1000 24.06 1.17 965.667
car -1 -1 0.00 0.00 0.00 100.00 100.00 -1000 8.09 147.19 -7.36 -1000 9.40 0.63 958.168
car -1 -1 0.00 0.00 0.00 100.00 100.00 -1000 4.02 12.65 -7.34 -1000 21.77 0.70 953.017
car -1 -1 0.00 0.00 0.00 100.00 100.00 -1000 1.77 4.96 -5.13 -1000 8.95 1.59 952.322
car -1 -1 0.00 0.00 0.00 100.00 100.00 -1000 1.60 3.80 7.92 -1000 41.77 1.53 952.078
car -1 -1 0.00 0.00 0.00 100.00 100.00 -1000 18.59 695.16 -5.99 -1000 21.93 0.13 940.777
car -1 -1 0.00 0.00 0.00 100.00 100.00 -1000 1.73 4.50 14.25 -1000 20.72 1.60 939.321
car -1 -1 0.00 0.00 0.00 100.00 100.00 -1000 1.66 4.17 10.57 -1000 38.56 1.60 939.191
car -1 -1 0.00 0.00 0.00 100.00 100.00 -1000 5.40 43.38 -10.01 -1000 37.21 1.04 939.094
car -1 -1 0.00 0.00 0.00 100.00 100.00 -1000 24.42 1137.47 -9.85 -1000 12.43 0.13 933.440
car -1 -1 0.00 0.00 0.00 100.00 100.00 -1000 1.65 3.99 17.96 -1000 32.98 1.63 932.889
car -1 -1 0.00 0.00 0.00 100.00 100.00 -1000 3.48 11.30 -6.39 -1000 19.93 0.83 932.289
car -1 -1 0.00 0.00 0.00 100.00 100.00 -1000 5.05 25.51 -9.52 -1000 10.74 0.31 930.596
car -1 -1 0.00 0.00 0.00 100.00 100.00 -1000 2.63 3.90 -2.21 -1000 24.09 1.21 930.324
car -1 -1 0.00 0.00 0.00 100.00 100.00 -1000 1.44 9.58 -5.03 -1000 9.92 1.10 929.371
car -1 -1 0.00 0.00 0.00 100.00 100.00 -1000 1.67 4.13 9.22 -1000 11.09 -0.21 921.468
car -1 -1 0.00 0.00 0.00 100.00 100.00 -1000 5.64 5.01 -9.37 -1000 12.61 0.65 915.790
car -1 -1 0.00 0.00 0.00 100.00 100.00 -1000 1.56 4.45 -5.97 -1000 33.22 1.54 915.379
car -1 -1 0.00 0.00 0.00 100.00 100.00 -1000 9.05 16.63 -5.03 -1000 20.06 0.47 911.710
car -1 -1 0.00 0.00 0.00 100.00 100.00 -1000 1.99 10.65 -10.34 -1000 38.44 0.28 903.338
car -1 -1 0.00 0.00 0.00 100.00 100.00 -1000 1.65 4.04 7.35 -1000 36.84 1.54 901.733
car -1 -1 0.00 0.00 0.00 100.00 100.00 -1000 5.97 59.34 -5.57 -1000 20.69 0.95 899.567
car -1 -1 0.00 0.00 0.00 100.00 100.00 -1000 1.67 2.14 -10.69 -1000 38.90 1.05 898.535
car -1 -1 0.00 0.00 0.00 100.00 100.00 -1000 1.70 4.41 15.94 -1000 21.10 1.60 898.167
car -1 -1 0.00 0.00 0.00 100.00 100.00 -1000 1.66 3.87 5.04 -1000 35.85 1.51 897.734
car -1 -1 0.00 0.00 0.00 100.00 100.00 -1000 1.57 3.60 9.08 -1000 29.10 0.02 897.606
car -1 -1 0.00 0.00 0.00 100.00 100.00 -1000 1.64 4.04 10.58 -1000 12.79 1.61 895.021
car -1 -1 0.00 0.00 0.00 100.00 100.00 -1000 1.66 3.93 6.36 -1000 35.57 -0.56 893.595
car -1 -1 0.00 0.00 0.00 100.00 100.00 -1000 3.13 11.65 -6.79 -1000 9.45 0.95 892.537
car -1 -1 0.00 0.00 0.00 100.00 100.00 -1000 8.56 9.62 -10.19 -1000 37.63 0.54 891.103
car -1 -1 0.00 0.00 0.00 100.00 100.00 -1000 2.06 5.88 -5.10 -1000 17.82 1.32 881.867
car -1 -1 0.00 0.00 0.00 100.00 100.00 -1000 1.58 10.39 -5.31 -1000 10.79 1.19 877.595
car -1 -1 0.00 0.00 0.00 100.00 100.00 -1000 8.65 137.57 -3.16 -1000 23.88 0.54 875.382
car -1 -1 0.00 0.00 0.00 100.00 100.00 -1000 1.65 4.84 9.59 -1000 38.00 1.67 868.393
car -1 -1 0.00 0.00 0.00 100.00 100.00 -1000 1.75 4.71 6.54 -1000 41.44 1.51 867.518
car -1 -1 0.00 0.00 0.00 100.00 100.00 -1000 1.73 4.74 -6.63 -1000 32.53 1.57 864.999
car -1 -1 0.00 0.00 0.00 100.00 100.00 -1000 2.18 2.66 -6.26 -1000 23.27 0.60 861.214
car -1 -1 0.00 0.00 0.00 100.00 100.00 -1000 1.58 3.78 8.72 -1000 40.42 1.55 858.957
car -1 -1 0.00 0.00 0.00 100.00 100.00 -1000 1.60 4.34 -4.17 -1000 9.64 1.42 856.945
car -1 -1 0.00 0.00 0.00 100.00 100.00 -1000 1.68 4.10 8.78 -1000 12.69 1.52 856.273
car -1 -1 0.00 0.00 0.00 100.00 100.00 -1000 1.83 5.20 6.61 -1000 39.39 1.51 854.732
car -1 -1 0.00 0.00 0.00 100.00 100.00 -1000 1.64 4.15 7.98 -1000 35.64 0.03 854.634
car -1 -1 0.00 0.00 0.00 100.00 100.00 -1000 4.78 19.02 -8.85 -1000 12.10 0.54 852.460
car -1 -1 0.00 0.00 0.00 100.00 100.00 -1000 5.20 6.51 -5.92 -1000 22.23 0.77 850.685
car -1 -1 0.00 0.00 0.00 100.00 100.00 -1000 1.63 4.28 9.88 -1000 30.51 1.53 850.676
car -1 -1 0.00 0.00 0.00 100.00 100.00 -1000 4.15 6.35 -2.17 -1000 23.58 1.05 846.156
car -1 -1 0.00 0.00 0.00 100.00 100.00 -1000 6.68 81.37 -7.12 -1000 11.03 0.70 845.149
car -1 -1 0.00 0.00 0.00 100.00 100.00 -1000 2.39 20.57 -5.73 -1000 22.36 -0.09 831.338
car -1 -1 0.00 0.00 0.00 100.00 100.00 -1000 1.72 4.30 16.95 -1000 32.26 -0.10 826.380
car -1 -1 0.00 0.00 0.00 100.00 100.00 -1000 1.82 6.00 -6.32 -1000 7.25 1.45 820.621
car -1 -1 0.00 0.00 0.00 100.00 100.00 -1000 1.76 4.84 -4.96 -1000 16.28 1.50 814.909
car -1 -1 0.00 0.00 0.00 100.00 100.00 -1000 1.69 5.26 -4.69 -1000 10.51 1.41 814.003
car -1 -1 0.00 0.00 0.00 100.00 100.00 -1000 1.69 1.88 -11.36 -1000 39.32 0.81 812.095
car -1 -1 0.00 0.00 0.00 100.00 100.00 -1000 1.88 5.29 11.12 -1000 20.34 1.50 808.266
car -1 -1 0.00 0.00 0.00 100.00 100.00 -1000 10.26 33.06 -10.18 -1000 38.40 0.61 802.875
car -1 -1 0.00 0.00 0.00 100.00 100.00 -1000 5.43 6.59 -7.49 -1000 20.84 0.50 802.472
car -1 -1 0.00 0.00 0.00 100.00 100.00 -1000 2.60 20.35 -6.15 -1000 20.89 0.13 799.133
car -1 -1 0.00 0.00 0.00 100.00 100.00 -1000 1.69 4.15 -3.71 -1000 43.18 1.50 795.991
car -1 -1 0.00 0.00 0.00 100.00 100.00 -1000 18.56 20.53 -8.47 -1000 11.79 0.09 789.628
car -1 -1 0.00 0.00 0.00 100.00 100.00 -1000 1.57 3.17 -5.02 -1000 19.65 1.37 784.855
car -1 -1 0.00 0.00 0.00 100.00 100.00 -1000 4.00 7.23 -7.68 -1000 11.15 0.99 784.737
car -1 -1 0.00 0.00 0.00 100.00 100.00 -1000 9.16 35.12 -5.16 -1000 20.76 0.65 781.687
car -1 -1 0.00 0.00 0.00 100.00 100.00 -1000 1.61 3.92 5.72 -1000 36.66 1.52 777.424
car -1 -1 0.00 0.00 0.00 100.00 100.00 -1000 1.71 4.28 16.59 -1000 19.31 1.86 776.326
car -1 -1 0.00 0.00 0.00 100.00 100.00 -1000 2.01 7.15 -5.42 -1000 11.48 1.33 773.818
car -1 -1 0.00 0.00 0.00 100.00 100.00 -1000 1.73 4.57 6.98 -1000 42.43 1.55 768.900
car -1 -1 0.00 0.00 0.00 100.00 100.00 -1000 1.69 2.85 -2.87 -1000 25.32 1.10 762.838
car -1 -1 0.00 0.00 0.00 100.00 100.00 -1000 1.69 4.37 16.29 -1000 33.25 1.55 761.931
car -1 -1 0.00 0.00 0.00 100.00 100.00 -1000 1.95 7.65 -6.19 -1000 8.22 1.30 756.256
car -1 -1 0.00 0.00 0.00 100.00 100.00 -1000 1.72 4.51 11.02 -1000 36.71 -0.34 746.905
car -1 -1 0.00 0.00 0.00 100.00 100.00 -1000 1.76 5.19 12.62 -1000 21.04 1.52 746.471
car -1 -1 0.00 0.00 0.00 100.00 100.00 -1000 1.92 9.20 -10.19 -1000 37.36 0.40 740.108
car -1 -1 0.00 0.00 0.00 100.00 100.00 -1000 1.91 5.45 4.88 -1000 41.75 1.49 738.102
car -1 -1 0.00 0.00 0.00 100.00 100.00 -1000 5.43 25.27 -6.34 -1000 25.39 0.12 737.458
car -1 -1 0.00 0.00 0.00 100.00 100.00 -1000 4.40 15.45 -9.74 -1000 13.81 0.63 733.539
car -1 -1 0.00 0.00 0.00 100.00 100.00 -1000 1.61 4.02 -2.56 -1000 20.08 1.41 732.590
car -1 -1 0.00 0.00 0.00 100.00 100.00 -1000 2.21 8.04 10.88 -1000 41.50 1.54 728.902
car -1 -1 0.00 0.00 0.00 100.00 100.00 -1000 1.97 4.32 -6.49 -1000 20.50 0.99 726.406
car -1 -1 0.00 0.00 0.00 100.00 100.00 -1000 3.52 5.95 -10.87 -1000 38.32 0.93 704.094
car -1 -1 0.00 0.00 0.00 100.00 100.00 -1000 2.62 14.55 -8.09 -1000 8.02 1.10 702.458
car -1 -1 0.00 0.00 0.00 100.00 100.00 -1000 2.62 12.58 9.66 -1000 43.92 1.50 696.361
car -1 -1 0.00 0.00 0.00 100.00 100.00 -1000 1.88 3.00 -6.45 -1000 22.28 0.98 694.581
car -1 -1 0.00 0.00 0.00 100.00 100.00 -1000 0.65 5.59 -3.42 -1000 7.95 0.39 692.959
car -1 -1 0.00 0.00 0.00 100.00 100.00 -1000 4.14 21.50 -13.05 -1000 39.35 0.41 691.851
car -1 -1 0.00 0.00 0.00 100.00 100.00 -1000 2.63 6.98 -7.31 -1000 17.73 0.99 675.997
car -1 -1 0.00 0.00 0.00 100.00 100.00 -1000 1.64 4.32 9.04 -1000 41.22 1.70 674.848
car -1 -1 0.00 0.00 0.00 100.00 100.00 -1000 1.75 5.37 11.14 -1000 39.39 1.59 673.860
car -1 -1 0.00 0.00 0.00 100.00 100.00 -1000 1.81 5.07 7.28 -1000 38.60 1.52 669.762
car -1 -1 0.00 0.00 0.00 100.00 100.00 -1000 3.27 6.47 -4.05 -1000 22.48 1.18 661.643
car -1 -1 0.00 0.00 0.00 100.00 100.00 -1000 2.16 7.77 4.67 -1000 43.01 1.45 653.345
car -1 -1 0.00 0.00 0.00 100.00 100.00 -1000 11.15 14.91 -3.43 -1000 23.21 0.30 649.335
car -1 -1 0.00 0.00 0.00 100.00 100.00 -1000 1.35 2.88 -9.68 -1000 37.78 1.20 646.990
car -1 -1 0.00 0.00 0.00 100.00 100.00 -1000 2.29 9.89 -6.87 -1000 18.64 0.54 645.096
car -1 -1 0.00 0.00 0.00 100.00 100.00 -1000 2.24 8.71 9.90 -1000 44.74 1.45 642.448
car -1 -1 0.00 0.00 0.00 100.00 100.00 -1000 1.75 4.05 15.86 -1000 18.62 -0.19 641.819
car -1 -1 0.00 0.00 0.00 100.00 100.00 -1000 1.69 4.50 -6.35 -1000 34.12 1.55 639.602
car -1 -1 0.00 0.00 0.00 100.00 100.00 -1000 1.85 5.39 9.21 -1000 39.06 1.50 625.936
car -1 -1 0.00 0.00 0.00 100.00 100.00 -1000 2.01 7.81 11.11 -1000 42.50 1.45 624.873
car -1 -1 0.00 0.00 0.00 100.00 100.00 -1000 9.83 229.03 -10.24 -1000 13.92 0.37 623.617
car -1 -1 0.00 0.00 0.00 100.00 100.00 -1000 1.69 4.39 18.62 -1000 33.61 1.60 617.636
car -1 -1 0.00 0.00 0.00 100.00 100.00 -1000 1.87 5.96 14.09 -1000 21.51 1.47 614.899
car -1 -1 0.00 0.00 0.00 100.00 100.00 -1000 2.34 4.38 -1.71 -1000 25.09 1.22 613.553
car -1 -1 0.00 0.00 0.00 100.00 100.00 -1000 5.81 21.92 -12.33 -1000 36.64 0.30 610.957
car -1 -1 0.00 0.00 0.00 100.00 100.00 -1000 8.75 12.48 -7.44 -1000 10.42 0.53 610.605
car -1 -1 0.00 0.00 0.00 100.00 100.00 -1000 2.37 11.56 10.77 -1000 40.76 1.39 607.903
car -1 -1 0.00 0.00 0.00 100.00 100.00 -1000 1.50 3.29 -4.08 -1000 20.37 1.25 602.290
car -1 -1 0.00 0.00 0.00 100.00 100.00 -1000 2.64 25.00 -9.30 -1000 14.75 -0.38 599.318
car -1 -1 0.00 0.00 0.00 100.00 100.00 -1000 1.38 2.40 -9.27 -1000 39.26 0.60 596.968
car -1 -1 0.00 0.00 0.00 100.00 100.00 -1000 1.70 4.17 12.59 -1000 18.52 1.67 595.817
car -1 -1 0.00 0.00 0.00 100.00 100.00 -1000 1.85 7.87 -7.81 -1000 8.86 1.14 593.073
car -1 -1 0.00 0.00 0.00 100.00 100.00 -1000 2.49 24.44 -9.49 -1000 13.36 -0.67 587.919
car -1 -1 0.00 0.00 0.00 100.00 100.00 -1000 6.51 5.29 -11.53 -1000 11.32 0.43 587.455
car -1 -1 0.00 0.00 0.00 100.00 100.00 -1000 17.52 67.09 -10.89 -1000 38.64 0.23 586.360
car -1 -1 0.00 0.00 0.00 100.00 100.00 -1000 2.32 6.10 -4.95 -1000 19.93 1.15 581.779
car -1 -1 0.00 0.00 0.00 100.00 100.00 -1000 9.47 214.79 -11.95 -1000 35.39 0.40 578.418
car -1 -1 0.00 0.00 0.00 100.00 100.00 -1000 1.77 5.40 10.67 -1000 13.51 1.55 577.849
car -1 -1 0.00 0.00 0.00 100.00 100.00 -1000 1.80 4.80 3.94 -1000 38.70 1.48 570.775
car -1 -1 0.00 0.00 0.00 100.00 100.00 -1000 1.95 6.55 16.12 -1000 21.90 1.51 570.145
car -1 -1 0.00 0.00 0.00 100.00 100.00 -1000 1.76 4.77 6.01 -1000 37.44 1.53 568.390
car -1 -1 0.00 0.00 0.00 100.00 100.00 -1000 1.96 5.74 4.22 -1000 43.88 1.39 567.986
car -1 -1 0.00 0.00 0.00 100.00 100.00 -1000 1.76 4.87 0.01 -1000 45.20 1.38 566.504
car -1 -1 0.00 0.00 0.00 100.00 100.00 -1000 2.01 4.00 -8.32 -1000 21.16 0.61 560.221
car -1 -1 0.00 0.00 0.00 100.00 100.00 -1000 1.85 5.41 -7.52 -1000 31.81 1.60 556.589
car -1 -1 0.00 0.00 0.00 100.00 100.00 -1000 11.62 428.54 -12.87 -1000 11.03 0.31 537.542
car -1 -1 0.00 0.00 0.00 100.00 100.00 -1000 1.62 5.80 -3.18 -1000 22.74 1.44 536.335
car -1 -1 0.00 0.00 0.00 100.00 100.00 -1000 3.89 41.62 -9.26 -1000 17.59 0.81 523.064
car -1 -1 0.00 0.00 0.00 100.00 100.00 -1000 1.95 5.43 8.35 -1000 30.78 1.44 522.069
car -1 -1 0.00 0.00 0.00 100.00 100.00 -1000 1.68 4.70 11.71 -1000 41.93 1.56 519.608
car -1 -1 0.00 0.00 0.00 100.00 100.00 -1000 1.88 5.74 -6.28 -1000 6.34 1.59 514.597
car -1 -1 0.00 0.00 0.00 100.00 100.00 -1000 1.97 5.37 -3.44 -1000 41.45 1.30 504.804
car -1 -1 0.00 0.00 0.00 100.00 100.00 -1000 2.01 9.70 13.47 -1000 39.95 1.35 499.094
car -1 -1 0.00 0.00 0.00 100.00 100.00 -1000 1.70 4.43 -5.36 -1000 31.93 1.53 490.309
car -1 -1 0.00 0.00 0.00 100.00 100.00 -1000 2.09 5.59 -10.05 -1000 36.70 1.08 489.959
car -1 -1 0.00 0.00 0.00 100.00 100.00 -1000 1.73 5.00 17.34 -1000 34.03 1.52 489.701
car -1 -1 0.00 0.00 0.00 100.00 100.00 -1000 1.86 4.54 5.28 -1000 35.04 1.35 487.645
car -1 -1 0.00 0.00 0.00 100.00 100.00 -1000 1.75 4.95 10.37 -1000 40.19 1.58 481.642
car -1 -1 0.00 0.00 0.00 100.00 100.00 -1000 1.81 5.77 11.65 -1000 38.01 1.56 478.152
car -1 -1 0.00 0.00 0.00 100.00 100.00 -1000 1.88 5.89 14.53 -1000 32.87 1.43 474.789
car -1 -1 0.00 0.00 0.00 100.00 100.00 -1000 2.28 4.21 -8.54 -1000 12.69 0.91 466.074
car -1 -1 0.00 0.00 0.00 100.00 100.00 -1000 1.90 5.81 -7.83 -1000 33.25 1.47 449.827
car -1 -1 0.00 0.00 0.00 100.00 100.00 -1000 3.23 16.16 -10.63 -1000 18.40 0.57 443.175
car -1 -1 0.00 0.00 0.00 100.00 100.00 -1000 31.87 151.07 -5.98 -1000 22.62 -0.09 441.104
car -1 -1 0.00 0.00 0.00 100.00 100.00 -1000 1.85 4.34 9.67 -1000 47.12 1.43 439.433
car -1 -1 0.00 0.00 0.00 100.00 100.00 -1000 1.76 4.53 -3.54 -1000 42.33 1.47 438.895
car -1 -1 0.00 0.00 0.00 100.00 100.00 -1000 3.36 8.60 -9.78 -1000 13.57 -0.81 438.695
car -1 -1 0.00 0.00 0.00 100.00 100.00 -1000 2.41 8.58 -4.49 -1000 42.03 1.33 432.376
car -1 -1 0.00 0.00 0.00 100.00 100.00 -1000 1.78 5.00 10.44 -1000 11.51 -0.28 432.265
car -1 -1 0.00 0.00 0.00 100.00 100.00 -1000 1.99 2.01 -10.71 -1000 15.87 0.41 422.468
car -1 -1 0.00 0.00 0.00 100.00 100.00 -1000 1.98 4.15 -5.02 -1000 23.60 1.14 416.402
car -1 -1 0.00 0.00 0.00 100.00 100.00 -1000 2.13 3.30 -6.88 -1000 24.53 0.58 416.249
car -1 -1 0.00 0.00 0.00 100.00 100.00 -1000 1.87 5.56 8.24 -1000 42.95 1.62 404.691
car -1 -1 0.00 0.00 0.00 100.00 100.00 -1000 4.38 6.04 -10.96 -1000 35.51 0.88 403.811
car -1 -1 0.00 0.00 0.00 100.00 100.00 -1000 1.83 3.76 -11.49 -1000 40.07 0.82 402.845
car -1 -1 0.00 0.00 0.00 100.00 100.00 -1000 3.78 27.50 6.68 -1000 25.62 1.06 399.452
car -1 -1 0.00 0.00 0.00 100.00 100.00 -1000 3.74 5.43 -12.84 -1000 37.15 0.70 399.141
car -1 -1 0.00 0.00 0.00 100.00 100.00 -1000 1.77 4.29 10.79 -1000 35.83 -0.31 397.745
car -1 -1 0.00 0.00 0.00 100.00 100.00 -1000 3.97 29.56 -9.58 -1000 32.10 0.98 393.237
car -1 -1 0.00 0.00 0.00 100.00 100.00 -1000 1.91 9.41 12.00 -1000 14.53 1.35 380.292
car -1 -1 0.00 0.00 0.00 100.00 100.00 -1000 1.85 5.08 10.28 -1000 31.43 1.52 378.140
car -1 -1 0.00 0.00 0.00 100.00 100.00 -1000 1.82 5.92 8.30 -1000 13.40 1.46 375.906
car -1 -1 0.00 0.00 0.00 100.00 100.00 -1000 3.84 5.16 -13.53 -1000 35.50 0.68 371.306
car -1 -1 0.00 0.00 0.00 100.00 100.00 -1000 1.59 3.77 -2.21 -1000 17.24 1.56 367.235
car -1 -1 0.00 0.00 0.00 100.00 100.00 -1000 2.19 8.47 5.82 -1000 45.45 1.45 361.631
car -1 -1 0.00 0.00 0.00 100.00 100.00 -1000 1.92 2.99 -9.49 -1000 14.39 0.94 360.300
car -1 -1 0.00 0.00 0.00 100.00 100.00 -1000 2.82 5.17 4.07 -1000 27.29 0.96 352.087
car -1 -1 0.00 0.00 0.00 100.00 100.00 -1000 2.21 8.54 6.69 -1000 44.56 1.50 351.355
car -1 -1 0.00 0.00 0.00 100.00 100.00 -1000 2.02 6.51 12.13 -1000 32.71 1.51 350.692
car -1 -1 0.00 0.00 0.00 100.00 100.00 -1000 2.92 10.73 5.41 -1000 26.21 0.91 349.090
car -1 -1 0.00 0.00 0.00 100.00 100.00 -1000 6.20 89.05 -9.80 -1000 33.61 0.65 346.322
car -1 -1 0.00 0.00 0.00 100.00 100.00 -1000 1.66 4.05 -3.94 -1000 5.67 0.02 344.647
car -1 -1 0.00 0.00 0.00 100.00 100.00 -1000 1.80 4.65 -8.27 -1000 18.67 0.96 341.881
car -1 -1 0.00 0.00 0.00 100.00 100.00 -1000 1.78 6.17 9.05 -1000 28.19 1.45 341.066
car -1 -1 0.00 0.00 0.00 100.00 100.00 -1000 1.95 9.11 12.48 -1000 38.64 1.34 340.661
car -1 -1 0.00 0.00 0.00 100.00 100.00 -1000 4.35 7.66 -5.30 -1000 24.05 0.62 338.898
car -1 -1 0.00 0.00 0.00 100.00 100.00 -1000 60.25 282.25 -9.77 -1000 14.84 -0.40 338.844
car -1 -1 0.00 0.00 0.00 100.00 100.00 -1000 1.71 4.41 10.49 -1000 29.30 1.62 335.718
car -1 -1 0.00 0.00 0.00 100.00 100.00 -1000 1.86 5.03 7.39 -1000 29.02 1.51 333.893
car -1 -1 0.00 0.00 0.00 100.00 100.00 -1000 1.74 5.49 1.75 -1000 38.59 1.26 333.098
car -1 -1 0.00 0.00 0.00 100.00 100.00 -1000 1.84 8.03 14.24 -1000 40.82 1.35 331.573
car -1 -1 0.00 0.00 0.00 100.00 100.00 -1000 1.96 7.30 -6.44 -1000 30.83 1.45 331.517
car -1 -1 0.00 0.00 0.00 100.00 100.00 -1000 14.77 79.51 -7.33 -1000 21.06 0.12 331.407
car -1 -1 0.00 0.00 0.00 100.00 100.00 -1000 1.72 4.95 18.08 -1000 19.88 -0.08 328.403
car -1 -1 0.00 0.00 0.00 100.00 100.00 -1000 1.89 5.69 -1.94 -1000 45.00 1.46 327.443
car -1 -1 0.00 0.00 0.00 100.00 100.00 -1000 2.53 6.50 3.49 -1000 28.93 0.92 323.723
car -1 -1 0.00 0.00 0.00 100.00 100.00 -1000 3.11 7.85 -10.40 -1000 12.09 -1.14 317.796
car -1 -1 0.00 0.00 0.00 100.00 100.00 -1000 1.90 7.53 -8.43 -1000 7.67 1.22 317.565
car -1 -1 0.00 0.00 0.00 100.00 100.00 -1000 1.68 4.25 10.68 -1000 19.31 0.19 315.084
car -1 -1 0.00 0.00 0.00 100.00 100.00 -1000 2.02 6.09 -9.29 -1000 38.02 0.66 313.819
car -1 -1 0.00 0.00 0.00 100.00 100.00 -1000 1.82 5.01 11.39 -1000 29.88 1.62 312.520
car -1 -1 0.00 0.00 0.00 100.00 100.00 -1000 1.08 2.63 -10.86 -1000 37.87 1.08 309.642
car -1 -1 0.00 0.00 0.00 100.00 100.00 -1000 2.20 11.83 11.66 -1000 22.89 1.25 309.394
car -1 -1 0.00 0.00 0.00 100.00 100.00 -1000 2.10 6.86 -3.51 -1000 43.80 1.43 308.386
car -1 -1 0.00 0.00 0.00 100.00 100.00 -1000 1.66 3.82 -4.96 -1000 20.94 0.96 305.791
car -1 -1 0.00 0.00 0.00 100.00 100.00 -1000 1.69 4.14 17.77 -1000 21.16 -0.68 305.726
car -1 -1 0.00 0.00 0.00 100.00 100.00 -1000 1.76 4.62 -1.94 -1000 41.13 1.43 305.278
car -1 -1 0.00 0.00 0.00 100.00 100.00 -1000 1.82 7.89 13.48 -1000 13.82 1.37 302.760
car -1 -1 0.00 0.00 0.00 100.00 100.00 -1000 2.17 7.24 5.19 -1000 40.63 1.49 295.407
car -1 -1 0.00 0.00 0.00 100.00 100.00 -1000 1.95 8.07 11.90 -1000 22.02 1.37 291.688
car -1 -1 0.00 0.00 0.00 100.00 100.00 -1000 1.84 6.15 -2.79 -1000 37.02 1.22 288.360
car -1 -1 0.00 0.00 0.00 100.00 100.00 -1000 3.65 15.49 3.42 -1000 28.23 0.45 285.318
car -1 -1 0.00 0.00 0.00 100.00 100.00 -1000 2.92 16.57 -8.37 -1000 33.67 1.13 282.983
car -1 -1 0.00 0.00 0.00 100.00 100.00 -1000 1.80 11.29 -9.10 -1000 19.27 0.47 282.593
car -1 -1 0.00 0.00 0.00 100.00 100.00 -1000 1.70 5.70 11.76 -1000 12.27 1.47 282.383
car -1 -1 0.00 0.00 0.00 100.00 100.00 -1000 3.09 12.68 -11.45 -1000 32.76 0.74 280.633
car -1 -1 0.00 0.00 0.00 100.00 100.00 -1000 3.02 19.25 -6.91 -1000 16.12 0.99 279.109
car -1 -1 0.00 0.00 0.00 100.00 100.00 -1000 1.90 4.53 9.16 -1000 35.24 -0.09 276.030
car -1 -1 0.00 0.00 0.00 100.00 100.00 -1000 4.84 31.81 -14.71 -1000 35.00 -0.05 271.182
car -1 -1 0.00 0.00 0.00 100.00 100.00 -1000 2.46 11.07 6.79 -1000 28.86 1.29 269.420
car -1 -1 0.00 0.00 0.00 100.00 100.00 -1000 3.75 15.13 -10.70 -1000 35.91 0.77 269.391
car -1 -1 0.00 0.00 0.00 100.00 100.00 -1000 2.20 10.79 15.26 -1000 22.44 1.28 269.033
car -1 -1 0.00 0.00 0.00 100.00 100.00 -1000 5.25 67.98 4.99 -1000 27.26 0.66 269.030
car -1 -1 0.00 0.00 0.00 100.00 100.00 -1000 2.96 13.52 -8.42 -1000 39.46 0.74 265.536
car -1 -1 0.00 0.00 0.00 100.00 100.00 -1000 1.82 6.50 -6.70 -1000 16.57 1.27 255.220
car -1 -1 0.00 0.00 0.00 100.00 100.00 -1000 1.87 5.07 -4.59 -1000 15.20 0.13 249.960
car -1 -1 0.00 0.00 0.00 100.00 100.00 -1000 1.65 5.70 12.57 -1000 37.26 1.42 249.320
car -1 -1 0.00 0.00 0.00 100.00 100.00 -1000 1.58 3.85 8.13 -1000 39.80 -0.21 243.457
car -1 -1 0.00 0.00 0.00 100.00 100.00 -1000 1.97 5.97 2.97 -1000 37.82 1.36 242.741
car -1 -1 0.00 0.00 0.00 100.00 100.00 -1000 2.06 6.09 -0.25 -1000 46.22 1.33 242.111
car -1 -1 0.00 0.00 0.00 100.00 100.00 -1000 4.76 7.32 -14.37 -1000 11.14 0.62 234.271
car -1 -1 0.00 0.00 0.00 100.00 100.00 -1000 1.77 5.36 14.31 -1000 31.94 1.61 229.507
car -1 -1 0.00 0.00 0.00 100.00 100.00 -1000 2.14 10.08 5.38 -1000 39.70 1.38 228.320
car -1 -1 0.00 0.00 0.00 100.00 100.00 -1000 3.19 6.91 -10.99 -1000 20.86 0.79 226.436
car -1 -1 0.00 0.00 0.00 100.00 100.00 -1000 1.98 3.09 -9.02 -1000 23.56 0.30 226.001
car -1 -1 0.00 0.00 0.00 100.00 100.00 -1000 1.57 5.23 -4.10 -1000 32.36 1.46 221.517
car -1 -1 0.00 0.00 0.00 100.00 100.00 -1000 4.15 5.64 -13.90 -1000 12.82 0.53 217.255
car -1 -1 0.00 0.00 0.00 100.00 100.00 -1000 4.80 67.35 -12.51 -1000 32.07 0.65 211.738
car -1 -1 0.00 0.00 0.00 100.00 100.00 -1000 2.65 11.15 -8.10 -1000 16.52 0.90 210.577
car -1 -1 0.00 0.00 0.00 100.00 100.00 -1000 2.34 17.88 10.98 -1000 23.72 1.13 210.051
car -1 -1 0.00 0.00 0.00 100.00 100.00 -1000 1.65 6.30 12.76 -1000 13.00 1.42 208.626
car -1 -1 0.00 0.00 0.00 100.00 100.00 -1000 1.98 7.30 -4.81 -1000 12.62 1.20 208.494
car -1 -1 0.00 0.00 0.00 100.00 100.00 -1000 1.98 7.46 -6.93 -1000 34.92 1.40 204.451
car -1 -1 0.00 0.00 0.00 100.00 100.00 -1000 4.39 11.96 -4.74 -1000 22.93 0.76 201.207
car -1 -1 0.00 0.00 0.00 100.00 100.00 -1000 0.53 5.51 -3.31 -1000 9.22 0.34 198.762
car -1 -1 0.00 0.00 0.00 100.00 100.00 -1000 1.79 6.67 -6.37 -1000 15.66 1.31 195.697
car -1 -1 0.00 0.00 0.00 100.00 100.00 -1000 2.22 8.61 6.27 -1000 27.83 1.36 195.020
car -1 -1 0.00 0.00 0.00 100.00 100.00 -1000 1.69 4.29 10.29 -1000 46.35 -0.22 194.519
car -1 -1 0.00 0.00 0.00 100.00 100.00 -1000 0.58 5.48 -3.27 -1000 8.63 0.15 189.236
car -1 -1 0.00 0.00 0.00 100.00 100.00 -1000 3.16 13.63 -5.97 -1000 17.77 0.79 187.597
car -1 -1 0.00 0.00 0.00 100.00 100.00 -1000 1.95 2.99 -8.31 -1000 25.27 0.21 186.647
car -1 -1 0.00 0.00 0.00 100.00 100.00 -1000 1.80 4.90 -9.44 -1000 32.23 1.47 185.778
car -1 -1 0.00 0.00 0.00 100.00 100.00 -1000 3.43 19.71 -10.43 -1000 41.10 0.46 185.430
car -1 -1 0.00 0.00 0.00 100.00 100.00 -1000 2.32 11.50 -1.65 -1000 37.00 1.19 184.600
car -1 -1 0.00 0.00 0.00 100.00 100.00 -1000 2.11 7.63 7.91 -1000 31.64 1.34 184.269
car -1 -1 0.00 0.00 0.00 100.00 100.00 -1000 2.06 7.50 18.35 -1000 34.89 1.42 183.552
car -1 -1 0.00 0.00 0.00 100.00 100.00 -1000 1.81 6.14 -5.56 -1000 42.95 1.06 183.444
car -1 -1 0.00 0.00 0.00 100.00 100.00 -1000 2.29 9.14 10.33 -1000 21.03 1.38 183.153
car -1 -1 0.00 0.00 0.00 100.00 100.00 -1000 2.22 8.15 6.91 -1000 46.36 1.43 179.291
car -1 -1 0.00 0.00 0.00 100.00 100.00 -1000 1.15 2.80 -1.49 -1000 24.92 1.42 179.148
car -1 -1 0.00 0.00 0.00 100.00 100.00 -1000 1.75 4.96 9.39 -1000 10.34 1.72 179.079
car -1 -1 0.00 0.00 0.00 100.00 100.00 -1000 1.99 7.22 10.22 -1000 32.10 1.33 177.702
car -1 -1 0.00 0.00 0.00 100.00 100.00 -1000 1.98 6.83 18.19 -1000 36.76 1.38 175.926
car -1 -1 0.00 0.00 0.00 100.00 100.00 -1000 1.94 6.80 9.07 -1000 20.00 1.42 175.376
car -1 -1 0.00 0.00 0.00 100.00 100.00 -1000 3.22 7.13 -9.40 -1000 31.70 1.02 173.335
car -1 -1 0.00 0.00 0.00 100.00 100.00 -1000 3.14 14.83 -15.37 -1000 37.76 0.51 166.122
car -1 -1 0.00 0.00 0.00 100.00 100.00 -1000 1.72 6.77 -4.24 -1000 33.47 1.40 164.821
car -1 -1 0.00 0.00 0.00 100.00 100.00 -1000 2.19 7.76 -2.61 -1000 46.44 1.42 164.644
car -1 -1 0.00 0.00 0.00 100.00 100.00 -1000 1.97 6.41 16.26 -1000 18.01 1.69 162.885
car -1 -1 0.00 0.00 0.00 100.00 100.00 -1000 4.64 48.16 6.83 -1000 24.01 0.89 162.779
car -1 -1 0.00 0.00 0.00 100.00 100.00 -1000 2.27 8.61 0.50 -1000 39.19 1.28 160.688
car -1 -1 0.00 0.00 0.00 100.00 100.00 -1000 1.39 4.25 -6.70 -1000 21.35 1.13 160.220
car -1 -1 0.00 0.00 0.00 100.00 100.00 -1000 2.29 8.18 -3.75 -1000 21.06 1.03 158.848
car -1 -1 0.00 0.00 0.00 100.00 100.00 -1000 2.32 6.04 -3.41 -1000 6.87 -0.86 157.985
