car -1 -1 0.00 0.00 0.00 100.00 100.00 -1000 1.65 4.08 -4.69 -1000 12.16 1.47 999.590
car -1 -1 0.00 0.00 0.00 100.00 100.00 -1000 0.94 9.56 -7.17 -1000 14.68 0.48 995.930
car -1 -1 0.00 0.00 0.00 100.00 100.00 -1000 1.59 3.90 -2.14 -1000 14.34 1.57 995.117
car -1 -1 0.00 0.00 0.00 100.00 100.00 -1000 2.97 12.25 -5.89 -1000 14.47 1.25 989.819
car -1 -1 0.00 0.00 0.00 100.00 100.00 -1000 1.69 4.44 -5.20 -1000 12.87 1.46 986.697
car -1 -1 0.00 0.00 0.00 100.00 100.00 -1000 1.54 3.39 7.87 -1000 14.45 1.56 984.027
car -1 -1 0.00 0.00 0.00 100.00 100.00 -1000 1.60 3.87 -3.56 -1000 16.94 1.52 981.088
car -1 -1 0.00 0.00 0.00 100.00 100.00 -1000 1.54 3.41 2.91 -1000 29.11 1.60 980.988
car -1 -1 0.00 0.00 0.00 100.00 100.00 -1000 1.56 3.93 -3.31 -1000 12.62 1.60 980.412
car -1 -1 0.00 0.00 0.00 100.00 100.00 -1000 1.56 3.43 7.55 -1000 13.42 1.66 974.607
car -1 -1 0.00 0.00 0.00 100.00 100.00 -1000 1.54 3.43 6.03 -1000 7.40 1.58 969.085
car -1 -1 0.00 0.00 0.00 100.00 100.00 -1000 2.29 7.43 -6.54 -1000 15.51 1.46 964.105
car -1 -1 0.00 0.00 0.00 100.00 100.00 -1000 1.59 4.04 -0.60 -1000 14.65 1.72 963.626
car -1 -1 0.00 0.00 0.00 100.00 100.00 -1000 1.78 4.50 -4.81 -1000 16.08 1.50 962.135
car -1 -1 0.00 0.00 0.00 100.00 100.00 -1000 1.63 4.14 9.09 -1000 14.03 -0.23 957.495
car -1 -1 0.00 0.00 0.00 100.00 100.00 -1000 3.66 14.55 -5.03 -1000 21.33 0.86 946.512
car -1 -1 0.00 0.00 0.00 100.00 100.00 -1000 1.43 5.18 -3.45 -1000 14.74 1.52 943.940
car -1 -1 0.00 0.00 0.00 100.00 100.00 -1000 1.64 4.05 6.83 -1000 12.61 -0.22 943.000
car -1 -1 0.00 0.00 0.00 100.00 100.00 -1000 4.77 39.09 -4.13 -1000 20.74 1.06 929.701
car -1 -1 0.00 0.00 0.00 100.00 100.00 -1000 2.97 7.10 -4.34 -1000 20.70 1.10 927.065
car -1 -1 0.00 0.00 0.00 100.00 100.00 -1000 1.50 3.65 4.31 -1000 11.34 1.67 926.190
car -1 -1 0.00 0.00 0.00 100.00 100.00 -1000 1.62 3.94 5.51 -1000 6.73 -0.26 924.920
car -1 -1 0.00 0.00 0.00 100.00 100.00 -1000 1.77 4.88 -2.88 -1000 13.68 1.57 924.469
car -1 -1 0.00 0.00 0.00 100.00 100.00 -1000 1.59 3.85 -2.27 -1000 17.62 1.58 923.208
car -1 -1 0.00 0.00 0.00 100.00 100.00 -1000 1.62 3.83 0.27 -1000 33.40 1.36 921.341
car -1 -1 0.00 0.00 0.00 100.00 100.00 -1000 2.56 10.01 0.09 -1000 32.15 1.30 921.334
car -1 -1 0.00 0.00 0.00 100.00 100.00 -1000 2.23 5.72 -0.10 -1000 33.97 1.20 919.620
car -1 -1 0.00 0.00 0.00 100.00 100.00 -1000 1.66 4.30 -1.19 -1000 16.32 1.47 915.543
car -1 -1 0.00 0.00 0.00 100.00 100.00 -1000 1.57 3.73 8.52 -1000 12.97 -0.34 915.089
car -1 -1 0.00 0.00 0.00 100.00 100.00 -1000 1.54 3.40 1.64 -1000 29.50 1.55 913.182
car -1 -1 0.00 0.00 0.00 100.00 100.00 -1000 3.33 17.33 0.13 -1000 33.57 1.11 912.548
car -1 -1 0.00 0.00 0.00 100.00 100.00 -1000 1.59 3.76 -4.68 -1000 17.56 1.52 912.001
car -1 -1 0.00 0.00 0.00 100.00 100.00 -1000 1.65 4.18 0.07 -1000 15.36 -0.22 904.384
car -1 -1 0.00 0.00 0.00 100.00 100.00 -1000 2.07 6.58 -6.04 -1000 13.89 1.45 896.691
car -1 -1 0.00 0.00 0.00 100.00 100.00 -1000 1.72 4.26 -8.26 -1000 19.95 1.53 886.790
car -1 -1 0.00 0.00 0.00 100.00 100.00 -1000 1.45 3.51 -5.45 -1000 11.58 1.63 883.876
car -1 -1 0.00 0.00 0.00 100.00 100.00 -1000 1.79 4.93 -2.56 -1000 19.23 1.54 881.205
car -1 -1 0.00 0.00 0.00 100.00 100.00 -1000 1.61 3.85 6.76 -1000 13.97 1.52 876.910
car -1 -1 0.00 0.00 0.00 100.00 100.00 -1000 1.57 3.64 9.73 -1000 13.37 1.71 868.165
car -1 -1 0.00 0.00 0.00 100.00 100.00 -1000 5.65 29.60 -6.39 -1000 23.41 0.20 867.447
car -1 -1 0.00 0.00 0.00 100.00 100.00 -1000 1.76 4.59 5.52 -1000 13.11 1.49 865.367
car -1 -1 0.00 0.00 0.00 100.00 100.00 -1000 1.63 4.02 3.39 -1000 28.42 -0.25 861.627
car -1 -1 0.00 0.00 0.00 100.00 100.00 -1000 2.31 6.06 -0.87 -1000 32.63 1.17 856.417
car -1 -1 0.00 0.00 0.00 100.00 100.00 -1000 8.89 171.65 -4.49 -1000 22.13 0.49 855.062
car -1 -1 0.00 0.00 0.00 100.00 100.00 -1000 1.54 3.59 4.91 -1000 18.45 -0.15 850.560
car -1 -1 0.00 0.00 0.00 100.00 100.00 -1000 1.60 3.85 -3.53 -1000 18.00 1.55 843.337
car -1 -1 0.00 0.00 0.00 100.00 100.00 -1000 1.89 5.54 -2.56 -1000 15.65 1.52 841.773
car -1 -1 0.00 0.00 0.00 100.00 100.00 -1000 1.55 3.33 -0.05 -1000 32.38 1.57 839.311
car -1 -1 0.00 0.00 0.00 100.00 100.00 -1000 1.57 2.95 -0.14 -1000 34.25 1.35 828.853
car -1 -1 0.00 0.00 0.00 100.00 100.00 -1000 1.63 4.29 -1.62 -1000 12.54 1.49 820.190
car -1 -1 0.00 0.00 0.00 100.00 100.00 -1000 1.77 4.40 -12.21 -1000 15.26 1.50 819.422
car -1 -1 0.00 0.00 0.00 100.00 100.00 -1000 1.58 3.72 1.69 -1000 15.38 -0.17 814.134
car -1 -1 0.00 0.00 0.00 100.00 100.00 -1000 2.33 9.06 -3.02 -1000 19.77 1.35 812.727
car -1 -1 0.00 0.00 0.00 100.00 100.00 -1000 2.13 6.93 8.49 -1000 18.03 1.54 806.281
car -1 -1 0.00 0.00 0.00 100.00 100.00 -1000 1.62 4.30 8.65 -1000 15.05 1.55 793.046
car -1 -1 0.00 0.00 0.00 100.00 100.00 -1000 1.82 5.13 9.18 -1000 18.81 1.56 780.744
car -1 -1 0.00 0.00 0.00 100.00 100.00 -1000 1.66 4.09 0.31 -1000 29.73 1.56 772.046
car -1 -1 0.00 0.00 0.00 100.00 100.00 -1000 1.78 4.68 -1.81 -1000 18.36 1.56 769.774
car -1 -1 0.00 0.00 0.00 100.00 100.00 -1000 1.66 4.45 0.94 -1000 16.14 1.48 763.457
car -1 -1 0.00 0.00 0.00 100.00 100.00 -1000 1.74 4.62 -0.64 -1000 13.83 1.65 754.586
car -1 -1 0.00 0.00 0.00 100.00 100.00 -1000 1.56 3.70 2.62 -1000 18.40 -0.08 752.929
car -1 -1 0.00 0.00 0.00 100.00 100.00 -1000 1.93 5.30 -5.26 -1000 21.71 1.02 747.181
car -1 -1 0.00 0.00 0.00 100.00 100.00 -1000 1.59 3.67 -15.82 -1000 21.34 1.44 744.316
car -1 -1 0.00 0.00 0.00 100.00 100.00 -1000 1.68 4.68 2.97 -1000 29.92 1.55 733.794
car -1 -1 0.00 0.00 0.00 100.00 100.00 -1000 1.65 4.25 5.58 -1000 19.17 1.52 733.247
car -1 -1 0.00 0.00 0.00 100.00 100.00 -1000 4.51 8.51 -3.95 -1000 22.23 0.76 730.392
car -1 -1 0.00 0.00 0.00 100.00 100.00 -1000 5.37 57.11 -2.91 -1000 32.10 0.70 725.275
car -1 -1 0.00 0.00 0.00 100.00 100.00 -1000 1.79 4.55 -4.77 -1000 18.41 1.50 717.901
car -1 -1 0.00 0.00 0.00 100.00 100.00 -1000 4.13 34.55 -2.96 -1000 33.70 0.82 709.136
car -1 -1 0.00 0.00 0.00 100.00 100.00 -1000 1.63 3.96 1.82 -1000 28.58 0.09 687.508
car -1 -1 0.00 0.00 0.00 100.00 100.00 -1000 4.13 14.92 -2.66 -1000 23.17 0.70 687.003
car -1 -1 0.00 0.00 0.00 100.00 100.00 -1000 1.73 4.30 6.79 -1000 14.82 1.42 683.978
car -1 -1 0.00 0.00 0.00 100.00 100.00 -1000 1.41 3.53 -4.51 -1000 11.13 1.55 679.184
car -1 -1 0.00 0.00 0.00 100.00 100.00 -1000 1.64 4.13 3.73 -1000 19.27 1.51 677.832
car -1 -1 0.00 0.00 0.00 100.00 100.00 -1000 5.65 54.24 -1.38 -1000 22.23 0.88 675.701
car -1 -1 0.00 0.00 0.00 100.00 100.00 -1000 1.66 4.31 7.08 -1000 7.80 1.73 651.007
car -1 -1 0.00 0.00 0.00 100.00 100.00 -1000 1.56 3.50 3.92 -1000 6.31 1.58 646.824
car -1 -1 0.00 0.00 0.00 100.00 100.00 -1000 3.77 15.34 -4.83 -1000 33.13 0.43 626.585
car -1 -1 0.00 0.00 0.00 100.00 100.00 -1000 1.70 4.48 10.48 -1000 18.40 1.56 620.678
car -1 -1 0.00 0.00 0.00 100.00 100.00 -1000 1.65 4.25 10.97 -1000 13.73 1.67 618.963
car -1 -1 0.00 0.00 0.00 100.00 100.00 -1000 1.81 4.13 -18.37 -1000 26.58 1.42 617.674
car -1 -1 0.00 0.00 0.00 100.00 100.00 -1000 1.92 5.57 -0.07 -1000 17.98 1.51 614.297
car -1 -1 0.00 0.00 0.00 100.00 100.00 -1000 1.85 4.81 -6.44 -1000 19.96 1.41 604.830
car -1 -1 0.00 0.00 0.00 100.00 100.00 -1000 1.92 6.09 0.07 -1000 16.76 1.47 600.494
car -1 -1 0.00 0.00 0.00 100.00 100.00 -1000 1.71 5.08 3.32 -1000 16.12 1.33 581.258
car -1 -1 0.00 0.00 0.00 100.00 100.00 -1000 2.36 12.34 0.86 -1000 23.31 1.25 571.352
car -1 -1 0.00 0.00 0.00 100.00 100.00 -1000 5.07 18.25 2.55 -1000 41.35 0.38 547.975
car -1 -1 0.00 0.00 0.00 100.00 100.00 -1000 1.58 3.95 5.62 -1000 12.07 1.79 542.092
car -1 -1 0.00 0.00 0.00 100.00 100.00 -1000 1.82 4.93 -15.73 -1000 22.10 1.43 540.894
car -1 -1 0.00 0.00 0.00 100.00 100.00 -1000 1.65 3.90 3.20 -1000 10.68 1.51 538.287
car -1 -1 0.00 0.00 0.00 100.00 100.00 -1000 1.64 4.08 6.47 -1000 18.55 1.59 536.299
car -1 -1 0.00 0.00 0.00 100.00 100.00 -1000 1.74 4.88 9.97 -1000 14.69 1.60 534.178
car -1 -1 0.00 0.00 0.00 100.00 100.00 -1000 1.76 4.56 1.51 -1000 13.75 1.46 530.548
car -1 -1 0.00 0.00 0.00 100.00 100.00 -1000 1.90 5.78 0.52 -1000 19.79 1.44 518.909
car -1 -1 0.00 0.00 0.00 100.00 100.00 -1000 3.69 15.31 -5.13 -1000 31.53 0.41 509.325
car -1 -1 0.00 0.00 0.00 100.00 100.00 -1000 1.78 5.25 1.75 -1000 19.28 1.46 507.787
car -1 -1 0.00 0.00 0.00 100.00 100.00 -1000 4.44 28.75 0.19 -1000 38.22 0.27 502.911
car -1 -1 0.00 0.00 0.00 100.00 100.00 -1000 1.67 4.18 4.72 -1000 5.51 -0.15 501.927
car -1 -1 0.00 0.00 0.00 100.00 100.00 -1000 1.62 4.27 6.16 -1000 8.35 1.60 500.041
car -1 -1 0.00 0.00 0.00 100.00 100.00 -1000 7.34 96.14 4.47 -1000 40.23 0.69 493.589
car -1 -1 0.00 0.00 0.00 100.00 100.00 -1000 8.08 53.61 -8.74 -1000 5.43 -0.56 490.023
car -1 -1 0.00 0.00 0.00 100.00 100.00 -1000 2.08 9.72 4.33 -1000 31.83 1.38 487.587
car -1 -1 0.00 0.00 0.00 100.00 100.00 -1000 1.99 5.78 -6.74 -1000 12.19 1.52 487.552
car -1 -1 0.00 0.00 0.00 100.00 100.00 -1000 2.54 10.46 8.52 -1000 17.38 1.54 478.578
car -1 -1 0.00 0.00 0.00 100.00 100.00 -1000 1.84 5.24 6.82 -1000 15.60 1.45 464.418
car -1 -1 0.00 0.00 0.00 100.00 100.00 -1000 2.22 7.47 2.93 -1000 12.30 1.40 457.919
car -1 -1 0.00 0.00 0.00 100.00 100.00 -1000 2.04 6.32 -5.22 -1000 19.21 1.41 453.675
car -1 -1 0.00 0.00 0.00 100.00 100.00 -1000 1.83 4.77 -2.53 -1000 11.83 -0.39 450.510
car -1 -1 0.00 0.00 0.00 100.00 100.00 -1000 7.85 80.15 -8.02 -1000 3.64 -0.61 450.349
car -1 -1 0.00 0.00 0.00 100.00 100.00 -1000 1.92 8.15 3.20 -1000 33.44 1.41 442.869
car -1 -1 0.00 0.00 0.00 100.00 100.00 -1000 1.96 6.44 8.13 -1000 19.57 1.47 430.325
car -1 -1 0.00 0.00 0.00 100.00 100.00 -1000 3.01 14.90 0.23 -1000 35.89 0.80 424.692
car -1 -1 0.00 0.00 0.00 100.00 100.00 -1000 1.86 5.28 -9.78 -1000 18.99 1.49 416.984
car -1 -1 0.00 0.00 0.00 100.00 100.00 -1000 6.19 30.55 -0.84 -1000 40.49 -0.18 412.425
car -1 -1 0.00 0.00 0.00 100.00 100.00 -1000 1.99 6.62 -5.37 -1000 17.14 1.37 411.332
car -1 -1 0.00 0.00 0.00 100.00 100.00 -1000 1.70 4.44 6.61 -1000 17.70 1.61 404.279
car -1 -1 0.00 0.00 0.00 100.00 100.00 -1000 2.15 12.48 4.83 -1000 22.46 1.28 401.074
car -1 -1 0.00 0.00 0.00 100.00 100.00 -1000 2.72 9.02 -2.64 -1000 35.31 0.92 399.712
car -1 -1 0.00 0.00 0.00 100.00 100.00 -1000 1.58 3.60 0.49 -1000 28.78 0.11 395.846
car -1 -1 0.00 0.00 0.00 100.00 100.00 -1000 1.86 4.99 -9.27 -1000 15.31 1.46 395.741
car -1 -1 0.00 0.00 0.00 100.00 100.00 -1000 4.49 41.21 -1.27 -1000 30.45 0.81 394.406
car -1 -1 0.00 0.00 0.00 100.00 100.00 -1000 1.91 5.14 -13.11 -1000 14.63 1.42 389.229
car -1 -1 0.00 0.00 0.00 100.00 100.00 -1000 1.67 3.95 0.20 -1000 9.35 1.45 382.378
car -1 -1 0.00 0.00 0.00 100.00 100.00 -1000 2.48 10.18 -0.14 -1000 30.40 1.30 379.074
car -1 -1 0.00 0.00 0.00 100.00 100.00 -1000 11.40 400.66 1.84 -1000 38.44 0.42 374.936
car -1 -1 0.00 0.00 0.00 100.00 100.00 -1000 2.25 5.17 -6.12 -1000 24.16 0.58 374.911
car -1 -1 0.00 0.00 0.00 100.00 100.00 -1000 2.55 6.08 -1.09 -1000 22.38 1.22 370.647
car -1 -1 0.00 0.00 0.00 100.00 100.00 -1000 2.14 10.31 -13.48 -1000 23.76 1.29 370.614
car -1 -1 0.00 0.00 0.00 100.00 100.00 -1000 1.72 4.71 -0.33 -1000 31.78 1.45 366.199
car -1 -1 0.00 0.00 0.00 100.00 100.00 -1000 2.08 8.36 3.74 -1000 35.70 1.21 362.467
car -1 -1 0.00 0.00 0.00 100.00 100.00 -1000 2.30 5.98 -7.46 -1000 20.64 1.19 361.856
car -1 -1 0.00 0.00 0.00 100.00 100.00 -1000 1.73 6.85 6.21 -1000 31.06 1.45 359.607
car -1 -1 0.00 0.00 0.00 100.00 100.00 -1000 1.86 5.66 4.94 -1000 13.93 1.49 358.727
car -1 -1 0.00 0.00 0.00 100.00 100.00 -1000 17.61 1074.34 -5.28 -1000 2.91 0.19 356.548
car -1 -1 0.00 0.00 0.00 100.00 100.00 -1000 1.73 4.74 5.89 -1000 11.16 1.59 354.589
car -1 -1 0.00 0.00 0.00 100.00 100.00 -1000 1.53 3.69 -7.50 -1000 19.25 -0.23 354.343
car -1 -1 0.00 0.00 0.00 100.00 100.00 -1000 2.02 7.00 8.52 -1000 16.73 1.58 353.195
car -1 -1 0.00 0.00 0.00 100.00 100.00 -1000 1.64 5.53 4.90 -1000 29.43 1.49 346.862
car -1 -1 0.00 0.00 0.00 100.00 100.00 -1000 1.98 5.82 -15.89 -1000 23.24 1.36 343.727
car -1 -1 0.00 0.00 0.00 100.00 100.00 -1000 2.04 5.33 9.20 -1000 12.29 -0.09 340.654
car -1 -1 0.00 0.00 0.00 100.00 100.00 -1000 1.77 5.06 11.06 -1000 19.19 1.50 335.528
car -1 -1 0.00 0.00 0.00 100.00 100.00 -1000 2.53 11.81 -6.30 -1000 12.78 1.27 327.060
car -1 -1 0.00 0.00 0.00 100.00 100.00 -1000 2.25 12.65 6.13 -1000 21.61 1.22 326.597
car -1 -1 0.00 0.00 0.00 100.00 100.00 -1000 1.93 5.88 -15.28 -1000 27.11 1.42 324.816
car -1 -1 0.00 0.00 0.00 100.00 100.00 -1000 1.79 5.31 15.13 -1000 18.80 1.51 319.525
car -1 -1 0.00 0.00 0.00 100.00 100.00 -1000 6.26 95.76 -2.09 -1000 23.63 0.62 312.624
car -1 -1 0.00 0.00 0.00 100.00 100.00 -1000 1.82 5.54 5.68 -1000 19.86 1.46 310.616
car -1 -1 0.00 0.00 0.00 100.00 100.00 -1000 3.85 34.36 1.07 -1000 35.50 0.93 309.089
car -1 -1 0.00 0.00 0.00 100.00 100.00 -1000 1.92 6.42 2.80 -1000 14.42 1.53 293.652
car -1 -1 0.00 0.00 0.00 100.00 100.00 -1000 1.69 3.91 -8.05 -1000 21.30 1.25 292.800
car -1 -1 0.00 0.00 0.00 100.00 100.00 -1000 1.77 6.66 3.92 -1000 34.74 1.42 292.398
car -1 -1 0.00 0.00 0.00 100.00 100.00 -1000 6.43 141.11 1.99 -1000 36.80 0.65 288.679
car -1 -1 0.00 0.00 0.00 100.00 100.00 -1000 2.09 7.58 -11.36 -1000 17.58 1.41 288.294
car -1 -1 0.00 0.00 0.00 100.00 100.00 -1000 1.86 5.61 3.99 -1000 15.41 1.28 282.014
car -1 -1 0.00 0.00 0.00 100.00 100.00 -1000 5.86 33.70 -11.12 -1000 6.62 -0.21 279.904
car -1 -1 0.00 0.00 0.00 100.00 100.00 -1000 3.80 5.69 3.71 -1000 40.38 0.90 279.876
car -1 -1 0.00 0.00 0.00 100.00 100.00 -1000 2.03 3.96 -2.78 -1000 23.73 0.99 278.869
car -1 -1 0.00 0.00 0.00 100.00 100.00 -1000 5.49 38.09 -5.27 -1000 25.02 0.03 272.641
car -1 -1 0.00 0.00 0.00 100.00 100.00 -1000 2.24 7.42 -7.39 -1000 16.47 1.38 272.106
car -1 -1 0.00 0.00 0.00 100.00 100.00 -1000 1.94 8.63 4.46 -1000 30.55 1.39 268.187
car -1 -1 0.00 0.00 0.00 100.00 100.00 -1000 3.92 41.40 -4.19 -1000 28.88 0.81 264.090
car -1 -1 0.00 0.00 0.00 100.00 100.00 -1000 1.79 5.47 12.66 -1000 18.47 1.55 263.079
car -1 -1 0.00 0.00 0.00 100.00 100.00 -1000 1.95 6.46 2.37 -1000 20.29 1.46 256.511
car -1 -1 0.00 0.00 0.00 100.00 100.00 -1000 2.16 9.77 1.71 -1000 35.11 1.36 251.780
car -1 -1 0.00 0.00 0.00 100.00 100.00 -1000 9.43 17.45 -2.44 -1000 23.20 0.36 250.275
car -1 -1 0.00 0.00 0.00 100.00 100.00 -1000 2.02 5.99 -13.30 -1000 15.94 1.33 249.433
car -1 -1 0.00 0.00 0.00 100.00 100.00 -1000 2.17 6.76 -18.41 -1000 27.16 1.29 246.155
car -1 -1 0.00 0.00 0.00 100.00 100.00 -1000 1.82 5.04 -17.62 -1000 22.63 1.33 245.536
car -1 -1 0.00 0.00 0.00 100.00 100.00 -1000 2.03 7.85 9.25 -1000 15.58 1.54 237.364
car -1 -1 0.00 0.00 0.00 100.00 100.00 -1000 10.83 395.72 -8.19 -1000 4.58 0.45 236.375
car -1 -1 0.00 0.00 0.00 100.00 100.00 -1000 1.88 6.36 8.15 -1000 8.39 1.66 233.301
car -1 -1 0.00 0.00 0.00 100.00 100.00 -1000 1.91 5.82 -10.18 -1000 15.99 1.46 232.528
car -1 -1 0.00 0.00 0.00 100.00 100.00 -1000 1.71 4.81 10.87 -1000 12.64 1.52 231.901
car -1 -1 0.00 0.00 0.00 100.00 100.00 -1000 3.25 13.69 -5.58 -1000 29.82 0.52 231.780
car -1 -1 0.00 0.00 0.00 100.00 100.00 -1000 1.78 5.25 -16.30 -1000 20.75 1.27 231.228
car -1 -1 0.00 0.00 0.00 100.00 100.00 -1000 2.11 9.60 -14.54 -1000 24.59 1.33 227.499
car -1 -1 0.00 0.00 0.00 100.00 100.00 -1000 1.95 8.51 2.85 -1000 36.59 1.08 227.242
car -1 -1 0.00 0.00 0.00 100.00 100.00 -1000 1.91 5.37 3.14 -1000 27.73 1.65 223.168
car -1 -1 0.00 0.00 0.00 100.00 100.00 -1000 1.96 5.86 0.11 -1000 12.19 1.52 221.441
car -1 -1 0.00 0.00 0.00 100.00 100.00 -1000 1.66 6.11 6.54 -1000 29.93 1.46 220.736
car -1 -1 0.00 0.00 0.00 100.00 100.00 -1000 1.91 11.64 -3.18 -1000 32.32 0.27 219.324
car -1 -1 0.00 0.00 0.00 100.00 100.00 -1000 2.22 7.58 3.39 -1000 13.32 1.45 217.596
car -1 -1 0.00 0.00 0.00 100.00 100.00 -1000 1.69 4.83 7.26 -1000 6.76 1.59 216.287
car -1 -1 0.00 0.00 0.00 100.00 100.00 -1000 1.92 4.99 5.94 -1000 5.98 -0.31 214.492
car -1 -1 0.00 0.00 0.00 100.00 100.00 -1000 2.52 10.22 -1.10 -1000 33.19 0.22 214.037
car -1 -1 0.00 0.00 0.00 100.00 100.00 -1000 1.99 9.49 0.56 -1000 24.13 1.32 212.360
car -1 -1 0.00 0.00 0.00 100.00 100.00 -1000 2.12 7.66 6.11 -1000 16.50 1.44 208.695
car -1 -1 0.00 0.00 0.00 100.00 100.00 -1000 4.52 6.85 0.54 -1000 38.58 0.72 201.796
car -1 -1 0.00 0.00 0.00 100.00 100.00 -1000 1.70 4.58 1.22 -1000 32.77 1.57 199.039
car -1 -1 0.00 0.00 0.00 100.00 100.00 -1000 1.88 4.50 -12.11 -1000 13.89 1.40 195.694
car -1 -1 0.00 0.00 0.00 100.00 100.00 -1000 1.94 8.18 2.30 -1000 34.21 1.37 194.584
car -1 -1 0.00 0.00 0.00 100.00 100.00 -1000 8.84 233.85 4.08 -1000 38.51 0.60 194.344
car -1 -1 0.00 0.00 0.00 100.00 100.00 -1000 2.27 8.76 -8.99 -1000 17.15 1.32 193.471
car -1 -1 0.00 0.00 0.00 100.00 100.00 -1000 2.19 6.24 5.10 -1000 7.29 -0.02 187.979
car -1 -1 0.00 0.00 0.00 100.00 100.00 -1000 1.89 4.25 -1.30 -1000 23.05 1.22 186.767
car -1 -1 0.00 0.00 0.00 100.00 100.00 -1000 2.34 11.30 6.67 -1000 20.50 1.32 186.336
car -1 -1 0.00 0.00 0.00 100.00 100.00 -1000 1.88 9.65 5.19 -1000 32.74 1.36 185.803
car -1 -1 0.00 0.00 0.00 100.00 100.00 -1000 1.94 6.03 -7.41 -1000 18.50 1.51 185.410
car -1 -1 0.00 0.00 0.00 100.00 100.00 -1000 2.03 7.13 12.35 -1000 17.75 1.55 183.285
car -1 -1 0.00 0.00 0.00 100.00 100.00 -1000 1.84 6.15 -4.16 -1000 22.39 0.74 182.683
car -1 -1 0.00 0.00 0.00 100.00 100.00 -1000 2.31 16.04 3.92 -1000 41.93 0.28 181.784
car -1 -1 0.00 0.00 0.00 100.00 100.00 -1000 5.36 29.51 -4.23 -1000 4.86 -0.02 181.638
car -1 -1 0.00 0.00 0.00 100.00 100.00 -1000 1.70 7.09 13.74 -1000 14.98 1.41 179.430
car -1 -1 0.00 0.00 0.00 100.00 100.00 -1000 1.56 4.40 -6.41 -1000 15.90 -0.06 179.161
car -1 -1 0.00 0.00 0.00 100.00 100.00 -1000 2.03 5.91 -18.18 -1000 25.86 1.34 179.095
car -1 -1 0.00 0.00 0.00 100.00 100.00 -1000 1.86 5.23 2.62 -1000 11.61 1.58 167.655
car -1 -1 0.00 0.00 0.00 100.00 100.00 -1000 1.90 4.89 -1.89 -1000 34.63 1.02 166.958
car -1 -1 0.00 0.00 0.00 100.00 100.00 -1000 2.57 13.36 9.58 -1000 16.38 1.47 166.812
car -1 -1 0.00 0.00 0.00 100.00 100.00 -1000 1.56 5.13 5.97 -1000 28.79 1.49 166.192
car -1 -1 0.00 0.00 0.00 100.00 100.00 -1000 1.68 3.82 2.77 -1000 14.83 -0.33 165.476
car -1 -1 0.00 0.00 0.00 100.00 100.00 -1000 2.61 23.66 -3.19 -1000 24.10 0.13 163.440
car -1 -1 0.00 0.00 0.00 100.00 100.00 -1000 7.29 183.08 -9.92 -1000 6.19 0.64 162.661
car -1 -1 0.00 0.00 0.00 100.00 100.00 -1000 3.53 8.48 -5.55 -1000 24.01 0.64 161.865
car -1 -1 0.00 0.00 0.00 100.00 100.00 -1000 1.60 5.44 9.10 -1000 7.76 1.49 160.037
car -1 -1 0.00 0.00 0.00 100.00 100.00 -1000 16.36 111.87 -4.99 -1000 24.21 0.06 159.427
car -1 -1 0.00 0.00 0.00 100.00 100.00 -1000 5.72 7.88 -6.53 -1000 3.14 0.57 158.357
car -1 -1 0.00 0.00 0.00 100.00 100.00 -1000 2.79 16.83 -15.69 -1000 16.12 0.99 157.546
car -1 -1 0.00 0.00 0.00 100.00 100.00 -1000 1.84 6.46 -3.15 -1000 36.15 0.89 157.257
car -1 -1 0.00 0.00 0.00 100.00 100.00 -1000 2.37 5.38 -2.48 -1000 29.14 1.03 150.973
car -1 -1 0.00 0.00 0.00 100.00 100.00 -1000 1.63 4.19 -0.62 -1000 23.70 1.15 148.779
car -1 -1 0.00 0.00 0.00 100.00 100.00 -1000 1.65 6.13 14.01 -1000 13.79 1.43 147.099
car -1 -1 0.00 0.00 0.00 100.00 100.00 -1000 2.20 9.89 -11.48 -1000 21.57 1.19 145.312
car -1 -1 0.00 0.00 0.00 100.00 100.00 -1000 5.28 76.20 -1.13 -1000 35.15 0.67 144.953
car -1 -1 0.00 0.00 0.00 100.00 100.00 -1000 2.20 9.28 7.28 -1000 9.35 1.53 144.322
car -1 -1 0.00 0.00 0.00 100.00 100.00 -1000 3.28 29.07 -2.57 -1000 27.37 0.96 143.649
car -1 -1 0.00 0.00 0.00 100.00 100.00 -1000 1.78 4.83 0.92 -1000 18.60 -0.17 143.612
car -1 -1 0.00 0.00 0.00 100.00 100.00 -1000 8.60 46.87 -1.76 -1000 35.45 0.43 143.289
car -1 -1 0.00 0.00 0.00 100.00 100.00 -1000 2.70 6.41 -5.85 -1000 32.13 0.93 142.434
car -1 -1 0.00 0.00 0.00 100.00 100.00 -1000 2.12 9.85 -13.41 -1000 22.51 1.25 141.858
car -1 -1 0.00 0.00 0.00 100.00 100.00 -1000 1.84 7.92 -13.41 -1000 25.36 1.35 139.119
car -1 -1 0.00 0.00 0.00 100.00 100.00 -1000 1.72 5.37 -2.89 -1000 21.62 1.24 135.817
car -1 -1 0.00 0.00 0.00 100.00 100.00 -1000 3.97 7.07 2.91 -1000 38.68 0.84 133.784
car -1 -1 0.00 0.00 0.00 100.00 100.00 -1000 3.69 6.52 -8.49 -1000 6.49 0.89 131.469
car -1 -1 0.00 0.00 0.00 100.00 100.00 -1000 1.78 7.30 12.28 -1000 14.46 1.41 131.133
car -1 -1 0.00 0.00 0.00 100.00 100.00 -1000 2.30 12.73 -16.70 -1000 14.51 1.08 129.786
car -1 -1 0.00 0.00 0.00 100.00 100.00 -1000 12.65 16.84 2.98 -1000 39.62 0.15 129.619
car -1 -1 0.00 0.00 0.00 100.00 100.00 -1000 1.50 3.42 5.51 -1000 14.48 -0.23 129.175
car -1 -1 0.00 0.00 0.00 100.00 100.00 -1000 2.09 6.65 -0.46 -1000 30.97 1.45 128.776
car -1 -1 0.00 0.00 0.00 100.00 100.00 -1000 2.00 7.23 14.20 -1000 19.53 1.41 128.468
car -1 -1 0.00 0.00 0.00 100.00 100.00 -1000 2.07 4.71 -2.78 -1000 33.57 0.78 128.098
car -1 -1 0.00 0.00 0.00 100.00 100.00 -1000 10.37 538.06 -8.53 -1000 1.29 0.27 127.048
car -1 -1 0.00 0.00 0.00 100.00 100.00 -1000 2.51 14.80 -18.31 -1000 29.33 1.13 126.806
car -1 -1 0.00 0.00 0.00 100.00 100.00 -1000 1.68 5.74 12.70 -1000 12.97 1.46 120.318
car -1 -1 0.00 0.00 0.00 100.00 100.00 -1000 2.22 7.24 -12.36 -1000 16.79 1.40 119.003
car -1 -1 0.00 0.00 0.00 100.00 100.00 -1000 3.39 15.92 -1.12 -1000 41.15 0.40 115.393
car -1 -1 0.00 0.00 0.00 100.00 100.00 -1000 2.37 18.98 -4.67 -1000 35.38 1.01 112.577
car -1 -1 0.00 0.00 0.00 100.00 100.00 -1000 2.24 6.00 -5.40 -1000 11.19 0.21 111.965
car -1 -1 0.00 0.00 0.00 100.00 100.00 -1000 2.34 8.67 -1.33 -1000 20.90 1.28 111.885
car -1 -1 0.00 0.00 0.00 100.00 100.00 -1000 3.43 10.18 0.58 -1000 36.93 0.78 111.776
car -1 -1 0.00 0.00 0.00 100.00 100.00 -1000 1.87 6.20 15.09 -1000 17.89 1.54 109.626
car -1 -1 0.00 0.00 0.00 100.00 100.00 -1000 5.21 9.50 -7.89 -1000 1.50 0.45 108.840
car -1 -1 0.00 0.00 0.00 100.00 100.00 -1000 1.70 4.06 -0.31 -1000 12.91 -0.47 107.224
car -1 -1 0.00 0.00 0.00 100.00 100.00 -1000 2.92 11.64 -3.84 -1000 28.20 0.70 106.340
car -1 -1 0.00 0.00 0.00 100.00 100.00 -1000 2.21 8.04 -15.22 -1000 26.32 1.45 105.596
car -1 -1 0.00 0.00 0.00 100.00 100.00 -1000 1.85 8.87 4.00 -1000 41.82 0.93 105.163
car -1 -1 0.00 0.00 0.00 100.00 100.00 -1000 2.46 9.13 -14.32 -1000 17.35 1.28 105.145
car -1 -1 0.00 0.00 0.00 100.00 100.00 -1000 2.73 6.63 -6.05 -1000 30.50 0.94 104.067
car -1 -1 0.00 0.00 0.00 100.00 100.00 -1000 3.84 23.31 -14.02 -1000 9.24 0.26 101.366
car -1 -1 0.00 0.00 0.00 100.00 100.00 -1000 4.28 57.79 0.32 -1000 40.12 0.72 95.604
car -1 -1 0.00 0.00 0.00 100.00 100.00 -1000 1.97 9.80 12.05 -1000 15.82 1.33 94.375
car -1 -1 0.00 0.00 0.00 100.00 100.00 -1000 4.26 39.86 -2.21 -1000 2.86 0.07 94.120
car -1 -1 0.00 0.00 0.00 100.00 100.00 -1000 2.10 8.68 -10.10 -1000 20.68 1.29 92.646
car -1 -1 0.00 0.00 0.00 100.00 100.00 -1000 1.63 7.32 10.44 -1000 8.60 1.39 91.957
car -1 -1 0.00 0.00 0.00 100.00 100.00 -1000 1.97 11.83 6.84 -1000 23.11 1.21 90.263
car -1 -1 0.00 0.00 0.00 100.00 100.00 -1000 4.23 7.60 -9.88 -1000 4.72 0.73 89.753
car -1 -1 0.00 0.00 0.00 100.00 100.00 -1000 1.92 6.47 5.71 -1000 10.11 1.52 89.507
car -1 -1 0.00 0.00 0.00 100.00 100.00 -1000 2.05 8.69 2.10 -1000 21.56 1.30 88.728
car -1 -1 0.00 0.00 0.00 100.00 100.00 -1000 2.29 6.04 -3.98 -1000 27.34 1.10 88.598
car -1 -1 0.00 0.00 0.00 100.00 100.00 -1000 1.95 4.65 -2.93 -1000 31.77 0.86 87.837
car -1 -1 0.00 0.00 0.00 100.00 100.00 -1000 4.25 8.53 -2.58 -1000 3.26 0.82 87.282
car -1 -1 0.00 0.00 0.00 100.00 100.00 -1000 1.94 18.20 2.81 -1000 40.73 -0.28 86.749
car -1 -1 0.00 0.00 0.00 100.00 100.00 -1000 1.67 9.69 -3.70 -1000 30.69 0.38 85.664
car -1 -1 0.00 0.00 0.00 100.00 100.00 -1000 2.07 7.29 2.95 -1000 17.35 1.50 85.384
car -1 -1 0.00 0.00 0.00 100.00 100.00 -1000 1.93 5.20 3.23 -1000 5.06 1.57 82.927
car -1 -1 0.00 0.00 0.00 100.00 100.00 -1000 1.91 4.17 4.16 -1000 41.09 1.13 82.917
car -1 -1 0.00 0.00 0.00 100.00 100.00 -1000 1.58 3.84 8.77 -1000 17.67 -0.18 81.672
car -1 -1 0.00 0.00 0.00 100.00 100.00 -1000 2.70 7.31 -15.90 -1000 15.67 0.95 80.969
car -1 -1 0.00 0.00 0.00 100.00 100.00 -1000 1.56 3.83 -3.91 -1000 10.42 1.61 80.860
car -1 -1 0.00 0.00 0.00 100.00 100.00 -1000 2.09 6.39 -16.68 -1000 19.46 1.26 80.821
car -1 -1 0.00 0.00 0.00 100.00 100.00 -1000 1.99 8.40 -10.23 -1000 19.54 1.26 79.881
car -1 -1 0.00 0.00 0.00 100.00 100.00 -1000 1.91 7.38 -13.77 -1000 27.74 1.36 79.750
car -1 -1 0.00 0.00 0.00 100.00 100.00 -1000 2.35 8.55 -18.30 -1000 23.72 1.07 78.023
car -1 -1 0.00 0.00 0.00 100.00 100.00 -1000 4.82 66.31 -8.42 -1000 8.06 0.78 77.189
car -1 -1 0.00 0.00 0.00 100.00 100.00 -1000 5.11 23.62 -9.21 -1000 7.93 0.06 72.834
car -1 -1 0.00 0.00 0.00 100.00 100.00 -1000 15.46 76.07 3.40 -1000 42.03 0.24 71.749
car -1 -1 0.00 0.00 0.00 100.00 100.00 -1000 1.82 6.12 0.45 -1000 36.10 0.99 71.075
car -1 -1 0.00 0.00 0.00 100.00 100.00 -1000 3.00 7.32 -10.35 -1000 8.08 1.02 69.736
car -1 -1 0.00 0.00 0.00 100.00 100.00 -1000 1.78 4.28 -5.47 -1000 10.48 1.37 69.492
car -1 -1 0.00 0.00 0.00 100.00 100.00 -1000 2.44 11.40 -17.03 -1000 28.15 1.17 68.493
car -1 -1 0.00 0.00 0.00 100.00 100.00 -1000 1.64 6.26 -12.52 -1000 26.26 1.37 68.042
car -1 -1 0.00 0.00 0.00 100.00 100.00 -1000 3.90 55.83 -5.26 -1000 27.16 0.87 67.946
car -1 -1 0.00 0.00 0.00 100.00 100.00 -1000 1.93 6.09 -14.20 -1000 21.08 1.48 67.515
car -1 -1 0.00 0.00 0.00 100.00 100.00 -1000 2.34 8.32 -9.34 -1000 13.63 1.38 66.763
car -1 -1 0.00 0.00 0.00 100.00 100.00 -1000 2.10 6.18 -18.27 -1000 21.69 1.41 66.186
car -1 -1 0.00 0.00 0.00 100.00 100.00 -1000 1.84 6.34 12.90 -1000 46.78 1.37 65.609
car -1 -1 0.00 0.00 0.00 100.00 100.00 -1000 2.62 6.44 -1.27 -1000 40.19 0.95 64.920
car -1 -1 0.00 0.00 0.00 100.00 100.00 -1000 1.54 3.81 -0.21 -1000 10.06 1.48 64.280
car -1 -1 0.00 0.00 0.00 100.00 100.00 -1000 2.85 21.40 -8.46 -1000 24.76 0.54 63.938
car -1 -1 0.00 0.00 0.00 100.00 100.00 -1000 1.67 8.29 -12.19 -1000 28.66 1.24 63.829
car -1 -1 0.00 0.00 0.00 100.00 100.00 -1000 2.04 3.47 2.77 -1000 42.09 0.75 63.300
