car -1 -1 0.00 0.00 0.00 100.00 100.00 -1000 1.57 3.89 3.25 -1000 9.27 1.54 999.253
car -1 -1 0.00 0.00 0.00 100.00 100.00 -1000 1.52 3.76 18.24 -1000 31.52 1.56 998.820
car -1 -1 0.00 0.00 0.00 100.00 100.00 -1000 1.53 3.82 8.16 -1000 29.87 1.53 998.698
car -1 -1 0.00 0.00 0.00 100.00 100.00 -1000 11.73 41.21 -14.38 -1000 42.62 -0.55 997.849
car -1 -1 0.00 0.00 0.00 100.00 100.00 -1000 1.58 3.96 7.14 -1000 30.30 1.59 997.768
car -1 -1 0.00 0.00 0.00 100.00 100.00 -1000 1.59 4.36 -2.70 -1000 20.33 1.58 996.759
car -1 -1 0.00 0.00 0.00 100.00 100.00 -1000 30.57 1459.01 -11.12 -1000 39.80 0.14 995.909
car -1 -1 0.00 0.00 0.00 100.00 100.00 -1000 1.56 3.75 15.56 -1000 22.20 1.56 995.387
car -1 -1 0.00 0.00 0.00 100.00 100.00 -1000 1.53 4.30 4.66 -1000 13.35 -0.09 995.092
car -1 -1 0.00 0.00 0.00 100.00 100.00 -1000 1.58 4.26 -2.67 -1000 10.74 1.53 994.748
car -1 -1 0.00 0.00 0.00 100.00 100.00 -1000 1.55 4.46 7.17 -1000 17.62 -0.16 994.647
car -1 -1 0.00 0.00 0.00 100.00 100.00 -1000 1.22 5.37 9.16 -1000 29.35 0.61 994.133
car -1 -1 0.00 0.00 0.00 100.00 100.00 -1000 1.54 3.79 2.76 -1000 9.94 1.59 992.220
car -1 -1 0.00 0.00 0.00 100.00 100.00 -1000 1.60 4.10 -2.32 -1000 25.36 1.43 992.104
car -1 -1 0.00 0.00 0.00 100.00 100.00 -1000 1.49 3.42 4.13 -1000 14.05 1.58 989.176
car -1 -1 0.00 0.00 0.00 100.00 100.00 -1000 22.58 784.02 -10.88 -1000 40.00 0.44 987.728
car -1 -1 0.00 0.00 0.00 100.00 100.00 -1000 1.52 3.96 -2.57 -1000 9.86 1.50 983.692
car -1 -1 0.00 0.00 0.00 100.00 100.00 -1000 1.67 4.33 18.47 -1000 32.39 1.61 983.269
car -1 -1 0.00 0.00 0.00 100.00 100.00 -1000 1.42 4.57 18.32 -1000 30.76 0.22 979.672
car -1 -1 0.00 0.00 0.00 100.00 100.00 -1000 1.55 3.96 9.62 -1000 28.67 0.03 978.407
car -1 -1 0.00 0.00 0.00 100.00 100.00 -1000 1.55 4.42 -2.88 -1000 21.15 1.57 974.938
car -1 -1 0.00 0.00 0.00 100.00 100.00 -1000 7.20 4.97 -11.03 -1000 40.14 0.80 972.044
car -1 -1 0.00 0.00 0.00 100.00 100.00 -1000 1.61 3.78 18.28 -1000 39.01 1.58 970.988
car -1 -1 0.00 0.00 0.00 100.00 100.00 -1000 5.95 57.76 -9.07 -1000 25.39 0.89 965.210
car -1 -1 0.00 0.00 0.00 100.00 100.00 -1000 4.03 12.45 -10.54 -1000 26.61 0.62 962.874
car -1 -1 0.00 0.00 0.00 100.00 100.00 -1000 1.71 4.35 7.53 -1000 18.40 1.62 960.928
car -1 -1 0.00 0.00 0.00 100.00 100.00 -1000 6.88 24.20 -11.45 -1000 43.31 0.14 960.609
car -1 -1 0.00 0.00 0.00 100.00 100.00 -1000 1.58 3.67 17.82 -1000 39.81 1.58 960.264
car -1 -1 0.00 0.00 0.00 100.00 100.00 -1000 1.62 3.92 3.05 -1000 8.48 -0.03 960.145
car -1 -1 0.00 0.00 0.00 100.00 100.00 -1000 1.59 3.53 -6.11 -1000 11.37 1.58 955.539
car -1 -1 0.00 0.00 0.00 100.00 100.00 -1000 1.43 3.48 -2.78 -1000 6.31 1.42 951.580
car -1 -1 0.00 0.00 0.00 100.00 100.00 -1000 6.54 23.66 -13.53 -1000 28.79 0.10 949.834
car -1 -1 0.00 0.00 0.00 100.00 100.00 -1000 1.68 4.52 16.72 -1000 22.87 1.64 946.488
car -1 -1 0.00 0.00 0.00 100.00 100.00 -1000 4.11 12.49 -6.87 -1000 28.41 0.67 945.242
car -1 -1 0.00 0.00 0.00 100.00 100.00 -1000 12.75 252.61 -9.18 -1000 41.56 0.58 943.532
car -1 -1 0.00 0.00 0.00 100.00 100.00 -1000 1.72 4.71 -3.73 -1000 22.03 1.60 942.680
car -1 -1 0.00 0.00 0.00 100.00 100.00 -1000 2.40 9.62 10.03 -1000 32.89 1.56 938.784
car -1 -1 0.00 0.00 0.00 100.00 100.00 -1000 2.76 7.73 -8.47 -1000 43.91 1.03 934.485
car -1 -1 0.00 0.00 0.00 100.00 100.00 -1000 1.77 4.27 -3.35 -1000 44.51 1.53 932.973
car -1 -1 0.00 0.00 0.00 100.00 100.00 -1000 1.77 4.95 8.20 -1000 30.87 1.66 931.667
car -1 -1 0.00 0.00 0.00 100.00 100.00 -1000 3.28 15.83 -7.72 -1000 43.33 1.14 928.656
car -1 -1 0.00 0.00 0.00 100.00 100.00 -1000 2.42 20.84 -9.79 -1000 41.96 -0.38 927.590
car -1 -1 0.00 0.00 0.00 100.00 100.00 -1000 1.71 4.58 15.04 -1000 23.08 1.59 923.988
car -1 -1 0.00 0.00 0.00 100.00 100.00 -1000 12.10 248.93 -11.01 -1000 27.02 0.48 922.543
car -1 -1 0.00 0.00 0.00 100.00 100.00 -1000 1.66 3.83 3.37 -1000 40.34 1.52 920.661
car -1 -1 0.00 0.00 0.00 100.00 100.00 -1000 1.60 4.22 7.14 -1000 29.35 1.56 916.973
car -1 -1 0.00 0.00 0.00 100.00 100.00 -1000 10.15 11.42 -10.99 -1000 39.74 0.55 915.861
car -1 -1 0.00 0.00 0.00 100.00 100.00 -1000 1.63 3.95 -4.86 -1000 11.10 -0.24 915.505
car -1 -1 0.00 0.00 0.00 100.00 100.00 -1000 24.86 19.62 -9.81 -1000 40.63 0.03 909.879
car -1 -1 0.00 0.00 0.00 100.00 100.00 -1000 1.79 5.03 2.97 -1000 12.97 1.50 903.758
car -1 -1 0.00 0.00 0.00 100.00 100.00 -1000 3.51 11.13 -17.45 -1000 28.02 0.59 901.262
car -1 -1 0.00 0.00 0.00 100.00 100.00 -1000 1.63 4.39 -2.93 -1000 5.37 1.61 897.862
car -1 -1 0.00 0.00 0.00 100.00 100.00 -1000 2.73 4.05 -8.96 -1000 25.63 1.16 897.196
car -1 -1 0.00 0.00 0.00 100.00 100.00 -1000 4.76 40.99 -15.85 -1000 27.13 0.84 896.752
car -1 -1 0.00 0.00 0.00 100.00 100.00 -1000 1.75 5.08 2.81 -1000 10.66 1.60 895.748
car -1 -1 0.00 0.00 0.00 100.00 100.00 -1000 1.59 3.97 -2.76 -1000 11.56 1.50 894.994
car -1 -1 0.00 0.00 0.00 100.00 100.00 -1000 1.50 4.59 -3.17 -1000 19.47 0.02 888.895
car -1 -1 0.00 0.00 0.00 100.00 100.00 -1000 1.63 3.98 -5.35 -1000 11.92 1.58 886.921
car -1 -1 0.00 0.00 0.00 100.00 100.00 -1000 1.66 4.14 -7.29 -1000 11.68 1.63 878.335
car -1 -1 0.00 0.00 0.00 100.00 100.00 -1000 1.94 6.39 11.86 -1000 33.55 1.54 877.387
car -1 -1 0.00 0.00 0.00 100.00 100.00 -1000 3.27 7.89 -10.27 -1000 40.83 -0.80 875.857
car -1 -1 0.00 0.00 0.00 100.00 100.00 -1000 7.46 95.39 -8.68 -1000 43.19 0.68 873.842
car -1 -1 0.00 0.00 0.00 100.00 100.00 -1000 4.46 4.85 -13.41 -1000 27.20 0.75 867.732
car -1 -1 0.00 0.00 0.00 100.00 100.00 -1000 7.40 106.65 -13.80 -1000 26.98 0.58 865.056
car -1 -1 0.00 0.00 0.00 100.00 100.00 -1000 1.67 4.63 4.82 -1000 14.67 1.60 863.967
car -1 -1 0.00 0.00 0.00 100.00 100.00 -1000 1.72 4.27 15.59 -1000 21.37 -0.08 863.161
car -1 -1 0.00 0.00 0.00 100.00 100.00 -1000 1.77 5.10 17.00 -1000 32.08 1.57 862.876
car -1 -1 0.00 0.00 0.00 100.00 100.00 -1000 4.22 28.52 -8.27 -1000 25.62 1.14 861.305
car -1 -1 0.00 0.00 0.00 100.00 100.00 -1000 2.98 4.18 -16.49 -1000 27.13 1.01 855.412
car -1 -1 0.00 0.00 0.00 100.00 100.00 -1000 1.62 5.57 6.66 -1000 16.58 1.57 849.291
car -1 -1 0.00 0.00 0.00 100.00 100.00 -1000 1.66 4.47 -7.48 -1000 18.99 1.51 846.181
car -1 -1 0.00 0.00 0.00 100.00 100.00 -1000 1.56 3.71 19.01 -1000 38.28 -0.14 844.488
car -1 -1 0.00 0.00 0.00 100.00 100.00 -1000 1.77 5.52 10.02 -1000 30.11 1.56 841.312
car -1 -1 0.00 0.00 0.00 100.00 100.00 -1000 1.75 4.77 -4.50 -1000 20.91 1.58 840.455
car -1 -1 0.00 0.00 0.00 100.00 100.00 -1000 2.37 18.19 -11.06 -1000 40.59 -0.17 838.939
car -1 -1 0.00 0.00 0.00 100.00 100.00 -1000 2.49 4.76 -8.06 -1000 43.33 1.24 836.118
car -1 -1 0.00 0.00 0.00 100.00 100.00 -1000 3.44 4.70 -6.09 -1000 27.34 1.08 833.411
car -1 -1 0.00 0.00 0.00 100.00 100.00 -1000 2.11 7.34 9.85 -1000 34.00 1.47 831.078
car -1 -1 0.00 0.00 0.00 100.00 100.00 -1000 2.18 6.52 7.74 -1000 19.21 1.34 824.736
car -1 -1 0.00 0.00 0.00 100.00 100.00 -1000 1.77 4.77 17.06 -1000 40.42 1.55 823.790
car -1 -1 0.00 0.00 0.00 100.00 100.00 -1000 1.88 6.88 15.98 -1000 32.77 1.53 822.173
car -1 -1 0.00 0.00 0.00 100.00 100.00 -1000 5.20 5.55 -10.54 -1000 27.19 0.81 821.510
car -1 -1 0.00 0.00 0.00 100.00 100.00 -1000 1.63 4.17 -2.40 -1000 24.51 1.56 814.912
car -1 -1 0.00 0.00 0.00 100.00 100.00 -1000 1.97 9.49 -5.75 -1000 28.67 0.54 804.931
car -1 -1 0.00 0.00 0.00 100.00 100.00 -1000 1.62 3.99 1.01 -1000 44.70 1.47 802.736
car -1 -1 0.00 0.00 0.00 100.00 100.00 -1000 2.19 8.28 13.34 -1000 32.95 1.47 799.048
car -1 -1 0.00 0.00 0.00 100.00 100.00 -1000 1.86 5.76 13.81 -1000 22.51 1.62 777.536
car -1 -1 0.00 0.00 0.00 100.00 100.00 -1000 2.30 8.26 4.86 -1000 35.51 1.37 776.380
car -1 -1 0.00 0.00 0.00 100.00 100.00 -1000 3.14 16.71 -16.32 -1000 27.04 1.15 768.817
car -1 -1 0.00 0.00 0.00 100.00 100.00 -1000 1.68 2.72 -9.55 -1000 26.94 1.09 757.841
car -1 -1 0.00 0.00 0.00 100.00 100.00 -1000 15.76 392.55 -11.75 -1000 38.68 0.43 753.674
car -1 -1 0.00 0.00 0.00 100.00 100.00 -1000 4.15 20.09 -8.22 -1000 29.63 0.50 752.574
car -1 -1 0.00 0.00 0.00 100.00 100.00 -1000 1.82 5.19 -5.71 -1000 21.59 1.55 752.290
car -1 -1 0.00 0.00 0.00 100.00 100.00 -1000 2.52 6.87 -10.63 -1000 24.50 1.16 744.897
car -1 -1 0.00 0.00 0.00 100.00 100.00 -1000 1.92 6.29 17.81 -1000 33.15 1.61 735.264
car -1 -1 0.00 0.00 0.00 100.00 100.00 -1000 2.05 1.96 -12.31 -1000 43.60 0.50 730.385
car -1 -1 0.00 0.00 0.00 100.00 100.00 -1000 13.59 14.51 -8.37 -1000 42.63 0.27 730.156
car -1 -1 0.00 0.00 0.00 100.00 100.00 -1000 5.21 18.81 -12.52 -1000 40.47 0.10 720.386
car -1 -1 0.00 0.00 0.00 100.00 100.00 -1000 1.70 4.49 -1.45 -1000 44.85 1.56 719.518
car -1 -1 0.00 0.00 0.00 100.00 100.00 -1000 8.99 127.27 -9.26 -1000 40.28 0.78 716.611
car -1 -1 0.00 0.00 0.00 100.00 100.00 -1000 1.93 6.00 15.36 -1000 33.69 1.50 715.407
car -1 -1 0.00 0.00 0.00 100.00 100.00 -1000 5.48 4.74 -14.86 -1000 40.39 0.44 704.080
car -1 -1 0.00 0.00 0.00 100.00 100.00 -1000 5.96 73.21 -6.64 -1000 28.52 0.76 702.840
car -1 -1 0.00 0.00 0.00 100.00 100.00 -1000 1.65 5.13 -2.98 -1000 9.11 1.47 696.376
car -1 -1 0.00 0.00 0.00 100.00 100.00 -1000 2.95 13.50 -9.75 -1000 23.98 1.30 694.375
car -1 -1 0.00 0.00 0.00 100.00 100.00 -1000 1.80 4.99 5.57 -1000 43.03 1.52 691.445
car -1 -1 0.00 0.00 0.00 100.00 100.00 -1000 1.76 4.47 18.62 -1000 47.10 1.48 691.281
car -1 -1 0.00 0.00 0.00 100.00 100.00 -1000 1.75 4.77 -2.69 -1000 47.06 1.34 689.006
car -1 -1 0.00 0.00 0.00 100.00 100.00 -1000 2.92 6.78 -11.35 -1000 39.53 -0.57 686.611
car -1 -1 0.00 0.00 0.00 100.00 100.00 -1000 2.03 6.79 -4.80 -1000 22.73 1.52 681.490
car -1 -1 0.00 0.00 0.00 100.00 100.00 -1000 1.89 6.17 13.71 -1000 23.52 1.57 673.872
car -1 -1 0.00 0.00 0.00 100.00 100.00 -1000 1.78 5.21 16.75 -1000 31.10 1.65 662.762
car -1 -1 0.00 0.00 0.00 100.00 100.00 -1000 1.74 4.59 16.11 -1000 42.69 1.47 660.650
car -1 -1 0.00 0.00 0.00 100.00 100.00 -1000 1.92 6.14 15.38 -1000 40.14 1.41 655.376
car -1 -1 0.00 0.00 0.00 100.00 100.00 -1000 2.02 6.52 13.51 -1000 34.07 1.50 643.454
car -1 -1 0.00 0.00 0.00 100.00 100.00 -1000 1.80 4.77 10.12 -1000 45.10 1.57 642.950
car -1 -1 0.00 0.00 0.00 100.00 100.00 -1000 1.69 4.96 9.89 -1000 18.22 1.60 641.440
car -1 -1 0.00 0.00 0.00 100.00 100.00 -1000 3.03 8.43 -9.18 -1000 25.36 1.23 640.393
car -1 -1 0.00 0.00 0.00 100.00 100.00 -1000 67.82 288.67 -10.27 -1000 42.21 -0.36 635.413
car -1 -1 0.00 0.00 0.00 100.00 100.00 -1000 1.72 4.61 -6.02 -1000 19.42 1.63 632.521
car -1 -1 0.00 0.00 0.00 100.00 100.00 -1000 1.68 2.57 -16.85 -1000 28.52 0.99 628.073
car -1 -1 0.00 0.00 0.00 100.00 100.00 -1000 2.43 12.27 10.28 -1000 31.85 1.51 626.281
car -1 -1 0.00 0.00 0.00 100.00 100.00 -1000 1.75 4.71 16.47 -1000 39.53 1.58 617.367
car -1 -1 0.00 0.00 0.00 100.00 100.00 -1000 1.81 4.87 -9.38 -1000 19.58 1.50 616.450
car -1 -1 0.00 0.00 0.00 100.00 100.00 -1000 1.75 4.58 -4.44 -1000 44.03 1.49 612.987
car -1 -1 0.00 0.00 0.00 100.00 100.00 -1000 8.48 7.09 -12.86 -1000 41.83 0.43 600.870
car -1 -1 0.00 0.00 0.00 100.00 100.00 -1000 1.66 4.32 7.20 -1000 38.68 1.44 596.422
car -1 -1 0.00 0.00 0.00 100.00 100.00 -1000 19.88 70.18 -9.84 -1000 41.86 0.35 587.010
car -1 -1 0.00 0.00 0.00 100.00 100.00 -1000 1.88 5.50 -3.73 -1000 46.39 1.50 586.705
car -1 -1 0.00 0.00 0.00 100.00 100.00 -1000 1.66 2.76 -5.82 -1000 28.44 1.16 585.768
car -1 -1 0.00 0.00 0.00 100.00 100.00 -1000 1.64 4.16 4.90 -1000 35.51 1.53 583.251
car -1 -1 0.00 0.00 0.00 100.00 100.00 -1000 1.72 4.55 6.95 -1000 43.46 1.61 582.973
car -1 -1 0.00 0.00 0.00 100.00 100.00 -1000 1.55 3.61 0.85 -1000 43.78 0.05 581.938
car -1 -1 0.00 0.00 0.00 100.00 100.00 -1000 1.83 4.79 2.02 -1000 40.04 1.46 578.884
car -1 -1 0.00 0.00 0.00 100.00 100.00 -1000 1.74 3.38 -8.57 -1000 44.25 1.22 577.783
car -1 -1 0.00 0.00 0.00 100.00 100.00 -1000 3.00 37.23 -11.30 -1000 43.90 -0.65 576.461
car -1 -1 0.00 0.00 0.00 100.00 100.00 -1000 1.93 5.73 -12.65 -1000 16.01 1.39 570.617
car -1 -1 0.00 0.00 0.00 100.00 100.00 -1000 1.85 6.02 8.40 -1000 31.64 1.53 566.646
car -1 -1 0.00 0.00 0.00 100.00 100.00 -1000 1.45 4.37 10.11 -1000 28.00 1.58 562.036
car -1 -1 0.00 0.00 0.00 100.00 100.00 -1000 1.73 4.93 -3.56 -1000 12.28 1.47 561.753
car -1 -1 0.00 0.00 0.00 100.00 100.00 -1000 1.82 5.22 -6.22 -1000 20.60 1.57 552.975
car -1 -1 0.00 0.00 0.00 100.00 100.00 -1000 1.84 5.52 16.12 -1000 41.75 1.47 550.458
car -1 -1 0.00 0.00 0.00 100.00 100.00 -1000 1.85 5.75 15.46 -1000 30.51 1.58 548.013
car -1 -1 0.00 0.00 0.00 100.00 100.00 -1000 1.72 4.56 -2.72 -1000 26.23 1.44 545.286
car -1 -1 0.00 0.00 0.00 100.00 100.00 -1000 1.65 3.16 -7.99 -1000 26.38 1.32 542.526
car -1 -1 0.00 0.00 0.00 100.00 100.00 -1000 1.85 5.89 17.19 -1000 23.60 1.53 541.450
car -1 -1 0.00 0.00 0.00 100.00 100.00 -1000 4.14 5.90 -11.80 -1000 25.72 0.96 539.764
car -1 -1 0.00 0.00 0.00 100.00 100.00 -1000 1.72 4.27 5.70 -1000 14.09 -0.61 533.469
car -1 -1 0.00 0.00 0.00 100.00 100.00 -1000 2.09 8.15 14.29 -1000 32.13 1.47 532.710
car -1 -1 0.00 0.00 0.00 100.00 100.00 -1000 1.72 5.29 5.65 -1000 17.24 1.54 532.334
car -1 -1 0.00 0.00 0.00 100.00 100.00 -1000 2.13 7.57 15.30 -1000 34.74 1.50 528.486
car -1 -1 0.00 0.00 0.00 100.00 100.00 -1000 3.78 24.61 -5.32 -1000 27.49 1.19 522.362
car -1 -1 0.00 0.00 0.00 100.00 100.00 -1000 2.15 8.21 -5.54 -1000 27.22 0.89 521.936
car -1 -1 0.00 0.00 0.00 100.00 100.00 -1000 1.85 5.56 -6.26 -1000 43.62 1.52 516.305
car -1 -1 0.00 0.00 0.00 100.00 100.00 -1000 1.77 5.16 -7.31 -1000 16.67 1.48 505.263
car -1 -1 0.00 0.00 0.00 100.00 100.00 -1000 1.73 2.47 -15.67 -1000 29.12 0.73 503.004
car -1 -1 0.00 0.00 0.00 100.00 100.00 -1000 1.84 2.80 -6.86 -1000 29.04 0.96 495.790
car -1 -1 0.00 0.00 0.00 100.00 100.00 -1000 2.04 8.13 15.24 -1000 41.01 1.30 494.929
car -1 -1 0.00 0.00 0.00 100.00 100.00 -1000 4.26 34.36 3.80 -1000 35.37 0.95 488.877
car -1 -1 0.00 0.00 0.00 100.00 100.00 -1000 1.80 6.11 14.37 -1000 29.76 1.50 485.910
car -1 -1 0.00 0.00 0.00 100.00 100.00 -1000 1.78 5.43 -4.95 -1000 45.03 1.48 483.087
car -1 -1 0.00 0.00 0.00 100.00 100.00 -1000 2.34 8.68 -3.06 -1000 25.69 1.29 479.635
car -1 -1 0.00 0.00 0.00 100.00 100.00 -1000 43.34 177.23 -11.30 -1000 40.75 -0.23 478.005
car -1 -1 0.00 0.00 0.00 100.00 100.00 -1000 1.47 2.89 -4.87 -1000 29.29 0.81 474.483
car -1 -1 0.00 0.00 0.00 100.00 100.00 -1000 1.83 2.38 -14.39 -1000 29.48 0.57 474.257
car -1 -1 0.00 0.00 0.00 100.00 100.00 -1000 11.26 41.86 -6.48 -1000 28.83 0.50 474.179
car -1 -1 0.00 0.00 0.00 100.00 100.00 -1000 2.02 2.69 -10.88 -1000 44.16 0.59 473.045
car -1 -1 0.00 0.00 0.00 100.00 100.00 -1000 1.81 5.80 -3.46 -1000 6.94 1.47 472.621
car -1 -1 0.00 0.00 0.00 100.00 100.00 -1000 1.99 8.77 13.15 -1000 31.25 1.38 469.167
car -1 -1 0.00 0.00 0.00 100.00 100.00 -1000 1.65 3.90 -6.66 -1000 10.68 1.55 466.315
car -1 -1 0.00 0.00 0.00 100.00 100.00 -1000 4.10 7.63 -16.34 -1000 26.66 0.91 460.906
car -1 -1 0.00 0.00 0.00 100.00 100.00 -1000 3.15 5.26 -8.83 -1000 41.97 1.35 459.560
car -1 -1 0.00 0.00 0.00 100.00 100.00 -1000 1.83 4.93 -9.09 -1000 18.58 1.46 458.904
car -1 -1 0.00 0.00 0.00 100.00 100.00 -1000 1.75 4.66 9.28 -1000 17.49 1.69 458.219
car -1 -1 0.00 0.00 0.00 100.00 100.00 -1000 2.90 9.26 -6.40 -1000 26.17 1.01 440.789
car -1 -1 0.00 0.00 0.00 100.00 100.00 -1000 5.38 40.24 -13.02 -1000 29.98 -0.02 438.015
car -1 -1 0.00 0.00 0.00 100.00 100.00 -1000 1.84 5.60 -5.17 -1000 12.61 1.42 437.599
car -1 -1 0.00 0.00 0.00 100.00 100.00 -1000 2.00 2.59 -11.65 -1000 29.67 0.62 436.405
car -1 -1 0.00 0.00 0.00 100.00 100.00 -1000 4.13 37.94 -5.78 -1000 28.69 0.92 433.832
car -1 -1 0.00 0.00 0.00 100.00 100.00 -1000 1.91 5.64 8.88 -1000 44.53 1.51 422.598
car -1 -1 0.00 0.00 0.00 100.00 100.00 -1000 2.37 10.64 13.11 -1000 23.95 1.32 414.580
car -1 -1 0.00 0.00 0.00 100.00 100.00 -1000 1.81 5.34 17.40 -1000 38.44 1.56 413.147
car -1 -1 0.00 0.00 0.00 100.00 100.00 -1000 1.92 2.30 -13.28 -1000 29.81 0.61 413.054
car -1 -1 0.00 0.00 0.00 100.00 100.00 -1000 3.09 8.60 -9.62 -1000 42.68 -0.43 409.210
car -1 -1 0.00 0.00 0.00 100.00 100.00 -1000 1.73 5.12 -4.40 -1000 5.68 1.46 404.872
car -1 -1 0.00 0.00 0.00 100.00 100.00 -1000 1.98 6.04 3.65 -1000 41.36 1.54 403.192
car -1 -1 0.00 0.00 0.00 100.00 100.00 -1000 7.53 10.86 -13.31 -1000 26.62 0.42 401.509
car -1 -1 0.00 0.00 0.00 100.00 100.00 -1000 2.20 6.44 -15.64 -1000 21.10 1.23 398.910
car -1 -1 0.00 0.00 0.00 100.00 100.00 -1000 1.68 5.43 11.55 -1000 29.53 1.53 396.992
car -1 -1 0.00 0.00 0.00 100.00 100.00 -1000 1.77 1.52 -13.27 -1000 44.15 0.10 393.559
car -1 -1 0.00 0.00 0.00 100.00 100.00 -1000 1.86 5.57 -7.21 -1000 25.32 1.48 393.058
car -1 -1 0.00 0.00 0.00 100.00 100.00 -1000 1.68 3.58 -10.06 -1000 24.51 1.47 391.220
car -1 -1 0.00 0.00 0.00 100.00 100.00 -1000 1.49 3.97 -1.01 -1000 25.87 1.57 379.357
car -1 -1 0.00 0.00 0.00 100.00 100.00 -1000 10.27 15.90 -7.34 -1000 28.05 0.29 379.206
car -1 -1 0.00 0.00 0.00 100.00 100.00 -1000 2.11 6.97 4.40 -1000 12.06 1.69 378.225
car -1 -1 0.00 0.00 0.00 100.00 100.00 -1000 1.86 6.68 10.04 -1000 32.21 1.54 374.742
car -1 -1 0.00 0.00 0.00 100.00 100.00 -1000 1.63 3.93 -7.63 -1000 17.96 -0.08 371.063
car -1 -1 0.00 0.00 0.00 100.00 100.00 -1000 33.23 31.23 -12.34 -1000 42.36 -0.42 369.616
car -1 -1 0.00 0.00 0.00 100.00 100.00 -1000 1.99 2.76 -11.27 -1000 42.62 0.95 366.920
car -1 -1 0.00 0.00 0.00 100.00 100.00 -1000 2.14 7.40 -4.13 -1000 23.72 1.51 365.724
car -1 -1 0.00 0.00 0.00 100.00 100.00 -1000 1.61 4.03 -0.35 -1000 44.19 0.13 360.254
car -1 -1 0.00 0.00 0.00 100.00 100.00 -1000 1.73 5.67 13.77 -1000 21.53 1.67 360.156
car -1 -1 0.00 0.00 0.00 100.00 100.00 -1000 2.06 7.30 7.85 -1000 45.40 1.43 358.155
car -1 -1 0.00 0.00 0.00 100.00 100.00 -1000 1.95 5.96 -9.69 -1000 20.39 1.40 356.721
car -1 -1 0.00 0.00 0.00 100.00 100.00 -1000 1.98 2.97 -10.28 -1000 29.25 0.69 351.681
car -1 -1 0.00 0.00 0.00 100.00 100.00 -1000 1.82 4.51 -6.50 -1000 29.75 1.04 348.621
car -1 -1 0.00 0.00 0.00 100.00 100.00 -1000 1.71 4.94 17.92 -1000 22.43 1.59 339.810
car -1 -1 0.00 0.00 0.00 100.00 100.00 -1000 2.25 6.41 -9.28 -1000 26.64 0.54 335.304
car -1 -1 0.00 0.00 0.00 100.00 100.00 -1000 3.90 20.39 -17.99 -1000 41.36 0.37 335.070
car -1 -1 0.00 0.00 0.00 100.00 100.00 -1000 18.65 74.34 -13.36 -1000 27.66 0.22 329.492
car -1 -1 0.00 0.00 0.00 100.00 100.00 -1000 1.78 6.90 11.71 -1000 30.66 1.40 325.551
car -1 -1 0.00 0.00 0.00 100.00 100.00 -1000 5.21 83.57 -16.31 -1000 40.13 0.76 325.095
car -1 -1 0.00 0.00 0.00 100.00 100.00 -1000 1.88 5.41 -4.34 -1000 18.82 1.68 322.802
car -1 -1 0.00 0.00 0.00 100.00 100.00 -1000 1.91 5.40 17.56 -1000 30.10 1.74 320.061
car -1 -1 0.00 0.00 0.00 100.00 100.00 -1000 1.99 6.40 5.12 -1000 42.28 1.56 319.582
car -1 -1 0.00 0.00 0.00 100.00 100.00 -1000 1.98 4.93 -9.70 -1000 39.97 0.78 318.275
car -1 -1 0.00 0.00 0.00 100.00 100.00 -1000 5.53 44.65 -15.84 -1000 44.59 -0.10 315.633
car -1 -1 0.00 0.00 0.00 100.00 100.00 -1000 1.72 5.31 13.38 -1000 29.02 1.57 300.095
car -1 -1 0.00 0.00 0.00 100.00 100.00 -1000 2.01 4.93 -8.10 -1000 11.03 1.49 298.803
car -1 -1 0.00 0.00 0.00 100.00 100.00 -1000 4.66 7.04 -14.88 -1000 41.83 0.45 298.084
car -1 -1 0.00 0.00 0.00 100.00 100.00 -1000 2.09 2.25 -12.49 -1000 45.25 0.22 297.592
car -1 -1 0.00 0.00 0.00 100.00 100.00 -1000 1.54 4.02 4.67 -1000 8.91 1.75 293.452
car -1 -1 0.00 0.00 0.00 100.00 100.00 -1000 2.17 9.28 15.29 -1000 42.18 1.28 292.421
car -1 -1 0.00 0.00 0.00 100.00 100.00 -1000 1.65 4.28 17.40 -1000 42.22 -0.21 289.959
car -1 -1 0.00 0.00 0.00 100.00 100.00 -1000 1.52 3.53 4.02 -1000 8.04 1.61 287.180
car -1 -1 0.00 0.00 0.00 100.00 100.00 -1000 2.04 9.35 15.95 -1000 24.50 1.36 286.287
car -1 -1 0.00 0.00 0.00 100.00 100.00 -1000 2.09 7.90 6.06 -1000 15.61 1.54 285.064
car -1 -1 0.00 0.00 0.00 100.00 100.00 -1000 3.72 34.58 10.51 -1000 24.04 0.84 284.338
car -1 -1 0.00 0.00 0.00 100.00 100.00 -1000 3.05 13.89 8.94 -1000 23.36 0.60 282.351
car -1 -1 0.00 0.00 0.00 100.00 100.00 -1000 2.16 8.24 1.79 -1000 12.20 1.44 281.097
car -1 -1 0.00 0.00 0.00 100.00 100.00 -1000 1.69 4.70 -12.92 -1000 16.83 1.30 279.289
car -1 -1 0.00 0.00 0.00 100.00 100.00 -1000 2.15 10.71 12.54 -1000 25.36 1.36 273.118
car -1 -1 0.00 0.00 0.00 100.00 100.00 -1000 100.08 562.32 -12.08 -1000 43.99 -0.68 272.329
car -1 -1 0.00 0.00 0.00 100.00 100.00 -1000 2.10 8.42 9.50 -1000 35.01 1.37 267.932
car -1 -1 0.00 0.00 0.00 100.00 100.00 -1000 1.99 6.61 18.06 -1000 41.23 1.40 267.800
car -1 -1 0.00 0.00 0.00 100.00 100.00 -1000 1.83 5.27 -3.27 -1000 45.46 1.61 265.669
car -1 -1 0.00 0.00 0.00 100.00 100.00 -1000 1.94 6.69 15.51 -1000 43.29 1.31 264.034
car -1 -1 0.00 0.00 0.00 100.00 100.00 -1000 1.57 4.92 17.08 -1000 21.62 1.66 263.878
car -1 -1 0.00 0.00 0.00 100.00 100.00 -1000 3.04 15.57 9.32 -1000 24.62 0.66 261.070
car -1 -1 0.00 0.00 0.00 100.00 100.00 -1000 1.93 6.06 15.27 -1000 38.71 1.54 259.367
car -1 -1 0.00 0.00 0.00 100.00 100.00 -1000 2.04 8.00 12.28 -1000 34.79 1.35 258.731
car -1 -1 0.00 0.00 0.00 100.00 100.00 -1000 3.58 29.18 -10.98 -1000 23.97 0.94 258.705
car -1 -1 0.00 0.00 0.00 100.00 100.00 -1000 1.78 5.03 -5.50 -1000 10.05 1.44 254.715
car -1 -1 0.00 0.00 0.00 100.00 100.00 -1000 2.13 7.71 14.94 -1000 35.81 1.51 253.747
car -1 -1 0.00 0.00 0.00 100.00 100.00 -1000 4.05 32.45 -17.07 -1000 22.31 0.93 248.587
car -1 -1 0.00 0.00 0.00 100.00 100.00 -1000 1.73 4.41 -3.50 -1000 43.42 1.63 246.976
car -1 -1 0.00 0.00 0.00 100.00 100.00 -1000 3.09 10.44 -11.61 -1000 28.10 -0.48 246.404
car -1 -1 0.00 0.00 0.00 100.00 100.00 -1000 1.96 5.52 0.80 -1000 40.59 1.35 244.626
car -1 -1 0.00 0.00 0.00 100.00 100.00 -1000 2.31 7.34 2.26 -1000 8.93 0.05 243.408
car -1 -1 0.00 0.00 0.00 100.00 100.00 -1000 1.69 4.74 -5.26 -1000 26.59 1.34 237.979
car -1 -1 0.00 0.00 0.00 100.00 100.00 -1000 2.01 7.19 5.49 -1000 44.13 1.40 235.434
car -1 -1 0.00 0.00 0.00 100.00 100.00 -1000 14.11 20.64 -11.86 -1000 27.99 0.04 234.151
car -1 -1 0.00 0.00 0.00 100.00 100.00 -1000 2.08 8.20 0.65 -1000 12.99 1.36 233.873
car -1 -1 0.00 0.00 0.00 100.00 100.00 -1000 1.92 7.10 15.95 -1000 36.92 1.42 228.830
car -1 -1 0.00 0.00 0.00 100.00 100.00 -1000 2.10 7.85 2.23 -1000 38.74 1.32 222.700
car -1 -1 0.00 0.00 0.00 100.00 100.00 -1000 2.67 10.69 -16.68 -1000 22.84 0.90 222.180
car -1 -1 0.00 0.00 0.00 100.00 100.00 -1000 1.72 4.87 -0.08 -1000 45.46 1.40 221.091
car -1 -1 0.00 0.00 0.00 100.00 100.00 -1000 1.84 5.99 -7.34 -1000 12.54 1.43 220.443
car -1 -1 0.00 0.00 0.00 100.00 100.00 -1000 2.48 6.79 8.70 -1000 22.56 0.97 212.543
car -1 -1 0.00 0.00 0.00 100.00 100.00 -1000 1.85 6.00 5.22 -1000 40.16 1.43 210.054
car -1 -1 0.00 0.00 0.00 100.00 100.00 -1000 1.76 7.59 10.32 -1000 18.90 1.46 209.277
car -1 -1 0.00 0.00 0.00 100.00 100.00 -1000 1.75 5.99 14.41 -1000 28.11 1.48 208.194
car -1 -1 0.00 0.00 0.00 100.00 100.00 -1000 3.46 16.05 -18.30 -1000 24.52 0.73 208.052
car -1 -1 0.00 0.00 0.00 100.00 100.00 -1000 1.92 5.86 9.90 -1000 43.75 1.64 207.495
car -1 -1 0.00 0.00 0.00 100.00 100.00 -1000 1.86 5.79 2.58 -1000 44.22 1.46 207.231
car -1 -1 0.00 0.00 0.00 100.00 100.00 -1000 1.59 4.02 -12.47 -1000 15.42 1.44 202.624
car -1 -1 0.00 0.00 0.00 100.00 100.00 -1000 3.94 7.87 -14.72 -1000 25.64 0.88 199.815
car -1 -1 0.00 0.00 0.00 100.00 100.00 -1000 1.82 5.66 6.47 -1000 35.01 1.30 197.549
car -1 -1 0.00 0.00 0.00 100.00 100.00 -1000 4.61 7.33 -15.26 -1000 38.73 0.66 194.743
car -1 -1 0.00 0.00 0.00 100.00 100.00 -1000 1.89 5.89 6.71 -1000 36.91 1.56 193.292
car -1 -1 0.00 0.00 0.00 100.00 100.00 -1000 2.94 16.24 -16.27 -1000 19.39 1.21 191.245
car -1 -1 0.00 0.00 0.00 100.00 100.00 -1000 3.18 12.18 2.35 -1000 36.12 0.73 187.776
car -1 -1 0.00 0.00 0.00 100.00 100.00 -1000 1.93 7.53 -4.70 -1000 24.95 1.35 186.633
car -1 -1 0.00 0.00 0.00 100.00 100.00 -1000 2.87 7.00 -17.54 -1000 23.93 1.01 184.779
car -1 -1 0.00 0.00 0.00 100.00 100.00 -1000 1.54 3.97 14.77 -1000 39.44 0.21 183.853
car -1 -1 0.00 0.00 0.00 100.00 100.00 -1000 2.00 7.82 -4.23 -1000 7.63 1.41 181.182
car -1 -1 0.00 0.00 0.00 100.00 100.00 -1000 1.67 4.24 8.23 -1000 28.43 1.51 179.061
car -1 -1 0.00 0.00 0.00 100.00 100.00 -1000 2.34 9.99 -12.97 -1000 14.63 1.35 176.766
car -1 -1 0.00 0.00 0.00 100.00 100.00 -1000 1.71 3.82 -7.85 -1000 42.39 1.50 174.548
car -1 -1 0.00 0.00 0.00 100.00 100.00 -1000 1.89 2.22 -12.34 -1000 41.24 0.67 173.613
car -1 -1 0.00 0.00 0.00 100.00 100.00 -1000 2.00 3.24 -13.20 -1000 27.65 0.86 171.967
car -1 -1 0.00 0.00 0.00 100.00 100.00 -1000 1.69 4.48 -2.43 -1000 4.64 1.51 170.638
car -1 -1 0.00 0.00 0.00 100.00 100.00 -1000 1.44 2.83 -10.49 -1000 41.53 0.56 169.726
car -1 -1 0.00 0.00 0.00 100.00 100.00 -1000 1.53 4.67 5.89 -1000 29.92 1.47 169.320
car -1 -1 0.00 0.00 0.00 100.00 100.00 -1000 1.97 3.99 -11.19 -1000 45.06 0.70 168.956
car -1 -1 0.00 0.00 0.00 100.00 100.00 -1000 2.73 22.44 -17.17 -1000 17.67 1.05 165.430
car -1 -1 0.00 0.00 0.00 100.00 100.00 -1000 1.80 4.99 -12.13 -1000 14.58 1.48 161.780
car -1 -1 0.00 0.00 0.00 100.00 100.00 -1000 2.13 9.43 7.43 -1000 34.35 1.29 157.986
