car -1 -1 0.00 0.00 0.00 100.00 100.00 -1000 1.55 4.03 -3.62 -1000 9.17 1.40 999.870
car -1 -1 0.00 0.00 0.00 100.00 100.00 -1000 1.59 3.74 -3.94 -1000 33.78 1.47 999.528
car -1 -1 0.00 0.00 0.00 100.00 100.00 -1000 1.61 4.19 -3.45 -1000 10.11 1.49 999.428
car -1 -1 0.00 0.00 0.00 100.00 100.00 -1000 1.58 3.98 -3.38 -1000 17.77 1.43 995.061
car -1 -1 0.00 0.00 0.00 100.00 100.00 -1000 1.67 4.26 -3.61 -1000 11.54 1.48 993.538
car -1 -1 0.00 0.00 0.00 100.00 100.00 -1000 1.59 3.79 -3.17 -1000 44.69 1.54 991.996
car -1 -1 0.00 0.00 0.00 100.00 100.00 -1000 1.75 4.77 -3.34 -1000 8.40 0.03 990.429
car -1 -1 0.00 0.00 0.00 100.00 100.00 -1000 1.46 4.19 -3.92 -1000 32.94 0.09 989.563
car -1 -1 0.00 0.00 0.00 100.00 100.00 -1000 15.48 368.74 -12.94 -1000 17.26 0.35 982.346
car -1 -1 0.00 0.00 0.00 100.00 100.00 -1000 8.08 27.24 -15.57 -1000 19.39 -0.11 981.978
car -1 -1 0.00 0.00 0.00 100.00 100.00 -1000 11.06 190.98 -9.94 -1000 25.33 0.54 979.643
car -1 -1 0.00 0.00 0.00 100.00 100.00 -1000 6.21 19.72 -12.22 -1000 27.17 0.13 978.306
car -1 -1 0.00 0.00 0.00 100.00 100.00 -1000 1.80 5.28 -4.35 -1000 34.69 1.57 976.315
car -1 -1 0.00 0.00 0.00 100.00 100.00 -1000 1.62 4.15 -3.61 -1000 18.79 1.47 975.888
car -1 -1 0.00 0.00 0.00 100.00 100.00 -1000 1.61 3.88 -6.30 -1000 20.49 1.54 975.553
car -1 -1 0.00 0.00 0.00 100.00 100.00 -1000 1.57 3.57 7.24 -1000 27.46 1.63 963.820
car -1 -1 0.00 0.00 0.00 100.00 100.00 -1000 2.26 8.00 -5.73 -1000 12.13 1.38 963.111
car -1 -1 0.00 0.00 0.00 100.00 100.00 -1000 3.66 22.01 -4.90 -1000 35.20 1.03 960.362
car -1 -1 0.00 0.00 0.00 100.00 100.00 -1000 1.79 4.66 -5.68 -1000 10.29 1.46 956.128
car -1 -1 0.00 0.00 0.00 100.00 100.00 -1000 3.54 4.26 -9.68 -1000 25.50 0.99 954.045
car -1 -1 0.00 0.00 0.00 100.00 100.00 -1000 4.32 12.48 -10.80 -1000 26.62 0.51 953.735
car -1 -1 0.00 0.00 0.00 100.00 100.00 -1000 1.79 4.60 -4.72 -1000 7.91 -0.11 950.288
car -1 -1 0.00 0.00 0.00 100.00 100.00 -1000 8.41 37.84 -13.57 -1000 28.89 -0.29 947.689
car -1 -1 0.00 0.00 0.00 100.00 100.00 -1000 1.61 3.93 -6.34 -1000 8.44 1.56 941.209
car -1 -1 0.00 0.00 0.00 100.00 100.00 -1000 2.01 6.42 -6.04 -1000 12.95 1.36 941.000
car -1 -1 0.00 0.00 0.00 100.00 100.00 -1000 20.32 719.15 -14.21 -1000 17.35 0.18 940.174
car -1 -1 0.00 0.00 0.00 100.00 100.00 -1000 1.59 3.85 -7.69 -1000 10.36 1.56 935.013
car -1 -1 0.00 0.00 0.00 100.00 100.00 -1000 6.54 65.40 -9.39 -1000 25.41 0.83 932.800
car -1 -1 0.00 0.00 0.00 100.00 100.00 -1000 1.66 4.16 -3.49 -1000 43.93 -0.02 929.195
car -1 -1 0.00 0.00 0.00 100.00 100.00 -1000 1.71 4.19 2.24 -1000 44.17 1.55 926.290
car -1 -1 0.00 0.00 0.00 100.00 100.00 -1000 1.96 6.34 -5.03 -1000 36.74 1.45 924.546
car -1 -1 0.00 0.00 0.00 100.00 100.00 -1000 17.65 592.84 -10.89 -1000 26.81 0.19 921.662
car -1 -1 0.00 0.00 0.00 100.00 100.00 -1000 2.03 6.43 -4.88 -1000 35.55 1.41 913.635
car -1 -1 0.00 0.00 0.00 100.00 100.00 -1000 8.96 42.80 -17.47 -1000 20.91 -0.27 909.669
car -1 -1 0.00 0.00 0.00 100.00 100.00 -1000 1.48 3.94 -2.88 -1000 12.19 1.41 906.611
car -1 -1 0.00 0.00 0.00 100.00 100.00 -1000 6.06 4.90 -13.61 -1000 17.54 0.66 897.385
car -1 -1 0.00 0.00 0.00 100.00 100.00 -1000 1.96 5.30 -6.71 -1000 10.99 1.48 890.908
car -1 -1 0.00 0.00 0.00 100.00 100.00 -1000 1.63 3.74 -5.86 -1000 21.71 1.52 886.384
car -1 -1 0.00 0.00 0.00 100.00 100.00 -1000 5.51 18.77 -14.90 -1000 17.45 0.31 885.377
car -1 -1 0.00 0.00 0.00 100.00 100.00 -1000 6.07 56.47 -12.20 -1000 17.41 0.82 884.587
car -1 -1 0.00 0.00 0.00 100.00 100.00 -1000 4.24 12.81 -13.70 -1000 18.57 0.59 884.099
car -1 -1 0.00 0.00 0.00 100.00 100.00 -1000 1.56 3.94 -2.11 -1000 45.17 1.59 879.093
car -1 -1 0.00 0.00 0.00 100.00 100.00 -1000 1.68 4.12 -4.32 -1000 45.12 1.45 873.549
car -1 -1 0.00 0.00 0.00 100.00 100.00 -1000 1.70 4.62 -5.51 -1000 9.21 1.61 867.414
car -1 -1 0.00 0.00 0.00 100.00 100.00 -1000 1.63 3.74 -7.52 -1000 20.80 1.50 865.223
car -1 -1 0.00 0.00 0.00 100.00 100.00 -1000 3.41 4.51 -12.57 -1000 17.50 1.02 854.935
car -1 -1 0.00 0.00 0.00 100.00 100.00 -1000 1.68 4.47 7.35 -1000 28.39 1.59 848.957
car -1 -1 0.00 0.00 0.00 100.00 100.00 -1000 9.15 136.29 -12.75 -1000 15.88 0.69 847.162
car -1 -1 0.00 0.00 0.00 100.00 100.00 -1000 2.53 12.35 -2.98 -1000 36.75 1.44 846.880
car -1 -1 0.00 0.00 0.00 100.00 100.00 -1000 4.16 13.71 -11.61 -1000 24.99 0.61 846.459
car -1 -1 0.00 0.00 0.00 100.00 100.00 -1000 3.26 12.91 -6.76 -1000 35.81 0.86 838.270
car -1 -1 0.00 0.00 0.00 100.00 100.00 -1000 1.76 4.50 4.27 -1000 20.41 1.47 823.098
car -1 -1 0.00 0.00 0.00 100.00 100.00 -1000 1.65 4.49 -2.62 -1000 34.98 1.63 813.681
car -1 -1 0.00 0.00 0.00 100.00 100.00 -1000 2.55 5.88 -9.54 -1000 23.87 1.18 805.642
car -1 -1 0.00 0.00 0.00 100.00 100.00 -1000 1.77 2.40 -10.48 -1000 27.35 0.88 805.433
car -1 -1 0.00 0.00 0.00 100.00 100.00 -1000 1.64 4.05 -4.06 -1000 16.83 0.04 803.460
car -1 -1 0.00 0.00 0.00 100.00 100.00 -1000 3.59 19.22 -11.35 -1000 15.99 1.16 801.364
car -1 -1 0.00 0.00 0.00 100.00 100.00 -1000 1.59 4.29 -3.46 -1000 19.71 1.46 799.673
car -1 -1 0.00 0.00 0.00 100.00 100.00 -1000 1.76 5.15 -3.76 -1000 36.23 1.65 796.227
car -1 -1 0.00 0.00 0.00 100.00 100.00 -1000 1.49 3.86 -3.44 -1000 12.91 1.40 795.982
car -1 -1 0.00 0.00 0.00 100.00 100.00 -1000 5.29 6.27 -10.48 -1000 27.04 0.69 786.160
car -1 -1 0.00 0.00 0.00 100.00 100.00 -1000 3.64 21.16 -8.28 -1000 23.82 1.05 781.336
car -1 -1 0.00 0.00 0.00 100.00 100.00 -1000 1.73 4.83 -6.00 -1000 13.86 1.39 773.528
car -1 -1 0.00 0.00 0.00 100.00 100.00 -1000 1.75 4.61 -6.80 -1000 19.72 1.38 773.453
car -1 -1 0.00 0.00 0.00 100.00 100.00 -1000 4.18 5.86 -12.07 -1000 24.17 0.71 772.890
car -1 -1 0.00 0.00 0.00 100.00 100.00 -1000 1.66 3.87 -5.23 -1000 20.93 -0.27 772.515
car -1 -1 0.00 0.00 0.00 100.00 100.00 -1000 2.00 6.41 -7.92 -1000 22.45 1.28 770.429
car -1 -1 0.00 0.00 0.00 100.00 100.00 -1000 1.70 4.22 2.20 -1000 38.99 1.50 766.466
car -1 -1 0.00 0.00 0.00 100.00 100.00 -1000 1.78 4.45 -9.84 -1000 16.19 1.44 765.731
car -1 -1 0.00 0.00 0.00 100.00 100.00 -1000 2.80 12.20 -9.28 -1000 20.82 1.23 761.803
car -1 -1 0.00 0.00 0.00 100.00 100.00 -1000 1.67 4.39 -7.38 -1000 9.29 1.55 757.737
car -1 -1 0.00 0.00 0.00 100.00 100.00 -1000 1.76 4.75 -8.88 -1000 21.16 1.45 750.730
car -1 -1 0.00 0.00 0.00 100.00 100.00 -1000 2.00 6.25 -0.26 -1000 38.31 1.44 733.960
car -1 -1 0.00 0.00 0.00 100.00 100.00 -1000 4.34 31.34 -6.20 -1000 36.78 0.97 729.641
car -1 -1 0.00 0.00 0.00 100.00 100.00 -1000 1.64 4.00 2.79 -1000 18.11 1.55 728.270
car -1 -1 0.00 0.00 0.00 100.00 100.00 -1000 13.30 14.07 -10.20 -1000 26.28 0.24 725.135
car -1 -1 0.00 0.00 0.00 100.00 100.00 -1000 1.66 4.00 5.05 -1000 17.42 1.67 721.408
car -1 -1 0.00 0.00 0.00 100.00 100.00 -1000 2.90 13.10 -5.53 -1000 33.76 1.18 703.571
car -1 -1 0.00 0.00 0.00 100.00 100.00 -1000 3.70 13.31 -8.50 -1000 29.65 0.69 700.398
car -1 -1 0.00 0.00 0.00 100.00 100.00 -1000 1.92 7.38 -2.11 -1000 35.76 1.59 685.241
car -1 -1 0.00 0.00 0.00 100.00 100.00 -1000 1.60 3.77 -6.12 -1000 7.52 1.57 683.691
car -1 -1 0.00 0.00 0.00 100.00 100.00 -1000 1.69 4.22 8.04 -1000 26.87 -0.14 680.596
car -1 -1 0.00 0.00 0.00 100.00 100.00 -1000 1.76 5.03 -0.60 -1000 45.38 1.59 667.428
car -1 -1 0.00 0.00 0.00 100.00 100.00 -1000 1.55 4.10 -2.26 -1000 33.77 1.67 653.787
car -1 -1 0.00 0.00 0.00 100.00 100.00 -1000 3.51 6.16 -12.38 -1000 22.53 0.81 637.910
car -1 -1 0.00 0.00 0.00 100.00 100.00 -1000 1.90 5.42 -5.52 -1000 33.40 1.53 637.096
car -1 -1 0.00 0.00 0.00 100.00 100.00 -1000 1.85 5.25 4.10 -1000 18.73 1.41 634.679
car -1 -1 0.00 0.00 0.00 100.00 100.00 -1000 2.05 9.97 -10.28 -1000 25.63 0.55 629.253
car -1 -1 0.00 0.00 0.00 100.00 100.00 -1000 1.70 4.55 8.73 -1000 28.00 1.68 621.912
car -1 -1 0.00 0.00 0.00 100.00 100.00 -1000 2.91 14.42 -7.27 -1000 25.66 1.14 619.337
car -1 -1 0.00 0.00 0.00 100.00 100.00 -1000 1.70 4.57 1.04 -1000 44.77 1.57 619.231
car -1 -1 0.00 0.00 0.00 100.00 100.00 -1000 1.77 4.56 -9.46 -1000 17.06 1.47 615.756
car -1 -1 0.00 0.00 0.00 100.00 100.00 -1000 11.67 335.54 -11.95 -1000 27.04 0.22 612.301
car -1 -1 0.00 0.00 0.00 100.00 100.00 -1000 6.77 97.61 -11.28 -1000 22.38 0.56 610.917
car -1 -1 0.00 0.00 0.00 100.00 100.00 -1000 1.68 4.36 -5.37 -1000 22.41 1.45 609.502
car -1 -1 0.00 0.00 0.00 100.00 100.00 -1000 1.88 5.39 -5.18 -1000 46.19 1.36 607.732
car -1 -1 0.00 0.00 0.00 100.00 100.00 -1000 3.32 13.24 -7.80 -1000 37.47 0.78 604.100
car -1 -1 0.00 0.00 0.00 100.00 100.00 -1000 3.72 23.10 -9.78 -1000 22.28 1.13 579.404
car -1 -1 0.00 0.00 0.00 100.00 100.00 -1000 6.58 6.94 -15.32 -1000 19.05 0.56 571.166
car -1 -1 0.00 0.00 0.00 100.00 100.00 -1000 4.47 4.50 -16.01 -1000 16.19 0.61 564.249
car -1 -1 0.00 0.00 0.00 100.00 100.00 -1000 2.01 6.57 -0.77 -1000 46.59 1.38 563.497
car -1 -1 0.00 0.00 0.00 100.00 100.00 -1000 2.01 6.48 -5.18 -1000 17.89 1.50 561.458
car -1 -1 0.00 0.00 0.00 100.00 100.00 -1000 1.66 4.46 5.84 -1000 11.97 1.54 560.321
car -1 -1 0.00 0.00 0.00 100.00 100.00 -1000 3.25 5.97 -9.47 -1000 40.26 0.81 552.292
car -1 -1 0.00 0.00 0.00 100.00 100.00 -1000 1.71 4.40 -7.55 -1000 14.46 1.43 551.669
car -1 -1 0.00 0.00 0.00 100.00 100.00 -1000 2.70 6.02 -9.31 -1000 41.90 0.95 549.669
car -1 -1 0.00 0.00 0.00 100.00 100.00 -1000 1.82 4.98 -8.43 -1000 20.05 1.40 548.355
car -1 -1 0.00 0.00 0.00 100.00 100.00 -1000 3.32 6.02 -9.59 -1000 37.01 0.79 540.669
car -1 -1 0.00 0.00 0.00 100.00 100.00 -1000 8.11 143.86 -13.14 -1000 19.02 0.51 533.510
car -1 -1 0.00 0.00 0.00 100.00 100.00 -1000 1.61 3.83 5.35 -1000 19.75 -0.38 530.819
car -1 -1 0.00 0.00 0.00 100.00 100.00 -1000 3.63 24.49 -6.51 -1000 40.13 1.01 528.387
car -1 -1 0.00 0.00 0.00 100.00 100.00 -1000 3.45 5.99 -9.58 -1000 38.63 0.76 526.164
car -1 -1 0.00 0.00 0.00 100.00 100.00 -1000 1.83 4.32 -11.18 -1000 16.92 1.43 516.247
car -1 -1 0.00 0.00 0.00 100.00 100.00 -1000 1.66 4.65 -3.24 -1000 20.68 1.39 512.814
car -1 -1 0.00 0.00 0.00 100.00 100.00 -1000 7.18 71.85 -15.03 -1000 30.67 -0.50 511.949
car -1 -1 0.00 0.00 0.00 100.00 100.00 -1000 1.70 4.30 9.29 -1000 35.50 1.61 506.977
car -1 -1 0.00 0.00 0.00 100.00 100.00 -1000 2.38 9.83 -10.45 -1000 17.44 1.26 502.431
car -1 -1 0.00 0.00 0.00 100.00 100.00 -1000 1.38 3.49 -2.80 -1000 10.71 1.49 499.724
car -1 -1 0.00 0.00 0.00 100.00 100.00 -1000 4.16 32.44 -6.69 -1000 38.47 0.93 491.485
car -1 -1 0.00 0.00 0.00 100.00 100.00 -1000 1.98 6.06 3.95 -1000 21.14 1.50 490.472
car -1 -1 0.00 0.00 0.00 100.00 100.00 -1000 13.82 49.49 -10.17 -1000 27.27 0.45 483.344
car -1 -1 0.00 0.00 0.00 100.00 100.00 -1000 1.80 4.98 -5.94 -1000 14.83 1.47 479.134
car -1 -1 0.00 0.00 0.00 100.00 100.00 -1000 1.48 4.56 6.55 -1000 10.32 0.24 478.228
car -1 -1 0.00 0.00 0.00 100.00 100.00 -1000 5.63 29.98 -10.71 -1000 31.77 0.02 475.831
car -1 -1 0.00 0.00 0.00 100.00 100.00 -1000 1.90 8.43 7.30 -1000 23.01 1.40 474.851
car -1 -1 0.00 0.00 0.00 100.00 100.00 -1000 2.94 7.34 -9.42 -1000 21.81 1.18 473.963
car -1 -1 0.00 0.00 0.00 100.00 100.00 -1000 2.08 6.99 -6.02 -1000 25.75 1.33 473.790
car -1 -1 0.00 0.00 0.00 100.00 100.00 -1000 1.86 5.37 -5.35 -1000 44.16 1.41 465.336
car -1 -1 0.00 0.00 0.00 100.00 100.00 -1000 6.78 106.78 -8.24 -1000 36.91 0.53 462.083
car -1 -1 0.00 0.00 0.00 100.00 100.00 -1000 1.68 4.73 -4.23 -1000 21.80 1.46 456.883
car -1 -1 0.00 0.00 0.00 100.00 100.00 -1000 1.81 2.71 -13.42 -1000 19.20 0.99 453.791
car -1 -1 0.00 0.00 0.00 100.00 100.00 -1000 1.68 4.49 5.52 -1000 18.25 1.66 442.491
car -1 -1 0.00 0.00 0.00 100.00 100.00 -1000 1.72 4.27 4.99 -1000 16.50 1.51 436.508
car -1 -1 0.00 0.00 0.00 100.00 100.00 -1000 1.92 8.51 7.05 -1000 21.43 1.43 435.986
car -1 -1 0.00 0.00 0.00 100.00 100.00 -1000 2.10 9.85 -4.39 -1000 37.62 1.32 432.937
car -1 -1 0.00 0.00 0.00 100.00 100.00 -1000 1.64 3.05 -9.38 -1000 26.40 1.29 431.178
car -1 -1 0.00 0.00 0.00 100.00 100.00 -1000 3.24 12.60 -8.17 -1000 39.12 0.76 430.408
car -1 -1 0.00 0.00 0.00 100.00 100.00 -1000 5.80 76.48 -8.13 -1000 35.32 0.61 429.068
car -1 -1 0.00 0.00 0.00 100.00 100.00 -1000 3.72 16.79 -9.42 -1000 27.97 0.68 428.522
car -1 -1 0.00 0.00 0.00 100.00 100.00 -1000 3.02 12.03 -11.27 -1000 22.87 0.97 423.827
car -1 -1 0.00 0.00 0.00 100.00 100.00 -1000 9.00 206.38 -8.55 -1000 30.42 0.35 416.987
car -1 -1 0.00 0.00 0.00 100.00 100.00 -1000 1.60 3.80 -2.41 -1000 32.68 1.66 415.676
car -1 -1 0.00 0.00 0.00 100.00 100.00 -1000 1.47 3.63 -2.36 -1000 18.39 1.59 411.616
car -1 -1 0.00 0.00 0.00 100.00 100.00 -1000 1.54 3.73 -1.94 -1000 44.34 1.66 410.114
car -1 -1 0.00 0.00 0.00 100.00 100.00 -1000 1.85 5.19 2.13 -1000 45.39 1.49 405.685
car -1 -1 0.00 0.00 0.00 100.00 100.00 -1000 1.92 6.03 3.38 -1000 19.50 1.51 402.992
car -1 -1 0.00 0.00 0.00 100.00 100.00 -1000 2.68 12.85 -6.48 -1000 41.82 1.18 402.776
car -1 -1 0.00 0.00 0.00 100.00 100.00 -1000 1.65 4.04 2.28 -1000 18.80 1.51 400.608
car -1 -1 0.00 0.00 0.00 100.00 100.00 -1000 2.70 7.56 -9.55 -1000 24.80 1.03 399.542
car -1 -1 0.00 0.00 0.00 100.00 100.00 -1000 1.95 5.69 4.01 -1000 23.94 1.41 397.402
car -1 -1 0.00 0.00 0.00 100.00 100.00 -1000 3.01 6.24 -9.71 -1000 35.40 0.84 393.079
car -1 -1 0.00 0.00 0.00 100.00 100.00 -1000 1.85 7.88 7.29 -1000 19.82 1.44 390.116
car -1 -1 0.00 0.00 0.00 100.00 100.00 -1000 4.38 20.99 -10.31 -1000 41.26 0.30 387.564
car -1 -1 0.00 0.00 0.00 100.00 100.00 -1000 1.91 5.76 1.50 -1000 39.79 1.52 386.621
car -1 -1 0.00 0.00 0.00 100.00 100.00 -1000 1.89 5.79 -8.46 -1000 11.34 1.47 386.308
car -1 -1 0.00 0.00 0.00 100.00 100.00 -1000 1.87 2.29 -12.06 -1000 28.21 0.61 385.495
car -1 -1 0.00 0.00 0.00 100.00 100.00 -1000 1.64 3.98 -8.68 -1000 25.34 1.09 384.831
car -1 -1 0.00 0.00 0.00 100.00 100.00 -1000 20.78 22.44 -14.32 -1000 18.31 0.00 383.193
car -1 -1 0.00 0.00 0.00 100.00 100.00 -1000 1.66 3.57 -12.43 -1000 17.97 1.36 381.984
car -1 -1 0.00 0.00 0.00 100.00 100.00 -1000 1.83 4.66 3.34 -1000 44.71 1.48 380.003
car -1 -1 0.00 0.00 0.00 100.00 100.00 -1000 6.28 92.99 -8.35 -1000 40.18 0.57 370.129
car -1 -1 0.00 0.00 0.00 100.00 100.00 -1000 2.09 8.77 0.12 -1000 20.81 1.39 365.691
car -1 -1 0.00 0.00 0.00 100.00 100.00 -1000 4.53 30.58 -16.86 -1000 23.71 0.08 360.541
car -1 -1 0.00 0.00 0.00 100.00 100.00 -1000 3.14 16.74 -6.42 -1000 32.15 1.15 351.956
car -1 -1 0.00 0.00 0.00 100.00 100.00 -1000 1.54 3.89 -5.34 -1000 6.98 1.60 348.396
car -1 -1 0.00 0.00 0.00 100.00 100.00 -1000 2.77 29.13 -14.94 -1000 19.63 -0.54 342.710
car -1 -1 0.00 0.00 0.00 100.00 100.00 -1000 2.09 8.02 -8.84 -1000 42.90 0.42 341.374
car -1 -1 0.00 0.00 0.00 100.00 100.00 -1000 2.06 2.94 -11.52 -1000 29.51 0.54 336.746
car -1 -1 0.00 0.00 0.00 100.00 100.00 -1000 1.55 4.58 -0.58 -1000 33.21 1.57 330.591
car -1 -1 0.00 0.00 0.00 100.00 100.00 -1000 3.00 12.12 -8.21 -1000 40.65 0.86 325.801
car -1 -1 0.00 0.00 0.00 100.00 100.00 -1000 1.82 4.89 5.48 -1000 27.40 1.42 324.561
car -1 -1 0.00 0.00 0.00 100.00 100.00 -1000 2.10 7.44 -6.56 -1000 18.79 1.36 322.364
car -1 -1 0.00 0.00 0.00 100.00 100.00 -1000 2.01 15.72 -13.25 -1000 27.45 0.15 321.977
car -1 -1 0.00 0.00 0.00 100.00 100.00 -1000 4.35 21.78 -10.32 -1000 33.11 0.29 319.932
car -1 -1 0.00 0.00 0.00 100.00 100.00 -1000 9.43 11.31 -12.75 -1000 16.85 0.58 319.630
car -1 -1 0.00 0.00 0.00 100.00 100.00 -1000 3.63 5.07 -18.36 -1000 17.72 0.71 314.957
car -1 -1 0.00 0.00 0.00 100.00 100.00 -1000 2.09 7.43 -8.20 -1000 13.94 1.28 311.486
car -1 -1 0.00 0.00 0.00 100.00 100.00 -1000 3.81 6.87 -9.96 -1000 30.51 0.65 310.787
car -1 -1 0.00 0.00 0.00 100.00 100.00 -1000 2.04 2.24 -15.08 -1000 20.56 0.45 309.648
car -1 -1 0.00 0.00 0.00 100.00 100.00 -1000 1.66 4.76 4.23 -1000 7.37 1.62 309.466
car -1 -1 0.00 0.00 0.00 100.00 100.00 -1000 1.98 9.10 6.02 -1000 22.22 1.38 305.464
car -1 -1 0.00 0.00 0.00 100.00 100.00 -1000 2.13 10.25 -10.09 -1000 12.30 1.07 305.375
car -1 -1 0.00 0.00 0.00 100.00 100.00 -1000 2.18 6.28 -6.98 -1000 28.95 1.40 301.664
car -1 -1 0.00 0.00 0.00 100.00 100.00 -1000 1.91 4.90 -9.09 -1000 15.29 1.44 301.473
car -1 -1 0.00 0.00 0.00 100.00 100.00 -1000 1.80 4.88 -5.80 -1000 32.53 1.62 298.694
car -1 -1 0.00 0.00 0.00 100.00 100.00 -1000 1.61 4.79 -0.95 -1000 34.73 1.56 290.089
car -1 -1 0.00 0.00 0.00 100.00 100.00 -1000 1.98 6.01 -6.29 -1000 23.12 1.42 289.607
car -1 -1 0.00 0.00 0.00 100.00 100.00 -1000 3.13 6.74 -9.87 -1000 32.15 0.79 287.216
car -1 -1 0.00 0.00 0.00 100.00 100.00 -1000 2.19 7.17 1.36 -1000 46.22 1.39 285.629
car -1 -1 0.00 0.00 0.00 100.00 100.00 -1000 4.30 41.95 -8.21 -1000 41.84 0.77 284.549
car -1 -1 0.00 0.00 0.00 100.00 100.00 -1000 1.85 5.87 8.70 -1000 36.17 1.50 281.539
car -1 -1 0.00 0.00 0.00 100.00 100.00 -1000 1.80 5.90 -8.76 -1000 8.91 1.50 281.152
car -1 -1 0.00 0.00 0.00 100.00 100.00 -1000 3.82 22.82 -13.35 -1000 39.72 0.28 278.827
car -1 -1 0.00 0.00 0.00 100.00 100.00 -1000 1.70 4.76 7.14 -1000 11.49 1.61 277.542
car -1 -1 0.00 0.00 0.00 100.00 100.00 -1000 1.44 3.48 -5.20 -1000 12.75 -0.26 271.114
car -1 -1 0.00 0.00 0.00 100.00 100.00 -1000 1.77 7.15 7.63 -1000 18.62 1.42 269.337
car -1 -1 0.00 0.00 0.00 100.00 100.00 -1000 1.69 7.55 9.02 -1000 20.63 1.41 265.017
car -1 -1 0.00 0.00 0.00 100.00 100.00 -1000 2.21 10.05 0.22 -1000 22.04 1.29 264.249
car -1 -1 0.00 0.00 0.00 100.00 100.00 -1000 1.84 5.65 -6.30 -1000 41.89 1.41 262.807
car -1 -1 0.00 0.00 0.00 100.00 100.00 -1000 2.00 6.51 -6.40 -1000 40.19 1.33 261.408
car -1 -1 0.00 0.00 0.00 100.00 100.00 -1000 1.83 3.04 -13.44 -1000 26.32 0.56 260.496
car -1 -1 0.00 0.00 0.00 100.00 100.00 -1000 1.64 4.45 -9.76 -1000 22.04 1.20 259.651
car -1 -1 0.00 0.00 0.00 100.00 100.00 -1000 2.85 6.57 -9.85 -1000 33.78 0.85 258.894
car -1 -1 0.00 0.00 0.00 100.00 100.00 -1000 3.39 15.49 -9.81 -1000 42.57 0.59 257.062
car -1 -1 0.00 0.00 0.00 100.00 100.00 -1000 1.80 6.13 -9.59 -1000 10.43 1.34 254.139
car -1 -1 0.00 0.00 0.00 100.00 100.00 -1000 1.79 3.35 -12.01 -1000 25.71 0.87 254.132
car -1 -1 0.00 0.00 0.00 100.00 100.00 -1000 2.03 11.47 8.56 -1000 30.25 1.28 247.634
car -1 -1 0.00 0.00 0.00 100.00 100.00 -1000 1.71 5.41 6.10 -1000 20.88 1.44 240.502
car -1 -1 0.00 0.00 0.00 100.00 100.00 -1000 1.91 3.97 -10.16 -1000 28.38 1.00 237.120
car -1 -1 0.00 0.00 0.00 100.00 100.00 -1000 1.71 8.14 9.02 -1000 22.22 1.38 234.915
car -1 -1 0.00 0.00 0.00 100.00 100.00 -1000 1.77 4.93 2.95 -1000 43.24 1.38 233.781
car -1 -1 0.00 0.00 0.00 100.00 100.00 -1000 1.96 6.38 -5.91 -1000 45.45 1.36 230.877
car -1 -1 0.00 0.00 0.00 100.00 100.00 -1000 2.05 6.24 -9.26 -1000 26.59 0.86 227.903
car -1 -1 0.00 0.00 0.00 100.00 100.00 -1000 1.88 5.73 -5.43 -1000 16.20 1.52 226.948
car -1 -1 0.00 0.00 0.00 100.00 100.00 -1000 1.70 6.39 9.66 -1000 28.67 1.46 226.740
car -1 -1 0.00 0.00 0.00 100.00 100.00 -1000 1.64 3.73 3.41 -1000 17.09 0.15 225.356
car -1 -1 0.00 0.00 0.00 100.00 100.00 -1000 30.54 146.77 -11.27 -1000 27.54 -0.08 223.839
car -1 -1 0.00 0.00 0.00 100.00 100.00 -1000 1.96 6.16 -7.28 -1000 23.95 1.47 222.598
car -1 -1 0.00 0.00 0.00 100.00 100.00 -1000 2.07 6.60 5.32 -1000 28.58 1.32 221.745
car -1 -1 0.00 0.00 0.00 100.00 100.00 -1000 1.89 6.27 -3.70 -1000 32.14 1.45 221.548
car -1 -1 0.00 0.00 0.00 100.00 100.00 -1000 2.15 7.78 -9.97 -1000 19.57 1.41 217.826
car -1 -1 0.00 0.00 0.00 100.00 100.00 -1000 1.67 4.68 -2.17 -1000 20.17 1.54 217.407
car -1 -1 0.00 0.00 0.00 100.00 100.00 -1000 1.75 7.94 10.25 -1000 29.51 1.39 216.617
car -1 -1 0.00 0.00 0.00 100.00 100.00 -1000 1.81 4.95 9.94 -1000 34.78 1.61 216.577
car -1 -1 0.00 0.00 0.00 100.00 100.00 -1000 2.25 9.55 3.10 -1000 27.38 1.25 214.978
car -1 -1 0.00 0.00 0.00 100.00 100.00 -1000 5.29 87.23 -15.93 -1000 14.37 0.72 213.115
car -1 -1 0.00 0.00 0.00 100.00 100.00 -1000 1.57 4.25 -5.11 -1000 11.92 -0.04 212.844
car -1 -1 0.00 0.00 0.00 100.00 100.00 -1000 1.85 7.07 7.20 -1000 29.25 1.42 211.264
car -1 -1 0.00 0.00 0.00 100.00 100.00 -1000 1.93 5.38 -5.63 -1000 42.76 1.40 210.169
car -1 -1 0.00 0.00 0.00 100.00 100.00 -1000 1.75 7.98 8.02 -1000 23.89 1.35 210.103
car -1 -1 0.00 0.00 0.00 100.00 100.00 -1000 2.28 9.55 -6.03 -1000 38.41 1.40 209.889
car -1 -1 0.00 0.00 0.00 100.00 100.00 -1000 1.67 7.24 9.42 -1000 19.34 1.42 209.777
car -1 -1 0.00 0.00 0.00 100.00 100.00 -1000 1.80 7.57 6.85 -1000 41.24 1.37 209.536
car -1 -1 0.00 0.00 0.00 100.00 100.00 -1000 1.83 8.26 8.51 -1000 13.79 1.37 208.706
car -1 -1 0.00 0.00 0.00 100.00 100.00 -1000 1.83 7.91 -8.89 -1000 44.60 0.88 208.437
car -1 -1 0.00 0.00 0.00 100.00 100.00 -1000 1.72 4.20 5.46 -1000 10.75 0.02 207.767
car -1 -1 0.00 0.00 0.00 100.00 100.00 -1000 1.94 6.06 2.97 -1000 23.23 1.38 207.752
car -1 -1 0.00 0.00 0.00 100.00 100.00 -1000 2.44 8.91 -0.15 -1000 37.27 1.38 205.788
car -1 -1 0.00 0.00 0.00 100.00 100.00 -1000 5.62 123.31 -11.82 -1000 32.01 0.58 204.278
car -1 -1 0.00 0.00 0.00 100.00 100.00 -1000 1.98 5.99 4.87 -1000 26.45 1.36 202.364
car -1 -1 0.00 0.00 0.00 100.00 100.00 -1000 4.74 7.95 -12.55 -1000 15.52 0.83 201.115
car -1 -1 0.00 0.00 0.00 100.00 100.00 -1000 2.38 22.36 -14.41 -1000 17.99 -0.25 197.656
car -1 -1 0.00 0.00 0.00 100.00 100.00 -1000 1.66 6.65 8.33 -1000 17.81 1.40 196.547
car -1 -1 0.00 0.00 0.00 100.00 100.00 -1000 1.92 2.89 -13.46 -1000 28.30 0.39 196.224
car -1 -1 0.00 0.00 0.00 100.00 100.00 -1000 3.51 7.72 -13.92 -1000 20.71 0.76 196.199
car -1 -1 0.00 0.00 0.00 100.00 100.00 -1000 1.83 9.15 7.42 -1000 14.95 1.33 195.238
car -1 -1 0.00 0.00 0.00 100.00 100.00 -1000 1.79 3.71 -13.52 -1000 24.25 0.67 194.394
car -1 -1 0.00 0.00 0.00 100.00 100.00 -1000 1.82 7.90 5.65 -1000 42.43 1.35 192.340
car -1 -1 0.00 0.00 0.00 100.00 100.00 -1000 1.90 8.89 -12.88 -1000 16.21 0.66 187.034
car -1 -1 0.00 0.00 0.00 100.00 100.00 -1000 2.00 7.83 -10.99 -1000 11.30 1.20 184.767
car -1 -1 0.00 0.00 0.00 100.00 100.00 -1000 2.08 7.65 -6.66 -1000 43.46 1.31 179.400
car -1 -1 0.00 0.00 0.00 100.00 100.00 -1000 6.48 32.35 -9.23 -1000 43.54 0.56 178.772
car -1 -1 0.00 0.00 0.00 100.00 100.00 -1000 2.31 7.30 -7.48 -1000 33.82 1.07 178.487
car -1 -1 0.00 0.00 0.00 100.00 100.00 -1000 2.52 34.04 -15.52 -1000 21.24 -0.54 178.438
car -1 -1 0.00 0.00 0.00 100.00 100.00 -1000 3.95 17.51 -17.69 -1000 15.71 0.33 175.715
car -1 -1 0.00 0.00 0.00 100.00 100.00 -1000 6.89 15.34 -11.20 -1000 21.80 0.40 175.025
car -1 -1 0.00 0.00 0.00 100.00 100.00 -1000 2.07 6.62 -6.67 -1000 24.84 1.43 174.539
car -1 -1 0.00 0.00 0.00 100.00 100.00 -1000 1.93 6.19 -6.85 -1000 15.67 1.42 174.189
car -1 -1 0.00 0.00 0.00 100.00 100.00 -1000 2.86 6.72 -15.77 -1000 25.71 0.88 174.021
car -1 -1 0.00 0.00 0.00 100.00 100.00 -1000 2.25 8.54 3.17 -1000 25.49 1.29 174.019
car -1 -1 0.00 0.00 0.00 100.00 100.00 -1000 1.69 5.45 -9.88 -1000 43.93 1.12 172.049
car -1 -1 0.00 0.00 0.00 100.00 100.00 -1000 1.70 5.58 -2.68 -1000 45.86 1.47 170.960
car -1 -1 0.00 0.00 0.00 100.00 100.00 -1000 1.81 5.39 4.54 -1000 38.70 1.33 169.948
car -1 -1 0.00 0.00 0.00 100.00 100.00 -1000 1.92 5.64 -8.15 -1000 36.14 0.98 169.723
car -1 -1 0.00 0.00 0.00 100.00 100.00 -1000 1.91 8.62 6.51 -1000 39.98 1.29 169.062
car -1 -1 0.00 0.00 0.00 100.00 100.00 -1000 1.96 9.67 6.32 -1000 31.50 1.27 167.706
car -1 -1 0.00 0.00 0.00 100.00 100.00 -1000 2.72 8.66 -15.02 -1000 16.97 -0.59 166.583
car -1 -1 0.00 0.00 0.00 100.00 100.00 -1000 22.41 98.48 -13.59 -1000 17.91 0.20 165.746
car -1 -1 0.00 0.00 0.00 100.00 100.00 -1000 19.09 97.11 -12.07 -1000 26.05 0.01 165.067
car -1 -1 0.00 0.00 0.00 100.00 100.00 -1000 2.00 6.09 7.59 -1000 26.02 1.69 165.054
car -1 -1 0.00 0.00 0.00 100.00 100.00 -1000 1.57 5.50 10.42 -1000 27.59 1.43 164.976
car -1 -1 0.00 0.00 0.00 100.00 100.00 -1000 1.89 3.31 -13.59 -1000 29.74 0.33 163.333
car -1 -1 0.00 0.00 0.00 100.00 100.00 -1000 2.14 9.42 -7.03 -1000 34.82 0.80 162.479
car -1 -1 0.00 0.00 0.00 100.00 100.00 -1000 2.18 7.30 -8.83 -1000 13.03 1.29 161.001
car -1 -1 0.00 0.00 0.00 100.00 100.00 -1000 1.86 5.83 2.00 -1000 17.49 1.44 160.681
car -1 -1 0.00 0.00 0.00 100.00 100.00 -1000 3.55 23.33 -13.50 -1000 34.76 0.33 159.017
car -1 -1 0.00 0.00 0.00 100.00 100.00 -1000 4.14 9.43 -6.81 -1000 31.55 0.88 158.563
car -1 -1 0.00 0.00 0.00 100.00 100.00 -1000 2.39 12.34 -1.62 -1000 47.25 1.23 157.484
car -1 -1 0.00 0.00 0.00 100.00 100.00 -1000 1.56 4.87 0.15 -1000 33.95 1.56 157.262
car -1 -1 0.00 0.00 0.00 100.00 100.00 -1000 11.19 59.95 -9.24 -1000 42.06 0.24 156.448
car -1 -1 0.00 0.00 0.00 100.00 100.00 -1000 1.77 6.39 1.65 -1000 20.08 1.46 155.768
car -1 -1 0.00 0.00 0.00 100.00 100.00 -1000 1.82 16.07 -14.08 -1000 24.24 0.00 155.289
car -1 -1 0.00 0.00 0.00 100.00 100.00 -1000 2.04 7.11 2.61 -1000 22.38 1.40 155.029
car -1 -1 0.00 0.00 0.00 100.00 100.00 -1000 1.77 3.85 -10.49 -1000 38.74 0.65 154.835
car -1 -1 0.00 0.00 0.00 100.00 100.00 -1000 2.09 7.46 -6.63 -1000 17.26 1.41 149.798
car -1 -1 0.00 0.00 0.00 100.00 100.00 -1000 1.73 6.74 7.26 -1000 12.45 1.40 148.600
car -1 -1 0.00 0.00 0.00 100.00 100.00 -1000 2.36 6.28 1.51 -1000 28.99 1.16 146.463
car -1 -1 0.00 0.00 0.00 100.00 100.00 -1000 1.51 2.97 -8.79 -1000 27.68 0.65 146.339
car -1 -1 0.00 0.00 0.00 100.00 100.00 -1000 1.70 5.08 -5.11 -1000 19.27 1.49 145.623
car -1 -1 0.00 0.00 0.00 100.00 100.00 -1000 1.99 2.26 -16.99 -1000 20.96 0.20 145.235
car -1 -1 0.00 0.00 0.00 100.00 100.00 -1000 1.87 6.72 -7.79 -1000 7.85 1.46 143.885
car -1 -1 0.00 0.00 0.00 100.00 100.00 -1000 2.56 30.41 -9.90 -1000 29.18 -0.27 142.298
car -1 -1 0.00 0.00 0.00 100.00 100.00 -1000 1.77 3.71 -10.50 -1000 40.45 0.61 139.972
car -1 -1 0.00 0.00 0.00 100.00 100.00 -1000 1.61 6.65 8.59 -1000 16.97 1.41 139.900
car -1 -1 0.00 0.00 0.00 100.00 100.00 -1000 1.82 5.89 4.67 -1000 6.47 1.57 139.623
car -1 -1 0.00 0.00 0.00 100.00 100.00 -1000 2.04 7.40 -6.86 -1000 30.24 1.28 139.537
car -1 -1 0.00 0.00 0.00 100.00 100.00 -1000 2.43 8.09 -7.03 -1000 27.29 1.34 135.538
car -1 -1 0.00 0.00 0.00 100.00 100.00 -1000 71.37 384.92 -15.06 -1000 19.84 -0.58 135.444
car -1 -1 0.00 0.00 0.00 100.00 100.00 -1000 2.10 2.95 -16.52 -1000 22.02 0.34 135.392
car -1 -1 0.00 0.00 0.00 100.00 100.00 -1000 1.73 7.09 7.20 -1000 44.49 1.37 135.251
