car -1 -1 0.00 0.00 0.00 100.00 100.00 -1000 1.48 4.05 -4.60 -1000 20.80 1.27 999.988
car -1 -1 0.00 0.00 0.00 100.00 100.00 -1000 1.64 4.14 -4.20 -1000 21.63 1.42 999.419
car -1 -1 0.00 0.00 0.00 100.00 100.00 -1000 1.60 3.71 -6.92 -1000 9.59 1.60 999.313
car -1 -1 0.00 0.00 0.00 100.00 100.00 -1000 1.71 5.00 -4.34 -1000 22.37 1.50 996.719
car -1 -1 0.00 0.00 0.00 100.00 100.00 -1000 1.57 3.58 -6.64 -1000 8.67 1.61 996.087
car -1 -1 0.00 0.00 0.00 100.00 100.00 -1000 1.62 3.98 -7.14 -1000 10.69 1.52 995.026
car -1 -1 0.00 0.00 0.00 100.00 100.00 -1000 1.59 4.13 -4.86 -1000 20.03 -0.02 992.114
car -1 -1 0.00 0.00 0.00 100.00 100.00 -1000 4.62 33.21 -10.72 -1000 36.81 0.94 987.837
car -1 -1 0.00 0.00 0.00 100.00 100.00 -1000 2.19 7.18 -10.42 -1000 36.95 1.38 987.207
car -1 -1 0.00 0.00 0.00 100.00 100.00 -1000 1.64 4.33 4.54 -1000 13.38 0.05 986.050
car -1 -1 0.00 0.00 0.00 100.00 100.00 -1000 1.68 4.35 -7.82 -1000 11.50 1.58 984.429
car -1 -1 0.00 0.00 0.00 100.00 100.00 -1000 1.59 3.83 4.05 -1000 14.22 1.62 983.323
car -1 -1 0.00 0.00 0.00 100.00 100.00 -1000 1.58 3.87 -5.61 -1000 8.17 1.50 978.619
car -1 -1 0.00 0.00 0.00 100.00 100.00 -1000 1.68 4.33 -7.94 -1000 12.37 1.55 971.730
car -1 -1 0.00 0.00 0.00 100.00 100.00 -1000 1.53 3.95 -5.90 -1000 10.21 1.47 970.624
car -1 -1 0.00 0.00 0.00 100.00 100.00 -1000 1.61 3.85 -10.74 -1000 36.85 1.40 969.280
car -1 -1 0.00 0.00 0.00 100.00 100.00 -1000 2.89 12.71 -6.08 -1000 23.96 1.22 969.154
car -1 -1 0.00 0.00 0.00 100.00 100.00 -1000 5.73 49.14 -6.33 -1000 22.32 0.87 962.891
car -1 -1 0.00 0.00 0.00 100.00 100.00 -1000 1.77 4.71 -5.59 -1000 21.35 1.47 960.409
car -1 -1 0.00 0.00 0.00 100.00 100.00 -1000 3.53 12.08 -12.91 -1000 37.84 0.67 952.517
car -1 -1 0.00 0.00 0.00 100.00 100.00 -1000 1.60 3.64 2.13 -1000 19.32 1.58 944.725
car -1 -1 0.00 0.00 0.00 100.00 100.00 -1000 1.64 4.55 -6.46 -1000 12.07 1.41 935.450
car -1 -1 0.00 0.00 0.00 100.00 100.00 -1000 1.73 4.73 -5.18 -1000 23.08 1.52 931.502
car -1 -1 0.00 0.00 0.00 100.00 100.00 -1000 1.57 3.81 10.38 -1000 14.17 1.57 929.462
car -1 -1 0.00 0.00 0.00 100.00 100.00 -1000 2.82 11.63 -5.86 -1000 22.37 1.31 927.760
car -1 -1 0.00 0.00 0.00 100.00 100.00 -1000 2.96 13.52 -2.58 -1000 24.59 1.37 924.678
car -1 -1 0.00 0.00 0.00 100.00 100.00 -1000 1.82 4.48 -7.27 -1000 39.55 1.49 922.656
car -1 -1 0.00 0.00 0.00 100.00 100.00 -1000 1.53 4.00 -5.70 -1000 9.23 1.56 921.791
car -1 -1 0.00 0.00 0.00 100.00 100.00 -1000 2.04 6.03 -6.69 -1000 22.36 1.45 921.284
car -1 -1 0.00 0.00 0.00 100.00 100.00 -1000 1.70 4.65 -8.10 -1000 9.99 1.52 918.334
car -1 -1 0.00 0.00 0.00 100.00 100.00 -1000 1.67 3.93 -8.62 -1000 30.61 1.48 918.266
car -1 -1 0.00 0.00 0.00 100.00 100.00 -1000 4.15 35.80 -8.74 -1000 14.32 0.83 910.705
car -1 -1 0.00 0.00 0.00 100.00 100.00 -1000 1.72 4.65 -7.92 -1000 13.51 1.50 901.399
car -1 -1 0.00 0.00 0.00 100.00 100.00 -1000 2.44 9.99 -1.99 -1000 23.30 1.44 897.969
car -1 -1 0.00 0.00 0.00 100.00 100.00 -1000 2.95 17.77 -8.55 -1000 12.77 0.99 896.242
car -1 -1 0.00 0.00 0.00 100.00 100.00 -1000 2.80 7.42 -10.18 -1000 14.42 1.00 891.240
car -1 -1 0.00 0.00 0.00 100.00 100.00 -1000 1.68 4.40 8.50 -1000 13.42 0.04 889.301
car -1 -1 0.00 0.00 0.00 100.00 100.00 -1000 3.48 6.39 -10.54 -1000 16.02 0.87 887.092
car -1 -1 0.00 0.00 0.00 100.00 100.00 -1000 2.31 8.09 -6.42 -1000 24.75 1.24 872.168
car -1 -1 0.00 0.00 0.00 100.00 100.00 -1000 1.59 3.81 6.31 -1000 13.40 0.07 871.891
car -1 -1 0.00 0.00 0.00 100.00 100.00 -1000 1.67 4.37 5.52 -1000 14.56 1.61 870.176
car -1 -1 0.00 0.00 0.00 100.00 100.00 -1000 6.19 15.77 -6.15 -1000 23.41 0.78 868.445
car -1 -1 0.00 0.00 0.00 100.00 100.00 -1000 2.95 12.35 -4.65 -1000 25.84 1.26 861.661
car -1 -1 0.00 0.00 0.00 100.00 100.00 -1000 6.47 84.44 -9.11 -1000 15.86 0.62 859.500
car -1 -1 0.00 0.00 0.00 100.00 100.00 -1000 1.76 5.01 -8.48 -1000 8.94 1.55 856.799
car -1 -1 0.00 0.00 0.00 100.00 100.00 -1000 1.59 3.94 10.37 -1000 13.30 -0.03 849.766
car -1 -1 0.00 0.00 0.00 100.00 100.00 -1000 1.97 7.55 -8.79 -1000 11.06 1.29 848.764
car -1 -1 0.00 0.00 0.00 100.00 100.00 -1000 3.58 14.99 -10.08 -1000 15.05 0.66 841.174
car -1 -1 0.00 0.00 0.00 100.00 100.00 -1000 1.50 3.68 -2.74 -1000 21.19 1.71 841.154
car -1 -1 0.00 0.00 0.00 100.00 100.00 -1000 2.15 9.14 -8.92 -1000 12.65 1.21 827.772
car -1 -1 0.00 0.00 0.00 100.00 100.00 -1000 1.76 4.55 -7.19 -1000 7.89 1.57 806.876
car -1 -1 0.00 0.00 0.00 100.00 100.00 -1000 2.07 7.21 -1.19 -1000 22.50 1.49 804.640
car -1 -1 0.00 0.00 0.00 100.00 100.00 -1000 5.97 34.20 -15.41 -1000 39.94 -0.08 802.644
car -1 -1 0.00 0.00 0.00 100.00 100.00 -1000 10.20 258.08 -13.33 -1000 38.32 0.31 796.783
car -1 -1 0.00 0.00 0.00 100.00 100.00 -1000 4.52 19.30 -11.07 -1000 17.04 0.35 793.880
car -1 -1 0.00 0.00 0.00 100.00 100.00 -1000 3.69 20.38 -11.08 -1000 35.66 1.13 788.101
car -1 -1 0.00 0.00 0.00 100.00 100.00 -1000 1.38 3.09 -11.02 -1000 36.17 1.50 784.887
car -1 -1 0.00 0.00 0.00 100.00 100.00 -1000 3.58 24.57 -3.31 -1000 25.78 1.18 772.397
car -1 -1 0.00 0.00 0.00 100.00 100.00 -1000 1.83 5.25 -4.00 -1000 23.57 1.57 755.757
car -1 -1 0.00 0.00 0.00 100.00 100.00 -1000 1.65 4.42 3.51 -1000 4.50 1.52 755.407
car -1 -1 0.00 0.00 0.00 100.00 100.00 -1000 1.90 4.84 -4.84 -1000 41.09 1.39 754.808
car -1 -1 0.00 0.00 0.00 100.00 100.00 -1000 1.69 4.37 7.98 -1000 14.54 1.58 750.344
car -1 -1 0.00 0.00 0.00 100.00 100.00 -1000 2.29 7.08 -6.75 -1000 23.52 1.48 750.341
car -1 -1 0.00 0.00 0.00 100.00 100.00 -1000 3.82 6.49 -11.22 -1000 17.60 0.75 746.705
car -1 -1 0.00 0.00 0.00 100.00 100.00 -1000 1.81 4.69 -10.31 -1000 37.68 1.43 739.518
car -1 -1 0.00 0.00 0.00 100.00 100.00 -1000 2.09 9.72 4.64 -1000 18.46 1.38 730.484
car -1 -1 0.00 0.00 0.00 100.00 100.00 -1000 2.17 11.68 6.06 -1000 17.60 1.34 723.859
car -1 -1 0.00 0.00 0.00 100.00 100.00 -1000 2.21 7.56 -2.74 -1000 24.44 1.55 716.889
car -1 -1 0.00 0.00 0.00 100.00 100.00 -1000 1.62 4.34 -6.66 -1000 14.14 1.46 715.050
car -1 -1 0.00 0.00 0.00 100.00 100.00 -1000 2.70 14.30 -8.38 -1000 11.42 1.03 707.854
car -1 -1 0.00 0.00 0.00 100.00 100.00 -1000 8.26 146.56 -9.62 -1000 17.48 0.46 694.641
car -1 -1 0.00 0.00 0.00 100.00 100.00 -1000 1.92 5.45 -7.06 -1000 40.47 1.43 694.321
car -1 -1 0.00 0.00 0.00 100.00 100.00 -1000 1.54 4.35 -6.69 -1000 12.94 1.52 690.276
car -1 -1 0.00 0.00 0.00 100.00 100.00 -1000 3.68 5.17 -13.98 -1000 37.07 0.77 684.471
car -1 -1 0.00 0.00 0.00 100.00 100.00 -1000 2.39 8.84 -9.25 -1000 30.55 1.31 681.924
car -1 -1 0.00 0.00 0.00 100.00 100.00 -1000 2.97 9.44 -12.82 -1000 36.30 0.91 677.724
car -1 -1 0.00 0.00 0.00 100.00 100.00 -1000 5.18 23.96 -11.83 -1000 18.86 0.15 676.808
car -1 -1 0.00 0.00 0.00 100.00 100.00 -1000 4.59 33.10 -7.05 -1000 20.82 0.96 673.136
car -1 -1 0.00 0.00 0.00 100.00 100.00 -1000 1.52 3.44 -6.04 -1000 7.10 1.55 672.915
car -1 -1 0.00 0.00 0.00 100.00 100.00 -1000 6.10 32.76 -15.33 -1000 25.80 -0.20 672.248
car -1 -1 0.00 0.00 0.00 100.00 100.00 -1000 1.65 3.74 7.05 -1000 13.98 1.59 667.607
car -1 -1 0.00 0.00 0.00 100.00 100.00 -1000 1.93 5.65 -8.23 -1000 14.68 1.42 665.013
car -1 -1 0.00 0.00 0.00 100.00 100.00 -1000 7.76 122.55 -12.67 -1000 36.93 0.50 662.904
car -1 -1 0.00 0.00 0.00 100.00 100.00 -1000 1.69 4.49 1.75 -1000 20.07 1.51 654.773
car -1 -1 0.00 0.00 0.00 100.00 100.00 -1000 5.09 22.09 -14.92 -1000 38.30 0.18 643.046
car -1 -1 0.00 0.00 0.00 100.00 100.00 -1000 1.84 4.99 -9.11 -1000 31.59 1.44 621.356
car -1 -1 0.00 0.00 0.00 100.00 100.00 -1000 1.60 3.78 -2.95 -1000 20.21 1.74 614.687
car -1 -1 0.00 0.00 0.00 100.00 100.00 -1000 10.27 335.80 -12.85 -1000 23.85 0.33 612.983
car -1 -1 0.00 0.00 0.00 100.00 100.00 -1000 1.95 6.01 -0.31 -1000 21.70 1.55 558.049
car -1 -1 0.00 0.00 0.00 100.00 100.00 -1000 1.73 4.88 4.33 -1000 15.11 1.57 549.331
car -1 -1 0.00 0.00 0.00 100.00 100.00 -1000 1.85 4.75 -8.08 -1000 38.77 1.45 544.825
car -1 -1 0.00 0.00 0.00 100.00 100.00 -1000 1.65 4.29 -12.28 -1000 44.90 1.39 544.550
car -1 -1 0.00 0.00 0.00 100.00 100.00 -1000 4.49 36.02 -8.46 -1000 17.43 0.97 531.837
car -1 -1 0.00 0.00 0.00 100.00 100.00 -1000 1.87 3.92 -11.55 -1000 17.64 0.77 530.152
car -1 -1 0.00 0.00 0.00 100.00 100.00 -1000 4.91 24.77 -14.08 -1000 28.53 0.04 486.273
car -1 -1 0.00 0.00 0.00 100.00 100.00 -1000 1.70 5.08 6.74 -1000 15.10 1.53 479.546
car -1 -1 0.00 0.00 0.00 100.00 100.00 -1000 3.73 6.70 -11.82 -1000 19.21 0.70 472.027
car -1 -1 0.00 0.00 0.00 100.00 100.00 -1000 5.97 33.05 -12.63 -1000 23.77 -0.14 470.989
car -1 -1 0.00 0.00 0.00 100.00 100.00 -1000 4.89 66.42 -13.92 -1000 32.06 0.69 470.165
car -1 -1 0.00 0.00 0.00 100.00 100.00 -1000 7.42 149.27 -12.11 -1000 27.15 0.44 469.258
car -1 -1 0.00 0.00 0.00 100.00 100.00 -1000 4.12 17.03 -15.16 -1000 36.57 0.36 466.760
car -1 -1 0.00 0.00 0.00 100.00 100.00 -1000 5.84 73.14 -13.12 -1000 35.46 0.65 464.489
car -1 -1 0.00 0.00 0.00 100.00 100.00 -1000 1.89 8.32 12.29 -1000 16.54 1.40 459.498
car -1 -1 0.00 0.00 0.00 100.00 100.00 -1000 3.70 14.87 -8.89 -1000 21.51 0.74 454.934
car -1 -1 0.00 0.00 0.00 100.00 100.00 -1000 2.04 5.65 -10.81 -1000 35.91 -0.02 444.192
car -1 -1 0.00 0.00 0.00 100.00 100.00 -1000 3.41 13.99 -10.09 -1000 18.15 0.76 430.055
car -1 -1 0.00 0.00 0.00 100.00 100.00 -1000 3.75 18.09 -15.53 -1000 33.10 0.38 428.774
car -1 -1 0.00 0.00 0.00 100.00 100.00 -1000 2.37 8.22 -5.61 -1000 35.61 1.07 424.422
car -1 -1 0.00 0.00 0.00 100.00 100.00 -1000 1.83 5.48 0.92 -1000 20.91 1.54 417.573
car -1 -1 0.00 0.00 0.00 100.00 100.00 -1000 2.74 11.21 -12.82 -1000 43.63 1.25 417.097
car -1 -1 0.00 0.00 0.00 100.00 100.00 -1000 2.12 6.27 -8.22 -1000 15.83 1.37 413.660
car -1 -1 0.00 0.00 0.00 100.00 100.00 -1000 2.10 11.54 11.00 -1000 17.31 1.31 412.012
car -1 -1 0.00 0.00 0.00 100.00 100.00 -1000 5.53 72.06 -11.60 -1000 28.91 0.62 409.177
car -1 -1 0.00 0.00 0.00 100.00 100.00 -1000 8.98 218.13 -10.33 -1000 20.65 0.35 400.983
car -1 -1 0.00 0.00 0.00 100.00 100.00 -1000 1.85 5.42 -6.81 -1000 20.64 1.57 396.033
car -1 -1 0.00 0.00 0.00 100.00 100.00 -1000 4.01 17.78 -13.49 -1000 29.94 0.33 395.617
car -1 -1 0.00 0.00 0.00 100.00 100.00 -1000 1.67 4.79 4.40 -1000 5.29 1.48 380.643
car -1 -1 0.00 0.00 0.00 100.00 100.00 -1000 1.83 7.56 0.42 -1000 44.78 1.38 379.792
car -1 -1 0.00 0.00 0.00 100.00 100.00 -1000 2.88 4.60 -14.70 -1000 35.51 0.88 375.953
car -1 -1 0.00 0.00 0.00 100.00 100.00 -1000 1.75 5.57 8.93 -1000 15.15 1.51 371.256
car -1 -1 0.00 0.00 0.00 100.00 100.00 -1000 1.74 5.98 11.18 -1000 14.80 1.47 363.417
car -1 -1 0.00 0.00 0.00 100.00 100.00 -1000 2.13 6.48 -6.74 -1000 41.37 1.42 362.977
car -1 -1 0.00 0.00 0.00 100.00 100.00 -1000 2.66 5.06 -12.48 -1000 30.69 0.95 354.330
car -1 -1 0.00 0.00 0.00 100.00 100.00 -1000 3.49 14.27 -9.69 -1000 19.80 0.77 352.587
car -1 -1 0.00 0.00 0.00 100.00 100.00 -1000 3.75 17.41 -15.43 -1000 34.72 0.35 343.009
car -1 -1 0.00 0.00 0.00 100.00 100.00 -1000 1.84 7.25 -11.97 -1000 11.24 1.25 342.476
car -1 -1 0.00 0.00 0.00 100.00 100.00 -1000 1.71 4.43 -6.71 -1000 19.02 1.50 339.201
car -1 -1 0.00 0.00 0.00 100.00 100.00 -1000 1.65 3.83 -3.99 -1000 19.31 -0.22 338.940
car -1 -1 0.00 0.00 0.00 100.00 100.00 -1000 1.69 4.38 11.49 -1000 13.72 -0.22 338.757
car -1 -1 0.00 0.00 0.00 100.00 100.00 -1000 1.73 4.68 2.64 -1000 13.08 1.45 336.828
car -1 -1 0.00 0.00 0.00 100.00 100.00 -1000 4.61 45.77 -11.39 -1000 30.57 0.76 335.187
car -1 -1 0.00 0.00 0.00 100.00 100.00 -1000 3.74 6.85 -12.12 -1000 20.83 0.68 333.306
car -1 -1 0.00 0.00 0.00 100.00 100.00 -1000 1.81 6.31 -10.35 -1000 9.77 1.31 330.743
car -1 -1 0.00 0.00 0.00 100.00 100.00 -1000 3.64 16.99 -15.90 -1000 31.60 0.40 330.043
car -1 -1 0.00 0.00 0.00 100.00 100.00 -1000 2.08 7.03 -5.61 -1000 42.13 1.36 327.747
car -1 -1 0.00 0.00 0.00 100.00 100.00 -1000 2.69 6.18 -5.58 -1000 32.15 1.19 327.727
car -1 -1 0.00 0.00 0.00 100.00 100.00 -1000 2.84 5.33 -13.42 -1000 28.99 0.89 319.319
car -1 -1 0.00 0.00 0.00 100.00 100.00 -1000 4.08 5.90 -11.47 -1000 24.09 0.62 316.935
car -1 -1 0.00 0.00 0.00 100.00 100.00 -1000 1.92 4.90 -6.58 -1000 31.40 1.39 316.863
car -1 -1 0.00 0.00 0.00 100.00 100.00 -1000 1.60 4.94 -1.23 -1000 20.70 1.64 316.557
car -1 -1 0.00 0.00 0.00 100.00 100.00 -1000 2.75 6.48 -12.17 -1000 32.23 0.95 315.544
car -1 -1 0.00 0.00 0.00 100.00 100.00 -1000 6.77 70.01 -9.65 -1000 3.48 -0.44 312.199
car -1 -1 0.00 0.00 0.00 100.00 100.00 -1000 1.78 7.52 2.07 -1000 39.95 1.38 308.057
car -1 -1 0.00 0.00 0.00 100.00 100.00 -1000 5.08 26.46 -2.78 -1000 29.77 0.30 305.075
car -1 -1 0.00 0.00 0.00 100.00 100.00 -1000 1.99 8.73 3.63 -1000 22.23 1.39 291.969
car -1 -1 0.00 0.00 0.00 100.00 100.00 -1000 2.03 10.54 -12.21 -1000 12.84 1.18 291.656
car -1 -1 0.00 0.00 0.00 100.00 100.00 -1000 1.73 5.31 -4.48 -1000 37.20 1.11 290.572
car -1 -1 0.00 0.00 0.00 100.00 100.00 -1000 1.82 3.73 -13.28 -1000 38.49 0.86 285.999
car -1 -1 0.00 0.00 0.00 100.00 100.00 -1000 2.61 6.78 -6.06 -1000 33.87 1.16 281.780
car -1 -1 0.00 0.00 0.00 100.00 100.00 -1000 1.60 3.88 2.89 -1000 3.85 0.08 281.226
car -1 -1 0.00 0.00 0.00 100.00 100.00 -1000 3.91 6.83 -11.12 -1000 25.74 0.68 279.620
car -1 -1 0.00 0.00 0.00 100.00 100.00 -1000 10.56 56.88 -10.78 -1000 17.79 0.30 279.126
car -1 -1 0.00 0.00 0.00 100.00 100.00 -1000 3.87 6.33 -12.04 -1000 22.43 0.65 276.469
car -1 -1 0.00 0.00 0.00 100.00 100.00 -1000 3.47 6.44 -14.05 -1000 27.28 0.79 273.392
car -1 -1 0.00 0.00 0.00 100.00 100.00 -1000 1.82 4.82 2.94 -1000 18.65 1.50 271.298
car -1 -1 0.00 0.00 0.00 100.00 100.00 -1000 1.72 6.76 1.44 -1000 42.05 1.42 270.446
car -1 -1 0.00 0.00 0.00 100.00 100.00 -1000 1.75 7.47 5.48 -1000 23.04 1.41 269.432
car -1 -1 0.00 0.00 0.00 100.00 100.00 -1000 1.87 3.94 -12.12 -1000 19.59 0.58 267.696
car -1 -1 0.00 0.00 0.00 100.00 100.00 -1000 2.61 5.54 -12.68 -1000 35.61 1.05 266.621
car -1 -1 0.00 0.00 0.00 100.00 100.00 -1000 2.15 14.61 8.99 -1000 18.14 1.23 266.311
car -1 -1 0.00 0.00 0.00 100.00 100.00 -1000 5.13 42.84 -18.05 -1000 41.85 -0.14 265.678
car -1 -1 0.00 0.00 0.00 100.00 100.00 -1000 1.74 6.99 5.40 -1000 21.44 1.42 264.956
car -1 -1 0.00 0.00 0.00 100.00 100.00 -1000 1.90 5.84 -3.47 -1000 41.71 1.32 264.851
car -1 -1 0.00 0.00 0.00 100.00 100.00 -1000 3.99 9.04 -8.59 -1000 16.98 0.97 258.937
car -1 -1 0.00 0.00 0.00 100.00 100.00 -1000 1.59 5.44 12.60 -1000 14.24 1.49 256.686
car -1 -1 0.00 0.00 0.00 100.00 100.00 -1000 1.72 6.65 3.21 -1000 37.22 1.42 256.016
car -1 -1 0.00 0.00 0.00 100.00 100.00 -1000 1.72 3.78 -6.04 -1000 32.82 1.22 254.329
car -1 -1 0.00 0.00 0.00 100.00 100.00 -1000 1.76 7.04 12.47 -1000 15.35 1.42 251.534
car -1 -1 0.00 0.00 0.00 100.00 100.00 -1000 1.74 6.81 0.26 -1000 43.60 1.39 251.495
car -1 -1 0.00 0.00 0.00 100.00 100.00 -1000 5.54 7.85 -12.83 -1000 43.05 0.76 251.367
car -1 -1 0.00 0.00 0.00 100.00 100.00 -1000 1.69 5.65 -9.28 -1000 8.27 1.40 250.571
car -1 -1 0.00 0.00 0.00 100.00 100.00 -1000 4.29 24.25 -3.91 -1000 4.49 0.21 249.281
car -1 -1 0.00 0.00 0.00 100.00 100.00 -1000 1.93 4.52 -12.85 -1000 43.70 1.54 249.031
car -1 -1 0.00 0.00 0.00 100.00 100.00 -1000 1.74 6.86 1.89 -1000 38.77 1.40 244.691
car -1 -1 0.00 0.00 0.00 100.00 100.00 -1000 1.64 6.01 -12.13 -1000 10.49 1.30 244.434
car -1 -1 0.00 0.00 0.00 100.00 100.00 -1000 3.04 11.95 -5.68 -1000 32.48 0.94 243.605
car -1 -1 0.00 0.00 0.00 100.00 100.00 -1000 1.78 4.82 -7.13 -1000 19.81 1.60 243.417
car -1 -1 0.00 0.00 0.00 100.00 100.00 -1000 6.59 134.16 -1.74 -1000 3.03 0.69 239.750
car -1 -1 0.00 0.00 0.00 100.00 100.00 -1000 1.89 7.70 -0.90 -1000 45.60 1.37 237.024
car -1 -1 0.00 0.00 0.00 100.00 100.00 -1000 2.35 8.14 -6.35 -1000 43.09 1.34 236.773
car -1 -1 0.00 0.00 0.00 100.00 100.00 -1000 3.49 24.16 -4.97 -1000 32.09 1.02 235.685
car -1 -1 0.00 0.00 0.00 100.00 100.00 -1000 4.09 6.82 -14.39 -1000 25.66 0.70 234.846
car -1 -1 0.00 0.00 0.00 100.00 100.00 -1000 1.91 4.78 -15.99 -1000 40.89 0.44 234.653
car -1 -1 0.00 0.00 0.00 100.00 100.00 -1000 2.56 8.09 2.32 -1000 3.60 1.24 232.365
car -1 -1 0.00 0.00 0.00 100.00 100.00 -1000 1.96 6.64 -2.91 -1000 36.43 0.60 225.761
car -1 -1 0.00 0.00 0.00 100.00 100.00 -1000 15.85 92.20 -13.97 -1000 38.86 0.07 223.114
car -1 -1 0.00 0.00 0.00 100.00 100.00 -1000 3.43 6.89 -1.98 -1000 30.58 0.74 220.458
car -1 -1 0.00 0.00 0.00 100.00 100.00 -1000 2.59 12.89 -13.81 -1000 14.96 0.80 217.686
car -1 -1 0.00 0.00 0.00 100.00 100.00 -1000 1.72 6.81 1.18 -1000 41.20 1.39 217.480
car -1 -1 0.00 0.00 0.00 100.00 100.00 -1000 1.85 5.05 -9.30 -1000 29.88 1.49 216.800
car -1 -1 0.00 0.00 0.00 100.00 100.00 -1000 2.53 13.52 -1.78 -1000 36.90 1.08 214.319
car -1 -1 0.00 0.00 0.00 100.00 100.00 -1000 1.71 7.13 3.10 -1000 35.96 1.40 211.696
car -1 -1 0.00 0.00 0.00 100.00 100.00 -1000 1.97 5.47 -2.58 -1000 21.88 -0.62 211.516
car -1 -1 0.00 0.00 0.00 100.00 100.00 -1000 1.81 5.83 3.38 -1000 20.49 1.50 207.424
car -1 -1 0.00 0.00 0.00 100.00 100.00 -1000 1.73 7.14 14.35 -1000 15.86 1.38 207.262
car -1 -1 0.00 0.00 0.00 100.00 100.00 -1000 1.73 3.04 -15.14 -1000 39.01 0.63 207.100
car -1 -1 0.00 0.00 0.00 100.00 100.00 -1000 3.05 20.93 -9.99 -1000 40.18 0.97 206.141
car -1 -1 0.00 0.00 0.00 100.00 100.00 -1000 1.74 4.77 11.22 -1000 12.64 -0.02 205.780
car -1 -1 0.00 0.00 0.00 100.00 100.00 -1000 2.29 18.87 -12.80 -1000 38.81 -0.00 203.423
car -1 -1 0.00 0.00 0.00 100.00 100.00 -1000 2.13 7.78 -4.00 -1000 11.73 1.43 202.152
car -1 -1 0.00 0.00 0.00 100.00 100.00 -1000 1.98 6.54 -3.35 -1000 44.91 1.32 197.485
car -1 -1 0.00 0.00 0.00 100.00 100.00 -1000 1.86 7.76 4.13 -1000 23.88 1.38 197.467
car -1 -1 0.00 0.00 0.00 100.00 100.00 -1000 1.75 6.92 5.62 -1000 25.11 1.40 195.013
car -1 -1 0.00 0.00 0.00 100.00 100.00 -1000 1.96 8.63 6.94 -1000 16.75 1.36 192.328
car -1 -1 0.00 0.00 0.00 100.00 100.00 -1000 5.28 67.31 -0.32 -1000 27.26 0.73 191.044
car -1 -1 0.00 0.00 0.00 100.00 100.00 -1000 1.94 6.64 -10.08 -1000 38.56 1.35 188.361
car -1 -1 0.00 0.00 0.00 100.00 100.00 -1000 4.81 34.24 -3.47 -1000 2.96 0.06 188.007
car -1 -1 0.00 0.00 0.00 100.00 100.00 -1000 1.70 3.79 -5.64 -1000 35.77 1.30 187.532
car -1 -1 0.00 0.00 0.00 100.00 100.00 -1000 1.71 7.79 5.79 -1000 26.28 1.38 187.042
car -1 -1 0.00 0.00 0.00 100.00 100.00 -1000 1.46 3.77 -4.14 -1000 8.39 1.52 185.027
car -1 -1 0.00 0.00 0.00 100.00 100.00 -1000 1.94 7.18 -9.14 -1000 40.23 1.26 184.419
car -1 -1 0.00 0.00 0.00 100.00 100.00 -1000 1.75 7.72 4.56 -1000 27.88 1.37 184.174
car -1 -1 0.00 0.00 0.00 100.00 100.00 -1000 6.27 99.01 -2.74 -1000 30.39 0.58 182.193
car -1 -1 0.00 0.00 0.00 100.00 100.00 -1000 2.47 11.69 -3.83 -1000 27.14 1.05 181.908
car -1 -1 0.00 0.00 0.00 100.00 100.00 -1000 2.25 6.87 -8.23 -1000 37.81 1.46 180.948
car -1 -1 0.00 0.00 0.00 100.00 100.00 -1000 2.17 8.22 3.52 -1000 15.55 1.43 180.391
car -1 -1 0.00 0.00 0.00 100.00 100.00 -1000 2.04 5.09 -4.66 -1000 7.26 -0.55 179.641
car -1 -1 0.00 0.00 0.00 100.00 100.00 -1000 1.72 7.41 2.21 -1000 44.10 1.38 179.242
car -1 -1 0.00 0.00 0.00 100.00 100.00 -1000 1.74 6.69 5.50 -1000 20.26 1.42 179.069
car -1 -1 0.00 0.00 0.00 100.00 100.00 -1000 2.69 7.74 -9.19 -1000 25.65 1.09 177.908
car -1 -1 0.00 0.00 0.00 100.00 100.00 -1000 1.80 7.00 5.98 -1000 16.01 1.42 174.085
car -1 -1 0.00 0.00 0.00 100.00 100.00 -1000 1.71 7.53 3.82 -1000 39.26 1.38 172.167
car -1 -1 0.00 0.00 0.00 100.00 100.00 -1000 2.03 6.62 2.55 -1000 21.33 1.45 171.695
car -1 -1 0.00 0.00 0.00 100.00 100.00 -1000 2.93 8.20 -9.14 -1000 20.90 0.92 170.554
car -1 -1 0.00 0.00 0.00 100.00 100.00 -1000 2.13 7.09 2.10 -1000 17.65 1.46 166.213
car -1 -1 0.00 0.00 0.00 100.00 100.00 -1000 1.93 5.84 -8.60 -1000 17.63 1.39 163.587
car -1 -1 0.00 0.00 0.00 100.00 100.00 -1000 5.59 113.51 -13.69 -1000 40.13 0.59 161.386
car -1 -1 0.00 0.00 0.00 100.00 100.00 -1000 2.03 5.69 -7.10 -1000 47.66 1.37 159.605
car -1 -1 0.00 0.00 0.00 100.00 100.00 -1000 1.77 7.00 3.95 -1000 33.18 1.37 157.642
car -1 -1 0.00 0.00 0.00 100.00 100.00 -1000 2.94 8.38 -9.46 -1000 19.25 0.92 156.958
car -1 -1 0.00 0.00 0.00 100.00 100.00 -1000 4.52 53.17 -2.72 -1000 33.67 0.71 156.242
car -1 -1 0.00 0.00 0.00 100.00 100.00 -1000 12.05 18.68 -12.06 -1000 25.11 -0.00 155.854
car -1 -1 0.00 0.00 0.00 100.00 100.00 -1000 4.32 7.41 -14.73 -1000 24.05 0.67 154.648
car -1 -1 0.00 0.00 0.00 100.00 100.00 -1000 2.86 6.68 -15.60 -1000 33.75 0.95 154.354
car -1 -1 0.00 0.00 0.00 100.00 100.00 -1000 1.90 5.32 -5.22 -1000 39.96 1.49 154.245
car -1 -1 0.00 0.00 0.00 100.00 100.00 -1000 2.53 5.62 -4.81 -1000 30.65 1.18 153.880
car -1 -1 0.00 0.00 0.00 100.00 100.00 -1000 12.40 789.40 -5.47 -1000 1.32 0.21 153.289
car -1 -1 0.00 0.00 0.00 100.00 100.00 -1000 3.72 17.75 -4.32 -1000 34.29 0.52 152.775
car -1 -1 0.00 0.00 0.00 100.00 100.00 -1000 1.69 6.63 2.92 -1000 34.76 1.39 152.353
car -1 -1 0.00 0.00 0.00 100.00 100.00 -1000 3.51 17.01 -0.33 -1000 30.81 0.74 151.407
car -1 -1 0.00 0.00 0.00 100.00 100.00 -1000 2.54 6.03 -0.50 -1000 3.27 1.06 150.682
car -1 -1 0.00 0.00 0.00 100.00 100.00 -1000 1.96 5.63 -13.85 -1000 43.01 0.30 150.677
car -1 -1 0.00 0.00 0.00 100.00 100.00 -1000 4.02 19.07 -2.49 -1000 28.05 0.60 149.329
car -1 -1 0.00 0.00 0.00 100.00 100.00 -1000 1.70 7.37 5.15 -1000 28.77 1.37 146.081
car -1 -1 0.00 0.00 0.00 100.00 100.00 -1000 2.08 6.45 -3.88 -1000 47.45 1.28 144.994
car -1 -1 0.00 0.00 0.00 100.00 100.00 -1000 2.01 6.22 -3.82 -1000 40.44 1.36 144.728
car -1 -1 0.00 0.00 0.00 100.00 100.00 -1000 3.85 49.01 -16.31 -1000 35.27 0.89 142.703
car -1 -1 0.00 0.00 0.00 100.00 100.00 -1000 8.23 14.27 -11.28 -1000 28.33 0.20 142.318
car -1 -1 0.00 0.00 0.00 100.00 100.00 -1000 1.37 5.80 -10.63 -1000 16.75 0.88 140.388
car -1 -1 0.00 0.00 0.00 100.00 100.00 -1000 1.61 4.59 -6.90 -1000 15.32 1.49 139.316
car -1 -1 0.00 0.00 0.00 100.00 100.00 -1000 1.73 7.37 3.96 -1000 31.93 1.34 134.334
car -1 -1 0.00 0.00 0.00 100.00 100.00 -1000 1.84 5.44 -7.05 -1000 30.28 1.44 133.041
car -1 -1 0.00 0.00 0.00 100.00 100.00 -1000 2.91 11.27 -4.89 -1000 30.97 0.84 132.901
car -1 -1 0.00 0.00 0.00 100.00 100.00 -1000 1.69 7.61 6.17 -1000 27.16 1.36 130.921
car -1 -1 0.00 0.00 0.00 100.00 100.00 -1000 2.64 7.33 -12.62 -1000 33.84 0.94 130.338
car -1 -1 0.00 0.00 0.00 100.00 100.00 -1000 1.94 8.36 8.96 -1000 15.95 1.38 129.758
car -1 -1 0.00 0.00 0.00 100.00 100.00 -1000 1.66 6.66 5.83 -1000 19.38 1.37 129.612
car -1 -1 0.00 0.00 0.00 100.00 100.00 -1000 3.57 30.76 -1.60 -1000 35.29 0.89 128.293
car -1 -1 0.00 0.00 0.00 100.00 100.00 -1000 1.98 7.08 3.80 -1000 16.49 1.45 127.215
car -1 -1 0.00 0.00 0.00 100.00 100.00 -1000 4.86 11.75 -11.15 -1000 31.57 0.61 125.297
car -1 -1 0.00 0.00 0.00 100.00 100.00 -1000 3.16 8.03 -11.20 -1000 27.36 0.81 123.818
car -1 -1 0.00 0.00 0.00 100.00 100.00 -1000 1.90 20.58 -12.37 -1000 26.04 -0.38 123.458
car -1 -1 0.00 0.00 0.00 100.00 100.00 -1000 1.97 6.44 -11.88 -1000 45.49 1.41 123.049
car -1 -1 0.00 0.00 0.00 100.00 100.00 -1000 3.31 15.53 -3.07 -1000 35.75 0.78 122.512
car -1 -1 0.00 0.00 0.00 100.00 100.00 -1000 1.70 5.06 -8.36 -1000 16.82 1.27 121.244
car -1 -1 0.00 0.00 0.00 100.00 100.00 -1000 5.15 16.00 -12.78 -1000 43.71 1.06 120.673
car -1 -1 0.00 0.00 0.00 100.00 100.00 -1000 2.25 10.69 -5.06 -1000 13.43 1.37 120.494
car -1 -1 0.00 0.00 0.00 100.00 100.00 -1000 1.75 7.16 4.74 -1000 29.96 1.36 119.080
car -1 -1 0.00 0.00 0.00 100.00 100.00 -1000 3.75 16.92 -17.71 -1000 43.06 0.38 118.533
car -1 -1 0.00 0.00 0.00 100.00 100.00 -1000 2.17 6.60 -9.83 -1000 34.81 1.39 118.106
car -1 -1 0.00 0.00 0.00 100.00 100.00 -1000 1.65 5.87 12.43 -1000 13.13 1.44 117.745
car -1 -1 0.00 0.00 0.00 100.00 100.00 -1000 1.62 4.57 -1.43 -1000 19.64 1.57 115.905
car -1 -1 0.00 0.00 0.00 100.00 100.00 -1000 1.68 6.60 3.78 -1000 30.73 1.37 114.626
car -1 -1 0.00 0.00 0.00 100.00 100.00 -1000 1.93 19.61 -11.97 -1000 27.67 -0.31 113.790
car -1 -1 0.00 0.00 0.00 100.00 100.00 -1000 2.09 6.00 -7.92 -1000 46.79 1.42 113.477
car -1 -1 0.00 0.00 0.00 100.00 100.00 -1000 2.49 8.22 -9.62 -1000 32.47 1.36 112.475
car -1 -1 0.00 0.00 0.00 100.00 100.00 -1000 2.01 7.32 2.27 -1000 23.08 1.47 112.103
car -1 -1 0.00 0.00 0.00 100.00 100.00 -1000 2.23 8.66 -11.81 -1000 40.16 1.03 111.727
car -1 -1 0.00 0.00 0.00 100.00 100.00 -1000 2.06 8.99 -1.69 -1000 46.46 1.30 111.555
car -1 -1 0.00 0.00 0.00 100.00 100.00 -1000 1.51 5.03 -11.37 -1000 8.19 1.36 111.292
car -1 -1 0.00 0.00 0.00 100.00 100.00 -1000 15.36 95.42 -11.32 -1000 19.53 0.06 111.193
car -1 -1 0.00 0.00 0.00 100.00 100.00 -1000 1.98 6.25 -8.81 -1000 36.46 1.36 110.611
car -1 -1 0.00 0.00 0.00 100.00 100.00 -1000 7.63 231.41 -1.04 -1000 1.29 0.60 107.374
car -1 -1 0.00 0.00 0.00 100.00 100.00 -1000 1.71 12.31 -13.99 -1000 32.27 0.25 106.859
car -1 -1 0.00 0.00 0.00 100.00 100.00 -1000 1.77 4.34 -13.16 -1000 33.29 0.90 106.605
car -1 -1 0.00 0.00 0.00 100.00 100.00 -1000 1.73 3.94 -13.58 -1000 36.65 1.00 104.949
car -1 -1 0.00 0.00 0.00 100.00 100.00 -1000 9.62 49.34 -12.51 -1000 38.65 0.42 104.593
car -1 -1 0.00 0.00 0.00 100.00 100.00 -1000 1.65 3.57 -13.50 -1000 31.95 0.87 103.630
car -1 -1 0.00 0.00 0.00 100.00 100.00 -1000 2.21 7.39 -8.05 -1000 18.43 1.29 103.081
car -1 -1 0.00 0.00 0.00 100.00 100.00 -1000 1.96 6.48 0.14 -1000 36.95 1.49 101.903
car -1 -1 0.00 0.00 0.00 100.00 100.00 -1000 2.29 7.32 -1.23 -1000 35.30 1.05 100.605
car -1 -1 0.00 0.00 0.00 100.00 100.00 -1000 1.67 4.29 3.68 -1000 12.52 1.42 100.230
car -1 -1 0.00 0.00 0.00 100.00 100.00 -1000 1.77 13.52 -13.77 -1000 33.90 0.22 99.949
car -1 -1 0.00 0.00 0.00 100.00 100.00 -1000 1.96 5.94 -5.35 -1000 38.66 1.43 99.915
car -1 -1 0.00 0.00 0.00 100.00 100.00 -1000 1.76 3.94 -12.77 -1000 21.31 0.52 99.766
car -1 -1 0.00 0.00 0.00 100.00 100.00 -1000 2.94 6.30 -14.85 -1000 42.06 0.99 99.625
car -1 -1 0.00 0.00 0.00 100.00 100.00 -1000 3.11 10.79 2.79 -1000 4.69 1.13 98.855
car -1 -1 0.00 0.00 0.00 100.00 100.00 -1000 1.94 16.34 -11.69 -1000 29.24 -0.07 98.619
car -1 -1 0.00 0.00 0.00 100.00 100.00 -1000 1.68 7.63 4.59 -1000 35.23 1.35 98.111
car -1 -1 0.00 0.00 0.00 100.00 100.00 -1000 1.77 5.81 14.13 -1000 14.85 -0.15 96.993
