car -1 -1 0.00 0.00 0.00 100.00 100.00 -1000 1.51 3.49 -0.07 -1000 29.76 1.51 999.567
car -1 -1 0.00 0.00 0.00 100.00 100.00 -1000 1.54 3.55 -4.02 -1000 6.43 1.60 997.756
car -1 -1 0.00 0.00 0.00 100.00 100.00 -1000 1.53 3.47 -6.66 -1000 20.23 1.62 996.024
car -1 -1 0.00 0.00 0.00 100.00 100.00 -1000 1.54 3.54 16.28 -1000 41.52 1.62 996.010
car -1 -1 0.00 0.00 0.00 100.00 100.00 -1000 1.55 3.66 -3.66 -1000 25.80 1.53 993.520
car -1 -1 0.00 0.00 0.00 100.00 100.00 -1000 1.60 4.04 -0.04 -1000 28.95 -0.04 992.379
car -1 -1 0.00 0.00 0.00 100.00 100.00 -1000 1.62 4.40 2.52 -1000 33.73 1.53 990.204
car -1 -1 0.00 0.00 0.00 100.00 100.00 -1000 1.61 3.71 18.01 -1000 42.99 1.60 989.239
car -1 -1 0.00 0.00 0.00 100.00 100.00 -1000 1.66 4.19 18.33 -1000 42.22 -0.22 988.205
car -1 -1 0.00 0.00 0.00 100.00 100.00 -1000 1.56 3.92 -3.57 -1000 5.72 1.47 987.065
car -1 -1 0.00 0.00 0.00 100.00 100.00 -1000 1.84 5.33 0.64 -1000 32.94 1.54 984.173
car -1 -1 0.00 0.00 0.00 100.00 100.00 -1000 1.59 4.01 -4.26 -1000 7.33 1.57 978.117
car -1 -1 0.00 0.00 0.00 100.00 100.00 -1000 1.60 3.99 -3.82 -1000 26.88 1.58 976.603
car -1 -1 0.00 0.00 0.00 100.00 100.00 -1000 1.52 3.64 -3.73 -1000 27.74 1.47 967.721
car -1 -1 0.00 0.00 0.00 100.00 100.00 -1000 1.67 4.67 0.40 -1000 30.43 1.57 963.048
car -1 -1 0.00 0.00 0.00 100.00 100.00 -1000 1.58 3.76 18.30 -1000 43.75 1.61 962.853
car -1 -1 0.00 0.00 0.00 100.00 100.00 -1000 1.66 4.29 16.59 -1000 40.76 -0.10 956.431
car -1 -1 0.00 0.00 0.00 100.00 100.00 -1000 1.55 3.58 -3.54 -1000 4.77 1.61 944.731
car -1 -1 0.00 0.00 0.00 100.00 100.00 -1000 1.56 3.59 16.38 -1000 22.94 1.71 933.079
car -1 -1 0.00 0.00 0.00 100.00 100.00 -1000 1.58 3.97 -3.12 -1000 28.49 1.66 921.335
car -1 -1 0.00 0.00 0.00 100.00 100.00 -1000 1.72 4.90 -6.92 -1000 20.94 1.57 911.953
car -1 -1 0.00 0.00 0.00 100.00 100.00 -1000 2.34 11.68 -2.69 -1000 32.16 1.18 910.258
car -1 -1 0.00 0.00 0.00 100.00 100.00 -1000 1.60 4.02 16.77 -1000 43.44 1.58 907.916
car -1 -1 0.00 0.00 0.00 100.00 100.00 -1000 1.67 4.06 -6.66 -1000 19.29 0.14 896.070
car -1 -1 0.00 0.00 0.00 100.00 100.00 -1000 1.71 4.08 13.67 -1000 30.50 1.52 892.322
car -1 -1 0.00 0.00 0.00 100.00 100.00 -1000 1.64 3.98 -1.45 -1000 28.75 -0.09 885.871
car -1 -1 0.00 0.00 0.00 100.00 100.00 -1000 1.97 6.06 2.48 -1000 32.66 1.66 885.084
car -1 -1 0.00 0.00 0.00 100.00 100.00 -1000 1.65 4.22 -4.38 -1000 25.11 -0.00 876.566
car -1 -1 0.00 0.00 0.00 100.00 100.00 -1000 1.56 3.68 16.67 -1000 22.17 -0.52 875.461
car -1 -1 0.00 0.00 0.00 100.00 100.00 -1000 2.26 7.69 0.92 -1000 31.99 1.56 869.980
car -1 -1 0.00 0.00 0.00 100.00 100.00 -1000 1.64 4.18 3.61 -1000 33.17 1.75 863.908
car -1 -1 0.00 0.00 0.00 100.00 100.00 -1000 2.04 7.96 -6.40 -1000 28.83 1.42 863.241
car -1 -1 0.00 0.00 0.00 100.00 100.00 -1000 1.92 9.09 -1.74 -1000 31.24 1.26 853.364
car -1 -1 0.00 0.00 0.00 100.00 100.00 -1000 2.29 7.62 -5.49 -1000 7.90 1.37 848.829
car -1 -1 0.00 0.00 0.00 100.00 100.00 -1000 1.64 4.35 16.66 -1000 42.60 1.58 841.688
car -1 -1 0.00 0.00 0.00 100.00 100.00 -1000 2.22 6.61 -5.60 -1000 8.97 1.31 841.009
car -1 -1 0.00 0.00 0.00 100.00 100.00 -1000 1.63 3.98 16.53 -1000 23.75 1.68 834.216
car -1 -1 0.00 0.00 0.00 100.00 100.00 -1000 1.72 4.54 17.79 -1000 44.55 1.58 831.240
car -1 -1 0.00 0.00 0.00 100.00 100.00 -1000 1.68 4.41 14.81 -1000 41.80 1.51 829.409
car -1 -1 0.00 0.00 0.00 100.00 100.00 -1000 1.71 4.90 -5.30 -1000 6.10 1.51 815.241
car -1 -1 0.00 0.00 0.00 100.00 100.00 -1000 1.95 6.09 1.98 -1000 31.00 1.65 805.685
car -1 -1 0.00 0.00 0.00 100.00 100.00 -1000 1.62 3.80 18.19 -1000 40.89 1.77 805.244
car -1 -1 0.00 0.00 0.00 100.00 100.00 -1000 1.72 5.26 3.95 -1000 34.15 1.66 801.424
car -1 -1 0.00 0.00 0.00 100.00 100.00 -1000 1.66 4.64 -5.00 -1000 20.60 1.70 771.663
car -1 -1 0.00 0.00 0.00 100.00 100.00 -1000 1.75 3.83 15.90 -1000 40.09 1.50 762.022
car -1 -1 0.00 0.00 0.00 100.00 100.00 -1000 1.85 6.72 -5.36 -1000 6.75 1.49 761.140
car -1 -1 0.00 0.00 0.00 100.00 100.00 -1000 1.80 5.01 18.33 -1000 34.93 1.50 748.260
car -1 -1 0.00 0.00 0.00 100.00 100.00 -1000 1.60 3.65 14.35 -1000 29.88 -0.02 740.617
car -1 -1 0.00 0.00 0.00 100.00 100.00 -1000 1.63 3.92 16.72 -1000 20.92 1.61 723.539
car -1 -1 0.00 0.00 0.00 100.00 100.00 -1000 1.71 4.70 -4.86 -1000 5.19 0.21 719.769
car -1 -1 0.00 0.00 0.00 100.00 100.00 -1000 1.79 4.88 15.76 -1000 44.02 1.55 716.854
car -1 -1 0.00 0.00 0.00 100.00 100.00 -1000 2.42 10.65 4.65 -1000 36.64 1.56 716.784
car -1 -1 0.00 0.00 0.00 100.00 100.00 -1000 1.66 4.39 16.71 -1000 45.01 1.50 708.866
car -1 -1 0.00 0.00 0.00 100.00 100.00 -1000 1.73 4.41 18.31 -1000 45.38 1.48 699.730
car -1 -1 0.00 0.00 0.00 100.00 100.00 -1000 1.78 4.57 -18.20 -1000 38.15 1.37 688.244
car -1 -1 0.00 0.00 0.00 100.00 100.00 -1000 1.72 4.38 16.00 -1000 24.48 1.59 685.943
car -1 -1 0.00 0.00 0.00 100.00 100.00 -1000 1.76 5.28 2.28 -1000 30.04 1.69 661.734
car -1 -1 0.00 0.00 0.00 100.00 100.00 -1000 2.22 11.17 -0.58 -1000 33.18 1.21 656.803
car -1 -1 0.00 0.00 0.00 100.00 100.00 -1000 1.71 4.62 -15.13 -1000 37.14 1.44 653.546
car -1 -1 0.00 0.00 0.00 100.00 100.00 -1000 1.79 4.61 14.17 -1000 31.24 1.47 653.284
car -1 -1 0.00 0.00 0.00 100.00 100.00 -1000 1.63 4.11 -17.64 -1000 46.58 1.62 648.735
car -1 -1 0.00 0.00 0.00 100.00 100.00 -1000 1.86 6.66 -7.26 -1000 27.32 1.56 640.162
car -1 -1 0.00 0.00 0.00 100.00 100.00 -1000 1.87 5.22 14.41 -1000 32.86 1.44 639.532
car -1 -1 0.00 0.00 0.00 100.00 100.00 -1000 2.28 8.33 11.54 -1000 32.95 1.31 628.206
car -1 -1 0.00 0.00 0.00 100.00 100.00 -1000 1.78 4.93 14.86 -1000 23.97 1.51 627.355
car -1 -1 0.00 0.00 0.00 100.00 100.00 -1000 1.75 4.41 12.62 -1000 29.81 1.55 624.825
car -1 -1 0.00 0.00 0.00 100.00 100.00 -1000 1.97 7.50 0.48 -1000 33.84 1.37 613.779
car -1 -1 0.00 0.00 0.00 100.00 100.00 -1000 1.75 4.98 4.16 -1000 32.36 1.65 605.764
car -1 -1 0.00 0.00 0.00 100.00 100.00 -1000 2.02 6.98 12.18 -1000 34.63 1.38 598.781
car -1 -1 0.00 0.00 0.00 100.00 100.00 -1000 1.84 4.97 15.85 -1000 36.10 1.47 593.862
car -1 -1 0.00 0.00 0.00 100.00 100.00 -1000 1.85 5.75 16.45 -1000 45.88 1.46 593.511
car -1 -1 0.00 0.00 0.00 100.00 100.00 -1000 1.65 4.34 -9.41 -1000 41.90 1.55 593.227
car -1 -1 0.00 0.00 0.00 100.00 100.00 -1000 1.76 4.99 -2.56 -1000 45.03 1.53 593.156
car -1 -1 0.00 0.00 0.00 100.00 100.00 -1000 1.80 5.04 15.25 -1000 18.81 1.60 593.029
car -1 -1 0.00 0.00 0.00 100.00 100.00 -1000 1.67 4.55 15.13 -1000 22.45 1.56 592.289
car -1 -1 0.00 0.00 0.00 100.00 100.00 -1000 1.86 5.39 17.23 -1000 33.40 1.58 590.510
car -1 -1 0.00 0.00 0.00 100.00 100.00 -1000 6.86 46.09 -16.74 -1000 9.67 -0.39 589.784
car -1 -1 0.00 0.00 0.00 100.00 100.00 -1000 1.52 3.60 19.01 -1000 41.56 -0.37 586.565
car -1 -1 0.00 0.00 0.00 100.00 100.00 -1000 2.05 7.51 14.02 -1000 43.35 1.31 583.407
car -1 -1 0.00 0.00 0.00 100.00 100.00 -1000 2.04 8.18 -7.51 -1000 7.25 1.26 583.113
car -1 -1 0.00 0.00 0.00 100.00 100.00 -1000 1.87 7.05 11.28 -1000 35.41 1.28 561.308
car -1 -1 0.00 0.00 0.00 100.00 100.00 -1000 1.79 5.40 14.92 -1000 41.04 1.46 560.761
car -1 -1 0.00 0.00 0.00 100.00 100.00 -1000 1.76 7.53 -2.20 -1000 29.82 1.40 560.235
car -1 -1 0.00 0.00 0.00 100.00 100.00 -1000 2.09 10.20 -5.12 -1000 30.52 1.23 554.020
car -1 -1 0.00 0.00 0.00 100.00 100.00 -1000 1.77 4.91 16.22 -1000 25.41 1.58 550.213
car -1 -1 0.00 0.00 0.00 100.00 100.00 -1000 1.93 6.67 11.83 -1000 24.48 1.34 548.917
car -1 -1 0.00 0.00 0.00 100.00 100.00 -1000 2.26 8.60 -17.79 -1000 38.35 1.28 527.865
car -1 -1 0.00 0.00 0.00 100.00 100.00 -1000 1.89 5.50 14.18 -1000 42.61 1.49 518.135
car -1 -1 0.00 0.00 0.00 100.00 100.00 -1000 1.73 5.55 11.57 -1000 21.76 1.47 513.008
car -1 -1 0.00 0.00 0.00 100.00 100.00 -1000 1.95 6.14 14.51 -1000 25.05 1.46 512.900
car -1 -1 0.00 0.00 0.00 100.00 100.00 -1000 1.60 3.90 -3.48 -1000 24.55 1.69 512.379
car -1 -1 0.00 0.00 0.00 100.00 100.00 -1000 1.79 4.95 14.76 -1000 35.34 1.43 497.787
car -1 -1 0.00 0.00 0.00 100.00 100.00 -1000 1.94 7.51 4.53 -1000 30.68 1.64 489.515
car -1 -1 0.00 0.00 0.00 100.00 100.00 -1000 1.89 5.31 12.79 -1000 31.67 1.49 484.962
car -1 -1 0.00 0.00 0.00 100.00 100.00 -1000 2.17 7.61 -6.96 -1000 9.63 1.35 483.959
car -1 -1 0.00 0.00 0.00 100.00 100.00 -1000 1.72 3.87 -16.57 -1000 37.54 1.43 473.173
car -1 -1 0.00 0.00 0.00 100.00 100.00 -1000 5.99 40.17 -16.51 -1000 12.70 -0.24 464.433
car -1 -1 0.00 0.00 0.00 100.00 100.00 -1000 1.73 4.76 15.71 -1000 30.51 1.44 463.153
car -1 -1 0.00 0.00 0.00 100.00 100.00 -1000 1.76 6.74 -11.22 -1000 20.95 1.39 461.530
car -1 -1 0.00 0.00 0.00 100.00 100.00 -1000 1.89 5.36 14.19 -1000 23.22 1.53 458.437
car -1 -1 0.00 0.00 0.00 100.00 100.00 -1000 2.06 8.70 12.18 -1000 45.11 1.19 453.609
car -1 -1 0.00 0.00 0.00 100.00 100.00 -1000 1.91 4.78 -18.69 -1000 37.36 1.45 443.328
car -1 -1 0.00 0.00 0.00 100.00 100.00 -1000 1.97 7.41 -10.03 -1000 21.70 1.38 438.636
car -1 -1 0.00 0.00 0.00 100.00 100.00 -1000 1.75 6.35 11.70 -1000 22.58 1.41 437.720
car -1 -1 0.00 0.00 0.00 100.00 100.00 -1000 1.98 6.17 14.17 -1000 34.00 1.40 436.794
car -1 -1 0.00 0.00 0.00 100.00 100.00 -1000 1.92 5.37 12.10 -1000 30.92 1.50 433.666
car -1 -1 0.00 0.00 0.00 100.00 100.00 -1000 1.60 5.46 5.56 -1000 33.55 1.58 430.303
car -1 -1 0.00 0.00 0.00 100.00 100.00 -1000 3.65 26.44 -15.73 -1000 39.98 1.09 426.734
car -1 -1 0.00 0.00 0.00 100.00 100.00 -1000 2.88 15.04 -14.87 -1000 40.02 1.18 425.664
car -1 -1 0.00 0.00 0.00 100.00 100.00 -1000 1.90 8.71 -1.95 -1000 34.27 1.27 423.617
car -1 -1 0.00 0.00 0.00 100.00 100.00 -1000 5.53 36.26 -16.43 -1000 7.79 -0.15 421.637
car -1 -1 0.00 0.00 0.00 100.00 100.00 -1000 12.73 552.67 -14.40 -1000 7.64 0.11 409.186
car -1 -1 0.00 0.00 0.00 100.00 100.00 -1000 1.75 4.68 17.28 -1000 19.89 -0.18 403.735
car -1 -1 0.00 0.00 0.00 100.00 100.00 -1000 2.00 7.97 -7.37 -1000 21.47 1.54 403.099
car -1 -1 0.00 0.00 0.00 100.00 100.00 -1000 1.62 3.55 -17.72 -1000 38.91 1.31 398.870
car -1 -1 0.00 0.00 0.00 100.00 100.00 -1000 2.14 9.41 13.88 -1000 44.27 1.15 387.295
car -1 -1 0.00 0.00 0.00 100.00 100.00 -1000 1.77 5.24 15.51 -1000 32.10 1.42 386.303
car -1 -1 0.00 0.00 0.00 100.00 100.00 -1000 2.02 7.79 -7.60 -1000 23.31 1.57 386.261
car -1 -1 0.00 0.00 0.00 100.00 100.00 -1000 1.81 4.41 -3.59 -1000 4.03 -0.00 385.950
car -1 -1 0.00 0.00 0.00 100.00 100.00 -1000 1.60 3.78 0.97 -1000 28.15 -0.12 379.925
car -1 -1 0.00 0.00 0.00 100.00 100.00 -1000 2.17 7.50 16.95 -1000 32.69 1.54 377.251
car -1 -1 0.00 0.00 0.00 100.00 100.00 -1000 4.50 23.13 -13.73 -1000 9.07 0.13 367.390
car -1 -1 0.00 0.00 0.00 100.00 100.00 -1000 1.71 6.61 11.39 -1000 20.18 1.48 364.625
car -1 -1 0.00 0.00 0.00 100.00 100.00 -1000 2.29 8.21 -7.46 -1000 8.45 1.24 362.924
car -1 -1 0.00 0.00 0.00 100.00 100.00 -1000 1.97 6.87 13.06 -1000 26.08 1.39 359.875
car -1 -1 0.00 0.00 0.00 100.00 100.00 -1000 2.36 13.57 15.81 -1000 27.16 1.21 358.807
car -1 -1 0.00 0.00 0.00 100.00 100.00 -1000 1.94 8.54 5.81 -1000 35.48 1.46 354.942
car -1 -1 0.00 0.00 0.00 100.00 100.00 -1000 2.30 7.87 15.23 -1000 47.07 1.33 352.075
car -1 -1 0.00 0.00 0.00 100.00 100.00 -1000 1.73 4.87 -3.72 -1000 44.47 1.59 351.832
car -1 -1 0.00 0.00 0.00 100.00 100.00 -1000 1.80 6.06 -7.02 -1000 5.76 1.34 346.834
car -1 -1 0.00 0.00 0.00 100.00 100.00 -1000 1.81 6.34 -12.14 -1000 38.60 1.51 344.294
car -1 -1 0.00 0.00 0.00 100.00 100.00 -1000 1.77 6.83 4.36 -1000 34.86 1.60 344.044
car -1 -1 0.00 0.00 0.00 100.00 100.00 -1000 2.04 6.72 18.13 -1000 35.69 1.45 338.430
car -1 -1 0.00 0.00 0.00 100.00 100.00 -1000 1.67 4.66 -5.56 -1000 4.51 0.03 337.129
car -1 -1 0.00 0.00 0.00 100.00 100.00 -1000 1.76 4.95 14.86 -1000 17.90 1.65 328.722
car -1 -1 0.00 0.00 0.00 100.00 100.00 -1000 1.98 5.75 -15.18 -1000 38.12 1.43 322.986
car -1 -1 0.00 0.00 0.00 100.00 100.00 -1000 4.84 31.59 9.65 -1000 5.99 0.01 322.478
car -1 -1 0.00 0.00 0.00 100.00 100.00 -1000 1.92 5.60 14.09 -1000 29.07 1.46 322.436
car -1 -1 0.00 0.00 0.00 100.00 100.00 -1000 1.92 6.22 15.18 -1000 19.59 1.54 320.551
car -1 -1 0.00 0.00 0.00 100.00 100.00 -1000 1.70 6.29 -6.75 -1000 26.26 1.51 318.757
car -1 -1 0.00 0.00 0.00 100.00 100.00 -1000 4.78 27.17 -13.61 -1000 10.64 0.08 311.163
car -1 -1 0.00 0.00 0.00 100.00 100.00 -1000 10.31 365.37 -14.40 -1000 10.90 0.20 307.725
car -1 -1 0.00 0.00 0.00 100.00 100.00 -1000 1.61 4.70 -4.53 -1000 19.71 1.71 306.225
car -1 -1 0.00 0.00 0.00 100.00 100.00 -1000 2.10 11.35 16.09 -1000 25.80 1.20 305.631
car -1 -1 0.00 0.00 0.00 100.00 100.00 -1000 1.85 5.64 15.57 -1000 21.38 1.54 305.039
car -1 -1 0.00 0.00 0.00 100.00 100.00 -1000 1.80 6.47 -5.27 -1000 28.03 1.47 301.913
car -1 -1 0.00 0.00 0.00 100.00 100.00 -1000 1.97 7.56 10.80 -1000 36.32 1.23 296.267
car -1 -1 0.00 0.00 0.00 100.00 100.00 -1000 1.51 4.26 -1.88 -1000 25.71 1.64 289.537
car -1 -1 0.00 0.00 0.00 100.00 100.00 -1000 1.85 7.31 16.95 -1000 27.34 1.35 286.039
car -1 -1 0.00 0.00 0.00 100.00 100.00 -1000 2.33 13.14 15.97 -1000 28.73 1.19 282.435
car -1 -1 0.00 0.00 0.00 100.00 100.00 -1000 1.67 5.91 -8.32 -1000 19.84 1.57 279.166
car -1 -1 0.00 0.00 0.00 100.00 100.00 -1000 9.29 296.94 -14.41 -1000 6.07 0.28 276.320
car -1 -1 0.00 0.00 0.00 100.00 100.00 -1000 1.66 4.84 17.69 -1000 21.47 1.53 275.839
car -1 -1 0.00 0.00 0.00 100.00 100.00 -1000 6.83 130.93 -11.96 -1000 7.76 0.48 275.490
car -1 -1 0.00 0.00 0.00 100.00 100.00 -1000 2.06 8.38 -9.89 -1000 22.87 1.33 274.866
car -1 -1 0.00 0.00 0.00 100.00 100.00 -1000 2.22 8.80 -12.95 -1000 40.56 1.42 274.452
car -1 -1 0.00 0.00 0.00 100.00 100.00 -1000 2.21 10.78 12.66 -1000 37.05 1.23 273.113
car -1 -1 0.00 0.00 0.00 100.00 100.00 -1000 1.73 7.64 6.36 -1000 34.30 1.59 271.841
car -1 -1 0.00 0.00 0.00 100.00 100.00 -1000 2.11 9.88 10.54 -1000 32.00 1.32 269.780
car -1 -1 0.00 0.00 0.00 100.00 100.00 -1000 1.71 6.04 17.99 -1000 23.42 1.41 269.770
car -1 -1 0.00 0.00 0.00 100.00 100.00 -1000 1.76 5.94 6.71 -1000 28.94 1.57 268.824
car -1 -1 0.00 0.00 0.00 100.00 100.00 -1000 2.02 7.68 10.10 -1000 44.27 1.36 265.157
car -1 -1 0.00 0.00 0.00 100.00 100.00 -1000 1.82 6.10 13.05 -1000 20.95 1.43 264.947
car -1 -1 0.00 0.00 0.00 100.00 100.00 -1000 1.79 6.98 -4.13 -1000 21.18 1.63 263.106
car -1 -1 0.00 0.00 0.00 100.00 100.00 -1000 1.84 7.16 -12.10 -1000 20.17 1.30 257.144
car -1 -1 0.00 0.00 0.00 100.00 100.00 -1000 1.80 5.35 16.16 -1000 28.90 1.58 255.914
car -1 -1 0.00 0.00 0.00 100.00 100.00 -1000 2.18 9.62 13.43 -1000 41.91 1.26 250.995
car -1 -1 0.00 0.00 0.00 100.00 100.00 -1000 2.01 8.59 12.41 -1000 40.41 1.22 250.647
car -1 -1 0.00 0.00 0.00 100.00 100.00 -1000 4.25 26.21 8.37 -1000 4.27 0.14 249.313
car -1 -1 0.00 0.00 0.00 100.00 100.00 -1000 1.96 11.04 -6.23 -1000 31.43 1.25 247.744
car -1 -1 0.00 0.00 0.00 100.00 100.00 -1000 1.86 6.58 -8.49 -1000 6.49 1.29 244.505
car -1 -1 0.00 0.00 0.00 100.00 100.00 -1000 1.79 6.06 2.46 -1000 43.91 1.49 237.828
car -1 -1 0.00 0.00 0.00 100.00 100.00 -1000 4.88 7.41 -15.31 -1000 7.87 0.44 237.774
car -1 -1 0.00 0.00 0.00 100.00 100.00 -1000 1.63 5.64 -8.10 -1000 42.52 1.43 235.428
car -1 -1 0.00 0.00 0.00 100.00 100.00 -1000 1.81 6.61 -12.35 -1000 25.62 1.54 234.839
car -1 -1 0.00 0.00 0.00 100.00 100.00 -1000 1.74 6.58 17.79 -1000 24.98 1.34 234.174
car -1 -1 0.00 0.00 0.00 100.00 100.00 -1000 4.32 27.67 -17.65 -1000 15.55 0.08 231.466
car -1 -1 0.00 0.00 0.00 100.00 100.00 -1000 1.63 5.99 12.47 -1000 19.01 1.44 231.187
car -1 -1 0.00 0.00 0.00 100.00 100.00 -1000 2.11 10.35 -1.97 -1000 35.12 1.26 228.882
car -1 -1 0.00 0.00 0.00 100.00 100.00 -1000 1.73 6.53 -4.22 -1000 29.40 1.41 228.159
car -1 -1 0.00 0.00 0.00 100.00 100.00 -1000 1.64 5.76 -2.91 -1000 20.62 1.62 222.580
car -1 -1 0.00 0.00 0.00 100.00 100.00 -1000 1.75 5.43 -13.81 -1000 36.72 1.51 220.801
car -1 -1 0.00 0.00 0.00 100.00 100.00 -1000 2.10 9.17 12.67 -1000 46.37 1.20 220.295
car -1 -1 0.00 0.00 0.00 100.00 100.00 -1000 1.98 11.20 12.06 -1000 38.57 1.22 218.711
car -1 -1 0.00 0.00 0.00 100.00 100.00 -1000 1.91 7.20 5.44 -1000 42.48 1.52 218.159
car -1 -1 0.00 0.00 0.00 100.00 100.00 -1000 2.22 8.85 -16.08 -1000 30.62 1.20 214.544
car -1 -1 0.00 0.00 0.00 100.00 100.00 -1000 8.04 225.65 -15.98 -1000 12.55 0.31 212.351
car -1 -1 0.00 0.00 0.00 100.00 100.00 -1000 1.95 6.13 -15.87 -1000 40.40 1.30 212.348
car -1 -1 0.00 0.00 0.00 100.00 100.00 -1000 7.63 198.93 11.44 -1000 4.48 0.39 209.070
car -1 -1 0.00 0.00 0.00 100.00 100.00 -1000 1.79 5.45 16.63 -1000 29.85 1.52 208.700
car -1 -1 0.00 0.00 0.00 100.00 100.00 -1000 1.60 5.14 4.91 -1000 26.39 1.52 205.240
car -1 -1 0.00 0.00 0.00 100.00 100.00 -1000 1.54 4.64 3.35 -1000 29.25 1.67 204.525
car -1 -1 0.00 0.00 0.00 100.00 100.00 -1000 1.70 5.25 -7.91 -1000 18.81 1.62 203.086
car -1 -1 0.00 0.00 0.00 100.00 100.00 -1000 1.87 8.32 -7.73 -1000 34.59 1.44 202.775
car -1 -1 0.00 0.00 0.00 100.00 100.00 -1000 4.63 6.90 -16.91 -1000 9.51 0.45 202.754
car -1 -1 0.00 0.00 0.00 100.00 100.00 -1000 1.91 7.94 17.15 -1000 28.24 1.27 200.078
car -1 -1 0.00 0.00 0.00 100.00 100.00 -1000 1.84 6.61 9.58 -1000 30.30 1.48 199.332
car -1 -1 0.00 0.00 0.00 100.00 100.00 -1000 1.84 5.71 -9.36 -1000 41.22 1.54 199.150
car -1 -1 0.00 0.00 0.00 100.00 100.00 -1000 1.85 5.63 16.19 -1000 26.44 1.55 198.006
car -1 -1 0.00 0.00 0.00 100.00 100.00 -1000 1.72 5.14 -9.57 -1000 47.19 1.38 195.540
car -1 -1 0.00 0.00 0.00 100.00 100.00 -1000 3.90 24.05 -17.52 -1000 5.78 0.20 192.357
car -1 -1 0.00 0.00 0.00 100.00 100.00 -1000 1.41 4.25 5.32 -1000 32.91 1.66 190.813
car -1 -1 0.00 0.00 0.00 100.00 100.00 -1000 2.10 8.08 -12.69 -1000 39.36 1.45 190.053
car -1 -1 0.00 0.00 0.00 100.00 100.00 -1000 1.91 4.59 17.42 -1000 39.91 -0.29 188.983
car -1 -1 0.00 0.00 0.00 100.00 100.00 -1000 1.91 5.93 -13.01 -1000 37.85 1.50 186.667
car -1 -1 0.00 0.00 0.00 100.00 100.00 -1000 1.85 7.91 -4.28 -1000 45.54 1.40 186.437
car -1 -1 0.00 0.00 0.00 100.00 100.00 -1000 3.91 25.48 11.59 -1000 8.92 0.25 179.962
car -1 -1 0.00 0.00 0.00 100.00 100.00 -1000 6.32 116.67 -11.97 -1000 10.96 0.49 179.360
car -1 -1 0.00 0.00 0.00 100.00 100.00 -1000 4.33 7.45 -15.32 -1000 11.11 0.51 177.994
car -1 -1 0.00 0.00 0.00 100.00 100.00 -1000 1.72 6.72 6.53 -1000 43.26 1.53 177.720
car -1 -1 0.00 0.00 0.00 100.00 100.00 -1000 1.91 7.14 16.41 -1000 31.34 1.47 177.200
car -1 -1 0.00 0.00 0.00 100.00 100.00 -1000 2.14 7.78 -11.45 -1000 41.60 1.40 175.886
car -1 -1 0.00 0.00 0.00 100.00 100.00 -1000 2.94 18.88 -9.29 -1000 8.04 0.98 174.645
car -1 -1 0.00 0.00 0.00 100.00 100.00 -1000 1.54 5.59 -1.69 -1000 26.38 1.44 174.458
car -1 -1 0.00 0.00 0.00 100.00 100.00 -1000 3.69 23.10 -14.19 -1000 7.26 0.33 173.973
car -1 -1 0.00 0.00 0.00 100.00 100.00 -1000 1.70 6.24 9.04 -1000 29.47 1.46 172.249
car -1 -1 0.00 0.00 0.00 100.00 100.00 -1000 2.38 10.91 16.53 -1000 31.89 1.47 171.227
car -1 -1 0.00 0.00 0.00 100.00 100.00 -1000 1.79 6.32 -10.12 -1000 36.97 1.43 167.189
car -1 -1 0.00 0.00 0.00 100.00 100.00 -1000 2.27 9.04 -15.59 -1000 39.59 1.21 165.637
car -1 -1 0.00 0.00 0.00 100.00 100.00 -1000 1.55 6.36 7.35 -1000 33.00 1.59 162.818
car -1 -1 0.00 0.00 0.00 100.00 100.00 -1000 2.10 9.38 -8.33 -1000 12.71 1.24 159.378
car -1 -1 0.00 0.00 0.00 100.00 100.00 -1000 1.78 7.04 -5.19 -1000 22.00 1.52 158.696
car -1 -1 0.00 0.00 0.00 100.00 100.00 -1000 6.25 137.31 10.00 -1000 2.90 0.51 158.240
car -1 -1 0.00 0.00 0.00 100.00 100.00 -1000 1.72 3.79 18.85 -1000 34.18 -0.23 156.068
car -1 -1 0.00 0.00 0.00 100.00 100.00 -1000 6.25 132.22 13.03 -1000 6.12 0.50 155.496
car -1 -1 0.00 0.00 0.00 100.00 100.00 -1000 1.69 4.54 -16.99 -1000 45.91 -0.00 153.820
car -1 -1 0.00 0.00 0.00 100.00 100.00 -1000 4.05 7.19 -16.92 -1000 6.27 0.55 152.855
car -1 -1 0.00 0.00 0.00 100.00 100.00 -1000 1.97 8.90 -12.98 -1000 26.51 1.56 152.767
car -1 -1 0.00 0.00 0.00 100.00 100.00 -1000 1.98 7.35 10.90 -1000 25.34 1.38 151.642
car -1 -1 0.00 0.00 0.00 100.00 100.00 -1000 1.72 4.62 -16.03 -1000 30.57 1.44 151.548
car -1 -1 0.00 0.00 0.00 100.00 100.00 -1000 6.40 143.11 -15.99 -1000 14.19 0.43 149.737
car -1 -1 0.00 0.00 0.00 100.00 100.00 -1000 2.08 8.93 16.60 -1000 30.28 1.30 149.516
car -1 -1 0.00 0.00 0.00 100.00 100.00 -1000 1.81 5.35 16.00 -1000 34.57 1.50 149.438
car -1 -1 0.00 0.00 0.00 100.00 100.00 -1000 1.71 7.16 6.47 -1000 44.12 1.51 145.261
car -1 -1 0.00 0.00 0.00 100.00 100.00 -1000 1.75 7.28 17.63 -1000 22.57 1.32 143.500
car -1 -1 0.00 0.00 0.00 100.00 100.00 -1000 1.53 6.06 -6.04 -1000 25.55 1.47 142.958
car -1 -1 0.00 0.00 0.00 100.00 100.00 -1000 1.98 7.46 15.44 -1000 36.77 1.35 139.823
car -1 -1 0.00 0.00 0.00 100.00 100.00 -1000 2.11 8.99 -12.76 -1000 44.83 1.23 138.611
car -1 -1 0.00 0.00 0.00 100.00 100.00 -1000 1.71 7.30 2.06 -1000 34.43 1.35 137.998
car -1 -1 0.00 0.00 0.00 100.00 100.00 -1000 3.61 21.29 -13.52 -1000 13.54 0.33 137.467
car -1 -1 0.00 0.00 0.00 100.00 100.00 -1000 1.61 4.46 -1.96 -1000 4.46 -0.23 137.309
car -1 -1 0.00 0.00 0.00 100.00 100.00 -1000 2.23 8.28 17.45 -1000 46.65 1.47 136.256
car -1 -1 0.00 0.00 0.00 100.00 100.00 -1000 2.89 13.21 -10.43 -1000 9.94 0.81 136.154
car -1 -1 0.00 0.00 0.00 100.00 100.00 -1000 3.53 22.19 -17.33 -1000 16.89 0.31 136.131
car -1 -1 0.00 0.00 0.00 100.00 100.00 -1000 1.61 5.52 -5.81 -1000 23.72 1.49 135.960
car -1 -1 0.00 0.00 0.00 100.00 100.00 -1000 1.88 8.17 10.40 -1000 19.44 1.41 135.884
car -1 -1 0.00 0.00 0.00 100.00 100.00 -1000 1.51 4.98 -2.71 -1000 19.49 1.58 133.595
car -1 -1 0.00 0.00 0.00 100.00 100.00 -1000 1.71 7.94 12.60 -1000 37.80 1.31 130.913
car -1 -1 0.00 0.00 0.00 100.00 100.00 -1000 1.67 5.32 -7.34 -1000 4.84 0.11 129.424
car -1 -1 0.00 0.00 0.00 100.00 100.00 -1000 1.76 5.78 -16.61 -1000 47.31 1.45 126.237
car -1 -1 0.00 0.00 0.00 100.00 100.00 -1000 5.64 110.54 -16.00 -1000 4.52 0.53 126.030
car -1 -1 0.00 0.00 0.00 100.00 100.00 -1000 3.77 7.14 -16.93 -1000 12.75 0.58 125.140
car -1 -1 0.00 0.00 0.00 100.00 100.00 -1000 3.71 7.94 10.51 -1000 4.65 0.63 124.211
car -1 -1 0.00 0.00 0.00 100.00 100.00 -1000 1.42 5.24 12.07 -1000 39.58 1.28 122.686
car -1 -1 0.00 0.00 0.00 100.00 100.00 -1000 2.07 14.34 -8.89 -1000 23.71 1.32 121.936
car -1 -1 0.00 0.00 0.00 100.00 100.00 -1000 1.71 7.61 10.46 -1000 18.57 1.44 121.785
car -1 -1 0.00 0.00 0.00 100.00 100.00 -1000 2.19 7.73 -15.73 -1000 41.80 1.27 121.694
car -1 -1 0.00 0.00 0.00 100.00 100.00 -1000 1.59 5.32 12.98 -1000 41.25 1.31 119.189
car -1 -1 0.00 0.00 0.00 100.00 100.00 -1000 1.94 5.35 -16.49 -1000 36.69 1.28 118.880
car -1 -1 0.00 0.00 0.00 100.00 100.00 -1000 2.12 14.70 -8.21 -1000 29.73 1.39 117.827
car -1 -1 0.00 0.00 0.00 100.00 100.00 -1000 2.14 6.01 -1.84 -1000 27.88 -0.64 116.729
car -1 -1 0.00 0.00 0.00 100.00 100.00 -1000 1.92 10.03 4.49 -1000 29.73 1.54 116.335
car -1 -1 0.00 0.00 0.00 100.00 100.00 -1000 1.92 6.99 10.92 -1000 41.23 1.18 115.757
car -1 -1 0.00 0.00 0.00 100.00 100.00 -1000 1.56 4.02 17.57 -1000 32.33 -0.25 112.351
car -1 -1 0.00 0.00 0.00 100.00 100.00 -1000 2.08 6.79 15.36 -1000 39.22 1.54 111.375
car -1 -1 0.00 0.00 0.00 100.00 100.00 -1000 1.80 6.50 11.27 -1000 43.42 1.35 110.380
car -1 -1 0.00 0.00 0.00 100.00 100.00 -1000 1.82 8.45 8.43 -1000 44.85 1.27 110.345
car -1 -1 0.00 0.00 0.00 100.00 100.00 -1000 2.37 9.69 -7.28 -1000 10.73 1.37 109.651
car -1 -1 0.00 0.00 0.00 100.00 100.00 -1000 2.28 13.39 -10.07 -1000 6.34 1.07 108.626
car -1 -1 0.00 0.00 0.00 100.00 100.00 -1000 4.98 76.60 -12.16 -1000 12.60 0.59 107.908
car -1 -1 0.00 0.00 0.00 100.00 100.00 -1000 1.87 9.28 0.99 -1000 44.75 1.37 107.475
