car -1 -1 0.00 0.00 0.00 100.00 100.00 -1000 1.56 3.69 0.28 -1000 7.46 1.57 999.864
car -1 -1 0.00 0.00 0.00 100.00 100.00 -1000 1.36 4.03 -16.30 -1000 21.88 1.43 999.342
car -1 -1 0.00 0.00 0.00 100.00 100.00 -1000 1.59 4.52 1.80 -1000 19.55 0.19 999.127
car -1 -1 0.00 0.00 0.00 100.00 100.00 -1000 1.64 4.74 15.49 -1000 33.98 0.22 998.932
car -1 -1 0.00 0.00 0.00 100.00 100.00 -1000 1.44 4.15 -14.19 -1000 21.71 1.44 998.758
car -1 -1 0.00 0.00 0.00 100.00 100.00 -1000 1.57 3.43 1.21 -1000 20.19 1.58 998.735
car -1 -1 0.00 0.00 0.00 100.00 100.00 -1000 1.38 3.49 15.27 -1000 18.58 1.49 998.564
car -1 -1 0.00 0.00 0.00 100.00 100.00 -1000 1.56 3.53 14.10 -1000 34.70 1.60 998.015
car -1 -1 0.00 0.00 0.00 100.00 100.00 -1000 1.50 3.29 0.29 -1000 6.69 1.47 997.805
car -1 -1 0.00 0.00 0.00 100.00 100.00 -1000 1.61 4.15 2.55 -1000 20.38 1.49 996.995
car -1 -1 0.00 0.00 0.00 100.00 100.00 -1000 1.45 4.41 -16.31 -1000 21.10 0.20 996.167
car -1 -1 0.00 0.00 0.00 100.00 100.00 -1000 1.53 3.67 -0.22 -1000 8.20 1.53 995.246
car -1 -1 0.00 0.00 0.00 100.00 100.00 -1000 1.57 3.70 16.49 -1000 28.14 1.57 992.134
car -1 -1 0.00 0.00 0.00 100.00 100.00 -1000 1.58 3.82 15.79 -1000 34.71 1.60 991.706
car -1 -1 0.00 0.00 0.00 100.00 100.00 -1000 1.57 3.78 0.38 -1000 20.74 1.55 982.600
car -1 -1 0.00 0.00 0.00 100.00 100.00 -1000 1.32 4.01 15.60 -1000 17.90 0.26 980.877
car -1 -1 0.00 0.00 0.00 100.00 100.00 -1000 1.61 4.24 -15.34 -1000 22.47 1.57 980.857
car -1 -1 0.00 0.00 0.00 100.00 100.00 -1000 1.52 4.22 -14.83 -1000 20.91 0.11 979.745
car -1 -1 0.00 0.00 0.00 100.00 100.00 -1000 1.79 5.05 0.98 -1000 11.11 1.49 979.024
car -1 -1 0.00 0.00 0.00 100.00 100.00 -1000 1.69 4.43 15.21 -1000 19.42 1.59 962.813
car -1 -1 0.00 0.00 0.00 100.00 100.00 -1000 1.56 4.67 13.87 -1000 33.72 1.57 955.752
car -1 -1 0.00 0.00 0.00 100.00 100.00 -1000 1.57 3.60 9.42 -1000 39.49 1.57 954.714
car -1 -1 0.00 0.00 0.00 100.00 100.00 -1000 1.76 5.04 -16.99 -1000 22.72 1.57 951.155
car -1 -1 0.00 0.00 0.00 100.00 100.00 -1000 1.61 4.03 -0.59 -1000 8.96 1.58 942.952
car -1 -1 0.00 0.00 0.00 100.00 100.00 -1000 1.60 4.28 -14.05 -1000 22.80 1.53 942.094
car -1 -1 0.00 0.00 0.00 100.00 100.00 -1000 3.86 17.79 -0.60 -1000 24.71 0.66 932.291
car -1 -1 0.00 0.00 0.00 100.00 100.00 -1000 5.20 53.05 0.83 -1000 23.95 0.88 928.019
car -1 -1 0.00 0.00 0.00 100.00 100.00 -1000 1.63 4.00 15.18 -1000 28.52 1.61 922.615
car -1 -1 0.00 0.00 0.00 100.00 100.00 -1000 1.43 4.04 0.61 -1000 19.19 1.39 917.857
car -1 -1 0.00 0.00 0.00 100.00 100.00 -1000 11.67 68.83 9.08 -1000 8.59 -0.88 913.646
car -1 -1 0.00 0.00 0.00 100.00 100.00 -1000 1.69 4.23 15.57 -1000 27.52 0.03 905.450
car -1 -1 0.00 0.00 0.00 100.00 100.00 -1000 1.53 4.33 0.70 -1000 5.89 0.25 897.875
car -1 -1 0.00 0.00 0.00 100.00 100.00 -1000 2.24 9.49 -0.43 -1000 11.01 1.39 894.321
car -1 -1 0.00 0.00 0.00 100.00 100.00 -1000 1.74 4.91 1.80 -1000 21.01 1.56 870.784
car -1 -1 0.00 0.00 0.00 100.00 100.00 -1000 1.69 4.42 -17.79 -1000 21.59 1.56 866.347
car -1 -1 0.00 0.00 0.00 100.00 100.00 -1000 1.62 4.33 2.30 -1000 11.48 1.55 862.959
car -1 -1 0.00 0.00 0.00 100.00 100.00 -1000 1.71 4.93 13.83 -1000 35.51 1.56 859.370
car -1 -1 0.00 0.00 0.00 100.00 100.00 -1000 9.19 50.18 7.91 -1000 5.12 -0.63 857.498
car -1 -1 0.00 0.00 0.00 100.00 100.00 -1000 1.66 4.11 8.79 -1000 40.15 1.58 853.547
car -1 -1 0.00 0.00 0.00 100.00 100.00 -1000 3.07 16.06 2.40 -1000 23.76 1.37 852.755
car -1 -1 0.00 0.00 0.00 100.00 100.00 -1000 1.79 5.51 1.02 -1000 9.95 1.52 850.629
car -1 -1 0.00 0.00 0.00 100.00 100.00 -1000 0.95 3.61 -13.39 -1000 20.77 0.33 845.680
car -1 -1 0.00 0.00 0.00 100.00 100.00 -1000 1.62 4.04 -6.47 -1000 43.49 1.59 838.462
car -1 -1 0.00 0.00 0.00 100.00 100.00 -1000 28.44 2184.22 12.31 -1000 5.92 -0.25 828.054
car -1 -1 0.00 0.00 0.00 100.00 100.00 -1000 1.76 5.03 4.11 -1000 20.84 1.67 827.383
car -1 -1 0.00 0.00 0.00 100.00 100.00 -1000 1.71 5.14 16.45 -1000 35.35 1.58 803.156
car -1 -1 0.00 0.00 0.00 100.00 100.00 -1000 1.97 6.72 -18.46 -1000 23.16 1.48 791.597
car -1 -1 0.00 0.00 0.00 100.00 100.00 -1000 2.10 9.13 12.63 -1000 20.03 1.45 784.724
car -1 -1 0.00 0.00 0.00 100.00 100.00 -1000 2.13 7.07 0.58 -1000 24.56 1.19 780.138
car -1 -1 0.00 0.00 0.00 100.00 100.00 -1000 1.66 4.33 13.94 -1000 28.16 1.55 774.316
car -1 -1 0.00 0.00 0.00 100.00 100.00 -1000 1.67 4.41 16.07 -1000 29.16 1.55 773.553
car -1 -1 0.00 0.00 0.00 100.00 100.00 -1000 1.72 3.98 -6.56 -1000 47.69 1.45 757.327
car -1 -1 0.00 0.00 0.00 100.00 100.00 -1000 1.71 4.23 3.77 -1000 19.73 -0.39 756.157
car -1 -1 0.00 0.00 0.00 100.00 100.00 -1000 20.15 1093.66 10.79 -1000 2.74 -0.05 752.219
car -1 -1 0.00 0.00 0.00 100.00 100.00 -1000 1.87 6.08 -15.99 -1000 23.41 1.56 726.017
car -1 -1 0.00 0.00 0.00 100.00 100.00 -1000 1.63 4.26 -0.32 -1000 19.91 1.52 722.940
car -1 -1 0.00 0.00 0.00 100.00 100.00 -1000 1.56 3.64 2.74 -1000 18.85 -0.20 722.090
car -1 -1 0.00 0.00 0.00 100.00 100.00 -1000 2.94 16.45 -0.62 -1000 10.96 1.25 715.779
car -1 -1 0.00 0.00 0.00 100.00 100.00 -1000 2.30 11.35 14.93 -1000 37.81 1.33 711.795
car -1 -1 0.00 0.00 0.00 100.00 100.00 -1000 1.61 4.19 3.59 -1000 12.06 1.50 711.141
car -1 -1 0.00 0.00 0.00 100.00 100.00 -1000 1.61 3.90 9.73 -1000 40.72 -0.26 709.944
car -1 -1 0.00 0.00 0.00 100.00 100.00 -1000 1.66 3.92 15.75 -1000 45.20 1.52 705.069
car -1 -1 0.00 0.00 0.00 100.00 100.00 -1000 2.07 8.71 1.87 -1000 23.29 1.35 690.288
car -1 -1 0.00 0.00 0.00 100.00 100.00 -1000 1.53 3.61 -1.06 -1000 6.34 1.27 673.617
car -1 -1 0.00 0.00 0.00 100.00 100.00 -1000 1.67 4.23 17.46 -1000 27.47 -0.12 671.689
car -1 -1 0.00 0.00 0.00 100.00 100.00 -1000 2.26 10.94 -15.25 -1000 25.27 1.43 664.112
car -1 -1 0.00 0.00 0.00 100.00 100.00 -1000 1.73 4.44 12.44 -1000 34.08 1.61 654.282
car -1 -1 0.00 0.00 0.00 100.00 100.00 -1000 2.50 11.83 3.26 -1000 22.47 1.51 649.702
car -1 -1 0.00 0.00 0.00 100.00 100.00 -1000 6.26 32.89 10.12 -1000 4.59 -0.17 639.896
car -1 -1 0.00 0.00 0.00 100.00 100.00 -1000 1.82 6.33 3.24 -1000 21.55 1.57 637.440
car -1 -1 0.00 0.00 0.00 100.00 100.00 -1000 1.68 4.67 8.11 -1000 17.52 1.51 628.480
car -1 -1 0.00 0.00 0.00 100.00 100.00 -1000 1.66 4.09 16.55 -1000 33.38 -0.20 627.900
car -1 -1 0.00 0.00 0.00 100.00 100.00 -1000 1.77 4.65 12.87 -1000 46.68 1.33 626.135
car -1 -1 0.00 0.00 0.00 100.00 100.00 -1000 1.83 5.16 9.43 -1000 41.45 1.52 619.781
car -1 -1 0.00 0.00 0.00 100.00 100.00 -1000 1.68 4.81 17.60 -1000 28.60 1.61 613.881
car -1 -1 0.00 0.00 0.00 100.00 100.00 -1000 1.67 4.17 6.85 -1000 27.26 1.50 611.978
car -1 -1 0.00 0.00 0.00 100.00 100.00 -1000 2.26 9.74 -0.28 -1000 12.28 1.28 607.056
car -1 -1 0.00 0.00 0.00 100.00 100.00 -1000 1.73 4.80 7.51 -1000 25.92 0.10 605.592
car -1 -1 0.00 0.00 0.00 100.00 100.00 -1000 1.92 7.19 14.14 -1000 18.81 1.52 600.732
car -1 -1 0.00 0.00 0.00 100.00 100.00 -1000 1.65 4.52 17.35 -1000 34.56 1.62 597.432
car -1 -1 0.00 0.00 0.00 100.00 100.00 -1000 2.29 13.99 -17.97 -1000 26.11 1.39 591.565
car -1 -1 0.00 0.00 0.00 100.00 100.00 -1000 7.73 6.66 11.34 -1000 6.20 0.19 589.811
car -1 -1 0.00 0.00 0.00 100.00 100.00 -1000 14.90 635.51 9.12 -1000 2.77 0.06 582.548
car -1 -1 0.00 0.00 0.00 100.00 100.00 -1000 1.89 6.85 -0.62 -1000 21.58 1.35 581.724
car -1 -1 0.00 0.00 0.00 100.00 100.00 -1000 2.34 10.99 13.52 -1000 21.12 1.35 578.425
car -1 -1 0.00 0.00 0.00 100.00 100.00 -1000 1.70 7.01 15.50 -1000 20.27 1.48 577.563
car -1 -1 0.00 0.00 0.00 100.00 100.00 -1000 1.73 5.91 6.16 -1000 20.13 1.59 564.284
car -1 -1 0.00 0.00 0.00 100.00 100.00 -1000 1.84 6.34 16.03 -1000 36.16 1.50 557.926
car -1 -1 0.00 0.00 0.00 100.00 100.00 -1000 1.66 3.77 9.14 -1000 38.55 0.03 554.770
car -1 -1 0.00 0.00 0.00 100.00 100.00 -1000 1.96 7.36 5.60 -1000 21.32 1.65 543.006
car -1 -1 0.00 0.00 0.00 100.00 100.00 -1000 7.40 6.46 9.68 -1000 4.60 0.20 539.843
car -1 -1 0.00 0.00 0.00 100.00 100.00 -1000 2.08 8.99 15.48 -1000 36.97 1.38 534.788
car -1 -1 0.00 0.00 0.00 100.00 100.00 -1000 2.34 9.06 3.50 -1000 24.41 1.47 530.279
car -1 -1 0.00 0.00 0.00 100.00 100.00 -1000 2.10 9.53 -18.46 -1000 24.78 1.36 528.809
car -1 -1 0.00 0.00 0.00 100.00 100.00 -1000 1.72 4.55 8.11 -1000 40.91 1.53 517.306
car -1 -1 0.00 0.00 0.00 100.00 100.00 -1000 11.29 340.56 12.38 -1000 2.82 0.27 512.570
car -1 -1 0.00 0.00 0.00 100.00 100.00 -1000 1.89 6.44 12.51 -1000 28.72 1.38 510.501
car -1 -1 0.00 0.00 0.00 100.00 100.00 -1000 1.94 7.46 -18.35 -1000 22.06 1.47 506.416
car -1 -1 0.00 0.00 0.00 100.00 100.00 -1000 6.08 36.29 11.59 -1000 10.97 -0.21 500.670
car -1 -1 0.00 0.00 0.00 100.00 100.00 -1000 1.14 4.48 -13.97 -1000 20.25 1.55 487.426
car -1 -1 0.00 0.00 0.00 100.00 100.00 -1000 5.25 28.70 13.48 -1000 9.15 0.05 483.672
car -1 -1 0.00 0.00 0.00 100.00 100.00 -1000 1.75 4.67 9.65 -1000 16.89 1.57 483.014
car -1 -1 0.00 0.00 0.00 100.00 100.00 -1000 2.33 6.40 0.19 -1000 7.78 0.08 467.328
car -1 -1 0.00 0.00 0.00 100.00 100.00 -1000 1.68 4.81 14.95 -1000 17.27 1.57 466.715
car -1 -1 0.00 0.00 0.00 100.00 100.00 -1000 1.74 4.73 16.56 -1000 26.87 1.72 459.965
car -1 -1 0.00 0.00 0.00 100.00 100.00 -1000 1.63 4.53 -7.31 -1000 42.77 1.54 456.160
car -1 -1 0.00 0.00 0.00 100.00 100.00 -1000 1.65 4.96 -12.55 -1000 22.31 1.65 454.956
car -1 -1 0.00 0.00 0.00 100.00 100.00 -1000 1.40 3.98 14.88 -1000 33.21 1.56 452.511
car -1 -1 0.00 0.00 0.00 100.00 100.00 -1000 1.69 4.22 -6.25 -1000 42.23 -0.09 451.412
car -1 -1 0.00 0.00 0.00 100.00 100.00 -1000 1.66 4.93 -6.19 -1000 44.26 1.47 449.261
car -1 -1 0.00 0.00 0.00 100.00 100.00 -1000 6.16 7.11 12.96 -1000 7.83 0.35 445.504
car -1 -1 0.00 0.00 0.00 100.00 100.00 -1000 1.98 8.73 -11.90 -1000 24.56 1.55 444.847
car -1 -1 0.00 0.00 0.00 100.00 100.00 -1000 1.68 4.52 10.53 -1000 39.95 1.69 417.420
car -1 -1 0.00 0.00 0.00 100.00 100.00 -1000 2.17 7.12 0.21 -1000 22.41 1.21 412.982
car -1 -1 0.00 0.00 0.00 100.00 100.00 -1000 1.91 9.21 -15.90 -1000 24.09 1.41 411.375
car -1 -1 0.00 0.00 0.00 100.00 100.00 -1000 1.68 5.70 16.96 -1000 19.04 1.49 404.581
car -1 -1 0.00 0.00 0.00 100.00 100.00 -1000 1.85 5.50 13.95 -1000 29.20 1.50 402.902
car -1 -1 0.00 0.00 0.00 100.00 100.00 -1000 1.80 6.46 10.10 -1000 35.52 1.33 399.099
car -1 -1 0.00 0.00 0.00 100.00 100.00 -1000 2.27 7.91 6.39 -1000 41.64 1.34 387.491
car -1 -1 0.00 0.00 0.00 100.00 100.00 -1000 1.85 5.41 13.13 -1000 41.06 1.47 385.903
car -1 -1 0.00 0.00 0.00 100.00 100.00 -1000 2.16 12.53 16.62 -1000 21.69 1.32 383.293
car -1 -1 0.00 0.00 0.00 100.00 100.00 -1000 10.76 338.29 13.78 -1000 9.26 0.21 378.028
car -1 -1 0.00 0.00 0.00 100.00 100.00 -1000 8.64 199.21 15.41 -1000 7.68 0.41 373.155
car -1 -1 0.00 0.00 0.00 100.00 100.00 -1000 1.73 5.72 -0.94 -1000 10.28 1.45 373.146
car -1 -1 0.00 0.00 0.00 100.00 100.00 -1000 2.05 7.20 11.75 -1000 37.36 1.43 372.834
car -1 -1 0.00 0.00 0.00 100.00 100.00 -1000 1.83 6.41 -13.77 -1000 23.59 1.58 357.380
car -1 -1 0.00 0.00 0.00 100.00 100.00 -1000 1.86 5.11 -17.72 -1000 20.63 -0.05 356.088
car -1 -1 0.00 0.00 0.00 100.00 100.00 -1000 1.72 5.03 8.57 -1000 27.12 1.51 349.914
car -1 -1 0.00 0.00 0.00 100.00 100.00 -1000 4.72 7.12 11.51 -1000 3.00 0.55 337.868
car -1 -1 0.00 0.00 0.00 100.00 100.00 -1000 1.61 4.32 7.61 -1000 39.54 1.42 337.057
car -1 -1 0.00 0.00 0.00 100.00 100.00 -1000 1.86 5.98 11.15 -1000 34.71 1.39 334.335
car -1 -1 0.00 0.00 0.00 100.00 100.00 -1000 1.79 5.28 5.81 -1000 26.57 1.39 331.518
car -1 -1 0.00 0.00 0.00 100.00 100.00 -1000 4.26 22.62 13.78 -1000 7.28 0.28 323.264
car -1 -1 0.00 0.00 0.00 100.00 100.00 -1000 4.26 21.24 0.30 -1000 28.19 0.31 322.426
car -1 -1 0.00 0.00 0.00 100.00 100.00 -1000 2.17 10.08 15.32 -1000 39.15 1.31 317.635
car -1 -1 0.00 0.00 0.00 100.00 100.00 -1000 1.94 6.18 -2.65 -1000 46.35 1.54 314.434
car -1 -1 0.00 0.00 0.00 100.00 100.00 -1000 5.32 6.50 7.96 -1000 3.00 0.40 310.480
car -1 -1 0.00 0.00 0.00 100.00 100.00 -1000 2.18 9.84 10.05 -1000 29.53 1.32 309.175
car -1 -1 0.00 0.00 0.00 100.00 100.00 -1000 1.80 5.18 14.69 -1000 45.94 1.39 305.362
car -1 -1 0.00 0.00 0.00 100.00 100.00 -1000 6.14 92.11 2.05 -1000 27.17 0.56 304.974
car -1 -1 0.00 0.00 0.00 100.00 100.00 -1000 1.75 6.80 7.10 -1000 21.90 1.50 302.697
car -1 -1 0.00 0.00 0.00 100.00 100.00 -1000 1.66 4.31 6.99 -1000 40.30 1.53 302.663
car -1 -1 0.00 0.00 0.00 100.00 100.00 -1000 1.85 5.46 10.69 -1000 17.58 1.56 302.521
car -1 -1 0.00 0.00 0.00 100.00 100.00 -1000 1.68 4.27 10.33 -1000 39.01 -0.40 302.020
car -1 -1 0.00 0.00 0.00 100.00 100.00 -1000 1.49 3.86 -15.81 -1000 20.31 1.59 297.405
car -1 -1 0.00 0.00 0.00 100.00 100.00 -1000 1.98 5.78 6.38 -1000 46.02 1.42 295.878
car -1 -1 0.00 0.00 0.00 100.00 100.00 -1000 2.19 7.63 -10.06 -1000 45.06 1.29 292.348
car -1 -1 0.00 0.00 0.00 100.00 100.00 -1000 1.82 4.44 8.77 -1000 16.28 -0.10 279.092
car -1 -1 0.00 0.00 0.00 100.00 100.00 -1000 1.89 8.91 17.79 -1000 29.67 1.36 276.790
car -1 -1 0.00 0.00 0.00 100.00 100.00 -1000 1.88 5.69 11.40 -1000 41.70 1.48 266.542
car -1 -1 0.00 0.00 0.00 100.00 100.00 -1000 4.39 7.72 13.05 -1000 4.60 0.60 264.766
car -1 -1 0.00 0.00 0.00 100.00 100.00 -1000 1.78 4.92 13.95 -1000 40.17 1.48 263.275
car -1 -1 0.00 0.00 0.00 100.00 100.00 -1000 1.86 5.87 -8.17 -1000 43.93 1.53 259.301
car -1 -1 0.00 0.00 0.00 100.00 100.00 -1000 1.90 5.42 10.32 -1000 38.00 1.61 255.571
car -1 -1 0.00 0.00 0.00 100.00 100.00 -1000 1.81 5.03 4.28 -1000 18.64 1.61 253.140
car -1 -1 0.00 0.00 0.00 100.00 100.00 -1000 3.81 19.47 -0.57 -1000 36.26 0.32 247.777
car -1 -1 0.00 0.00 0.00 100.00 100.00 -1000 6.34 108.93 15.41 -1000 6.11 0.57 247.664
car -1 -1 0.00 0.00 0.00 100.00 100.00 -1000 1.78 6.25 13.69 -1000 36.47 1.53 245.564
car -1 -1 0.00 0.00 0.00 100.00 100.00 -1000 1.79 5.23 11.93 -1000 40.32 1.58 245.301
car -1 -1 0.00 0.00 0.00 100.00 100.00 -1000 1.87 5.51 13.11 -1000 27.41 1.58 245.020
car -1 -1 0.00 0.00 0.00 100.00 100.00 -1000 1.88 5.71 9.99 -1000 26.50 1.53 237.389
car -1 -1 0.00 0.00 0.00 100.00 100.00 -1000 2.05 7.37 4.42 -1000 43.41 1.33 230.600
car -1 -1 0.00 0.00 0.00 100.00 100.00 -1000 2.95 12.03 2.86 -1000 27.71 0.94 226.244
car -1 -1 0.00 0.00 0.00 100.00 100.00 -1000 1.86 5.99 16.57 -1000 46.22 1.43 225.652
car -1 -1 0.00 0.00 0.00 100.00 100.00 -1000 2.00 7.40 9.63 -1000 28.79 1.41 225.361
car -1 -1 0.00 0.00 0.00 100.00 100.00 -1000 1.61 4.19 1.41 -1000 5.11 1.61 223.881
car -1 -1 0.00 0.00 0.00 100.00 100.00 -1000 3.99 21.50 -18.41 -1000 5.64 0.24 221.610
car -1 -1 0.00 0.00 0.00 100.00 100.00 -1000 1.60 4.57 -11.87 -1000 21.66 1.67 220.360
car -1 -1 0.00 0.00 0.00 100.00 100.00 -1000 2.48 11.70 -1.36 -1000 23.26 0.98 218.648
car -1 -1 0.00 0.00 0.00 100.00 100.00 -1000 1.77 5.02 3.64 -1000 17.63 1.49 218.145
car -1 -1 0.00 0.00 0.00 100.00 100.00 -1000 1.89 5.17 16.18 -1000 44.46 1.59 215.639
car -1 -1 0.00 0.00 0.00 100.00 100.00 -1000 1.85 8.94 -12.14 -1000 25.51 1.45 213.470
car -1 -1 0.00 0.00 0.00 100.00 100.00 -1000 1.83 4.88 -6.65 -1000 46.86 1.51 209.795
car -1 -1 0.00 0.00 0.00 100.00 100.00 -1000 2.19 10.09 5.97 -1000 23.83 1.27 209.039
car -1 -1 0.00 0.00 0.00 100.00 100.00 -1000 1.74 6.52 12.18 -1000 26.14 1.44 208.073
car -1 -1 0.00 0.00 0.00 100.00 100.00 -1000 1.74 5.95 13.16 -1000 17.86 1.56 205.411
car -1 -1 0.00 0.00 0.00 100.00 100.00 -1000 1.87 7.99 -10.91 -1000 23.81 1.55 198.305
car -1 -1 0.00 0.00 0.00 100.00 100.00 -1000 3.59 20.55 -0.93 -1000 39.42 0.39 197.744
car -1 -1 0.00 0.00 0.00 100.00 100.00 -1000 3.96 22.17 -0.60 -1000 37.85 0.28 197.156
car -1 -1 0.00 0.00 0.00 100.00 100.00 -1000 3.42 27.43 4.06 -1000 25.65 1.01 196.257
car -1 -1 0.00 0.00 0.00 100.00 100.00 -1000 2.12 7.82 12.62 -1000 42.47 1.43 194.454
car -1 -1 0.00 0.00 0.00 100.00 100.00 -1000 1.69 5.07 17.21 -1000 18.17 -0.04 191.893
car -1 -1 0.00 0.00 0.00 100.00 100.00 -1000 5.40 82.28 0.96 -1000 35.19 0.61 191.756
car -1 -1 0.00 0.00 0.00 100.00 100.00 -1000 2.47 10.62 4.60 -1000 40.28 1.29 191.470
car -1 -1 0.00 0.00 0.00 100.00 100.00 -1000 1.90 5.40 7.47 -1000 38.69 1.58 191.450
car -1 -1 0.00 0.00 0.00 100.00 100.00 -1000 3.85 20.53 5.49 -1000 2.60 0.25 188.540
car -1 -1 0.00 0.00 0.00 100.00 100.00 -1000 1.78 5.39 10.76 -1000 33.70 1.45 187.298
car -1 -1 0.00 0.00 0.00 100.00 100.00 -1000 3.91 6.70 9.59 -1000 1.40 0.69 185.921
car -1 -1 0.00 0.00 0.00 100.00 100.00 -1000 2.63 45.23 12.26 -1000 8.59 -1.07 183.941
car -1 -1 0.00 0.00 0.00 100.00 100.00 -1000 2.63 40.43 12.29 -1000 6.93 -0.90 183.772
car -1 -1 0.00 0.00 0.00 100.00 100.00 -1000 1.85 5.68 17.64 -1000 45.19 1.48 181.623
car -1 -1 0.00 0.00 0.00 100.00 100.00 -1000 1.90 10.60 9.99 -1000 19.21 1.44 179.812
car -1 -1 0.00 0.00 0.00 100.00 100.00 -1000 2.11 10.65 1.92 -1000 25.52 0.92 178.103
car -1 -1 0.00 0.00 0.00 100.00 100.00 -1000 3.46 17.60 -18.14 -1000 3.89 0.39 174.947
car -1 -1 0.00 0.00 0.00 100.00 100.00 -1000 1.88 6.15 5.71 -1000 19.24 1.61 174.237
car -1 -1 0.00 0.00 0.00 100.00 100.00 -1000 3.70 7.86 14.56 -1000 9.46 0.69 173.142
car -1 -1 0.00 0.00 0.00 100.00 100.00 -1000 1.78 6.52 11.12 -1000 36.31 1.40 169.884
car -1 -1 0.00 0.00 0.00 100.00 100.00 -1000 2.91 12.56 0.35 -1000 40.82 0.69 169.464
car -1 -1 0.00 0.00 0.00 100.00 100.00 -1000 5.84 99.38 -16.80 -1000 4.51 0.54 167.043
car -1 -1 0.00 0.00 0.00 100.00 100.00 -1000 2.48 9.57 1.93 -1000 35.99 0.94 166.149
car -1 -1 0.00 0.00 0.00 100.00 100.00 -1000 2.36 9.45 4.83 -1000 42.59 1.26 165.916
car -1 -1 0.00 0.00 0.00 100.00 100.00 -1000 1.63 4.95 -4.63 -1000 43.59 1.55 165.459
car -1 -1 0.00 0.00 0.00 100.00 100.00 -1000 1.86 7.08 10.79 -1000 27.34 1.40 164.519
car -1 -1 0.00 0.00 0.00 100.00 100.00 -1000 1.63 3.86 11.14 -1000 41.14 -0.11 163.575
car -1 -1 0.00 0.00 0.00 100.00 100.00 -1000 3.49 8.15 14.61 -1000 6.22 0.75 163.230
car -1 -1 0.00 0.00 0.00 100.00 100.00 -1000 1.78 5.48 6.37 -1000 37.92 1.49 162.602
car -1 -1 0.00 0.00 0.00 100.00 100.00 -1000 1.57 5.93 11.54 -1000 32.80 1.44 160.875
car -1 -1 0.00 0.00 0.00 100.00 100.00 -1000 2.54 36.28 10.71 -1000 5.29 -0.81 158.044
car -1 -1 0.00 0.00 0.00 100.00 100.00 -1000 3.14 15.27 12.79 -1000 3.73 0.57 154.679
car -1 -1 0.00 0.00 0.00 100.00 100.00 -1000 1.66 6.35 -11.27 -1000 22.94 1.57 151.902
car -1 -1 0.00 0.00 0.00 100.00 100.00 -1000 1.87 6.60 8.63 -1000 45.08 1.35 150.682
car -1 -1 0.00 0.00 0.00 100.00 100.00 -1000 2.00 7.22 7.81 -1000 18.10 1.44 149.154
car -1 -1 0.00 0.00 0.00 100.00 100.00 -1000 3.55 31.04 1.47 -1000 40.22 0.86 148.134
car -1 -1 0.00 0.00 0.00 100.00 100.00 -1000 2.14 6.40 11.30 -1000 47.21 1.32 144.994
car -1 -1 0.00 0.00 0.00 100.00 100.00 -1000 1.93 10.88 -18.38 -1000 38.68 1.40 143.511
car -1 -1 0.00 0.00 0.00 100.00 100.00 -1000 2.48 34.82 13.82 -1000 10.08 -0.70 142.093
car -1 -1 0.00 0.00 0.00 100.00 100.00 -1000 28.14 31.86 12.68 -1000 5.48 -0.48 141.118
car -1 -1 0.00 0.00 0.00 100.00 100.00 -1000 3.46 19.52 -0.61 -1000 34.49 0.39 140.721
car -1 -1 0.00 0.00 0.00 100.00 100.00 -1000 1.90 5.86 14.29 -1000 26.74 1.64 139.981
car -1 -1 0.00 0.00 0.00 100.00 100.00 -1000 4.76 65.69 -16.73 -1000 2.93 0.67 138.538
car -1 -1 0.00 0.00 0.00 100.00 100.00 -1000 3.12 15.83 -0.30 -1000 32.79 0.52 137.309
car -1 -1 0.00 0.00 0.00 100.00 100.00 -1000 1.91 9.45 16.97 -1000 20.89 1.23 136.902
car -1 -1 0.00 0.00 0.00 100.00 100.00 -1000 1.87 5.92 14.06 -1000 44.98 1.33 136.822
car -1 -1 0.00 0.00 0.00 100.00 100.00 -1000 4.83 71.83 0.39 -1000 38.41 0.65 135.608
car -1 -1 0.00 0.00 0.00 100.00 100.00 -1000 2.94 19.43 3.71 -1000 36.97 1.04 135.098
car -1 -1 0.00 0.00 0.00 100.00 100.00 -1000 1.60 5.91 -9.86 -1000 21.81 1.56 134.837
car -1 -1 0.00 0.00 0.00 100.00 100.00 -1000 2.03 8.72 15.06 -1000 30.17 1.36 133.749
car -1 -1 0.00 0.00 0.00 100.00 100.00 -1000 2.43 10.96 2.42 -1000 38.86 0.94 132.937
car -1 -1 0.00 0.00 0.00 100.00 100.00 -1000 1.71 7.00 -8.78 -1000 23.31 1.54 132.388
car -1 -1 0.00 0.00 0.00 100.00 100.00 -1000 1.98 7.24 13.92 -1000 41.78 1.38 131.996
car -1 -1 0.00 0.00 0.00 100.00 100.00 -1000 1.88 6.15 12.76 -1000 39.47 1.50 128.330
car -1 -1 0.00 0.00 0.00 100.00 100.00 -1000 1.99 11.31 5.96 -1000 20.62 1.40 125.826
car -1 -1 0.00 0.00 0.00 100.00 100.00 -1000 1.98 6.34 11.62 -1000 45.86 1.33 125.462
car -1 -1 0.00 0.00 0.00 100.00 100.00 -1000 4.03 45.30 14.00 -1000 2.97 0.78 124.812
car -1 -1 0.00 0.00 0.00 100.00 100.00 -1000 3.13 17.23 14.17 -1000 11.73 0.55 121.199
car -1 -1 0.00 0.00 0.00 100.00 100.00 -1000 5.45 101.25 7.16 -1000 1.29 0.63 120.966
car -1 -1 0.00 0.00 0.00 100.00 100.00 -1000 4.85 67.43 1.20 -1000 28.73 0.62 119.392
car -1 -1 0.00 0.00 0.00 100.00 100.00 -1000 1.64 3.91 -2.95 -1000 45.59 -0.12 118.361
car -1 -1 0.00 0.00 0.00 100.00 100.00 -1000 2.25 8.42 -8.37 -1000 45.90 1.39 118.310
car -1 -1 0.00 0.00 0.00 100.00 100.00 -1000 1.81 7.36 5.03 -1000 27.59 1.33 116.951
car -1 -1 0.00 0.00 0.00 100.00 100.00 -1000 2.01 6.77 8.79 -1000 46.54 1.24 115.710
car -1 -1 0.00 0.00 0.00 100.00 100.00 -1000 1.56 4.86 -2.79 -1000 21.02 1.39 115.442
car -1 -1 0.00 0.00 0.00 100.00 100.00 -1000 3.18 16.92 -18.05 -1000 8.56 0.49 113.557
car -1 -1 0.00 0.00 0.00 100.00 100.00 -1000 1.70 5.62 12.33 -1000 17.17 1.59 113.465
car -1 -1 0.00 0.00 0.00 100.00 100.00 -1000 2.13 9.60 11.69 -1000 38.36 1.32 112.453
car -1 -1 0.00 0.00 0.00 100.00 100.00 -1000 1.78 5.29 18.21 -1000 33.94 -0.06 112.403
car -1 -1 0.00 0.00 0.00 100.00 100.00 -1000 1.95 7.47 11.75 -1000 18.47 1.48 112.198
car -1 -1 0.00 0.00 0.00 100.00 100.00 -1000 4.02 46.46 0.91 -1000 32.00 0.75 111.159
car -1 -1 0.00 0.00 0.00 100.00 100.00 -1000 1.97 7.16 -4.37 -1000 45.88 1.44 109.764
car -1 -1 0.00 0.00 0.00 100.00 100.00 -1000 1.58 5.20 -10.66 -1000 21.11 1.59 109.570
car -1 -1 0.00 0.00 0.00 100.00 100.00 -1000 4.70 67.35 0.72 -1000 33.56 0.65 109.031
car -1 -1 0.00 0.00 0.00 100.00 100.00 -1000 1.58 4.32 4.52 -1000 11.44 1.48 106.230
car -1 -1 0.00 0.00 0.00 100.00 100.00 -1000 2.10 9.01 9.05 -1000 42.54 1.35 104.973
car -1 -1 0.00 0.00 0.00 100.00 100.00 -1000 1.94 7.20 3.56 -1000 41.29 1.09 104.272
car -1 -1 0.00 0.00 0.00 100.00 100.00 -1000 3.52 27.36 -0.05 -1000 12.61 1.01 103.358
car -1 -1 0.00 0.00 0.00 100.00 100.00 -1000 2.65 14.02 15.79 -1000 8.36 0.79 102.456
car -1 -1 0.00 0.00 0.00 100.00 100.00 -1000 2.08 12.54 12.02 -1000 22.15 1.31 102.228
car -1 -1 0.00 0.00 0.00 100.00 100.00 -1000 2.86 14.51 -16.20 -1000 6.76 0.70 101.616
car -1 -1 0.00 0.00 0.00 100.00 100.00 -1000 4.27 58.49 12.08 -1000 1.33 0.80 101.186
car -1 -1 0.00 0.00 0.00 100.00 100.00 -1000 2.78 13.71 14.41 -1000 5.19 0.69 100.127
car -1 -1 0.00 0.00 0.00 100.00 100.00 -1000 1.92 10.00 -15.23 -1000 41.82 1.40 99.788
car -1 -1 0.00 0.00 0.00 100.00 100.00 -1000 2.34 13.89 1.01 -1000 30.85 0.97 99.306
car -1 -1 0.00 0.00 0.00 100.00 100.00 -1000 1.59 5.05 5.07 -1000 12.58 1.39 98.851
car -1 -1 0.00 0.00 0.00 100.00 100.00 -1000 2.12 8.14 -3.45 -1000 47.08 1.36 98.707
car -1 -1 0.00 0.00 0.00 100.00 100.00 -1000 2.02 5.11 -13.15 -1000 21.03 -0.54 96.330
car -1 -1 0.00 0.00 0.00 100.00 100.00 -1000 1.67 6.06 -17.17 -1000 38.39 1.51 96.147
car -1 -1 0.00 0.00 0.00 100.00 100.00 -1000 1.84 6.17 3.82 -1000 16.83 1.41 95.845
car -1 -1 0.00 0.00 0.00 100.00 100.00 -1000 2.66 7.61 13.10 -1000 3.02 0.90 94.149
car -1 -1 0.00 0.00 0.00 100.00 100.00 -1000 2.22 8.84 2.24 -1000 32.54 1.06 93.212
car -1 -1 0.00 0.00 0.00 100.00 100.00 -1000 3.66 37.23 -15.15 -1000 4.59 0.82 92.369
car -1 -1 0.00 0.00 0.00 100.00 100.00 -1000 2.89 12.78 -8.80 -1000 8.81 0.78 91.928
car -1 -1 0.00 0.00 0.00 100.00 100.00 -1000 3.13 27.13 -7.29 -1000 7.99 1.02 91.802
car -1 -1 0.00 0.00 0.00 100.00 100.00 -1000 1.99 7.01 7.14 -1000 16.79 1.47 91.620
