car -1 -1 0.00 0.00 0.00 100.00 100.00 -1000 1.52 3.66 6.90 -1000 15.89 1.53 999.947
car -1 -1 0.00 0.00 0.00 100.00 100.00 -1000 1.58 4.10 6.50 -1000 16.69 1.57 999.378
car -1 -1 0.00 0.00 0.00 100.00 100.00 -1000 1.58 4.05 6.79 -1000 15.10 -0.01 999.110
car -1 -1 0.00 0.00 0.00 100.00 100.00 -1000 1.59 3.65 13.18 -1000 29.46 1.61 994.736
car -1 -1 0.00 0.00 0.00 100.00 100.00 -1000 1.63 4.16 -9.50 -1000 42.68 1.51 993.607
car -1 -1 0.00 0.00 0.00 100.00 100.00 -1000 1.68 3.99 11.28 -1000 47.19 1.38 990.416
car -1 -1 0.00 0.00 0.00 100.00 100.00 -1000 1.58 4.00 -9.40 -1000 15.77 1.51 989.577
car -1 -1 0.00 0.00 0.00 100.00 100.00 -1000 1.55 3.66 0.93 -1000 47.50 1.47 988.255
car -1 -1 0.00 0.00 0.00 100.00 100.00 -1000 1.60 3.86 -15.81 -1000 25.74 1.56 986.915
car -1 -1 0.00 0.00 0.00 100.00 100.00 -1000 1.55 3.65 12.18 -1000 29.03 1.61 984.929
car -1 -1 0.00 0.00 0.00 100.00 100.00 -1000 1.65 4.02 -11.13 -1000 20.13 1.59 981.950
car -1 -1 0.00 0.00 0.00 100.00 100.00 -1000 1.65 3.94 13.90 -1000 28.75 -0.25 978.485
car -1 -1 0.00 0.00 0.00 100.00 100.00 -1000 4.10 33.51 5.82 -1000 19.55 0.85 976.576
car -1 -1 0.00 0.00 0.00 100.00 100.00 -1000 1.65 3.98 17.55 -1000 30.48 -0.25 974.280
car -1 -1 0.00 0.00 0.00 100.00 100.00 -1000 1.77 4.89 6.02 -1000 17.42 1.53 973.759
car -1 -1 0.00 0.00 0.00 100.00 100.00 -1000 1.57 3.76 12.34 -1000 30.11 1.56 966.336
car -1 -1 0.00 0.00 0.00 100.00 100.00 -1000 1.58 3.60 16.46 -1000 31.02 1.59 963.309
car -1 -1 0.00 0.00 0.00 100.00 100.00 -1000 1.61 3.99 0.58 -1000 46.62 0.03 958.297
car -1 -1 0.00 0.00 0.00 100.00 100.00 -1000 1.60 4.05 -10.13 -1000 41.90 0.06 955.064
car -1 -1 0.00 0.00 0.00 100.00 100.00 -1000 4.38 23.52 7.68 -1000 21.57 0.51 951.692
car -1 -1 0.00 0.00 0.00 100.00 100.00 -1000 1.58 4.08 -3.07 -1000 25.80 1.58 948.446
car -1 -1 0.00 0.00 0.00 100.00 100.00 -1000 1.74 4.87 13.42 -1000 18.27 1.61 948.213
car -1 -1 0.00 0.00 0.00 100.00 100.00 -1000 3.38 17.21 6.25 -1000 19.36 1.02 947.190
car -1 -1 0.00 0.00 0.00 100.00 100.00 -1000 1.58 3.78 15.61 -1000 30.16 1.58 943.145
car -1 -1 0.00 0.00 0.00 100.00 100.00 -1000 5.78 78.90 9.14 -1000 20.76 0.69 937.629
car -1 -1 0.00 0.00 0.00 100.00 100.00 -1000 12.91 82.83 8.51 -1000 7.18 -1.01 935.248
car -1 -1 0.00 0.00 0.00 100.00 100.00 -1000 1.62 3.81 12.34 -1000 36.26 1.62 933.080
car -1 -1 0.00 0.00 0.00 100.00 100.00 -1000 1.58 3.86 13.86 -1000 30.52 1.68 927.183
car -1 -1 0.00 0.00 0.00 100.00 100.00 -1000 3.73 10.21 8.08 -1000 20.84 0.88 923.509
car -1 -1 0.00 0.00 0.00 100.00 100.00 -1000 1.57 3.73 17.85 -1000 31.30 1.59 921.462
car -1 -1 0.00 0.00 0.00 100.00 100.00 -1000 1.58 3.67 10.91 -1000 35.31 1.55 919.594
car -1 -1 0.00 0.00 0.00 100.00 100.00 -1000 2.14 7.15 5.14 -1000 19.00 1.49 916.586
car -1 -1 0.00 0.00 0.00 100.00 100.00 -1000 1.67 4.03 14.86 -1000 29.27 -0.45 912.182
car -1 -1 0.00 0.00 0.00 100.00 100.00 -1000 1.64 4.01 12.96 -1000 28.06 0.00 907.960
car -1 -1 0.00 0.00 0.00 100.00 100.00 -1000 1.58 3.81 18.66 -1000 33.75 1.56 898.728
car -1 -1 0.00 0.00 0.00 100.00 100.00 -1000 1.87 6.41 8.01 -1000 17.04 1.58 895.843
car -1 -1 0.00 0.00 0.00 100.00 100.00 -1000 1.62 4.06 -16.37 -1000 24.97 0.02 890.109
car -1 -1 0.00 0.00 0.00 100.00 100.00 -1000 1.58 4.28 -9.22 -1000 16.62 1.67 884.945
car -1 -1 0.00 0.00 0.00 100.00 100.00 -1000 1.73 4.64 11.45 -1000 30.88 1.51 879.181
car -1 -1 0.00 0.00 0.00 100.00 100.00 -1000 2.44 9.93 10.70 -1000 18.76 1.56 876.137
car -1 -1 0.00 0.00 0.00 100.00 100.00 -1000 1.70 4.65 5.68 -1000 18.32 1.56 873.991
car -1 -1 0.00 0.00 0.00 100.00 100.00 -1000 32.73 3104.33 11.82 -1000 4.29 -0.32 854.122
car -1 -1 0.00 0.00 0.00 100.00 100.00 -1000 1.68 4.36 -9.46 -1000 14.90 1.61 852.079
car -1 -1 0.00 0.00 0.00 100.00 100.00 -1000 1.70 4.09 -15.68 -1000 30.60 1.55 843.552
car -1 -1 0.00 0.00 0.00 100.00 100.00 -1000 1.62 4.51 8.95 -1000 16.16 1.72 843.112
car -1 -1 0.00 0.00 0.00 100.00 100.00 -1000 1.63 4.17 -2.76 -1000 37.84 1.55 842.180
car -1 -1 0.00 0.00 0.00 100.00 100.00 -1000 2.25 6.49 7.52 -1000 22.14 0.87 836.218
car -1 -1 0.00 0.00 0.00 100.00 100.00 -1000 1.81 5.24 -9.16 -1000 43.72 1.54 836.086
car -1 -1 0.00 0.00 0.00 100.00 100.00 -1000 8.77 53.14 9.19 -1000 5.09 -0.57 825.654
car -1 -1 0.00 0.00 0.00 100.00 100.00 -1000 1.98 6.47 14.80 -1000 33.59 1.51 813.125
car -1 -1 0.00 0.00 0.00 100.00 100.00 -1000 8.85 55.61 10.72 -1000 8.27 -0.57 809.126
car -1 -1 0.00 0.00 0.00 100.00 100.00 -1000 2.22 10.66 8.38 -1000 18.08 1.47 805.400
car -1 -1 0.00 0.00 0.00 100.00 100.00 -1000 1.78 4.84 16.23 -1000 32.94 1.60 796.927
car -1 -1 0.00 0.00 0.00 100.00 100.00 -1000 3.38 18.44 14.30 -1000 22.32 1.20 796.490
car -1 -1 0.00 0.00 0.00 100.00 100.00 -1000 1.73 4.70 -2.98 -1000 26.93 1.51 793.103
car -1 -1 0.00 0.00 0.00 100.00 100.00 -1000 1.82 5.34 10.57 -1000 31.51 1.52 785.792
car -1 -1 0.00 0.00 0.00 100.00 100.00 -1000 1.72 4.85 17.74 -1000 34.35 1.51 778.322
car -1 -1 0.00 0.00 0.00 100.00 100.00 -1000 1.66 4.09 -10.88 -1000 45.39 1.53 776.529
car -1 -1 0.00 0.00 0.00 100.00 100.00 -1000 1.59 3.83 -11.75 -1000 19.44 0.01 763.108
car -1 -1 0.00 0.00 0.00 100.00 100.00 -1000 1.72 4.74 9.73 -1000 44.56 1.51 760.881
car -1 -1 0.00 0.00 0.00 100.00 100.00 -1000 1.65 4.32 10.15 -1000 34.64 1.53 759.638
car -1 -1 0.00 0.00 0.00 100.00 100.00 -1000 1.49 3.45 10.91 -1000 46.46 -0.11 748.440
car -1 -1 0.00 0.00 0.00 100.00 100.00 -1000 2.79 8.56 13.18 -1000 22.87 1.06 743.070
car -1 -1 0.00 0.00 0.00 100.00 100.00 -1000 1.75 4.94 16.87 -1000 33.72 1.59 734.798
car -1 -1 0.00 0.00 0.00 100.00 100.00 -1000 1.82 4.79 10.62 -1000 36.39 1.46 734.770
car -1 -1 0.00 0.00 0.00 100.00 100.00 -1000 1.66 4.54 -9.37 -1000 46.56 1.40 733.094
car -1 -1 0.00 0.00 0.00 100.00 100.00 -1000 2.00 7.42 -14.45 -1000 27.84 1.63 717.119
car -1 -1 0.00 0.00 0.00 100.00 100.00 -1000 1.60 3.88 14.58 -1000 17.79 -0.29 716.403
car -1 -1 0.00 0.00 0.00 100.00 100.00 -1000 1.69 4.52 14.74 -1000 18.79 1.68 711.970
car -1 -1 0.00 0.00 0.00 100.00 100.00 -1000 2.12 8.08 11.00 -1000 17.73 1.59 711.019
car -1 -1 0.00 0.00 0.00 100.00 100.00 -1000 1.75 5.58 -11.17 -1000 42.95 1.46 703.013
car -1 -1 0.00 0.00 0.00 100.00 100.00 -1000 1.75 4.81 16.08 -1000 32.01 1.68 696.742
car -1 -1 0.00 0.00 0.00 100.00 100.00 -1000 1.91 7.79 6.67 -1000 35.77 1.38 696.444
car -1 -1 0.00 0.00 0.00 100.00 100.00 -1000 18.41 983.19 11.91 -1000 2.76 0.00 693.942
car -1 -1 0.00 0.00 0.00 100.00 100.00 -1000 1.63 3.82 7.40 -1000 14.45 -0.27 693.337
car -1 -1 0.00 0.00 0.00 100.00 100.00 -1000 1.97 8.94 7.58 -1000 32.52 1.34 669.120
car -1 -1 0.00 0.00 0.00 100.00 100.00 -1000 1.73 4.99 8.95 -1000 35.37 1.53 664.270
car -1 -1 0.00 0.00 0.00 100.00 100.00 -1000 1.88 5.87 10.76 -1000 29.77 1.59 656.127
car -1 -1 0.00 0.00 0.00 100.00 100.00 -1000 1.95 6.85 15.64 -1000 34.57 1.44 650.280
car -1 -1 0.00 0.00 0.00 100.00 100.00 -1000 1.60 4.27 -10.09 -1000 20.64 1.64 649.753
car -1 -1 0.00 0.00 0.00 100.00 100.00 -1000 1.73 4.93 -15.08 -1000 31.29 1.42 647.926
car -1 -1 0.00 0.00 0.00 100.00 100.00 -1000 8.32 6.83 10.95 -1000 4.59 0.13 639.112
car -1 -1 0.00 0.00 0.00 100.00 100.00 -1000 1.69 4.56 9.78 -1000 43.38 1.56 632.598
car -1 -1 0.00 0.00 0.00 100.00 100.00 -1000 1.77 5.21 13.10 -1000 17.30 1.69 627.958
car -1 -1 0.00 0.00 0.00 100.00 100.00 -1000 1.80 5.15 -14.94 -1000 26.45 1.68 623.049
car -1 -1 0.00 0.00 0.00 100.00 100.00 -1000 7.77 6.45 9.42 -1000 2.99 0.18 612.250
car -1 -1 0.00 0.00 0.00 100.00 100.00 -1000 1.66 4.38 15.14 -1000 31.43 1.67 608.169
car -1 -1 0.00 0.00 0.00 100.00 100.00 -1000 1.57 3.61 12.79 -1000 35.56 -0.48 607.734
car -1 -1 0.00 0.00 0.00 100.00 100.00 -1000 1.93 7.30 -13.58 -1000 27.03 1.65 590.761
car -1 -1 0.00 0.00 0.00 100.00 100.00 -1000 2.53 10.86 -8.77 -1000 37.36 1.25 580.996
car -1 -1 0.00 0.00 0.00 100.00 100.00 -1000 1.74 4.80 18.51 -1000 33.03 1.63 578.257
car -1 -1 0.00 0.00 0.00 100.00 100.00 -1000 1.57 4.17 -1.95 -1000 26.42 1.71 572.882
car -1 -1 0.00 0.00 0.00 100.00 100.00 -1000 5.01 56.28 12.31 -1000 22.32 0.80 567.091
car -1 -1 0.00 0.00 0.00 100.00 100.00 -1000 2.36 15.63 10.01 -1000 22.47 0.46 564.408
car -1 -1 0.00 0.00 0.00 100.00 100.00 -1000 1.81 5.39 -11.08 -1000 44.61 1.53 556.421
car -1 -1 0.00 0.00 0.00 100.00 100.00 -1000 1.89 5.76 9.10 -1000 38.51 1.44 556.095
car -1 -1 0.00 0.00 0.00 100.00 100.00 -1000 1.77 4.81 14.36 -1000 32.65 1.64 553.797
car -1 -1 0.00 0.00 0.00 100.00 100.00 -1000 1.54 4.04 9.31 -1000 15.24 1.71 550.888
car -1 -1 0.00 0.00 0.00 100.00 100.00 -1000 1.67 4.44 12.83 -1000 36.99 1.59 550.060
car -1 -1 0.00 0.00 0.00 100.00 100.00 -1000 1.71 5.79 7.81 -1000 37.93 1.41 545.933
car -1 -1 0.00 0.00 0.00 100.00 100.00 -1000 1.91 5.01 14.59 -1000 22.42 1.46 539.578
car -1 -1 0.00 0.00 0.00 100.00 100.00 -1000 1.62 5.66 8.18 -1000 31.50 1.43 539.053
car -1 -1 0.00 0.00 0.00 100.00 100.00 -1000 1.67 4.25 -3.03 -1000 37.02 1.51 538.550
car -1 -1 0.00 0.00 0.00 100.00 100.00 -1000 1.91 6.30 9.96 -1000 32.87 1.48 538.169
car -1 -1 0.00 0.00 0.00 100.00 100.00 -1000 2.17 9.75 13.67 -1000 45.62 1.34 532.301
car -1 -1 0.00 0.00 0.00 100.00 100.00 -1000 13.52 530.72 13.41 -1000 4.41 0.16 530.664
car -1 -1 0.00 0.00 0.00 100.00 100.00 -1000 1.74 6.62 9.07 -1000 34.12 1.44 522.479
car -1 -1 0.00 0.00 0.00 100.00 100.00 -1000 1.80 5.47 -12.13 -1000 20.78 1.49 516.344
car -1 -1 0.00 0.00 0.00 100.00 100.00 -1000 2.07 9.05 13.77 -1000 44.34 1.35 504.999
car -1 -1 0.00 0.00 0.00 100.00 100.00 -1000 1.97 6.90 12.89 -1000 19.41 1.54 500.025
car -1 -1 0.00 0.00 0.00 100.00 100.00 -1000 1.56 5.78 6.81 -1000 34.76 1.37 492.668
car -1 -1 0.00 0.00 0.00 100.00 100.00 -1000 1.59 4.11 -3.66 -1000 25.06 -0.13 487.215
car -1 -1 0.00 0.00 0.00 100.00 100.00 -1000 1.70 5.03 -0.79 -1000 47.29 1.46 480.397
car -1 -1 0.00 0.00 0.00 100.00 100.00 -1000 1.93 6.55 -12.91 -1000 43.76 1.41 480.269
car -1 -1 0.00 0.00 0.00 100.00 100.00 -1000 1.86 8.36 7.65 -1000 36.52 1.43 480.255
car -1 -1 0.00 0.00 0.00 100.00 100.00 -1000 1.77 4.88 -9.15 -1000 41.33 -0.16 477.073
car -1 -1 0.00 0.00 0.00 100.00 100.00 -1000 2.10 8.93 13.10 -1000 39.16 1.38 476.862
car -1 -1 0.00 0.00 0.00 100.00 100.00 -1000 1.70 6.16 5.38 -1000 38.42 1.42 465.240
car -1 -1 0.00 0.00 0.00 100.00 100.00 -1000 1.65 4.47 2.04 -1000 47.12 1.62 464.991
car -1 -1 0.00 0.00 0.00 100.00 100.00 -1000 1.79 6.54 -0.32 -1000 38.08 1.44 464.205
car -1 -1 0.00 0.00 0.00 100.00 100.00 -1000 1.98 7.18 6.88 -1000 38.99 1.31 455.244
car -1 -1 0.00 0.00 0.00 100.00 100.00 -1000 1.78 4.61 17.42 -1000 32.46 -0.40 454.749
car -1 -1 0.00 0.00 0.00 100.00 100.00 -1000 1.58 5.50 -5.27 -1000 27.33 1.34 454.716
car -1 -1 0.00 0.00 0.00 100.00 100.00 -1000 1.62 4.42 -2.49 -1000 41.87 1.53 454.186
car -1 -1 0.00 0.00 0.00 100.00 100.00 -1000 1.82 5.39 -11.29 -1000 46.08 1.45 446.504
car -1 -1 0.00 0.00 0.00 100.00 100.00 -1000 1.84 5.50 13.15 -1000 31.79 1.53 439.539
car -1 -1 0.00 0.00 0.00 100.00 100.00 -1000 1.56 4.29 -5.57 -1000 32.18 1.22 438.201
car -1 -1 0.00 0.00 0.00 100.00 100.00 -1000 6.08 7.43 12.54 -1000 6.21 0.35 436.601
car -1 -1 0.00 0.00 0.00 100.00 100.00 -1000 2.03 6.70 -6.27 -1000 33.82 1.21 436.472
car -1 -1 0.00 0.00 0.00 100.00 100.00 -1000 2.00 5.89 9.31 -1000 46.55 1.42 436.052
car -1 -1 0.00 0.00 0.00 100.00 100.00 -1000 1.67 3.98 16.51 -1000 29.42 -0.34 428.875
car -1 -1 0.00 0.00 0.00 100.00 100.00 -1000 3.61 23.09 13.34 -1000 20.67 1.25 424.722
car -1 -1 0.00 0.00 0.00 100.00 100.00 -1000 1.70 5.80 -7.63 -1000 42.87 1.46 411.851
car -1 -1 0.00 0.00 0.00 100.00 100.00 -1000 1.83 5.63 9.95 -1000 42.61 1.46 410.351
car -1 -1 0.00 0.00 0.00 100.00 100.00 -1000 2.00 8.38 14.04 -1000 37.85 1.36 407.325
car -1 -1 0.00 0.00 0.00 100.00 100.00 -1000 1.84 5.41 5.75 -1000 43.47 1.36 407.165
car -1 -1 0.00 0.00 0.00 100.00 100.00 -1000 1.94 7.80 -6.09 -1000 37.85 1.28 402.547
car -1 -1 0.00 0.00 0.00 100.00 100.00 -1000 1.83 6.53 10.59 -1000 16.50 1.76 401.356
car -1 -1 0.00 0.00 0.00 100.00 100.00 -1000 1.98 6.41 9.54 -1000 37.24 1.51 396.199
car -1 -1 0.00 0.00 0.00 100.00 100.00 -1000 1.99 7.44 14.90 -1000 35.84 1.42 394.534
car -1 -1 0.00 0.00 0.00 100.00 100.00 -1000 1.63 6.59 -5.23 -1000 29.31 1.24 392.877
car -1 -1 0.00 0.00 0.00 100.00 100.00 -1000 1.62 5.67 -6.63 -1000 23.33 1.46 385.691
car -1 -1 0.00 0.00 0.00 100.00 100.00 -1000 1.72 6.34 -6.79 -1000 20.15 1.59 382.508
car -1 -1 0.00 0.00 0.00 100.00 100.00 -1000 1.89 5.55 8.31 -1000 45.37 1.51 379.250
car -1 -1 0.00 0.00 0.00 100.00 100.00 -1000 1.69 5.52 -2.36 -1000 30.47 1.34 377.416
car -1 -1 0.00 0.00 0.00 100.00 100.00 -1000 1.99 6.20 -16.48 -1000 31.75 1.40 372.713
car -1 -1 0.00 0.00 0.00 100.00 100.00 -1000 2.00 8.28 -8.27 -1000 44.75 1.40 371.557
car -1 -1 0.00 0.00 0.00 100.00 100.00 -1000 1.64 4.92 -8.26 -1000 17.24 1.59 370.389
car -1 -1 0.00 0.00 0.00 100.00 100.00 -1000 1.81 5.55 -2.96 -1000 33.24 1.42 369.268
car -1 -1 0.00 0.00 0.00 100.00 100.00 -1000 1.74 5.31 11.20 -1000 44.94 1.33 362.185
car -1 -1 0.00 0.00 0.00 100.00 100.00 -1000 1.80 7.91 -5.89 -1000 28.20 1.29 361.069
car -1 -1 0.00 0.00 0.00 100.00 100.00 -1000 1.75 5.44 10.84 -1000 28.44 1.55 353.725
car -1 -1 0.00 0.00 0.00 100.00 100.00 -1000 2.48 8.05 14.46 -1000 23.69 1.36 350.727
car -1 -1 0.00 0.00 0.00 100.00 100.00 -1000 1.74 3.85 12.76 -1000 23.25 1.20 348.766
car -1 -1 0.00 0.00 0.00 100.00 100.00 -1000 1.89 7.91 -0.83 -1000 38.90 1.39 348.513
car -1 -1 0.00 0.00 0.00 100.00 100.00 -1000 1.79 7.40 -13.34 -1000 25.81 1.51 340.973
car -1 -1 0.00 0.00 0.00 100.00 100.00 -1000 1.55 5.41 7.01 -1000 33.93 1.46 338.375
car -1 -1 0.00 0.00 0.00 100.00 100.00 -1000 1.71 4.46 -0.70 -1000 46.12 0.11 337.745
car -1 -1 0.00 0.00 0.00 100.00 100.00 -1000 1.80 5.47 13.18 -1000 16.17 1.67 330.761
car -1 -1 0.00 0.00 0.00 100.00 100.00 -1000 1.68 4.50 1.87 -1000 46.08 -0.06 327.853
car -1 -1 0.00 0.00 0.00 100.00 100.00 -1000 1.66 4.38 14.97 -1000 23.29 1.42 326.356
car -1 -1 0.00 0.00 0.00 100.00 100.00 -1000 2.72 18.97 -10.38 -1000 36.96 1.25 323.210
car -1 -1 0.00 0.00 0.00 100.00 100.00 -1000 1.52 4.18 -1.41 -1000 27.20 1.65 315.174
car -1 -1 0.00 0.00 0.00 100.00 100.00 -1000 1.64 4.67 11.89 -1000 41.99 1.46 314.091
car -1 -1 0.00 0.00 0.00 100.00 100.00 -1000 1.79 7.60 -6.42 -1000 30.60 1.24 313.241
car -1 -1 0.00 0.00 0.00 100.00 100.00 -1000 1.50 5.14 8.50 -1000 29.11 1.45 310.997
car -1 -1 0.00 0.00 0.00 100.00 100.00 -1000 2.12 7.47 13.25 -1000 34.31 1.44 309.428
car -1 -1 0.00 0.00 0.00 100.00 100.00 -1000 4.38 26.44 13.28 -1000 7.37 0.22 306.486
car -1 -1 0.00 0.00 0.00 100.00 100.00 -1000 4.24 23.81 11.92 -1000 4.16 0.23 306.246
car -1 -1 0.00 0.00 0.00 100.00 100.00 -1000 2.04 10.58 11.31 -1000 20.45 1.19 304.393
car -1 -1 0.00 0.00 0.00 100.00 100.00 -1000 5.99 7.20 7.39 -1000 3.05 0.29 302.544
car -1 -1 0.00 0.00 0.00 100.00 100.00 -1000 1.93 7.85 14.35 -1000 46.87 1.32 301.260
car -1 -1 0.00 0.00 0.00 100.00 100.00 -1000 1.72 6.14 -6.50 -1000 16.46 1.60 300.537
car -1 -1 0.00 0.00 0.00 100.00 100.00 -1000 1.83 6.92 13.75 -1000 43.53 1.40 299.937
car -1 -1 0.00 0.00 0.00 100.00 100.00 -1000 1.50 4.98 -5.11 -1000 34.87 0.96 297.370
car -1 -1 0.00 0.00 0.00 100.00 100.00 -1000 1.51 3.88 -8.30 -1000 15.31 1.68 297.132
car -1 -1 0.00 0.00 0.00 100.00 100.00 -1000 1.73 5.00 -7.92 -1000 41.95 -0.04 296.665
car -1 -1 0.00 0.00 0.00 100.00 100.00 -1000 2.08 9.24 -7.08 -1000 45.67 1.33 294.992
car -1 -1 0.00 0.00 0.00 100.00 100.00 -1000 1.77 5.07 8.75 -1000 41.91 1.41 288.975
car -1 -1 0.00 0.00 0.00 100.00 100.00 -1000 1.66 4.04 -15.61 -1000 24.34 1.68 285.948
car -1 -1 0.00 0.00 0.00 100.00 100.00 -1000 2.44 14.37 4.96 -1000 20.55 1.02 283.699
car -1 -1 0.00 0.00 0.00 100.00 100.00 -1000 2.06 8.04 6.62 -1000 45.94 1.23 282.764
car -1 -1 0.00 0.00 0.00 100.00 100.00 -1000 1.51 5.11 8.52 -1000 30.68 1.52 278.256
car -1 -1 0.00 0.00 0.00 100.00 100.00 -1000 1.78 5.15 11.97 -1000 34.86 1.69 278.202
car -1 -1 0.00 0.00 0.00 100.00 100.00 -1000 4.26 24.58 -17.27 -1000 7.38 0.18 277.976
car -1 -1 0.00 0.00 0.00 100.00 100.00 -1000 1.93 7.56 -6.35 -1000 36.53 1.01 274.787
car -1 -1 0.00 0.00 0.00 100.00 100.00 -1000 1.88 7.57 15.07 -1000 37.03 1.36 274.778
car -1 -1 0.00 0.00 0.00 100.00 100.00 -1000 1.75 4.71 -15.03 -1000 29.93 1.60 274.022
car -1 -1 0.00 0.00 0.00 100.00 100.00 -1000 1.58 5.93 -5.32 -1000 25.32 1.38 271.804
car -1 -1 0.00 0.00 0.00 100.00 100.00 -1000 1.81 8.07 8.81 -1000 30.19 1.49 270.465
car -1 -1 0.00 0.00 0.00 100.00 100.00 -1000 1.77 6.03 -2.89 -1000 36.25 1.49 270.258
car -1 -1 0.00 0.00 0.00 100.00 100.00 -1000 2.88 13.35 -6.81 -1000 33.63 1.00 268.953
car -1 -1 0.00 0.00 0.00 100.00 100.00 -1000 2.09 7.47 8.49 -1000 39.66 1.40 266.989
car -1 -1 0.00 0.00 0.00 100.00 100.00 -1000 2.47 10.49 10.95 -1000 21.82 0.30 259.345
car -1 -1 0.00 0.00 0.00 100.00 100.00 -1000 1.97 7.71 12.55 -1000 33.00 1.33 259.111
car -1 -1 0.00 0.00 0.00 100.00 100.00 -1000 1.86 7.26 14.45 -1000 42.72 1.37 256.335
car -1 -1 0.00 0.00 0.00 100.00 100.00 -1000 4.06 23.26 -17.21 -1000 5.71 0.24 251.864
car -1 -1 0.00 0.00 0.00 100.00 100.00 -1000 1.59 4.55 -1.64 -1000 25.40 1.65 250.476
car -1 -1 0.00 0.00 0.00 100.00 100.00 -1000 1.89 7.63 13.55 -1000 40.26 1.36 245.907
car -1 -1 0.00 0.00 0.00 100.00 100.00 -1000 1.65 3.92 11.74 -1000 27.70 1.59 245.292
car -1 -1 0.00 0.00 0.00 100.00 100.00 -1000 1.64 4.80 -3.83 -1000 35.39 1.42 244.793
car -1 -1 0.00 0.00 0.00 100.00 100.00 -1000 1.56 5.20 -6.44 -1000 22.50 1.51 243.715
car -1 -1 0.00 0.00 0.00 100.00 100.00 -1000 1.55 5.71 -8.50 -1000 21.82 1.48 242.748
car -1 -1 0.00 0.00 0.00 100.00 100.00 -1000 1.92 7.54 -12.59 -1000 22.21 1.41 234.173
car -1 -1 0.00 0.00 0.00 100.00 100.00 -1000 1.64 6.49 -6.02 -1000 24.14 1.39 232.063
car -1 -1 0.00 0.00 0.00 100.00 100.00 -1000 1.83 5.45 -13.21 -1000 19.09 1.53 230.843
car -1 -1 0.00 0.00 0.00 100.00 100.00 -1000 2.66 50.86 12.00 -1000 7.05 -1.20 227.612
car -1 -1 0.00 0.00 0.00 100.00 100.00 -1000 1.74 5.35 7.83 -1000 44.30 1.48 224.063
car -1 -1 0.00 0.00 0.00 100.00 100.00 -1000 6.22 114.89 13.51 -1000 2.90 0.56 222.144
car -1 -1 0.00 0.00 0.00 100.00 100.00 -1000 1.78 5.77 -10.42 -1000 17.32 1.40 222.011
car -1 -1 0.00 0.00 0.00 100.00 100.00 -1000 3.92 44.18 -7.38 -1000 33.72 1.01 221.369
car -1 -1 0.00 0.00 0.00 100.00 100.00 -1000 1.93 6.34 11.35 -1000 38.58 1.30 220.112
car -1 -1 0.00 0.00 0.00 100.00 100.00 -1000 1.86 7.18 -7.15 -1000 44.02 1.41 216.483
car -1 -1 0.00 0.00 0.00 100.00 100.00 -1000 1.66 6.50 -5.19 -1000 26.56 1.36 215.390
car -1 -1 0.00 0.00 0.00 100.00 100.00 -1000 6.45 125.57 14.86 -1000 6.12 0.54 214.689
car -1 -1 0.00 0.00 0.00 100.00 100.00 -1000 1.72 4.67 -9.85 -1000 37.61 1.34 214.571
car -1 -1 0.00 0.00 0.00 100.00 100.00 -1000 2.58 9.15 -5.54 -1000 35.25 0.98 213.849
car -1 -1 0.00 0.00 0.00 100.00 100.00 -1000 1.98 5.63 -8.89 -1000 36.70 0.87 213.470
car -1 -1 0.00 0.00 0.00 100.00 100.00 -1000 1.90 5.32 -17.06 -1000 29.83 1.44 210.593
car -1 -1 0.00 0.00 0.00 100.00 100.00 -1000 1.64 7.50 5.70 -1000 31.97 1.32 209.896
car -1 -1 0.00 0.00 0.00 100.00 100.00 -1000 1.64 4.03 -3.12 -1000 8.92 1.48 209.306
car -1 -1 0.00 0.00 0.00 100.00 100.00 -1000 1.52 4.65 -1.85 -1000 31.23 1.55 199.749
car -1 -1 0.00 0.00 0.00 100.00 100.00 -1000 2.60 47.23 10.42 -1000 5.43 -1.15 199.602
car -1 -1 0.00 0.00 0.00 100.00 100.00 -1000 1.60 6.46 0.15 -1000 37.18 1.37 199.186
car -1 -1 0.00 0.00 0.00 100.00 100.00 -1000 1.90 6.18 -12.56 -1000 45.14 1.34 197.227
car -1 -1 0.00 0.00 0.00 100.00 100.00 -1000 1.87 7.50 17.21 -1000 35.33 1.39 195.018
car -1 -1 0.00 0.00 0.00 100.00 100.00 -1000 1.74 8.18 4.64 -1000 39.45 1.35 191.338
car -1 -1 0.00 0.00 0.00 100.00 100.00 -1000 1.82 5.46 -11.28 -1000 41.39 1.59 190.592
car -1 -1 0.00 0.00 0.00 100.00 100.00 -1000 1.39 4.10 -0.31 -1000 26.36 1.61 189.435
car -1 -1 0.00 0.00 0.00 100.00 100.00 -1000 1.81 6.15 10.40 -1000 22.65 0.64 187.861
car -1 -1 0.00 0.00 0.00 100.00 100.00 -1000 1.62 5.67 11.02 -1000 15.46 1.61 187.607
car -1 -1 0.00 0.00 0.00 100.00 100.00 -1000 4.59 27.06 4.90 -1000 2.89 0.05 186.290
car -1 -1 0.00 0.00 0.00 100.00 100.00 -1000 2.02 7.61 -3.37 -1000 27.76 1.37 185.868
car -1 -1 0.00 0.00 0.00 100.00 100.00 -1000 4.18 26.56 -19.02 -1000 9.03 0.12 183.511
car -1 -1 0.00 0.00 0.00 100.00 100.00 -1000 3.47 18.97 -16.87 -1000 3.93 0.42 183.234
car -1 -1 0.00 0.00 0.00 100.00 100.00 -1000 1.71 5.22 -1.61 -1000 41.22 1.48 183.014
car -1 -1 0.00 0.00 0.00 100.00 100.00 -1000 1.49 5.25 6.56 -1000 37.11 1.50 181.814
car -1 -1 0.00 0.00 0.00 100.00 100.00 -1000 1.59 5.05 -5.58 -1000 39.07 1.21 179.983
car -1 -1 0.00 0.00 0.00 100.00 100.00 -1000 5.89 105.34 -15.65 -1000 4.52 0.55 179.443
car -1 -1 0.00 0.00 0.00 100.00 100.00 -1000 5.87 105.85 -15.66 -1000 7.75 0.54 175.776
car -1 -1 0.00 0.00 0.00 100.00 100.00 -1000 1.90 6.58 -3.34 -1000 38.48 1.46 175.041
car -1 -1 0.00 0.00 0.00 100.00 100.00 -1000 2.05 6.74 5.48 -1000 15.77 0.05 170.971
car -1 -1 0.00 0.00 0.00 100.00 100.00 -1000 1.91 7.06 6.28 -1000 40.29 1.25 170.557
car -1 -1 0.00 0.00 0.00 100.00 100.00 -1000 1.89 6.67 -11.37 -1000 16.64 1.57 169.471
car -1 -1 0.00 0.00 0.00 100.00 100.00 -1000 1.74 5.96 -14.13 -1000 25.08 1.48 168.548
car -1 -1 0.00 0.00 0.00 100.00 100.00 -1000 2.52 47.97 11.88 -1000 8.66 -1.14 167.768
car -1 -1 0.00 0.00 0.00 100.00 100.00 -1000 2.43 18.29 -7.03 -1000 32.08 1.11 167.569
car -1 -1 0.00 0.00 0.00 100.00 100.00 -1000 1.67 5.36 -0.51 -1000 42.51 1.45 167.209
car -1 -1 0.00 0.00 0.00 100.00 100.00 -1000 1.62 4.34 -8.24 -1000 45.85 -0.16 165.979
car -1 -1 0.00 0.00 0.00 100.00 100.00 -1000 1.88 5.54 -3.51 -1000 24.33 1.66 165.859
car -1 -1 0.00 0.00 0.00 100.00 100.00 -1000 3.59 21.52 -17.14 -1000 10.39 0.36 165.298
car -1 -1 0.00 0.00 0.00 100.00 100.00 -1000 1.83 5.91 -3.29 -1000 29.72 1.31 164.571
car -1 -1 0.00 0.00 0.00 100.00 100.00 -1000 2.23 10.33 6.57 -1000 47.01 1.12 162.741
car -1 -1 0.00 0.00 0.00 100.00 100.00 -1000 1.82 7.66 -7.12 -1000 19.27 1.52 161.616
car -1 -1 0.00 0.00 0.00 100.00 100.00 -1000 1.76 6.99 15.49 -1000 41.94 1.36 160.564
car -1 -1 0.00 0.00 0.00 100.00 100.00 -1000 1.53 5.10 -8.50 -1000 20.97 1.58 158.862
car -1 -1 0.00 0.00 0.00 100.00 100.00 -1000 1.90 5.75 14.03 -1000 27.46 1.58 157.837
car -1 -1 0.00 0.00 0.00 100.00 100.00 -1000 1.72 6.10 -3.90 -1000 21.82 1.46 157.461
car -1 -1 0.00 0.00 0.00 100.00 100.00 -1000 1.77 6.46 15.95 -1000 18.24 1.44 154.919
car -1 -1 0.00 0.00 0.00 100.00 100.00 -1000 1.84 8.19 16.07 -1000 38.69 1.32 151.897
car -1 -1 0.00 0.00 0.00 100.00 100.00 -1000 1.82 5.82 -8.27 -1000 47.14 1.43 151.751
car -1 -1 0.00 0.00 0.00 100.00 100.00 -1000 1.72 5.79 1.58 -1000 45.38 1.62 150.882
car -1 -1 0.00 0.00 0.00 100.00 100.00 -1000 1.95 7.06 -3.47 -1000 40.89 1.37 149.759
car -1 -1 0.00 0.00 0.00 100.00 100.00 -1000 1.94 8.29 15.15 -1000 40.88 1.32 149.094
car -1 -1 0.00 0.00 0.00 100.00 100.00 -1000 1.88 6.27 -3.50 -1000 28.80 1.47 148.657
car -1 -1 0.00 0.00 0.00 100.00 100.00 -1000 3.33 7.79 12.63 -1000 3.01 0.75 148.488
car -1 -1 0.00 0.00 0.00 100.00 100.00 -1000 2.06 6.44 8.44 -1000 41.10 1.35 147.665
car -1 -1 0.00 0.00 0.00 100.00 100.00 -1000 1.79 4.28 -8.15 -1000 16.17 -0.61 146.878
car -1 -1 0.00 0.00 0.00 100.00 100.00 -1000 1.78 7.20 -6.45 -1000 46.80 1.31 145.828
car -1 -1 0.00 0.00 0.00 100.00 100.00 -1000 39.50 40.75 12.36 -1000 5.50 -0.72 144.619
car -1 -1 0.00 0.00 0.00 100.00 100.00 -1000 3.44 8.30 14.10 -1000 6.23 0.73 143.304
car -1 -1 0.00 0.00 0.00 100.00 100.00 -1000 1.81 7.84 -0.46 -1000 34.05 1.37 142.524
car -1 -1 0.00 0.00 0.00 100.00 100.00 -1000 1.76 5.68 13.74 -1000 21.66 1.42 142.078
car -1 -1 0.00 0.00 0.00 100.00 100.00 -1000 3.24 18.64 13.71 -1000 5.42 0.52 141.763
car -1 -1 0.00 0.00 0.00 100.00 100.00 -1000 1.62 5.15 -1.79 -1000 45.55 0.05 141.572
car -1 -1 0.00 0.00 0.00 100.00 100.00 -1000 1.60 7.74 -20.53 -1000 41.70 1.32 140.591
car -1 -1 0.00 0.00 0.00 100.00 100.00 -1000 6.95 172.37 11.77 -1000 1.30 0.56 140.099
car -1 -1 0.00 0.00 0.00 100.00 100.00 -1000 2.16 8.38 -3.72 -1000 40.00 1.40 138.334
