car -1 -1 0.00 0.00 0.00 100.00 100.00 -1000 1.43 4.24 -11.08 -1000 18.41 1.51 999.093
car -1 -1 0.00 0.00 0.00 100.00 100.00 -1000 1.53 3.61 4.88 -1000 34.47 1.53 998.887
car -1 -1 0.00 0.00 0.00 100.00 100.00 -1000 1.57 3.60 17.07 -1000 20.78 1.58 997.604
car -1 -1 0.00 0.00 0.00 100.00 100.00 -1000 1.55 3.57 16.54 -1000 20.13 1.60 997.303
car -1 -1 0.00 0.00 0.00 100.00 100.00 -1000 1.52 3.32 10.19 -1000 45.25 1.61 997.117
car -1 -1 0.00 0.00 0.00 100.00 100.00 -1000 1.53 4.21 -11.14 -1000 19.54 1.50 997.098
car -1 -1 0.00 0.00 0.00 100.00 100.00 -1000 1.56 3.62 17.91 -1000 23.22 1.61 992.625
car -1 -1 0.00 0.00 0.00 100.00 100.00 -1000 1.61 3.78 17.45 -1000 21.58 1.62 992.435
car -1 -1 0.00 0.00 0.00 100.00 100.00 -1000 1.48 3.64 4.71 -1000 33.56 0.03 989.637
car -1 -1 0.00 0.00 0.00 100.00 100.00 -1000 2.21 7.37 15.40 -1000 24.06 1.37 981.325
car -1 -1 0.00 0.00 0.00 100.00 100.00 -1000 1.59 3.81 17.26 -1000 22.42 1.58 979.063
car -1 -1 0.00 0.00 0.00 100.00 100.00 -1000 1.59 3.92 16.30 -1000 19.08 -0.21 976.039
car -1 -1 0.00 0.00 0.00 100.00 100.00 -1000 1.63 4.37 -10.98 -1000 20.45 1.52 974.014
car -1 -1 0.00 0.00 0.00 100.00 100.00 -1000 1.58 3.97 5.96 -1000 34.94 1.61 973.349
car -1 -1 0.00 0.00 0.00 100.00 100.00 -1000 1.55 3.82 -4.46 -1000 39.18 1.52 972.781
car -1 -1 0.00 0.00 0.00 100.00 100.00 -1000 5.91 16.58 -8.00 -1000 9.92 0.10 971.371
car -1 -1 0.00 0.00 0.00 100.00 100.00 -1000 1.18 4.35 -11.05 -1000 17.49 0.12 969.769
car -1 -1 0.00 0.00 0.00 100.00 100.00 -1000 1.59 3.95 7.40 -1000 35.40 1.59 967.405
car -1 -1 0.00 0.00 0.00 100.00 100.00 -1000 1.70 4.72 -12.94 -1000 18.54 1.57 967.138
car -1 -1 0.00 0.00 0.00 100.00 100.00 -1000 1.59 3.88 17.53 -1000 23.98 1.61 966.865
car -1 -1 0.00 0.00 0.00 100.00 100.00 -1000 1.49 3.48 10.02 -1000 44.44 0.02 956.672
car -1 -1 0.00 0.00 0.00 100.00 100.00 -1000 10.48 159.40 -5.69 -1000 8.00 0.54 951.983
car -1 -1 0.00 0.00 0.00 100.00 100.00 -1000 1.56 3.72 -13.53 -1000 39.84 1.55 950.206
car -1 -1 0.00 0.00 0.00 100.00 100.00 -1000 1.52 3.35 9.54 -1000 30.59 1.55 949.677
car -1 -1 0.00 0.00 0.00 100.00 100.00 -1000 2.13 7.35 -14.13 -1000 20.70 1.50 945.987
car -1 -1 0.00 0.00 0.00 100.00 100.00 -1000 1.68 4.19 8.17 -1000 39.01 1.52 944.249
car -1 -1 0.00 0.00 0.00 100.00 100.00 -1000 1.59 3.78 15.44 -1000 45.89 1.63 940.301
car -1 -1 0.00 0.00 0.00 100.00 100.00 -1000 4.65 2.71 -5.78 -1000 8.25 0.69 933.080
car -1 -1 0.00 0.00 0.00 100.00 100.00 -1000 1.87 5.90 -14.10 -1000 19.16 1.50 919.696
car -1 -1 0.00 0.00 0.00 100.00 100.00 -1000 1.84 5.80 15.66 -1000 21.12 1.50 914.727
car -1 -1 0.00 0.00 0.00 100.00 100.00 -1000 2.26 8.15 6.45 -1000 38.20 1.49 912.719
car -1 -1 0.00 0.00 0.00 100.00 100.00 -1000 1.76 6.09 3.30 -1000 34.99 1.43 909.825
car -1 -1 0.00 0.00 0.00 100.00 100.00 -1000 1.72 4.63 11.57 -1000 45.89 1.65 902.567
car -1 -1 0.00 0.00 0.00 100.00 100.00 -1000 1.91 6.52 16.51 -1000 25.55 1.48 901.958
car -1 -1 0.00 0.00 0.00 100.00 100.00 -1000 1.67 4.48 17.67 -1000 24.76 1.57 899.934
car -1 -1 0.00 0.00 0.00 100.00 100.00 -1000 1.79 5.03 6.39 -1000 35.95 1.51 899.810
car -1 -1 0.00 0.00 0.00 100.00 100.00 -1000 1.65 4.27 -3.92 -1000 45.93 1.57 896.058
car -1 -1 0.00 0.00 0.00 100.00 100.00 -1000 2.20 7.24 14.58 -1000 22.35 1.42 894.049
car -1 -1 0.00 0.00 0.00 100.00 100.00 -1000 1.81 5.68 18.22 -1000 26.96 1.45 892.772
car -1 -1 0.00 0.00 0.00 100.00 100.00 -1000 1.64 4.37 -14.09 -1000 30.35 1.63 891.904
car -1 -1 0.00 0.00 0.00 100.00 100.00 -1000 1.60 3.84 8.15 -1000 34.74 0.03 888.865
car -1 -1 0.00 0.00 0.00 100.00 100.00 -1000 1.70 4.78 -5.60 -1000 25.69 1.63 882.910
car -1 -1 0.00 0.00 0.00 100.00 100.00 -1000 1.72 4.59 9.37 -1000 45.78 1.46 880.157
car -1 -1 0.00 0.00 0.00 100.00 100.00 -1000 1.61 3.81 9.46 -1000 29.81 -0.10 876.141
car -1 -1 0.00 0.00 0.00 100.00 100.00 -1000 1.63 3.81 -14.15 -1000 39.07 1.55 875.850
car -1 -1 0.00 0.00 0.00 100.00 100.00 -1000 1.77 5.66 15.67 -1000 23.14 1.51 869.980
car -1 -1 0.00 0.00 0.00 100.00 100.00 -1000 2.02 6.40 11.16 -1000 47.43 1.29 860.442
car -1 -1 0.00 0.00 0.00 100.00 100.00 -1000 1.63 5.09 -10.60 -1000 21.63 1.62 850.630
car -1 -1 0.00 0.00 0.00 100.00 100.00 -1000 1.60 4.05 14.14 -1000 46.19 1.58 847.360
car -1 -1 0.00 0.00 0.00 100.00 100.00 -1000 1.88 5.40 14.70 -1000 20.14 1.61 838.856
car -1 -1 0.00 0.00 0.00 100.00 100.00 -1000 1.62 4.02 -17.99 -1000 35.79 0.03 836.877
car -1 -1 0.00 0.00 0.00 100.00 100.00 -1000 1.68 4.19 10.89 -1000 30.95 1.63 831.817
car -1 -1 0.00 0.00 0.00 100.00 100.00 -1000 2.03 6.43 -13.99 -1000 21.99 1.43 822.567
car -1 -1 0.00 0.00 0.00 100.00 100.00 -1000 2.07 10.32 1.96 -1000 36.19 1.29 821.912
car -1 -1 0.00 0.00 0.00 100.00 100.00 -1000 1.82 5.47 -12.73 -1000 20.02 1.53 816.428
car -1 -1 0.00 0.00 0.00 100.00 100.00 -1000 1.66 4.17 -4.88 -1000 38.42 1.57 803.247
car -1 -1 0.00 0.00 0.00 100.00 100.00 -1000 2.01 8.27 0.71 -1000 35.39 1.31 798.971
car -1 -1 0.00 0.00 0.00 100.00 100.00 -1000 1.67 4.19 15.14 -1000 38.31 1.61 794.685
car -1 -1 0.00 0.00 0.00 100.00 100.00 -1000 2.12 7.27 15.68 -1000 26.67 1.46 793.001
car -1 -1 0.00 0.00 0.00 100.00 100.00 -1000 1.48 3.40 15.85 -1000 45.16 -0.02 792.079
car -1 -1 0.00 0.00 0.00 100.00 100.00 -1000 1.74 4.53 -17.66 -1000 36.73 1.57 783.181
car -1 -1 0.00 0.00 0.00 100.00 100.00 -1000 2.46 10.94 5.46 -1000 36.97 1.52 779.891
car -1 -1 0.00 0.00 0.00 100.00 100.00 -1000 1.63 4.46 -13.50 -1000 40.57 1.51 778.309
car -1 -1 0.00 0.00 0.00 100.00 100.00 -1000 2.38 12.13 15.38 -1000 25.10 1.25 775.873
car -1 -1 0.00 0.00 0.00 100.00 100.00 -1000 1.57 3.91 6.22 -1000 34.05 1.83 772.464
car -1 -1 0.00 0.00 0.00 100.00 100.00 -1000 1.62 4.06 9.66 -1000 39.40 1.54 770.410
car -1 -1 0.00 0.00 0.00 100.00 100.00 -1000 1.63 4.11 8.19 -1000 13.28 1.57 759.829
car -1 -1 0.00 0.00 0.00 100.00 100.00 -1000 1.66 4.22 14.17 -1000 39.09 1.62 758.991
car -1 -1 0.00 0.00 0.00 100.00 100.00 -1000 1.75 4.67 -12.65 -1000 17.64 1.64 722.439
car -1 -1 0.00 0.00 0.00 100.00 100.00 -1000 1.70 4.80 -14.13 -1000 29.51 1.66 715.767
car -1 -1 0.00 0.00 0.00 100.00 100.00 -1000 1.74 4.93 -15.40 -1000 30.90 1.55 689.252
car -1 -1 0.00 0.00 0.00 100.00 100.00 -1000 1.89 5.57 12.20 -1000 34.04 1.50 676.568
car -1 -1 0.00 0.00 0.00 100.00 100.00 -1000 1.69 4.27 11.48 -1000 45.00 1.82 672.888
car -1 -1 0.00 0.00 0.00 100.00 100.00 -1000 1.96 8.63 -11.61 -1000 41.65 1.47 669.575
car -1 -1 0.00 0.00 0.00 100.00 100.00 -1000 1.86 5.10 12.28 -1000 46.75 1.53 668.930
car -1 -1 0.00 0.00 0.00 100.00 100.00 -1000 1.39 3.98 -11.36 -1000 16.73 1.61 667.526
car -1 -1 0.00 0.00 0.00 100.00 100.00 -1000 1.79 5.56 -5.60 -1000 33.67 1.57 664.509
car -1 -1 0.00 0.00 0.00 100.00 100.00 -1000 1.75 5.31 -14.01 -1000 31.31 1.48 659.808
car -1 -1 0.00 0.00 0.00 100.00 100.00 -1000 1.85 6.40 5.10 -1000 36.47 1.51 649.159
car -1 -1 0.00 0.00 0.00 100.00 100.00 -1000 1.82 5.57 -12.22 -1000 21.14 1.50 647.443
car -1 -1 0.00 0.00 0.00 100.00 100.00 -1000 1.70 4.67 18.63 -1000 27.96 1.50 643.328
car -1 -1 0.00 0.00 0.00 100.00 100.00 -1000 1.54 3.77 5.12 -1000 32.87 1.74 638.058
car -1 -1 0.00 0.00 0.00 100.00 100.00 -1000 1.70 4.60 9.55 -1000 31.29 1.56 636.410
car -1 -1 0.00 0.00 0.00 100.00 100.00 -1000 1.82 5.29 11.78 -1000 34.87 1.46 628.211
car -1 -1 0.00 0.00 0.00 100.00 100.00 -1000 8.26 8.42 -5.55 -1000 7.48 0.60 619.305
car -1 -1 0.00 0.00 0.00 100.00 100.00 -1000 1.65 3.97 12.74 -1000 30.68 1.57 612.390
car -1 -1 0.00 0.00 0.00 100.00 100.00 -1000 1.66 4.12 14.64 -1000 33.82 1.53 603.969
car -1 -1 0.00 0.00 0.00 100.00 100.00 -1000 1.58 4.70 -4.97 -1000 26.39 1.54 602.398
car -1 -1 0.00 0.00 0.00 100.00 100.00 -1000 5.33 47.43 -6.17 -1000 8.13 0.90 602.070
car -1 -1 0.00 0.00 0.00 100.00 100.00 -1000 1.93 9.65 -5.67 -1000 8.40 0.32 578.868
car -1 -1 0.00 0.00 0.00 100.00 100.00 -1000 1.83 5.21 -14.66 -1000 38.20 1.54 578.668
car -1 -1 0.00 0.00 0.00 100.00 100.00 -1000 1.96 9.58 -9.09 -1000 22.11 1.50 575.916
car -1 -1 0.00 0.00 0.00 100.00 100.00 -1000 1.61 3.68 11.40 -1000 30.26 -0.38 560.008
car -1 -1 0.00 0.00 0.00 100.00 100.00 -1000 1.67 4.39 8.58 -1000 43.86 1.50 559.666
car -1 -1 0.00 0.00 0.00 100.00 100.00 -1000 1.65 4.10 18.91 -1000 24.26 -0.39 555.986
car -1 -1 0.00 0.00 0.00 100.00 100.00 -1000 1.52 5.69 -8.18 -1000 18.65 1.57 554.305
car -1 -1 0.00 0.00 0.00 100.00 100.00 -1000 1.72 5.19 17.57 -1000 19.62 1.61 550.647
car -1 -1 0.00 0.00 0.00 100.00 100.00 -1000 1.74 4.38 7.06 -1000 33.26 1.68 550.225
car -1 -1 0.00 0.00 0.00 100.00 100.00 -1000 1.57 1.19 -6.69 -1000 11.19 0.49 542.858
car -1 -1 0.00 0.00 0.00 100.00 100.00 -1000 2.34 8.96 4.58 -1000 38.81 1.18 542.503
car -1 -1 0.00 0.00 0.00 100.00 100.00 -1000 1.80 5.71 -14.57 -1000 18.23 1.59 538.489
car -1 -1 0.00 0.00 0.00 100.00 100.00 -1000 1.88 8.66 -9.90 -1000 40.28 1.41 536.483
car -1 -1 0.00 0.00 0.00 100.00 100.00 -1000 1.75 4.85 13.44 -1000 39.79 1.48 534.850
car -1 -1 0.00 0.00 0.00 100.00 100.00 -1000 1.80 5.42 17.53 -1000 39.81 1.56 534.743
car -1 -1 0.00 0.00 0.00 100.00 100.00 -1000 1.69 5.21 -12.58 -1000 45.91 1.42 530.369
car -1 -1 0.00 0.00 0.00 100.00 100.00 -1000 1.73 4.54 13.15 -1000 45.44 1.68 525.626
car -1 -1 0.00 0.00 0.00 100.00 100.00 -1000 1.92 6.26 -15.10 -1000 40.12 1.37 515.284
car -1 -1 0.00 0.00 0.00 100.00 100.00 -1000 1.96 8.02 -11.69 -1000 42.65 1.40 514.654
car -1 -1 0.00 0.00 0.00 100.00 100.00 -1000 1.74 6.82 -10.34 -1000 33.96 1.39 501.361
car -1 -1 0.00 0.00 0.00 100.00 100.00 -1000 1.98 10.25 -8.48 -1000 20.51 1.57 500.847
car -1 -1 0.00 0.00 0.00 100.00 100.00 -1000 1.72 5.48 -9.19 -1000 20.96 1.67 493.504
car -1 -1 0.00 0.00 0.00 100.00 100.00 -1000 1.78 5.19 9.35 -1000 35.16 1.46 486.530
car -1 -1 0.00 0.00 0.00 100.00 100.00 -1000 1.75 4.68 -16.61 -1000 37.37 1.54 482.222
car -1 -1 0.00 0.00 0.00 100.00 100.00 -1000 1.75 4.93 16.08 -1000 39.08 1.66 474.278
car -1 -1 0.00 0.00 0.00 100.00 100.00 -1000 1.73 5.67 -3.24 -1000 39.90 1.50 474.027
car -1 -1 0.00 0.00 0.00 100.00 100.00 -1000 1.79 5.54 8.35 -1000 12.61 1.68 471.056
car -1 -1 0.00 0.00 0.00 100.00 100.00 -1000 1.69 4.49 7.84 -1000 17.86 1.46 470.503
car -1 -1 0.00 0.00 0.00 100.00 100.00 -1000 1.43 4.23 3.03 -1000 33.95 1.47 468.923
car -1 -1 0.00 0.00 0.00 100.00 100.00 -1000 1.72 4.75 14.49 -1000 19.09 1.61 463.795
car -1 -1 0.00 0.00 0.00 100.00 100.00 -1000 1.99 6.30 13.04 -1000 20.74 1.49 453.105
car -1 -1 0.00 0.00 0.00 100.00 100.00 -1000 1.74 6.37 -8.88 -1000 19.71 1.62 447.859
car -1 -1 0.00 0.00 0.00 100.00 100.00 -1000 2.05 7.27 16.55 -1000 27.59 1.48 447.487
car -1 -1 0.00 0.00 0.00 100.00 100.00 -1000 2.31 8.11 13.36 -1000 23.22 1.33 434.971
car -1 -1 0.00 0.00 0.00 100.00 100.00 -1000 1.88 5.84 11.44 -1000 31.62 1.57 430.163
car -1 -1 0.00 0.00 0.00 100.00 100.00 -1000 1.87 5.83 16.63 -1000 40.60 1.50 430.061
car -1 -1 0.00 0.00 0.00 100.00 100.00 -1000 1.77 4.98 16.44 -1000 47.10 1.46 428.779
car -1 -1 0.00 0.00 0.00 100.00 100.00 -1000 1.75 5.49 7.97 -1000 45.21 1.43 427.051
car -1 -1 0.00 0.00 0.00 100.00 100.00 -1000 1.66 5.11 19.03 -1000 38.70 1.50 425.728
car -1 -1 0.00 0.00 0.00 100.00 100.00 -1000 1.91 5.38 14.24 -1000 47.15 1.56 420.936
car -1 -1 0.00 0.00 0.00 100.00 100.00 -1000 1.92 6.52 -16.13 -1000 31.73 1.54 418.265
car -1 -1 0.00 0.00 0.00 100.00 100.00 -1000 1.73 6.14 -2.67 -1000 46.40 1.50 416.142
car -1 -1 0.00 0.00 0.00 100.00 100.00 -1000 1.70 4.88 7.92 -1000 33.88 1.70 411.509
car -1 -1 0.00 0.00 0.00 100.00 100.00 -1000 1.58 3.98 -5.31 -1000 37.50 0.10 406.557
car -1 -1 0.00 0.00 0.00 100.00 100.00 -1000 2.27 13.36 -8.99 -1000 21.40 1.52 402.416
car -1 -1 0.00 0.00 0.00 100.00 100.00 -1000 1.90 6.72 9.48 -1000 46.66 1.35 399.643
car -1 -1 0.00 0.00 0.00 100.00 100.00 -1000 1.80 5.60 -16.08 -1000 30.18 1.49 396.617
car -1 -1 0.00 0.00 0.00 100.00 100.00 -1000 1.80 5.43 -13.43 -1000 37.63 1.48 384.293
car -1 -1 0.00 0.00 0.00 100.00 100.00 -1000 1.66 6.91 3.92 -1000 37.74 1.29 383.160
car -1 -1 0.00 0.00 0.00 100.00 100.00 -1000 1.81 6.18 17.80 -1000 28.78 1.45 378.638
car -1 -1 0.00 0.00 0.00 100.00 100.00 -1000 1.92 12.41 -12.80 -1000 23.33 1.27 376.541
car -1 -1 0.00 0.00 0.00 100.00 100.00 -1000 1.85 6.13 -14.60 -1000 37.03 1.44 374.801
car -1 -1 0.00 0.00 0.00 100.00 100.00 -1000 1.94 8.85 -11.31 -1000 39.45 1.38 369.369
car -1 -1 0.00 0.00 0.00 100.00 100.00 -1000 1.82 5.37 10.80 -1000 38.87 1.53 368.914
car -1 -1 0.00 0.00 0.00 100.00 100.00 -1000 1.88 5.73 7.31 -1000 39.64 1.41 362.675
car -1 -1 0.00 0.00 0.00 100.00 100.00 -1000 1.55 4.50 -9.54 -1000 18.11 1.65 362.511
car -1 -1 0.00 0.00 0.00 100.00 100.00 -1000 1.81 6.00 18.32 -1000 33.68 1.43 358.069
car -1 -1 0.00 0.00 0.00 100.00 100.00 -1000 1.69 4.51 -4.49 -1000 45.13 0.18 347.540
car -1 -1 0.00 0.00 0.00 100.00 100.00 -1000 1.94 6.26 -18.62 -1000 37.34 1.37 344.585
car -1 -1 0.00 0.00 0.00 100.00 100.00 -1000 2.06 7.48 12.28 -1000 33.07 1.51 343.734
car -1 -1 0.00 0.00 0.00 100.00 100.00 -1000 1.75 4.87 -16.02 -1000 38.64 1.44 342.734
car -1 -1 0.00 0.00 0.00 100.00 100.00 -1000 1.85 5.78 -14.73 -1000 41.81 1.39 336.614
car -1 -1 0.00 0.00 0.00 100.00 100.00 -1000 1.80 6.54 -6.12 -1000 39.40 1.38 335.057
car -1 -1 0.00 0.00 0.00 100.00 100.00 -1000 1.81 6.97 -10.15 -1000 43.19 1.45 326.386
car -1 -1 0.00 0.00 0.00 100.00 100.00 -1000 1.73 5.82 -1.09 -1000 40.06 1.41 325.940
car -1 -1 0.00 0.00 0.00 100.00 100.00 -1000 1.90 6.86 16.92 -1000 30.09 1.34 322.812
car -1 -1 0.00 0.00 0.00 100.00 100.00 -1000 1.74 5.08 13.80 -1000 34.60 1.48 320.801
car -1 -1 0.00 0.00 0.00 100.00 100.00 -1000 1.63 6.24 4.02 -1000 24.10 1.38 320.118
car -1 -1 0.00 0.00 0.00 100.00 100.00 -1000 1.86 5.71 7.19 -1000 23.22 1.41 316.509
car -1 -1 0.00 0.00 0.00 100.00 100.00 -1000 1.76 4.90 6.11 -1000 32.32 1.59 309.926
car -1 -1 0.00 0.00 0.00 100.00 100.00 -1000 1.85 7.67 4.36 -1000 28.57 1.17 307.507
car -1 -1 0.00 0.00 0.00 100.00 100.00 -1000 1.84 5.62 8.09 -1000 31.70 1.45 305.095
car -1 -1 0.00 0.00 0.00 100.00 100.00 -1000 1.70 5.84 -7.21 -1000 38.39 1.39 302.286
car -1 -1 0.00 0.00 0.00 100.00 100.00 -1000 1.80 6.00 -16.16 -1000 29.15 1.57 300.892
car -1 -1 0.00 0.00 0.00 100.00 100.00 -1000 1.86 6.11 -15.65 -1000 20.02 1.45 298.096
car -1 -1 0.00 0.00 0.00 100.00 100.00 -1000 1.71 5.41 -2.48 -1000 45.36 1.52 297.898
car -1 -1 0.00 0.00 0.00 100.00 100.00 -1000 1.84 7.42 -11.30 -1000 44.03 1.38 297.850
car -1 -1 0.00 0.00 0.00 100.00 100.00 -1000 1.62 5.26 -2.23 -1000 39.25 1.45 295.158
car -1 -1 0.00 0.00 0.00 100.00 100.00 -1000 1.82 5.40 -14.08 -1000 45.06 1.44 294.998
car -1 -1 0.00 0.00 0.00 100.00 100.00 -1000 1.80 5.18 16.40 -1000 34.20 1.55 291.793
car -1 -1 0.00 0.00 0.00 100.00 100.00 -1000 1.77 4.69 9.54 -1000 43.08 1.48 291.096
car -1 -1 0.00 0.00 0.00 100.00 100.00 -1000 1.64 4.47 -3.35 -1000 38.74 -0.19 290.796
car -1 -1 0.00 0.00 0.00 100.00 100.00 -1000 2.10 4.01 -5.33 -1000 7.52 -0.17 288.846
car -1 -1 0.00 0.00 0.00 100.00 100.00 -1000 1.74 4.91 15.77 -1000 44.52 1.59 284.488
car -1 -1 0.00 0.00 0.00 100.00 100.00 -1000 1.76 5.08 -14.81 -1000 36.17 1.47 280.497
car -1 -1 0.00 0.00 0.00 100.00 100.00 -1000 2.72 4.83 -8.17 -1000 8.16 0.93 274.422
car -1 -1 0.00 0.00 0.00 100.00 100.00 -1000 5.88 80.51 6.69 -1000 14.24 0.78 272.207
car -1 -1 0.00 0.00 0.00 100.00 100.00 -1000 1.62 6.08 -12.34 -1000 29.99 1.41 271.682
car -1 -1 0.00 0.00 0.00 100.00 100.00 -1000 1.81 5.28 3.47 -1000 32.88 1.63 269.891
car -1 -1 0.00 0.00 0.00 100.00 100.00 -1000 1.45 4.80 5.23 -1000 27.63 1.29 269.422
car -1 -1 0.00 0.00 0.00 100.00 100.00 -1000 2.02 7.70 -15.65 -1000 33.46 1.46 267.962
car -1 -1 0.00 0.00 0.00 100.00 100.00 -1000 18.85 55.97 -5.40 -1000 8.46 0.31 265.446
car -1 -1 0.00 0.00 0.00 100.00 100.00 -1000 1.82 5.97 19.18 -1000 32.83 1.42 262.017
car -1 -1 0.00 0.00 0.00 100.00 100.00 -1000 1.73 5.07 17.29 -1000 18.25 -0.11 260.286
car -1 -1 0.00 0.00 0.00 100.00 100.00 -1000 1.76 5.14 14.36 -1000 21.59 -0.03 259.676
car -1 -1 0.00 0.00 0.00 100.00 100.00 -1000 1.82 5.70 -15.30 -1000 34.42 1.42 258.946
car -1 -1 0.00 0.00 0.00 100.00 100.00 -1000 1.89 6.18 -14.19 -1000 43.38 1.38 251.881
car -1 -1 0.00 0.00 0.00 100.00 100.00 -1000 1.67 4.12 8.54 -1000 38.25 -0.19 250.481
car -1 -1 0.00 0.00 0.00 100.00 100.00 -1000 1.86 6.20 -15.38 -1000 22.65 1.36 246.172
car -1 -1 0.00 0.00 0.00 100.00 100.00 -1000 1.92 6.51 7.42 -1000 41.74 1.38 239.128
car -1 -1 0.00 0.00 0.00 100.00 100.00 -1000 1.77 5.11 10.89 -1000 39.92 1.57 239.050
car -1 -1 0.00 0.00 0.00 100.00 100.00 -1000 1.93 6.87 5.10 -1000 45.05 1.31 238.001
car -1 -1 0.00 0.00 0.00 100.00 100.00 -1000 2.12 7.41 7.11 -1000 29.32 1.43 237.499
car -1 -1 0.00 0.00 0.00 100.00 100.00 -1000 1.66 4.53 15.50 -1000 37.44 -0.16 234.881
car -1 -1 0.00 0.00 0.00 100.00 100.00 -1000 1.77 4.60 10.65 -1000 43.74 -0.26 234.586
car -1 -1 0.00 0.00 0.00 100.00 100.00 -1000 1.43 4.83 1.13 -1000 34.41 1.37 234.270
car -1 -1 0.00 0.00 0.00 100.00 100.00 -1000 1.59 3.80 13.06 -1000 38.64 0.09 233.527
car -1 -1 0.00 0.00 0.00 100.00 100.00 -1000 2.01 6.03 7.60 -1000 18.61 1.43 227.840
car -1 -1 0.00 0.00 0.00 100.00 100.00 -1000 1.91 6.94 11.37 -1000 35.80 1.41 225.428
car -1 -1 0.00 0.00 0.00 100.00 100.00 -1000 1.78 5.42 14.04 -1000 30.24 1.47 225.189
car -1 -1 0.00 0.00 0.00 100.00 100.00 -1000 1.53 5.23 -7.61 -1000 17.90 1.59 224.106
car -1 -1 0.00 0.00 0.00 100.00 100.00 -1000 2.02 8.92 -11.07 -1000 46.46 1.34 221.908
car -1 -1 0.00 0.00 0.00 100.00 100.00 -1000 2.04 9.64 3.98 -1000 41.85 1.16 221.265
car -1 -1 0.00 0.00 0.00 100.00 100.00 -1000 3.64 29.60 6.80 -1000 15.95 1.06 220.794
car -1 -1 0.00 0.00 0.00 100.00 100.00 -1000 1.67 6.08 18.16 -1000 20.39 1.44 220.012
car -1 -1 0.00 0.00 0.00 100.00 100.00 -1000 2.18 9.56 7.02 -1000 17.64 1.31 218.257
car -1 -1 0.00 0.00 0.00 100.00 100.00 -1000 1.78 6.84 -10.30 -1000 44.88 1.39 216.852
car -1 -1 0.00 0.00 0.00 100.00 100.00 -1000 1.86 5.80 -16.32 -1000 39.42 1.37 216.279
car -1 -1 0.00 0.00 0.00 100.00 100.00 -1000 1.51 5.57 -6.43 -1000 20.61 1.42 214.617
car -1 -1 0.00 0.00 0.00 100.00 100.00 -1000 1.78 7.42 -4.56 -1000 47.07 1.45 210.819
car -1 -1 0.00 0.00 0.00 100.00 100.00 -1000 1.88 9.40 -10.16 -1000 34.80 1.40 207.641
car -1 -1 0.00 0.00 0.00 100.00 100.00 -1000 1.82 7.27 -8.85 -1000 39.06 1.32 204.297
car -1 -1 0.00 0.00 0.00 100.00 100.00 -1000 1.79 4.80 16.13 -1000 21.93 -0.12 203.949
car -1 -1 0.00 0.00 0.00 100.00 100.00 -1000 2.03 6.51 9.48 -1000 40.77 1.51 202.607
car -1 -1 0.00 0.00 0.00 100.00 100.00 -1000 1.55 8.23 -1.00 -1000 34.71 1.31 202.476
car -1 -1 0.00 0.00 0.00 100.00 100.00 -1000 2.20 7.06 4.55 -1000 40.28 1.10 201.541
car -1 -1 0.00 0.00 0.00 100.00 100.00 -1000 1.75 6.59 -11.67 -1000 38.42 1.40 201.181
car -1 -1 0.00 0.00 0.00 100.00 100.00 -1000 1.67 6.23 5.44 -1000 25.73 1.35 200.893
car -1 -1 0.00 0.00 0.00 100.00 100.00 -1000 1.89 6.26 10.12 -1000 34.24 1.47 200.493
car -1 -1 0.00 0.00 0.00 100.00 100.00 -1000 1.76 5.92 18.90 -1000 44.02 1.44 198.588
car -1 -1 0.00 0.00 0.00 100.00 100.00 -1000 1.45 5.71 -7.81 -1000 26.34 1.37 196.952
car -1 -1 0.00 0.00 0.00 100.00 100.00 -1000 1.80 4.99 -17.41 -1000 35.09 1.58 193.775
car -1 -1 0.00 0.00 0.00 100.00 100.00 -1000 1.74 4.45 15.15 -1000 18.22 -0.19 193.503
car -1 -1 0.00 0.00 0.00 100.00 100.00 -1000 1.99 10.08 -2.53 -1000 40.41 1.31 192.482
car -1 -1 0.00 0.00 0.00 100.00 100.00 -1000 1.61 4.15 15.45 -1000 33.23 -0.11 189.589
car -1 -1 0.00 0.00 0.00 100.00 100.00 -1000 2.09 9.31 -15.63 -1000 32.49 1.49 189.409
car -1 -1 0.00 0.00 0.00 100.00 100.00 -1000 1.59 7.31 -11.07 -1000 33.14 1.31 185.860
car -1 -1 0.00 0.00 0.00 100.00 100.00 -1000 1.46 5.90 -6.58 -1000 24.69 1.44 183.238
car -1 -1 0.00 0.00 0.00 100.00 100.00 -1000 1.78 6.67 5.62 -1000 20.93 1.34 181.136
car -1 -1 0.00 0.00 0.00 100.00 100.00 -1000 1.77 5.20 -15.56 -1000 35.41 1.49 179.805
car -1 -1 0.00 0.00 0.00 100.00 100.00 -1000 1.71 6.51 5.53 -1000 26.88 1.27 176.236
car -1 -1 0.00 0.00 0.00 100.00 100.00 -1000 1.78 5.88 15.00 -1000 40.18 1.44 175.793
car -1 -1 0.00 0.00 0.00 100.00 100.00 -1000 1.82 5.79 -13.56 -1000 44.24 1.37 174.391
car -1 -1 0.00 0.00 0.00 100.00 100.00 -1000 1.49 4.86 5.73 -1000 20.18 1.39 173.763
car -1 -1 0.00 0.00 0.00 100.00 100.00 -1000 1.70 5.29 18.02 -1000 46.38 1.40 171.445
car -1 -1 0.00 0.00 0.00 100.00 100.00 -1000 2.63 14.51 5.45 -1000 40.28 1.08 170.802
car -1 -1 0.00 0.00 0.00 100.00 100.00 -1000 1.96 11.47 -8.62 -1000 22.96 1.38 166.868
car -1 -1 0.00 0.00 0.00 100.00 100.00 -1000 2.08 9.01 6.31 -1000 46.70 1.12 165.234
car -1 -1 0.00 0.00 0.00 100.00 100.00 -1000 1.96 8.85 16.31 -1000 35.01 1.30 164.457
car -1 -1 0.00 0.00 0.00 100.00 100.00 -1000 2.19 8.80 13.01 -1000 26.25 1.24 162.057
car -1 -1 0.00 0.00 0.00 100.00 100.00 -1000 1.89 6.49 12.81 -1000 44.56 1.58 160.257
car -1 -1 0.00 0.00 0.00 100.00 100.00 -1000 1.87 6.24 6.19 -1000 23.93 1.40 159.815
car -1 -1 0.00 0.00 0.00 100.00 100.00 -1000 1.52 5.71 -12.39 -1000 31.93 1.42 159.088
car -1 -1 0.00 0.00 0.00 100.00 100.00 -1000 1.65 6.31 -11.26 -1000 37.55 1.37 158.902
car -1 -1 0.00 0.00 0.00 100.00 100.00 -1000 1.62 6.36 4.29 -1000 24.95 1.35 158.623
car -1 -1 0.00 0.00 0.00 100.00 100.00 -1000 1.81 6.36 8.45 -1000 14.14 1.45 158.314
car -1 -1 0.00 0.00 0.00 100.00 100.00 -1000 1.95 8.27 15.79 -1000 31.10 1.33 153.395
car -1 -1 0.00 0.00 0.00 100.00 100.00 -1000 3.83 17.27 4.92 -1000 15.29 0.47 149.974
