car -1 -1 0.00 0.00 0.00 100.00 100.00 -1000 1.57 3.72 9.24 -1000 18.10 1.60 999.564
car -1 -1 0.00 0.00 0.00 100.00 100.00 -1000 1.62 4.32 -2.92 -1000 12.50 1.37 999.254
car -1 -1 0.00 0.00 0.00 100.00 100.00 -1000 1.45 3.69 -1.46 -1000 26.59 1.36 998.938
car -1 -1 0.00 0.00 0.00 100.00 100.00 -1000 1.59 3.82 10.39 -1000 17.77 1.73 998.031
car -1 -1 0.00 0.00 0.00 100.00 100.00 -1000 1.57 3.81 -4.21 -1000 9.49 1.59 996.598
car -1 -1 0.00 0.00 0.00 100.00 100.00 -1000 1.62 3.87 9.79 -1000 18.79 1.62 996.272
car -1 -1 0.00 0.00 0.00 100.00 100.00 -1000 1.52 3.77 5.78 -1000 10.91 1.59 995.766
car -1 -1 0.00 0.00 0.00 100.00 100.00 -1000 1.63 4.40 9.87 -1000 17.07 0.07 995.347
car -1 -1 0.00 0.00 0.00 100.00 100.00 -1000 1.57 3.53 8.49 -1000 16.56 1.63 994.224
car -1 -1 0.00 0.00 0.00 100.00 100.00 -1000 1.55 3.62 8.15 -1000 18.46 1.60 993.874
car -1 -1 0.00 0.00 0.00 100.00 100.00 -1000 1.56 3.66 8.59 -1000 17.43 1.56 993.511
car -1 -1 0.00 0.00 0.00 100.00 100.00 -1000 1.60 4.01 8.60 -1000 19.52 1.54 990.721
car -1 -1 0.00 0.00 0.00 100.00 100.00 -1000 1.61 4.23 -3.08 -1000 11.61 -0.08 989.282
car -1 -1 0.00 0.00 0.00 100.00 100.00 -1000 1.56 3.29 9.73 -1000 15.91 1.59 985.389
car -1 -1 0.00 0.00 0.00 100.00 100.00 -1000 1.54 3.64 6.17 -1000 10.21 1.51 982.989
car -1 -1 0.00 0.00 0.00 100.00 100.00 -1000 1.53 3.95 -2.33 -1000 13.22 1.46 981.929
car -1 -1 0.00 0.00 0.00 100.00 100.00 -1000 1.68 4.24 -1.92 -1000 27.60 1.50 979.807
car -1 -1 0.00 0.00 0.00 100.00 100.00 -1000 10.59 43.02 -6.74 -1000 35.67 -0.49 970.513
car -1 -1 0.00 0.00 0.00 100.00 100.00 -1000 1.48 3.84 -3.16 -1000 10.04 1.72 967.293
car -1 -1 0.00 0.00 0.00 100.00 100.00 -1000 1.58 4.09 -2.98 -1000 8.08 -0.02 964.956
car -1 -1 0.00 0.00 0.00 100.00 100.00 -1000 1.62 3.91 5.51 -1000 11.89 1.58 963.732
car -1 -1 0.00 0.00 0.00 100.00 100.00 -1000 2.65 10.25 7.52 -1000 19.93 1.21 963.357
car -1 -1 0.00 0.00 0.00 100.00 100.00 -1000 1.52 3.44 -3.43 -1000 8.77 1.54 961.120
car -1 -1 0.00 0.00 0.00 100.00 100.00 -1000 1.71 4.32 -5.15 -1000 8.81 1.68 958.892
car -1 -1 0.00 0.00 0.00 100.00 100.00 -1000 1.58 4.23 10.14 -1000 20.01 1.62 957.853
car -1 -1 0.00 0.00 0.00 100.00 100.00 -1000 23.74 989.35 -3.86 -1000 33.26 0.05 952.621
car -1 -1 0.00 0.00 0.00 100.00 100.00 -1000 1.67 3.94 -2.52 -1000 18.60 1.52 952.159
car -1 -1 0.00 0.00 0.00 100.00 100.00 -1000 1.69 4.19 8.33 -1000 20.30 1.56 946.637
car -1 -1 0.00 0.00 0.00 100.00 100.00 -1000 1.65 3.87 8.69 -1000 15.49 -0.12 944.840
car -1 -1 0.00 0.00 0.00 100.00 100.00 -1000 1.56 3.75 9.72 -1000 15.04 -0.02 938.585
car -1 -1 0.00 0.00 0.00 100.00 100.00 -1000 2.96 12.50 7.85 -1000 21.01 1.17 936.509
car -1 -1 0.00 0.00 0.00 100.00 100.00 -1000 1.50 3.97 -1.75 -1000 25.64 -0.04 931.418
car -1 -1 0.00 0.00 0.00 100.00 100.00 -1000 1.91 5.74 6.64 -1000 19.17 1.45 921.673
car -1 -1 0.00 0.00 0.00 100.00 100.00 -1000 15.46 404.40 -3.18 -1000 33.37 0.30 914.278
car -1 -1 0.00 0.00 0.00 100.00 100.00 -1000 1.69 4.34 -3.67 -1000 10.94 0.05 913.739
car -1 -1 0.00 0.00 0.00 100.00 100.00 -1000 1.75 4.98 -2.92 -1000 13.91 1.47 912.657
car -1 -1 0.00 0.00 0.00 100.00 100.00 -1000 1.81 5.48 -5.24 -1000 10.30 1.49 910.512
car -1 -1 0.00 0.00 0.00 100.00 100.00 -1000 2.11 6.86 6.80 -1000 18.33 1.36 908.942
car -1 -1 0.00 0.00 0.00 100.00 100.00 -1000 1.58 3.69 7.34 -1000 16.14 1.58 908.238
car -1 -1 0.00 0.00 0.00 100.00 100.00 -1000 1.76 4.02 -2.76 -1000 26.27 1.53 905.422
car -1 -1 0.00 0.00 0.00 100.00 100.00 -1000 5.25 16.63 -2.30 -1000 38.42 0.40 902.910
car -1 -1 0.00 0.00 0.00 100.00 100.00 -1000 7.73 30.21 -6.41 -1000 33.72 -0.03 902.478
car -1 -1 0.00 0.00 0.00 100.00 100.00 -1000 3.36 16.61 -6.74 -1000 14.24 1.11 902.046
car -1 -1 0.00 0.00 0.00 100.00 100.00 -1000 2.80 7.41 -7.78 -1000 14.92 1.00 900.254
car -1 -1 0.00 0.00 0.00 100.00 100.00 -1000 1.64 3.94 4.54 -1000 25.86 1.56 894.245
car -1 -1 0.00 0.00 0.00 100.00 100.00 -1000 6.20 60.09 -1.07 -1000 41.66 0.74 893.724
car -1 -1 0.00 0.00 0.00 100.00 100.00 -1000 8.24 104.95 -0.42 -1000 37.00 0.71 888.803
car -1 -1 0.00 0.00 0.00 100.00 100.00 -1000 6.15 61.73 -3.60 -1000 30.30 0.82 886.668
car -1 -1 0.00 0.00 0.00 100.00 100.00 -1000 1.66 4.03 -4.50 -1000 12.17 1.54 885.191
car -1 -1 0.00 0.00 0.00 100.00 100.00 -1000 1.61 4.24 5.99 -1000 8.85 0.14 882.516
car -1 -1 0.00 0.00 0.00 100.00 100.00 -1000 2.77 7.96 -1.60 -1000 42.44 1.12 878.921
car -1 -1 0.00 0.00 0.00 100.00 100.00 -1000 10.21 52.88 -4.78 -1000 38.84 -0.54 870.109
car -1 -1 0.00 0.00 0.00 100.00 100.00 -1000 1.62 4.74 5.22 -1000 12.66 1.43 858.660
car -1 -1 0.00 0.00 0.00 100.00 100.00 -1000 2.01 4.85 -6.13 -1000 14.30 1.37 857.277
car -1 -1 0.00 0.00 0.00 100.00 100.00 -1000 1.65 3.96 6.83 -1000 16.90 1.55 856.431
car -1 -1 0.00 0.00 0.00 100.00 100.00 -1000 3.35 16.90 -0.71 -1000 41.86 1.27 853.897
car -1 -1 0.00 0.00 0.00 100.00 100.00 -1000 1.63 4.25 -1.07 -1000 28.17 1.55 853.674
car -1 -1 0.00 0.00 0.00 100.00 100.00 -1000 1.67 4.26 10.99 -1000 16.61 -0.39 852.830
car -1 -1 0.00 0.00 0.00 100.00 100.00 -1000 4.21 14.12 -5.31 -1000 31.46 0.55 848.846
car -1 -1 0.00 0.00 0.00 100.00 100.00 -1000 1.70 4.34 6.45 -1000 17.66 1.54 848.199
car -1 -1 0.00 0.00 0.00 100.00 100.00 -1000 1.62 4.06 7.35 -1000 10.56 1.74 846.158
car -1 -1 0.00 0.00 0.00 100.00 100.00 -1000 1.78 4.96 7.89 -1000 21.12 1.56 838.962
car -1 -1 0.00 0.00 0.00 100.00 100.00 -1000 5.92 5.62 -3.63 -1000 33.51 0.65 838.244
car -1 -1 0.00 0.00 0.00 100.00 100.00 -1000 1.59 4.12 6.02 -1000 7.77 1.64 837.244
car -1 -1 0.00 0.00 0.00 100.00 100.00 -1000 2.27 8.34 -5.58 -1000 15.87 1.41 831.634
car -1 -1 0.00 0.00 0.00 100.00 100.00 -1000 2.36 4.00 -0.99 -1000 41.85 1.32 829.744
car -1 -1 0.00 0.00 0.00 100.00 100.00 -1000 2.10 6.75 -5.10 -1000 12.67 1.39 824.927
car -1 -1 0.00 0.00 0.00 100.00 100.00 -1000 1.48 3.32 5.30 -1000 9.55 1.62 808.153
car -1 -1 0.00 0.00 0.00 100.00 100.00 -1000 2.42 12.66 9.67 -1000 22.25 1.38 804.728
car -1 -1 0.00 0.00 0.00 100.00 100.00 -1000 1.62 4.09 9.52 -1000 20.73 1.56 793.363
car -1 -1 0.00 0.00 0.00 100.00 100.00 -1000 7.21 28.09 -5.05 -1000 41.85 0.07 786.747
car -1 -1 0.00 0.00 0.00 100.00 100.00 -1000 5.62 52.03 -7.87 -1000 14.23 0.80 780.545
car -1 -1 0.00 0.00 0.00 100.00 100.00 -1000 1.53 3.71 -0.15 -1000 26.85 1.68 779.522
car -1 -1 0.00 0.00 0.00 100.00 100.00 -1000 8.52 150.29 -4.72 -1000 30.31 0.47 771.629
car -1 -1 0.00 0.00 0.00 100.00 100.00 -1000 1.72 4.95 10.80 -1000 19.32 1.66 764.443
car -1 -1 0.00 0.00 0.00 100.00 100.00 -1000 1.77 4.96 -3.26 -1000 14.72 1.41 761.429
car -1 -1 0.00 0.00 0.00 100.00 100.00 -1000 4.53 42.38 -4.34 -1000 28.77 0.79 759.910
car -1 -1 0.00 0.00 0.00 100.00 100.00 -1000 3.54 5.46 -3.85 -1000 30.39 0.94 758.280
car -1 -1 0.00 0.00 0.00 100.00 100.00 -1000 27.73 2171.93 -5.30 -1000 34.80 -0.24 755.647
car -1 -1 0.00 0.00 0.00 100.00 100.00 -1000 1.78 4.76 5.48 -1000 15.18 1.51 754.353
car -1 -1 0.00 0.00 0.00 100.00 100.00 -1000 1.83 4.17 -3.13 -1000 21.61 1.47 748.620
car -1 -1 0.00 0.00 0.00 100.00 100.00 -1000 5.35 19.65 -5.03 -1000 33.30 0.43 747.578
car -1 -1 0.00 0.00 0.00 100.00 100.00 -1000 1.75 5.38 9.88 -1000 21.56 1.52 747.451
car -1 -1 0.00 0.00 0.00 100.00 100.00 -1000 1.70 4.42 -6.45 -1000 9.19 1.50 736.307
car -1 -1 0.00 0.00 0.00 100.00 100.00 -1000 1.98 5.85 -2.99 -1000 28.37 1.36 733.059
car -1 -1 0.00 0.00 0.00 100.00 100.00 -1000 3.46 18.71 -6.28 -1000 12.57 1.13 731.892
car -1 -1 0.00 0.00 0.00 100.00 100.00 -1000 1.81 4.34 4.19 -1000 47.53 1.44 727.553
car -1 -1 0.00 0.00 0.00 100.00 100.00 -1000 1.55 3.55 5.46 -1000 7.09 1.63 719.279
car -1 -1 0.00 0.00 0.00 100.00 100.00 -1000 3.62 23.56 -3.28 -1000 30.37 0.94 705.037
car -1 -1 0.00 0.00 0.00 100.00 100.00 -1000 1.69 4.79 11.48 -1000 18.20 1.63 702.903
car -1 -1 0.00 0.00 0.00 100.00 100.00 -1000 1.81 7.34 4.60 -1000 13.46 1.34 702.860
car -1 -1 0.00 0.00 0.00 100.00 100.00 -1000 12.42 275.41 -2.28 -1000 40.20 0.47 687.094
car -1 -1 0.00 0.00 0.00 100.00 100.00 -1000 2.22 7.57 6.06 -1000 21.66 1.46 686.885
car -1 -1 0.00 0.00 0.00 100.00 100.00 -1000 1.61 2.74 -1.58 -1000 42.76 1.24 683.571
car -1 -1 0.00 0.00 0.00 100.00 100.00 -1000 1.63 3.95 10.88 -1000 15.46 -0.53 683.316
car -1 -1 0.00 0.00 0.00 100.00 100.00 -1000 4.13 4.79 -0.78 -1000 37.09 0.88 682.693
car -1 -1 0.00 0.00 0.00 100.00 100.00 -1000 4.09 14.59 -9.84 -1000 15.26 0.57 659.828
car -1 -1 0.00 0.00 0.00 100.00 100.00 -1000 2.08 9.57 12.42 -1000 22.97 1.41 658.762
car -1 -1 0.00 0.00 0.00 100.00 100.00 -1000 1.70 4.54 9.04 -1000 14.09 1.60 656.433
car -1 -1 0.00 0.00 0.00 100.00 100.00 -1000 1.88 5.17 -5.91 -1000 15.28 1.29 655.964
car -1 -1 0.00 0.00 0.00 100.00 100.00 -1000 5.50 6.19 -5.53 -1000 32.18 0.50 655.626
car -1 -1 0.00 0.00 0.00 100.00 100.00 -1000 16.79 613.74 -4.10 -1000 40.05 0.14 653.362
car -1 -1 0.00 0.00 0.00 100.00 100.00 -1000 3.58 14.57 -5.93 -1000 29.65 0.60 649.605
car -1 -1 0.00 0.00 0.00 100.00 100.00 -1000 2.37 12.08 11.42 -1000 21.39 1.35 648.152
car -1 -1 0.00 0.00 0.00 100.00 100.00 -1000 1.68 4.08 -3.42 -1000 18.08 1.43 646.457
car -1 -1 0.00 0.00 0.00 100.00 100.00 -1000 1.73 4.77 7.59 -1000 11.61 1.68 644.143
car -1 -1 0.00 0.00 0.00 100.00 100.00 -1000 6.63 108.84 -6.88 -1000 32.01 0.52 643.710
car -1 -1 0.00 0.00 0.00 100.00 100.00 -1000 2.28 12.15 11.35 -1000 20.17 1.37 643.701
car -1 -1 0.00 0.00 0.00 100.00 100.00 -1000 1.62 3.90 -6.42 -1000 8.37 1.66 641.486
car -1 -1 0.00 0.00 0.00 100.00 100.00 -1000 2.22 11.05 11.11 -1000 23.78 1.37 632.209
car -1 -1 0.00 0.00 0.00 100.00 100.00 -1000 3.00 7.02 -5.14 -1000 28.93 0.92 611.552
car -1 -1 0.00 0.00 0.00 100.00 100.00 -1000 3.06 10.26 -7.20 -1000 13.01 1.04 607.647
car -1 -1 0.00 0.00 0.00 100.00 100.00 -1000 11.71 11.84 -1.00 -1000 41.05 0.23 603.870
car -1 -1 0.00 0.00 0.00 100.00 100.00 -1000 2.06 7.52 -4.11 -1000 16.59 1.39 596.571
car -1 -1 0.00 0.00 0.00 100.00 100.00 -1000 2.66 11.55 -5.80 -1000 11.11 1.20 594.587
car -1 -1 0.00 0.00 0.00 100.00 100.00 -1000 1.68 4.43 7.85 -1000 14.89 1.56 585.868
car -1 -1 0.00 0.00 0.00 100.00 100.00 -1000 3.20 9.58 -0.85 -1000 37.89 0.87 582.824
car -1 -1 0.00 0.00 0.00 100.00 100.00 -1000 2.80 11.95 -1.20 -1000 30.34 1.41 579.395
car -1 -1 0.00 0.00 0.00 100.00 100.00 -1000 1.71 4.70 -4.78 -1000 7.95 1.72 577.580
car -1 -1 0.00 0.00 0.00 100.00 100.00 -1000 15.49 16.76 -3.56 -1000 32.77 0.14 575.462
car -1 -1 0.00 0.00 0.00 100.00 100.00 -1000 1.74 4.52 5.13 -1000 15.99 1.50 544.826
car -1 -1 0.00 0.00 0.00 100.00 100.00 -1000 2.08 9.64 11.42 -1000 19.06 1.48 534.248
car -1 -1 0.00 0.00 0.00 100.00 100.00 -1000 1.84 7.53 14.13 -1000 20.58 1.46 529.408
car -1 -1 0.00 0.00 0.00 100.00 100.00 -1000 1.67 2.95 -8.15 -1000 15.31 1.20 528.027
car -1 -1 0.00 0.00 0.00 100.00 100.00 -1000 1.95 5.76 -5.00 -1000 11.54 1.40 520.291
car -1 -1 0.00 0.00 0.00 100.00 100.00 -1000 1.77 4.60 -2.55 -1000 19.54 1.46 511.151
car -1 -1 0.00 0.00 0.00 100.00 100.00 -1000 1.67 4.44 6.72 -1000 12.37 1.66 504.344
car -1 -1 0.00 0.00 0.00 100.00 100.00 -1000 1.87 6.07 4.69 -1000 14.27 1.44 500.982
car -1 -1 0.00 0.00 0.00 100.00 100.00 -1000 1.53 3.76 4.60 -1000 10.58 1.57 499.344
car -1 -1 0.00 0.00 0.00 100.00 100.00 -1000 4.06 27.26 0.77 -1000 37.18 1.06 496.734
car -1 -1 0.00 0.00 0.00 100.00 100.00 -1000 2.53 14.22 -6.73 -1000 19.26 1.07 494.728
car -1 -1 0.00 0.00 0.00 100.00 100.00 -1000 1.93 6.74 9.96 -1000 22.32 1.47 487.895
car -1 -1 0.00 0.00 0.00 100.00 100.00 -1000 1.89 5.64 8.59 -1000 13.32 1.58 477.601
car -1 -1 0.00 0.00 0.00 100.00 100.00 -1000 4.95 53.95 -9.62 -1000 11.15 0.71 466.947
car -1 -1 0.00 0.00 0.00 100.00 100.00 -1000 2.01 6.06 -4.72 -1000 17.43 1.33 466.576
car -1 -1 0.00 0.00 0.00 100.00 100.00 -1000 1.88 5.92 -3.75 -1000 27.21 1.34 466.492
car -1 -1 0.00 0.00 0.00 100.00 100.00 -1000 5.09 5.89 -3.60 -1000 40.38 0.72 454.908
car -1 -1 0.00 0.00 0.00 100.00 100.00 -1000 2.69 15.83 -6.57 -1000 27.33 1.01 452.116
car -1 -1 0.00 0.00 0.00 100.00 100.00 -1000 1.72 3.44 -4.15 -1000 31.34 1.17 448.003
car -1 -1 0.00 0.00 0.00 100.00 100.00 -1000 1.75 4.73 11.65 -1000 17.27 -0.23 437.822
car -1 -1 0.00 0.00 0.00 100.00 100.00 -1000 1.77 6.77 14.65 -1000 21.39 1.44 435.250
car -1 -1 0.00 0.00 0.00 100.00 100.00 -1000 1.74 6.65 14.23 -1000 19.42 1.46 433.644
car -1 -1 0.00 0.00 0.00 100.00 100.00 -1000 1.88 4.80 -0.13 -1000 42.66 1.39 430.910
car -1 -1 0.00 0.00 0.00 100.00 100.00 -1000 2.22 10.43 6.17 -1000 22.83 1.33 426.418
car -1 -1 0.00 0.00 0.00 100.00 100.00 -1000 1.76 3.87 -2.99 -1000 25.30 1.53 422.948
car -1 -1 0.00 0.00 0.00 100.00 100.00 -1000 6.62 4.96 -4.60 -1000 38.68 0.39 420.409
car -1 -1 0.00 0.00 0.00 100.00 100.00 -1000 6.32 89.56 -9.58 -1000 12.75 0.58 415.999
car -1 -1 0.00 0.00 0.00 100.00 100.00 -1000 4.45 20.00 -11.65 -1000 13.87 0.30 408.802
car -1 -1 0.00 0.00 0.00 100.00 100.00 -1000 4.08 30.47 -7.82 -1000 11.06 0.96 404.408
car -1 -1 0.00 0.00 0.00 100.00 100.00 -1000 1.89 5.47 -1.15 -1000 29.29 1.58 402.670
car -1 -1 0.00 0.00 0.00 100.00 100.00 -1000 8.98 12.94 -3.03 -1000 32.94 0.44 401.916
car -1 -1 0.00 0.00 0.00 100.00 100.00 -1000 1.79 4.25 -3.77 -1000 47.82 1.45 396.185
car -1 -1 0.00 0.00 0.00 100.00 100.00 -1000 3.61 15.00 -11.48 -1000 12.12 0.45 395.862
car -1 -1 0.00 0.00 0.00 100.00 100.00 -1000 1.70 4.56 3.84 -1000 26.53 1.51 387.520
car -1 -1 0.00 0.00 0.00 100.00 100.00 -1000 2.16 7.70 6.01 -1000 17.14 1.47 385.476
car -1 -1 0.00 0.00 0.00 100.00 100.00 -1000 6.89 6.75 -6.38 -1000 36.95 0.28 379.836
car -1 -1 0.00 0.00 0.00 100.00 100.00 -1000 3.02 4.97 -11.08 -1000 12.87 0.84 379.341
car -1 -1 0.00 0.00 0.00 100.00 100.00 -1000 1.90 5.20 -7.76 -1000 13.82 0.93 378.814
car -1 -1 0.00 0.00 0.00 100.00 100.00 -1000 1.70 4.12 -1.95 -1000 11.05 -0.49 370.796
car -1 -1 0.00 0.00 0.00 100.00 100.00 -1000 1.78 7.92 14.51 -1000 22.18 1.41 369.991
car -1 -1 0.00 0.00 0.00 100.00 100.00 -1000 3.09 23.06 -6.90 -1000 17.56 0.95 369.532
car -1 -1 0.00 0.00 0.00 100.00 100.00 -1000 1.67 2.68 -0.91 -1000 38.37 1.13 369.432
car -1 -1 0.00 0.00 0.00 100.00 100.00 -1000 2.37 14.98 -3.09 -1000 33.78 0.28 368.645
car -1 -1 0.00 0.00 0.00 100.00 100.00 -1000 3.07 8.60 -3.98 -1000 32.92 -0.57 365.606
car -1 -1 0.00 0.00 0.00 100.00 100.00 -1000 1.65 4.05 6.95 -1000 9.39 -0.33 361.030
car -1 -1 0.00 0.00 0.00 100.00 100.00 -1000 1.90 5.49 -3.37 -1000 22.43 1.36 359.906
car -1 -1 0.00 0.00 0.00 100.00 100.00 -1000 2.22 11.26 -6.81 -1000 20.91 1.11 359.314
car -1 -1 0.00 0.00 0.00 100.00 100.00 -1000 1.68 6.58 14.84 -1000 18.56 1.43 348.624
car -1 -1 0.00 0.00 0.00 100.00 100.00 -1000 1.87 7.66 12.97 -1000 17.76 1.45 345.907
car -1 -1 0.00 0.00 0.00 100.00 100.00 -1000 2.11 8.11 0.62 -1000 28.10 1.51 343.676
car -1 -1 0.00 0.00 0.00 100.00 100.00 -1000 1.82 7.29 7.54 -1000 27.82 1.39 337.695
car -1 -1 0.00 0.00 0.00 100.00 100.00 -1000 2.07 2.42 -4.77 -1000 36.32 0.47 334.461
car -1 -1 0.00 0.00 0.00 100.00 100.00 -1000 3.00 5.95 -10.99 -1000 14.42 0.84 332.399
car -1 -1 0.00 0.00 0.00 100.00 100.00 -1000 2.22 10.72 -6.64 -1000 24.14 1.10 326.178
car -1 -1 0.00 0.00 0.00 100.00 100.00 -1000 1.83 5.49 -4.09 -1000 20.82 1.38 316.453
car -1 -1 0.00 0.00 0.00 100.00 100.00 -1000 1.67 4.56 -2.66 -1000 17.38 1.35 315.544
car -1 -1 0.00 0.00 0.00 100.00 100.00 -1000 1.94 6.39 8.64 -1000 12.34 1.59 314.798
car -1 -1 0.00 0.00 0.00 100.00 100.00 -1000 2.87 31.07 -4.03 -1000 35.76 -0.33 313.670
car -1 -1 0.00 0.00 0.00 100.00 100.00 -1000 1.77 4.72 10.95 -1000 14.60 1.65 312.398
car -1 -1 0.00 0.00 0.00 100.00 100.00 -1000 1.56 4.11 5.20 -1000 6.26 1.34 309.314
car -1 -1 0.00 0.00 0.00 100.00 100.00 -1000 2.70 13.22 -7.87 -1000 17.98 0.80 293.207
car -1 -1 0.00 0.00 0.00 100.00 100.00 -1000 2.22 10.64 -6.62 -1000 25.78 1.10 288.856
car -1 -1 0.00 0.00 0.00 100.00 100.00 -1000 1.73 6.78 -2.92 -1000 23.79 1.15 288.562
car -1 -1 0.00 0.00 0.00 100.00 100.00 -1000 1.77 7.10 7.99 -1000 28.68 1.38 277.098
car -1 -1 0.00 0.00 0.00 100.00 100.00 -1000 4.60 44.95 0.17 -1000 33.80 0.92 273.297
car -1 -1 0.00 0.00 0.00 100.00 100.00 -1000 2.20 10.69 -6.69 -1000 22.55 1.10 265.239
car -1 -1 0.00 0.00 0.00 100.00 100.00 -1000 3.16 23.71 -9.93 -1000 9.58 0.91 251.386
car -1 -1 0.00 0.00 0.00 100.00 100.00 -1000 1.72 4.40 -3.15 -1000 30.70 1.17 247.995
car -1 -1 0.00 0.00 0.00 100.00 100.00 -1000 4.71 8.55 -2.90 -1000 35.32 0.74 245.857
car -1 -1 0.00 0.00 0.00 100.00 100.00 -1000 1.90 5.56 10.65 -1000 13.77 1.60 244.427
car -1 -1 0.00 0.00 0.00 100.00 100.00 -1000 2.58 5.36 -11.77 -1000 11.22 0.94 242.631
car -1 -1 0.00 0.00 0.00 100.00 100.00 -1000 4.10 39.79 -7.60 -1000 15.83 0.81 241.914
car -1 -1 0.00 0.00 0.00 100.00 100.00 -1000 2.04 9.43 6.09 -1000 29.44 1.32 238.963
car -1 -1 0.00 0.00 0.00 100.00 100.00 -1000 1.62 4.34 -3.51 -1000 29.71 1.30 238.559
car -1 -1 0.00 0.00 0.00 100.00 100.00 -1000 2.06 7.12 0.56 -1000 43.27 1.31 236.558
car -1 -1 0.00 0.00 0.00 100.00 100.00 -1000 1.95 6.25 2.98 -1000 27.36 1.51 236.418
car -1 -1 0.00 0.00 0.00 100.00 100.00 -1000 1.87 4.39 -6.24 -1000 30.13 0.87 234.335
car -1 -1 0.00 0.00 0.00 100.00 100.00 -1000 1.85 8.48 12.32 -1000 24.66 1.35 231.644
car -1 -1 0.00 0.00 0.00 100.00 100.00 -1000 5.07 30.07 -2.53 -1000 39.49 0.22 227.818
car -1 -1 0.00 0.00 0.00 100.00 100.00 -1000 1.74 6.70 7.69 -1000 26.64 1.38 227.703
car -1 -1 0.00 0.00 0.00 100.00 100.00 -1000 1.67 6.25 13.70 -1000 16.64 1.47 224.070
car -1 -1 0.00 0.00 0.00 100.00 100.00 -1000 3.42 5.82 -1.40 -1000 40.43 1.09 223.876
car -1 -1 0.00 0.00 0.00 100.00 100.00 -1000 1.72 7.45 7.88 -1000 39.17 1.39 213.966
car -1 -1 0.00 0.00 0.00 100.00 100.00 -1000 1.93 2.63 -1.87 -1000 39.10 0.71 213.288
car -1 -1 0.00 0.00 0.00 100.00 100.00 -1000 4.66 6.00 -7.59 -1000 38.63 0.63 212.647
car -1 -1 0.00 0.00 0.00 100.00 100.00 -1000 30.26 31.16 -4.72 -1000 34.36 -0.37 208.795
car -1 -1 0.00 0.00 0.00 100.00 100.00 -1000 1.99 3.45 -3.79 -1000 35.45 0.76 207.131
car -1 -1 0.00 0.00 0.00 100.00 100.00 -1000 2.11 7.50 -5.26 -1000 19.32 1.17 206.402
car -1 -1 0.00 0.00 0.00 100.00 100.00 -1000 2.61 8.39 -4.24 -1000 31.39 0.19 205.791
car -1 -1 0.00 0.00 0.00 100.00 100.00 -1000 1.64 6.40 15.25 -1000 17.47 1.42 203.743
car -1 -1 0.00 0.00 0.00 100.00 100.00 -1000 1.86 3.71 -5.56 -1000 32.10 0.80 199.977
car -1 -1 0.00 0.00 0.00 100.00 100.00 -1000 1.51 5.07 -6.71 -1000 20.18 1.22 195.725
car -1 -1 0.00 0.00 0.00 100.00 100.00 -1000 2.05 3.19 -4.83 -1000 34.05 0.79 194.725
car -1 -1 0.00 0.00 0.00 100.00 100.00 -1000 2.48 7.57 -6.28 -1000 26.93 0.97 194.491
car -1 -1 0.00 0.00 0.00 100.00 100.00 -1000 1.86 4.81 -4.54 -1000 47.09 1.46 192.675
car -1 -1 0.00 0.00 0.00 100.00 100.00 -1000 2.46 8.20 -7.21 -1000 11.88 1.16 191.819
car -1 -1 0.00 0.00 0.00 100.00 100.00 -1000 2.72 11.29 -11.25 -1000 10.14 0.71 189.444
car -1 -1 0.00 0.00 0.00 100.00 100.00 -1000 1.76 5.57 8.71 -1000 10.18 1.64 185.783
car -1 -1 0.00 0.00 0.00 100.00 100.00 -1000 1.61 4.67 1.42 -1000 25.93 1.60 182.198
car -1 -1 0.00 0.00 0.00 100.00 100.00 -1000 1.69 6.71 7.75 -1000 37.98 1.41 181.877
car -1 -1 0.00 0.00 0.00 100.00 100.00 -1000 1.80 4.51 -0.21 -1000 25.32 1.60 179.246
car -1 -1 0.00 0.00 0.00 100.00 100.00 -1000 1.41 3.83 6.44 -1000 14.55 -0.10 179.202
car -1 -1 0.00 0.00 0.00 100.00 100.00 -1000 2.03 2.88 -5.96 -1000 34.71 0.45 176.363
car -1 -1 0.00 0.00 0.00 100.00 100.00 -1000 1.91 3.39 -6.74 -1000 32.62 0.57 176.151
car -1 -1 0.00 0.00 0.00 100.00 100.00 -1000 1.84 5.66 5.20 -1000 26.98 1.50 175.632
car -1 -1 0.00 0.00 0.00 100.00 100.00 -1000 2.25 7.93 -4.07 -1000 23.10 1.32 172.670
car -1 -1 0.00 0.00 0.00 100.00 100.00 -1000 2.05 6.22 3.70 -1000 45.92 1.42 170.548
car -1 -1 0.00 0.00 0.00 100.00 100.00 -1000 2.08 6.40 3.29 -1000 46.82 1.27 168.653
car -1 -1 0.00 0.00 0.00 100.00 100.00 -1000 1.78 10.76 -7.03 -1000 30.58 0.46 168.239
car -1 -1 0.00 0.00 0.00 100.00 100.00 -1000 1.79 5.00 3.75 -1000 25.11 1.47 167.654
car -1 -1 0.00 0.00 0.00 100.00 100.00 -1000 1.68 7.08 8.45 -1000 40.05 1.38 163.166
car -1 -1 0.00 0.00 0.00 100.00 100.00 -1000 1.89 5.87 -3.82 -1000 24.54 1.37 159.270
car -1 -1 0.00 0.00 0.00 100.00 100.00 -1000 1.84 12.87 -6.89 -1000 32.34 0.16 159.081
car -1 -1 0.00 0.00 0.00 100.00 100.00 -1000 1.70 6.91 7.85 -1000 36.80 1.41 154.466
car -1 -1 0.00 0.00 0.00 100.00 100.00 -1000 1.56 5.53 -6.65 -1000 18.57 1.17 152.504
car -1 -1 0.00 0.00 0.00 100.00 100.00 -1000 37.31 196.97 -4.71 -1000 34.08 -0.20 150.967
car -1 -1 0.00 0.00 0.00 100.00 100.00 -1000 1.76 7.20 6.88 -1000 44.83 1.35 149.697
car -1 -1 0.00 0.00 0.00 100.00 100.00 -1000 3.20 6.68 -9.44 -1000 32.13 0.82 147.181
car -1 -1 0.00 0.00 0.00 100.00 100.00 -1000 1.76 7.07 6.87 -1000 43.22 1.36 147.045
car -1 -1 0.00 0.00 0.00 100.00 100.00 -1000 9.60 239.92 -1.04 -1000 35.28 0.43 145.298
car -1 -1 0.00 0.00 0.00 100.00 100.00 -1000 1.53 3.36 0.62 -1000 38.64 1.00 144.193
car -1 -1 0.00 0.00 0.00 100.00 100.00 -1000 2.16 11.56 6.35 -1000 24.57 1.22 143.780
car -1 -1 0.00 0.00 0.00 100.00 100.00 -1000 2.55 29.25 -5.40 -1000 34.08 -0.43 143.484
car -1 -1 0.00 0.00 0.00 100.00 100.00 -1000 2.48 10.68 -0.15 -1000 29.29 1.36 143.184
car -1 -1 0.00 0.00 0.00 100.00 100.00 -1000 17.29 70.42 -3.76 -1000 33.83 0.38 141.190
car -1 -1 0.00 0.00 0.00 100.00 100.00 -1000 1.50 5.07 -6.58 -1000 28.25 1.17 140.869
car -1 -1 0.00 0.00 0.00 100.00 100.00 -1000 1.68 6.50 8.12 -1000 42.05 1.40 138.758
car -1 -1 0.00 0.00 0.00 100.00 100.00 -1000 2.66 33.85 -3.91 -1000 40.99 -0.87 137.212
car -1 -1 0.00 0.00 0.00 100.00 100.00 -1000 1.81 4.66 -6.53 -1000 7.47 1.56 134.141
car -1 -1 0.00 0.00 0.00 100.00 100.00 -1000 1.62 7.40 8.35 -1000 44.02 1.36 131.705
car -1 -1 0.00 0.00 0.00 100.00 100.00 -1000 1.53 5.07 -6.57 -1000 25.03 1.22 131.022
car -1 -1 0.00 0.00 0.00 100.00 100.00 -1000 1.95 4.84 -1.97 -1000 34.72 1.02 130.830
car -1 -1 0.00 0.00 0.00 100.00 100.00 -1000 1.68 5.30 12.08 -1000 15.87 1.47 129.972
car -1 -1 0.00 0.00 0.00 100.00 100.00 -1000 19.53 22.89 -2.60 -1000 39.39 -0.10 126.712
car -1 -1 0.00 0.00 0.00 100.00 100.00 -1000 1.61 7.09 15.13 -1000 16.08 1.45 125.965
car -1 -1 0.00 0.00 0.00 100.00 100.00 -1000 1.98 2.83 -7.08 -1000 34.90 0.31 125.644
car -1 -1 0.00 0.00 0.00 100.00 100.00 -1000 2.10 2.57 -6.33 -1000 36.99 0.09 125.585
car -1 -1 0.00 0.00 0.00 100.00 100.00 -1000 1.52 5.07 -6.56 -1000 23.42 1.21 125.434
car -1 -1 0.00 0.00 0.00 100.00 100.00 -1000 1.95 6.30 -1.25 -1000 30.37 1.38 124.357
car -1 -1 0.00 0.00 0.00 100.00 100.00 -1000 1.67 6.80 8.09 -1000 35.22 1.40 124.040
car -1 -1 0.00 0.00 0.00 100.00 100.00 -1000 1.80 7.44 6.87 -1000 40.79 1.36 120.746
car -1 -1 0.00 0.00 0.00 100.00 100.00 -1000 1.28 3.44 -0.59 -1000 37.68 1.23 114.333
car -1 -1 0.00 0.00 0.00 100.00 100.00 -1000 1.66 6.28 13.94 -1000 15.44 1.42 112.919
car -1 -1 0.00 0.00 0.00 100.00 100.00 -1000 5.49 9.82 -8.84 -1000 35.38 0.27 112.860
car -1 -1 0.00 0.00 0.00 100.00 100.00 -1000 2.02 6.59 -2.71 -1000 20.19 1.40 112.054
car -1 -1 0.00 0.00 0.00 100.00 100.00 -1000 1.97 6.38 10.43 -1000 12.88 1.64 111.490
car -1 -1 0.00 0.00 0.00 100.00 100.00 -1000 3.35 38.80 -13.12 -1000 12.68 0.93 110.068
car -1 -1 0.00 0.00 0.00 100.00 100.00 -1000 2.78 8.50 -1.34 -1000 36.38 -0.15 108.965
car -1 -1 0.00 0.00 0.00 100.00 100.00 -1000 1.45 4.69 -6.68 -1000 21.83 1.23 108.482
car -1 -1 0.00 0.00 0.00 100.00 100.00 -1000 2.22 8.84 2.57 -1000 45.07 1.23 107.849
car -1 -1 0.00 0.00 0.00 100.00 100.00 -1000 1.84 5.44 -3.21 -1000 15.70 1.31 107.181
car -1 -1 0.00 0.00 0.00 100.00 100.00 -1000 2.01 6.11 5.55 -1000 32.95 1.36 105.971
car -1 -1 0.00 0.00 0.00 100.00 100.00 -1000 1.97 4.19 -3.26 -1000 33.26 1.07 104.085
car -1 -1 0.00 0.00 0.00 100.00 100.00 -1000 1.80 4.93 6.99 -1000 6.81 -0.19 103.698
car -1 -1 0.00 0.00 0.00 100.00 100.00 -1000 1.55 3.96 -1.17 -1000 19.08 1.53 103.570
car -1 -1 0.00 0.00 0.00 100.00 100.00 -1000 2.05 3.72 -4.24 -1000 37.31 0.62 103.014
car -1 -1 0.00 0.00 0.00 100.00 100.00 -1000 2.03 2.65 -4.71 -1000 42.78 0.51 100.726
car -1 -1 0.00 0.00 0.00 100.00 100.00 -1000 3.78 32.91 -11.08 -1000 36.54 0.14 99.106
car -1 -1 0.00 0.00 0.00 100.00 100.00 -1000 1.62 7.47 9.38 -1000 36.22 1.42 98.800
car -1 -1 0.00 0.00 0.00 100.00 100.00 -1000 1.65 4.87 -1.68 -1000 24.89 1.69 98.485
car -1 -1 0.00 0.00 0.00 100.00 100.00 -1000 2.59 7.61 1.33 -1000 33.90 1.10 96.745
car -1 -1 0.00 0.00 0.00 100.00 100.00 -1000 1.61 6.73 8.57 -1000 34.41 1.40 96.265
car -1 -1 0.00 0.00 0.00 100.00 100.00 -1000 2.89 7.14 -9.56 -1000 30.51 0.90 94.749
car -1 -1 0.00 0.00 0.00 100.00 100.00 -1000 2.10 7.55 -7.59 -1000 9.98 1.30 94.641
car -1 -1 0.00 0.00 0.00 100.00 100.00 -1000 1.67 4.33 -2.93 -1000 31.83 0.94 94.334
car -1 -1 0.00 0.00 0.00 100.00 100.00 -1000 1.66 3.28 -12.07 -1000 14.50 0.70 94.329
car -1 -1 0.00 0.00 0.00 100.00 100.00 -1000 2.49 6.39 1.90 -1000 37.20 1.21 93.269
car -1 -1 0.00 0.00 0.00 100.00 100.00 -1000 3.11 7.29 -9.78 -1000 33.77 0.80 92.916
car -1 -1 0.00 0.00 0.00 100.00 100.00 -1000 2.18 7.18 4.78 -1000 27.79 1.43 92.487
car -1 -1 0.00 0.00 0.00 100.00 100.00 -1000 1.63 7.23 -4.98 -1000 27.83 1.06 91.722
car -1 -1 0.00 0.00 0.00 100.00 100.00 -1000 1.75 5.00 -5.59 -1000 13.52 -0.01 91.618
car -1 -1 0.00 0.00 0.00 100.00 100.00 -1000 1.69 3.82 -11.79 -1000 15.84 0.72 91.359
car -1 -1 0.00 0.00 0.00 100.00 100.00 -1000 5.01 8.02 -8.97 -1000 37.03 0.49 89.444
car -1 -1 0.00 0.00 0.00 100.00 100.00 -1000 2.31 11.32 -2.11 -1000 15.28 1.14 87.719
car -1 -1 0.00 0.00 0.00 100.00 100.00 -1000 1.62 4.84 -7.64 -1000 12.04 1.19 86.825
car -1 -1 0.00 0.00 0.00 100.00 100.00 -1000 2.11 6.45 -12.28 -1000 9.56 1.08 86.773
car -1 -1 0.00 0.00 0.00 100.00 100.00 -1000 19.52 100.05 -1.60 -1000 38.80 0.06 84.682
car -1 -1 0.00 0.00 0.00 100.00 100.00 -1000 1.77 4.81 11.50 -1000 20.72 -0.28 84.132
car -1 -1 0.00 0.00 0.00 100.00 100.00 -1000 1.65 8.29 8.15 -1000 30.30 1.28 83.927
car -1 -1 0.00 0.00 0.00 100.00 100.00 -1000 2.20 8.79 4.71 -1000 28.70 1.35 83.788
