car -1 -1 0.00 0.00 0.00 100.00 100.00 -1000 1.54 3.72 -2.95 -1000 17.66 1.52 999.535
car -1 -1 0.00 0.00 0.00 100.00 100.00 -1000 1.58 3.47 4.19 -1000 38.14 1.52 997.993
car -1 -1 0.00 0.00 0.00 100.00 100.00 -1000 1.55 3.52 8.93 -1000 43.56 1.62 997.235
car -1 -1 0.00 0.00 0.00 100.00 100.00 -1000 1.66 3.68 9.22 -1000 46.83 1.53 993.886
car -1 -1 0.00 0.00 0.00 100.00 100.00 -1000 1.59 4.26 -3.10 -1000 18.67 1.39 993.170
car -1 -1 0.00 0.00 0.00 100.00 100.00 -1000 1.81 4.09 4.67 -1000 47.07 1.46 992.831
car -1 -1 0.00 0.00 0.00 100.00 100.00 -1000 1.66 4.21 9.33 -1000 42.73 -0.12 986.839
car -1 -1 0.00 0.00 0.00 100.00 100.00 -1000 1.66 4.18 4.63 -1000 37.43 -0.38 986.753
car -1 -1 0.00 0.00 0.00 100.00 100.00 -1000 1.53 3.56 4.46 -1000 10.04 1.62 982.465
car -1 -1 0.00 0.00 0.00 100.00 100.00 -1000 4.85 34.40 -6.35 -1000 28.85 0.99 981.853
car -1 -1 0.00 0.00 0.00 100.00 100.00 -1000 1.57 3.68 7.53 -1000 35.17 1.68 978.530
car -1 -1 0.00 0.00 0.00 100.00 100.00 -1000 1.38 3.62 -3.18 -1000 16.90 1.46 978.396
car -1 -1 0.00 0.00 0.00 100.00 100.00 -1000 3.62 10.23 -8.26 -1000 29.89 0.78 976.133
car -1 -1 0.00 0.00 0.00 100.00 100.00 -1000 1.49 3.33 -6.40 -1000 8.51 1.59 975.597
car -1 -1 0.00 0.00 0.00 100.00 100.00 -1000 1.88 4.57 -6.02 -1000 29.28 1.40 961.168
car -1 -1 0.00 0.00 0.00 100.00 100.00 -1000 1.65 4.14 3.64 -1000 10.61 1.55 960.533
car -1 -1 0.00 0.00 0.00 100.00 100.00 -1000 1.60 3.76 8.62 -1000 11.16 1.61 959.352
car -1 -1 0.00 0.00 0.00 100.00 100.00 -1000 1.77 4.41 3.98 -1000 36.69 0.06 958.454
car -1 -1 0.00 0.00 0.00 100.00 100.00 -1000 1.49 3.42 3.17 -1000 9.27 1.59 956.210
car -1 -1 0.00 0.00 0.00 100.00 100.00 -1000 1.75 4.13 2.47 -1000 28.17 1.56 955.434
car -1 -1 0.00 0.00 0.00 100.00 100.00 -1000 8.54 31.93 -10.89 -1000 30.61 -0.13 951.217
car -1 -1 0.00 0.00 0.00 100.00 100.00 -1000 16.51 425.64 -7.97 -1000 28.56 0.31 949.765
car -1 -1 0.00 0.00 0.00 100.00 100.00 -1000 1.50 3.37 4.15 -1000 42.33 1.55 947.971
car -1 -1 0.00 0.00 0.00 100.00 100.00 -1000 10.22 171.65 -6.60 -1000 33.45 0.49 943.266
car -1 -1 0.00 0.00 0.00 100.00 100.00 -1000 1.58 3.69 5.86 -1000 9.25 -0.37 941.657
car -1 -1 0.00 0.00 0.00 100.00 100.00 -1000 2.41 8.92 -6.26 -1000 23.98 1.32 939.380
car -1 -1 0.00 0.00 0.00 100.00 100.00 -1000 1.63 4.00 3.78 -1000 38.90 1.55 935.343
car -1 -1 0.00 0.00 0.00 100.00 100.00 -1000 1.64 3.75 7.08 -1000 34.24 -0.18 934.557
car -1 -1 0.00 0.00 0.00 100.00 100.00 -1000 1.63 3.76 2.69 -1000 37.50 1.59 933.037
car -1 -1 0.00 0.00 0.00 100.00 100.00 -1000 5.92 20.86 -8.97 -1000 35.01 0.11 930.564
car -1 -1 0.00 0.00 0.00 100.00 100.00 -1000 1.59 4.03 -3.26 -1000 19.58 1.39 918.643
car -1 -1 0.00 0.00 0.00 100.00 100.00 -1000 1.58 3.71 5.40 -1000 38.62 1.77 917.201
car -1 -1 0.00 0.00 0.00 100.00 100.00 -1000 1.74 4.57 -6.09 -1000 24.16 1.47 916.722
car -1 -1 0.00 0.00 0.00 100.00 100.00 -1000 5.05 39.64 -8.37 -1000 10.81 0.92 908.384
car -1 -1 0.00 0.00 0.00 100.00 100.00 -1000 1.65 4.01 7.88 -1000 10.48 -0.19 905.187
car -1 -1 0.00 0.00 0.00 100.00 100.00 -1000 3.61 10.81 -9.85 -1000 11.82 0.70 899.000
car -1 -1 0.00 0.00 0.00 100.00 100.00 -1000 1.59 3.81 -5.92 -1000 7.78 1.60 893.656
car -1 -1 0.00 0.00 0.00 100.00 100.00 -1000 1.60 3.74 4.69 -1000 22.55 1.56 891.092
car -1 -1 0.00 0.00 0.00 100.00 100.00 -1000 1.66 4.20 7.04 -1000 44.02 1.59 890.165
car -1 -1 0.00 0.00 0.00 100.00 100.00 -1000 1.55 3.72 -6.91 -1000 9.14 1.51 888.874
car -1 -1 0.00 0.00 0.00 100.00 100.00 -1000 1.58 3.72 5.88 -1000 10.35 1.69 887.256
car -1 -1 0.00 0.00 0.00 100.00 100.00 -1000 1.57 3.62 5.49 -1000 18.98 1.67 886.956
car -1 -1 0.00 0.00 0.00 100.00 100.00 -1000 20.72 900.49 -8.25 -1000 30.19 0.01 884.750
car -1 -1 0.00 0.00 0.00 100.00 100.00 -1000 9.58 49.93 -11.62 -1000 32.39 -0.53 880.452
car -1 -1 0.00 0.00 0.00 100.00 100.00 -1000 1.83 4.74 -4.48 -1000 17.27 1.48 869.836
car -1 -1 0.00 0.00 0.00 100.00 100.00 -1000 1.67 4.00 8.99 -1000 45.85 -0.13 869.757
car -1 -1 0.00 0.00 0.00 100.00 100.00 -1000 1.56 3.78 7.57 -1000 11.56 1.60 869.476
car -1 -1 0.00 0.00 0.00 100.00 100.00 -1000 3.91 23.30 -7.76 -1000 9.43 1.05 868.865
car -1 -1 0.00 0.00 0.00 100.00 100.00 -1000 1.74 4.78 9.17 -1000 44.54 1.68 862.565
car -1 -1 0.00 0.00 0.00 100.00 100.00 -1000 3.24 4.70 -7.69 -1000 28.82 1.12 860.328
car -1 -1 0.00 0.00 0.00 100.00 100.00 -1000 1.63 4.46 4.21 -1000 8.58 1.66 847.643
car -1 -1 0.00 0.00 0.00 100.00 100.00 -1000 1.60 3.79 7.45 -1000 9.72 -0.51 836.214
car -1 -1 0.00 0.00 0.00 100.00 100.00 -1000 5.20 18.88 -8.90 -1000 31.57 0.45 833.667
car -1 -1 0.00 0.00 0.00 100.00 100.00 -1000 1.72 4.45 7.74 -1000 47.02 1.49 820.060
car -1 -1 0.00 0.00 0.00 100.00 100.00 -1000 1.74 4.71 2.93 -1000 41.44 1.49 817.295
car -1 -1 0.00 0.00 0.00 100.00 100.00 -1000 3.16 9.17 -9.12 -1000 10.29 0.89 814.566
car -1 -1 0.00 0.00 0.00 100.00 100.00 -1000 1.59 3.71 4.78 -1000 46.17 -0.05 808.062
car -1 -1 0.00 0.00 0.00 100.00 100.00 -1000 3.17 4.88 -8.50 -1000 10.98 1.00 805.993
car -1 -1 0.00 0.00 0.00 100.00 100.00 -1000 1.70 4.43 4.40 -1000 19.50 1.51 801.434
car -1 -1 0.00 0.00 0.00 100.00 100.00 -1000 1.64 4.25 4.91 -1000 11.15 1.52 797.349
car -1 -1 0.00 0.00 0.00 100.00 100.00 -1000 1.89 5.15 -4.97 -1000 19.59 1.36 793.014
car -1 -1 0.00 0.00 0.00 100.00 100.00 -1000 8.23 105.06 -7.30 -1000 30.30 0.74 792.633
car -1 -1 0.00 0.00 0.00 100.00 100.00 -1000 1.56 4.10 -5.11 -1000 7.19 1.49 786.158
car -1 -1 0.00 0.00 0.00 100.00 100.00 -1000 1.68 4.06 5.48 -1000 43.70 1.56 778.776
car -1 -1 0.00 0.00 0.00 100.00 100.00 -1000 1.58 3.78 4.49 -1000 43.04 1.67 778.107
car -1 -1 0.00 0.00 0.00 100.00 100.00 -1000 1.77 4.62 3.59 -1000 28.63 1.51 765.716
car -1 -1 0.00 0.00 0.00 100.00 100.00 -1000 1.63 4.04 -5.73 -1000 16.07 1.48 762.147
car -1 -1 0.00 0.00 0.00 100.00 100.00 -1000 2.85 8.30 -6.68 -1000 34.30 0.99 754.752
car -1 -1 0.00 0.00 0.00 100.00 100.00 -1000 1.78 4.25 -5.19 -1000 40.95 1.42 749.869
car -1 -1 0.00 0.00 0.00 100.00 100.00 -1000 9.52 56.62 -11.80 -1000 35.62 -0.61 749.262
car -1 -1 0.00 0.00 0.00 100.00 100.00 -1000 6.07 5.81 -8.82 -1000 28.83 0.56 748.064
car -1 -1 0.00 0.00 0.00 100.00 100.00 -1000 2.87 4.94 -8.23 -1000 9.57 1.17 744.167
car -1 -1 0.00 0.00 0.00 100.00 100.00 -1000 3.47 18.85 -5.98 -1000 33.63 1.11 742.248
car -1 -1 0.00 0.00 0.00 100.00 100.00 -1000 1.64 4.08 5.92 -1000 46.68 1.71 728.605
car -1 -1 0.00 0.00 0.00 100.00 100.00 -1000 1.67 4.19 9.28 -1000 10.24 -0.09 722.246
car -1 -1 0.00 0.00 0.00 100.00 100.00 -1000 1.63 4.50 10.53 -1000 43.37 1.65 715.279
car -1 -1 0.00 0.00 0.00 100.00 100.00 -1000 1.78 4.57 -5.76 -1000 46.22 1.51 714.400
car -1 -1 0.00 0.00 0.00 100.00 100.00 -1000 1.73 4.89 7.61 -1000 42.42 1.62 712.792
car -1 -1 0.00 0.00 0.00 100.00 100.00 -1000 1.67 4.17 6.33 -1000 8.52 -0.29 712.227
car -1 -1 0.00 0.00 0.00 100.00 100.00 -1000 1.72 5.10 2.13 -1000 36.62 1.49 711.612
car -1 -1 0.00 0.00 0.00 100.00 100.00 -1000 1.71 4.60 2.55 -1000 38.51 1.49 703.912
car -1 -1 0.00 0.00 0.00 100.00 100.00 -1000 1.69 4.14 6.29 -1000 39.41 1.56 702.690
car -1 -1 0.00 0.00 0.00 100.00 100.00 -1000 1.48 3.76 -5.08 -1000 8.80 1.52 701.869
car -1 -1 0.00 0.00 0.00 100.00 100.00 -1000 1.67 4.38 7.51 -1000 36.08 1.58 691.199
car -1 -1 0.00 0.00 0.00 100.00 100.00 -1000 6.40 37.78 -13.43 -1000 27.37 -0.29 689.987
car -1 -1 0.00 0.00 0.00 100.00 100.00 -1000 2.22 6.57 -5.19 -1000 18.65 1.32 686.810
car -1 -1 0.00 0.00 0.00 100.00 100.00 -1000 1.62 3.83 4.99 -1000 18.20 1.57 685.327
car -1 -1 0.00 0.00 0.00 100.00 100.00 -1000 1.86 5.36 3.16 -1000 11.38 1.47 684.203
car -1 -1 0.00 0.00 0.00 100.00 100.00 -1000 2.50 4.77 -6.09 -1000 33.69 1.20 672.661
car -1 -1 0.00 0.00 0.00 100.00 100.00 -1000 6.43 84.93 -9.49 -1000 9.52 0.62 668.380
car -1 -1 0.00 0.00 0.00 100.00 100.00 -1000 1.70 4.44 6.27 -1000 37.98 1.73 657.675
car -1 -1 0.00 0.00 0.00 100.00 100.00 -1000 1.73 4.49 0.16 -1000 41.98 1.58 655.495
car -1 -1 0.00 0.00 0.00 100.00 100.00 -1000 1.88 5.58 4.17 -1000 39.66 1.46 642.190
car -1 -1 0.00 0.00 0.00 100.00 100.00 -1000 1.96 5.44 2.64 -1000 46.72 1.42 639.269
car -1 -1 0.00 0.00 0.00 100.00 100.00 -1000 1.87 5.68 6.08 -1000 44.66 1.38 638.197
car -1 -1 0.00 0.00 0.00 100.00 100.00 -1000 2.04 5.54 2.37 -1000 29.30 1.49 637.045
car -1 -1 0.00 0.00 0.00 100.00 100.00 -1000 2.48 6.41 -8.85 -1000 17.71 1.03 635.869
car -1 -1 0.00 0.00 0.00 100.00 100.00 -1000 4.71 6.18 -7.65 -1000 32.05 0.78 635.393
car -1 -1 0.00 0.00 0.00 100.00 100.00 -1000 1.63 4.05 5.87 -1000 19.79 1.70 633.475
car -1 -1 0.00 0.00 0.00 100.00 100.00 -1000 2.02 6.28 -5.50 -1000 20.47 1.25 613.032
car -1 -1 0.00 0.00 0.00 100.00 100.00 -1000 1.74 4.32 2.24 -1000 15.74 1.48 610.829
car -1 -1 0.00 0.00 0.00 100.00 100.00 -1000 2.13 7.00 -5.17 -1000 40.23 1.41 599.037
car -1 -1 0.00 0.00 0.00 100.00 100.00 -1000 1.77 3.93 3.64 -1000 27.54 0.11 597.986
car -1 -1 0.00 0.00 0.00 100.00 100.00 -1000 2.03 7.21 7.11 -1000 41.53 1.58 596.845
car -1 -1 0.00 0.00 0.00 100.00 100.00 -1000 1.72 4.74 -5.95 -1000 14.75 1.42 595.043
car -1 -1 0.00 0.00 0.00 100.00 100.00 -1000 4.25 17.89 -11.76 -1000 10.77 0.31 586.315
car -1 -1 0.00 0.00 0.00 100.00 100.00 -1000 1.67 4.52 10.18 -1000 42.17 -0.03 577.174
car -1 -1 0.00 0.00 0.00 100.00 100.00 -1000 15.47 664.66 -8.65 -1000 35.09 0.01 574.564
car -1 -1 0.00 0.00 0.00 100.00 100.00 -1000 2.31 8.20 3.06 -1000 40.54 1.38 573.679
car -1 -1 0.00 0.00 0.00 100.00 100.00 -1000 1.66 4.19 10.34 -1000 46.38 -0.23 569.507
car -1 -1 0.00 0.00 0.00 100.00 100.00 -1000 1.95 6.04 8.01 -1000 45.15 1.57 567.138
car -1 -1 0.00 0.00 0.00 100.00 100.00 -1000 10.20 13.04 -6.98 -1000 33.00 0.36 562.420
car -1 -1 0.00 0.00 0.00 100.00 100.00 -1000 6.00 32.00 -9.80 -1000 36.65 -0.02 561.686
car -1 -1 0.00 0.00 0.00 100.00 100.00 -1000 6.83 7.09 -9.37 -1000 32.15 0.28 554.630
car -1 -1 0.00 0.00 0.00 100.00 100.00 -1000 1.97 5.99 3.78 -1000 20.22 1.43 554.599
car -1 -1 0.00 0.00 0.00 100.00 100.00 -1000 2.68 6.86 -9.14 -1000 19.26 0.95 554.341
car -1 -1 0.00 0.00 0.00 100.00 100.00 -1000 1.78 4.37 4.74 -1000 28.11 1.43 553.453
car -1 -1 0.00 0.00 0.00 100.00 100.00 -1000 1.82 4.73 2.60 -1000 42.61 1.56 552.289
car -1 -1 0.00 0.00 0.00 100.00 100.00 -1000 4.28 6.72 -8.68 -1000 25.69 0.73 549.441
car -1 -1 0.00 0.00 0.00 100.00 100.00 -1000 1.54 3.16 -8.01 -1000 9.85 1.42 548.716
car -1 -1 0.00 0.00 0.00 100.00 100.00 -1000 1.81 4.64 -6.92 -1000 23.54 1.16 538.924
car -1 -1 0.00 0.00 0.00 100.00 100.00 -1000 1.81 4.89 -3.36 -1000 16.25 -0.07 534.182
car -1 -1 0.00 0.00 0.00 100.00 100.00 -1000 2.16 11.26 8.18 -1000 38.30 1.33 533.103
car -1 -1 0.00 0.00 0.00 100.00 100.00 -1000 1.68 4.48 4.93 -1000 7.92 1.66 528.489
car -1 -1 0.00 0.00 0.00 100.00 100.00 -1000 4.87 41.34 -7.54 -1000 22.48 0.85 527.890
car -1 -1 0.00 0.00 0.00 100.00 100.00 -1000 13.75 16.32 -7.56 -1000 27.98 0.23 527.146
car -1 -1 0.00 0.00 0.00 100.00 100.00 -1000 1.66 4.45 -3.22 -1000 20.49 1.40 524.799
car -1 -1 0.00 0.00 0.00 100.00 100.00 -1000 3.46 25.31 -7.58 -1000 17.60 0.90 522.147
car -1 -1 0.00 0.00 0.00 100.00 100.00 -1000 2.28 5.85 -9.03 -1000 16.14 1.07 516.405
car -1 -1 0.00 0.00 0.00 100.00 100.00 -1000 6.21 83.60 -7.78 -1000 23.93 0.65 514.360
car -1 -1 0.00 0.00 0.00 100.00 100.00 -1000 1.62 4.04 6.10 -1000 36.44 1.60 514.107
car -1 -1 0.00 0.00 0.00 100.00 100.00 -1000 4.92 24.10 -11.96 -1000 12.31 0.17 511.506
car -1 -1 0.00 0.00 0.00 100.00 100.00 -1000 1.89 3.00 -8.55 -1000 30.33 1.04 509.447
car -1 -1 0.00 0.00 0.00 100.00 100.00 -1000 1.74 4.76 3.62 -1000 43.94 1.50 507.351
car -1 -1 0.00 0.00 0.00 100.00 100.00 -1000 10.95 363.41 -8.87 -1000 36.72 0.16 504.553
car -1 -1 0.00 0.00 0.00 100.00 100.00 -1000 4.68 39.41 -7.96 -1000 41.86 0.82 503.246
car -1 -1 0.00 0.00 0.00 100.00 100.00 -1000 5.22 27.18 -10.84 -1000 39.91 -0.08 495.895
car -1 -1 0.00 0.00 0.00 100.00 100.00 -1000 1.70 5.04 6.56 -1000 12.26 1.55 495.104
car -1 -1 0.00 0.00 0.00 100.00 100.00 -1000 1.84 5.62 3.35 -1000 22.04 1.44 493.591
car -1 -1 0.00 0.00 0.00 100.00 100.00 -1000 1.69 3.08 -6.71 -1000 34.64 1.19 482.939
car -1 -1 0.00 0.00 0.00 100.00 100.00 -1000 1.91 8.74 9.65 -1000 37.53 1.40 480.793
car -1 -1 0.00 0.00 0.00 100.00 100.00 -1000 1.65 4.17 7.34 -1000 46.13 1.59 479.403
car -1 -1 0.00 0.00 0.00 100.00 100.00 -1000 8.30 189.70 -8.72 -1000 38.43 0.34 473.378
car -1 -1 0.00 0.00 0.00 100.00 100.00 -1000 2.05 9.93 6.53 -1000 23.03 1.39 473.237
car -1 -1 0.00 0.00 0.00 100.00 100.00 -1000 1.78 4.71 4.66 -1000 23.53 1.47 471.405
car -1 -1 0.00 0.00 0.00 100.00 100.00 -1000 1.72 5.14 10.24 -1000 47.44 1.55 467.412
car -1 -1 0.00 0.00 0.00 100.00 100.00 -1000 2.17 11.47 6.32 -1000 14.91 1.31 464.772
car -1 -1 0.00 0.00 0.00 100.00 100.00 -1000 6.62 103.80 -7.67 -1000 40.16 0.58 462.911
car -1 -1 0.00 0.00 0.00 100.00 100.00 -1000 2.23 10.28 0.97 -1000 21.72 1.33 458.858
car -1 -1 0.00 0.00 0.00 100.00 100.00 -1000 1.49 3.90 -1.80 -1000 18.23 1.59 455.234
car -1 -1 0.00 0.00 0.00 100.00 100.00 -1000 3.69 13.32 -9.37 -1000 27.96 0.94 449.604
car -1 -1 0.00 0.00 0.00 100.00 100.00 -1000 1.82 5.41 -6.65 -1000 30.24 1.47 448.147
car -1 -1 0.00 0.00 0.00 100.00 100.00 -1000 1.85 4.86 0.86 -1000 41.22 1.46 447.757
car -1 -1 0.00 0.00 0.00 100.00 100.00 -1000 1.88 5.15 0.23 -1000 46.53 1.44 446.347
car -1 -1 0.00 0.00 0.00 100.00 100.00 -1000 4.42 20.31 -10.05 -1000 41.43 0.23 443.023
car -1 -1 0.00 0.00 0.00 100.00 100.00 -1000 2.32 8.24 -6.77 -1000 22.67 1.35 437.815
car -1 -1 0.00 0.00 0.00 100.00 100.00 -1000 1.69 4.49 4.88 -1000 36.07 1.50 435.272
car -1 -1 0.00 0.00 0.00 100.00 100.00 -1000 1.92 8.66 7.04 -1000 25.45 1.41 434.341
car -1 -1 0.00 0.00 0.00 100.00 100.00 -1000 1.99 6.53 3.13 -1000 21.17 1.44 433.721
car -1 -1 0.00 0.00 0.00 100.00 100.00 -1000 2.54 19.16 -8.01 -1000 29.12 -0.07 433.579
car -1 -1 0.00 0.00 0.00 100.00 100.00 -1000 1.83 8.04 8.29 -1000 22.21 1.41 429.389
car -1 -1 0.00 0.00 0.00 100.00 100.00 -1000 1.87 5.07 -5.82 -1000 25.31 1.42 425.094
car -1 -1 0.00 0.00 0.00 100.00 100.00 -1000 3.60 14.40 -9.61 -1000 23.29 0.59 421.699
car -1 -1 0.00 0.00 0.00 100.00 100.00 -1000 4.06 36.15 -7.79 -1000 19.18 0.80 415.620
car -1 -1 0.00 0.00 0.00 100.00 100.00 -1000 3.80 9.45 -6.23 -1000 28.87 0.90 415.038
car -1 -1 0.00 0.00 0.00 100.00 100.00 -1000 3.58 13.80 -9.62 -1000 42.64 0.59 407.452
car -1 -1 0.00 0.00 0.00 100.00 100.00 -1000 3.39 21.14 -6.81 -1000 25.63 1.03 405.975
car -1 -1 0.00 0.00 0.00 100.00 100.00 -1000 1.72 4.31 7.01 -1000 33.15 1.69 401.158
car -1 -1 0.00 0.00 0.00 100.00 100.00 -1000 3.11 5.13 -9.73 -1000 40.32 0.80 396.492
car -1 -1 0.00 0.00 0.00 100.00 100.00 -1000 1.61 5.16 10.39 -1000 11.03 1.51 396.267
car -1 -1 0.00 0.00 0.00 100.00 100.00 -1000 5.21 7.94 -10.55 -1000 35.35 0.36 394.767
car -1 -1 0.00 0.00 0.00 100.00 100.00 -1000 1.92 9.00 10.27 -1000 13.33 1.37 390.118
car -1 -1 0.00 0.00 0.00 100.00 100.00 -1000 1.67 5.60 9.27 -1000 11.95 1.46 387.722
car -1 -1 0.00 0.00 0.00 100.00 100.00 -1000 2.02 9.59 6.62 -1000 21.44 1.40 386.382
car -1 -1 0.00 0.00 0.00 100.00 100.00 -1000 3.37 12.17 -6.93 -1000 35.79 0.99 384.034
car -1 -1 0.00 0.00 0.00 100.00 100.00 -1000 1.97 9.14 10.88 -1000 45.62 1.41 379.065
car -1 -1 0.00 0.00 0.00 100.00 100.00 -1000 1.83 4.96 2.49 -1000 14.45 1.54 378.717
car -1 -1 0.00 0.00 0.00 100.00 100.00 -1000 2.16 9.79 0.07 -1000 20.26 1.36 377.327
car -1 -1 0.00 0.00 0.00 100.00 100.00 -1000 3.68 6.43 -10.62 -1000 38.61 0.70 367.143
car -1 -1 0.00 0.00 0.00 100.00 100.00 -1000 1.61 4.43 8.62 -1000 34.58 1.61 364.611
car -1 -1 0.00 0.00 0.00 100.00 100.00 -1000 7.85 218.30 -11.08 -1000 23.89 0.34 364.574
car -1 -1 0.00 0.00 0.00 100.00 100.00 -1000 1.84 8.10 7.07 -1000 24.22 1.39 364.166
car -1 -1 0.00 0.00 0.00 100.00 100.00 -1000 1.44 2.80 -7.81 -1000 11.32 1.00 360.519
car -1 -1 0.00 0.00 0.00 100.00 100.00 -1000 3.14 4.89 -10.91 -1000 9.75 0.82 360.287
car -1 -1 0.00 0.00 0.00 100.00 100.00 -1000 1.99 5.85 0.98 -1000 37.87 1.40 357.507
car -1 -1 0.00 0.00 0.00 100.00 100.00 -1000 1.63 3.68 -7.59 -1000 24.59 1.25 351.634
car -1 -1 0.00 0.00 0.00 100.00 100.00 -1000 2.92 12.18 -9.09 -1000 18.21 0.73 351.522
car -1 -1 0.00 0.00 0.00 100.00 100.00 -1000 1.99 5.77 -5.27 -1000 46.99 1.36 346.730
car -1 -1 0.00 0.00 0.00 100.00 100.00 -1000 2.47 16.27 -7.60 -1000 32.22 0.33 341.596
car -1 -1 0.00 0.00 0.00 100.00 100.00 -1000 1.91 5.73 -1.36 -1000 42.42 1.47 341.387
car -1 -1 0.00 0.00 0.00 100.00 100.00 -1000 1.82 6.57 2.41 -1000 19.22 1.50 337.013
car -1 -1 0.00 0.00 0.00 100.00 100.00 -1000 1.69 5.11 6.16 -1000 20.50 1.54 333.473
car -1 -1 0.00 0.00 0.00 100.00 100.00 -1000 1.83 3.35 -9.62 -1000 12.49 0.91 333.446
car -1 -1 0.00 0.00 0.00 100.00 100.00 -1000 1.56 3.67 -6.27 -1000 28.43 -0.04 330.949
car -1 -1 0.00 0.00 0.00 100.00 100.00 -1000 1.81 6.00 4.88 -1000 11.87 1.39 326.343
car -1 -1 0.00 0.00 0.00 100.00 100.00 -1000 2.36 6.49 -9.53 -1000 14.44 1.00 325.277
car -1 -1 0.00 0.00 0.00 100.00 100.00 -1000 3.11 20.60 -7.83 -1000 16.07 0.95 323.039
car -1 -1 0.00 0.00 0.00 100.00 100.00 -1000 2.64 27.72 -8.40 -1000 30.77 -0.47 322.268
car -1 -1 0.00 0.00 0.00 100.00 100.00 -1000 1.66 6.06 9.08 -1000 35.51 1.46 321.167
car -1 -1 0.00 0.00 0.00 100.00 100.00 -1000 1.78 7.79 7.56 -1000 27.07 1.40 318.696
car -1 -1 0.00 0.00 0.00 100.00 100.00 -1000 1.72 7.13 8.55 -1000 20.63 1.43 315.836
car -1 -1 0.00 0.00 0.00 100.00 100.00 -1000 1.84 5.04 -6.47 -1000 9.85 1.51 315.690
car -1 -1 0.00 0.00 0.00 100.00 100.00 -1000 1.63 4.92 -7.62 -1000 8.10 1.54 315.627
car -1 -1 0.00 0.00 0.00 100.00 100.00 -1000 1.93 5.85 -5.91 -1000 41.73 1.38 315.600
car -1 -1 0.00 0.00 0.00 100.00 100.00 -1000 1.76 7.33 8.70 -1000 23.51 1.40 313.286
car -1 -1 0.00 0.00 0.00 100.00 100.00 -1000 1.70 4.44 -9.77 -1000 18.56 1.00 309.046
car -1 -1 0.00 0.00 0.00 100.00 100.00 -1000 3.71 32.27 -10.15 -1000 8.08 0.84 308.354
car -1 -1 0.00 0.00 0.00 100.00 100.00 -1000 22.62 25.96 -7.72 -1000 31.14 -0.28 307.844
car -1 -1 0.00 0.00 0.00 100.00 100.00 -1000 2.05 9.71 5.80 -1000 26.25 1.35 307.009
car -1 -1 0.00 0.00 0.00 100.00 100.00 -1000 5.10 7.07 -12.86 -1000 32.15 0.44 306.705
car -1 -1 0.00 0.00 0.00 100.00 100.00 -1000 1.79 7.54 9.89 -1000 36.33 1.41 306.304
car -1 -1 0.00 0.00 0.00 100.00 100.00 -1000 2.03 9.99 5.77 -1000 13.56 1.29 304.424
car -1 -1 0.00 0.00 0.00 100.00 100.00 -1000 3.23 14.53 -9.43 -1000 19.88 0.62 302.868
car -1 -1 0.00 0.00 0.00 100.00 100.00 -1000 2.62 6.33 -9.36 -1000 20.89 0.92 301.310
car -1 -1 0.00 0.00 0.00 100.00 100.00 -1000 1.59 5.82 11.55 -1000 43.99 1.47 296.604
car -1 -1 0.00 0.00 0.00 100.00 100.00 -1000 2.69 14.28 -7.38 -1000 12.74 1.16 294.299
car -1 -1 0.00 0.00 0.00 100.00 100.00 -1000 1.79 7.51 11.51 -1000 44.81 1.44 292.035
car -1 -1 0.00 0.00 0.00 100.00 100.00 -1000 1.71 3.60 3.19 -1000 8.02 1.41 288.017
car -1 -1 0.00 0.00 0.00 100.00 100.00 -1000 1.86 5.76 3.93 -1000 17.66 1.50 285.700
car -1 -1 0.00 0.00 0.00 100.00 100.00 -1000 7.48 11.18 -7.61 -1000 41.20 0.41 283.473
car -1 -1 0.00 0.00 0.00 100.00 100.00 -1000 2.62 5.93 -9.71 -1000 41.88 0.93 283.374
car -1 -1 0.00 0.00 0.00 100.00 100.00 -1000 1.91 5.49 -5.45 -1000 35.04 1.37 282.236
car -1 -1 0.00 0.00 0.00 100.00 100.00 -1000 2.08 10.27 5.99 -1000 40.87 1.44 280.894
car -1 -1 0.00 0.00 0.00 100.00 100.00 -1000 1.79 3.66 -9.56 -1000 10.79 1.05 277.909
car -1 -1 0.00 0.00 0.00 100.00 100.00 -1000 1.87 5.75 6.06 -1000 45.68 1.53 276.717
car -1 -1 0.00 0.00 0.00 100.00 100.00 -1000 4.52 48.45 -7.92 -1000 20.81 0.76 272.743
car -1 -1 0.00 0.00 0.00 100.00 100.00 -1000 4.89 5.46 -12.14 -1000 27.32 0.48 258.580
car -1 -1 0.00 0.00 0.00 100.00 100.00 -1000 1.62 4.42 -6.41 -1000 16.78 1.42 256.914
car -1 -1 0.00 0.00 0.00 100.00 100.00 -1000 2.02 12.00 10.38 -1000 14.08 1.26 254.661
car -1 -1 0.00 0.00 0.00 100.00 100.00 -1000 1.93 6.21 -6.62 -1000 13.94 1.35 254.368
car -1 -1 0.00 0.00 0.00 100.00 100.00 -1000 1.79 4.70 4.92 -1000 21.73 1.50 246.050
car -1 -1 0.00 0.00 0.00 100.00 100.00 -1000 1.58 4.18 4.94 -1000 7.05 1.57 245.462
car -1 -1 0.00 0.00 0.00 100.00 100.00 -1000 1.98 9.46 7.57 -1000 39.15 1.33 244.997
car -1 -1 0.00 0.00 0.00 100.00 100.00 -1000 3.48 16.78 -9.69 -1000 21.53 0.55 243.813
car -1 -1 0.00 0.00 0.00 100.00 100.00 -1000 6.17 18.48 -6.44 -1000 29.41 0.95 242.928
car -1 -1 0.00 0.00 0.00 100.00 100.00 -1000 1.66 6.94 13.29 -1000 44.37 1.40 241.015
car -1 -1 0.00 0.00 0.00 100.00 100.00 -1000 1.65 4.08 -4.71 -1000 15.59 1.51 240.603
car -1 -1 0.00 0.00 0.00 100.00 100.00 -1000 1.57 3.92 2.29 -1000 10.08 1.35 237.707
car -1 -1 0.00 0.00 0.00 100.00 100.00 -1000 2.29 8.39 2.87 -1000 47.27 1.20 237.132
car -1 -1 0.00 0.00 0.00 100.00 100.00 -1000 2.02 6.64 1.93 -1000 43.35 1.28 236.546
car -1 -1 0.00 0.00 0.00 100.00 100.00 -1000 1.70 6.77 8.77 -1000 19.48 1.42 236.527
car -1 -1 0.00 0.00 0.00 100.00 100.00 -1000 1.76 4.66 -6.15 -1000 45.25 1.44 235.117
car -1 -1 0.00 0.00 0.00 100.00 100.00 -1000 3.02 12.22 -11.81 -1000 8.91 0.59 234.688
car -1 -1 0.00 0.00 0.00 100.00 100.00 -1000 2.68 15.49 -8.25 -1000 8.03 1.12 234.685
car -1 -1 0.00 0.00 0.00 100.00 100.00 -1000 2.01 3.50 -8.61 -1000 32.28 0.78 233.287
car -1 -1 0.00 0.00 0.00 100.00 100.00 -1000 2.03 5.77 4.80 -1000 29.19 1.42 231.094
car -1 -1 0.00 0.00 0.00 100.00 100.00 -1000 2.70 11.10 -9.18 -1000 16.56 0.82 230.069
car -1 -1 0.00 0.00 0.00 100.00 100.00 -1000 1.63 4.35 -9.94 -1000 16.85 1.06 225.502
car -1 -1 0.00 0.00 0.00 100.00 100.00 -1000 1.72 7.06 12.05 -1000 12.21 1.39 224.758
car -1 -1 0.00 0.00 0.00 100.00 100.00 -1000 2.08 7.32 -5.64 -1000 26.20 1.27 222.804
car -1 -1 0.00 0.00 0.00 100.00 100.00 -1000 1.70 7.96 8.99 -1000 24.65 1.38 221.461
car -1 -1 0.00 0.00 0.00 100.00 100.00 -1000 1.71 7.60 7.83 -1000 28.69 1.38 221.013
car -1 -1 0.00 0.00 0.00 100.00 100.00 -1000 1.70 4.60 -4.68 -1000 24.67 1.56 219.806
car -1 -1 0.00 0.00 0.00 100.00 100.00 -1000 1.99 6.40 3.80 -1000 16.74 1.46 216.864
car -1 -1 0.00 0.00 0.00 100.00 100.00 -1000 2.08 7.51 3.34 -1000 44.82 1.38 215.021
car -1 -1 0.00 0.00 0.00 100.00 100.00 -1000 1.84 5.24 7.54 -1000 9.01 1.74 214.976
car -1 -1 0.00 0.00 0.00 100.00 100.00 -1000 3.51 28.38 -8.17 -1000 14.43 0.86 212.878
car -1 -1 0.00 0.00 0.00 100.00 100.00 -1000 1.84 8.51 7.28 -1000 15.75 1.34 209.063
car -1 -1 0.00 0.00 0.00 100.00 100.00 -1000 3.46 7.57 -9.25 -1000 24.10 0.74 204.864
car -1 -1 0.00 0.00 0.00 100.00 100.00 -1000 1.72 5.63 -1.33 -1000 19.74 1.46 204.682
car -1 -1 0.00 0.00 0.00 100.00 100.00 -1000 1.87 8.53 7.15 -1000 12.71 1.33 203.718
car -1 -1 0.00 0.00 0.00 100.00 100.00 -1000 1.97 6.40 3.06 -1000 12.38 1.29 203.633
car -1 -1 0.00 0.00 0.00 100.00 100.00 -1000 1.85 8.48 7.93 -1000 36.97 1.34 201.350
car -1 -1 0.00 0.00 0.00 100.00 100.00 -1000 1.59 5.60 11.81 -1000 42.95 1.46 199.040
car -1 -1 0.00 0.00 0.00 100.00 100.00 -1000 1.49 4.13 0.32 -1000 8.72 1.38 197.022
car -1 -1 0.00 0.00 0.00 100.00 100.00 -1000 1.70 4.31 6.94 -1000 7.70 -0.34 196.986
car -1 -1 0.00 0.00 0.00 100.00 100.00 -1000 1.78 8.42 12.63 -1000 46.44 1.37 192.441
car -1 -1 0.00 0.00 0.00 100.00 100.00 -1000 2.43 6.64 3.18 -1000 9.75 -0.14 191.605
car -1 -1 0.00 0.00 0.00 100.00 100.00 -1000 1.85 5.51 3.45 -1000 45.57 1.43 189.612
car -1 -1 0.00 0.00 0.00 100.00 100.00 -1000 2.07 6.99 -6.84 -1000 11.09 1.36 186.246
car -1 -1 0.00 0.00 0.00 100.00 100.00 -1000 11.14 18.41 -6.75 -1000 36.15 0.17 183.060
car -1 -1 0.00 0.00 0.00 100.00 100.00 -1000 3.19 14.34 -7.41 -1000 37.19 0.95 183.015
car -1 -1 0.00 0.00 0.00 100.00 100.00 -1000 2.08 4.29 -8.81 -1000 28.32 1.12 182.130
car -1 -1 0.00 0.00 0.00 100.00 100.00 -1000 4.91 63.29 -9.09 -1000 12.65 0.67 181.614
car -1 -1 0.00 0.00 0.00 100.00 100.00 -1000 1.99 3.07 -8.79 -1000 34.25 0.61 181.596
car -1 -1 0.00 0.00 0.00 100.00 100.00 -1000 2.56 8.94 -9.07 -1000 15.36 0.79 180.683
car -1 -1 0.00 0.00 0.00 100.00 100.00 -1000 1.99 6.15 1.75 -1000 16.43 1.35 179.136
car -1 -1 0.00 0.00 0.00 100.00 100.00 -1000 7.63 230.52 -13.37 -1000 27.08 0.47 179.043
car -1 -1 0.00 0.00 0.00 100.00 100.00 -1000 2.91 7.15 -7.38 -1000 40.24 0.99 178.409
car -1 -1 0.00 0.00 0.00 100.00 100.00 -1000 2.38 8.43 1.58 -1000 30.02 1.35 176.147
car -1 -1 0.00 0.00 0.00 100.00 100.00 -1000 1.70 6.67 7.73 -1000 18.61 1.41 175.627
car -1 -1 0.00 0.00 0.00 100.00 100.00 -1000 2.10 2.76 -10.02 -1000 29.83 0.52 172.874
car -1 -1 0.00 0.00 0.00 100.00 100.00 -1000 1.57 5.66 10.51 -1000 34.84 1.43 171.968
car -1 -1 0.00 0.00 0.00 100.00 100.00 -1000 2.86 6.56 -9.28 -1000 22.57 0.86 171.825
car -1 -1 0.00 0.00 0.00 100.00 100.00 -1000 2.07 2.50 -10.12 -1000 31.66 0.33 171.205
car -1 -1 0.00 0.00 0.00 100.00 100.00 -1000 2.64 37.36 -8.81 -1000 32.56 -0.72 165.907
car -1 -1 0.00 0.00 0.00 100.00 100.00 -1000 1.83 6.11 9.73 -1000 41.37 1.61 163.745
car -1 -1 0.00 0.00 0.00 100.00 100.00 -1000 2.43 11.97 0.69 -1000 22.85 1.24 161.102
car -1 -1 0.00 0.00 0.00 100.00 100.00 -1000 2.15 6.91 -5.81 -1000 35.82 1.36 160.189
car -1 -1 0.00 0.00 0.00 100.00 100.00 -1000 2.17 9.10 -1.11 -1000 37.27 1.39 158.049
car -1 -1 0.00 0.00 0.00 100.00 100.00 -1000 1.56 4.19 -1.17 -1000 17.60 1.53 154.208
car -1 -1 0.00 0.00 0.00 100.00 100.00 -1000 15.96 71.48 -7.85 -1000 32.32 0.29 152.253
car -1 -1 0.00 0.00 0.00 100.00 100.00 -1000 1.84 4.92 1.68 -1000 35.73 1.52 151.006
car -1 -1 0.00 0.00 0.00 100.00 100.00 -1000 1.84 4.94 6.95 -1000 32.33 1.46 148.960
car -1 -1 0.00 0.00 0.00 100.00 100.00 -1000 1.92 6.19 5.41 -1000 35.25 1.26 147.619
car -1 -1 0.00 0.00 0.00 100.00 100.00 -1000 1.76 4.56 -4.17 -1000 34.06 1.56 145.239
car -1 -1 0.00 0.00 0.00 100.00 100.00 -1000 2.19 8.36 -6.42 -1000 36.77 1.22 144.701
car -1 -1 0.00 0.00 0.00 100.00 100.00 -1000 1.71 5.64 -7.55 -1000 11.99 1.27 142.233
car -1 -1 0.00 0.00 0.00 100.00 100.00 -1000 2.39 24.56 -7.75 -1000 35.57 -0.15 141.793
car -1 -1 0.00 0.00 0.00 100.00 100.00 -1000 1.86 4.70 -7.92 -1000 30.97 1.33 140.490
