car -1 -1 0.00 0.00 0.00 100.00 100.00 -1000 1.36 3.83 -2.52 -1000 8.65 1.35 999.993
car -1 -1 0.00 0.00 0.00 100.00 100.00 -1000 1.51 3.85 -2.94 -1000 9.42 1.45 999.811
car -1 -1 0.00 0.00 0.00 100.00 100.00 -1000 1.48 4.21 -3.08 -1000 16.30 1.39 999.493
car -1 -1 0.00 0.00 0.00 100.00 100.00 -1000 1.49 3.81 -2.69 -1000 15.58 1.37 999.153
car -1 -1 0.00 0.00 0.00 100.00 100.00 -1000 1.74 4.16 -3.08 -1000 7.83 0.02 996.832
car -1 -1 0.00 0.00 0.00 100.00 100.00 -1000 1.61 4.04 -3.31 -1000 17.25 1.40 996.513
car -1 -1 0.00 0.00 0.00 100.00 100.00 -1000 1.67 4.42 -3.71 -1000 10.17 1.50 996.275
car -1 -1 0.00 0.00 0.00 100.00 100.00 -1000 2.96 11.63 -2.92 -1000 12.36 1.38 989.194
car -1 -1 0.00 0.00 0.00 100.00 100.00 -1000 1.85 5.73 -4.22 -1000 8.78 1.49 986.657
car -1 -1 0.00 0.00 0.00 100.00 100.00 -1000 3.10 14.52 -3.52 -1000 11.05 1.15 986.220
car -1 -1 0.00 0.00 0.00 100.00 100.00 -1000 2.28 8.52 -0.48 -1000 11.15 1.47 984.134
car -1 -1 0.00 0.00 0.00 100.00 100.00 -1000 1.73 4.70 1.26 -1000 9.95 1.62 984.091
car -1 -1 0.00 0.00 0.00 100.00 100.00 -1000 1.59 3.82 3.42 -1000 10.03 -0.58 977.325
car -1 -1 0.00 0.00 0.00 100.00 100.00 -1000 1.82 3.84 -3.44 -1000 41.12 1.42 977.269
car -1 -1 0.00 0.00 0.00 100.00 100.00 -1000 2.24 7.82 -3.83 -1000 10.61 1.33 976.320
car -1 -1 0.00 0.00 0.00 100.00 100.00 -1000 1.55 3.69 1.97 -1000 9.27 1.64 972.787
car -1 -1 0.00 0.00 0.00 100.00 100.00 -1000 1.64 4.03 2.41 -1000 10.68 1.60 971.674
car -1 -1 0.00 0.00 0.00 100.00 100.00 -1000 1.63 4.17 -2.96 -1000 18.04 1.34 971.287
car -1 -1 0.00 0.00 0.00 100.00 100.00 -1000 2.47 8.87 -3.54 -1000 9.45 1.29 967.671
car -1 -1 0.00 0.00 0.00 100.00 100.00 -1000 1.56 3.53 2.69 -1000 8.55 1.64 965.739
car -1 -1 0.00 0.00 0.00 100.00 100.00 -1000 3.61 19.98 -4.33 -1000 19.00 1.10 948.662
car -1 -1 0.00 0.00 0.00 100.00 100.00 -1000 1.53 3.64 -0.31 -1000 16.27 1.45 946.749
car -1 -1 0.00 0.00 0.00 100.00 100.00 -1000 1.48 3.37 -0.03 -1000 15.53 1.54 939.196
car -1 -1 0.00 0.00 0.00 100.00 100.00 -1000 1.57 3.62 6.46 -1000 8.07 1.63 933.685
car -1 -1 0.00 0.00 0.00 100.00 100.00 -1000 9.07 131.38 -5.30 -1000 18.93 0.56 924.390
car -1 -1 0.00 0.00 0.00 100.00 100.00 -1000 1.84 5.13 2.03 -1000 11.43 1.56 909.228
car -1 -1 0.00 0.00 0.00 100.00 100.00 -1000 1.64 3.97 3.58 -1000 11.11 1.61 904.153
car -1 -1 0.00 0.00 0.00 100.00 100.00 -1000 1.89 5.40 -0.47 -1000 19.68 1.56 901.684
car -1 -1 0.00 0.00 0.00 100.00 100.00 -1000 3.16 9.31 -4.42 -1000 19.06 1.12 895.328
car -1 -1 0.00 0.00 0.00 100.00 100.00 -1000 1.66 4.97 -2.63 -1000 14.57 0.08 886.683
car -1 -1 0.00 0.00 0.00 100.00 100.00 -1000 2.64 10.87 -4.29 -1000 17.38 1.23 883.388
car -1 -1 0.00 0.00 0.00 100.00 100.00 -1000 6.26 65.45 -5.12 -1000 17.38 0.75 881.968
car -1 -1 0.00 0.00 0.00 100.00 100.00 -1000 1.67 4.66 -3.81 -1000 11.04 1.27 880.809
car -1 -1 0.00 0.00 0.00 100.00 100.00 -1000 1.79 5.31 -0.57 -1000 10.14 1.66 869.665
car -1 -1 0.00 0.00 0.00 100.00 100.00 -1000 5.82 24.61 -7.44 -1000 20.28 0.26 862.102
car -1 -1 0.00 0.00 0.00 100.00 100.00 -1000 1.80 4.85 -4.31 -1000 27.06 1.54 848.969
car -1 -1 0.00 0.00 0.00 100.00 100.00 -1000 1.66 3.86 0.69 -1000 8.97 1.63 845.540
car -1 -1 0.00 0.00 0.00 100.00 100.00 -1000 1.57 3.65 6.65 -1000 7.19 -0.04 845.519
car -1 -1 0.00 0.00 0.00 100.00 100.00 -1000 1.45 3.45 -2.01 -1000 16.66 1.56 845.514
car -1 -1 0.00 0.00 0.00 100.00 100.00 -1000 2.19 7.31 -1.02 -1000 21.19 1.47 837.374
car -1 -1 0.00 0.00 0.00 100.00 100.00 -1000 1.82 5.58 -0.65 -1000 14.01 1.43 834.701
car -1 -1 0.00 0.00 0.00 100.00 100.00 -1000 1.97 5.57 -4.46 -1000 15.35 1.49 829.747
car -1 -1 0.00 0.00 0.00 100.00 100.00 -1000 2.24 7.60 -1.51 -1000 18.93 1.49 810.653
car -1 -1 0.00 0.00 0.00 100.00 100.00 -1000 2.18 7.36 -5.67 -1000 11.37 1.42 801.636
car -1 -1 0.00 0.00 0.00 100.00 100.00 -1000 1.63 3.79 3.36 -1000 7.73 -0.36 798.217
car -1 -1 0.00 0.00 0.00 100.00 100.00 -1000 1.85 4.40 -5.22 -1000 7.68 1.53 789.920
car -1 -1 0.00 0.00 0.00 100.00 100.00 -1000 1.73 3.87 0.19 -1000 34.63 1.47 786.968
car -1 -1 0.00 0.00 0.00 100.00 100.00 -1000 5.33 54.49 -5.60 -1000 33.69 0.72 768.470
car -1 -1 0.00 0.00 0.00 100.00 100.00 -1000 1.53 3.52 4.67 -1000 8.53 1.63 761.666
car -1 -1 0.00 0.00 0.00 100.00 100.00 -1000 1.77 4.73 0.43 -1000 20.30 1.50 758.484
car -1 -1 0.00 0.00 0.00 100.00 100.00 -1000 1.57 3.57 1.25 -1000 15.29 1.53 742.835
car -1 -1 0.00 0.00 0.00 100.00 100.00 -1000 2.39 8.98 -4.73 -1000 27.25 1.30 740.192
car -1 -1 0.00 0.00 0.00 100.00 100.00 -1000 1.48 3.50 0.30 -1000 14.78 1.44 738.136
car -1 -1 0.00 0.00 0.00 100.00 100.00 -1000 5.41 49.19 -5.74 -1000 27.11 0.77 735.482
car -1 -1 0.00 0.00 0.00 100.00 100.00 -1000 1.91 9.89 -1.47 -1000 7.76 0.42 733.316
car -1 -1 0.00 0.00 0.00 100.00 100.00 -1000 3.28 18.10 -5.04 -1000 9.44 1.03 707.962
car -1 -1 0.00 0.00 0.00 100.00 100.00 -1000 2.57 9.01 -6.60 -1000 12.31 1.40 692.916
car -1 -1 0.00 0.00 0.00 100.00 100.00 -1000 1.72 4.67 -3.22 -1000 41.93 1.46 690.380
car -1 -1 0.00 0.00 0.00 100.00 100.00 -1000 10.75 218.73 -6.24 -1000 20.56 0.42 689.956
car -1 -1 0.00 0.00 0.00 100.00 100.00 -1000 2.72 12.23 -4.85 -1000 20.48 0.93 687.046
car -1 -1 0.00 0.00 0.00 100.00 100.00 -1000 1.61 3.93 4.40 -1000 10.55 1.72 682.998
car -1 -1 0.00 0.00 0.00 100.00 100.00 -1000 1.81 4.99 -3.65 -1000 18.74 1.50 677.026
car -1 -1 0.00 0.00 0.00 100.00 100.00 -1000 8.21 42.19 -10.69 -1000 20.89 -0.38 675.257
car -1 -1 0.00 0.00 0.00 100.00 100.00 -1000 3.87 14.98 -7.49 -1000 34.70 0.47 658.787
car -1 -1 0.00 0.00 0.00 100.00 100.00 -1000 2.71 5.40 -7.67 -1000 32.16 0.97 645.830
car -1 -1 0.00 0.00 0.00 100.00 100.00 -1000 2.15 7.21 1.44 -1000 12.24 1.46 640.711
car -1 -1 0.00 0.00 0.00 100.00 100.00 -1000 1.63 4.20 1.31 -1000 16.11 1.53 640.618
car -1 -1 0.00 0.00 0.00 100.00 100.00 -1000 3.08 6.88 -7.13 -1000 30.51 0.90 629.680
car -1 -1 0.00 0.00 0.00 100.00 100.00 -1000 2.07 6.72 -2.09 -1000 28.80 1.46 623.703
car -1 -1 0.00 0.00 0.00 100.00 100.00 -1000 4.36 32.15 -5.66 -1000 15.92 0.92 619.998
car -1 -1 0.00 0.00 0.00 100.00 100.00 -1000 15.44 572.37 -7.96 -1000 19.02 0.09 608.568
car -1 -1 0.00 0.00 0.00 100.00 100.00 -1000 8.98 51.78 -11.24 -1000 24.20 -0.57 604.733
car -1 -1 0.00 0.00 0.00 100.00 100.00 -1000 1.75 4.89 3.70 -1000 11.89 1.61 603.132
car -1 -1 0.00 0.00 0.00 100.00 100.00 -1000 3.75 14.64 -7.36 -1000 33.01 0.52 601.378
car -1 -1 0.00 0.00 0.00 100.00 100.00 -1000 3.86 15.19 -7.61 -1000 36.32 0.45 599.178
car -1 -1 0.00 0.00 0.00 100.00 100.00 -1000 7.01 14.90 -4.79 -1000 18.54 0.59 590.331
car -1 -1 0.00 0.00 0.00 100.00 100.00 -1000 1.81 3.96 1.29 -1000 7.91 1.60 585.951
car -1 -1 0.00 0.00 0.00 100.00 100.00 -1000 2.02 9.22 5.46 -1000 14.89 1.39 581.327
car -1 -1 0.00 0.00 0.00 100.00 100.00 -1000 2.25 5.93 -4.83 -1000 17.90 1.21 571.818
car -1 -1 0.00 0.00 0.00 100.00 100.00 -1000 1.75 4.02 4.68 -1000 7.42 -0.11 566.821
car -1 -1 0.00 0.00 0.00 100.00 100.00 -1000 11.71 309.77 -7.74 -1000 17.46 0.25 563.999
car -1 -1 0.00 0.00 0.00 100.00 100.00 -1000 1.66 4.06 1.06 -1000 19.39 1.53 563.229
car -1 -1 0.00 0.00 0.00 100.00 100.00 -1000 4.75 45.18 -5.85 -1000 36.94 0.75 559.674
car -1 -1 0.00 0.00 0.00 100.00 100.00 -1000 2.29 7.01 -4.42 -1000 16.76 1.25 550.864
car -1 -1 0.00 0.00 0.00 100.00 100.00 -1000 7.01 88.58 -6.23 -1000 25.60 0.64 550.503
car -1 -1 0.00 0.00 0.00 100.00 100.00 -1000 1.76 4.53 -4.80 -1000 26.11 0.08 549.562
car -1 -1 0.00 0.00 0.00 100.00 100.00 -1000 5.07 50.77 -5.61 -1000 30.43 0.72 546.824
car -1 -1 0.00 0.00 0.00 100.00 100.00 -1000 1.98 6.33 -4.45 -1000 30.50 1.32 544.623
car -1 -1 0.00 0.00 0.00 100.00 100.00 -1000 2.02 5.55 -3.94 -1000 7.10 -0.26 542.311
car -1 -1 0.00 0.00 0.00 100.00 100.00 -1000 3.80 25.09 -6.02 -1000 12.64 0.97 539.677
car -1 -1 0.00 0.00 0.00 100.00 100.00 -1000 2.68 5.04 -7.85 -1000 33.79 0.95 537.956
car -1 -1 0.00 0.00 0.00 100.00 100.00 -1000 1.60 3.92 7.56 -1000 7.70 -0.24 529.242
car -1 -1 0.00 0.00 0.00 100.00 100.00 -1000 4.13 16.21 -7.75 -1000 28.08 0.56 528.632
car -1 -1 0.00 0.00 0.00 100.00 100.00 -1000 2.45 10.48 -4.87 -1000 28.78 1.21 501.023
car -1 -1 0.00 0.00 0.00 100.00 100.00 -1000 17.65 859.89 -8.44 -1000 22.20 -0.03 489.819
car -1 -1 0.00 0.00 0.00 100.00 100.00 -1000 1.87 4.28 -4.09 -1000 14.19 1.51 489.587
car -1 -1 0.00 0.00 0.00 100.00 100.00 -1000 6.93 47.14 -5.35 -1000 3.44 -0.37 488.412
car -1 -1 0.00 0.00 0.00 100.00 100.00 -1000 2.02 9.26 4.83 -1000 13.64 1.39 487.101
car -1 -1 0.00 0.00 0.00 100.00 100.00 -1000 2.45 9.10 -2.23 -1000 22.14 1.33 483.096
car -1 -1 0.00 0.00 0.00 100.00 100.00 -1000 6.14 32.33 -9.00 -1000 23.56 0.09 479.017
car -1 -1 0.00 0.00 0.00 100.00 100.00 -1000 1.81 4.71 -0.50 -1000 41.95 1.48 475.616
car -1 -1 0.00 0.00 0.00 100.00 100.00 -1000 4.28 5.44 -9.33 -1000 17.58 0.61 474.127
car -1 -1 0.00 0.00 0.00 100.00 100.00 -1000 4.81 20.53 -8.24 -1000 26.61 0.39 470.274
car -1 -1 0.00 0.00 0.00 100.00 100.00 -1000 2.07 6.77 -3.34 -1000 29.80 1.50 465.545
car -1 -1 0.00 0.00 0.00 100.00 100.00 -1000 1.92 5.78 -3.96 -1000 45.02 1.32 464.162
car -1 -1 0.00 0.00 0.00 100.00 100.00 -1000 1.79 7.32 7.01 -1000 14.08 1.43 461.996
car -1 -1 0.00 0.00 0.00 100.00 100.00 -1000 1.71 4.71 4.61 -1000 9.30 1.68 460.655
car -1 -1 0.00 0.00 0.00 100.00 100.00 -1000 2.63 11.46 -5.50 -1000 7.96 1.17 460.076
car -1 -1 0.00 0.00 0.00 100.00 100.00 -1000 3.56 14.18 -7.62 -1000 37.84 0.52 447.487
car -1 -1 0.00 0.00 0.00 100.00 100.00 -1000 1.86 5.27 -4.37 -1000 31.31 1.39 439.750
car -1 -1 0.00 0.00 0.00 100.00 100.00 -1000 2.69 5.27 -8.03 -1000 35.39 0.93 435.781
car -1 -1 0.00 0.00 0.00 100.00 100.00 -1000 1.73 3.67 -5.95 -1000 27.73 1.32 430.719
car -1 -1 0.00 0.00 0.00 100.00 100.00 -1000 9.18 191.21 -7.77 -1000 15.90 0.38 428.244
car -1 -1 0.00 0.00 0.00 100.00 100.00 -1000 3.93 16.72 -7.33 -1000 31.30 0.53 426.579
car -1 -1 0.00 0.00 0.00 100.00 100.00 -1000 1.64 5.02 6.96 -1000 8.68 1.52 421.931
car -1 -1 0.00 0.00 0.00 100.00 100.00 -1000 1.72 4.50 -4.38 -1000 40.42 1.49 418.009
car -1 -1 0.00 0.00 0.00 100.00 100.00 -1000 1.84 5.22 -4.81 -1000 28.89 1.38 413.928
car -1 -1 0.00 0.00 0.00 100.00 100.00 -1000 3.60 5.65 -9.06 -1000 14.39 0.75 412.488
car -1 -1 0.00 0.00 0.00 100.00 100.00 -1000 11.20 317.79 -8.07 -1000 25.55 0.23 409.841
car -1 -1 0.00 0.00 0.00 100.00 100.00 -1000 2.06 6.48 -5.44 -1000 13.42 1.53 405.154
car -1 -1 0.00 0.00 0.00 100.00 100.00 -1000 1.95 5.58 -0.02 -1000 26.52 1.39 404.900
car -1 -1 0.00 0.00 0.00 100.00 100.00 -1000 2.31 6.14 -0.33 -1000 15.21 -0.19 396.720
car -1 -1 0.00 0.00 0.00 100.00 100.00 -1000 3.86 27.62 -6.36 -1000 14.32 0.98 396.100
car -1 -1 0.00 0.00 0.00 100.00 100.00 -1000 1.86 5.51 -0.25 -1000 16.89 1.41 395.106
car -1 -1 0.00 0.00 0.00 100.00 100.00 -1000 1.84 4.86 -1.14 -1000 35.10 1.33 394.760
car -1 -1 0.00 0.00 0.00 100.00 100.00 -1000 2.02 6.82 -4.22 -1000 32.11 1.30 392.470
car -1 -1 0.00 0.00 0.00 100.00 100.00 -1000 3.48 5.65 -9.00 -1000 12.79 0.77 390.261
car -1 -1 0.00 0.00 0.00 100.00 100.00 -1000 9.09 177.14 -6.75 -1000 23.90 0.49 382.290
car -1 -1 0.00 0.00 0.00 100.00 100.00 -1000 5.25 5.60 -9.92 -1000 20.79 0.42 380.420
car -1 -1 0.00 0.00 0.00 100.00 100.00 -1000 1.77 6.83 6.81 -1000 12.90 1.46 376.946
car -1 -1 0.00 0.00 0.00 100.00 100.00 -1000 4.93 28.70 -13.75 -1000 19.11 -0.06 376.868
car -1 -1 0.00 0.00 0.00 100.00 100.00 -1000 2.73 10.77 -4.73 -1000 21.60 1.33 369.857
car -1 -1 0.00 0.00 0.00 100.00 100.00 -1000 1.80 4.99 0.49 -1000 35.36 1.47 364.841
car -1 -1 0.00 0.00 0.00 100.00 100.00 -1000 6.70 11.00 -5.72 -1000 26.64 0.54 363.153
car -1 -1 0.00 0.00 0.00 100.00 100.00 -1000 3.28 5.57 -9.03 -1000 11.18 0.81 362.338
car -1 -1 0.00 0.00 0.00 100.00 100.00 -1000 4.51 25.32 -13.46 -1000 17.36 0.05 354.808
car -1 -1 0.00 0.00 0.00 100.00 100.00 -1000 3.86 30.67 -5.93 -1000 38.61 0.84 346.977
car -1 -1 0.00 0.00 0.00 100.00 100.00 -1000 2.06 9.01 4.37 -1000 12.50 1.44 342.415
car -1 -1 0.00 0.00 0.00 100.00 100.00 -1000 8.23 159.16 -7.80 -1000 27.22 0.40 337.889
car -1 -1 0.00 0.00 0.00 100.00 100.00 -1000 1.78 5.16 -2.98 -1000 27.63 1.54 336.691
car -1 -1 0.00 0.00 0.00 100.00 100.00 -1000 2.22 8.58 -4.21 -1000 33.67 1.28 333.327
car -1 -1 0.00 0.00 0.00 100.00 100.00 -1000 1.77 5.38 -4.13 -1000 32.90 1.32 331.379
car -1 -1 0.00 0.00 0.00 100.00 100.00 -1000 2.09 6.77 -0.58 -1000 44.69 1.33 331.310
car -1 -1 0.00 0.00 0.00 100.00 100.00 -1000 1.69 6.45 4.73 -1000 18.16 1.45 329.054
car -1 -1 0.00 0.00 0.00 100.00 100.00 -1000 5.22 32.55 -14.18 -1000 25.68 -0.15 324.020
car -1 -1 0.00 0.00 0.00 100.00 100.00 -1000 6.12 119.75 -11.09 -1000 12.61 0.57 322.555
car -1 -1 0.00 0.00 0.00 100.00 100.00 -1000 2.28 9.71 -5.53 -1000 43.47 1.12 321.309
car -1 -1 0.00 0.00 0.00 100.00 100.00 -1000 1.85 4.69 -5.55 -1000 6.79 1.53 320.341
car -1 -1 0.00 0.00 0.00 100.00 100.00 -1000 2.21 7.28 -5.49 -1000 19.98 1.38 319.434
car -1 -1 0.00 0.00 0.00 100.00 100.00 -1000 2.22 8.52 -4.09 -1000 35.33 1.27 310.398
car -1 -1 0.00 0.00 0.00 100.00 100.00 -1000 4.00 20.72 -13.05 -1000 12.36 0.21 310.085
car -1 -1 0.00 0.00 0.00 100.00 100.00 -1000 1.93 5.39 -7.39 -1000 41.90 1.18 308.027
car -1 -1 0.00 0.00 0.00 100.00 100.00 -1000 3.20 13.01 -7.52 -1000 13.11 0.87 304.379
car -1 -1 0.00 0.00 0.00 100.00 100.00 -1000 2.51 5.36 -8.16 -1000 37.01 0.96 301.998
car -1 -1 0.00 0.00 0.00 100.00 100.00 -1000 1.90 7.77 6.30 -1000 11.72 1.44 298.390
car -1 -1 0.00 0.00 0.00 100.00 100.00 -1000 3.64 15.47 -7.69 -1000 16.59 0.72 294.028
car -1 -1 0.00 0.00 0.00 100.00 100.00 -1000 13.21 661.85 -2.45 -1000 1.18 0.27 293.345
car -1 -1 0.00 0.00 0.00 100.00 100.00 -1000 1.75 4.19 -2.32 -1000 40.67 1.55 292.823
car -1 -1 0.00 0.00 0.00 100.00 100.00 -1000 4.64 5.41 -10.03 -1000 24.04 0.49 290.390
car -1 -1 0.00 0.00 0.00 100.00 100.00 -1000 1.88 5.37 -0.98 -1000 27.43 1.44 290.302
car -1 -1 0.00 0.00 0.00 100.00 100.00 -1000 2.95 5.52 -9.12 -1000 9.57 0.87 287.599
car -1 -1 0.00 0.00 0.00 100.00 100.00 -1000 1.95 8.06 2.86 -1000 27.86 1.43 287.275
car -1 -1 0.00 0.00 0.00 100.00 100.00 -1000 10.04 387.63 -11.76 -1000 22.19 0.31 282.630
car -1 -1 0.00 0.00 0.00 100.00 100.00 -1000 2.63 13.43 -5.46 -1000 41.90 1.05 281.856
car -1 -1 0.00 0.00 0.00 100.00 100.00 -1000 1.66 6.20 4.88 -1000 27.06 1.46 281.250
car -1 -1 0.00 0.00 0.00 100.00 100.00 -1000 2.12 6.17 -4.54 -1000 42.59 1.35 278.351
car -1 -1 0.00 0.00 0.00 100.00 100.00 -1000 3.49 25.29 -5.19 -1000 33.62 0.98 274.848
car -1 -1 0.00 0.00 0.00 100.00 100.00 -1000 4.29 8.77 -7.40 -1000 19.15 0.69 274.327
car -1 -1 0.00 0.00 0.00 100.00 100.00 -1000 5.54 80.51 -8.30 -1000 28.74 0.56 272.763
car -1 -1 0.00 0.00 0.00 100.00 100.00 -1000 2.63 12.03 -5.92 -1000 6.57 1.17 272.154
car -1 -1 0.00 0.00 0.00 100.00 100.00 -1000 1.78 4.92 1.59 -1000 20.95 1.61 269.928
car -1 -1 0.00 0.00 0.00 100.00 100.00 -1000 1.66 6.16 4.90 -1000 25.45 1.46 269.383
car -1 -1 0.00 0.00 0.00 100.00 100.00 -1000 2.25 6.83 -4.47 -1000 47.15 1.30 262.653
car -1 -1 0.00 0.00 0.00 100.00 100.00 -1000 1.93 7.84 2.94 -1000 26.26 1.44 261.875
car -1 -1 0.00 0.00 0.00 100.00 100.00 -1000 3.14 12.42 -7.51 -1000 39.30 0.66 260.716
car -1 -1 0.00 0.00 0.00 100.00 100.00 -1000 2.33 8.83 1.24 -1000 13.14 1.42 260.698
car -1 -1 0.00 0.00 0.00 100.00 100.00 -1000 1.95 8.34 3.59 -1000 15.76 1.38 258.265
car -1 -1 0.00 0.00 0.00 100.00 100.00 -1000 4.10 18.79 -7.82 -1000 29.65 0.54 257.542
car -1 -1 0.00 0.00 0.00 100.00 100.00 -1000 1.66 6.17 4.91 -1000 23.84 1.46 257.133
car -1 -1 0.00 0.00 0.00 100.00 100.00 -1000 2.61 21.19 -6.31 -1000 20.89 0.11 254.372
car -1 -1 0.00 0.00 0.00 100.00 100.00 -1000 2.36 9.58 -0.52 -1000 23.02 1.36 253.210
car -1 -1 0.00 0.00 0.00 100.00 100.00 -1000 1.82 7.07 2.38 -1000 37.54 1.44 252.827
car -1 -1 0.00 0.00 0.00 100.00 100.00 -1000 1.77 4.48 3.12 -1000 6.94 -0.16 252.572
car -1 -1 0.00 0.00 0.00 100.00 100.00 -1000 1.86 5.85 1.34 -1000 25.73 1.29 250.885
car -1 -1 0.00 0.00 0.00 100.00 100.00 -1000 1.93 5.37 -0.16 -1000 33.90 1.52 250.771
car -1 -1 0.00 0.00 0.00 100.00 100.00 -1000 1.81 7.56 8.23 -1000 10.11 1.40 245.322
car -1 -1 0.00 0.00 0.00 100.00 100.00 -1000 1.67 6.19 5.32 -1000 19.03 1.43 244.848
car -1 -1 0.00 0.00 0.00 100.00 100.00 -1000 1.50 3.78 -2.42 -1000 19.19 1.40 243.192
car -1 -1 0.00 0.00 0.00 100.00 100.00 -1000 5.82 77.78 -7.79 -1000 9.52 0.62 242.244
car -1 -1 0.00 0.00 0.00 100.00 100.00 -1000 2.08 6.18 -4.51 -1000 45.92 1.31 242.076
car -1 -1 0.00 0.00 0.00 100.00 100.00 -1000 1.65 5.96 5.26 -1000 27.88 1.45 241.038
car -1 -1 0.00 0.00 0.00 100.00 100.00 -1000 10.15 283.32 0.59 -1000 1.38 0.52 240.023
car -1 -1 0.00 0.00 0.00 100.00 100.00 -1000 2.06 6.41 0.26 -1000 18.43 1.55 239.359
car -1 -1 0.00 0.00 0.00 100.00 100.00 -1000 2.03 4.76 -7.61 -1000 40.31 1.10 236.785
car -1 -1 0.00 0.00 0.00 100.00 100.00 -1000 1.66 6.31 4.90 -1000 28.67 1.45 236.310
car -1 -1 0.00 0.00 0.00 100.00 100.00 -1000 1.64 5.90 5.25 -1000 24.65 1.45 235.735
car -1 -1 0.00 0.00 0.00 100.00 100.00 -1000 4.35 20.11 -9.64 -1000 10.44 0.38 235.341
car -1 -1 0.00 0.00 0.00 100.00 100.00 -1000 3.16 20.03 -5.77 -1000 40.31 0.95 234.062
car -1 -1 0.00 0.00 0.00 100.00 100.00 -1000 3.60 27.47 -5.20 -1000 35.24 0.95 230.455
car -1 -1 0.00 0.00 0.00 100.00 100.00 -1000 1.90 5.44 -1.19 -1000 43.16 1.41 228.873
car -1 -1 0.00 0.00 0.00 100.00 100.00 -1000 1.89 7.55 3.10 -1000 23.03 1.44 227.477
car -1 -1 0.00 0.00 0.00 100.00 100.00 -1000 2.05 6.45 -4.46 -1000 34.57 1.26 226.263
car -1 -1 0.00 0.00 0.00 100.00 100.00 -1000 1.99 6.81 -7.41 -1000 42.72 1.05 224.164
car -1 -1 0.00 0.00 0.00 100.00 100.00 -1000 1.88 7.48 5.11 -1000 10.86 1.47 223.710
car -1 -1 0.00 0.00 0.00 100.00 100.00 -1000 7.18 36.69 -7.42 -1000 32.19 0.52 223.272
car -1 -1 0.00 0.00 0.00 100.00 100.00 -1000 1.61 6.12 4.32 -1000 36.75 1.44 220.526
car -1 -1 0.00 0.00 0.00 100.00 100.00 -1000 2.23 5.08 -8.04 -1000 38.65 1.02 217.922
car -1 -1 0.00 0.00 0.00 100.00 100.00 -1000 1.69 6.28 4.50 -1000 16.57 1.44 217.239
car -1 -1 0.00 0.00 0.00 100.00 100.00 -1000 1.83 7.31 3.16 -1000 24.95 1.42 211.470
car -1 -1 0.00 0.00 0.00 100.00 100.00 -1000 1.62 6.03 5.23 -1000 22.58 1.43 209.090
car -1 -1 0.00 0.00 0.00 100.00 100.00 -1000 2.31 8.98 -5.66 -1000 14.14 1.43 207.236
car -1 -1 0.00 0.00 0.00 100.00 100.00 -1000 1.93 7.88 2.99 -1000 29.47 1.40 207.197
car -1 -1 0.00 0.00 0.00 100.00 100.00 -1000 3.87 9.29 -6.08 -1000 15.43 0.89 207.091
car -1 -1 0.00 0.00 0.00 100.00 100.00 -1000 1.73 6.78 2.73 -1000 40.77 1.41 202.744
car -1 -1 0.00 0.00 0.00 100.00 100.00 -1000 1.81 7.46 2.91 -1000 17.68 1.39 201.749
car -1 -1 0.00 0.00 0.00 100.00 100.00 -1000 1.77 6.72 3.56 -1000 19.82 1.43 197.054
car -1 -1 0.00 0.00 0.00 100.00 100.00 -1000 2.06 8.22 1.54 -1000 28.69 1.41 193.049
car -1 -1 0.00 0.00 0.00 100.00 100.00 -1000 1.89 8.70 3.47 -1000 14.37 1.34 192.527
car -1 -1 0.00 0.00 0.00 100.00 100.00 -1000 2.34 8.75 -1.64 -1000 30.52 1.40 189.949
car -1 -1 0.00 0.00 0.00 100.00 100.00 -1000 1.87 6.11 0.83 -1000 38.65 1.37 188.681
car -1 -1 0.00 0.00 0.00 100.00 100.00 -1000 1.98 7.32 0.27 -1000 24.13 1.29 186.813
car -1 -1 0.00 0.00 0.00 100.00 100.00 -1000 1.84 4.90 -3.94 -1000 39.58 1.46 185.639
car -1 -1 0.00 0.00 0.00 100.00 100.00 -1000 1.60 5.85 4.72 -1000 37.61 1.43 184.441
car -1 -1 0.00 0.00 0.00 100.00 100.00 -1000 1.75 6.76 2.49 -1000 36.27 1.42 184.411
car -1 -1 0.00 0.00 0.00 100.00 100.00 -1000 1.61 5.67 4.33 -1000 35.58 1.45 183.890
car -1 -1 0.00 0.00 0.00 100.00 100.00 -1000 1.91 6.97 -5.66 -1000 44.32 1.18 183.204
car -1 -1 0.00 0.00 0.00 100.00 100.00 -1000 4.64 49.61 -7.79 -1000 7.97 0.73 183.164
car -1 -1 0.00 0.00 0.00 100.00 100.00 -1000 1.62 5.93 3.33 -1000 44.85 1.46 180.032
car -1 -1 0.00 0.00 0.00 100.00 100.00 -1000 3.38 5.75 -9.81 -1000 27.29 0.69 177.324
car -1 -1 0.00 0.00 0.00 100.00 100.00 -1000 3.49 8.01 -7.19 -1000 27.35 0.83 175.202
car -1 -1 0.00 0.00 0.00 100.00 100.00 -1000 1.76 6.81 3.49 -1000 21.75 1.44 174.832
car -1 -1 0.00 0.00 0.00 100.00 100.00 -1000 1.73 6.41 2.78 -1000 39.18 1.44 174.534
car -1 -1 0.00 0.00 0.00 100.00 100.00 -1000 3.71 16.24 -9.48 -1000 8.71 0.52 172.980
car -1 -1 0.00 0.00 0.00 100.00 100.00 -1000 1.61 5.48 8.93 -1000 8.45 1.48 172.439
car -1 -1 0.00 0.00 0.00 100.00 100.00 -1000 2.17 6.80 -5.38 -1000 28.05 1.10 170.493
car -1 -1 0.00 0.00 0.00 100.00 100.00 -1000 1.67 6.48 3.39 -1000 41.60 1.41 169.625
car -1 -1 0.00 0.00 0.00 100.00 100.00 -1000 1.96 5.81 0.29 -1000 42.64 1.43 164.199
car -1 -1 0.00 0.00 0.00 100.00 100.00 -1000 2.81 10.94 -7.18 -1000 40.76 0.82 162.271
car -1 -1 0.00 0.00 0.00 100.00 100.00 -1000 2.28 8.88 -1.38 -1000 17.73 1.44 160.754
car -1 -1 0.00 0.00 0.00 100.00 100.00 -1000 1.62 6.58 10.09 -1000 9.33 1.43 158.601
car -1 -1 0.00 0.00 0.00 100.00 100.00 -1000 1.64 6.44 4.28 -1000 34.34 1.42 156.191
car -1 -1 0.00 0.00 0.00 100.00 100.00 -1000 1.82 6.99 5.60 -1000 10.00 1.46 155.710
car -1 -1 0.00 0.00 0.00 100.00 100.00 -1000 1.59 6.55 4.47 -1000 39.97 1.41 153.348
car -1 -1 0.00 0.00 0.00 100.00 100.00 -1000 3.78 8.44 -7.58 -1000 25.72 0.75 152.830
car -1 -1 0.00 0.00 0.00 100.00 100.00 -1000 1.55 5.88 5.35 -1000 21.46 1.45 152.793
car -1 -1 0.00 0.00 0.00 100.00 100.00 -1000 2.48 5.08 -9.45 -1000 8.00 0.95 151.790
car -1 -1 0.00 0.00 0.00 100.00 100.00 -1000 1.84 7.61 3.11 -1000 18.66 1.34 149.392
car -1 -1 0.00 0.00 0.00 100.00 100.00 -1000 1.64 6.44 5.00 -1000 30.32 1.42 148.117
car -1 -1 0.00 0.00 0.00 100.00 100.00 -1000 1.66 5.97 3.96 -1000 20.65 1.45 147.327
car -1 -1 0.00 0.00 0.00 100.00 100.00 -1000 2.60 8.50 -4.76 -1000 25.94 -0.27 147.285
car -1 -1 0.00 0.00 0.00 100.00 100.00 -1000 1.94 6.47 -1.75 -1000 45.48 1.35 144.938
car -1 -1 0.00 0.00 0.00 100.00 100.00 -1000 4.16 6.98 -0.99 -1000 1.45 0.78 144.592
car -1 -1 0.00 0.00 0.00 100.00 100.00 -1000 1.64 6.99 5.07 -1000 31.91 1.39 142.434
car -1 -1 0.00 0.00 0.00 100.00 100.00 -1000 3.56 30.94 -8.36 -1000 6.46 0.85 141.039
car -1 -1 0.00 0.00 0.00 100.00 100.00 -1000 1.67 6.70 3.94 -1000 33.51 1.38 140.302
car -1 -1 0.00 0.00 0.00 100.00 100.00 -1000 1.55 6.00 4.72 -1000 38.66 1.43 138.737
car -1 -1 0.00 0.00 0.00 100.00 100.00 -1000 4.57 9.39 -7.94 -1000 22.43 0.59 138.387
car -1 -1 0.00 0.00 0.00 100.00 100.00 -1000 1.76 8.09 8.77 -1000 10.98 1.37 136.564
car -1 -1 0.00 0.00 0.00 100.00 100.00 -1000 2.04 6.48 -2.38 -1000 44.23 1.29 133.319
car -1 -1 0.00 0.00 0.00 100.00 100.00 -1000 7.67 164.38 -0.41 -1000 3.21 0.51 130.508
car -1 -1 0.00 0.00 0.00 100.00 100.00 -1000 1.76 6.66 -5.46 -1000 41.56 1.11 129.498
car -1 -1 0.00 0.00 0.00 100.00 100.00 -1000 4.85 8.09 -3.97 -1000 1.45 0.58 127.409
car -1 -1 0.00 0.00 0.00 100.00 100.00 -1000 1.74 6.79 2.79 -1000 24.05 1.41 126.770
car -1 -1 0.00 0.00 0.00 100.00 100.00 -1000 1.61 6.21 3.83 -1000 42.46 1.42 126.095
car -1 -1 0.00 0.00 0.00 100.00 100.00 -1000 2.26 7.94 -8.52 -1000 15.41 -0.17 125.658
car -1 -1 0.00 0.00 0.00 100.00 100.00 -1000 2.00 6.60 -4.19 -1000 36.17 1.32 125.599
car -1 -1 0.00 0.00 0.00 100.00 100.00 -1000 2.56 7.59 -5.46 -1000 37.02 1.01 125.574
car -1 -1 0.00 0.00 0.00 100.00 100.00 -1000 1.57 5.88 3.74 -1000 43.56 1.43 125.330
car -1 -1 0.00 0.00 0.00 100.00 100.00 -1000 1.69 4.52 -2.82 -1000 26.00 1.50 124.786
car -1 -1 0.00 0.00 0.00 100.00 100.00 -1000 5.05 24.85 -0.16 -1000 4.04 0.37 122.809
car -1 -1 0.00 0.00 0.00 100.00 100.00 -1000 2.01 7.14 -1.85 -1000 35.79 1.25 120.920
car -1 -1 0.00 0.00 0.00 100.00 100.00 -1000 3.07 12.53 -9.85 -1000 7.14 0.60 117.625
car -1 -1 0.00 0.00 0.00 100.00 100.00 -1000 1.59 5.25 9.30 -1000 7.46 1.47 117.191
car -1 -1 0.00 0.00 0.00 100.00 100.00 -1000 1.56 6.26 5.60 -1000 20.12 1.45 116.109
car -1 -1 0.00 0.00 0.00 100.00 100.00 -1000 2.30 8.09 -8.64 -1000 17.02 -0.30 115.858
car -1 -1 0.00 0.00 0.00 100.00 100.00 -1000 1.62 5.27 -7.60 -1000 45.19 1.28 115.650
car -1 -1 0.00 0.00 0.00 100.00 100.00 -1000 1.92 7.60 1.67 -1000 45.61 1.40 112.437
car -1 -1 0.00 0.00 0.00 100.00 100.00 -1000 1.67 6.59 3.15 -1000 46.48 1.42 112.038
car -1 -1 0.00 0.00 0.00 100.00 100.00 -1000 1.89 5.01 -6.11 -1000 32.91 1.04 109.333
car -1 -1 0.00 0.00 0.00 100.00 100.00 -1000 1.71 6.85 8.17 -1000 12.16 1.39 108.043
car -1 -1 0.00 0.00 0.00 100.00 100.00 -1000 1.76 6.72 1.95 -1000 44.32 1.41 107.469
car -1 -1 0.00 0.00 0.00 100.00 100.00 -1000 1.35 3.29 -1.88 -1000 15.07 1.30 107.064
car -1 -1 0.00 0.00 0.00 100.00 100.00 -1000 3.19 13.08 -7.01 -1000 24.36 1.08 105.203
car -1 -1 0.00 0.00 0.00 100.00 100.00 -1000 2.31 8.54 -4.60 -1000 39.14 1.33 105.066
car -1 -1 0.00 0.00 0.00 100.00 100.00 -1000 1.59 4.00 4.16 -1000 12.77 -0.49 104.071
car -1 -1 0.00 0.00 0.00 100.00 100.00 -1000 2.21 8.73 0.97 -1000 22.22 1.26 102.793
car -1 -1 0.00 0.00 0.00 100.00 100.00 -1000 4.14 6.61 -13.18 -1000 20.82 0.66 102.269
car -1 -1 0.00 0.00 0.00 100.00 100.00 -1000 1.95 7.00 -1.39 -1000 8.56 -0.77 101.901
car -1 -1 0.00 0.00 0.00 100.00 100.00 -1000 2.21 6.42 -2.60 -1000 25.11 1.39 100.516
car -1 -1 0.00 0.00 0.00 100.00 100.00 -1000 2.26 7.42 -0.12 -1000 32.98 1.44 100.324
car -1 -1 0.00 0.00 0.00 100.00 100.00 -1000 12.62 20.18 -7.31 -1000 18.46 -0.02 99.819
car -1 -1 0.00 0.00 0.00 100.00 100.00 -1000 1.99 5.65 5.68 -1000 6.66 1.58 99.346
car -1 -1 0.00 0.00 0.00 100.00 100.00 -1000 1.63 7.16 5.46 -1000 32.80 1.39 97.912
car -1 -1 0.00 0.00 0.00 100.00 100.00 -1000 2.28 8.36 -0.30 -1000 46.62 1.28 96.740
car -1 -1 0.00 0.00 0.00 100.00 100.00 -1000 3.33 20.75 -13.46 -1000 28.28 0.34 96.585
car -1 -1 0.00 0.00 0.00 100.00 100.00 -1000 3.71 6.33 -1.77 -1000 3.35 0.85 94.312
car -1 -1 0.00 0.00 0.00 100.00 100.00 -1000 2.84 7.80 -10.99 -1000 28.96 0.79 94.115
car -1 -1 0.00 0.00 0.00 100.00 100.00 -1000 1.90 7.11 -7.85 -1000 43.88 1.10 94.109
car -1 -1 0.00 0.00 0.00 100.00 100.00 -1000 1.63 5.00 -1.05 -1000 17.84 1.40 93.195
car -1 -1 0.00 0.00 0.00 100.00 100.00 -1000 2.62 26.49 -7.23 -1000 22.70 -0.04 92.718
