car -1 -1 0.00 0.00 0.00 100.00 100.00 -1000 1.44 4.45 -3.95 -1000 13.55 1.30 999.923
car -1 -1 0.00 0.00 0.00 100.00 100.00 -1000 1.54 3.55 -0.23 -1000 33.77 1.57 999.816
car -1 -1 0.00 0.00 0.00 100.00 100.00 -1000 1.55 3.68 -4.35 -1000 33.65 1.56 999.697
car -1 -1 0.00 0.00 0.00 100.00 100.00 -1000 1.69 4.38 -0.27 -1000 33.00 0.06 999.326
car -1 -1 0.00 0.00 0.00 100.00 100.00 -1000 2.25 7.16 -0.60 -1000 37.44 1.49 997.689
car -1 -1 0.00 0.00 0.00 100.00 100.00 -1000 1.65 4.06 1.95 -1000 37.76 1.58 997.584
car -1 -1 0.00 0.00 0.00 100.00 100.00 -1000 1.66 4.63 -4.25 -1000 35.32 1.44 995.751
car -1 -1 0.00 0.00 0.00 100.00 100.00 -1000 1.65 4.04 -3.98 -1000 14.88 1.43 995.529
car -1 -1 0.00 0.00 0.00 100.00 100.00 -1000 2.31 8.19 -3.86 -1000 36.81 1.47 993.894
car -1 -1 0.00 0.00 0.00 100.00 100.00 -1000 1.48 3.46 -2.00 -1000 33.89 1.53 993.061
car -1 -1 0.00 0.00 0.00 100.00 100.00 -1000 1.80 4.51 1.24 -1000 37.11 1.55 993.015
car -1 -1 0.00 0.00 0.00 100.00 100.00 -1000 6.85 73.52 -5.17 -1000 17.38 0.87 988.377
car -1 -1 0.00 0.00 0.00 100.00 100.00 -1000 1.72 4.60 -4.21 -1000 32.92 0.07 986.457
car -1 -1 0.00 0.00 0.00 100.00 100.00 -1000 1.39 4.07 -3.88 -1000 12.66 0.04 985.515
car -1 -1 0.00 0.00 0.00 100.00 100.00 -1000 1.58 3.81 -3.85 -1000 15.91 1.49 981.416
car -1 -1 0.00 0.00 0.00 100.00 100.00 -1000 1.56 3.79 1.45 -1000 33.84 1.66 978.988
car -1 -1 0.00 0.00 0.00 100.00 100.00 -1000 5.33 21.87 -6.53 -1000 18.41 0.65 977.874
car -1 -1 0.00 0.00 0.00 100.00 100.00 -1000 2.47 10.22 -2.19 -1000 38.12 1.36 977.277
car -1 -1 0.00 0.00 0.00 100.00 100.00 -1000 1.66 4.28 -4.85 -1000 34.60 1.53 976.218
car -1 -1 0.00 0.00 0.00 100.00 100.00 -1000 1.65 4.49 -2.71 -1000 34.61 1.59 971.625
car -1 -1 0.00 0.00 0.00 100.00 100.00 -1000 3.25 18.60 -1.07 -1000 38.43 1.16 964.896
car -1 -1 0.00 0.00 0.00 100.00 100.00 -1000 2.83 9.65 -5.28 -1000 17.41 1.23 963.210
car -1 -1 0.00 0.00 0.00 100.00 100.00 -1000 2.26 8.23 1.00 -1000 38.27 1.41 959.596
car -1 -1 0.00 0.00 0.00 100.00 100.00 -1000 1.54 3.47 9.43 -1000 43.26 1.61 951.873
car -1 -1 0.00 0.00 0.00 100.00 100.00 -1000 1.66 4.00 2.61 -1000 33.50 1.59 950.347
car -1 -1 0.00 0.00 0.00 100.00 100.00 -1000 1.83 5.37 0.53 -1000 34.43 1.63 948.410
car -1 -1 0.00 0.00 0.00 100.00 100.00 -1000 1.62 4.26 -3.37 -1000 16.80 1.44 943.836
car -1 -1 0.00 0.00 0.00 100.00 100.00 -1000 2.61 10.57 -5.99 -1000 36.15 1.19 942.169
car -1 -1 0.00 0.00 0.00 100.00 100.00 -1000 2.37 8.54 -1.04 -1000 36.20 1.48 940.718
car -1 -1 0.00 0.00 0.00 100.00 100.00 -1000 1.72 4.60 3.43 -1000 38.14 1.68 933.943
car -1 -1 0.00 0.00 0.00 100.00 100.00 -1000 1.77 4.63 7.10 -1000 41.27 1.51 926.882
car -1 -1 0.00 0.00 0.00 100.00 100.00 -1000 1.66 4.11 -4.98 -1000 14.11 1.42 925.909
car -1 -1 0.00 0.00 0.00 100.00 100.00 -1000 4.29 14.59 -4.76 -1000 17.02 0.99 921.159
car -1 -1 0.00 0.00 0.00 100.00 100.00 -1000 1.82 5.27 -5.31 -1000 35.91 1.53 918.438
car -1 -1 0.00 0.00 0.00 100.00 100.00 -1000 2.29 8.38 0.54 -1000 35.40 1.50 905.959
car -1 -1 0.00 0.00 0.00 100.00 100.00 -1000 1.73 4.34 3.09 -1000 37.30 1.79 901.615
car -1 -1 0.00 0.00 0.00 100.00 100.00 -1000 1.62 4.12 2.24 -1000 32.74 0.07 901.403
car -1 -1 0.00 0.00 0.00 100.00 100.00 -1000 2.90 10.23 -5.90 -1000 15.90 1.20 895.866
car -1 -1 0.00 0.00 0.00 100.00 100.00 -1000 3.64 7.02 0.18 -1000 40.07 0.91 885.169
car -1 -1 0.00 0.00 0.00 100.00 100.00 -1000 6.77 93.55 0.24 -1000 39.95 0.67 878.091
car -1 -1 0.00 0.00 0.00 100.00 100.00 -1000 1.60 3.76 8.43 -1000 41.54 1.60 869.918
car -1 -1 0.00 0.00 0.00 100.00 100.00 -1000 4.52 20.22 -1.16 -1000 41.05 0.45 869.383
car -1 -1 0.00 0.00 0.00 100.00 100.00 -1000 1.79 4.75 -4.93 -1000 15.43 1.44 867.539
car -1 -1 0.00 0.00 0.00 100.00 100.00 -1000 9.02 155.42 -6.82 -1000 18.94 0.59 866.149
car -1 -1 0.00 0.00 0.00 100.00 100.00 -1000 1.93 7.06 -6.18 -1000 33.78 1.47 864.520
car -1 -1 0.00 0.00 0.00 100.00 100.00 -1000 6.12 36.60 -1.17 -1000 28.69 0.08 848.327
car -1 -1 0.00 0.00 0.00 100.00 100.00 -1000 2.17 7.99 3.16 -1000 36.63 1.60 846.238
car -1 -1 0.00 0.00 0.00 100.00 100.00 -1000 2.32 8.63 4.43 -1000 40.60 1.50 842.976
car -1 -1 0.00 0.00 0.00 100.00 100.00 -1000 1.68 4.19 10.35 -1000 23.68 1.58 839.936
car -1 -1 0.00 0.00 0.00 100.00 100.00 -1000 2.69 13.97 -7.02 -1000 37.26 1.06 835.512
car -1 -1 0.00 0.00 0.00 100.00 100.00 -1000 4.80 45.77 0.81 -1000 39.89 0.96 827.722
car -1 -1 0.00 0.00 0.00 100.00 100.00 -1000 1.86 5.42 2.25 -1000 38.84 1.62 813.634
car -1 -1 0.00 0.00 0.00 100.00 100.00 -1000 3.27 21.19 -5.02 -1000 15.97 1.10 808.015
car -1 -1 0.00 0.00 0.00 100.00 100.00 -1000 1.52 3.69 -5.07 -1000 13.07 1.54 801.881
car -1 -1 0.00 0.00 0.00 100.00 100.00 -1000 2.27 8.56 -6.24 -1000 35.08 1.39 794.925
car -1 -1 0.00 0.00 0.00 100.00 100.00 -1000 10.11 278.89 0.76 -1000 26.98 0.52 792.514
car -1 -1 0.00 0.00 0.00 100.00 100.00 -1000 6.55 26.93 -0.48 -1000 25.82 0.01 771.029
car -1 -1 0.00 0.00 0.00 100.00 100.00 -1000 5.85 26.54 -8.58 -1000 20.22 0.37 756.574
car -1 -1 0.00 0.00 0.00 100.00 100.00 -1000 2.69 11.68 -5.34 -1000 18.44 0.93 756.225
car -1 -1 0.00 0.00 0.00 100.00 100.00 -1000 1.76 4.30 5.79 -1000 30.18 1.48 754.632
car -1 -1 0.00 0.00 0.00 100.00 100.00 -1000 1.64 4.04 8.96 -1000 42.47 0.05 740.855
car -1 -1 0.00 0.00 0.00 100.00 100.00 -1000 1.88 5.65 -5.01 -1000 17.04 1.45 727.659
car -1 -1 0.00 0.00 0.00 100.00 100.00 -1000 1.73 4.55 4.62 -1000 37.52 1.69 721.751
car -1 -1 0.00 0.00 0.00 100.00 100.00 -1000 2.48 10.35 2.36 -1000 41.28 1.33 707.235
car -1 -1 0.00 0.00 0.00 100.00 100.00 -1000 3.37 13.56 -7.29 -1000 19.63 0.84 700.494
car -1 -1 0.00 0.00 0.00 100.00 100.00 -1000 1.32 4.23 -3.92 -1000 11.82 1.42 691.798
car -1 -1 0.00 0.00 0.00 100.00 100.00 -1000 2.94 13.11 0.20 -1000 42.08 1.07 683.656
car -1 -1 0.00 0.00 0.00 100.00 100.00 -1000 1.71 4.29 8.43 -1000 20.14 1.58 681.648
car -1 -1 0.00 0.00 0.00 100.00 100.00 -1000 3.11 12.67 -2.80 -1000 40.90 0.76 664.847
car -1 -1 0.00 0.00 0.00 100.00 100.00 -1000 1.68 4.33 11.05 -1000 22.96 -0.20 655.690
car -1 -1 0.00 0.00 0.00 100.00 100.00 -1000 2.26 8.23 -6.17 -1000 14.40 1.40 653.902
car -1 -1 0.00 0.00 0.00 100.00 100.00 -1000 2.44 13.76 -0.01 -1000 39.82 1.03 652.321
car -1 -1 0.00 0.00 0.00 100.00 100.00 -1000 7.21 118.88 -0.58 -1000 23.97 0.85 645.432
car -1 -1 0.00 0.00 0.00 100.00 100.00 -1000 4.07 6.48 -0.37 -1000 27.25 0.83 635.368
car -1 -1 0.00 0.00 0.00 100.00 100.00 -1000 2.05 6.13 -6.02 -1000 18.61 1.19 621.788
car -1 -1 0.00 0.00 0.00 100.00 100.00 -1000 2.64 11.39 -1.31 -1000 19.63 1.18 615.644
car -1 -1 0.00 0.00 0.00 100.00 100.00 -1000 6.09 35.67 8.13 -1000 4.65 -0.20 613.756
car -1 -1 0.00 0.00 0.00 100.00 100.00 -1000 4.25 3.74 0.79 -1000 24.25 0.83 610.500
car -1 -1 0.00 0.00 0.00 100.00 100.00 -1000 5.15 6.85 0.02 -1000 25.58 0.60 605.729
car -1 -1 0.00 0.00 0.00 100.00 100.00 -1000 1.81 5.40 4.66 -1000 38.60 1.61 602.150
car -1 -1 0.00 0.00 0.00 100.00 100.00 -1000 1.79 7.63 -0.95 -1000 39.38 1.28 586.423
car -1 -1 0.00 0.00 0.00 100.00 100.00 -1000 11.45 293.91 -8.32 -1000 18.99 0.50 582.854
car -1 -1 0.00 0.00 0.00 100.00 100.00 -1000 1.91 5.98 7.04 -1000 42.15 1.51 573.311
car -1 -1 0.00 0.00 0.00 100.00 100.00 -1000 1.83 5.21 8.52 -1000 31.67 1.43 572.337
car -1 -1 0.00 0.00 0.00 100.00 100.00 -1000 3.93 27.80 4.39 -1000 25.58 1.03 564.896
car -1 -1 0.00 0.00 0.00 100.00 100.00 -1000 1.96 3.85 -0.82 -1000 41.73 0.84 563.968
car -1 -1 0.00 0.00 0.00 100.00 100.00 -1000 2.03 6.96 4.27 -1000 39.37 1.60 563.350
car -1 -1 0.00 0.00 0.00 100.00 100.00 -1000 2.96 11.68 -9.41 -1000 16.81 0.85 558.546
car -1 -1 0.00 0.00 0.00 100.00 100.00 -1000 1.70 4.35 6.29 -1000 36.99 1.55 557.663
car -1 -1 0.00 0.00 0.00 100.00 100.00 -1000 4.95 6.03 2.47 -1000 24.20 0.85 556.958
car -1 -1 0.00 0.00 0.00 100.00 100.00 -1000 3.22 11.39 3.50 -1000 26.13 0.89 545.512
car -1 -1 0.00 0.00 0.00 100.00 100.00 -1000 1.85 5.13 -6.42 -1000 32.94 1.65 545.447
car -1 -1 0.00 0.00 0.00 100.00 100.00 -1000 1.93 6.09 -1.83 -1000 19.86 1.33 540.480
car -1 -1 0.00 0.00 0.00 100.00 100.00 -1000 15.06 637.27 0.98 -1000 25.34 0.27 532.262
car -1 -1 0.00 0.00 0.00 100.00 100.00 -1000 7.00 100.22 -8.11 -1000 20.54 0.69 530.146
car -1 -1 0.00 0.00 0.00 100.00 100.00 -1000 2.23 9.72 -6.77 -1000 38.19 1.33 526.475
car -1 -1 0.00 0.00 0.00 100.00 100.00 -1000 2.04 6.65 1.90 -1000 39.66 1.58 518.678
car -1 -1 0.00 0.00 0.00 100.00 100.00 -1000 1.95 6.35 5.64 -1000 36.21 1.51 502.938
car -1 -1 0.00 0.00 0.00 100.00 100.00 -1000 5.63 34.86 9.75 -1000 7.72 -0.12 501.314
car -1 -1 0.00 0.00 0.00 100.00 100.00 -1000 1.76 4.08 0.49 -1000 32.37 -0.13 498.595
car -1 -1 0.00 0.00 0.00 100.00 100.00 -1000 2.75 7.34 -3.31 -1000 32.47 -0.10 495.022
car -1 -1 0.00 0.00 0.00 100.00 100.00 -1000 2.11 9.52 -4.58 -1000 38.92 1.18 492.805
car -1 -1 0.00 0.00 0.00 100.00 100.00 -1000 1.75 4.53 10.73 -1000 42.91 1.68 490.375
car -1 -1 0.00 0.00 0.00 100.00 100.00 -1000 3.16 5.75 -11.67 -1000 19.19 1.12 480.946
car -1 -1 0.00 0.00 0.00 100.00 100.00 -1000 1.89 7.43 -15.85 -1000 25.38 1.56 468.317
car -1 -1 0.00 0.00 0.00 100.00 100.00 -1000 1.95 6.58 12.96 -1000 44.70 1.56 466.103
car -1 -1 0.00 0.00 0.00 100.00 100.00 -1000 1.96 6.67 -16.66 -1000 40.86 1.51 457.461
car -1 -1 0.00 0.00 0.00 100.00 100.00 -1000 2.32 10.25 -6.39 -1000 20.56 1.24 457.097
car -1 -1 0.00 0.00 0.00 100.00 100.00 -1000 8.86 40.89 -4.59 -1000 18.10 0.76 452.582
car -1 -1 0.00 0.00 0.00 100.00 100.00 -1000 10.66 342.80 10.31 -1000 2.81 0.27 451.231
car -1 -1 0.00 0.00 0.00 100.00 100.00 -1000 2.03 7.05 2.38 -1000 34.74 1.58 450.963
car -1 -1 0.00 0.00 0.00 100.00 100.00 -1000 1.71 4.29 10.19 -1000 42.12 1.67 443.899
car -1 -1 0.00 0.00 0.00 100.00 100.00 -1000 2.00 7.32 12.21 -1000 35.26 1.54 443.536
car -1 -1 0.00 0.00 0.00 100.00 100.00 -1000 1.89 4.52 2.05 -1000 36.24 -0.19 442.349
car -1 -1 0.00 0.00 0.00 100.00 100.00 -1000 1.75 5.48 10.53 -1000 43.85 1.57 440.600
car -1 -1 0.00 0.00 0.00 100.00 100.00 -1000 4.47 27.88 -3.73 -1000 42.73 0.27 440.141
car -1 -1 0.00 0.00 0.00 100.00 100.00 -1000 1.82 5.36 10.18 -1000 24.42 1.59 433.888
car -1 -1 0.00 0.00 0.00 100.00 100.00 -1000 2.74 5.96 3.81 -1000 25.62 1.12 426.602
car -1 -1 0.00 0.00 0.00 100.00 100.00 -1000 1.71 5.04 12.24 -1000 23.53 1.60 424.826
car -1 -1 0.00 0.00 0.00 100.00 100.00 -1000 4.67 6.57 -9.44 -1000 19.22 0.75 417.735
car -1 -1 0.00 0.00 0.00 100.00 100.00 -1000 1.78 5.20 7.31 -1000 37.81 1.45 415.328
car -1 -1 0.00 0.00 0.00 100.00 100.00 -1000 2.14 6.08 -6.81 -1000 19.97 1.05 408.806
car -1 -1 0.00 0.00 0.00 100.00 100.00 -1000 1.91 6.62 13.29 -1000 30.68 1.51 405.872
car -1 -1 0.00 0.00 0.00 100.00 100.00 -1000 3.33 13.94 0.40 -1000 29.76 0.80 398.812
car -1 -1 0.00 0.00 0.00 100.00 100.00 -1000 4.09 16.12 -12.27 -1000 18.81 0.58 395.639
car -1 -1 0.00 0.00 0.00 100.00 100.00 -1000 2.13 8.08 11.81 -1000 45.49 1.56 390.228
car -1 -1 0.00 0.00 0.00 100.00 100.00 -1000 2.20 7.95 -9.23 -1000 14.68 1.24 388.033
car -1 -1 0.00 0.00 0.00 100.00 100.00 -1000 1.97 7.24 11.93 -1000 33.69 1.54 387.018
car -1 -1 0.00 0.00 0.00 100.00 100.00 -1000 11.00 55.33 -1.66 -1000 41.94 0.35 381.607
car -1 -1 0.00 0.00 0.00 100.00 100.00 -1000 1.63 4.89 -7.43 -1000 15.35 1.39 377.845
car -1 -1 0.00 0.00 0.00 100.00 100.00 -1000 1.82 5.12 10.01 -1000 32.06 1.54 376.388
car -1 -1 0.00 0.00 0.00 100.00 100.00 -1000 2.30 9.07 -17.54 -1000 42.17 1.42 375.391
car -1 -1 0.00 0.00 0.00 100.00 100.00 -1000 2.03 7.79 12.80 -1000 31.83 1.58 368.956
car -1 -1 0.00 0.00 0.00 100.00 100.00 -1000 3.82 7.27 -8.63 -1000 20.60 0.90 360.627
car -1 -1 0.00 0.00 0.00 100.00 100.00 -1000 1.67 4.22 9.49 -1000 19.68 -0.23 360.329
car -1 -1 0.00 0.00 0.00 100.00 100.00 -1000 12.63 16.90 3.36 -1000 24.80 0.26 357.585
car -1 -1 0.00 0.00 0.00 100.00 100.00 -1000 9.48 275.47 11.78 -1000 6.04 0.30 357.254
car -1 -1 0.00 0.00 0.00 100.00 100.00 -1000 2.19 8.53 -5.54 -1000 22.83 1.28 353.946
car -1 -1 0.00 0.00 0.00 100.00 100.00 -1000 3.41 4.98 -9.47 -1000 17.73 0.90 347.929
car -1 -1 0.00 0.00 0.00 100.00 100.00 -1000 2.07 6.06 7.89 -1000 32.51 1.44 343.063
car -1 -1 0.00 0.00 0.00 100.00 100.00 -1000 1.82 5.06 9.95 -1000 41.16 1.54 326.740
car -1 -1 0.00 0.00 0.00 100.00 100.00 -1000 7.88 183.67 11.91 -1000 2.85 0.46 325.758
car -1 -1 0.00 0.00 0.00 100.00 100.00 -1000 2.40 11.43 4.44 -1000 42.06 1.36 325.542
car -1 -1 0.00 0.00 0.00 100.00 100.00 -1000 7.78 14.46 -0.80 -1000 25.06 0.43 323.695
car -1 -1 0.00 0.00 0.00 100.00 100.00 -1000 1.95 6.55 4.04 -1000 34.12 1.61 320.756
car -1 -1 0.00 0.00 0.00 100.00 100.00 -1000 1.99 6.46 7.92 -1000 42.95 1.44 311.394
car -1 -1 0.00 0.00 0.00 100.00 100.00 -1000 1.84 9.21 -5.34 -1000 23.84 1.17 309.575
car -1 -1 0.00 0.00 0.00 100.00 100.00 -1000 1.66 3.93 3.71 -1000 33.03 -0.61 306.662
car -1 -1 0.00 0.00 0.00 100.00 100.00 -1000 1.79 4.76 -1.72 -1000 32.64 1.66 303.157
car -1 -1 0.00 0.00 0.00 100.00 100.00 -1000 2.17 8.62 12.76 -1000 36.44 1.50 301.070
car -1 -1 0.00 0.00 0.00 100.00 100.00 -1000 1.80 5.25 -19.11 -1000 30.44 1.48 284.214
car -1 -1 0.00 0.00 0.00 100.00 100.00 -1000 4.50 7.28 10.90 -1000 4.59 0.55 282.108
car -1 -1 0.00 0.00 0.00 100.00 100.00 -1000 1.83 5.99 12.62 -1000 43.53 1.57 281.777
car -1 -1 0.00 0.00 0.00 100.00 100.00 -1000 7.65 176.55 13.41 -1000 7.69 0.42 280.732
car -1 -1 0.00 0.00 0.00 100.00 100.00 -1000 4.44 6.83 9.38 -1000 3.00 0.56 279.327
car -1 -1 0.00 0.00 0.00 100.00 100.00 -1000 1.73 5.65 -8.31 -1000 13.70 1.39 276.936
car -1 -1 0.00 0.00 0.00 100.00 100.00 -1000 1.68 4.83 -2.63 -1000 17.63 1.50 270.932
car -1 -1 0.00 0.00 0.00 100.00 100.00 -1000 3.95 22.74 11.96 -1000 5.63 0.33 270.816
car -1 -1 0.00 0.00 0.00 100.00 100.00 -1000 1.85 6.02 8.27 -1000 20.82 1.50 266.709
car -1 -1 0.00 0.00 0.00 100.00 100.00 -1000 1.88 5.48 7.39 -1000 40.40 1.62 265.788
car -1 -1 0.00 0.00 0.00 100.00 100.00 -1000 2.18 8.03 -8.63 -1000 34.70 1.20 263.934
car -1 -1 0.00 0.00 0.00 100.00 100.00 -1000 1.72 5.56 13.57 -1000 29.80 1.54 261.675
car -1 -1 0.00 0.00 0.00 100.00 100.00 -1000 1.93 5.77 11.03 -1000 31.30 1.52 258.372
car -1 -1 0.00 0.00 0.00 100.00 100.00 -1000 3.38 7.51 -3.14 -1000 41.70 0.83 249.829
car -1 -1 0.00 0.00 0.00 100.00 100.00 -1000 1.87 16.24 -0.92 -1000 25.75 0.10 247.392
car -1 -1 0.00 0.00 0.00 100.00 100.00 -1000 1.80 5.42 11.78 -1000 41.82 1.52 245.507
car -1 -1 0.00 0.00 0.00 100.00 100.00 -1000 1.91 6.35 0.14 -1000 42.34 1.15 242.659
car -1 -1 0.00 0.00 0.00 100.00 100.00 -1000 3.77 22.58 13.48 -1000 8.80 0.39 240.863
car -1 -1 0.00 0.00 0.00 100.00 100.00 -1000 2.23 8.82 6.77 -1000 45.06 1.35 240.478
car -1 -1 0.00 0.00 0.00 100.00 100.00 -1000 1.96 7.49 10.96 -1000 34.56 1.43 240.161
car -1 -1 0.00 0.00 0.00 100.00 100.00 -1000 1.98 5.97 6.31 -1000 30.83 1.51 240.074
car -1 -1 0.00 0.00 0.00 100.00 100.00 -1000 2.08 8.45 -2.31 -1000 18.21 1.43 237.464
car -1 -1 0.00 0.00 0.00 100.00 100.00 -1000 3.20 6.42 -11.88 -1000 17.61 1.15 237.158
car -1 -1 0.00 0.00 0.00 100.00 100.00 -1000 2.21 8.51 -16.82 -1000 43.15 1.40 236.368
car -1 -1 0.00 0.00 0.00 100.00 100.00 -1000 2.03 6.22 9.54 -1000 37.75 1.50 235.692
car -1 -1 0.00 0.00 0.00 100.00 100.00 -1000 4.37 23.11 8.36 -1000 2.82 0.19 235.211
car -1 -1 0.00 0.00 0.00 100.00 100.00 -1000 1.97 8.53 13.79 -1000 25.75 1.60 223.657
car -1 -1 0.00 0.00 0.00 100.00 100.00 -1000 4.20 7.43 0.26 -1000 22.50 1.06 223.343
car -1 -1 0.00 0.00 0.00 100.00 100.00 -1000 2.10 23.15 1.24 -1000 29.07 0.01 223.300
car -1 -1 0.00 0.00 0.00 100.00 100.00 -1000 1.63 4.57 -7.31 -1000 47.28 1.52 222.493
car -1 -1 0.00 0.00 0.00 100.00 100.00 -1000 2.50 5.43 0.70 -1000 19.28 1.06 222.061
car -1 -1 0.00 0.00 0.00 100.00 100.00 -1000 2.52 18.88 -7.64 -1000 20.99 0.24 219.212
car -1 -1 0.00 0.00 0.00 100.00 100.00 -1000 1.91 5.58 8.28 -1000 37.06 1.45 216.014
car -1 -1 0.00 0.00 0.00 100.00 100.00 -1000 1.89 6.44 8.63 -1000 44.12 1.39 215.490
car -1 -1 0.00 0.00 0.00 100.00 100.00 -1000 2.00 9.20 -17.77 -1000 27.02 1.43 215.224
car -1 -1 0.00 0.00 0.00 100.00 100.00 -1000 2.27 6.11 -11.56 -1000 20.82 1.16 214.561
car -1 -1 0.00 0.00 0.00 100.00 100.00 -1000 2.02 6.64 -16.63 -1000 39.43 1.56 214.028
car -1 -1 0.00 0.00 0.00 100.00 100.00 -1000 1.87 5.59 -17.08 -1000 31.12 1.55 214.009
car -1 -1 0.00 0.00 0.00 100.00 100.00 -1000 3.58 21.40 13.56 -1000 10.36 0.43 203.292
car -1 -1 0.00 0.00 0.00 100.00 100.00 -1000 1.61 4.58 -3.03 -1000 32.23 1.44 201.854
car -1 -1 0.00 0.00 0.00 100.00 100.00 -1000 3.76 4.69 2.42 -1000 22.60 0.84 201.052
car -1 -1 0.00 0.00 0.00 100.00 100.00 -1000 1.85 8.31 13.90 -1000 32.72 1.51 199.457
car -1 -1 0.00 0.00 0.00 100.00 100.00 -1000 1.99 9.06 -16.95 -1000 36.91 1.39 198.222
car -1 -1 0.00 0.00 0.00 100.00 100.00 -1000 3.78 7.64 12.51 -1000 6.21 0.67 195.679
car -1 -1 0.00 0.00 0.00 100.00 100.00 -1000 1.94 8.47 -17.27 -1000 26.12 1.46 195.507
car -1 -1 0.00 0.00 0.00 100.00 100.00 -1000 5.60 91.78 13.42 -1000 4.50 0.62 193.322
car -1 -1 0.00 0.00 0.00 100.00 100.00 -1000 3.07 14.18 -4.82 -1000 42.43 0.66 184.310
car -1 -1 0.00 0.00 0.00 100.00 100.00 -1000 2.19 8.67 12.45 -1000 37.44 1.47 183.610
car -1 -1 0.00 0.00 0.00 100.00 100.00 -1000 1.92 7.79 -15.42 -1000 34.43 1.45 183.214
car -1 -1 0.00 0.00 0.00 100.00 100.00 -1000 2.12 8.51 4.83 -1000 35.30 1.50 182.735
car -1 -1 0.00 0.00 0.00 100.00 100.00 -1000 1.89 4.29 3.22 -1000 26.56 1.08 177.732
car -1 -1 0.00 0.00 0.00 100.00 100.00 -1000 1.98 7.43 2.43 -1000 44.78 1.26 176.110
car -1 -1 0.00 0.00 0.00 100.00 100.00 -1000 1.92 9.81 0.36 -1000 20.64 1.17 175.832
car -1 -1 0.00 0.00 0.00 100.00 100.00 -1000 12.57 19.24 -8.11 -1000 20.01 0.23 175.565
car -1 -1 0.00 0.00 0.00 100.00 100.00 -1000 3.18 13.23 -0.25 -1000 43.94 0.81 175.307
car -1 -1 0.00 0.00 0.00 100.00 100.00 -1000 2.21 9.73 10.60 -1000 46.36 1.38 175.048
car -1 -1 0.00 0.00 0.00 100.00 100.00 -1000 1.67 3.85 0.23 -1000 20.41 1.06 173.704
car -1 -1 0.00 0.00 0.00 100.00 100.00 -1000 3.54 17.77 -1.21 -1000 21.90 0.70 173.042
car -1 -1 0.00 0.00 0.00 100.00 100.00 -1000 2.01 6.73 -19.38 -1000 40.10 1.47 172.624
car -1 -1 0.00 0.00 0.00 100.00 100.00 -1000 1.78 5.92 13.06 -1000 42.68 1.54 170.733
car -1 -1 0.00 0.00 0.00 100.00 100.00 -1000 1.92 6.40 4.55 -1000 32.38 1.51 169.814
car -1 -1 0.00 0.00 0.00 100.00 100.00 -1000 5.14 80.61 14.83 -1000 7.74 0.66 165.560
car -1 -1 0.00 0.00 0.00 100.00 100.00 -1000 1.94 6.93 14.19 -1000 45.88 1.53 163.794
car -1 -1 0.00 0.00 0.00 100.00 100.00 -1000 1.88 11.61 -10.24 -1000 19.42 0.50 161.120
car -1 -1 0.00 0.00 0.00 100.00 100.00 -1000 2.03 7.60 6.00 -1000 33.29 1.43 160.278
car -1 -1 0.00 0.00 0.00 100.00 100.00 -1000 1.98 7.39 -5.34 -1000 21.31 1.35 158.299
car -1 -1 0.00 0.00 0.00 100.00 100.00 -1000 3.69 7.12 -2.35 -1000 24.07 1.12 157.776
car -1 -1 0.00 0.00 0.00 100.00 100.00 -1000 2.02 7.70 8.89 -1000 23.27 1.41 157.634
car -1 -1 0.00 0.00 0.00 100.00 100.00 -1000 1.89 7.76 -16.92 -1000 27.90 1.46 157.493
car -1 -1 0.00 0.00 0.00 100.00 100.00 -1000 1.82 5.26 12.23 -1000 22.29 -0.07 157.155
car -1 -1 0.00 0.00 0.00 100.00 100.00 -1000 6.41 101.52 2.70 -1000 27.12 0.76 157.066
car -1 -1 0.00 0.00 0.00 100.00 100.00 -1000 1.71 8.23 -8.10 -1000 17.70 0.69 155.810
car -1 -1 0.00 0.00 0.00 100.00 100.00 -1000 1.81 6.98 13.95 -1000 34.39 1.50 152.618
car -1 -1 0.00 0.00 0.00 100.00 100.00 -1000 3.71 7.68 12.37 -1000 7.85 0.65 152.300
car -1 -1 0.00 0.00 0.00 100.00 100.00 -1000 1.92 7.58 -8.60 -1000 12.86 1.41 151.209
car -1 -1 0.00 0.00 0.00 100.00 100.00 -1000 30.25 161.64 0.48 -1000 26.09 -0.18 150.999
car -1 -1 0.00 0.00 0.00 100.00 100.00 -1000 1.79 5.63 5.10 -1000 29.30 1.38 149.881
car -1 -1 0.00 0.00 0.00 100.00 100.00 -1000 3.03 5.17 1.30 -1000 20.87 1.01 148.885
car -1 -1 0.00 0.00 0.00 100.00 100.00 -1000 1.87 9.15 -17.35 -1000 29.38 1.38 148.267
car -1 -1 0.00 0.00 0.00 100.00 100.00 -1000 1.70 7.12 -15.71 -1000 24.06 1.61 148.031
car -1 -1 0.00 0.00 0.00 100.00 100.00 -1000 1.81 6.89 10.25 -1000 44.67 1.49 145.859
car -1 -1 0.00 0.00 0.00 100.00 100.00 -1000 2.03 8.91 13.25 -1000 38.41 1.39 145.734
car -1 -1 0.00 0.00 0.00 100.00 100.00 -1000 1.52 4.40 -1.64 -1000 16.13 1.44 144.674
car -1 -1 0.00 0.00 0.00 100.00 100.00 -1000 2.76 19.09 -7.37 -1000 24.77 0.79 143.361
car -1 -1 0.00 0.00 0.00 100.00 100.00 -1000 1.52 6.66 -0.46 -1000 40.85 0.92 143.011
car -1 -1 0.00 0.00 0.00 100.00 100.00 -1000 1.94 6.27 8.47 -1000 30.69 1.46 142.807
car -1 -1 0.00 0.00 0.00 100.00 100.00 -1000 1.82 7.07 -17.71 -1000 22.43 1.47 142.320
car -1 -1 0.00 0.00 0.00 100.00 100.00 -1000 1.65 7.63 4.20 -1000 13.60 1.43 141.923
car -1 -1 0.00 0.00 0.00 100.00 100.00 -1000 1.65 4.88 -7.51 -1000 46.36 -0.02 141.635
car -1 -1 0.00 0.00 0.00 100.00 100.00 -1000 2.01 2.93 1.46 -1000 26.56 0.64 141.551
car -1 -1 0.00 0.00 0.00 100.00 100.00 -1000 3.10 17.99 13.77 -1000 6.96 0.59 140.663
car -1 -1 0.00 0.00 0.00 100.00 100.00 -1000 1.69 6.60 13.42 -1000 24.19 1.53 137.773
car -1 -1 0.00 0.00 0.00 100.00 100.00 -1000 1.95 5.15 -1.63 -1000 43.21 0.77 136.886
car -1 -1 0.00 0.00 0.00 100.00 100.00 -1000 1.83 6.29 -14.55 -1000 32.90 1.46 136.845
car -1 -1 0.00 0.00 0.00 100.00 100.00 -1000 1.84 6.00 -8.39 -1000 33.22 1.29 133.798
car -1 -1 0.00 0.00 0.00 100.00 100.00 -1000 2.63 6.58 0.26 -1000 28.98 1.23 133.361
car -1 -1 0.00 0.00 0.00 100.00 100.00 -1000 1.76 8.47 -15.69 -1000 28.63 1.43 133.052
car -1 -1 0.00 0.00 0.00 100.00 100.00 -1000 1.65 5.80 -5.43 -1000 22.06 1.35 132.557
car -1 -1 0.00 0.00 0.00 100.00 100.00 -1000 1.72 2.11 -0.56 -1000 26.97 0.61 131.723
car -1 -1 0.00 0.00 0.00 100.00 100.00 -1000 1.97 7.70 13.65 -1000 26.74 1.56 130.605
car -1 -1 0.00 0.00 0.00 100.00 100.00 -1000 1.95 9.08 -15.65 -1000 35.27 1.42 129.896
car -1 -1 0.00 0.00 0.00 100.00 100.00 -1000 1.91 6.38 -16.83 -1000 32.09 1.46 128.426
car -1 -1 0.00 0.00 0.00 100.00 100.00 -1000 4.50 57.66 0.46 -1000 20.72 1.07 128.241
car -1 -1 0.00 0.00 0.00 100.00 100.00 -1000 1.88 21.01 -0.79 -1000 27.51 -0.26 128.067
car -1 -1 0.00 0.00 0.00 100.00 100.00 -1000 1.74 5.37 -7.80 -1000 32.41 0.04 127.101
car -1 -1 0.00 0.00 0.00 100.00 100.00 -1000 1.87 7.19 14.91 -1000 36.84 1.49 126.881
car -1 -1 0.00 0.00 0.00 100.00 100.00 -1000 1.71 3.81 -1.78 -1000 29.79 0.51 126.530
car -1 -1 0.00 0.00 0.00 100.00 100.00 -1000 2.26 10.95 -2.33 -1000 16.92 1.32 126.529
car -1 -1 0.00 0.00 0.00 100.00 100.00 -1000 1.93 10.82 -12.55 -1000 42.73 1.29 123.811
car -1 -1 0.00 0.00 0.00 100.00 100.00 -1000 1.82 4.98 1.31 -1000 31.69 1.54 121.779
car -1 -1 0.00 0.00 0.00 100.00 100.00 -1000 5.70 78.23 4.69 -1000 22.26 0.81 121.443
car -1 -1 0.00 0.00 0.00 100.00 100.00 -1000 2.21 7.97 -17.34 -1000 38.33 1.41 120.194
car -1 -1 0.00 0.00 0.00 100.00 100.00 -1000 1.88 8.15 11.04 -1000 25.47 1.37 120.140
car -1 -1 0.00 0.00 0.00 100.00 100.00 -1000 4.32 8.91 -4.11 -1000 27.37 0.83 119.817
car -1 -1 0.00 0.00 0.00 100.00 100.00 -1000 1.86 12.64 1.94 -1000 24.41 0.19 119.613
car -1 -1 0.00 0.00 0.00 100.00 100.00 -1000 1.85 6.75 14.77 -1000 35.93 1.53 118.365
car -1 -1 0.00 0.00 0.00 100.00 100.00 -1000 1.69 7.19 13.83 -1000 28.95 1.55 118.036
car -1 -1 0.00 0.00 0.00 100.00 100.00 -1000 2.23 9.25 7.10 -1000 39.53 1.48 115.478
car -1 -1 0.00 0.00 0.00 100.00 100.00 -1000 1.93 5.05 -7.99 -1000 21.61 1.04 114.713
car -1 -1 0.00 0.00 0.00 100.00 100.00 -1000 1.86 8.43 -14.14 -1000 33.68 1.44 114.122
car -1 -1 0.00 0.00 0.00 100.00 100.00 -1000 1.81 6.33 3.39 -1000 43.48 1.44 113.870
car -1 -1 0.00 0.00 0.00 100.00 100.00 -1000 2.27 8.26 9.27 -1000 33.45 1.40 113.507
car -1 -1 0.00 0.00 0.00 100.00 100.00 -1000 2.52 12.78 6.45 -1000 20.87 1.29 112.888
car -1 -1 0.00 0.00 0.00 100.00 100.00 -1000 2.83 15.24 12.56 -1000 3.64 0.69 111.568
car -1 -1 0.00 0.00 0.00 100.00 100.00 -1000 2.10 8.72 7.55 -1000 38.57 1.37 111.545
car -1 -1 0.00 0.00 0.00 100.00 100.00 -1000 2.25 8.53 -19.20 -1000 41.51 1.37 108.684
car -1 -1 0.00 0.00 0.00 100.00 100.00 -1000 5.47 106.41 8.70 -1000 1.31 0.70 108.531
car -1 -1 0.00 0.00 0.00 100.00 100.00 -1000 1.79 3.30 -1.05 -1000 28.49 0.31 107.590
car -1 -1 0.00 0.00 0.00 100.00 100.00 -1000 2.86 15.66 -16.63 -1000 6.86 0.63 105.934
car -1 -1 0.00 0.00 0.00 100.00 100.00 -1000 2.03 7.32 10.62 -1000 32.69 1.41 102.306
car -1 -1 0.00 0.00 0.00 100.00 100.00 -1000 1.65 5.31 -8.74 -1000 40.62 0.01 101.313
car -1 -1 0.00 0.00 0.00 100.00 100.00 -1000 1.96 4.41 -9.08 -1000 22.30 0.78 100.812
car -1 -1 0.00 0.00 0.00 100.00 100.00 -1000 1.90 10.37 -12.41 -1000 44.06 1.24 100.472
car -1 -1 0.00 0.00 0.00 100.00 100.00 -1000 1.90 7.05 -13.42 -1000 41.77 1.40 99.825
car -1 -1 0.00 0.00 0.00 100.00 100.00 -1000 3.83 45.59 14.84 -1000 6.17 0.80 99.450
car -1 -1 0.00 0.00 0.00 100.00 100.00 -1000 3.04 20.38 -10.59 -1000 22.96 0.68 99.073
car -1 -1 0.00 0.00 0.00 100.00 100.00 -1000 2.06 8.47 13.52 -1000 47.04 1.38 99.001
car -1 -1 0.00 0.00 0.00 100.00 100.00 -1000 1.85 5.18 14.80 -1000 43.88 -0.24 98.563
car -1 -1 0.00 0.00 0.00 100.00 100.00 -1000 2.19 6.97 -18.25 -1000 35.04 1.19 98.237
car -1 -1 0.00 0.00 0.00 100.00 100.00 -1000 1.87 8.16 -17.41 -1000 21.58 1.40 97.383
car -1 -1 0.00 0.00 0.00 100.00 100.00 -1000 2.06 8.45 6.31 -1000 21.63 1.40 97.280
car -1 -1 0.00 0.00 0.00 100.00 100.00 -1000 1.88 4.74 -2.85 -1000 15.39 -0.88 96.631
car -1 -1 0.00 0.00 0.00 100.00 100.00 -1000 1.68 6.25 -10.28 -1000 33.89 1.29 96.404
car -1 -1 0.00 0.00 0.00 100.00 100.00 -1000 1.81 5.71 7.81 -1000 19.42 1.64 95.662
car -1 -1 0.00 0.00 0.00 100.00 100.00 -1000 1.88 6.50 -17.27 -1000 23.27 1.50 95.646
car -1 -1 0.00 0.00 0.00 100.00 100.00 -1000 1.80 7.95 10.70 -1000 19.09 1.54 95.291
car -1 -1 0.00 0.00 0.00 100.00 100.00 -1000 2.77 15.43 -16.60 -1000 8.43 0.67 95.269
car -1 -1 0.00 0.00 0.00 100.00 100.00 -1000 1.65 3.86 11.06 -1000 30.65 -0.21 94.696
car -1 -1 0.00 0.00 0.00 100.00 100.00 -1000 3.33 7.46 9.41 -1000 1.42 0.83 94.609
car -1 -1 0.00 0.00 0.00 100.00 100.00 -1000 2.88 7.96 14.03 -1000 9.47 0.83 93.864
