car -1 -1 0.00 0.00 0.00 100.00 100.00 -1000 1.49 3.52 -4.46 -1000 12.01 1.57 999.716
car -1 -1 0.00 0.00 0.00 100.00 100.00 -1000 1.02 10.14 -6.57 -1000 14.65 0.51 994.733
car -1 -1 0.00 0.00 0.00 100.00 100.00 -1000 1.54 3.53 0.25 -1000 29.87 1.62 994.058
car -1 -1 0.00 0.00 0.00 100.00 100.00 -1000 1.65 4.36 -2.54 -1000 14.30 1.54 993.417
car -1 -1 0.00 0.00 0.00 100.00 100.00 -1000 1.55 3.38 7.83 -1000 14.46 1.58 990.752
car -1 -1 0.00 0.00 0.00 100.00 100.00 -1000 1.68 4.46 -4.91 -1000 12.90 1.55 987.586
car -1 -1 0.00 0.00 0.00 100.00 100.00 -1000 3.00 12.59 -5.12 -1000 14.71 1.18 987.188
car -1 -1 0.00 0.00 0.00 100.00 100.00 -1000 1.59 3.69 6.19 -1000 7.76 1.64 985.079
car -1 -1 0.00 0.00 0.00 100.00 100.00 -1000 1.57 3.96 -3.38 -1000 12.62 1.62 978.102
car -1 -1 0.00 0.00 0.00 100.00 100.00 -1000 1.67 4.27 8.06 -1000 13.74 -0.38 978.087
car -1 -1 0.00 0.00 0.00 100.00 100.00 -1000 1.52 3.35 2.96 -1000 29.16 1.62 975.407
car -1 -1 0.00 0.00 0.00 100.00 100.00 -1000 2.13 6.47 -5.22 -1000 16.04 1.42 972.171
car -1 -1 0.00 0.00 0.00 100.00 100.00 -1000 1.50 3.37 1.92 -1000 29.56 1.59 971.511
car -1 -1 0.00 0.00 0.00 100.00 100.00 -1000 2.30 8.14 0.08 -1000 30.29 1.37 956.291
car -1 -1 0.00 0.00 0.00 100.00 100.00 -1000 1.75 5.01 -1.17 -1000 14.73 1.74 946.327
car -1 -1 0.00 0.00 0.00 100.00 100.00 -1000 1.87 5.83 -2.75 -1000 15.11 1.42 945.222
car -1 -1 0.00 0.00 0.00 100.00 100.00 -1000 1.59 4.02 0.54 -1000 29.12 -0.01 943.918
car -1 -1 0.00 0.00 0.00 100.00 100.00 -1000 1.64 3.95 5.65 -1000 6.80 -0.21 938.359
car -1 -1 0.00 0.00 0.00 100.00 100.00 -1000 1.65 3.98 -2.19 -1000 19.31 1.56 934.037
car -1 -1 0.00 0.00 0.00 100.00 100.00 -1000 1.59 3.63 1.42 -1000 15.42 -0.11 930.399
car -1 -1 0.00 0.00 0.00 100.00 100.00 -1000 2.37 8.70 -5.39 -1000 13.90 1.33 914.290
car -1 -1 0.00 0.00 0.00 100.00 100.00 -1000 2.48 5.92 -3.59 -1000 20.65 1.21 914.251
car -1 -1 0.00 0.00 0.00 100.00 100.00 -1000 3.95 33.63 -4.00 -1000 20.57 0.93 909.178
car -1 -1 0.00 0.00 0.00 100.00 100.00 -1000 1.53 3.41 12.50 -1000 36.30 1.59 906.766
car -1 -1 0.00 0.00 0.00 100.00 100.00 -1000 1.80 4.58 -0.17 -1000 15.64 1.46 903.204
car -1 -1 0.00 0.00 0.00 100.00 100.00 -1000 3.38 14.58 -5.14 -1000 21.29 0.76 899.958
car -1 -1 0.00 0.00 0.00 100.00 100.00 -1000 1.95 6.07 -2.27 -1000 16.27 1.40 899.802
car -1 -1 0.00 0.00 0.00 100.00 100.00 -1000 1.47 3.34 -5.41 -1000 11.51 1.55 899.444
car -1 -1 0.00 0.00 0.00 100.00 100.00 -1000 1.70 4.26 6.31 -1000 13.19 1.56 890.061
car -1 -1 0.00 0.00 0.00 100.00 100.00 -1000 7.64 122.13 -3.60 -1000 22.12 0.57 888.606
car -1 -1 0.00 0.00 0.00 100.00 100.00 -1000 1.70 4.81 -3.51 -1000 13.68 1.52 886.342
car -1 -1 0.00 0.00 0.00 100.00 100.00 -1000 1.64 3.97 -4.08 -1000 17.00 1.53 885.686
car -1 -1 0.00 0.00 0.00 100.00 100.00 -1000 6.17 63.36 -2.56 -1000 22.18 0.83 885.330
car -1 -1 0.00 0.00 0.00 100.00 100.00 -1000 1.59 3.74 9.22 -1000 14.23 1.74 883.292
car -1 -1 0.00 0.00 0.00 100.00 100.00 -1000 5.20 25.10 -5.41 -1000 23.34 0.30 879.720
car -1 -1 0.00 0.00 0.00 100.00 100.00 -1000 1.57 3.77 -2.30 -1000 17.62 1.57 879.067
car -1 -1 0.00 0.00 0.00 100.00 100.00 -1000 1.63 3.99 0.88 -1000 16.12 1.47 878.910
car -1 -1 0.00 0.00 0.00 100.00 100.00 -1000 1.71 4.58 6.91 -1000 8.37 1.73 869.188
car -1 -1 0.00 0.00 0.00 100.00 100.00 -1000 1.57 3.86 2.55 -1000 16.18 1.46 850.476
car -1 -1 0.00 0.00 0.00 100.00 100.00 -1000 1.63 4.03 3.39 -1000 28.43 -0.26 847.989
car -1 -1 0.00 0.00 0.00 100.00 100.00 -1000 1.78 4.88 8.78 -1000 17.97 1.55 845.914
car -1 -1 0.00 0.00 0.00 100.00 100.00 -1000 1.62 4.19 8.69 -1000 15.06 1.55 841.697
car -1 -1 0.00 0.00 0.00 100.00 100.00 -1000 1.64 3.68 -15.69 -1000 21.50 1.49 841.122
car -1 -1 0.00 0.00 0.00 100.00 100.00 -1000 1.55 3.69 -4.03 -1000 11.16 1.58 833.603
car -1 -1 0.00 0.00 0.00 100.00 100.00 -1000 1.59 3.75 4.66 -1000 6.33 1.67 813.276
car -1 -1 0.00 0.00 0.00 100.00 100.00 -1000 1.65 3.79 4.81 -1000 18.48 1.54 811.210
car -1 -1 0.00 0.00 0.00 100.00 100.00 -1000 1.57 4.20 4.69 -1000 11.39 1.73 808.954
car -1 -1 0.00 0.00 0.00 100.00 100.00 -1000 3.18 9.74 -2.26 -1000 22.96 0.90 800.892
car -1 -1 0.00 0.00 0.00 100.00 100.00 -1000 4.19 35.39 -2.87 -1000 32.07 0.83 779.624
car -1 -1 0.00 0.00 0.00 100.00 100.00 -1000 4.69 44.12 -1.12 -1000 30.37 0.81 770.827
car -1 -1 0.00 0.00 0.00 100.00 100.00 -1000 1.71 4.23 7.06 -1000 12.51 -0.21 769.081
car -1 -1 0.00 0.00 0.00 100.00 100.00 -1000 2.36 7.20 -7.37 -1000 15.14 1.30 766.354
car -1 -1 0.00 0.00 0.00 100.00 100.00 -1000 2.80 5.37 -1.94 -1000 22.29 1.14 766.072
car -1 -1 0.00 0.00 0.00 100.00 100.00 -1000 2.19 7.48 12.49 -1000 36.74 1.36 764.573
car -1 -1 0.00 0.00 0.00 100.00 100.00 -1000 1.78 5.14 2.48 -1000 19.22 1.47 762.530
car -1 -1 0.00 0.00 0.00 100.00 100.00 -1000 1.60 4.02 10.10 -1000 18.33 1.54 755.365
car -1 -1 0.00 0.00 0.00 100.00 100.00 -1000 1.61 4.40 1.09 -1000 30.41 1.57 744.996
car -1 -1 0.00 0.00 0.00 100.00 100.00 -1000 1.77 4.34 -7.83 -1000 19.92 1.50 737.370
car -1 -1 0.00 0.00 0.00 100.00 100.00 -1000 1.63 3.96 -3.37 -1000 18.01 1.55 733.491
car -1 -1 0.00 0.00 0.00 100.00 100.00 -1000 1.67 3.89 3.17 -1000 18.50 1.56 730.938
car -1 -1 0.00 0.00 0.00 100.00 100.00 -1000 1.68 4.54 3.03 -1000 29.95 1.56 730.379
car -1 -1 0.00 0.00 0.00 100.00 100.00 -1000 1.62 3.86 8.76 -1000 12.99 -0.41 729.950
car -1 -1 0.00 0.00 0.00 100.00 100.00 -1000 1.98 5.20 -6.01 -1000 20.00 1.38 729.098
car -1 -1 0.00 0.00 0.00 100.00 100.00 -1000 1.81 4.82 -4.45 -1000 21.36 1.20 728.350
car -1 -1 0.00 0.00 0.00 100.00 100.00 -1000 1.89 5.78 0.23 -1000 19.82 1.46 728.048
car -1 -1 0.00 0.00 0.00 100.00 100.00 -1000 1.64 4.15 -0.98 -1000 12.59 1.53 720.745
car -1 -1 0.00 0.00 0.00 100.00 100.00 -1000 1.70 4.68 5.48 -1000 19.11 1.49 719.452
car -1 -1 0.00 0.00 0.00 100.00 100.00 -1000 2.31 7.55 12.57 -1000 35.61 1.40 690.602
car -1 -1 0.00 0.00 0.00 100.00 100.00 -1000 1.64 4.08 -2.06 -1000 18.41 1.52 683.515
car -1 -1 0.00 0.00 0.00 100.00 100.00 -1000 3.64 14.47 -2.66 -1000 31.28 0.62 679.130
car -1 -1 0.00 0.00 0.00 100.00 100.00 -1000 2.43 12.90 1.20 -1000 33.40 1.33 664.172
car -1 -1 0.00 0.00 0.00 100.00 100.00 -1000 3.28 14.39 -4.20 -1000 32.78 0.65 662.438
car -1 -1 0.00 0.00 0.00 100.00 100.00 -1000 2.87 16.25 0.22 -1000 23.73 1.14 639.511
car -1 -1 0.00 0.00 0.00 100.00 100.00 -1000 1.64 4.07 6.44 -1000 18.53 1.62 636.416
car -1 -1 0.00 0.00 0.00 100.00 100.00 -1000 1.69 4.29 14.83 -1000 19.12 1.52 616.792
car -1 -1 0.00 0.00 0.00 100.00 100.00 -1000 1.85 4.39 -11.99 -1000 15.27 1.40 616.530
car -1 -1 0.00 0.00 0.00 100.00 100.00 -1000 1.60 3.87 3.22 -1000 15.30 -0.01 601.386
car -1 -1 0.00 0.00 0.00 100.00 100.00 -1000 1.85 4.29 -18.50 -1000 26.63 1.41 599.063
car -1 -1 0.00 0.00 0.00 100.00 100.00 -1000 1.56 3.46 5.28 -1000 17.79 -0.12 594.449
car -1 -1 0.00 0.00 0.00 100.00 100.00 -1000 3.34 8.97 -1.47 -1000 32.09 0.87 592.791
car -1 -1 0.00 0.00 0.00 100.00 100.00 -1000 1.71 4.60 -3.57 -1000 18.87 1.52 575.438
car -1 -1 0.00 0.00 0.00 100.00 100.00 -1000 1.80 4.57 -6.89 -1000 19.35 1.50 574.846
car -1 -1 0.00 0.00 0.00 100.00 100.00 -1000 1.65 4.24 0.64 -1000 14.75 1.62 561.615
car -1 -1 0.00 0.00 0.00 100.00 100.00 -1000 1.73 4.49 -16.22 -1000 22.94 1.47 559.234
car -1 -1 0.00 0.00 0.00 100.00 100.00 -1000 1.78 5.11 -0.40 -1000 13.89 1.52 549.042
car -1 -1 0.00 0.00 0.00 100.00 100.00 -1000 1.72 4.53 -6.26 -1000 12.15 1.49 544.986
car -1 -1 0.00 0.00 0.00 100.00 100.00 -1000 1.70 4.24 10.42 -1000 13.72 1.70 535.163
car -1 -1 0.00 0.00 0.00 100.00 100.00 -1000 4.71 40.51 11.45 -1000 35.49 0.89 532.325
car -1 -1 0.00 0.00 0.00 100.00 100.00 -1000 2.02 6.44 8.71 -1000 17.18 1.49 529.247
car -1 -1 0.00 0.00 0.00 100.00 100.00 -1000 1.70 4.15 12.51 -1000 47.09 1.54 512.960
car -1 -1 0.00 0.00 0.00 100.00 100.00 -1000 1.81 4.93 7.00 -1000 15.54 1.49 512.326
car -1 -1 0.00 0.00 0.00 100.00 100.00 -1000 1.85 5.30 -0.18 -1000 16.60 1.51 498.790
car -1 -1 0.00 0.00 0.00 100.00 100.00 -1000 1.86 4.93 -1.17 -1000 29.50 1.38 498.646
car -1 -1 0.00 0.00 0.00 100.00 100.00 -1000 2.37 5.55 -4.79 -1000 24.06 0.60 495.973
car -1 -1 0.00 0.00 0.00 100.00 100.00 -1000 1.69 4.19 4.71 -1000 5.51 -0.14 495.828
car -1 -1 0.00 0.00 0.00 100.00 100.00 -1000 8.51 89.78 -8.16 -1000 3.72 -0.69 490.273
car -1 -1 0.00 0.00 0.00 100.00 100.00 -1000 1.81 3.52 -2.51 -1000 23.38 1.14 488.909
car -1 -1 0.00 0.00 0.00 100.00 100.00 -1000 1.77 5.01 -1.54 -1000 30.90 1.25 481.374
car -1 -1 0.00 0.00 0.00 100.00 100.00 -1000 2.08 9.85 4.40 -1000 31.82 1.37 470.991
car -1 -1 0.00 0.00 0.00 100.00 100.00 -1000 1.76 5.05 4.81 -1000 17.17 1.41 469.227
car -1 -1 0.00 0.00 0.00 100.00 100.00 -1000 1.59 4.08 6.98 -1000 7.21 1.70 464.039
car -1 -1 0.00 0.00 0.00 100.00 100.00 -1000 1.87 5.34 -0.22 -1000 31.75 1.62 462.707
car -1 -1 0.00 0.00 0.00 100.00 100.00 -1000 1.79 5.05 10.38 -1000 14.73 1.61 459.969
car -1 -1 0.00 0.00 0.00 100.00 100.00 -1000 1.71 4.11 -17.84 -1000 22.65 1.41 459.006
car -1 -1 0.00 0.00 0.00 100.00 100.00 -1000 1.83 5.95 8.58 -1000 19.11 1.46 458.304
car -1 -1 0.00 0.00 0.00 100.00 100.00 -1000 1.61 3.98 5.47 -1000 12.04 1.78 458.058
car -1 -1 0.00 0.00 0.00 100.00 100.00 -1000 1.80 5.71 4.56 -1000 15.68 1.40 454.617
car -1 -1 0.00 0.00 0.00 100.00 100.00 -1000 7.85 54.88 -8.81 -1000 5.36 -0.53 450.714
car -1 -1 0.00 0.00 0.00 100.00 100.00 -1000 1.78 4.70 -8.78 -1000 14.52 1.42 440.903
car -1 -1 0.00 0.00 0.00 100.00 100.00 -1000 1.90 8.23 2.49 -1000 33.94 1.36 429.490
car -1 -1 0.00 0.00 0.00 100.00 100.00 -1000 3.57 24.55 -1.60 -1000 29.10 0.97 426.870
car -1 -1 0.00 0.00 0.00 100.00 100.00 -1000 2.06 9.50 -13.23 -1000 23.76 1.34 419.713
car -1 -1 0.00 0.00 0.00 100.00 100.00 -1000 1.94 5.91 -16.16 -1000 23.70 1.40 419.484
car -1 -1 0.00 0.00 0.00 100.00 100.00 -1000 3.56 13.81 9.41 -1000 36.36 0.62 418.256
car -1 -1 0.00 0.00 0.00 100.00 100.00 -1000 2.40 11.55 -3.86 -1000 20.20 1.08 410.592
car -1 -1 0.00 0.00 0.00 100.00 100.00 -1000 2.47 14.75 6.98 -1000 22.10 1.19 406.212
car -1 -1 0.00 0.00 0.00 100.00 100.00 -1000 1.73 4.82 7.22 -1000 17.72 1.59 405.690
car -1 -1 0.00 0.00 0.00 100.00 100.00 -1000 1.77 4.74 -8.78 -1000 19.29 1.47 404.687
car -1 -1 0.00 0.00 0.00 100.00 100.00 -1000 1.65 4.25 13.12 -1000 35.66 -0.13 403.156
car -1 -1 0.00 0.00 0.00 100.00 100.00 -1000 1.92 5.67 -1.72 -1000 20.36 1.46 399.327
car -1 -1 0.00 0.00 0.00 100.00 100.00 -1000 1.75 4.66 11.88 -1000 18.44 1.63 398.506
car -1 -1 0.00 0.00 0.00 100.00 100.00 -1000 1.86 5.63 6.47 -1000 14.76 1.30 396.887
car -1 -1 0.00 0.00 0.00 100.00 100.00 -1000 2.04 7.07 1.75 -1000 20.30 1.45 377.160
car -1 -1 0.00 0.00 0.00 100.00 100.00 -1000 1.89 5.79 3.85 -1000 19.78 1.46 370.163
car -1 -1 0.00 0.00 0.00 100.00 100.00 -1000 2.95 10.77 -3.01 -1000 29.73 0.78 362.221
car -1 -1 0.00 0.00 0.00 100.00 100.00 -1000 1.72 4.17 11.74 -1000 37.22 1.34 358.129
car -1 -1 0.00 0.00 0.00 100.00 100.00 -1000 1.76 7.13 6.22 -1000 31.05 1.44 355.563
car -1 -1 0.00 0.00 0.00 100.00 100.00 -1000 1.77 4.78 1.46 -1000 18.54 1.50 349.461
car -1 -1 0.00 0.00 0.00 100.00 100.00 -1000 1.84 5.34 7.11 -1000 9.20 1.55 348.465
car -1 -1 0.00 0.00 0.00 100.00 100.00 -1000 2.28 11.40 2.58 -1000 32.54 1.32 348.023
car -1 -1 0.00 0.00 0.00 100.00 100.00 -1000 1.71 5.07 -14.87 -1000 22.40 1.47 343.860
car -1 -1 0.00 0.00 0.00 100.00 100.00 -1000 2.27 8.14 -12.34 -1000 14.57 1.27 339.891
car -1 -1 0.00 0.00 0.00 100.00 100.00 -1000 1.96 6.86 9.18 -1000 15.55 1.56 337.749
car -1 -1 0.00 0.00 0.00 100.00 100.00 -1000 1.65 5.63 4.89 -1000 29.43 1.49 325.625
car -1 -1 0.00 0.00 0.00 100.00 100.00 -1000 1.84 6.02 2.83 -1000 14.47 1.58 324.092
car -1 -1 0.00 0.00 0.00 100.00 100.00 -1000 2.09 9.43 1.78 -1000 24.24 1.28 315.534
car -1 -1 0.00 0.00 0.00 100.00 100.00 -1000 2.13 9.69 -14.53 -1000 24.58 1.36 310.763
car -1 -1 0.00 0.00 0.00 100.00 100.00 -1000 2.10 8.94 -6.23 -1000 12.85 1.57 309.593
car -1 -1 0.00 0.00 0.00 100.00 100.00 -1000 16.57 995.94 -5.46 -1000 2.91 0.22 306.878
car -1 -1 0.00 0.00 0.00 100.00 100.00 -1000 1.99 5.32 -2.57 -1000 11.96 -0.57 304.803
car -1 -1 0.00 0.00 0.00 100.00 100.00 -1000 2.37 12.19 0.60 -1000 22.45 1.20 301.762
car -1 -1 0.00 0.00 0.00 100.00 100.00 -1000 2.40 14.57 4.67 -1000 22.86 1.20 298.828
car -1 -1 0.00 0.00 0.00 100.00 100.00 -1000 3.82 25.47 -13.65 -1000 15.97 1.02 297.267
car -1 -1 0.00 0.00 0.00 100.00 100.00 -1000 1.82 5.04 6.71 -1000 16.88 1.58 293.240
car -1 -1 0.00 0.00 0.00 100.00 100.00 -1000 5.24 64.95 9.89 -1000 36.90 0.64 290.780
car -1 -1 0.00 0.00 0.00 100.00 100.00 -1000 3.62 8.88 -5.09 -1000 23.99 0.67 290.603
car -1 -1 0.00 0.00 0.00 100.00 100.00 -1000 2.07 6.78 -9.32 -1000 18.49 1.47 288.655
car -1 -1 0.00 0.00 0.00 100.00 100.00 -1000 2.48 10.80 8.66 -1000 16.51 1.57 286.546
car -1 -1 0.00 0.00 0.00 100.00 100.00 -1000 5.03 34.52 -5.34 -1000 24.88 0.18 278.189
car -1 -1 0.00 0.00 0.00 100.00 100.00 -1000 4.48 47.67 -16.38 -1000 16.05 0.74 275.912
car -1 -1 0.00 0.00 0.00 100.00 100.00 -1000 1.64 5.56 8.42 -1000 7.77 1.54 275.735
car -1 -1 0.00 0.00 0.00 100.00 100.00 -1000 2.24 8.30 -9.48 -1000 17.59 1.34 275.453
car -1 -1 0.00 0.00 0.00 100.00 100.00 -1000 1.95 6.13 4.39 -1000 12.66 1.44 275.079
car -1 -1 0.00 0.00 0.00 100.00 100.00 -1000 1.90 6.37 -3.65 -1000 22.29 0.81 273.028
car -1 -1 0.00 0.00 0.00 100.00 100.00 -1000 1.97 5.79 -9.94 -1000 15.27 1.46 271.705
car -1 -1 0.00 0.00 0.00 100.00 100.00 -1000 5.31 31.38 -12.66 -1000 8.05 -0.09 271.377
car -1 -1 0.00 0.00 0.00 100.00 100.00 -1000 1.82 4.45 -7.49 -1000 21.21 1.22 268.148
car -1 -1 0.00 0.00 0.00 100.00 100.00 -1000 1.96 8.81 4.51 -1000 30.55 1.39 266.340
car -1 -1 0.00 0.00 0.00 100.00 100.00 -1000 12.02 499.75 -8.31 -1000 4.55 0.40 251.398
car -1 -1 0.00 0.00 0.00 100.00 100.00 -1000 1.86 5.71 6.34 -1000 19.82 1.46 249.403
car -1 -1 0.00 0.00 0.00 100.00 100.00 -1000 3.93 18.58 8.26 -1000 37.77 0.39 247.368
car -1 -1 0.00 0.00 0.00 100.00 100.00 -1000 1.78 7.20 15.16 -1000 37.94 1.42 245.774
car -1 -1 0.00 0.00 0.00 100.00 100.00 -1000 2.24 7.37 -7.55 -1000 16.48 1.38 245.470
car -1 -1 0.00 0.00 0.00 100.00 100.00 -1000 2.17 11.48 6.97 -1000 20.79 1.24 245.422
car -1 -1 0.00 0.00 0.00 100.00 100.00 -1000 1.89 6.19 4.88 -1000 14.03 1.47 244.997
car -1 -1 0.00 0.00 0.00 100.00 100.00 -1000 1.99 5.78 -5.24 -1000 17.51 1.37 243.952
car -1 -1 0.00 0.00 0.00 100.00 100.00 -1000 7.95 177.08 -3.43 -1000 23.72 0.44 242.590
car -1 -1 0.00 0.00 0.00 100.00 100.00 -1000 14.32 91.05 -4.13 -1000 24.17 0.15 242.322
car -1 -1 0.00 0.00 0.00 100.00 100.00 -1000 3.50 15.24 -18.13 -1000 16.94 0.47 234.726
car -1 -1 0.00 0.00 0.00 100.00 100.00 -1000 1.83 5.54 14.07 -1000 18.19 1.59 231.485
car -1 -1 0.00 0.00 0.00 100.00 100.00 -1000 1.83 5.44 -0.35 -1000 22.46 1.45 231.025
car -1 -1 0.00 0.00 0.00 100.00 100.00 -1000 1.81 6.99 2.11 -1000 30.88 1.44 229.637
car -1 -1 0.00 0.00 0.00 100.00 100.00 -1000 1.96 5.96 -0.65 -1000 18.91 1.47 229.407
car -1 -1 0.00 0.00 0.00 100.00 100.00 -1000 1.68 6.25 6.54 -1000 29.93 1.46 226.696
car -1 -1 0.00 0.00 0.00 100.00 100.00 -1000 1.89 5.91 2.38 -1000 17.18 1.58 226.627
car -1 -1 0.00 0.00 0.00 100.00 100.00 -1000 1.93 5.04 5.90 -1000 5.98 -0.36 225.924
car -1 -1 0.00 0.00 0.00 100.00 100.00 -1000 1.75 4.61 5.54 -1000 10.77 1.74 225.875
car -1 -1 0.00 0.00 0.00 100.00 100.00 -1000 1.61 3.86 -3.70 -1000 10.38 1.55 222.014
car -1 -1 0.00 0.00 0.00 100.00 100.00 -1000 1.61 4.08 3.82 -1000 10.86 1.70 219.158
car -1 -1 0.00 0.00 0.00 100.00 100.00 -1000 1.87 5.73 10.93 -1000 19.05 1.46 218.797
car -1 -1 0.00 0.00 0.00 100.00 100.00 -1000 3.33 15.27 -19.14 -1000 15.39 0.48 218.709
car -1 -1 0.00 0.00 0.00 100.00 100.00 -1000 3.84 14.34 2.90 -1000 40.97 0.59 217.894
car -1 -1 0.00 0.00 0.00 100.00 100.00 -1000 9.09 289.68 -10.01 -1000 6.15 0.53 216.291
car -1 -1 0.00 0.00 0.00 100.00 100.00 -1000 4.34 57.11 -17.57 -1000 14.29 0.83 209.073
car -1 -1 0.00 0.00 0.00 100.00 100.00 -1000 2.79 5.54 7.42 -1000 35.38 0.93 208.210
car -1 -1 0.00 0.00 0.00 100.00 100.00 -1000 2.97 5.99 10.37 -1000 35.59 0.94 207.363
car -1 -1 0.00 0.00 0.00 100.00 100.00 -1000 2.55 6.93 -14.78 -1000 16.12 1.04 205.495
car -1 -1 0.00 0.00 0.00 100.00 100.00 -1000 1.96 6.05 -18.44 -1000 27.48 1.39 205.463
car -1 -1 0.00 0.00 0.00 100.00 100.00 -1000 2.18 5.69 -2.54 -1000 33.26 0.82 205.114
car -1 -1 0.00 0.00 0.00 100.00 100.00 -1000 2.30 4.78 -15.66 -1000 14.57 1.02 203.599
car -1 -1 0.00 0.00 0.00 100.00 100.00 -1000 2.61 6.14 -5.57 -1000 30.54 0.95 201.540
car -1 -1 0.00 0.00 0.00 100.00 100.00 -1000 1.88 5.44 11.10 -1000 12.95 1.58 199.830
car -1 -1 0.00 0.00 0.00 100.00 100.00 -1000 1.93 4.81 -17.33 -1000 21.87 1.40 198.862
car -1 -1 0.00 0.00 0.00 100.00 100.00 -1000 2.11 8.14 -8.03 -1000 20.61 1.32 198.237
car -1 -1 0.00 0.00 0.00 100.00 100.00 -1000 1.75 4.66 12.11 -1000 35.12 1.19 193.205
car -1 -1 0.00 0.00 0.00 100.00 100.00 -1000 2.19 6.58 -5.18 -1000 18.45 1.41 183.842
car -1 -1 0.00 0.00 0.00 100.00 100.00 -1000 1.68 5.80 14.26 -1000 36.35 1.48 182.244
car -1 -1 0.00 0.00 0.00 100.00 100.00 -1000 2.22 8.85 -15.14 -1000 26.26 1.43 181.420
car -1 -1 0.00 0.00 0.00 100.00 100.00 -1000 1.90 5.16 12.19 -1000 46.09 1.58 181.218
car -1 -1 0.00 0.00 0.00 100.00 100.00 -1000 5.41 30.26 -4.24 -1000 4.86 -0.03 180.120
car -1 -1 0.00 0.00 0.00 100.00 100.00 -1000 2.07 7.95 11.73 -1000 17.22 1.55 180.028
car -1 -1 0.00 0.00 0.00 100.00 100.00 -1000 4.86 49.06 4.27 -1000 40.22 0.84 179.405
car -1 -1 0.00 0.00 0.00 100.00 100.00 -1000 2.09 6.89 2.08 -1000 13.58 1.30 179.349
car -1 -1 0.00 0.00 0.00 100.00 100.00 -1000 1.61 6.46 10.09 -1000 8.54 1.44 179.052
car -1 -1 0.00 0.00 0.00 100.00 100.00 -1000 2.66 6.46 7.59 -1000 36.99 0.89 172.865
car -1 -1 0.00 0.00 0.00 100.00 100.00 -1000 1.71 4.66 -11.90 -1000 14.02 1.24 172.768
car -1 -1 0.00 0.00 0.00 100.00 100.00 -1000 4.16 6.69 -8.55 -1000 6.47 0.83 172.284
car -1 -1 0.00 0.00 0.00 100.00 100.00 -1000 1.60 5.18 -2.43 -1000 31.52 1.04 167.812
car -1 -1 0.00 0.00 0.00 100.00 100.00 -1000 2.11 18.13 -6.05 -1000 24.08 0.44 165.022
car -1 -1 0.00 0.00 0.00 100.00 100.00 -1000 2.15 8.30 13.26 -1000 19.84 1.31 164.422
car -1 -1 0.00 0.00 0.00 100.00 100.00 -1000 1.95 5.76 3.59 -1000 27.65 1.67 164.316
car -1 -1 0.00 0.00 0.00 100.00 100.00 -1000 6.71 126.93 -8.54 -1000 7.99 0.63 163.527
car -1 -1 0.00 0.00 0.00 100.00 100.00 -1000 1.67 3.88 -1.88 -1000 7.80 1.31 163.512
car -1 -1 0.00 0.00 0.00 100.00 100.00 -1000 2.28 6.53 -18.23 -1000 23.27 1.18 163.498
car -1 -1 0.00 0.00 0.00 100.00 100.00 -1000 1.58 5.26 5.96 -1000 28.79 1.48 163.333
car -1 -1 0.00 0.00 0.00 100.00 100.00 -1000 1.95 7.83 -4.13 -1000 19.59 1.20 162.476
car -1 -1 0.00 0.00 0.00 100.00 100.00 -1000 2.02 5.77 -18.21 -1000 25.87 1.38 162.456
car -1 -1 0.00 0.00 0.00 100.00 100.00 -1000 1.71 4.48 -1.35 -1000 23.80 0.94 161.929
car -1 -1 0.00 0.00 0.00 100.00 100.00 -1000 3.81 9.96 -13.31 -1000 17.09 0.92 161.841
car -1 -1 0.00 0.00 0.00 100.00 100.00 -1000 1.76 5.78 -13.78 -1000 21.79 1.43 160.616
car -1 -1 0.00 0.00 0.00 100.00 100.00 -1000 2.00 6.24 -11.12 -1000 15.98 1.38 159.411
car -1 -1 0.00 0.00 0.00 100.00 100.00 -1000 2.20 8.35 -15.97 -1000 27.14 1.32 157.737
car -1 -1 0.00 0.00 0.00 100.00 100.00 -1000 1.72 6.88 13.69 -1000 14.57 1.40 156.396
car -1 -1 0.00 0.00 0.00 100.00 100.00 -1000 2.31 10.78 7.21 -1000 10.17 1.50 155.792
car -1 -1 0.00 0.00 0.00 100.00 100.00 -1000 1.69 4.07 3.59 -1000 17.72 -0.11 152.111
car -1 -1 0.00 0.00 0.00 100.00 100.00 -1000 1.71 6.86 -13.17 -1000 25.80 1.41 151.161
car -1 -1 0.00 0.00 0.00 100.00 100.00 -1000 4.72 21.34 -10.98 -1000 9.47 0.17 151.008
car -1 -1 0.00 0.00 0.00 100.00 100.00 -1000 1.88 6.43 -16.13 -1000 20.87 1.20 149.824
car -1 -1 0.00 0.00 0.00 100.00 100.00 -1000 1.87 9.24 13.69 -1000 38.61 1.33 146.172
car -1 -1 0.00 0.00 0.00 100.00 100.00 -1000 3.14 26.40 -15.46 -1000 12.84 0.98 142.097
car -1 -1 0.00 0.00 0.00 100.00 100.00 -1000 1.55 5.36 9.81 -1000 7.36 1.44 141.547
car -1 -1 0.00 0.00 0.00 100.00 100.00 -1000 3.42 7.32 -1.98 -1000 28.60 0.88 141.327
car -1 -1 0.00 0.00 0.00 100.00 100.00 -1000 11.26 640.25 -8.56 -1000 1.28 0.23 139.961
car -1 -1 0.00 0.00 0.00 100.00 100.00 -1000 1.63 6.35 15.70 -1000 37.09 1.40 139.463
car -1 -1 0.00 0.00 0.00 100.00 100.00 -1000 2.18 10.38 -13.81 -1000 22.81 1.32 139.234
car -1 -1 0.00 0.00 0.00 100.00 100.00 -1000 3.78 39.50 10.26 -1000 33.82 0.97 137.828
car -1 -1 0.00 0.00 0.00 100.00 100.00 -1000 1.71 5.31 16.24 -1000 18.70 1.48 136.587
car -1 -1 0.00 0.00 0.00 100.00 100.00 -1000 1.91 7.29 0.94 -1000 21.62 1.35 134.398
car -1 -1 0.00 0.00 0.00 100.00 100.00 -1000 2.30 6.53 -5.13 -1000 11.56 0.31 133.414
car -1 -1 0.00 0.00 0.00 100.00 100.00 -1000 1.59 3.40 -5.39 -1000 10.34 1.41 131.842
car -1 -1 0.00 0.00 0.00 100.00 100.00 -1000 5.50 8.23 -6.71 -1000 3.14 0.58 131.377
car -1 -1 0.00 0.00 0.00 100.00 100.00 -1000 1.93 6.28 9.66 -1000 12.40 1.59 128.573
car -1 -1 0.00 0.00 0.00 100.00 100.00 -1000 3.12 15.73 6.41 -1000 34.68 0.59 128.264
car -1 -1 0.00 0.00 0.00 100.00 100.00 -1000 3.24 27.77 -2.53 -1000 27.43 0.99 127.886
car -1 -1 0.00 0.00 0.00 100.00 100.00 -1000 2.54 5.50 -18.40 -1000 16.04 0.97 126.144
car -1 -1 0.00 0.00 0.00 100.00 100.00 -1000 3.62 7.25 -10.44 -1000 8.04 0.91 125.793
car -1 -1 0.00 0.00 0.00 100.00 100.00 -1000 3.10 15.68 -6.51 -1000 28.25 0.52 124.188
car -1 -1 0.00 0.00 0.00 100.00 100.00 -1000 2.18 7.92 -11.69 -1000 17.98 1.40 123.809
car -1 -1 0.00 0.00 0.00 100.00 100.00 -1000 1.76 4.47 -2.10 -1000 13.05 1.96 122.849
car -1 -1 0.00 0.00 0.00 100.00 100.00 -1000 1.60 6.64 14.24 -1000 13.67 1.42 122.557
car -1 -1 0.00 0.00 0.00 100.00 100.00 -1000 2.49 6.30 9.12 -1000 33.80 1.09 120.483
car -1 -1 0.00 0.00 0.00 100.00 100.00 -1000 2.24 5.51 -3.72 -1000 27.41 1.12 117.503
car -1 -1 0.00 0.00 0.00 100.00 100.00 -1000 5.48 9.72 -7.92 -1000 1.49 0.42 117.419
car -1 -1 0.00 0.00 0.00 100.00 100.00 -1000 1.87 4.90 -0.93 -1000 28.60 1.30 115.955
car -1 -1 0.00 0.00 0.00 100.00 100.00 -1000 4.00 52.46 -4.92 -1000 27.18 0.88 115.844
car -1 -1 0.00 0.00 0.00 100.00 100.00 -1000 2.01 7.35 -0.22 -1000 20.85 1.35 115.774
car -1 -1 0.00 0.00 0.00 100.00 100.00 -1000 1.75 7.93 9.81 -1000 9.36 1.39 115.698
car -1 -1 0.00 0.00 0.00 100.00 100.00 -1000 2.76 5.88 4.48 -1000 40.33 1.02 113.611
car -1 -1 0.00 0.00 0.00 100.00 100.00 -1000 1.82 7.66 -12.30 -1000 25.04 1.35 112.621
car -1 -1 0.00 0.00 0.00 100.00 100.00 -1000 4.60 42.52 -2.27 -1000 2.95 -0.00 111.430
car -1 -1 0.00 0.00 0.00 100.00 100.00 -1000 1.74 9.08 -3.99 -1000 23.05 0.76 111.096
car -1 -1 0.00 0.00 0.00 100.00 100.00 -1000 5.88 110.37 3.81 -1000 38.51 0.77 110.963
car -1 -1 0.00 0.00 0.00 100.00 100.00 -1000 1.71 5.74 7.98 -1000 6.63 1.47 110.770
car -1 -1 0.00 0.00 0.00 100.00 100.00 -1000 2.37 14.41 -18.13 -1000 29.35 1.13 110.677
car -1 -1 0.00 0.00 0.00 100.00 100.00 -1000 2.54 6.24 -5.87 -1000 28.90 1.01 110.555
car -1 -1 0.00 0.00 0.00 100.00 100.00 -1000 2.83 11.20 -16.67 -1000 13.61 0.73 110.443
car -1 -1 0.00 0.00 0.00 100.00 100.00 -1000 2.27 7.12 2.96 -1000 12.08 1.41 108.616
car -1 -1 0.00 0.00 0.00 100.00 100.00 -1000 2.21 7.46 -11.00 -1000 16.88 1.45 106.263
car -1 -1 0.00 0.00 0.00 100.00 100.00 -1000 1.75 4.14 11.17 -1000 17.76 -0.27 103.655
car -1 -1 0.00 0.00 0.00 100.00 100.00 -1000 1.62 5.07 -4.86 -1000 15.05 0.14 103.536
car -1 -1 0.00 0.00 0.00 100.00 100.00 -1000 1.89 5.13 3.34 -1000 5.01 1.55 101.530
car -1 -1 0.00 0.00 0.00 100.00 100.00 -1000 4.41 11.71 -13.54 -1000 15.51 0.76 99.901
car -1 -1 0.00 0.00 0.00 100.00 100.00 -1000 3.63 18.80 2.82 -1000 39.74 0.36 99.097
car -1 -1 0.00 0.00 0.00 100.00 100.00 -1000 1.91 6.74 -0.98 -1000 17.98 1.57 95.884
car -1 -1 0.00 0.00 0.00 100.00 100.00 -1000 4.49 7.85 -9.99 -1000 4.72 0.69 94.620
car -1 -1 0.00 0.00 0.00 100.00 100.00 -1000 1.75 6.82 -1.14 -1000 32.48 1.20 94.237
car -1 -1 0.00 0.00 0.00 100.00 100.00 -1000 2.00 7.38 12.15 -1000 47.41 1.28 91.733
car -1 -1 0.00 0.00 0.00 100.00 100.00 -1000 2.07 9.53 11.43 -1000 14.96 1.36 91.411
car -1 -1 0.00 0.00 0.00 100.00 100.00 -1000 1.83 5.84 0.93 -1000 17.68 1.61 90.394
car -1 -1 0.00 0.00 0.00 100.00 100.00 -1000 1.86 8.09 5.84 -1000 32.72 1.19 90.014
car -1 -1 0.00 0.00 0.00 100.00 100.00 -1000 8.45 340.92 -9.62 -1000 2.93 0.42 89.854
car -1 -1 0.00 0.00 0.00 100.00 100.00 -1000 4.88 71.92 -10.68 -1000 9.61 0.88 89.064
car -1 -1 0.00 0.00 0.00 100.00 100.00 -1000 1.73 7.53 -13.01 -1000 27.07 1.32 87.689
car -1 -1 0.00 0.00 0.00 100.00 100.00 -1000 1.91 5.56 2.91 -1000 10.08 1.31 84.703
car -1 -1 0.00 0.00 0.00 100.00 100.00 -1000 4.28 8.73 -2.63 -1000 3.26 0.82 84.270
car -1 -1 0.00 0.00 0.00 100.00 100.00 -1000 1.92 10.65 1.83 -1000 35.07 1.17 84.172
car -1 -1 0.00 0.00 0.00 100.00 100.00 -1000 2.17 9.09 9.31 -1000 11.06 1.50 84.156
car -1 -1 0.00 0.00 0.00 100.00 100.00 -1000 4.78 15.40 -2.48 -1000 22.30 0.72 84.130
car -1 -1 0.00 0.00 0.00 100.00 100.00 -1000 1.67 5.05 1.82 -1000 28.24 1.62 82.172
car -1 -1 0.00 0.00 0.00 100.00 100.00 -1000 2.63 10.44 -20.24 -1000 18.20 0.74 82.018
car -1 -1 0.00 0.00 0.00 100.00 100.00 -1000 1.53 5.80 13.69 -1000 12.95 1.40 81.383
car -1 -1 0.00 0.00 0.00 100.00 100.00 -1000 1.60 5.60 15.34 -1000 35.60 1.42 80.182
car -1 -1 0.00 0.00 0.00 100.00 100.00 -1000 3.18 7.24 2.51 -1000 38.64 0.95 78.228
car -1 -1 0.00 0.00 0.00 100.00 100.00 -1000 1.76 8.57 15.54 -1000 39.21 1.34 76.873
car -1 -1 0.00 0.00 0.00 100.00 100.00 -1000 2.96 24.21 -19.19 -1000 17.62 0.95 75.269
car -1 -1 0.00 0.00 0.00 100.00 100.00 -1000 2.29 7.45 -6.06 -1000 32.16 1.01 74.638
car -1 -1 0.00 0.00 0.00 100.00 100.00 -1000 2.25 6.45 -17.07 -1000 12.77 1.11 74.024
car -1 -1 0.00 0.00 0.00 100.00 100.00 -1000 2.27 11.18 -11.74 -1000 21.49 1.20 72.757
car -1 -1 0.00 0.00 0.00 100.00 100.00 -1000 1.73 4.78 11.94 -1000 14.04 -0.23 71.851
car -1 -1 0.00 0.00 0.00 100.00 100.00 -1000 3.67 17.02 -12.55 -1000 10.77 0.46 69.612
