car -1 -1 0.00 0.00 0.00 100.00 100.00 -1000 1.53 3.82 -0.16 -1000 23.15 1.55 999.933
car -1 -1 0.00 0.00 0.00 100.00 100.00 -1000 1.46 3.88 -0.37 -1000 22.11 0.07 998.125
car -1 -1 0.00 0.00 0.00 100.00 100.00 -1000 1.65 4.31 -0.58 -1000 23.86 1.59 996.731
car -1 -1 0.00 0.00 0.00 100.00 100.00 -1000 1.57 3.75 -14.27 -1000 47.10 1.62 992.782
car -1 -1 0.00 0.00 0.00 100.00 100.00 -1000 1.56 3.80 -8.86 -1000 37.38 1.61 989.439
car -1 -1 0.00 0.00 0.00 100.00 100.00 -1000 1.61 3.61 3.74 -1000 46.73 1.58 989.111
car -1 -1 0.00 0.00 0.00 100.00 100.00 -1000 2.99 14.72 1.11 -1000 26.17 1.43 987.465
car -1 -1 0.00 0.00 0.00 100.00 100.00 -1000 1.57 3.64 -9.44 -1000 31.97 1.65 986.563
car -1 -1 0.00 0.00 0.00 100.00 100.00 -1000 1.61 4.04 -14.53 -1000 46.30 -0.02 981.169
car -1 -1 0.00 0.00 0.00 100.00 100.00 -1000 1.55 3.47 4.56 -1000 46.01 0.02 973.162
car -1 -1 0.00 0.00 0.00 100.00 100.00 -1000 1.56 4.14 -8.83 -1000 42.74 1.56 966.009
car -1 -1 0.00 0.00 0.00 100.00 100.00 -1000 1.57 3.68 13.78 -1000 45.05 1.61 962.160
car -1 -1 0.00 0.00 0.00 100.00 100.00 -1000 1.46 3.56 -1.27 -1000 22.70 1.50 961.534
car -1 -1 0.00 0.00 0.00 100.00 100.00 -1000 1.78 5.34 0.14 -1000 24.74 1.56 960.589
car -1 -1 0.00 0.00 0.00 100.00 100.00 -1000 1.53 3.66 19.13 -1000 45.12 1.58 941.409
car -1 -1 0.00 0.00 0.00 100.00 100.00 -1000 1.64 4.10 -9.52 -1000 31.11 0.10 931.032
car -1 -1 0.00 0.00 0.00 100.00 100.00 -1000 2.08 8.41 2.43 -1000 27.60 1.47 926.113
car -1 -1 0.00 0.00 0.00 100.00 100.00 -1000 1.54 3.74 18.69 -1000 45.87 1.58 922.128
car -1 -1 0.00 0.00 0.00 100.00 100.00 -1000 2.32 8.36 3.40 -1000 25.92 1.54 914.935
car -1 -1 0.00 0.00 0.00 100.00 100.00 -1000 1.59 3.68 13.67 -1000 38.66 1.61 907.392
car -1 -1 0.00 0.00 0.00 100.00 100.00 -1000 1.66 4.18 -8.60 -1000 22.15 1.63 902.499
car -1 -1 0.00 0.00 0.00 100.00 100.00 -1000 9.63 53.89 7.69 -1000 6.77 -0.65 886.412
car -1 -1 0.00 0.00 0.00 100.00 100.00 -1000 1.62 4.22 18.31 -1000 35.33 1.60 886.099
car -1 -1 0.00 0.00 0.00 100.00 100.00 -1000 1.63 4.09 4.97 -1000 41.77 1.58 881.322
car -1 -1 0.00 0.00 0.00 100.00 100.00 -1000 2.15 10.32 -1.30 -1000 24.87 1.25 877.860
car -1 -1 0.00 0.00 0.00 100.00 100.00 -1000 1.61 4.04 -8.86 -1000 36.33 0.04 877.777
car -1 -1 0.00 0.00 0.00 100.00 100.00 -1000 2.21 9.19 3.14 -1000 24.57 1.64 866.562
car -1 -1 0.00 0.00 0.00 100.00 100.00 -1000 1.62 4.08 13.36 -1000 45.76 1.58 865.361
car -1 -1 0.00 0.00 0.00 100.00 100.00 -1000 2.65 17.85 -2.33 -1000 26.90 1.25 864.564
car -1 -1 0.00 0.00 0.00 100.00 100.00 -1000 1.55 3.86 5.21 -1000 21.78 1.57 845.372
car -1 -1 0.00 0.00 0.00 100.00 100.00 -1000 1.58 3.66 7.42 -1000 37.02 1.51 841.499
car -1 -1 0.00 0.00 0.00 100.00 100.00 -1000 1.95 5.92 17.59 -1000 46.49 1.45 838.594
car -1 -1 0.00 0.00 0.00 100.00 100.00 -1000 1.47 3.89 -8.50 -1000 32.52 1.64 828.892
car -1 -1 0.00 0.00 0.00 100.00 100.00 -1000 1.67 3.86 3.14 -1000 45.60 0.01 824.330
car -1 -1 0.00 0.00 0.00 100.00 100.00 -1000 1.69 4.17 5.23 -1000 30.94 1.54 803.419
car -1 -1 0.00 0.00 0.00 100.00 100.00 -1000 1.76 4.99 -15.40 -1000 37.38 1.56 802.976
car -1 -1 0.00 0.00 0.00 100.00 100.00 -1000 21.27 1177.12 10.65 -1000 4.39 -0.10 792.090
car -1 -1 0.00 0.00 0.00 100.00 100.00 -1000 1.64 3.90 -8.58 -1000 41.83 1.65 761.932
car -1 -1 0.00 0.00 0.00 100.00 100.00 -1000 1.62 4.74 1.36 -1000 23.82 1.68 760.598
car -1 -1 0.00 0.00 0.00 100.00 100.00 -1000 1.84 6.59 3.89 -1000 23.80 1.59 758.331
car -1 -1 0.00 0.00 0.00 100.00 100.00 -1000 1.72 4.10 8.99 -1000 46.66 1.44 757.089
car -1 -1 0.00 0.00 0.00 100.00 100.00 -1000 1.90 6.51 16.70 -1000 36.02 1.47 744.407
car -1 -1 0.00 0.00 0.00 100.00 100.00 -1000 1.47 3.12 6.19 -1000 45.87 -0.06 743.783
car -1 -1 0.00 0.00 0.00 100.00 100.00 -1000 1.50 4.53 -7.23 -1000 37.49 1.62 738.653
car -1 -1 0.00 0.00 0.00 100.00 100.00 -1000 16.77 715.32 10.79 -1000 2.83 0.06 734.668
car -1 -1 0.00 0.00 0.00 100.00 100.00 -1000 6.74 36.23 9.85 -1000 6.29 -0.21 730.632
car -1 -1 0.00 0.00 0.00 100.00 100.00 -1000 1.76 5.31 -13.38 -1000 37.51 1.51 729.074
car -1 -1 0.00 0.00 0.00 100.00 100.00 -1000 1.82 6.34 -16.06 -1000 42.02 1.51 723.644
car -1 -1 0.00 0.00 0.00 100.00 100.00 -1000 1.72 5.07 -13.03 -1000 46.58 1.61 723.281
car -1 -1 0.00 0.00 0.00 100.00 100.00 -1000 1.69 4.07 5.75 -1000 46.67 1.46 721.660
car -1 -1 0.00 0.00 0.00 100.00 100.00 -1000 1.92 4.73 5.82 -1000 38.20 1.38 720.966
car -1 -1 0.00 0.00 0.00 100.00 100.00 -1000 2.08 9.62 -2.52 -1000 25.75 1.19 716.666
car -1 -1 0.00 0.00 0.00 100.00 100.00 -1000 1.67 4.57 1.97 -1000 46.49 1.49 699.551
car -1 -1 0.00 0.00 0.00 100.00 100.00 -1000 1.57 4.16 0.89 -1000 22.61 1.76 697.073
car -1 -1 0.00 0.00 0.00 100.00 100.00 -1000 1.77 4.97 8.61 -1000 40.58 1.48 693.324
car -1 -1 0.00 0.00 0.00 100.00 100.00 -1000 6.87 38.58 9.77 -1000 9.57 -0.32 688.930
car -1 -1 0.00 0.00 0.00 100.00 100.00 -1000 6.99 34.69 6.56 -1000 3.38 -0.34 687.878
car -1 -1 0.00 0.00 0.00 100.00 100.00 -1000 1.59 3.86 13.94 -1000 44.08 1.58 686.374
car -1 -1 0.00 0.00 0.00 100.00 100.00 -1000 1.68 4.45 14.03 -1000 33.71 1.51 660.543
car -1 -1 0.00 0.00 0.00 100.00 100.00 -1000 1.68 4.48 19.21 -1000 34.74 1.56 652.269
car -1 -1 0.00 0.00 0.00 100.00 100.00 -1000 1.81 4.92 13.16 -1000 46.52 1.51 648.130
car -1 -1 0.00 0.00 0.00 100.00 100.00 -1000 1.69 5.09 17.03 -1000 45.57 1.55 642.680
car -1 -1 0.00 0.00 0.00 100.00 100.00 -1000 2.08 8.46 -11.85 -1000 38.17 1.33 631.957
car -1 -1 0.00 0.00 0.00 100.00 100.00 -1000 1.67 4.55 18.53 -1000 29.73 1.52 631.598
car -1 -1 0.00 0.00 0.00 100.00 100.00 -1000 1.90 7.30 -17.37 -1000 37.82 1.53 631.216
car -1 -1 0.00 0.00 0.00 100.00 100.00 -1000 1.52 4.33 4.56 -1000 22.64 1.60 629.223
car -1 -1 0.00 0.00 0.00 100.00 100.00 -1000 1.99 8.31 1.67 -1000 32.14 1.28 627.937
car -1 -1 0.00 0.00 0.00 100.00 100.00 -1000 1.56 4.67 -7.53 -1000 32.06 1.68 621.433
car -1 -1 0.00 0.00 0.00 100.00 100.00 -1000 2.12 8.07 -16.67 -1000 26.67 1.62 618.507
car -1 -1 0.00 0.00 0.00 100.00 100.00 -1000 1.80 4.68 4.96 -1000 36.13 1.43 618.097
car -1 -1 0.00 0.00 0.00 100.00 100.00 -1000 12.52 400.18 12.24 -1000 4.46 0.21 603.250
car -1 -1 0.00 0.00 0.00 100.00 100.00 -1000 1.77 9.00 2.01 -1000 28.59 1.21 598.653
car -1 -1 0.00 0.00 0.00 100.00 100.00 -1000 1.77 4.99 18.71 -1000 44.04 1.61 591.397
car -1 -1 0.00 0.00 0.00 100.00 100.00 -1000 1.45 3.41 13.22 -1000 37.97 -0.15 585.417
car -1 -1 0.00 0.00 0.00 100.00 100.00 -1000 1.76 5.11 17.74 -1000 44.85 1.61 583.806
car -1 -1 0.00 0.00 0.00 100.00 100.00 -1000 1.82 7.00 -9.68 -1000 43.37 1.45 583.021
car -1 -1 0.00 0.00 0.00 100.00 100.00 -1000 1.67 7.58 1.07 -1000 25.68 1.34 577.976
car -1 -1 0.00 0.00 0.00 100.00 100.00 -1000 1.81 5.10 4.36 -1000 47.35 1.35 575.779
car -1 -1 0.00 0.00 0.00 100.00 100.00 -1000 1.72 4.44 -9.00 -1000 21.28 -0.03 574.937
car -1 -1 0.00 0.00 0.00 100.00 100.00 -1000 1.76 4.35 5.15 -1000 45.32 0.10 569.831
car -1 -1 0.00 0.00 0.00 100.00 100.00 -1000 1.68 4.30 8.05 -1000 45.94 1.55 569.305
car -1 -1 0.00 0.00 0.00 100.00 100.00 -1000 6.65 6.66 9.70 -1000 4.64 0.30 566.204
car -1 -1 0.00 0.00 0.00 100.00 100.00 -1000 1.67 4.26 12.22 -1000 45.16 1.53 564.175
car -1 -1 0.00 0.00 0.00 100.00 100.00 -1000 1.75 6.14 -10.97 -1000 31.55 1.52 557.848
car -1 -1 0.00 0.00 0.00 100.00 100.00 -1000 1.65 4.05 6.99 -1000 37.79 1.48 556.870
car -1 -1 0.00 0.00 0.00 100.00 100.00 -1000 1.78 4.53 -16.02 -1000 45.76 0.06 553.756
car -1 -1 0.00 0.00 0.00 100.00 100.00 -1000 1.70 4.85 -19.48 -1000 44.85 1.42 536.994
car -1 -1 0.00 0.00 0.00 100.00 100.00 -1000 1.83 6.01 5.55 -1000 23.24 1.54 534.026
car -1 -1 0.00 0.00 0.00 100.00 100.00 -1000 1.98 8.86 -18.26 -1000 38.75 1.41 532.685
car -1 -1 0.00 0.00 0.00 100.00 100.00 -1000 1.48 4.40 2.51 -1000 23.08 1.62 532.397
car -1 -1 0.00 0.00 0.00 100.00 100.00 -1000 1.76 7.13 -2.94 -1000 24.15 1.29 523.356
car -1 -1 0.00 0.00 0.00 100.00 100.00 -1000 1.51 3.98 -7.61 -1000 42.32 1.69 519.546
car -1 -1 0.00 0.00 0.00 100.00 100.00 -1000 1.76 4.64 -15.82 -1000 36.54 1.69 519.027
car -1 -1 0.00 0.00 0.00 100.00 100.00 -1000 1.67 3.75 0.30 -1000 21.50 -0.04 511.797
car -1 -1 0.00 0.00 0.00 100.00 100.00 -1000 10.45 282.75 13.85 -1000 7.72 0.29 511.074
car -1 -1 0.00 0.00 0.00 100.00 100.00 -1000 1.44 3.07 7.69 -1000 45.17 0.20 510.484
car -1 -1 0.00 0.00 0.00 100.00 100.00 -1000 1.64 5.79 -13.28 -1000 31.51 1.44 509.546
car -1 -1 0.00 0.00 0.00 100.00 100.00 -1000 6.30 6.29 8.12 -1000 3.03 0.31 506.795
car -1 -1 0.00 0.00 0.00 100.00 100.00 -1000 2.09 9.24 2.60 -1000 38.68 1.18 502.823
car -1 -1 0.00 0.00 0.00 100.00 100.00 -1000 1.73 4.52 11.63 -1000 44.32 1.59 493.908
car -1 -1 0.00 0.00 0.00 100.00 100.00 -1000 1.74 4.80 13.82 -1000 39.80 1.56 492.478
car -1 -1 0.00 0.00 0.00 100.00 100.00 -1000 1.88 5.91 2.28 -1000 44.73 1.51 490.524
car -1 -1 0.00 0.00 0.00 100.00 100.00 -1000 1.87 5.78 5.78 -1000 25.66 1.51 490.485
car -1 -1 0.00 0.00 0.00 100.00 100.00 -1000 1.63 6.08 -10.80 -1000 36.79 1.46 485.055
car -1 -1 0.00 0.00 0.00 100.00 100.00 -1000 5.74 7.00 11.33 -1000 6.26 0.41 482.781
car -1 -1 0.00 0.00 0.00 100.00 100.00 -1000 1.64 5.94 -6.90 -1000 43.09 1.55 476.500
car -1 -1 0.00 0.00 0.00 100.00 100.00 -1000 1.77 6.04 15.25 -1000 46.00 1.44 462.501
car -1 -1 0.00 0.00 0.00 100.00 100.00 -1000 1.77 5.39 8.93 -1000 31.17 1.46 456.965
car -1 -1 0.00 0.00 0.00 100.00 100.00 -1000 1.75 4.59 9.97 -1000 45.97 1.53 447.414
car -1 -1 0.00 0.00 0.00 100.00 100.00 -1000 1.73 6.39 -7.24 -1000 43.95 1.45 446.107
car -1 -1 0.00 0.00 0.00 100.00 100.00 -1000 1.85 4.98 11.11 -1000 46.70 1.49 438.204
car -1 -1 0.00 0.00 0.00 100.00 100.00 -1000 1.63 5.46 6.38 -1000 35.38 1.40 435.606
car -1 -1 0.00 0.00 0.00 100.00 100.00 -1000 1.89 5.19 6.17 -1000 30.14 1.39 434.877
car -1 -1 0.00 0.00 0.00 100.00 100.00 -1000 4.46 22.09 10.68 -1000 4.17 0.24 427.990
car -1 -1 0.00 0.00 0.00 100.00 100.00 -1000 1.74 4.89 17.29 -1000 30.47 1.52 426.776
car -1 -1 0.00 0.00 0.00 100.00 100.00 -1000 1.87 6.35 -13.30 -1000 41.94 1.49 425.412
car -1 -1 0.00 0.00 0.00 100.00 100.00 -1000 2.03 8.23 15.89 -1000 41.53 1.37 423.692
car -1 -1 0.00 0.00 0.00 100.00 100.00 -1000 1.74 4.88 -12.96 -1000 47.72 1.62 419.134
car -1 -1 0.00 0.00 0.00 100.00 100.00 -1000 1.73 5.80 -10.67 -1000 42.50 1.49 417.476
car -1 -1 0.00 0.00 0.00 100.00 100.00 -1000 1.68 4.85 4.36 -1000 37.87 1.42 413.274
car -1 -1 0.00 0.00 0.00 100.00 100.00 -1000 1.77 4.54 -9.64 -1000 35.74 1.66 412.616
car -1 -1 0.00 0.00 0.00 100.00 100.00 -1000 1.88 5.73 8.75 -1000 39.40 1.56 409.011
car -1 -1 0.00 0.00 0.00 100.00 100.00 -1000 1.94 7.13 1.31 -1000 35.41 1.26 408.855
car -1 -1 0.00 0.00 0.00 100.00 100.00 -1000 8.25 175.26 13.84 -1000 6.13 0.43 408.478
car -1 -1 0.00 0.00 0.00 100.00 100.00 -1000 1.64 7.11 -12.54 -1000 32.24 1.36 398.480
car -1 -1 0.00 0.00 0.00 100.00 100.00 -1000 1.80 5.53 9.42 -1000 45.11 1.49 393.172
car -1 -1 0.00 0.00 0.00 100.00 100.00 -1000 2.23 8.36 16.35 -1000 47.45 1.35 386.803
car -1 -1 0.00 0.00 0.00 100.00 100.00 -1000 1.81 5.44 8.34 -1000 38.30 1.50 386.680
car -1 -1 0.00 0.00 0.00 100.00 100.00 -1000 1.78 5.53 16.92 -1000 34.70 1.59 384.021
car -1 -1 0.00 0.00 0.00 100.00 100.00 -1000 1.79 5.75 4.18 -1000 31.73 1.43 379.333
car -1 -1 0.00 0.00 0.00 100.00 100.00 -1000 2.15 6.55 3.41 -1000 39.36 1.42 378.791
car -1 -1 0.00 0.00 0.00 100.00 100.00 -1000 1.81 5.18 11.33 -1000 37.82 1.50 373.634
car -1 -1 0.00 0.00 0.00 100.00 100.00 -1000 1.92 6.55 9.38 -1000 43.02 1.45 373.622
car -1 -1 0.00 0.00 0.00 100.00 100.00 -1000 1.78 6.85 -5.70 -1000 42.51 1.43 370.592
car -1 -1 0.00 0.00 0.00 100.00 100.00 -1000 1.89 7.74 15.70 -1000 40.32 1.36 368.002
car -1 -1 0.00 0.00 0.00 100.00 100.00 -1000 2.09 9.29 15.43 -1000 37.56 1.33 367.986
car -1 -1 0.00 0.00 0.00 100.00 100.00 -1000 1.74 7.23 -9.00 -1000 22.79 1.49 361.935
car -1 -1 0.00 0.00 0.00 100.00 100.00 -1000 1.74 4.66 12.91 -1000 43.49 1.56 360.930
car -1 -1 0.00 0.00 0.00 100.00 100.00 -1000 1.54 4.96 -6.35 -1000 22.38 1.54 358.597
car -1 -1 0.00 0.00 0.00 100.00 100.00 -1000 1.77 4.68 -13.91 -1000 45.47 1.76 355.829
car -1 -1 0.00 0.00 0.00 100.00 100.00 -1000 1.76 5.27 5.21 -1000 20.95 1.55 354.789
car -1 -1 0.00 0.00 0.00 100.00 100.00 -1000 1.95 6.58 5.62 -1000 26.78 1.48 352.474
car -1 -1 0.00 0.00 0.00 100.00 100.00 -1000 2.16 11.43 -10.77 -1000 38.93 1.34 351.546
car -1 -1 0.00 0.00 0.00 100.00 100.00 -1000 1.82 5.40 10.37 -1000 40.32 1.47 347.447
car -1 -1 0.00 0.00 0.00 100.00 100.00 -1000 1.74 5.07 1.25 -1000 45.36 1.50 347.186
car -1 -1 0.00 0.00 0.00 100.00 100.00 -1000 9.84 303.66 7.34 -1000 1.29 0.31 347.000
car -1 -1 0.00 0.00 0.00 100.00 100.00 -1000 1.75 5.15 12.06 -1000 38.52 1.48 346.951
car -1 -1 0.00 0.00 0.00 100.00 100.00 -1000 1.97 9.74 -18.40 -1000 28.67 1.44 346.079
car -1 -1 0.00 0.00 0.00 100.00 100.00 -1000 2.01 7.88 1.78 -1000 36.30 1.22 344.561
car -1 -1 0.00 0.00 0.00 100.00 100.00 -1000 1.93 7.81 -18.10 -1000 42.84 1.40 343.412
car -1 -1 0.00 0.00 0.00 100.00 100.00 -1000 1.76 5.58 15.50 -1000 35.44 1.48 342.433
car -1 -1 0.00 0.00 0.00 100.00 100.00 -1000 1.54 5.93 -6.67 -1000 38.17 1.51 339.502
car -1 -1 0.00 0.00 0.00 100.00 100.00 -1000 4.55 7.33 12.94 -1000 7.89 0.56 339.360
car -1 -1 0.00 0.00 0.00 100.00 100.00 -1000 6.74 116.85 12.39 -1000 2.95 0.54 334.548
car -1 -1 0.00 0.00 0.00 100.00 100.00 -1000 1.64 7.78 -9.17 -1000 38.18 1.36 332.348
car -1 -1 0.00 0.00 0.00 100.00 100.00 -1000 1.71 6.18 11.26 -1000 42.63 1.35 331.289
car -1 -1 0.00 0.00 0.00 100.00 100.00 -1000 1.49 4.77 2.95 -1000 22.37 1.59 330.790
car -1 -1 0.00 0.00 0.00 100.00 100.00 -1000 1.72 5.51 -16.08 -1000 46.80 1.48 330.280
car -1 -1 0.00 0.00 0.00 100.00 100.00 -1000 1.42 4.62 2.50 -1000 30.65 1.29 327.692
car -1 -1 0.00 0.00 0.00 100.00 100.00 -1000 2.00 8.72 15.43 -1000 42.48 1.36 323.125
car -1 -1 0.00 0.00 0.00 100.00 100.00 -1000 1.66 4.93 19.39 -1000 29.03 1.50 322.788
car -1 -1 0.00 0.00 0.00 100.00 100.00 -1000 1.71 5.40 14.81 -1000 39.19 1.48 321.708
car -1 -1 0.00 0.00 0.00 100.00 100.00 -1000 1.71 10.32 -13.46 -1000 32.98 1.20 317.055
car -1 -1 0.00 0.00 0.00 100.00 100.00 -1000 2.05 6.93 9.00 -1000 47.23 1.29 316.014
car -1 -1 0.00 0.00 0.00 100.00 100.00 -1000 1.71 4.47 6.29 -1000 41.23 1.54 314.867
car -1 -1 0.00 0.00 0.00 100.00 100.00 -1000 1.58 6.26 -6.42 -1000 36.85 1.51 310.027
car -1 -1 0.00 0.00 0.00 100.00 100.00 -1000 1.75 4.54 14.88 -1000 44.63 -0.31 310.023
car -1 -1 0.00 0.00 0.00 100.00 100.00 -1000 1.67 4.86 8.82 -1000 37.42 1.45 307.007
car -1 -1 0.00 0.00 0.00 100.00 100.00 -1000 1.89 6.05 6.02 -1000 38.96 1.43 304.097
car -1 -1 0.00 0.00 0.00 100.00 100.00 -1000 1.75 5.91 8.78 -1000 27.89 1.38 303.348
car -1 -1 0.00 0.00 0.00 100.00 100.00 -1000 1.93 5.23 3.94 -1000 41.18 1.38 303.018
car -1 -1 0.00 0.00 0.00 100.00 100.00 -1000 1.78 4.42 -9.03 -1000 41.04 0.01 299.540
car -1 -1 0.00 0.00 0.00 100.00 100.00 -1000 1.82 6.07 16.36 -1000 31.24 1.47 295.356
car -1 -1 0.00 0.00 0.00 100.00 100.00 -1000 1.59 6.13 -4.50 -1000 40.34 1.45 294.147
car -1 -1 0.00 0.00 0.00 100.00 100.00 -1000 1.84 6.13 7.97 -1000 44.18 1.41 287.828
car -1 -1 0.00 0.00 0.00 100.00 100.00 -1000 1.61 6.24 -10.60 -1000 32.57 1.45 286.887
car -1 -1 0.00 0.00 0.00 100.00 100.00 -1000 1.71 5.55 10.80 -1000 43.50 1.46 286.253
car -1 -1 0.00 0.00 0.00 100.00 100.00 -1000 1.63 5.67 -1.81 -1000 23.32 1.33 283.369
car -1 -1 0.00 0.00 0.00 100.00 100.00 -1000 3.71 18.98 13.93 -1000 10.37 0.44 282.954
car -1 -1 0.00 0.00 0.00 100.00 100.00 -1000 1.94 6.69 2.06 -1000 47.35 1.35 280.935
car -1 -1 0.00 0.00 0.00 100.00 100.00 -1000 1.90 5.87 13.44 -1000 32.83 1.37 270.593
car -1 -1 0.00 0.00 0.00 100.00 100.00 -1000 1.87 6.77 17.61 -1000 40.72 1.44 268.947
car -1 -1 0.00 0.00 0.00 100.00 100.00 -1000 2.00 7.29 1.62 -1000 40.32 1.20 264.820
car -1 -1 0.00 0.00 0.00 100.00 100.00 -1000 1.86 10.07 -2.28 -1000 27.00 1.19 264.778
car -1 -1 0.00 0.00 0.00 100.00 100.00 -1000 3.58 18.16 13.98 -1000 8.71 0.49 263.941
car -1 -1 0.00 0.00 0.00 100.00 100.00 -1000 1.49 3.87 -1.68 -1000 21.67 1.52 260.963
car -1 -1 0.00 0.00 0.00 100.00 100.00 -1000 1.66 6.89 -11.72 -1000 46.04 1.43 260.100
car -1 -1 0.00 0.00 0.00 100.00 100.00 -1000 1.82 6.46 9.55 -1000 32.12 1.38 254.003
car -1 -1 0.00 0.00 0.00 100.00 100.00 -1000 1.82 6.19 16.56 -1000 23.69 1.50 251.405
car -1 -1 0.00 0.00 0.00 100.00 100.00 -1000 1.72 4.97 -10.17 -1000 30.45 1.65 251.283
car -1 -1 0.00 0.00 0.00 100.00 100.00 -1000 1.68 5.89 16.02 -1000 44.11 1.44 250.867
car -1 -1 0.00 0.00 0.00 100.00 100.00 -1000 1.68 4.91 5.70 -1000 11.85 1.51 249.111
car -1 -1 0.00 0.00 0.00 100.00 100.00 -1000 1.81 7.01 17.21 -1000 25.60 1.36 248.868
car -1 -1 0.00 0.00 0.00 100.00 100.00 -1000 1.83 5.91 18.27 -1000 33.97 1.59 248.209
car -1 -1 0.00 0.00 0.00 100.00 100.00 -1000 1.56 5.47 3.10 -1000 28.13 1.29 246.314
car -1 -1 0.00 0.00 0.00 100.00 100.00 -1000 1.74 5.56 15.14 -1000 34.37 1.49 244.639
car -1 -1 0.00 0.00 0.00 100.00 100.00 -1000 3.49 17.34 12.46 -1000 5.47 0.50 242.247
car -1 -1 0.00 0.00 0.00 100.00 100.00 -1000 3.84 20.14 -18.43 -1000 7.25 0.29 240.764
car -1 -1 0.00 0.00 0.00 100.00 100.00 -1000 1.70 6.98 -16.55 -1000 41.21 1.42 240.609
car -1 -1 0.00 0.00 0.00 100.00 100.00 -1000 1.76 7.76 2.23 -1000 43.97 1.27 240.274
car -1 -1 0.00 0.00 0.00 100.00 100.00 -1000 1.97 6.69 9.40 -1000 41.46 1.43 238.689
car -1 -1 0.00 0.00 0.00 100.00 100.00 -1000 1.65 4.97 -15.91 -1000 26.02 1.59 238.451
car -1 -1 0.00 0.00 0.00 100.00 100.00 -1000 1.78 5.04 -15.25 -1000 35.56 -0.04 237.900
car -1 -1 0.00 0.00 0.00 100.00 100.00 -1000 1.78 5.12 7.17 -1000 31.40 1.46 237.440
car -1 -1 0.00 0.00 0.00 100.00 100.00 -1000 1.75 5.15 14.10 -1000 19.01 1.53 237.387
car -1 -1 0.00 0.00 0.00 100.00 100.00 -1000 1.90 7.94 9.61 -1000 33.27 1.30 232.866
car -1 -1 0.00 0.00 0.00 100.00 100.00 -1000 3.55 7.30 11.50 -1000 3.07 0.74 232.617
car -1 -1 0.00 0.00 0.00 100.00 100.00 -1000 1.45 5.08 2.34 -1000 33.86 1.20 232.343
car -1 -1 0.00 0.00 0.00 100.00 100.00 -1000 1.88 5.70 4.55 -1000 34.59 1.45 229.125
car -1 -1 0.00 0.00 0.00 100.00 100.00 -1000 1.82 7.15 16.42 -1000 38.78 1.34 227.711
car -1 -1 0.00 0.00 0.00 100.00 100.00 -1000 3.72 19.34 -18.39 -1000 5.61 0.32 226.383
car -1 -1 0.00 0.00 0.00 100.00 100.00 -1000 1.84 7.03 15.32 -1000 43.29 1.39 224.609
car -1 -1 0.00 0.00 0.00 100.00 100.00 -1000 1.68 5.59 2.85 -1000 37.05 1.24 224.597
car -1 -1 0.00 0.00 0.00 100.00 100.00 -1000 1.68 5.38 -19.67 -1000 39.45 1.38 223.454
car -1 -1 0.00 0.00 0.00 100.00 100.00 -1000 5.13 69.05 15.37 -1000 9.42 0.67 221.785
car -1 -1 0.00 0.00 0.00 100.00 100.00 -1000 1.76 5.91 0.07 -1000 46.13 1.36 220.305
car -1 -1 0.00 0.00 0.00 100.00 100.00 -1000 1.65 7.22 -18.36 -1000 29.47 1.42 214.913
car -1 -1 0.00 0.00 0.00 100.00 100.00 -1000 3.73 6.20 9.77 -1000 1.51 0.71 211.997
car -1 -1 0.00 0.00 0.00 100.00 100.00 -1000 1.76 6.21 11.70 -1000 41.62 1.37 210.854
car -1 -1 0.00 0.00 0.00 100.00 100.00 -1000 3.65 19.07 -18.35 -1000 8.80 0.34 209.810
car -1 -1 0.00 0.00 0.00 100.00 100.00 -1000 1.95 11.34 -18.03 -1000 27.83 1.29 209.437
car -1 -1 0.00 0.00 0.00 100.00 100.00 -1000 1.74 7.06 2.42 -1000 33.02 1.27 207.769
car -1 -1 0.00 0.00 0.00 100.00 100.00 -1000 1.92 8.32 -13.08 -1000 42.65 1.36 206.234
car -1 -1 0.00 0.00 0.00 100.00 100.00 -1000 2.82 19.43 4.16 -1000 11.05 1.05 199.893
car -1 -1 0.00 0.00 0.00 100.00 100.00 -1000 2.54 35.92 10.53 -1000 6.89 -0.82 199.801
car -1 -1 0.00 0.00 0.00 100.00 100.00 -1000 2.50 9.41 11.68 -1000 47.42 1.33 199.246
car -1 -1 0.00 0.00 0.00 100.00 100.00 -1000 1.35 4.58 -3.03 -1000 39.48 1.54 197.218
car -1 -1 0.00 0.00 0.00 100.00 100.00 -1000 1.65 7.10 -11.85 -1000 22.25 1.40 195.675
car -1 -1 0.00 0.00 0.00 100.00 100.00 -1000 1.45 4.51 2.19 -1000 21.65 1.54 194.689
car -1 -1 0.00 0.00 0.00 100.00 100.00 -1000 1.61 3.79 -8.39 -1000 35.38 -0.06 193.954
car -1 -1 0.00 0.00 0.00 100.00 100.00 -1000 2.00 6.01 4.10 -1000 40.26 1.50 193.415
car -1 -1 0.00 0.00 0.00 100.00 100.00 -1000 1.52 5.40 2.66 -1000 29.85 1.36 193.007
car -1 -1 0.00 0.00 0.00 100.00 100.00 -1000 1.80 5.77 9.87 -1000 36.88 1.43 192.910
car -1 -1 0.00 0.00 0.00 100.00 100.00 -1000 1.49 5.58 -6.15 -1000 31.62 1.51 192.430
car -1 -1 0.00 0.00 0.00 100.00 100.00 -1000 1.71 7.37 -7.02 -1000 39.11 1.41 191.379
car -1 -1 0.00 0.00 0.00 100.00 100.00 -1000 4.71 58.84 13.85 -1000 4.59 0.70 189.204
car -1 -1 0.00 0.00 0.00 100.00 100.00 -1000 1.78 5.99 -18.04 -1000 45.68 1.54 188.547
car -1 -1 0.00 0.00 0.00 100.00 100.00 -1000 1.74 5.36 7.63 -1000 36.37 1.49 188.419
car -1 -1 0.00 0.00 0.00 100.00 100.00 -1000 1.90 5.53 5.02 -1000 37.06 1.51 187.381
car -1 -1 0.00 0.00 0.00 100.00 100.00 -1000 5.49 85.76 -16.86 -1000 6.17 0.57 186.255
car -1 -1 0.00 0.00 0.00 100.00 100.00 -1000 1.70 6.65 -18.50 -1000 41.90 1.35 184.240
car -1 -1 0.00 0.00 0.00 100.00 100.00 -1000 2.49 31.49 10.55 -1000 5.22 -0.62 182.332
car -1 -1 0.00 0.00 0.00 100.00 100.00 -1000 1.89 10.11 -8.21 -1000 44.83 1.30 181.391
car -1 -1 0.00 0.00 0.00 100.00 100.00 -1000 1.85 7.11 12.29 -1000 40.66 1.34 181.228
car -1 -1 0.00 0.00 0.00 100.00 100.00 -1000 1.72 4.97 -10.21 -1000 41.51 0.15 180.519
car -1 -1 0.00 0.00 0.00 100.00 100.00 -1000 1.77 6.62 16.02 -1000 32.18 1.38 180.195
car -1 -1 0.00 0.00 0.00 100.00 100.00 -1000 1.77 6.08 16.16 -1000 27.23 1.43 179.032
car -1 -1 0.00 0.00 0.00 100.00 100.00 -1000 1.92 9.65 15.63 -1000 20.19 1.30 178.918
car -1 -1 0.00 0.00 0.00 100.00 100.00 -1000 1.60 6.47 -5.23 -1000 37.62 1.43 177.019
car -1 -1 0.00 0.00 0.00 100.00 100.00 -1000 1.88 6.60 7.25 -1000 44.98 1.38 176.714
car -1 -1 0.00 0.00 0.00 100.00 100.00 -1000 1.82 5.38 13.95 -1000 36.98 1.53 176.500
car -1 -1 0.00 0.00 0.00 100.00 100.00 -1000 1.87 6.17 12.09 -1000 39.45 1.43 176.392
car -1 -1 0.00 0.00 0.00 100.00 100.00 -1000 1.81 6.49 8.26 -1000 28.79 1.41 175.725
car -1 -1 0.00 0.00 0.00 100.00 100.00 -1000 3.25 15.88 -18.01 -1000 3.84 0.47 174.602
car -1 -1 0.00 0.00 0.00 100.00 100.00 -1000 1.70 7.42 -5.27 -1000 41.69 1.42 172.424
car -1 -1 0.00 0.00 0.00 100.00 100.00 -1000 16.06 19.81 9.85 -1000 2.46 -0.13 172.146
car -1 -1 0.00 0.00 0.00 100.00 100.00 -1000 2.06 8.34 -0.33 -1000 38.96 1.06 168.967
car -1 -1 0.00 0.00 0.00 100.00 100.00 -1000 1.35 3.11 8.61 -1000 44.48 0.15 168.786
car -1 -1 0.00 0.00 0.00 100.00 100.00 -1000 1.73 4.50 -8.80 -1000 30.11 1.61 168.589
car -1 -1 0.00 0.00 0.00 100.00 100.00 -1000 1.72 5.62 15.00 -1000 38.08 1.44 165.470
car -1 -1 0.00 0.00 0.00 100.00 100.00 -1000 1.90 6.48 7.99 -1000 29.75 1.48 162.240
car -1 -1 0.00 0.00 0.00 100.00 100.00 -1000 4.15 6.39 6.20 -1000 1.47 0.59 161.811
car -1 -1 0.00 0.00 0.00 100.00 100.00 -1000 1.85 6.42 -19.88 -1000 40.86 1.32 160.686
car -1 -1 0.00 0.00 0.00 100.00 100.00 -1000 1.95 6.73 5.28 -1000 43.09 1.52 159.753
car -1 -1 0.00 0.00 0.00 100.00 100.00 -1000 1.92 9.96 -10.59 -1000 33.29 1.28 158.741
car -1 -1 0.00 0.00 0.00 100.00 100.00 -1000 1.80 6.94 16.24 -1000 33.50 1.38 157.017
car -1 -1 0.00 0.00 0.00 100.00 100.00 -1000 1.81 7.91 15.04 -1000 21.00 1.34 156.647
car -1 -1 0.00 0.00 0.00 100.00 100.00 -1000 1.88 5.87 -8.26 -1000 40.20 1.53 155.889
car -1 -1 0.00 0.00 0.00 100.00 100.00 -1000 5.33 8.36 7.04 -1000 4.68 0.32 155.711
car -1 -1 0.00 0.00 0.00 100.00 100.00 -1000 1.86 8.08 1.97 -1000 41.87 1.24 155.691
car -1 -1 0.00 0.00 0.00 100.00 100.00 -1000 1.71 5.26 -19.47 -1000 43.48 1.44 155.251
car -1 -1 0.00 0.00 0.00 100.00 100.00 -1000 2.17 8.35 5.13 -1000 28.35 1.39 153.737
car -1 -1 0.00 0.00 0.00 100.00 100.00 -1000 3.09 7.86 14.52 -1000 9.52 0.82 153.284
car -1 -1 0.00 0.00 0.00 100.00 100.00 -1000 24.33 28.54 10.91 -1000 5.52 -0.42 152.652
car -1 -1 0.00 0.00 0.00 100.00 100.00 -1000 1.49 5.60 -12.37 -1000 30.91 1.34 152.427
car -1 -1 0.00 0.00 0.00 100.00 100.00 -1000 1.71 5.99 8.35 -1000 35.12 1.31 152.266
car -1 -1 0.00 0.00 0.00 100.00 100.00 -1000 1.82 5.92 -17.24 -1000 36.94 1.49 152.123
car -1 -1 0.00 0.00 0.00 100.00 100.00 -1000 3.24 16.77 -18.17 -1000 10.26 0.47 150.903
car -1 -1 0.00 0.00 0.00 100.00 100.00 -1000 1.63 6.65 -20.46 -1000 27.23 1.27 150.602
car -1 -1 0.00 0.00 0.00 100.00 100.00 -1000 1.72 8.35 -17.98 -1000 31.12 1.37 150.164
car -1 -1 0.00 0.00 0.00 100.00 100.00 -1000 1.67 5.61 -20.64 -1000 24.04 1.34 147.824
car -1 -1 0.00 0.00 0.00 100.00 100.00 -1000 6.91 167.32 11.66 -1000 9.35 0.37 147.805
car -1 -1 0.00 0.00 0.00 100.00 100.00 -1000 2.95 15.02 14.27 -1000 11.70 0.66 147.456
car -1 -1 0.00 0.00 0.00 100.00 100.00 -1000 1.84 6.48 7.32 -1000 41.89 1.39 142.201
car -1 -1 0.00 0.00 0.00 100.00 100.00 -1000 2.12 17.78 10.99 -1000 3.48 -0.06 141.959
car -1 -1 0.00 0.00 0.00 100.00 100.00 -1000 1.75 6.73 -20.29 -1000 26.26 1.25 141.529
car -1 -1 0.00 0.00 0.00 100.00 100.00 -1000 4.30 52.00 -16.72 -1000 2.99 0.71 141.505
car -1 -1 0.00 0.00 0.00 100.00 100.00 -1000 1.46 5.15 -3.46 -1000 22.64 1.38 141.379
car -1 -1 0.00 0.00 0.00 100.00 100.00 -1000 1.78 4.99 6.89 -1000 40.36 1.46 140.516
car -1 -1 0.00 0.00 0.00 100.00 100.00 -1000 2.94 7.87 12.95 -1000 4.66 0.84 139.107
car -1 -1 0.00 0.00 0.00 100.00 100.00 -1000 2.82 13.81 14.34 -1000 6.81 0.73 137.646
car -1 -1 0.00 0.00 0.00 100.00 100.00 -1000 1.73 5.26 17.42 -1000 43.59 -0.20 136.963
car -1 -1 0.00 0.00 0.00 100.00 100.00 -1000 1.89 8.24 17.29 -1000 39.58 1.35 136.363
car -1 -1 0.00 0.00 0.00 100.00 100.00 -1000 1.41 6.22 -4.79 -1000 36.28 1.44 133.443
car -1 -1 0.00 0.00 0.00 100.00 100.00 -1000 1.94 15.22 -14.33 -1000 33.91 1.17 130.979
car -1 -1 0.00 0.00 0.00 100.00 100.00 -1000 9.64 15.37 11.37 -1000 2.58 0.19 129.939
car -1 -1 0.00 0.00 0.00 100.00 100.00 -1000 1.87 7.86 5.73 -1000 20.08 1.38 129.892
car -1 -1 0.00 0.00 0.00 100.00 100.00 -1000 1.70 9.12 -10.76 -1000 39.81 1.35 128.004
car -1 -1 0.00 0.00 0.00 100.00 100.00 -1000 1.76 6.40 8.19 -1000 25.65 1.41 125.847
car -1 -1 0.00 0.00 0.00 100.00 100.00 -1000 1.57 5.74 -20.16 -1000 24.82 1.37 125.188
