car -1 -1 0.00 0.00 0.00 100.00 100.00 -1000 1.51 3.51 0.30 -1000 7.19 1.54 999.744
car -1 -1 0.00 0.00 0.00 100.00 100.00 -1000 1.57 3.90 -3.66 -1000 24.18 1.44 999.553
car -1 -1 0.00 0.00 0.00 100.00 100.00 -1000 1.52 3.79 -6.37 -1000 20.80 1.50 999.277
car -1 -1 0.00 0.00 0.00 100.00 100.00 -1000 1.57 3.63 -5.15 -1000 24.03 1.53 999.267
car -1 -1 0.00 0.00 0.00 100.00 100.00 -1000 1.73 4.85 19.36 -1000 33.90 0.26 998.993
car -1 -1 0.00 0.00 0.00 100.00 100.00 -1000 1.65 4.89 -7.40 -1000 20.14 0.25 998.750
car -1 -1 0.00 0.00 0.00 100.00 100.00 -1000 1.43 3.76 0.76 -1000 43.58 1.48 998.696
car -1 -1 0.00 0.00 0.00 100.00 100.00 -1000 1.56 3.69 -7.92 -1000 20.85 1.54 998.387
car -1 -1 0.00 0.00 0.00 100.00 100.00 -1000 1.50 3.90 0.41 -1000 7.98 1.43 998.345
car -1 -1 0.00 0.00 0.00 100.00 100.00 -1000 1.56 4.54 -4.15 -1000 23.39 0.19 998.311
car -1 -1 0.00 0.00 0.00 100.00 100.00 -1000 1.56 3.40 18.40 -1000 34.42 1.58 996.839
car -1 -1 0.00 0.00 0.00 100.00 100.00 -1000 1.55 3.68 -6.14 -1000 24.44 1.59 994.745
car -1 -1 0.00 0.00 0.00 100.00 100.00 -1000 1.59 4.03 -4.85 -1000 24.82 1.52 989.869
car -1 -1 0.00 0.00 0.00 100.00 100.00 -1000 1.37 3.85 0.17 -1000 6.40 0.16 989.491
car -1 -1 0.00 0.00 0.00 100.00 100.00 -1000 1.63 4.16 -7.05 -1000 21.52 1.59 987.909
car -1 -1 0.00 0.00 0.00 100.00 100.00 -1000 1.50 3.78 16.52 -1000 28.09 1.53 986.078
car -1 -1 0.00 0.00 0.00 100.00 100.00 -1000 1.54 3.72 -0.48 -1000 8.61 1.60 985.484
car -1 -1 0.00 0.00 0.00 100.00 100.00 -1000 1.19 4.08 1.16 -1000 42.78 0.13 983.433
car -1 -1 0.00 0.00 0.00 100.00 100.00 -1000 1.34 4.02 -5.83 -1000 19.94 0.05 974.030
car -1 -1 0.00 0.00 0.00 100.00 100.00 -1000 1.62 3.88 -6.82 -1000 23.83 1.59 973.984
car -1 -1 0.00 0.00 0.00 100.00 100.00 -1000 1.51 3.81 -5.59 -1000 21.36 1.55 970.766
car -1 -1 0.00 0.00 0.00 100.00 100.00 -1000 1.63 4.46 -5.94 -1000 23.18 0.02 969.776
car -1 -1 0.00 0.00 0.00 100.00 100.00 -1000 1.38 3.87 1.66 -1000 44.09 1.62 960.055
car -1 -1 0.00 0.00 0.00 100.00 100.00 -1000 1.87 5.25 1.07 -1000 11.00 1.46 950.239
car -1 -1 0.00 0.00 0.00 100.00 100.00 -1000 1.81 5.14 0.31 -1000 44.42 1.50 947.457
car -1 -1 0.00 0.00 0.00 100.00 100.00 -1000 1.60 4.51 17.80 -1000 33.68 1.58 936.467
car -1 -1 0.00 0.00 0.00 100.00 100.00 -1000 1.68 4.47 18.13 -1000 35.09 1.55 932.031
car -1 -1 0.00 0.00 0.00 100.00 100.00 -1000 1.39 4.26 -4.81 -1000 22.50 -0.02 929.545
car -1 -1 0.00 0.00 0.00 100.00 100.00 -1000 2.68 16.24 -4.88 -1000 27.26 1.35 914.962
car -1 -1 0.00 0.00 0.00 100.00 100.00 -1000 1.66 4.32 -3.36 -1000 25.08 1.58 906.706
car -1 -1 0.00 0.00 0.00 100.00 100.00 -1000 1.97 6.26 1.82 -1000 46.41 1.50 904.393
car -1 -1 0.00 0.00 0.00 100.00 100.00 -1000 1.67 4.16 -8.97 -1000 20.38 1.62 902.190
car -1 -1 0.00 0.00 0.00 100.00 100.00 -1000 1.95 6.68 -7.35 -1000 24.76 1.37 894.414
car -1 -1 0.00 0.00 0.00 100.00 100.00 -1000 1.63 4.04 15.03 -1000 28.51 1.61 893.972
car -1 -1 0.00 0.00 0.00 100.00 100.00 -1000 1.62 3.86 17.63 -1000 41.82 1.59 892.562
car -1 -1 0.00 0.00 0.00 100.00 100.00 -1000 1.64 3.98 8.32 -1000 40.26 1.61 867.058
car -1 -1 0.00 0.00 0.00 100.00 100.00 -1000 1.84 5.76 -8.62 -1000 21.81 1.50 858.557
car -1 -1 0.00 0.00 0.00 100.00 100.00 -1000 1.56 4.62 -6.61 -1000 22.52 1.49 857.894
car -1 -1 0.00 0.00 0.00 100.00 100.00 -1000 2.22 7.91 -0.55 -1000 45.16 1.47 852.720
car -1 -1 0.00 0.00 0.00 100.00 100.00 -1000 1.75 4.92 -5.76 -1000 25.39 1.55 850.823
car -1 -1 0.00 0.00 0.00 100.00 100.00 -1000 2.30 8.54 0.16 -1000 10.16 1.60 849.389
car -1 -1 0.00 0.00 0.00 100.00 100.00 -1000 2.33 11.34 -3.93 -1000 28.55 1.45 848.914
car -1 -1 0.00 0.00 0.00 100.00 100.00 -1000 1.68 4.19 15.52 -1000 27.53 0.02 847.866
car -1 -1 0.00 0.00 0.00 100.00 100.00 -1000 1.60 3.74 9.51 -1000 39.55 1.56 844.665
car -1 -1 0.00 0.00 0.00 100.00 100.00 -1000 2.40 10.97 -8.78 -1000 24.02 1.18 818.339
car -1 -1 0.00 0.00 0.00 100.00 100.00 -1000 1.81 5.52 -8.38 -1000 23.32 1.52 808.390
car -1 -1 0.00 0.00 0.00 100.00 100.00 -1000 1.93 5.93 -0.29 -1000 9.30 1.57 807.700
car -1 -1 0.00 0.00 0.00 100.00 100.00 -1000 2.14 8.69 -0.78 -1000 11.41 1.37 790.803
car -1 -1 0.00 0.00 0.00 100.00 100.00 -1000 1.82 3.94 -6.17 -1000 47.67 1.46 788.326
car -1 -1 0.00 0.00 0.00 100.00 100.00 -1000 1.73 4.52 -0.19 -1000 42.95 1.59 766.387
car -1 -1 0.00 0.00 0.00 100.00 100.00 -1000 2.28 11.57 -6.94 -1000 28.12 1.35 760.634
car -1 -1 0.00 0.00 0.00 100.00 100.00 -1000 1.67 4.58 16.52 -1000 28.82 1.63 760.344
car -1 -1 0.00 0.00 0.00 100.00 100.00 -1000 2.66 13.88 -7.85 -1000 25.65 1.06 756.669
car -1 -1 0.00 0.00 0.00 100.00 100.00 -1000 1.67 4.61 2.99 -1000 44.37 1.69 756.018
car -1 -1 0.00 0.00 0.00 100.00 100.00 -1000 2.35 8.86 -1.60 -1000 46.07 1.48 744.050
car -1 -1 0.00 0.00 0.00 100.00 100.00 -1000 1.62 4.18 -3.13 -1000 22.83 -0.15 738.698
car -1 -1 0.00 0.00 0.00 100.00 100.00 -1000 1.90 5.67 2.41 -1000 45.52 1.64 713.915
car -1 -1 0.00 0.00 0.00 100.00 100.00 -1000 1.89 5.56 0.39 -1000 5.80 0.19 705.705
car -1 -1 0.00 0.00 0.00 100.00 100.00 -1000 2.07 8.85 -9.41 -1000 22.34 1.30 698.923
car -1 -1 0.00 0.00 0.00 100.00 100.00 -1000 7.17 43.19 9.50 -1000 6.41 -0.37 693.815
car -1 -1 0.00 0.00 0.00 100.00 100.00 -1000 2.24 10.04 -1.30 -1000 27.72 1.37 689.965
car -1 -1 0.00 0.00 0.00 100.00 100.00 -1000 1.64 4.12 -6.60 -1000 43.24 1.61 684.321
car -1 -1 0.00 0.00 0.00 100.00 100.00 -1000 1.71 4.39 -6.18 -1000 42.26 0.00 678.632
car -1 -1 0.00 0.00 0.00 100.00 100.00 -1000 2.32 11.50 -3.88 -1000 26.48 1.36 675.161
car -1 -1 0.00 0.00 0.00 100.00 100.00 -1000 1.25 4.04 0.76 -1000 42.12 1.32 644.785
car -1 -1 0.00 0.00 0.00 100.00 100.00 -1000 1.82 6.38 -2.97 -1000 26.03 1.53 637.030
car -1 -1 0.00 0.00 0.00 100.00 100.00 -1000 1.77 4.70 2.44 -1000 11.87 1.47 633.221
car -1 -1 0.00 0.00 0.00 100.00 100.00 -1000 1.71 4.57 16.01 -1000 41.52 1.55 621.636
car -1 -1 0.00 0.00 0.00 100.00 100.00 -1000 1.64 4.68 -11.77 -1000 21.77 1.50 612.880
car -1 -1 0.00 0.00 0.00 100.00 100.00 -1000 1.98 7.14 -11.15 -1000 23.00 1.38 610.941
car -1 -1 0.00 0.00 0.00 100.00 100.00 -1000 1.69 4.28 17.47 -1000 27.47 -0.14 608.342
car -1 -1 0.00 0.00 0.00 100.00 100.00 -1000 1.91 5.97 9.08 -1000 41.38 1.44 606.406
car -1 -1 0.00 0.00 0.00 100.00 100.00 -1000 6.41 37.53 -17.74 -1000 41.77 -0.27 604.588
car -1 -1 0.00 0.00 0.00 100.00 100.00 -1000 2.09 7.34 5.13 -1000 45.89 1.50 579.645
car -1 -1 0.00 0.00 0.00 100.00 100.00 -1000 2.22 9.83 -8.00 -1000 26.46 1.09 573.323
car -1 -1 0.00 0.00 0.00 100.00 100.00 -1000 2.00 7.49 -9.83 -1000 24.92 1.23 565.709
car -1 -1 0.00 0.00 0.00 100.00 100.00 -1000 1.82 4.69 3.56 -1000 17.03 1.56 561.583
car -1 -1 0.00 0.00 0.00 100.00 100.00 -1000 1.64 4.08 19.24 -1000 33.09 0.12 552.111
car -1 -1 0.00 0.00 0.00 100.00 100.00 -1000 2.31 10.79 -0.74 -1000 12.25 1.29 549.667
car -1 -1 0.00 0.00 0.00 100.00 100.00 -1000 1.82 5.02 -2.18 -1000 23.73 -0.18 544.997
car -1 -1 0.00 0.00 0.00 100.00 100.00 -1000 1.74 5.43 4.18 -1000 43.91 1.66 544.906
car -1 -1 0.00 0.00 0.00 100.00 100.00 -1000 5.74 33.05 8.27 -1000 4.57 -0.14 544.878
car -1 -1 0.00 0.00 0.00 100.00 100.00 -1000 1.77 6.29 -2.08 -1000 24.60 1.54 544.583
car -1 -1 0.00 0.00 0.00 100.00 100.00 -1000 13.88 568.28 11.93 -1000 4.35 0.14 539.945
car -1 -1 0.00 0.00 0.00 100.00 100.00 -1000 1.93 6.76 17.99 -1000 35.66 1.47 538.790
car -1 -1 0.00 0.00 0.00 100.00 100.00 -1000 1.81 5.08 7.35 -1000 40.97 1.53 525.836
car -1 -1 0.00 0.00 0.00 100.00 100.00 -1000 1.80 5.16 16.81 -1000 34.34 1.51 521.581
car -1 -1 0.00 0.00 0.00 100.00 100.00 -1000 1.93 5.76 13.35 -1000 28.71 1.46 517.201
car -1 -1 0.00 0.00 0.00 100.00 100.00 -1000 5.88 35.78 11.42 -1000 9.35 -0.16 510.509
car -1 -1 0.00 0.00 0.00 100.00 100.00 -1000 1.62 3.86 17.38 -1000 41.00 0.18 506.858
car -1 -1 0.00 0.00 0.00 100.00 100.00 -1000 2.05 7.80 -8.19 -1000 25.62 1.29 502.987
car -1 -1 0.00 0.00 0.00 100.00 100.00 -1000 1.63 4.23 2.56 -1000 43.50 1.73 478.685
car -1 -1 0.00 0.00 0.00 100.00 100.00 -1000 2.17 9.65 17.79 -1000 36.43 1.37 469.374
car -1 -1 0.00 0.00 0.00 100.00 100.00 -1000 11.72 409.79 -15.47 -1000 39.88 0.20 455.959
car -1 -1 0.00 0.00 0.00 100.00 100.00 -1000 1.70 4.53 14.10 -1000 27.97 1.61 454.884
car -1 -1 0.00 0.00 0.00 100.00 100.00 -1000 1.58 3.62 -7.50 -1000 19.46 0.22 430.070
car -1 -1 0.00 0.00 0.00 100.00 100.00 -1000 1.78 5.91 8.01 -1000 17.40 1.47 425.906
car -1 -1 0.00 0.00 0.00 100.00 100.00 -1000 1.98 8.52 -13.26 -1000 22.56 1.48 412.447
car -1 -1 0.00 0.00 0.00 100.00 100.00 -1000 1.72 5.04 -6.41 -1000 43.98 1.48 410.592
car -1 -1 0.00 0.00 0.00 100.00 100.00 -1000 1.87 5.85 13.41 -1000 41.00 1.50 398.960
car -1 -1 0.00 0.00 0.00 100.00 100.00 -1000 9.90 297.48 10.38 -1000 2.79 0.31 397.811
car -1 -1 0.00 0.00 0.00 100.00 100.00 -1000 1.78 4.97 16.59 -1000 26.87 1.70 395.429
car -1 -1 0.00 0.00 0.00 100.00 100.00 -1000 1.89 5.66 15.08 -1000 42.20 1.50 376.666
car -1 -1 0.00 0.00 0.00 100.00 100.00 -1000 10.14 312.04 13.51 -1000 7.63 0.27 370.862
car -1 -1 0.00 0.00 0.00 100.00 100.00 -1000 2.39 12.11 15.75 -1000 37.31 1.18 364.408
car -1 -1 0.00 0.00 0.00 100.00 100.00 -1000 1.68 4.36 9.99 -1000 38.76 -0.21 363.895
car -1 -1 0.00 0.00 0.00 100.00 100.00 -1000 4.25 20.56 -18.02 -1000 36.29 0.28 363.561
car -1 -1 0.00 0.00 0.00 100.00 100.00 -1000 1.82 5.00 6.65 -1000 27.24 1.47 342.533
car -1 -1 0.00 0.00 0.00 100.00 100.00 -1000 2.02 6.56 6.12 -1000 41.54 1.52 340.964
car -1 -1 0.00 0.00 0.00 100.00 100.00 -1000 5.22 7.22 11.03 -1000 4.57 0.46 335.267
car -1 -1 0.00 0.00 0.00 100.00 100.00 -1000 2.26 8.30 -0.26 -1000 46.94 1.46 334.284
car -1 -1 0.00 0.00 0.00 100.00 100.00 -1000 1.89 5.96 12.96 -1000 46.65 1.29 334.118
car -1 -1 0.00 0.00 0.00 100.00 100.00 -1000 1.97 7.13 15.45 -1000 29.47 1.45 325.650
car -1 -1 0.00 0.00 0.00 100.00 100.00 -1000 8.41 208.22 -15.47 -1000 41.54 0.36 322.832
car -1 -1 0.00 0.00 0.00 100.00 100.00 -1000 2.53 12.36 3.27 -1000 46.80 1.42 320.242
car -1 -1 0.00 0.00 0.00 100.00 100.00 -1000 4.68 27.31 -17.29 -1000 38.06 0.12 320.156
car -1 -1 0.00 0.00 0.00 100.00 100.00 -1000 2.13 9.43 -2.18 -1000 25.40 1.38 305.074
car -1 -1 0.00 0.00 0.00 100.00 100.00 -1000 1.78 5.59 11.50 -1000 39.92 1.61 304.685
car -1 -1 0.00 0.00 0.00 100.00 100.00 -1000 1.73 4.47 2.20 -1000 42.19 1.65 303.940
car -1 -1 0.00 0.00 0.00 100.00 100.00 -1000 3.61 13.32 -17.43 -1000 34.82 0.60 302.780
car -1 -1 0.00 0.00 0.00 100.00 100.00 -1000 4.72 6.83 -16.31 -1000 40.09 0.52 292.879
car -1 -1 0.00 0.00 0.00 100.00 100.00 -1000 1.93 7.47 1.26 -1000 27.30 1.36 284.975
car -1 -1 0.00 0.00 0.00 100.00 100.00 -1000 4.74 7.58 12.63 -1000 6.18 0.53 283.370
car -1 -1 0.00 0.00 0.00 100.00 100.00 -1000 7.69 174.14 13.52 -1000 4.43 0.46 282.855
car -1 -1 0.00 0.00 0.00 100.00 100.00 -1000 1.55 3.97 7.50 -1000 39.69 1.44 282.528
car -1 -1 0.00 0.00 0.00 100.00 100.00 -1000 1.74 4.83 -7.92 -1000 42.77 1.46 273.184
car -1 -1 0.00 0.00 0.00 100.00 100.00 -1000 1.82 6.82 -1.51 -1000 43.46 1.40 270.309
car -1 -1 0.00 0.00 0.00 100.00 100.00 -1000 6.34 104.78 -16.49 -1000 35.15 0.57 262.803
car -1 -1 0.00 0.00 0.00 100.00 100.00 -1000 1.79 6.24 -0.18 -1000 24.30 1.48 254.726
car -1 -1 0.00 0.00 0.00 100.00 100.00 -1000 1.79 5.11 8.28 -1000 38.95 1.62 254.609
car -1 -1 0.00 0.00 0.00 100.00 100.00 -1000 4.87 22.93 -9.45 -1000 9.61 0.04 254.502
car -1 -1 0.00 0.00 0.00 100.00 100.00 -1000 1.97 7.09 11.29 -1000 41.80 1.41 252.821
car -1 -1 0.00 0.00 0.00 100.00 100.00 -1000 1.70 4.17 1.09 -1000 9.73 -0.41 249.219
car -1 -1 0.00 0.00 0.00 100.00 100.00 -1000 1.83 6.33 9.11 -1000 16.78 1.51 248.201
car -1 -1 0.00 0.00 0.00 100.00 100.00 -1000 1.82 5.27 16.01 -1000 33.27 1.65 246.671
car -1 -1 0.00 0.00 0.00 100.00 100.00 -1000 1.81 5.55 5.98 -1000 45.14 1.48 242.230
car -1 -1 0.00 0.00 0.00 100.00 100.00 -1000 3.90 22.72 13.56 -1000 7.21 0.35 240.042
car -1 -1 0.00 0.00 0.00 100.00 100.00 -1000 6.87 141.80 14.98 -1000 7.68 0.51 239.420
car -1 -1 0.00 0.00 0.00 100.00 100.00 -1000 4.30 6.91 9.45 -1000 2.98 0.58 238.813
car -1 -1 0.00 0.00 0.00 100.00 100.00 -1000 7.43 160.81 -15.55 -1000 36.72 0.45 231.519
car -1 -1 0.00 0.00 0.00 100.00 100.00 -1000 1.84 5.95 -1.05 -1000 42.25 1.61 231.475
car -1 -1 0.00 0.00 0.00 100.00 100.00 -1000 3.81 21.32 -15.37 -1000 39.45 0.35 227.728
car -1 -1 0.00 0.00 0.00 100.00 100.00 -1000 1.77 6.59 0.61 -1000 25.50 1.44 225.083
car -1 -1 0.00 0.00 0.00 100.00 100.00 -1000 3.90 23.23 13.56 -1000 10.43 0.33 224.340
car -1 -1 0.00 0.00 0.00 100.00 100.00 -1000 1.86 5.86 9.18 -1000 27.29 1.44 223.301
car -1 -1 0.00 0.00 0.00 100.00 100.00 -1000 1.86 4.97 -5.96 -1000 46.86 1.56 220.832
car -1 -1 0.00 0.00 0.00 100.00 100.00 -1000 1.81 5.26 14.98 -1000 40.57 1.65 220.127
car -1 -1 0.00 0.00 0.00 100.00 100.00 -1000 1.80 4.48 10.26 -1000 40.71 -0.17 216.137
car -1 -1 0.00 0.00 0.00 100.00 100.00 -1000 4.56 49.96 -16.13 -1000 33.83 0.86 213.946
car -1 -1 0.00 0.00 0.00 100.00 100.00 -1000 1.67 5.57 13.24 -1000 33.92 1.34 211.699
car -1 -1 0.00 0.00 0.00 100.00 100.00 -1000 4.17 7.76 -8.97 -1000 8.05 0.84 209.961
car -1 -1 0.00 0.00 0.00 100.00 100.00 -1000 1.95 9.32 18.19 -1000 29.78 1.34 205.467
car -1 -1 0.00 0.00 0.00 100.00 100.00 -1000 2.20 9.38 -10.15 -1000 27.23 1.10 203.883
car -1 -1 0.00 0.00 0.00 100.00 100.00 -1000 1.76 6.11 -10.24 -1000 21.34 1.43 201.646
car -1 -1 0.00 0.00 0.00 100.00 100.00 -1000 1.95 6.02 13.05 -1000 27.39 1.58 201.015
car -1 -1 0.00 0.00 0.00 100.00 100.00 -1000 1.39 3.60 -3.99 -1000 20.88 1.53 199.381
car -1 -1 0.00 0.00 0.00 100.00 100.00 -1000 1.79 5.81 5.44 -1000 42.77 1.52 198.318
car -1 -1 0.00 0.00 0.00 100.00 100.00 -1000 1.77 6.40 12.31 -1000 26.14 1.47 197.446
car -1 -1 0.00 0.00 0.00 100.00 100.00 -1000 1.97 10.01 -16.11 -1000 35.43 0.54 197.280
car -1 -1 0.00 0.00 0.00 100.00 100.00 -1000 1.63 4.45 1.51 -1000 5.13 1.60 189.398
car -1 -1 0.00 0.00 0.00 100.00 100.00 -1000 3.80 21.29 -18.50 -1000 42.71 0.26 183.832
car -1 -1 0.00 0.00 0.00 100.00 100.00 -1000 1.73 5.42 5.56 -1000 26.54 1.46 182.857
car -1 -1 0.00 0.00 0.00 100.00 100.00 -1000 2.15 8.49 8.03 -1000 42.16 1.43 181.415
car -1 -1 0.00 0.00 0.00 100.00 100.00 -1000 2.16 13.47 15.04 -1000 38.31 1.16 178.635
car -1 -1 0.00 0.00 0.00 100.00 100.00 -1000 1.59 4.72 1.96 -1000 10.29 -0.22 174.939
car -1 -1 0.00 0.00 0.00 100.00 100.00 -1000 1.96 6.46 17.57 -1000 42.43 1.51 174.075
car -1 -1 0.00 0.00 0.00 100.00 100.00 -1000 1.65 5.55 0.71 -1000 23.54 1.47 173.162
car -1 -1 0.00 0.00 0.00 100.00 100.00 -1000 1.85 6.98 16.26 -1000 45.09 1.33 172.657
car -1 -1 0.00 0.00 0.00 100.00 100.00 -1000 1.90 5.85 19.08 -1000 32.49 1.64 171.133
car -1 -1 0.00 0.00 0.00 100.00 100.00 -1000 3.74 20.94 8.51 -1000 2.58 0.35 170.778
car -1 -1 0.00 0.00 0.00 100.00 100.00 -1000 2.28 9.87 12.32 -1000 42.53 1.36 169.380
car -1 -1 0.00 0.00 0.00 100.00 100.00 -1000 5.43 89.40 14.98 -1000 6.09 0.64 168.664
car -1 -1 0.00 0.00 0.00 100.00 100.00 -1000 1.61 5.32 -12.42 -1000 21.03 1.48 168.548
car -1 -1 0.00 0.00 0.00 100.00 100.00 -1000 5.35 85.02 -13.94 -1000 38.36 0.63 167.232
car -1 -1 0.00 0.00 0.00 100.00 100.00 -1000 1.62 3.68 13.41 -1000 46.02 0.05 167.106
car -1 -1 0.00 0.00 0.00 100.00 100.00 -1000 3.65 7.71 -14.83 -1000 41.70 0.69 167.078
car -1 -1 0.00 0.00 0.00 100.00 100.00 -1000 2.11 8.19 -7.27 -1000 44.70 1.41 163.352
car -1 -1 0.00 0.00 0.00 100.00 100.00 -1000 1.63 5.45 -0.92 -1000 23.22 1.44 160.844
car -1 -1 0.00 0.00 0.00 100.00 100.00 -1000 1.40 3.59 -5.44 -1000 19.20 1.57 160.813
car -1 -1 0.00 0.00 0.00 100.00 100.00 -1000 3.18 15.18 -12.63 -1000 42.38 0.65 158.189
car -1 -1 0.00 0.00 0.00 100.00 100.00 -1000 5.43 90.82 14.97 -1000 9.33 0.61 157.341
car -1 -1 0.00 0.00 0.00 100.00 100.00 -1000 1.57 4.49 -9.88 -1000 19.65 1.58 157.261
car -1 -1 0.00 0.00 0.00 100.00 100.00 -1000 3.57 8.03 14.20 -1000 7.80 0.72 156.033
car -1 -1 0.00 0.00 0.00 100.00 100.00 -1000 1.89 6.76 8.72 -1000 45.09 1.37 156.002
car -1 -1 0.00 0.00 0.00 100.00 100.00 -1000 1.98 7.18 8.11 -1000 45.92 1.40 154.745
car -1 -1 0.00 0.00 0.00 100.00 100.00 -1000 1.71 4.25 7.04 -1000 26.18 0.07 152.987
car -1 -1 0.00 0.00 0.00 100.00 100.00 -1000 2.37 8.74 11.57 -1000 29.20 1.39 150.167
car -1 -1 0.00 0.00 0.00 100.00 100.00 -1000 1.95 5.98 18.13 -1000 40.49 1.68 148.556
car -1 -1 0.00 0.00 0.00 100.00 100.00 -1000 2.16 6.98 11.74 -1000 47.27 1.36 145.697
car -1 -1 0.00 0.00 0.00 100.00 100.00 -1000 2.86 5.67 -16.72 -1000 33.97 1.06 144.041
car -1 -1 0.00 0.00 0.00 100.00 100.00 -1000 5.38 88.34 -17.03 -1000 41.61 0.56 136.637
car -1 -1 0.00 0.00 0.00 100.00 100.00 -1000 1.77 6.39 14.05 -1000 34.72 1.30 136.533
car -1 -1 0.00 0.00 0.00 100.00 100.00 -1000 2.91 14.91 -14.89 -1000 37.47 0.69 134.339
car -1 -1 0.00 0.00 0.00 100.00 100.00 -1000 2.06 7.01 14.77 -1000 45.74 1.32 132.952
car -1 -1 0.00 0.00 0.00 100.00 100.00 -1000 5.45 99.34 8.61 -1000 2.88 0.58 132.724
car -1 -1 0.00 0.00 0.00 100.00 100.00 -1000 1.57 7.71 13.79 -1000 19.23 1.52 132.408
car -1 -1 0.00 0.00 0.00 100.00 100.00 -1000 1.72 5.50 -1.88 -1000 21.93 1.59 132.032
car -1 -1 0.00 0.00 0.00 100.00 100.00 -1000 1.88 6.77 -3.08 -1000 42.83 1.38 130.791
car -1 -1 0.00 0.00 0.00 100.00 100.00 -1000 1.92 5.75 3.04 -1000 16.20 1.55 130.679
car -1 -1 0.00 0.00 0.00 100.00 100.00 -1000 3.01 16.16 12.51 -1000 3.72 0.61 130.404
car -1 -1 0.00 0.00 0.00 100.00 100.00 -1000 1.72 5.55 3.71 -1000 41.57 1.48 130.265
car -1 -1 0.00 0.00 0.00 100.00 100.00 -1000 2.07 9.36 15.53 -1000 30.19 1.35 129.622
car -1 -1 0.00 0.00 0.00 100.00 100.00 -1000 2.92 15.36 -13.29 -1000 40.75 0.66 127.010
car -1 -1 0.00 0.00 0.00 100.00 100.00 -1000 1.61 4.99 4.56 -1000 12.17 1.38 126.120
car -1 -1 0.00 0.00 0.00 100.00 100.00 -1000 1.74 7.06 13.87 -1000 32.20 1.45 125.366
car -1 -1 0.00 0.00 0.00 100.00 100.00 -1000 1.79 4.91 18.11 -1000 28.20 -0.29 125.054
car -1 -1 0.00 0.00 0.00 100.00 100.00 -1000 4.19 8.11 -16.82 -1000 38.51 0.55 120.513
car -1 -1 0.00 0.00 0.00 100.00 100.00 -1000 1.30 3.43 -0.73 -1000 7.53 1.65 120.146
car -1 -1 0.00 0.00 0.00 100.00 100.00 -1000 1.99 6.34 10.18 -1000 26.48 1.47 117.998
car -1 -1 0.00 0.00 0.00 100.00 100.00 -1000 2.22 8.51 -4.16 -1000 46.47 1.37 117.983
car -1 -1 0.00 0.00 0.00 100.00 100.00 -1000 3.75 18.03 -10.31 -1000 7.58 0.43 117.514
car -1 -1 0.00 0.00 0.00 100.00 100.00 -1000 2.14 8.88 16.31 -1000 43.12 1.45 117.343
car -1 -1 0.00 0.00 0.00 100.00 100.00 -1000 1.98 11.98 -6.82 -1000 29.50 1.23 115.773
car -1 -1 0.00 0.00 0.00 100.00 100.00 -1000 1.93 6.26 14.39 -1000 26.75 1.62 112.641
car -1 -1 0.00 0.00 0.00 100.00 100.00 -1000 1.61 3.72 11.24 -1000 47.01 0.07 112.532
car -1 -1 0.00 0.00 0.00 100.00 100.00 -1000 1.89 9.06 8.12 -1000 18.11 1.49 110.988
car -1 -1 0.00 0.00 0.00 100.00 100.00 -1000 8.82 35.25 -16.56 -1000 35.48 0.57 110.513
car -1 -1 0.00 0.00 0.00 100.00 100.00 -1000 1.79 5.59 -3.54 -1000 41.21 1.46 109.189
car -1 -1 0.00 0.00 0.00 100.00 100.00 -1000 3.07 17.81 -15.04 -1000 43.99 0.56 105.135
car -1 -1 0.00 0.00 0.00 100.00 100.00 -1000 2.41 14.16 1.40 -1000 37.30 1.00 103.433
car -1 -1 0.00 0.00 0.00 100.00 100.00 -1000 2.00 7.56 1.91 -1000 17.57 1.27 103.308
car -1 -1 0.00 0.00 0.00 100.00 100.00 -1000 1.93 7.18 -8.70 -1000 43.91 1.32 103.234
car -1 -1 0.00 0.00 0.00 100.00 100.00 -1000 1.99 6.63 4.25 -1000 17.87 1.45 101.510
car -1 -1 0.00 0.00 0.00 100.00 100.00 -1000 1.82 7.85 16.92 -1000 31.58 1.43 99.252
car -1 -1 0.00 0.00 0.00 100.00 100.00 -1000 3.74 42.41 13.59 -1000 2.93 0.83 97.199
car -1 -1 0.00 0.00 0.00 100.00 100.00 -1000 3.55 37.03 -12.28 -1000 40.05 0.86 96.642
car -1 -1 0.00 0.00 0.00 100.00 100.00 -1000 3.10 8.05 14.11 -1000 9.45 0.78 95.445
car -1 -1 0.00 0.00 0.00 100.00 100.00 -1000 2.53 14.46 -1.82 -1000 47.33 1.22 93.086
car -1 -1 0.00 0.00 0.00 100.00 100.00 -1000 2.00 7.25 16.71 -1000 44.07 1.31 92.834
car -1 -1 0.00 0.00 0.00 100.00 100.00 -1000 1.63 4.71 -8.62 -1000 42.04 -0.00 91.753
car -1 -1 0.00 0.00 0.00 100.00 100.00 -1000 1.87 8.48 2.08 -1000 28.57 1.23 91.431
car -1 -1 0.00 0.00 0.00 100.00 100.00 -1000 2.94 18.51 -20.16 -1000 40.80 0.64 90.572
car -1 -1 0.00 0.00 0.00 100.00 100.00 -1000 2.43 13.79 9.76 -1000 30.10 1.12 90.238
car -1 -1 0.00 0.00 0.00 100.00 100.00 -1000 1.91 7.70 18.63 -1000 45.72 1.22 89.461
car -1 -1 0.00 0.00 0.00 100.00 100.00 -1000 1.52 4.71 3.85 -1000 45.18 -0.25 87.224
car -1 -1 0.00 0.00 0.00 100.00 100.00 -1000 1.71 7.91 6.21 -1000 25.70 1.34 87.195
car -1 -1 0.00 0.00 0.00 100.00 100.00 -1000 2.55 6.70 3.87 -1000 36.77 1.11 86.615
car -1 -1 0.00 0.00 0.00 100.00 100.00 -1000 2.20 24.71 10.33 -1000 5.12 -0.28 86.218
car -1 -1 0.00 0.00 0.00 100.00 100.00 -1000 2.69 15.85 15.51 -1000 8.40 0.77 86.001
car -1 -1 0.00 0.00 0.00 100.00 100.00 -1000 1.85 6.24 -12.90 -1000 20.25 1.46 84.989
car -1 -1 0.00 0.00 0.00 100.00 100.00 -1000 2.01 6.65 13.78 -1000 39.55 1.54 84.777
car -1 -1 0.00 0.00 0.00 100.00 100.00 -1000 2.95 16.79 -18.30 -1000 5.31 0.55 84.099
car -1 -1 0.00 0.00 0.00 100.00 100.00 -1000 2.02 6.44 -6.08 -1000 45.88 1.49 82.580
car -1 -1 0.00 0.00 0.00 100.00 100.00 -1000 1.95 8.27 8.44 -1000 44.25 1.36 80.664
car -1 -1 0.00 0.00 0.00 100.00 100.00 -1000 1.77 5.82 13.88 -1000 33.15 1.39 80.627
car -1 -1 0.00 0.00 0.00 100.00 100.00 -1000 3.61 8.51 -16.72 -1000 36.87 0.64 80.106
car -1 -1 0.00 0.00 0.00 100.00 100.00 -1000 1.73 5.05 5.92 -1000 40.42 1.52 78.515
car -1 -1 0.00 0.00 0.00 100.00 100.00 -1000 1.83 8.26 1.55 -1000 47.58 1.28 77.990
car -1 -1 0.00 0.00 0.00 100.00 100.00 -1000 2.01 9.41 17.80 -1000 30.71 1.31 77.865
car -1 -1 0.00 0.00 0.00 100.00 100.00 -1000 1.55 5.23 -12.73 -1000 19.46 1.57 77.421
car -1 -1 0.00 0.00 0.00 100.00 100.00 -1000 1.55 8.07 18.92 -1000 22.38 1.44 77.399
car -1 -1 0.00 0.00 0.00 100.00 100.00 -1000 2.42 12.72 12.03 -1000 43.41 1.30 76.866
car -1 -1 0.00 0.00 0.00 100.00 100.00 -1000 1.61 5.47 -5.09 -1000 35.87 0.01 76.852
car -1 -1 0.00 0.00 0.00 100.00 100.00 -1000 2.27 7.23 -7.75 -1000 47.19 1.31 75.698
car -1 -1 0.00 0.00 0.00 100.00 100.00 -1000 1.60 7.62 -15.03 -1000 27.23 1.42 75.176
car -1 -1 0.00 0.00 0.00 100.00 100.00 -1000 2.11 7.58 11.62 -1000 45.77 1.31 74.581
car -1 -1 0.00 0.00 0.00 100.00 100.00 -1000 1.57 6.35 2.97 -1000 25.08 1.37 73.916
car -1 -1 0.00 0.00 0.00 100.00 100.00 -1000 2.52 7.86 12.70 -1000 2.98 0.94 73.785
car -1 -1 0.00 0.00 0.00 100.00 100.00 -1000 2.86 16.47 -18.24 -1000 6.86 0.58 72.696
car -1 -1 0.00 0.00 0.00 100.00 100.00 -1000 13.49 21.69 -15.13 -1000 41.17 -0.07 72.603
car -1 -1 0.00 0.00 0.00 100.00 100.00 -1000 1.78 6.83 12.59 -1000 38.81 1.51 72.068
car -1 -1 0.00 0.00 0.00 100.00 100.00 -1000 1.88 4.96 -0.22 -1000 45.71 -0.43 71.832
car -1 -1 0.00 0.00 0.00 100.00 100.00 -1000 2.98 7.94 9.26 -1000 1.39 0.89 71.395
car -1 -1 0.00 0.00 0.00 100.00 100.00 -1000 16.04 24.81 12.28 -1000 5.66 -0.17 71.327
