car -1 -1 0.00 0.00 0.00 100.00 100.00 -1000 1.44 4.13 -3.38 -1000 20.84 1.33 999.711
car -1 -1 0.00 0.00 0.00 100.00 100.00 -1000 1.54 3.61 -17.31 -1000 22.02 1.62 994.237
car -1 -1 0.00 0.00 0.00 100.00 100.00 -1000 1.67 4.61 -3.70 -1000 22.04 1.50 990.807
car -1 -1 0.00 0.00 0.00 100.00 100.00 -1000 1.54 3.60 -11.56 -1000 38.66 1.65 988.086
car -1 -1 0.00 0.00 0.00 100.00 100.00 -1000 1.55 4.35 -8.08 -1000 12.34 1.59 986.147
car -1 -1 0.00 0.00 0.00 100.00 100.00 -1000 1.57 3.53 7.07 -1000 22.92 1.55 985.923
car -1 -1 0.00 0.00 0.00 100.00 100.00 -1000 1.52 3.57 13.80 -1000 20.92 -0.32 983.874
car -1 -1 0.00 0.00 0.00 100.00 100.00 -1000 1.54 3.46 8.75 -1000 28.60 1.60 980.069
car -1 -1 0.00 0.00 0.00 100.00 100.00 -1000 1.54 3.62 -13.16 -1000 27.21 1.63 978.795
car -1 -1 0.00 0.00 0.00 100.00 100.00 -1000 1.23 3.81 -3.40 -1000 20.03 0.17 977.242
car -1 -1 0.00 0.00 0.00 100.00 100.00 -1000 1.48 3.19 12.90 -1000 21.34 1.60 974.108
car -1 -1 0.00 0.00 0.00 100.00 100.00 -1000 1.54 3.44 -9.70 -1000 28.63 1.65 970.924
car -1 -1 0.00 0.00 0.00 100.00 100.00 -1000 1.60 4.22 -8.83 -1000 29.77 1.48 967.782
car -1 -1 0.00 0.00 0.00 100.00 100.00 -1000 1.53 3.49 5.09 -1000 10.18 1.55 966.061
car -1 -1 0.00 0.00 0.00 100.00 100.00 -1000 1.65 4.39 -10.58 -1000 39.42 1.62 952.813
car -1 -1 0.00 0.00 0.00 100.00 100.00 -1000 1.53 3.75 14.15 -1000 21.73 1.61 951.881
car -1 -1 0.00 0.00 0.00 100.00 100.00 -1000 1.68 4.29 -17.01 -1000 21.24 1.66 940.959
car -1 -1 0.00 0.00 0.00 100.00 100.00 -1000 1.63 3.75 5.89 -1000 37.37 1.50 934.834
car -1 -1 0.00 0.00 0.00 100.00 100.00 -1000 1.58 4.12 -17.39 -1000 22.83 1.69 925.823
car -1 -1 0.00 0.00 0.00 100.00 100.00 -1000 2.87 12.92 3.81 -1000 41.86 1.27 925.787
car -1 -1 0.00 0.00 0.00 100.00 100.00 -1000 1.65 4.26 -9.19 -1000 39.72 1.63 923.996
car -1 -1 0.00 0.00 0.00 100.00 100.00 -1000 1.67 3.85 3.83 -1000 42.69 1.38 922.232
car -1 -1 0.00 0.00 0.00 100.00 100.00 -1000 1.53 3.55 8.92 -1000 39.81 1.58 914.426
car -1 -1 0.00 0.00 0.00 100.00 100.00 -1000 1.57 3.75 7.45 -1000 22.17 -0.22 912.732
car -1 -1 0.00 0.00 0.00 100.00 100.00 -1000 1.58 4.43 -3.42 -1000 22.99 1.59 912.052
car -1 -1 0.00 0.00 0.00 100.00 100.00 -1000 1.67 4.35 18.35 -1000 25.71 1.64 911.119
car -1 -1 0.00 0.00 0.00 100.00 100.00 -1000 1.52 3.66 12.31 -1000 21.96 1.61 909.403
car -1 -1 0.00 0.00 0.00 100.00 100.00 -1000 1.61 4.16 15.90 -1000 41.88 1.64 902.306
car -1 -1 0.00 0.00 0.00 100.00 100.00 -1000 1.54 3.59 15.73 -1000 36.59 1.60 892.190
car -1 -1 0.00 0.00 0.00 100.00 100.00 -1000 1.46 3.65 -5.08 -1000 20.62 1.57 887.134
car -1 -1 0.00 0.00 0.00 100.00 100.00 -1000 1.77 4.28 -11.48 -1000 15.50 1.50 884.622
car -1 -1 0.00 0.00 0.00 100.00 100.00 -1000 1.59 3.95 -8.46 -1000 13.29 1.52 883.457
car -1 -1 0.00 0.00 0.00 100.00 100.00 -1000 1.61 4.14 -10.87 -1000 29.24 1.61 877.266
car -1 -1 0.00 0.00 0.00 100.00 100.00 -1000 1.70 4.81 14.32 -1000 41.69 1.66 875.701
car -1 -1 0.00 0.00 0.00 100.00 100.00 -1000 1.61 3.87 7.96 -1000 43.37 1.55 870.553
car -1 -1 0.00 0.00 0.00 100.00 100.00 -1000 1.57 3.82 12.08 -1000 20.78 1.59 870.157
car -1 -1 0.00 0.00 0.00 100.00 100.00 -1000 4.78 38.85 -14.78 -1000 39.85 0.98 862.255
car -1 -1 0.00 0.00 0.00 100.00 100.00 -1000 1.65 4.20 17.36 -1000 42.25 1.64 853.319
car -1 -1 0.00 0.00 0.00 100.00 100.00 -1000 2.22 7.26 -12.99 -1000 38.77 1.40 849.936
car -1 -1 0.00 0.00 0.00 100.00 100.00 -1000 3.45 11.68 -16.07 -1000 40.80 0.80 847.946
car -1 -1 0.00 0.00 0.00 100.00 100.00 -1000 1.54 3.44 15.14 -1000 21.10 1.67 836.208
car -1 -1 0.00 0.00 0.00 100.00 100.00 -1000 1.50 3.48 -6.77 -1000 20.35 1.55 834.080
car -1 -1 0.00 0.00 0.00 100.00 100.00 -1000 1.62 3.68 13.07 -1000 20.21 -0.38 828.302
car -1 -1 0.00 0.00 0.00 100.00 100.00 -1000 1.64 4.26 -12.65 -1000 39.42 1.55 821.459
car -1 -1 0.00 0.00 0.00 100.00 100.00 -1000 1.90 6.12 13.64 -1000 42.56 1.51 820.506
car -1 -1 0.00 0.00 0.00 100.00 100.00 -1000 1.63 4.08 15.35 -1000 32.20 1.60 814.318
car -1 -1 0.00 0.00 0.00 100.00 100.00 -1000 1.65 4.59 -10.75 -1000 28.19 1.63 812.930
car -1 -1 0.00 0.00 0.00 100.00 100.00 -1000 1.61 4.30 -14.10 -1000 23.97 1.62 806.480
car -1 -1 0.00 0.00 0.00 100.00 100.00 -1000 2.82 7.99 3.73 -1000 42.99 1.25 804.871
car -1 -1 0.00 0.00 0.00 100.00 100.00 -1000 1.92 5.86 -14.78 -1000 26.23 1.58 804.766
car -1 -1 0.00 0.00 0.00 100.00 100.00 -1000 1.81 5.10 7.40 -1000 23.50 1.49 796.221
car -1 -1 0.00 0.00 0.00 100.00 100.00 -1000 1.84 4.86 -14.33 -1000 46.69 1.56 795.105
car -1 -1 0.00 0.00 0.00 100.00 100.00 -1000 1.66 4.12 7.59 -1000 44.11 1.55 793.960
car -1 -1 0.00 0.00 0.00 100.00 100.00 -1000 1.76 4.46 5.63 -1000 32.19 1.44 792.917
car -1 -1 0.00 0.00 0.00 100.00 100.00 -1000 1.57 3.55 10.33 -1000 39.48 1.54 791.878
car -1 -1 0.00 0.00 0.00 100.00 100.00 -1000 1.54 3.43 8.73 -1000 27.60 -0.04 779.685
car -1 -1 0.00 0.00 0.00 100.00 100.00 -1000 1.56 3.70 11.45 -1000 20.04 1.58 773.640
car -1 -1 0.00 0.00 0.00 100.00 100.00 -1000 1.57 4.11 13.66 -1000 22.39 1.57 766.429
car -1 -1 0.00 0.00 0.00 100.00 100.00 -1000 2.28 4.70 -14.94 -1000 39.99 1.24 763.011
car -1 -1 0.00 0.00 0.00 100.00 100.00 -1000 1.69 4.33 -13.17 -1000 28.06 1.61 760.414
car -1 -1 0.00 0.00 0.00 100.00 100.00 -1000 1.71 4.49 7.72 -1000 42.52 1.52 758.554
car -1 -1 0.00 0.00 0.00 100.00 100.00 -1000 1.63 4.11 15.76 -1000 37.38 1.60 754.863
car -1 -1 0.00 0.00 0.00 100.00 100.00 -1000 1.44 3.24 9.77 -1000 38.84 0.03 754.349
car -1 -1 0.00 0.00 0.00 100.00 100.00 -1000 1.56 3.90 -15.64 -1000 21.81 1.68 751.924
car -1 -1 0.00 0.00 0.00 100.00 100.00 -1000 1.56 3.51 11.37 -1000 39.11 1.58 749.972
car -1 -1 0.00 0.00 0.00 100.00 100.00 -1000 1.78 5.14 15.33 -1000 42.90 1.58 747.693
car -1 -1 0.00 0.00 0.00 100.00 100.00 -1000 2.00 7.16 -15.35 -1000 24.70 1.52 746.844
car -1 -1 0.00 0.00 0.00 100.00 100.00 -1000 1.53 3.78 -8.95 -1000 28.05 1.62 730.190
car -1 -1 0.00 0.00 0.00 100.00 100.00 -1000 1.58 3.62 -9.19 -1000 38.56 0.04 726.446
car -1 -1 0.00 0.00 0.00 100.00 100.00 -1000 1.68 4.36 6.77 -1000 19.62 1.46 724.053
car -1 -1 0.00 0.00 0.00 100.00 100.00 -1000 1.55 3.81 -12.08 -1000 37.98 0.19 721.046
car -1 -1 0.00 0.00 0.00 100.00 100.00 -1000 1.64 4.01 -11.11 -1000 19.92 1.41 720.523
car -1 -1 0.00 0.00 0.00 100.00 100.00 -1000 1.64 4.23 12.47 -1000 32.75 1.65 719.790
car -1 -1 0.00 0.00 0.00 100.00 100.00 -1000 1.40 3.49 -2.19 -1000 21.24 1.61 712.627
car -1 -1 0.00 0.00 0.00 100.00 100.00 -1000 3.95 6.77 -14.59 -1000 39.52 1.03 712.069
car -1 -1 0.00 0.00 0.00 100.00 100.00 -1000 1.58 4.02 4.52 -1000 9.53 -0.08 711.732
car -1 -1 0.00 0.00 0.00 100.00 100.00 -1000 1.66 4.16 6.48 -1000 38.12 1.50 703.497
car -1 -1 0.00 0.00 0.00 100.00 100.00 -1000 1.85 5.38 8.66 -1000 45.25 1.50 690.037
car -1 -1 0.00 0.00 0.00 100.00 100.00 -1000 1.71 4.81 4.65 -1000 43.31 1.47 688.866
car -1 -1 0.00 0.00 0.00 100.00 100.00 -1000 1.69 4.75 17.80 -1000 24.61 1.65 681.818
car -1 -1 0.00 0.00 0.00 100.00 100.00 -1000 1.65 4.18 -11.50 -1000 14.58 1.60 680.309
car -1 -1 0.00 0.00 0.00 100.00 100.00 -1000 1.75 5.33 8.73 -1000 29.18 1.53 671.495
car -1 -1 0.00 0.00 0.00 100.00 100.00 -1000 1.64 4.48 -11.32 -1000 27.49 1.68 669.636
car -1 -1 0.00 0.00 0.00 100.00 100.00 -1000 1.79 5.77 -10.95 -1000 29.99 1.49 668.957
car -1 -1 0.00 0.00 0.00 100.00 100.00 -1000 1.70 5.15 -8.16 -1000 11.48 1.68 668.568
car -1 -1 0.00 0.00 0.00 100.00 100.00 -1000 1.99 4.25 -15.11 -1000 38.73 1.51 661.297
car -1 -1 0.00 0.00 0.00 100.00 100.00 -1000 1.87 5.91 -4.58 -1000 23.48 1.48 652.605
car -1 -1 0.00 0.00 0.00 100.00 100.00 -1000 1.60 3.76 16.50 -1000 31.66 1.64 648.333
car -1 -1 0.00 0.00 0.00 100.00 100.00 -1000 1.73 4.75 -12.04 -1000 16.27 1.50 646.818
car -1 -1 0.00 0.00 0.00 100.00 100.00 -1000 1.62 4.43 17.65 -1000 43.12 1.62 639.062
car -1 -1 0.00 0.00 0.00 100.00 100.00 -1000 3.77 23.18 -14.97 -1000 38.65 1.19 636.952
car -1 -1 0.00 0.00 0.00 100.00 100.00 -1000 1.63 4.55 -16.08 -1000 33.37 1.20 636.596
car -1 -1 0.00 0.00 0.00 100.00 100.00 -1000 1.82 5.25 -11.19 -1000 40.13 1.68 625.916
car -1 -1 0.00 0.00 0.00 100.00 100.00 -1000 1.62 4.20 -13.53 -1000 23.28 1.62 618.123
car -1 -1 0.00 0.00 0.00 100.00 100.00 -1000 1.84 5.36 4.82 -1000 30.58 1.58 606.481
car -1 -1 0.00 0.00 0.00 100.00 100.00 -1000 1.61 3.91 -15.50 -1000 20.70 1.54 604.009
car -1 -1 0.00 0.00 0.00 100.00 100.00 -1000 2.10 9.48 11.29 -1000 43.00 1.37 603.956
car -1 -1 0.00 0.00 0.00 100.00 100.00 -1000 1.66 4.15 10.04 -1000 46.67 1.44 602.717
car -1 -1 0.00 0.00 0.00 100.00 100.00 -1000 1.63 4.62 -14.69 -1000 22.58 1.61 600.210
car -1 -1 0.00 0.00 0.00 100.00 100.00 -1000 2.19 7.57 9.14 -1000 25.22 1.47 598.713
car -1 -1 0.00 0.00 0.00 100.00 100.00 -1000 1.97 3.98 3.46 -1000 41.89 1.23 597.949
car -1 -1 0.00 0.00 0.00 100.00 100.00 -1000 1.75 5.80 16.51 -1000 25.36 1.52 597.594
car -1 -1 0.00 0.00 0.00 100.00 100.00 -1000 1.68 4.63 11.36 -1000 19.22 1.51 594.912
car -1 -1 0.00 0.00 0.00 100.00 100.00 -1000 2.39 12.59 0.58 -1000 40.37 1.11 593.866
car -1 -1 0.00 0.00 0.00 100.00 100.00 -1000 1.62 4.59 -17.95 -1000 23.49 1.53 587.761
car -1 -1 0.00 0.00 0.00 100.00 100.00 -1000 1.88 5.51 7.08 -1000 24.53 1.62 581.778
car -1 -1 0.00 0.00 0.00 100.00 100.00 -1000 1.65 4.26 -7.91 -1000 19.44 1.55 581.512
car -1 -1 0.00 0.00 0.00 100.00 100.00 -1000 1.67 4.52 11.05 -1000 18.29 1.47 571.996
car -1 -1 0.00 0.00 0.00 100.00 100.00 -1000 1.69 4.18 10.03 -1000 45.70 1.50 570.612
car -1 -1 0.00 0.00 0.00 100.00 100.00 -1000 1.64 4.51 2.79 -1000 43.53 1.40 563.510
car -1 -1 0.00 0.00 0.00 100.00 100.00 -1000 2.26 8.57 -17.04 -1000 33.87 1.08 560.961
car -1 -1 0.00 0.00 0.00 100.00 100.00 -1000 1.72 4.63 6.47 -1000 20.54 1.49 560.629
car -1 -1 0.00 0.00 0.00 100.00 100.00 -1000 1.65 5.01 16.84 -1000 21.35 1.57 558.867
car -1 -1 0.00 0.00 0.00 100.00 100.00 -1000 1.72 4.85 12.29 -1000 22.72 1.56 550.445
car -1 -1 0.00 0.00 0.00 100.00 100.00 -1000 1.86 5.85 10.06 -1000 26.18 1.45 536.276
car -1 -1 0.00 0.00 0.00 100.00 100.00 -1000 1.62 4.45 19.13 -1000 31.91 1.60 534.508
car -1 -1 0.00 0.00 0.00 100.00 100.00 -1000 1.74 4.87 -12.61 -1000 28.95 1.60 533.077
car -1 -1 0.00 0.00 0.00 100.00 100.00 -1000 1.52 3.56 11.55 -1000 32.05 -0.31 527.372
car -1 -1 0.00 0.00 0.00 100.00 100.00 -1000 1.65 4.65 -9.16 -1000 44.16 1.52 518.065
car -1 -1 0.00 0.00 0.00 100.00 100.00 -1000 1.75 5.62 14.36 -1000 40.83 1.69 506.241
car -1 -1 0.00 0.00 0.00 100.00 100.00 -1000 1.85 7.09 -9.83 -1000 35.11 1.57 503.555
car -1 -1 0.00 0.00 0.00 100.00 100.00 -1000 1.96 8.74 -17.24 -1000 25.76 1.16 501.466
car -1 -1 0.00 0.00 0.00 100.00 100.00 -1000 1.65 4.15 13.69 -1000 32.02 1.61 500.716
car -1 -1 0.00 0.00 0.00 100.00 100.00 -1000 1.60 5.04 -8.12 -1000 40.19 1.49 498.070
car -1 -1 0.00 0.00 0.00 100.00 100.00 -1000 1.94 6.15 6.44 -1000 25.38 1.40 495.962
car -1 -1 0.00 0.00 0.00 100.00 100.00 -1000 1.62 4.64 -7.68 -1000 39.41 1.59 493.564
car -1 -1 0.00 0.00 0.00 100.00 100.00 -1000 1.66 4.88 6.53 -1000 11.52 1.67 490.823
car -1 -1 0.00 0.00 0.00 100.00 100.00 -1000 2.02 10.48 -13.53 -1000 30.54 1.24 488.284
car -1 -1 0.00 0.00 0.00 100.00 100.00 -1000 1.70 4.87 16.01 -1000 45.78 1.50 487.272
car -1 -1 0.00 0.00 0.00 100.00 100.00 -1000 1.68 4.58 15.56 -1000 35.87 1.57 485.032
car -1 -1 0.00 0.00 0.00 100.00 100.00 -1000 2.31 9.70 9.58 -1000 24.38 1.57 482.484
car -1 -1 0.00 0.00 0.00 100.00 100.00 -1000 1.59 4.32 10.19 -1000 40.23 1.51 478.291
car -1 -1 0.00 0.00 0.00 100.00 100.00 -1000 1.83 5.23 6.15 -1000 43.73 1.44 474.255
car -1 -1 0.00 0.00 0.00 100.00 100.00 -1000 2.07 5.82 4.94 -1000 24.52 1.31 468.658
car -1 -1 0.00 0.00 0.00 100.00 100.00 -1000 2.01 7.07 -11.88 -1000 41.37 1.42 465.504
car -1 -1 0.00 0.00 0.00 100.00 100.00 -1000 1.69 4.67 11.62 -1000 39.78 1.56 460.001
car -1 -1 0.00 0.00 0.00 100.00 100.00 -1000 1.85 5.48 10.89 -1000 43.88 1.66 457.336
car -1 -1 0.00 0.00 0.00 100.00 100.00 -1000 1.82 5.47 5.39 -1000 39.91 1.31 454.108
car -1 -1 0.00 0.00 0.00 100.00 100.00 -1000 1.66 5.35 -7.70 -1000 30.26 1.55 453.284
car -1 -1 0.00 0.00 0.00 100.00 100.00 -1000 1.58 3.57 15.75 -1000 20.38 0.10 451.204
car -1 -1 0.00 0.00 0.00 100.00 100.00 -1000 1.83 5.75 -18.39 -1000 20.81 1.52 444.991
car -1 -1 0.00 0.00 0.00 100.00 100.00 -1000 1.78 5.21 -11.63 -1000 19.19 1.45 433.890
car -1 -1 0.00 0.00 0.00 100.00 100.00 -1000 1.57 3.74 -12.96 -1000 26.33 -0.04 433.036
car -1 -1 0.00 0.00 0.00 100.00 100.00 -1000 1.68 4.94 18.24 -1000 34.46 1.51 429.571
car -1 -1 0.00 0.00 0.00 100.00 100.00 -1000 1.91 6.86 13.84 -1000 25.36 1.44 427.802
car -1 -1 0.00 0.00 0.00 100.00 100.00 -1000 1.68 4.59 13.84 -1000 33.42 1.65 427.089
car -1 -1 0.00 0.00 0.00 100.00 100.00 -1000 1.48 4.49 9.80 -1000 22.57 1.56 418.700
car -1 -1 0.00 0.00 0.00 100.00 100.00 -1000 1.80 5.21 8.38 -1000 40.40 1.53 417.271
car -1 -1 0.00 0.00 0.00 100.00 100.00 -1000 1.79 7.28 -16.90 -1000 26.63 1.20 415.236
car -1 -1 0.00 0.00 0.00 100.00 100.00 -1000 1.76 4.77 17.14 -1000 41.38 1.73 411.171
car -1 -1 0.00 0.00 0.00 100.00 100.00 -1000 1.55 4.36 -10.00 -1000 19.38 1.40 408.682
car -1 -1 0.00 0.00 0.00 100.00 100.00 -1000 1.78 5.35 -14.41 -1000 28.53 1.57 407.623
car -1 -1 0.00 0.00 0.00 100.00 100.00 -1000 1.66 4.14 8.18 -1000 38.72 1.55 404.038
car -1 -1 0.00 0.00 0.00 100.00 100.00 -1000 2.18 9.23 -14.19 -1000 19.02 1.23 403.620
car -1 -1 0.00 0.00 0.00 100.00 100.00 -1000 1.92 10.32 -14.37 -1000 31.42 1.23 403.361
car -1 -1 0.00 0.00 0.00 100.00 100.00 -1000 1.62 5.12 12.48 -1000 41.86 1.44 399.531
car -1 -1 0.00 0.00 0.00 100.00 100.00 -1000 1.71 4.91 11.87 -1000 45.06 1.59 398.584
car -1 -1 0.00 0.00 0.00 100.00 100.00 -1000 1.82 7.00 15.27 -1000 24.70 1.50 398.169
car -1 -1 0.00 0.00 0.00 100.00 100.00 -1000 2.23 9.33 -6.71 -1000 24.49 1.41 397.054
car -1 -1 0.00 0.00 0.00 100.00 100.00 -1000 1.52 3.33 9.67 -1000 28.18 -0.53 393.968
car -1 -1 0.00 0.00 0.00 100.00 100.00 -1000 1.80 6.65 -7.01 -1000 23.57 1.40 390.613
car -1 -1 0.00 0.00 0.00 100.00 100.00 -1000 2.12 6.90 0.76 -1000 39.90 1.08 389.824
car -1 -1 0.00 0.00 0.00 100.00 100.00 -1000 1.68 4.99 -8.83 -1000 14.05 1.40 388.843
car -1 -1 0.00 0.00 0.00 100.00 100.00 -1000 1.79 5.55 -9.92 -1000 40.71 1.58 384.049
car -1 -1 0.00 0.00 0.00 100.00 100.00 -1000 1.95 10.02 -6.84 -1000 42.02 1.32 382.283
car -1 -1 0.00 0.00 0.00 100.00 100.00 -1000 1.69 5.50 -17.04 -1000 24.15 1.47 378.353
car -1 -1 0.00 0.00 0.00 100.00 100.00 -1000 1.95 5.86 -0.58 -1000 41.99 1.11 377.026
car -1 -1 0.00 0.00 0.00 100.00 100.00 -1000 1.92 8.04 -12.47 -1000 17.22 1.31 371.276
car -1 -1 0.00 0.00 0.00 100.00 100.00 -1000 1.74 7.32 -7.16 -1000 31.12 1.38 365.930
car -1 -1 0.00 0.00 0.00 100.00 100.00 -1000 2.09 5.54 -16.11 -1000 32.49 1.36 363.222
car -1 -1 0.00 0.00 0.00 100.00 100.00 -1000 1.55 4.36 -11.34 -1000 20.77 1.41 355.934
car -1 -1 0.00 0.00 0.00 100.00 100.00 -1000 1.49 4.90 15.79 -1000 22.09 1.58 354.154
car -1 -1 0.00 0.00 0.00 100.00 100.00 -1000 2.03 7.13 13.43 -1000 46.15 1.49 353.040
car -1 -1 0.00 0.00 0.00 100.00 100.00 -1000 1.84 7.19 -10.46 -1000 42.65 1.46 351.021
car -1 -1 0.00 0.00 0.00 100.00 100.00 -1000 1.95 6.82 8.50 -1000 20.31 1.49 349.374
car -1 -1 0.00 0.00 0.00 100.00 100.00 -1000 1.96 9.56 5.36 -1000 45.75 1.16 348.712
car -1 -1 0.00 0.00 0.00 100.00 100.00 -1000 1.78 5.65 -16.81 -1000 29.41 1.36 342.207
car -1 -1 0.00 0.00 0.00 100.00 100.00 -1000 2.29 10.69 1.45 -1000 43.66 1.08 341.369
car -1 -1 0.00 0.00 0.00 100.00 100.00 -1000 1.79 5.30 4.68 -1000 39.03 1.24 331.082
car -1 -1 0.00 0.00 0.00 100.00 100.00 -1000 2.10 11.88 -8.21 -1000 43.24 1.23 331.022
car -1 -1 0.00 0.00 0.00 100.00 100.00 -1000 1.63 5.17 9.88 -1000 14.40 1.46 330.128
car -1 -1 0.00 0.00 0.00 100.00 100.00 -1000 1.49 3.97 7.34 -1000 10.35 1.59 328.246
car -1 -1 0.00 0.00 0.00 100.00 100.00 -1000 1.62 6.54 9.33 -1000 23.28 1.41 326.123
car -1 -1 0.00 0.00 0.00 100.00 100.00 -1000 1.76 5.13 6.65 -1000 41.95 1.52 321.568
car -1 -1 0.00 0.00 0.00 100.00 100.00 -1000 1.62 4.43 -5.00 -1000 19.71 1.65 321.102
car -1 -1 0.00 0.00 0.00 100.00 100.00 -1000 1.76 4.84 12.16 -1000 38.49 1.55 320.371
car -1 -1 0.00 0.00 0.00 100.00 100.00 -1000 1.75 5.40 18.82 -1000 33.68 1.53 320.260
car -1 -1 0.00 0.00 0.00 100.00 100.00 -1000 1.82 5.80 14.96 -1000 32.88 1.58 317.562
car -1 -1 0.00 0.00 0.00 100.00 100.00 -1000 1.73 7.39 -7.90 -1000 44.83 1.35 315.966
car -1 -1 0.00 0.00 0.00 100.00 100.00 -1000 1.78 5.13 7.92 -1000 21.40 1.72 314.158
car -1 -1 0.00 0.00 0.00 100.00 100.00 -1000 1.68 5.26 16.96 -1000 32.71 1.60 309.453
car -1 -1 0.00 0.00 0.00 100.00 100.00 -1000 1.67 3.03 -16.34 -1000 41.40 1.04 307.494
car -1 -1 0.00 0.00 0.00 100.00 100.00 -1000 1.94 7.30 -12.42 -1000 25.81 1.56 304.755
car -1 -1 0.00 0.00 0.00 100.00 100.00 -1000 1.96 10.68 -7.55 -1000 31.94 1.25 302.113
car -1 -1 0.00 0.00 0.00 100.00 100.00 -1000 1.86 5.38 -10.88 -1000 13.71 1.49 300.940
car -1 -1 0.00 0.00 0.00 100.00 100.00 -1000 1.59 5.65 -6.44 -1000 29.52 1.46 300.832
car -1 -1 0.00 0.00 0.00 100.00 100.00 -1000 1.41 3.62 -1.51 -1000 20.58 1.56 300.236
car -1 -1 0.00 0.00 0.00 100.00 100.00 -1000 1.64 3.70 -14.71 -1000 45.93 0.09 298.997
car -1 -1 0.00 0.00 0.00 100.00 100.00 -1000 2.70 9.01 -18.23 -1000 39.52 0.75 295.436
car -1 -1 0.00 0.00 0.00 100.00 100.00 -1000 1.67 4.74 10.39 -1000 27.51 1.61 290.886
car -1 -1 0.00 0.00 0.00 100.00 100.00 -1000 1.85 4.98 6.87 -1000 36.86 1.16 287.749
car -1 -1 0.00 0.00 0.00 100.00 100.00 -1000 1.82 6.30 -7.62 -1000 22.54 1.40 286.503
car -1 -1 0.00 0.00 0.00 100.00 100.00 -1000 1.93 6.21 6.14 -1000 29.91 1.53 284.735
car -1 -1 0.00 0.00 0.00 100.00 100.00 -1000 1.62 2.69 -16.47 -1000 39.90 1.23 282.607
car -1 -1 0.00 0.00 0.00 100.00 100.00 -1000 1.84 6.23 6.55 -1000 44.99 1.33 282.280
car -1 -1 0.00 0.00 0.00 100.00 100.00 -1000 1.54 4.30 17.61 -1000 31.24 1.57 280.860
car -1 -1 0.00 0.00 0.00 100.00 100.00 -1000 1.81 5.88 15.17 -1000 45.11 1.42 277.528
car -1 -1 0.00 0.00 0.00 100.00 100.00 -1000 1.55 3.50 12.47 -1000 19.60 -0.39 275.805
car -1 -1 0.00 0.00 0.00 100.00 100.00 -1000 1.77 6.58 11.36 -1000 29.00 1.34 275.402
car -1 -1 0.00 0.00 0.00 100.00 100.00 -1000 1.83 7.27 0.28 -1000 43.06 0.85 272.787
car -1 -1 0.00 0.00 0.00 100.00 100.00 -1000 1.97 6.18 8.04 -1000 46.31 1.48 271.881
car -1 -1 0.00 0.00 0.00 100.00 100.00 -1000 1.71 4.94 8.91 -1000 19.20 1.54 271.488
car -1 -1 0.00 0.00 0.00 100.00 100.00 -1000 1.75 4.73 6.68 -1000 39.19 1.55 271.243
car -1 -1 0.00 0.00 0.00 100.00 100.00 -1000 1.63 4.80 -17.46 -1000 34.13 1.21 270.151
car -1 -1 0.00 0.00 0.00 100.00 100.00 -1000 1.52 4.43 -2.23 -1000 23.40 1.48 263.527
car -1 -1 0.00 0.00 0.00 100.00 100.00 -1000 1.99 5.71 3.62 -1000 10.26 1.41 261.748
car -1 -1 0.00 0.00 0.00 100.00 100.00 -1000 1.74 5.13 12.94 -1000 36.90 1.45 257.230
car -1 -1 0.00 0.00 0.00 100.00 100.00 -1000 1.82 6.89 14.18 -1000 38.17 1.38 256.875
car -1 -1 0.00 0.00 0.00 100.00 100.00 -1000 1.72 5.29 17.83 -1000 35.47 1.49 254.234
car -1 -1 0.00 0.00 0.00 100.00 100.00 -1000 1.72 5.22 19.61 -1000 32.66 1.51 250.246
car -1 -1 0.00 0.00 0.00 100.00 100.00 -1000 1.46 3.78 -8.83 -1000 20.10 1.38 249.382
car -1 -1 0.00 0.00 0.00 100.00 100.00 -1000 1.73 6.01 12.16 -1000 28.02 1.42 244.776
car -1 -1 0.00 0.00 0.00 100.00 100.00 -1000 1.69 5.48 11.09 -1000 21.30 1.54 243.478
car -1 -1 0.00 0.00 0.00 100.00 100.00 -1000 1.82 5.61 -14.38 -1000 21.39 1.52 243.072
car -1 -1 0.00 0.00 0.00 100.00 100.00 -1000 2.10 7.77 0.23 -1000 22.58 1.49 242.798
car -1 -1 0.00 0.00 0.00 100.00 100.00 -1000 1.72 7.00 -6.28 -1000 41.26 1.35 241.997
car -1 -1 0.00 0.00 0.00 100.00 100.00 -1000 1.44 4.87 -0.86 -1000 21.84 1.50 236.793
car -1 -1 0.00 0.00 0.00 100.00 100.00 -1000 1.48 4.31 -7.89 -1000 28.92 1.58 236.544
car -1 -1 0.00 0.00 0.00 100.00 100.00 -1000 2.92 13.74 -16.74 -1000 42.24 0.79 235.915
car -1 -1 0.00 0.00 0.00 100.00 100.00 -1000 1.85 5.47 -12.90 -1000 47.20 1.52 235.290
car -1 -1 0.00 0.00 0.00 100.00 100.00 -1000 1.52 3.30 8.99 -1000 43.79 -0.57 233.140
car -1 -1 0.00 0.00 0.00 100.00 100.00 -1000 1.69 6.09 2.26 -1000 38.73 1.07 228.890
car -1 -1 0.00 0.00 0.00 100.00 100.00 -1000 1.78 4.80 5.75 -1000 36.35 1.48 226.943
car -1 -1 0.00 0.00 0.00 100.00 100.00 -1000 1.72 7.66 2.00 -1000 35.48 1.18 226.787
car -1 -1 0.00 0.00 0.00 100.00 100.00 -1000 1.69 6.39 -2.43 -1000 24.01 1.40 224.628
car -1 -1 0.00 0.00 0.00 100.00 100.00 -1000 1.63 6.54 -18.31 -1000 27.47 1.29 224.371
car -1 -1 0.00 0.00 0.00 100.00 100.00 -1000 2.00 8.23 -10.73 -1000 18.24 1.18 222.655
car -1 -1 0.00 0.00 0.00 100.00 100.00 -1000 1.79 5.31 8.27 -1000 26.96 1.42 221.947
car -1 -1 0.00 0.00 0.00 100.00 100.00 -1000 1.87 5.83 7.09 -1000 41.06 1.48 221.514
car -1 -1 0.00 0.00 0.00 100.00 100.00 -1000 1.73 5.16 -7.87 -1000 18.43 1.54 220.785
car -1 -1 0.00 0.00 0.00 100.00 100.00 -1000 1.71 3.73 -17.50 -1000 20.16 0.05 220.585
car -1 -1 0.00 0.00 0.00 100.00 100.00 -1000 1.57 5.65 -4.45 -1000 21.35 1.45 218.537
car -1 -1 0.00 0.00 0.00 100.00 100.00 -1000 1.72 5.85 -17.52 -1000 28.35 1.35 213.851
car -1 -1 0.00 0.00 0.00 100.00 100.00 -1000 2.17 9.67 13.88 -1000 43.72 1.43 212.106
car -1 -1 0.00 0.00 0.00 100.00 100.00 -1000 1.91 5.59 4.43 -1000 41.20 1.44 210.462
car -1 -1 0.00 0.00 0.00 100.00 100.00 -1000 1.82 5.50 4.73 -1000 37.85 1.55 209.156
car -1 -1 0.00 0.00 0.00 100.00 100.00 -1000 1.81 5.22 7.78 -1000 37.75 1.58 206.997
car -1 -1 0.00 0.00 0.00 100.00 100.00 -1000 1.79 5.53 9.63 -1000 13.52 1.47 206.264
car -1 -1 0.00 0.00 0.00 100.00 100.00 -1000 1.78 6.40 13.62 -1000 17.57 1.54 203.759
car -1 -1 0.00 0.00 0.00 100.00 100.00 -1000 1.86 9.95 -7.63 -1000 44.08 1.23 201.574
car -1 -1 0.00 0.00 0.00 100.00 100.00 -1000 1.75 6.21 12.45 -1000 40.61 1.54 198.396
car -1 -1 0.00 0.00 0.00 100.00 100.00 -1000 1.92 11.10 -1.05 -1000 25.45 1.16 196.292
car -1 -1 0.00 0.00 0.00 100.00 100.00 -1000 1.80 6.87 13.46 -1000 24.16 1.38 191.255
car -1 -1 0.00 0.00 0.00 100.00 100.00 -1000 1.69 5.09 10.33 -1000 17.58 1.51 190.912
car -1 -1 0.00 0.00 0.00 100.00 100.00 -1000 14.72 620.75 4.91 -1000 12.47 0.12 190.718
car -1 -1 0.00 0.00 0.00 100.00 100.00 -1000 2.54 11.99 5.21 -1000 24.16 1.35 190.596
car -1 -1 0.00 0.00 0.00 100.00 100.00 -1000 1.93 6.30 5.11 -1000 31.41 1.62 188.984
car -1 -1 0.00 0.00 0.00 100.00 100.00 -1000 1.66 5.01 -13.19 -1000 37.37 1.62 187.544
car -1 -1 0.00 0.00 0.00 100.00 100.00 -1000 1.67 5.39 11.67 -1000 14.83 1.42 186.518
car -1 -1 0.00 0.00 0.00 100.00 100.00 -1000 1.52 5.68 1.89 -1000 31.50 1.15 185.292
car -1 -1 0.00 0.00 0.00 100.00 100.00 -1000 1.99 6.65 6.81 -1000 33.25 1.41 185.256
car -1 -1 0.00 0.00 0.00 100.00 100.00 -1000 1.83 10.06 -9.07 -1000 25.62 1.21 185.178
car -1 -1 0.00 0.00 0.00 100.00 100.00 -1000 1.81 6.82 -12.14 -1000 34.93 1.33 185.033
car -1 -1 0.00 0.00 0.00 100.00 100.00 -1000 1.57 3.62 15.23 -1000 31.41 0.09 184.484
car -1 -1 0.00 0.00 0.00 100.00 100.00 -1000 1.77 5.45 12.15 -1000 26.32 1.50 182.692
car -1 -1 0.00 0.00 0.00 100.00 100.00 -1000 1.90 8.97 15.26 -1000 26.03 1.20 182.044
car -1 -1 0.00 0.00 0.00 100.00 100.00 -1000 1.82 5.96 -14.40 -1000 29.69 1.42 181.819
car -1 -1 0.00 0.00 0.00 100.00 100.00 -1000 1.74 7.44 16.17 -1000 20.74 1.49 180.931
car -1 -1 0.00 0.00 0.00 100.00 100.00 -1000 1.64 4.90 -6.79 -1000 38.78 -0.01 178.604
car -1 -1 0.00 0.00 0.00 100.00 100.00 -1000 1.82 6.12 -10.25 -1000 12.86 1.55 178.325
car -1 -1 0.00 0.00 0.00 100.00 100.00 -1000 1.82 5.90 7.82 -1000 15.21 1.38 178.289
car -1 -1 0.00 0.00 0.00 100.00 100.00 -1000 1.63 4.45 0.75 -1000 41.05 1.03 176.372
car -1 -1 0.00 0.00 0.00 100.00 100.00 -1000 1.79 5.29 9.85 -1000 44.68 1.51 175.853
car -1 -1 0.00 0.00 0.00 100.00 100.00 -1000 1.82 6.44 7.03 -1000 15.94 1.30 174.437
car -1 -1 0.00 0.00 0.00 100.00 100.00 -1000 1.93 6.90 8.04 -1000 14.10 1.39 174.161
