car -1 -1 0.00 0.00 0.00 100.00 100.00 -1000 1.61 4.02 -6.97 -1000 44.18 1.46 998.332
car -1 -1 0.00 0.00 0.00 100.00 100.00 -1000 1.55 3.47 12.80 -1000 26.15 1.61 997.412
car -1 -1 0.00 0.00 0.00 100.00 100.00 -1000 1.59 3.78 13.82 -1000 26.58 1.66 996.950
car -1 -1 0.00 0.00 0.00 100.00 100.00 -1000 1.50 3.25 12.13 -1000 40.33 1.54 994.813
car -1 -1 0.00 0.00 0.00 100.00 100.00 -1000 1.50 4.01 -16.61 -1000 22.73 -0.05 994.513
car -1 -1 0.00 0.00 0.00 100.00 100.00 -1000 1.56 3.84 -7.57 -1000 43.31 0.02 993.230
car -1 -1 0.00 0.00 0.00 100.00 100.00 -1000 1.57 3.91 13.35 -1000 25.45 0.01 993.073
car -1 -1 0.00 0.00 0.00 100.00 100.00 -1000 1.56 4.06 -15.43 -1000 23.83 1.55 991.545
car -1 -1 0.00 0.00 0.00 100.00 100.00 -1000 1.61 3.71 6.33 -1000 34.61 1.53 990.245
car -1 -1 0.00 0.00 0.00 100.00 100.00 -1000 1.53 3.28 -16.73 -1000 28.51 1.58 988.932
car -1 -1 0.00 0.00 0.00 100.00 100.00 -1000 1.60 4.12 -17.80 -1000 22.18 -0.18 984.895
car -1 -1 0.00 0.00 0.00 100.00 100.00 -1000 1.53 3.59 -8.33 -1000 43.96 1.61 981.697
car -1 -1 0.00 0.00 0.00 100.00 100.00 -1000 1.55 3.74 -8.58 -1000 26.85 1.59 981.544
car -1 -1 0.00 0.00 0.00 100.00 100.00 -1000 1.47 3.41 -14.91 -1000 34.29 1.62 980.734
car -1 -1 0.00 0.00 0.00 100.00 100.00 -1000 1.59 3.40 12.81 -1000 47.32 1.48 980.147
car -1 -1 0.00 0.00 0.00 100.00 100.00 -1000 1.61 4.24 -17.65 -1000 23.22 1.55 978.561
car -1 -1 0.00 0.00 0.00 100.00 100.00 -1000 1.53 3.62 -8.76 -1000 41.21 1.64 976.346
car -1 -1 0.00 0.00 0.00 100.00 100.00 -1000 1.58 3.87 12.01 -1000 39.57 -0.19 964.647
car -1 -1 0.00 0.00 0.00 100.00 100.00 -1000 1.64 3.78 4.15 -1000 17.22 1.56 962.092
car -1 -1 0.00 0.00 0.00 100.00 100.00 -1000 1.55 3.62 -16.28 -1000 27.82 -0.39 959.700
car -1 -1 0.00 0.00 0.00 100.00 100.00 -1000 1.46 3.22 -15.30 -1000 34.99 1.53 957.874
car -1 -1 0.00 0.00 0.00 100.00 100.00 -1000 1.58 3.83 12.94 -1000 27.12 1.56 954.421
car -1 -1 0.00 0.00 0.00 100.00 100.00 -1000 1.53 3.56 -15.23 -1000 33.50 1.60 952.709
car -1 -1 0.00 0.00 0.00 100.00 100.00 -1000 1.55 3.59 -16.89 -1000 36.18 1.58 947.387
car -1 -1 0.00 0.00 0.00 100.00 100.00 -1000 1.58 4.54 -15.33 -1000 24.65 1.57 945.227
car -1 -1 0.00 0.00 0.00 100.00 100.00 -1000 1.62 3.93 -8.71 -1000 40.11 -0.02 929.338
car -1 -1 0.00 0.00 0.00 100.00 100.00 -1000 1.61 4.05 11.76 -1000 41.21 1.55 926.872
car -1 -1 0.00 0.00 0.00 100.00 100.00 -1000 1.63 3.98 13.73 -1000 32.92 -0.31 918.014
car -1 -1 0.00 0.00 0.00 100.00 100.00 -1000 1.61 4.28 14.64 -1000 27.26 1.66 917.440
car -1 -1 0.00 0.00 0.00 100.00 100.00 -1000 1.52 3.42 14.33 -1000 33.58 1.59 915.377
car -1 -1 0.00 0.00 0.00 100.00 100.00 -1000 1.49 3.54 -8.78 -1000 25.94 0.05 914.070
car -1 -1 0.00 0.00 0.00 100.00 100.00 -1000 1.68 4.23 5.71 -1000 35.30 1.53 909.674
car -1 -1 0.00 0.00 0.00 100.00 100.00 -1000 1.57 3.73 -16.25 -1000 29.19 1.61 907.929
car -1 -1 0.00 0.00 0.00 100.00 100.00 -1000 1.58 3.73 -17.33 -1000 27.42 1.64 907.620
car -1 -1 0.00 0.00 0.00 100.00 100.00 -1000 1.47 3.18 -16.41 -1000 35.47 1.55 894.630
car -1 -1 0.00 0.00 0.00 100.00 100.00 -1000 1.50 3.52 12.59 -1000 46.48 -0.24 888.940
car -1 -1 0.00 0.00 0.00 100.00 100.00 -1000 1.56 3.81 -14.61 -1000 40.11 1.59 883.115
car -1 -1 0.00 0.00 0.00 100.00 100.00 -1000 1.67 4.85 -6.40 -1000 45.00 1.61 876.544
car -1 -1 0.00 0.00 0.00 100.00 100.00 -1000 1.54 3.54 6.87 -1000 33.69 -0.01 869.550
car -1 -1 0.00 0.00 0.00 100.00 100.00 -1000 1.43 3.30 -6.78 -1000 42.80 0.14 862.838
car -1 -1 0.00 0.00 0.00 100.00 100.00 -1000 1.73 5.35 -8.82 -1000 44.57 1.49 861.940
car -1 -1 0.00 0.00 0.00 100.00 100.00 -1000 1.75 4.51 7.95 -1000 41.74 1.44 857.290
car -1 -1 0.00 0.00 0.00 100.00 100.00 -1000 2.16 7.38 -10.85 -1000 46.19 1.46 854.710
car -1 -1 0.00 0.00 0.00 100.00 100.00 -1000 1.70 3.47 -17.69 -1000 47.86 1.49 842.290
car -1 -1 0.00 0.00 0.00 100.00 100.00 -1000 1.75 5.10 -18.57 -1000 23.95 1.51 841.257
car -1 -1 0.00 0.00 0.00 100.00 100.00 -1000 1.56 3.30 3.66 -1000 17.99 1.45 839.373
car -1 -1 0.00 0.00 0.00 100.00 100.00 -1000 1.59 3.90 7.68 -1000 34.24 1.62 824.103
car -1 -1 0.00 0.00 0.00 100.00 100.00 -1000 1.55 3.76 -6.02 -1000 43.38 1.74 819.557
car -1 -1 0.00 0.00 0.00 100.00 100.00 -1000 1.69 4.47 -9.44 -1000 43.20 1.55 818.288
car -1 -1 0.00 0.00 0.00 100.00 100.00 -1000 1.76 4.63 10.93 -1000 27.99 1.53 809.152
car -1 -1 0.00 0.00 0.00 100.00 100.00 -1000 1.57 3.90 12.40 -1000 33.31 1.56 798.436
car -1 -1 0.00 0.00 0.00 100.00 100.00 -1000 1.65 4.87 -10.01 -1000 41.80 1.58 787.479
car -1 -1 0.00 0.00 0.00 100.00 100.00 -1000 1.78 4.65 4.52 -1000 18.66 1.53 760.366
car -1 -1 0.00 0.00 0.00 100.00 100.00 -1000 1.74 4.75 11.43 -1000 26.49 1.55 759.926
car -1 -1 0.00 0.00 0.00 100.00 100.00 -1000 1.61 3.79 14.44 -1000 32.34 1.73 757.113
car -1 -1 0.00 0.00 0.00 100.00 100.00 -1000 1.72 4.40 14.55 -1000 25.80 -0.29 745.400
car -1 -1 0.00 0.00 0.00 100.00 100.00 -1000 1.80 5.46 -6.64 -1000 46.22 1.61 738.012
car -1 -1 0.00 0.00 0.00 100.00 100.00 -1000 1.74 6.47 -10.82 -1000 26.51 1.49 722.770
car -1 -1 0.00 0.00 0.00 100.00 100.00 -1000 1.61 3.78 4.31 -1000 16.37 1.60 719.863
car -1 -1 0.00 0.00 0.00 100.00 100.00 -1000 1.77 4.57 -17.39 -1000 26.67 1.62 713.784
car -1 -1 0.00 0.00 0.00 100.00 100.00 -1000 1.62 4.49 -15.11 -1000 28.74 1.60 708.616
car -1 -1 0.00 0.00 0.00 100.00 100.00 -1000 1.65 4.34 -15.08 -1000 35.66 1.53 708.067
car -1 -1 0.00 0.00 0.00 100.00 100.00 -1000 2.30 7.69 9.19 -1000 38.00 1.44 707.984
car -1 -1 0.00 0.00 0.00 100.00 100.00 -1000 1.65 4.12 -16.46 -1000 34.60 1.50 706.445
car -1 -1 0.00 0.00 0.00 100.00 100.00 -1000 2.37 12.96 -6.56 -1000 46.73 1.30 699.000
car -1 -1 0.00 0.00 0.00 100.00 100.00 -1000 2.18 8.54 -10.46 -1000 45.02 1.45 675.425
car -1 -1 0.00 0.00 0.00 100.00 100.00 -1000 1.91 6.61 9.31 -1000 36.88 1.49 674.938
car -1 -1 0.00 0.00 0.00 100.00 100.00 -1000 1.45 3.16 -8.41 -1000 41.98 1.61 670.129
car -1 -1 0.00 0.00 0.00 100.00 100.00 -1000 1.83 6.16 -7.95 -1000 45.44 1.53 669.003
car -1 -1 0.00 0.00 0.00 100.00 100.00 -1000 1.74 4.30 -18.40 -1000 29.05 1.48 665.268
car -1 -1 0.00 0.00 0.00 100.00 100.00 -1000 1.71 4.31 11.51 -1000 25.15 1.69 655.726
car -1 -1 0.00 0.00 0.00 100.00 100.00 -1000 1.62 4.20 -15.43 -1000 30.14 1.55 645.147
car -1 -1 0.00 0.00 0.00 100.00 100.00 -1000 1.66 4.28 -16.03 -1000 32.75 1.55 644.717
car -1 -1 0.00 0.00 0.00 100.00 100.00 -1000 2.13 6.55 8.14 -1000 42.47 1.33 642.678
car -1 -1 0.00 0.00 0.00 100.00 100.00 -1000 1.69 4.78 10.44 -1000 40.62 1.47 638.496
car -1 -1 0.00 0.00 0.00 100.00 100.00 -1000 1.63 4.27 -9.96 -1000 40.49 1.59 635.551
car -1 -1 0.00 0.00 0.00 100.00 100.00 -1000 1.99 6.97 -19.21 -1000 24.80 1.44 629.935
car -1 -1 0.00 0.00 0.00 100.00 100.00 -1000 1.68 5.61 -5.33 -1000 44.47 1.50 624.484
car -1 -1 0.00 0.00 0.00 100.00 100.00 -1000 1.69 5.36 -11.45 -1000 41.20 1.51 616.143
car -1 -1 0.00 0.00 0.00 100.00 100.00 -1000 1.67 4.27 -15.09 -1000 44.84 1.47 608.054
car -1 -1 0.00 0.00 0.00 100.00 100.00 -1000 1.81 5.48 -16.27 -1000 30.85 1.46 605.953
car -1 -1 0.00 0.00 0.00 100.00 100.00 -1000 1.79 5.33 -15.73 -1000 39.42 1.51 604.504
car -1 -1 0.00 0.00 0.00 100.00 100.00 -1000 1.58 3.38 -18.18 -1000 47.10 0.00 604.326
car -1 -1 0.00 0.00 0.00 100.00 100.00 -1000 1.67 4.31 10.60 -1000 39.01 1.49 603.282
car -1 -1 0.00 0.00 0.00 100.00 100.00 -1000 2.19 12.02 15.15 -1000 29.49 1.33 602.777
car -1 -1 0.00 0.00 0.00 100.00 100.00 -1000 1.80 4.76 6.33 -1000 18.93 1.50 602.227
car -1 -1 0.00 0.00 0.00 100.00 100.00 -1000 1.86 7.68 -10.17 -1000 43.66 1.49 591.669
car -1 -1 0.00 0.00 0.00 100.00 100.00 -1000 1.75 5.21 -16.80 -1000 33.75 1.49 589.647
car -1 -1 0.00 0.00 0.00 100.00 100.00 -1000 1.68 5.78 15.49 -1000 26.39 1.61 587.563
car -1 -1 0.00 0.00 0.00 100.00 100.00 -1000 1.65 4.22 13.98 -1000 24.80 -0.25 586.444
car -1 -1 0.00 0.00 0.00 100.00 100.00 -1000 1.67 4.47 -17.41 -1000 36.91 1.52 584.749
car -1 -1 0.00 0.00 0.00 100.00 100.00 -1000 1.84 5.39 10.18 -1000 28.75 1.49 579.003
car -1 -1 0.00 0.00 0.00 100.00 100.00 -1000 1.81 4.79 -18.01 -1000 28.20 1.51 569.060
car -1 -1 0.00 0.00 0.00 100.00 100.00 -1000 1.76 5.26 10.65 -1000 36.13 1.51 567.538
car -1 -1 0.00 0.00 0.00 100.00 100.00 -1000 1.78 5.55 7.55 -1000 35.02 1.43 565.114
car -1 -1 0.00 0.00 0.00 100.00 100.00 -1000 1.88 7.25 -15.47 -1000 25.58 1.39 558.210
car -1 -1 0.00 0.00 0.00 100.00 100.00 -1000 1.61 4.17 -15.09 -1000 22.49 -0.26 557.859
car -1 -1 0.00 0.00 0.00 100.00 100.00 -1000 1.95 6.28 -17.28 -1000 24.48 1.64 556.521
car -1 -1 0.00 0.00 0.00 100.00 100.00 -1000 1.65 4.97 13.44 -1000 40.78 1.57 552.981
car -1 -1 0.00 0.00 0.00 100.00 100.00 -1000 1.75 4.89 10.92 -1000 42.06 1.58 551.525
car -1 -1 0.00 0.00 0.00 100.00 100.00 -1000 1.95 6.10 10.60 -1000 43.33 1.48 550.165
car -1 -1 0.00 0.00 0.00 100.00 100.00 -1000 2.02 9.28 -12.44 -1000 32.76 1.37 540.310
car -1 -1 0.00 0.00 0.00 100.00 100.00 -1000 1.87 6.85 -11.30 -1000 42.70 1.43 538.440
car -1 -1 0.00 0.00 0.00 100.00 100.00 -1000 1.97 6.19 -11.99 -1000 44.27 1.51 537.376
car -1 -1 0.00 0.00 0.00 100.00 100.00 -1000 1.39 3.21 -7.28 -1000 26.56 1.65 537.228
car -1 -1 0.00 0.00 0.00 100.00 100.00 -1000 1.59 3.99 12.64 -1000 32.25 1.51 521.192
car -1 -1 0.00 0.00 0.00 100.00 100.00 -1000 1.60 4.02 -7.11 -1000 41.73 1.68 516.007
car -1 -1 0.00 0.00 0.00 100.00 100.00 -1000 1.78 5.11 7.88 -1000 40.64 1.48 513.003
car -1 -1 0.00 0.00 0.00 100.00 100.00 -1000 2.23 11.08 13.24 -1000 44.01 1.31 493.890
car -1 -1 0.00 0.00 0.00 100.00 100.00 -1000 2.10 9.83 -5.80 -1000 45.93 1.35 492.193
car -1 -1 0.00 0.00 0.00 100.00 100.00 -1000 1.86 8.52 -11.42 -1000 27.23 1.36 487.205
car -1 -1 0.00 0.00 0.00 100.00 100.00 -1000 1.84 5.82 -16.65 -1000 38.64 1.48 483.022
car -1 -1 0.00 0.00 0.00 100.00 100.00 -1000 1.89 6.76 3.33 -1000 35.37 1.46 480.934
car -1 -1 0.00 0.00 0.00 100.00 100.00 -1000 1.80 5.16 5.54 -1000 34.01 1.61 479.828
car -1 -1 0.00 0.00 0.00 100.00 100.00 -1000 1.67 4.98 -11.20 -1000 40.06 1.61 476.549
car -1 -1 0.00 0.00 0.00 100.00 100.00 -1000 1.99 8.98 14.89 -1000 28.11 1.37 469.205
car -1 -1 0.00 0.00 0.00 100.00 100.00 -1000 1.66 4.52 -10.20 -1000 25.53 1.62 469.119
car -1 -1 0.00 0.00 0.00 100.00 100.00 -1000 1.70 4.49 -15.25 -1000 40.95 1.54 468.768
car -1 -1 0.00 0.00 0.00 100.00 100.00 -1000 1.84 7.49 -12.20 -1000 31.53 1.40 468.555
car -1 -1 0.00 0.00 0.00 100.00 100.00 -1000 1.91 5.74 7.76 -1000 27.16 1.40 462.442
car -1 -1 0.00 0.00 0.00 100.00 100.00 -1000 1.67 4.98 15.02 -1000 34.24 1.54 453.370
car -1 -1 0.00 0.00 0.00 100.00 100.00 -1000 1.82 5.59 -12.32 -1000 41.83 1.51 444.712
car -1 -1 0.00 0.00 0.00 100.00 100.00 -1000 2.05 9.53 13.53 -1000 42.71 1.33 438.048
car -1 -1 0.00 0.00 0.00 100.00 100.00 -1000 1.80 7.29 -3.05 -1000 45.22 1.40 433.543
car -1 -1 0.00 0.00 0.00 100.00 100.00 -1000 1.80 5.54 13.05 -1000 33.94 1.49 429.920
car -1 -1 0.00 0.00 0.00 100.00 100.00 -1000 1.74 4.80 10.61 -1000 25.76 1.50 428.699
car -1 -1 0.00 0.00 0.00 100.00 100.00 -1000 1.67 4.00 -16.00 -1000 26.94 -0.48 423.588
car -1 -1 0.00 0.00 0.00 100.00 100.00 -1000 1.76 5.97 10.03 -1000 41.42 1.46 415.316
car -1 -1 0.00 0.00 0.00 100.00 100.00 -1000 1.75 8.18 17.75 -1000 29.08 1.41 408.435
car -1 -1 0.00 0.00 0.00 100.00 100.00 -1000 1.78 5.38 -17.87 -1000 37.70 1.43 405.753
car -1 -1 0.00 0.00 0.00 100.00 100.00 -1000 1.68 4.46 -13.60 -1000 40.80 1.65 402.115
car -1 -1 0.00 0.00 0.00 100.00 100.00 -1000 1.75 4.36 8.44 -1000 33.59 1.55 401.046
car -1 -1 0.00 0.00 0.00 100.00 100.00 -1000 1.87 6.35 -18.64 -1000 36.26 1.38 397.623
car -1 -1 0.00 0.00 0.00 100.00 100.00 -1000 1.75 4.38 12.55 -1000 38.88 -0.23 396.288
car -1 -1 0.00 0.00 0.00 100.00 100.00 -1000 2.28 10.54 -11.10 -1000 46.87 1.22 387.473
car -1 -1 0.00 0.00 0.00 100.00 100.00 -1000 1.73 5.02 -14.61 -1000 29.50 1.49 383.234
car -1 -1 0.00 0.00 0.00 100.00 100.00 -1000 2.02 7.33 10.49 -1000 29.63 1.52 378.083
car -1 -1 0.00 0.00 0.00 100.00 100.00 -1000 3.16 18.30 2.97 -1000 12.74 1.06 375.960
car -1 -1 0.00 0.00 0.00 100.00 100.00 -1000 1.98 9.03 -12.64 -1000 28.01 1.30 375.162
car -1 -1 0.00 0.00 0.00 100.00 100.00 -1000 1.71 4.99 -14.84 -1000 36.69 1.50 374.276
car -1 -1 0.00 0.00 0.00 100.00 100.00 -1000 1.74 7.48 -12.51 -1000 25.77 1.37 367.727
car -1 -1 0.00 0.00 0.00 100.00 100.00 -1000 1.55 5.71 -11.84 -1000 24.59 1.53 367.031
car -1 -1 0.00 0.00 0.00 100.00 100.00 -1000 1.80 5.42 6.59 -1000 25.45 1.50 364.995
car -1 -1 0.00 0.00 0.00 100.00 100.00 -1000 1.77 5.55 4.68 -1000 27.33 1.41 364.942
car -1 -1 0.00 0.00 0.00 100.00 100.00 -1000 1.94 5.45 5.33 -1000 36.02 1.43 362.736
car -1 -1 0.00 0.00 0.00 100.00 100.00 -1000 1.72 5.12 10.17 -1000 35.04 1.55 359.095
car -1 -1 0.00 0.00 0.00 100.00 100.00 -1000 1.91 7.73 7.67 -1000 37.40 1.33 355.434
car -1 -1 0.00 0.00 0.00 100.00 100.00 -1000 1.80 5.01 -5.91 -1000 42.15 1.65 353.824
car -1 -1 0.00 0.00 0.00 100.00 100.00 -1000 1.85 5.74 9.90 -1000 27.32 1.50 348.717
car -1 -1 0.00 0.00 0.00 100.00 100.00 -1000 2.31 9.31 9.73 -1000 28.36 1.24 347.571
car -1 -1 0.00 0.00 0.00 100.00 100.00 -1000 2.18 11.25 13.44 -1000 30.30 1.27 347.161
car -1 -1 0.00 0.00 0.00 100.00 100.00 -1000 1.80 5.63 -16.19 -1000 31.89 1.45 344.403
car -1 -1 0.00 0.00 0.00 100.00 100.00 -1000 1.84 8.83 16.84 -1000 30.29 1.38 344.358
car -1 -1 0.00 0.00 0.00 100.00 100.00 -1000 1.63 5.36 -4.40 -1000 43.71 1.47 343.831
car -1 -1 0.00 0.00 0.00 100.00 100.00 -1000 1.54 5.71 -7.48 -1000 27.64 1.55 342.347
car -1 -1 0.00 0.00 0.00 100.00 100.00 -1000 1.80 5.26 11.23 -1000 45.45 1.46 339.188
car -1 -1 0.00 0.00 0.00 100.00 100.00 -1000 1.68 4.26 13.63 -1000 39.48 -0.15 337.410
car -1 -1 0.00 0.00 0.00 100.00 100.00 -1000 1.60 4.92 -13.65 -1000 34.75 1.53 334.654
car -1 -1 0.00 0.00 0.00 100.00 100.00 -1000 1.72 4.78 -16.11 -1000 40.32 1.55 333.360
car -1 -1 0.00 0.00 0.00 100.00 100.00 -1000 2.07 9.39 15.28 -1000 36.75 1.34 332.588
car -1 -1 0.00 0.00 0.00 100.00 100.00 -1000 1.65 3.88 -7.61 -1000 40.80 -0.29 331.555
car -1 -1 0.00 0.00 0.00 100.00 100.00 -1000 1.70 5.58 12.86 -1000 41.89 1.48 330.001
car -1 -1 0.00 0.00 0.00 100.00 100.00 -1000 1.84 5.62 -14.27 -1000 41.58 1.56 328.478
car -1 -1 0.00 0.00 0.00 100.00 100.00 -1000 1.77 5.50 -17.88 -1000 30.09 1.48 324.693
car -1 -1 0.00 0.00 0.00 100.00 100.00 -1000 1.56 4.45 -4.76 -1000 42.97 1.54 322.877
car -1 -1 0.00 0.00 0.00 100.00 100.00 -1000 1.64 5.21 -13.93 -1000 25.07 1.55 321.354
car -1 -1 0.00 0.00 0.00 100.00 100.00 -1000 2.01 6.84 -18.28 -1000 26.11 1.49 314.346
car -1 -1 0.00 0.00 0.00 100.00 100.00 -1000 1.70 4.51 10.08 -1000 24.88 1.47 306.627
car -1 -1 0.00 0.00 0.00 100.00 100.00 -1000 1.67 5.21 15.66 -1000 33.25 1.51 305.883
car -1 -1 0.00 0.00 0.00 100.00 100.00 -1000 1.87 7.83 15.74 -1000 35.44 1.36 304.508
car -1 -1 0.00 0.00 0.00 100.00 100.00 -1000 1.45 3.99 -5.78 -1000 27.24 1.54 299.368
car -1 -1 0.00 0.00 0.00 100.00 100.00 -1000 1.78 5.80 -15.48 -1000 37.71 1.38 297.696
car -1 -1 0.00 0.00 0.00 100.00 100.00 -1000 2.04 9.33 -12.79 -1000 30.33 1.33 295.324
car -1 -1 0.00 0.00 0.00 100.00 100.00 -1000 1.80 6.08 -14.49 -1000 27.26 1.37 293.023
car -1 -1 0.00 0.00 0.00 100.00 100.00 -1000 1.94 6.85 8.38 -1000 39.08 1.41 291.909
car -1 -1 0.00 0.00 0.00 100.00 100.00 -1000 1.79 4.98 14.77 -1000 31.61 1.63 290.754
car -1 -1 0.00 0.00 0.00 100.00 100.00 -1000 1.43 3.15 3.24 -1000 16.71 1.64 286.948
car -1 -1 0.00 0.00 0.00 100.00 100.00 -1000 1.76 5.24 10.95 -1000 33.81 1.52 284.770
car -1 -1 0.00 0.00 0.00 100.00 100.00 -1000 1.85 7.93 -13.77 -1000 36.22 1.40 281.564
car -1 -1 0.00 0.00 0.00 100.00 100.00 -1000 1.80 5.73 -15.00 -1000 45.70 1.40 278.267
car -1 -1 0.00 0.00 0.00 100.00 100.00 -1000 1.71 5.08 9.49 -1000 40.02 1.45 277.411
car -1 -1 0.00 0.00 0.00 100.00 100.00 -1000 2.11 8.90 7.88 -1000 43.44 1.16 277.009
car -1 -1 0.00 0.00 0.00 100.00 100.00 -1000 2.16 6.82 8.54 -1000 30.02 1.32 275.758
car -1 -1 0.00 0.00 0.00 100.00 100.00 -1000 1.89 6.30 11.37 -1000 31.66 1.45 263.726
car -1 -1 0.00 0.00 0.00 100.00 100.00 -1000 1.87 6.15 -15.31 -1000 44.11 1.40 259.796
car -1 -1 0.00 0.00 0.00 100.00 100.00 -1000 1.89 9.59 -11.38 -1000 33.57 1.40 258.225
car -1 -1 0.00 0.00 0.00 100.00 100.00 -1000 1.90 8.12 15.22 -1000 42.03 1.33 257.523
car -1 -1 0.00 0.00 0.00 100.00 100.00 -1000 2.33 9.75 -18.43 -1000 31.66 1.12 256.998
car -1 -1 0.00 0.00 0.00 100.00 100.00 -1000 2.13 9.25 7.20 -1000 41.78 1.35 256.533
car -1 -1 0.00 0.00 0.00 100.00 100.00 -1000 1.70 4.88 3.84 -1000 12.84 1.45 252.918
car -1 -1 0.00 0.00 0.00 100.00 100.00 -1000 1.66 4.05 -18.28 -1000 21.25 1.74 252.422
car -1 -1 0.00 0.00 0.00 100.00 100.00 -1000 1.96 6.21 -12.85 -1000 43.53 1.44 251.488
car -1 -1 0.00 0.00 0.00 100.00 100.00 -1000 1.63 6.66 18.86 -1000 27.81 1.46 240.656
car -1 -1 0.00 0.00 0.00 100.00 100.00 -1000 1.94 6.88 -18.25 -1000 32.63 1.34 232.901
car -1 -1 0.00 0.00 0.00 100.00 100.00 -1000 1.67 7.12 16.84 -1000 27.10 1.45 232.095
car -1 -1 0.00 0.00 0.00 100.00 100.00 -1000 1.75 5.43 4.64 -1000 20.72 1.48 227.376
car -1 -1 0.00 0.00 0.00 100.00 100.00 -1000 2.02 7.43 -18.67 -1000 35.14 1.27 226.580
car -1 -1 0.00 0.00 0.00 100.00 100.00 -1000 1.80 5.59 9.34 -1000 26.30 1.46 226.265
car -1 -1 0.00 0.00 0.00 100.00 100.00 -1000 1.55 4.83 -13.78 -1000 23.32 1.57 225.567
car -1 -1 0.00 0.00 0.00 100.00 100.00 -1000 1.67 5.46 4.11 -1000 28.99 1.34 223.328
car -1 -1 0.00 0.00 0.00 100.00 100.00 -1000 1.64 5.67 6.97 -1000 32.90 1.55 220.667
car -1 -1 0.00 0.00 0.00 100.00 100.00 -1000 1.94 9.04 16.42 -1000 37.60 1.28 218.623
car -1 -1 0.00 0.00 0.00 100.00 100.00 -1000 2.06 7.70 10.80 -1000 30.83 1.50 218.578
car -1 -1 0.00 0.00 0.00 100.00 100.00 -1000 1.92 5.65 9.01 -1000 47.57 1.38 216.575
car -1 -1 0.00 0.00 0.00 100.00 100.00 -1000 1.74 6.77 15.31 -1000 41.16 1.37 215.187
car -1 -1 0.00 0.00 0.00 100.00 100.00 -1000 1.83 6.96 7.31 -1000 36.30 1.34 213.853
car -1 -1 0.00 0.00 0.00 100.00 100.00 -1000 1.76 7.29 16.83 -1000 34.70 1.34 213.039
car -1 -1 0.00 0.00 0.00 100.00 100.00 -1000 1.92 7.35 -13.09 -1000 28.99 1.39 211.193
car -1 -1 0.00 0.00 0.00 100.00 100.00 -1000 2.11 8.05 -18.84 -1000 38.25 1.24 210.297
car -1 -1 0.00 0.00 0.00 100.00 100.00 -1000 1.86 5.48 -17.08 -1000 45.83 1.49 209.331
car -1 -1 0.00 0.00 0.00 100.00 100.00 -1000 1.59 3.75 -8.21 -1000 25.22 1.68 209.314
car -1 -1 0.00 0.00 0.00 100.00 100.00 -1000 1.77 6.74 12.75 -1000 28.58 1.39 206.193
car -1 -1 0.00 0.00 0.00 100.00 100.00 -1000 1.53 3.73 -16.68 -1000 21.73 1.77 204.542
car -1 -1 0.00 0.00 0.00 100.00 100.00 -1000 1.80 6.01 -14.26 -1000 31.14 1.58 201.181
car -1 -1 0.00 0.00 0.00 100.00 100.00 -1000 1.82 5.20 6.17 -1000 16.98 1.59 200.161
car -1 -1 0.00 0.00 0.00 100.00 100.00 -1000 1.77 8.31 -12.85 -1000 38.37 1.45 196.972
car -1 -1 0.00 0.00 0.00 100.00 100.00 -1000 1.91 7.57 2.64 -1000 19.31 1.23 194.370
car -1 -1 0.00 0.00 0.00 100.00 100.00 -1000 1.63 5.95 16.00 -1000 25.26 1.42 193.278
car -1 -1 0.00 0.00 0.00 100.00 100.00 -1000 1.78 6.19 4.64 -1000 28.18 1.28 192.789
car -1 -1 0.00 0.00 0.00 100.00 100.00 -1000 1.63 5.89 -2.25 -1000 44.47 1.39 191.554
car -1 -1 0.00 0.00 0.00 100.00 100.00 -1000 1.64 7.04 1.14 -1000 34.71 1.38 190.181
car -1 -1 0.00 0.00 0.00 100.00 100.00 -1000 1.78 6.26 12.39 -1000 35.43 1.36 188.215
car -1 -1 0.00 0.00 0.00 100.00 100.00 -1000 1.76 4.83 13.90 -1000 46.13 1.61 187.169
car -1 -1 0.00 0.00 0.00 100.00 100.00 -1000 1.87 5.46 11.53 -1000 38.22 1.57 186.566
car -1 -1 0.00 0.00 0.00 100.00 100.00 -1000 2.03 7.38 4.99 -1000 21.41 1.43 186.550
car -1 -1 0.00 0.00 0.00 100.00 100.00 -1000 1.75 4.87 -16.53 -1000 47.35 1.43 185.620
car -1 -1 0.00 0.00 0.00 100.00 100.00 -1000 1.56 5.26 -1.76 -1000 43.51 1.51 184.406
car -1 -1 0.00 0.00 0.00 100.00 100.00 -1000 1.68 5.82 2.82 -1000 25.82 1.40 184.189
car -1 -1 0.00 0.00 0.00 100.00 100.00 -1000 1.67 8.02 -12.47 -1000 35.17 1.42 183.519
car -1 -1 0.00 0.00 0.00 100.00 100.00 -1000 1.89 6.46 -13.56 -1000 45.19 1.43 182.545
car -1 -1 0.00 0.00 0.00 100.00 100.00 -1000 2.06 7.80 -17.60 -1000 39.78 1.28 180.478
car -1 -1 0.00 0.00 0.00 100.00 100.00 -1000 1.60 5.72 -10.78 -1000 39.22 1.55 178.563
car -1 -1 0.00 0.00 0.00 100.00 100.00 -1000 2.03 8.01 -18.45 -1000 41.94 1.17 178.153
car -1 -1 0.00 0.00 0.00 100.00 100.00 -1000 1.96 9.40 3.47 -1000 36.65 1.31 176.392
car -1 -1 0.00 0.00 0.00 100.00 100.00 -1000 1.92 5.11 -17.96 -1000 46.55 1.48 170.904
