car -1 -1 0.00 0.00 0.00 100.00 100.00 -1000 1.64 4.05 -4.64 -1000 12.16 1.48 999.638
car -1 -1 0.00 0.00 0.00 100.00 100.00 -1000 0.95 9.13 -6.80 -1000 14.64 0.54 993.905
car -1 -1 0.00 0.00 0.00 100.00 100.00 -1000 1.54 3.53 0.22 -1000 29.90 1.62 993.618
car -1 -1 0.00 0.00 0.00 100.00 100.00 -1000 1.64 4.25 -2.64 -1000 14.30 1.54 989.108
car -1 -1 0.00 0.00 0.00 100.00 100.00 -1000 2.85 11.46 -5.15 -1000 14.71 1.22 985.870
car -1 -1 0.00 0.00 0.00 100.00 100.00 -1000 1.60 3.88 -3.55 -1000 16.96 1.52 985.714
car -1 -1 0.00 0.00 0.00 100.00 100.00 -1000 1.59 3.92 8.28 -1000 14.09 -0.24 974.966
car -1 -1 0.00 0.00 0.00 100.00 100.00 -1000 1.51 3.30 2.98 -1000 29.17 1.62 972.858
car -1 -1 0.00 0.00 0.00 100.00 100.00 -1000 1.63 3.93 -2.20 -1000 19.31 1.58 972.112
car -1 -1 0.00 0.00 0.00 100.00 100.00 -1000 1.49 3.31 1.95 -1000 29.58 1.59 968.412
car -1 -1 0.00 0.00 0.00 100.00 100.00 -1000 1.54 3.60 5.92 -1000 7.74 1.59 964.906
car -1 -1 0.00 0.00 0.00 100.00 100.00 -1000 1.66 3.88 -4.78 -1000 16.15 1.54 955.395
car -1 -1 0.00 0.00 0.00 100.00 100.00 -1000 1.76 4.79 -5.67 -1000 13.35 1.52 953.846
car -1 -1 0.00 0.00 0.00 100.00 100.00 -1000 2.22 7.26 -7.44 -1000 15.38 1.53 952.616
car -1 -1 0.00 0.00 0.00 100.00 100.00 -1000 1.58 3.99 -3.53 -1000 12.66 1.68 951.869
car -1 -1 0.00 0.00 0.00 100.00 100.00 -1000 2.49 6.10 -3.59 -1000 20.66 1.21 950.754
car -1 -1 0.00 0.00 0.00 100.00 100.00 -1000 1.75 4.82 -1.89 -1000 14.97 1.52 945.200
car -1 -1 0.00 0.00 0.00 100.00 100.00 -1000 1.57 3.94 0.57 -1000 29.14 -0.01 943.195
car -1 -1 0.00 0.00 0.00 100.00 100.00 -1000 1.57 3.76 -2.29 -1000 17.62 1.60 939.836
car -1 -1 0.00 0.00 0.00 100.00 100.00 -1000 1.80 4.58 -3.84 -1000 11.42 0.14 938.940
car -1 -1 0.00 0.00 0.00 100.00 100.00 -1000 3.81 31.08 -4.01 -1000 20.59 0.95 936.488
car -1 -1 0.00 0.00 0.00 100.00 100.00 -1000 1.56 3.70 8.75 -1000 14.77 1.57 934.536
car -1 -1 0.00 0.00 0.00 100.00 100.00 -1000 3.11 16.27 -3.19 -1000 20.67 1.19 932.642
car -1 -1 0.00 0.00 0.00 100.00 100.00 -1000 1.58 3.81 -4.68 -1000 17.55 1.54 923.995
car -1 -1 0.00 0.00 0.00 100.00 100.00 -1000 1.53 3.39 12.50 -1000 36.31 1.60 914.086
car -1 -1 0.00 0.00 0.00 100.00 100.00 -1000 1.57 3.68 4.87 -1000 6.59 1.63 910.746
car -1 -1 0.00 0.00 0.00 100.00 100.00 -1000 1.63 3.71 0.05 -1000 32.93 1.49 906.840
car -1 -1 0.00 0.00 0.00 100.00 100.00 -1000 1.47 3.34 -5.40 -1000 11.51 1.55 906.062
car -1 -1 0.00 0.00 0.00 100.00 100.00 -1000 1.72 4.69 -1.60 -1000 16.33 1.48 899.104
car -1 -1 0.00 0.00 0.00 100.00 100.00 -1000 1.53 3.37 7.64 -1000 13.43 1.65 897.552
car -1 -1 0.00 0.00 0.00 100.00 100.00 -1000 2.27 8.10 -0.20 -1000 32.09 1.34 896.319
car -1 -1 0.00 0.00 0.00 100.00 100.00 -1000 1.58 3.78 4.84 -1000 11.37 1.65 893.220
car -1 -1 0.00 0.00 0.00 100.00 100.00 -1000 2.28 8.06 -5.66 -1000 13.86 1.35 890.163
car -1 -1 0.00 0.00 0.00 100.00 100.00 -1000 1.56 3.99 0.19 -1000 15.34 -0.17 888.310
car -1 -1 0.00 0.00 0.00 100.00 100.00 -1000 4.38 10.53 -3.64 -1000 22.30 0.72 869.388
car -1 -1 0.00 0.00 0.00 100.00 100.00 -1000 1.62 4.00 -3.37 -1000 18.01 1.57 863.410
car -1 -1 0.00 0.00 0.00 100.00 100.00 -1000 6.90 99.79 -3.52 -1000 22.13 0.61 853.225
car -1 -1 0.00 0.00 0.00 100.00 100.00 -1000 1.62 3.98 3.40 -1000 28.43 -0.26 849.584
car -1 -1 0.00 0.00 0.00 100.00 100.00 -1000 5.00 48.25 -2.53 -1000 32.08 0.77 847.028
car -1 -1 0.00 0.00 0.00 100.00 100.00 -1000 2.02 6.32 -3.24 -1000 15.69 1.50 843.479
car -1 -1 0.00 0.00 0.00 100.00 100.00 -1000 2.85 12.89 -0.03 -1000 33.53 1.20 843.241
car -1 -1 0.00 0.00 0.00 100.00 100.00 -1000 1.78 3.97 -12.20 -1000 15.30 1.46 839.238
car -1 -1 0.00 0.00 0.00 100.00 100.00 -1000 4.84 23.45 -5.23 -1000 23.24 0.37 833.530
car -1 -1 0.00 0.00 0.00 100.00 100.00 -1000 0.65 8.30 -4.88 -1000 14.30 0.59 832.015
car -1 -1 0.00 0.00 0.00 100.00 100.00 -1000 1.63 3.82 -0.13 -1000 32.11 1.53 831.119
car -1 -1 0.00 0.00 0.00 100.00 100.00 -1000 1.65 4.01 10.00 -1000 18.36 1.58 817.248
car -1 -1 0.00 0.00 0.00 100.00 100.00 -1000 1.65 4.17 -2.10 -1000 18.46 1.56 809.858
car -1 -1 0.00 0.00 0.00 100.00 100.00 -1000 1.67 4.21 0.81 -1000 16.10 1.46 792.115
car -1 -1 0.00 0.00 0.00 100.00 100.00 -1000 2.29 6.72 -4.54 -1000 21.62 0.93 788.530
car -1 -1 0.00 0.00 0.00 100.00 100.00 -1000 2.08 5.67 0.06 -1000 33.74 1.34 787.431
car -1 -1 0.00 0.00 0.00 100.00 100.00 -1000 2.10 5.74 -5.79 -1000 19.94 1.34 776.843
car -1 -1 0.00 0.00 0.00 100.00 100.00 -1000 1.62 3.66 -15.68 -1000 21.46 1.49 771.983
car -1 -1 0.00 0.00 0.00 100.00 100.00 -1000 2.13 7.09 12.49 -1000 36.75 1.37 762.867
car -1 -1 0.00 0.00 0.00 100.00 100.00 -1000 1.80 4.79 6.13 -1000 13.15 1.49 756.616
car -1 -1 0.00 0.00 0.00 100.00 100.00 -1000 1.66 3.78 5.04 -1000 18.51 1.54 752.549
car -1 -1 0.00 0.00 0.00 100.00 100.00 -1000 3.65 14.57 -4.29 -1000 33.02 0.53 750.573
car -1 -1 0.00 0.00 0.00 100.00 100.00 -1000 1.72 4.73 9.26 -1000 17.66 1.52 743.436
car -1 -1 0.00 0.00 0.00 100.00 100.00 -1000 1.77 4.89 -0.17 -1000 30.81 1.56 740.630
car -1 -1 0.00 0.00 0.00 100.00 100.00 -1000 3.73 28.31 -2.96 -1000 33.70 0.89 737.592
car -1 -1 0.00 0.00 0.00 100.00 100.00 -1000 4.62 46.81 -4.95 -1000 22.30 0.78 737.509
car -1 -1 0.00 0.00 0.00 100.00 100.00 -1000 1.76 4.56 -8.23 -1000 19.56 1.50 728.646
car -1 -1 0.00 0.00 0.00 100.00 100.00 -1000 1.66 4.45 3.07 -1000 29.96 1.56 725.836
car -1 -1 0.00 0.00 0.00 100.00 100.00 -1000 1.67 4.39 6.86 -1000 8.38 1.72 718.759
car -1 -1 0.00 0.00 0.00 100.00 100.00 -1000 2.11 5.63 -7.71 -1000 14.45 1.33 717.305
car -1 -1 0.00 0.00 0.00 100.00 100.00 -1000 3.01 6.04 -2.14 -1000 22.26 1.12 712.093
car -1 -1 0.00 0.00 0.00 100.00 100.00 -1000 1.68 4.42 -1.19 -1000 12.56 1.50 711.443
car -1 -1 0.00 0.00 0.00 100.00 100.00 -1000 1.69 4.11 6.98 -1000 12.54 -0.25 707.570
car -1 -1 0.00 0.00 0.00 100.00 100.00 -1000 1.63 3.93 8.79 -1000 12.98 -0.38 701.921
car -1 -1 0.00 0.00 0.00 100.00 100.00 -1000 1.68 4.03 9.90 -1000 13.83 -0.26 699.345
car -1 -1 0.00 0.00 0.00 100.00 100.00 -1000 1.67 4.48 -3.58 -1000 18.85 1.55 695.268
car -1 -1 0.00 0.00 0.00 100.00 100.00 -1000 1.69 4.67 -1.23 -1000 19.91 1.46 694.871
car -1 -1 0.00 0.00 0.00 100.00 100.00 -1000 2.26 7.24 12.55 -1000 35.62 1.41 686.055
car -1 -1 0.00 0.00 0.00 100.00 100.00 -1000 1.57 3.96 3.52 -1000 10.92 1.55 677.785
car -1 -1 0.00 0.00 0.00 100.00 100.00 -1000 3.30 22.05 -1.18 -1000 30.42 0.98 664.739
car -1 -1 0.00 0.00 0.00 100.00 100.00 -1000 1.71 4.27 2.83 -1000 18.49 1.50 654.027
car -1 -1 0.00 0.00 0.00 100.00 100.00 -1000 2.84 16.11 0.20 -1000 23.73 1.12 650.612
car -1 -1 0.00 0.00 0.00 100.00 100.00 -1000 1.69 4.46 5.78 -1000 19.14 1.50 649.611
car -1 -1 0.00 0.00 0.00 100.00 100.00 -1000 1.64 4.51 1.24 -1000 30.43 1.57 633.751
car -1 -1 0.00 0.00 0.00 100.00 100.00 -1000 4.46 38.56 -2.68 -1000 30.53 0.81 633.204
car -1 -1 0.00 0.00 0.00 100.00 100.00 -1000 2.07 6.07 -6.36 -1000 16.47 1.43 632.932
car -1 -1 0.00 0.00 0.00 100.00 100.00 -1000 1.79 5.27 2.44 -1000 19.25 1.46 623.475
car -1 -1 0.00 0.00 0.00 100.00 100.00 -1000 2.04 6.13 -5.16 -1000 15.18 1.73 620.709
car -1 -1 0.00 0.00 0.00 100.00 100.00 -1000 1.59 3.64 -2.05 -1000 13.57 -0.17 620.626
car -1 -1 0.00 0.00 0.00 100.00 100.00 -1000 1.72 4.98 -6.21 -1000 12.52 1.58 615.598
car -1 -1 0.00 0.00 0.00 100.00 100.00 -1000 1.62 4.19 6.71 -1000 7.09 -0.16 608.836
car -1 -1 0.00 0.00 0.00 100.00 100.00 -1000 3.02 13.09 -4.16 -1000 34.31 0.73 599.640
car -1 -1 0.00 0.00 0.00 100.00 100.00 -1000 2.09 9.62 2.80 -1000 32.98 1.41 596.743
car -1 -1 0.00 0.00 0.00 100.00 100.00 -1000 9.24 64.62 -9.06 -1000 5.58 -0.72 594.818
car -1 -1 0.00 0.00 0.00 100.00 100.00 -1000 1.69 4.25 14.90 -1000 19.13 1.51 588.912
car -1 -1 0.00 0.00 0.00 100.00 100.00 -1000 2.64 11.04 3.30 -1000 36.01 0.94 587.017
car -1 -1 0.00 0.00 0.00 100.00 100.00 -1000 1.73 5.16 0.94 -1000 19.91 1.43 570.333
car -1 -1 0.00 0.00 0.00 100.00 100.00 -1000 1.62 4.46 -1.13 -1000 29.57 1.51 561.486
car -1 -1 0.00 0.00 0.00 100.00 100.00 -1000 2.81 13.54 -0.60 -1000 22.42 1.29 551.356
car -1 -1 0.00 0.00 0.00 100.00 100.00 -1000 1.71 4.36 7.60 -1000 18.49 1.62 546.403
car -1 -1 0.00 0.00 0.00 100.00 100.00 -1000 1.86 5.64 -0.82 -1000 14.16 1.57 543.722
car -1 -1 0.00 0.00 0.00 100.00 100.00 -1000 1.65 4.13 4.68 -1000 5.50 -0.17 539.454
car -1 -1 0.00 0.00 0.00 100.00 100.00 -1000 1.86 4.34 -18.38 -1000 26.61 1.41 538.441
car -1 -1 0.00 0.00 0.00 100.00 100.00 -1000 4.93 11.58 -2.20 -1000 31.58 0.62 537.855
car -1 -1 0.00 0.00 0.00 100.00 100.00 -1000 1.71 4.43 -16.19 -1000 22.95 1.46 537.149
car -1 -1 0.00 0.00 0.00 100.00 100.00 -1000 2.01 6.36 -9.49 -1000 18.81 1.45 528.178
car -1 -1 0.00 0.00 0.00 100.00 100.00 -1000 4.46 36.36 11.45 -1000 35.50 0.91 500.176
car -1 -1 0.00 0.00 0.00 100.00 100.00 -1000 1.67 3.92 -17.87 -1000 22.67 1.43 486.586
car -1 -1 0.00 0.00 0.00 100.00 100.00 -1000 2.35 5.85 -4.66 -1000 23.91 0.64 475.700
car -1 -1 0.00 0.00 0.00 100.00 100.00 -1000 1.71 4.48 8.06 -1000 15.42 1.50 469.063
car -1 -1 0.00 0.00 0.00 100.00 100.00 -1000 1.80 5.62 1.73 -1000 36.21 1.12 468.503
car -1 -1 0.00 0.00 0.00 100.00 100.00 -1000 2.07 9.78 4.39 -1000 31.83 1.37 465.171
car -1 -1 0.00 0.00 0.00 100.00 100.00 -1000 1.79 5.09 4.11 -1000 19.52 1.49 449.815
car -1 -1 0.00 0.00 0.00 100.00 100.00 -1000 2.96 22.08 4.33 -1000 35.30 1.08 446.985
car -1 -1 0.00 0.00 0.00 100.00 100.00 -1000 1.66 3.90 1.93 -1000 15.30 -0.02 445.654
car -1 -1 0.00 0.00 0.00 100.00 100.00 -1000 1.78 4.90 -1.73 -1000 20.77 1.48 442.629
car -1 -1 0.00 0.00 0.00 100.00 100.00 -1000 1.77 4.89 10.53 -1000 14.74 1.60 439.789
car -1 -1 0.00 0.00 0.00 100.00 100.00 -1000 1.91 3.87 -2.76 -1000 23.39 1.11 426.889
car -1 -1 0.00 0.00 0.00 100.00 100.00 -1000 1.91 5.24 6.83 -1000 14.37 1.44 426.544
car -1 -1 0.00 0.00 0.00 100.00 100.00 -1000 1.79 5.54 8.92 -1000 19.08 1.46 425.916
car -1 -1 0.00 0.00 0.00 100.00 100.00 -1000 1.72 4.67 0.76 -1000 14.64 1.64 424.310
car -1 -1 0.00 0.00 0.00 100.00 100.00 -1000 2.00 8.34 3.46 -1000 33.89 1.37 423.737
car -1 -1 0.00 0.00 0.00 100.00 100.00 -1000 21.22 1623.69 -5.44 -1000 2.87 0.08 422.594
car -1 -1 0.00 0.00 0.00 100.00 100.00 -1000 1.80 5.82 3.30 -1000 16.06 1.32 406.874
car -1 -1 0.00 0.00 0.00 100.00 100.00 -1000 2.19 9.02 -15.18 -1000 26.19 1.43 402.921
car -1 -1 0.00 0.00 0.00 100.00 100.00 -1000 1.67 3.95 -1.01 -1000 17.00 -0.40 397.495
car -1 -1 0.00 0.00 0.00 100.00 100.00 -1000 4.83 9.33 12.08 -1000 36.34 0.76 388.977
car -1 -1 0.00 0.00 0.00 100.00 100.00 -1000 1.69 4.34 6.63 -1000 17.71 1.68 387.689
car -1 -1 0.00 0.00 0.00 100.00 100.00 -1000 1.73 4.56 11.87 -1000 18.45 1.62 379.935
car -1 -1 0.00 0.00 0.00 100.00 100.00 -1000 2.01 9.16 -13.09 -1000 23.76 1.33 379.330
car -1 -1 0.00 0.00 0.00 100.00 100.00 -1000 2.21 7.94 -9.52 -1000 17.58 1.35 378.873
car -1 -1 0.00 0.00 0.00 100.00 100.00 -1000 1.94 5.90 -16.12 -1000 23.68 1.42 376.026
car -1 -1 0.00 0.00 0.00 100.00 100.00 -1000 1.77 4.64 5.33 -1000 12.35 1.59 375.785
car -1 -1 0.00 0.00 0.00 100.00 100.00 -1000 1.77 3.76 -1.40 -1000 22.92 1.26 369.475
car -1 -1 0.00 0.00 0.00 100.00 100.00 -1000 6.73 40.33 -11.44 -1000 6.80 -0.37 369.257
car -1 -1 0.00 0.00 0.00 100.00 100.00 -1000 2.46 14.59 6.97 -1000 22.11 1.18 366.931
car -1 -1 0.00 0.00 0.00 100.00 100.00 -1000 1.72 4.16 11.76 -1000 37.19 1.35 363.479
car -1 -1 0.00 0.00 0.00 100.00 100.00 -1000 1.60 4.07 -0.84 -1000 28.79 1.40 359.879
car -1 -1 0.00 0.00 0.00 100.00 100.00 -1000 1.99 8.63 -13.76 -1000 25.38 1.37 354.642
car -1 -1 0.00 0.00 0.00 100.00 100.00 -1000 1.73 6.96 6.23 -1000 31.06 1.44 348.161
car -1 -1 0.00 0.00 0.00 100.00 100.00 -1000 1.79 7.13 3.82 -1000 35.07 1.34 342.742
car -1 -1 0.00 0.00 0.00 100.00 100.00 -1000 1.89 5.59 -4.89 -1000 18.41 1.41 335.779
car -1 -1 0.00 0.00 0.00 100.00 100.00 -1000 1.51 3.35 3.73 -1000 5.95 1.50 335.373
car -1 -1 0.00 0.00 0.00 100.00 100.00 -1000 1.81 6.40 -12.65 -1000 15.94 1.36 335.021
car -1 -1 0.00 0.00 0.00 100.00 100.00 -1000 1.99 6.01 1.38 -1000 13.73 1.38 329.830
car -1 -1 0.00 0.00 0.00 100.00 100.00 -1000 1.63 5.51 4.91 -1000 29.44 1.49 328.850
car -1 -1 0.00 0.00 0.00 100.00 100.00 -1000 1.66 3.78 1.39 -1000 8.21 1.52 327.090
car -1 -1 0.00 0.00 0.00 100.00 100.00 -1000 1.81 5.08 0.02 -1000 18.50 1.51 321.684
car -1 -1 0.00 0.00 0.00 100.00 100.00 -1000 2.74 8.00 -1.17 -1000 30.05 1.00 309.070
car -1 -1 0.00 0.00 0.00 100.00 100.00 -1000 1.87 5.24 -9.98 -1000 15.31 1.48 306.271
car -1 -1 0.00 0.00 0.00 100.00 100.00 -1000 2.07 9.57 0.42 -1000 24.54 1.24 297.580
car -1 -1 0.00 0.00 0.00 100.00 100.00 -1000 5.08 29.21 2.55 -1000 36.85 0.78 292.223
car -1 -1 0.00 0.00 0.00 100.00 100.00 -1000 1.72 4.63 -1.88 -1000 32.53 1.27 292.166
car -1 -1 0.00 0.00 0.00 100.00 100.00 -1000 13.26 606.98 -8.29 -1000 4.53 0.34 292.043
car -1 -1 0.00 0.00 0.00 100.00 100.00 -1000 1.63 3.95 10.92 -1000 17.84 -0.32 290.794
car -1 -1 0.00 0.00 0.00 100.00 100.00 -1000 1.71 5.10 -14.82 -1000 22.40 1.46 290.632
car -1 -1 0.00 0.00 0.00 100.00 100.00 -1000 2.18 15.67 1.05 -1000 36.82 0.73 284.231
car -1 -1 0.00 0.00 0.00 100.00 100.00 -1000 1.73 4.55 5.68 -1000 6.02 1.72 284.230
car -1 -1 0.00 0.00 0.00 100.00 100.00 -1000 2.24 8.72 -1.30 -1000 23.20 1.20 282.932
car -1 -1 0.00 0.00 0.00 100.00 100.00 -1000 2.19 7.80 8.85 -1000 16.88 1.49 276.304
car -1 -1 0.00 0.00 0.00 100.00 100.00 -1000 3.64 15.29 7.65 -1000 36.39 0.43 262.084
car -1 -1 0.00 0.00 0.00 100.00 100.00 -1000 2.09 9.64 1.70 -1000 34.59 1.32 259.943
car -1 -1 0.00 0.00 0.00 100.00 100.00 -1000 1.93 8.57 4.52 -1000 30.55 1.39 259.047
car -1 -1 0.00 0.00 0.00 100.00 100.00 -1000 1.66 4.25 -2.55 -1000 22.06 1.13 257.577
car -1 -1 0.00 0.00 0.00 100.00 100.00 -1000 2.03 5.48 -2.56 -1000 11.94 -0.56 250.049
car -1 -1 0.00 0.00 0.00 100.00 100.00 -1000 1.89 8.37 -15.54 -1000 27.18 1.39 248.089
car -1 -1 0.00 0.00 0.00 100.00 100.00 -1000 2.46 11.73 -1.62 -1000 29.17 1.14 248.082
car -1 -1 0.00 0.00 0.00 100.00 100.00 -1000 2.78 13.41 -13.71 -1000 15.98 1.18 240.116
car -1 -1 0.00 0.00 0.00 100.00 100.00 -1000 1.76 7.11 15.17 -1000 37.94 1.42 240.041
car -1 -1 0.00 0.00 0.00 100.00 100.00 -1000 1.89 6.16 -9.01 -1000 20.30 1.39 239.586
car -1 -1 0.00 0.00 0.00 100.00 100.00 -1000 1.81 5.18 10.82 -1000 13.08 1.57 238.562
car -1 -1 0.00 0.00 0.00 100.00 100.00 -1000 2.22 7.04 -6.63 -1000 19.04 1.47 236.453
car -1 -1 0.00 0.00 0.00 100.00 100.00 -1000 2.09 7.10 5.36 -1000 13.78 1.23 236.029
car -1 -1 0.00 0.00 0.00 100.00 100.00 -1000 1.60 4.06 -6.14 -1000 15.82 0.08 234.403
car -1 -1 0.00 0.00 0.00 100.00 100.00 -1000 3.06 21.20 -3.53 -1000 29.03 0.93 231.633
car -1 -1 0.00 0.00 0.00 100.00 100.00 -1000 1.84 6.40 -1.73 -1000 31.29 1.36 230.514
car -1 -1 0.00 0.00 0.00 100.00 100.00 -1000 1.60 3.73 -3.70 -1000 10.38 1.54 229.606
car -1 -1 0.00 0.00 0.00 100.00 100.00 -1000 3.52 27.51 -16.02 -1000 16.09 0.88 229.508
car -1 -1 0.00 0.00 0.00 100.00 100.00 -1000 2.23 11.53 -16.54 -1000 28.62 1.20 227.502
car -1 -1 0.00 0.00 0.00 100.00 100.00 -1000 1.94 5.97 7.20 -1000 9.25 1.53 224.779
car -1 -1 0.00 0.00 0.00 100.00 100.00 -1000 1.77 5.28 14.06 -1000 18.21 1.58 224.599
car -1 -1 0.00 0.00 0.00 100.00 100.00 -1000 5.76 32.39 -4.40 -1000 4.96 -0.11 224.355
car -1 -1 0.00 0.00 0.00 100.00 100.00 -1000 1.44 3.05 -4.90 -1000 10.90 1.44 223.137
car -1 -1 0.00 0.00 0.00 100.00 100.00 -1000 1.88 5.46 -13.09 -1000 14.62 1.39 220.543
car -1 -1 0.00 0.00 0.00 100.00 100.00 -1000 1.66 6.12 6.56 -1000 29.93 1.46 220.295
car -1 -1 0.00 0.00 0.00 100.00 100.00 -1000 9.09 291.53 -10.02 -1000 6.15 0.52 216.017
car -1 -1 0.00 0.00 0.00 100.00 100.00 -1000 1.96 6.12 6.13 -1000 19.80 1.46 213.987
car -1 -1 0.00 0.00 0.00 100.00 100.00 -1000 2.07 6.83 2.01 -1000 16.78 1.48 210.410
car -1 -1 0.00 0.00 0.00 100.00 100.00 -1000 2.31 9.86 -3.10 -1000 35.31 1.00 209.545
car -1 -1 0.00 0.00 0.00 100.00 100.00 -1000 1.86 7.42 2.34 -1000 31.27 1.42 204.949
car -1 -1 0.00 0.00 0.00 100.00 100.00 -1000 1.68 5.90 8.36 -1000 8.05 1.52 203.908
car -1 -1 0.00 0.00 0.00 100.00 100.00 -1000 2.03 7.40 0.26 -1000 22.35 1.24 203.666
car -1 -1 0.00 0.00 0.00 100.00 100.00 -1000 2.52 6.40 -5.55 -1000 32.15 0.97 200.612
car -1 -1 0.00 0.00 0.00 100.00 100.00 -1000 3.35 15.06 9.92 -1000 37.49 0.73 200.527
car -1 -1 0.00 0.00 0.00 100.00 100.00 -1000 10.50 359.62 -1.60 -1000 3.06 0.48 198.011
car -1 -1 0.00 0.00 0.00 100.00 100.00 -1000 1.97 7.15 4.79 -1000 17.15 1.24 196.163
car -1 -1 0.00 0.00 0.00 100.00 100.00 -1000 4.35 6.44 -8.55 -1000 6.47 0.79 194.448
car -1 -1 0.00 0.00 0.00 100.00 100.00 -1000 2.40 15.90 3.86 -1000 22.86 1.18 193.534
car -1 -1 0.00 0.00 0.00 100.00 100.00 -1000 2.16 8.31 8.67 -1000 15.87 1.55 190.016
car -1 -1 0.00 0.00 0.00 100.00 100.00 -1000 2.14 5.60 -2.49 -1000 34.80 0.86 189.151
car -1 -1 0.00 0.00 0.00 100.00 100.00 -1000 1.89 5.41 -7.45 -1000 21.19 1.17 187.791
car -1 -1 0.00 0.00 0.00 100.00 100.00 -1000 4.52 33.28 -5.54 -1000 24.80 0.21 187.732
car -1 -1 0.00 0.00 0.00 100.00 100.00 -1000 2.39 5.94 -5.45 -1000 30.54 1.00 187.650
car -1 -1 0.00 0.00 0.00 100.00 100.00 -1000 2.87 5.93 10.38 -1000 35.59 0.95 186.802
car -1 -1 0.00 0.00 0.00 100.00 100.00 -1000 2.14 11.18 7.06 -1000 20.79 1.23 185.046
car -1 -1 0.00 0.00 0.00 100.00 100.00 -1000 6.26 7.82 -6.67 -1000 3.13 0.49 184.955
car -1 -1 0.00 0.00 0.00 100.00 100.00 -1000 3.59 13.42 2.91 -1000 40.89 0.62 184.876
car -1 -1 0.00 0.00 0.00 100.00 100.00 -1000 1.66 5.68 14.27 -1000 36.35 1.48 181.566
car -1 -1 0.00 0.00 0.00 100.00 100.00 -1000 1.75 7.01 -11.85 -1000 24.63 1.36 180.856
car -1 -1 0.00 0.00 0.00 100.00 100.00 -1000 1.91 4.75 -17.43 -1000 21.90 1.42 178.903
car -1 -1 0.00 0.00 0.00 100.00 100.00 -1000 2.64 5.53 7.42 -1000 35.38 0.96 177.385
car -1 -1 0.00 0.00 0.00 100.00 100.00 -1000 2.96 12.32 -17.58 -1000 16.69 0.69 175.271
car -1 -1 0.00 0.00 0.00 100.00 100.00 -1000 2.22 6.22 -18.28 -1000 23.27 1.20 172.867
car -1 -1 0.00 0.00 0.00 100.00 100.00 -1000 1.97 6.92 14.25 -1000 19.78 1.36 172.807
car -1 -1 0.00 0.00 0.00 100.00 100.00 -1000 1.84 6.26 11.29 -1000 19.11 1.38 168.447
car -1 -1 0.00 0.00 0.00 100.00 100.00 -1000 2.33 11.73 -15.41 -1000 24.57 1.37 168.044
car -1 -1 0.00 0.00 0.00 100.00 100.00 -1000 2.92 23.13 -17.18 -1000 14.40 0.99 167.803
car -1 -1 0.00 0.00 0.00 100.00 100.00 -1000 2.04 7.00 -11.73 -1000 17.97 1.44 165.588
car -1 -1 0.00 0.00 0.00 100.00 100.00 -1000 6.66 125.56 -8.57 -1000 7.98 0.63 165.533
car -1 -1 0.00 0.00 0.00 100.00 100.00 -1000 2.70 10.57 -4.93 -1000 29.64 0.72 165.434
car -1 -1 0.00 0.00 0.00 100.00 100.00 -1000 1.99 6.40 -18.49 -1000 27.47 1.37 164.918
car -1 -1 0.00 0.00 0.00 100.00 100.00 -1000 1.93 5.65 3.58 -1000 27.66 1.67 163.704
car -1 -1 0.00 0.00 0.00 100.00 100.00 -1000 2.02 5.80 -18.17 -1000 25.84 1.38 162.030
car -1 -1 0.00 0.00 0.00 100.00 100.00 -1000 1.56 5.16 5.97 -1000 28.79 1.48 160.361
car -1 -1 0.00 0.00 0.00 100.00 100.00 -1000 6.99 147.47 -3.79 -1000 23.71 0.48 160.131
car -1 -1 0.00 0.00 0.00 100.00 100.00 -1000 4.48 42.22 4.23 -1000 40.21 0.86 157.318
car -1 -1 0.00 0.00 0.00 100.00 100.00 -1000 2.20 7.90 -13.62 -1000 17.16 1.28 155.167
car -1 -1 0.00 0.00 0.00 100.00 100.00 -1000 1.99 7.31 4.93 -1000 15.38 1.23 153.154
car -1 -1 0.00 0.00 0.00 100.00 100.00 -1000 2.15 7.50 -9.10 -1000 16.39 1.45 152.912
car -1 -1 0.00 0.00 0.00 100.00 100.00 -1000 4.68 20.97 -10.99 -1000 9.47 0.17 152.758
car -1 -1 0.00 0.00 0.00 100.00 100.00 -1000 2.55 6.41 7.58 -1000 36.99 0.91 145.985
car -1 -1 0.00 0.00 0.00 100.00 100.00 -1000 1.66 3.83 12.47 -1000 35.47 0.01 145.291
car -1 -1 0.00 0.00 0.00 100.00 100.00 -1000 1.72 6.84 13.77 -1000 14.57 1.40 144.120
car -1 -1 0.00 0.00 0.00 100.00 100.00 -1000 1.85 9.10 13.69 -1000 38.61 1.33 143.435
car -1 -1 0.00 0.00 0.00 100.00 100.00 -1000 1.75 5.85 -13.73 -1000 21.77 1.42 143.041
car -1 -1 0.00 0.00 0.00 100.00 100.00 -1000 2.12 8.30 2.66 -1000 20.39 1.39 141.207
car -1 -1 0.00 0.00 0.00 100.00 100.00 -1000 2.26 7.09 2.74 -1000 12.06 1.44 140.886
car -1 -1 0.00 0.00 0.00 100.00 100.00 -1000 1.68 4.46 11.33 -1000 14.12 -0.32 140.659
car -1 -1 0.00 0.00 0.00 100.00 100.00 -1000 2.06 6.57 -11.04 -1000 16.91 1.49 138.483
car -1 -1 0.00 0.00 0.00 100.00 100.00 -1000 1.76 6.46 0.82 -1000 20.81 1.36 138.320
car -1 -1 0.00 0.00 0.00 100.00 100.00 -1000 1.61 6.25 15.71 -1000 37.08 1.40 136.583
car -1 -1 0.00 0.00 0.00 100.00 100.00 -1000 2.03 7.69 11.95 -1000 17.23 1.53 134.225
car -1 -1 0.00 0.00 0.00 100.00 100.00 -1000 2.64 10.62 -18.27 -1000 15.08 0.77 134.119
car -1 -1 0.00 0.00 0.00 100.00 100.00 -1000 5.08 96.30 1.99 -1000 36.83 0.76 133.202
car -1 -1 0.00 0.00 0.00 100.00 100.00 -1000 1.89 6.96 3.15 -1000 14.39 1.42 132.023
car -1 -1 0.00 0.00 0.00 100.00 100.00 -1000 1.64 4.79 -1.65 -1000 30.29 1.09 130.580
car -1 -1 0.00 0.00 0.00 100.00 100.00 -1000 1.89 5.31 2.60 -1000 10.08 1.35 130.038
car -1 -1 0.00 0.00 0.00 100.00 100.00 -1000 3.47 21.37 2.30 -1000 38.06 0.43 129.690
car -1 -1 0.00 0.00 0.00 100.00 100.00 -1000 1.69 4.98 16.22 -1000 18.72 1.49 128.714
car -1 -1 0.00 0.00 0.00 100.00 100.00 -1000 2.20 6.45 5.12 -1000 7.30 -0.03 126.529
car -1 -1 0.00 0.00 0.00 100.00 100.00 -1000 1.85 4.87 3.29 -1000 5.04 1.57 125.800
car -1 -1 0.00 0.00 0.00 100.00 100.00 -1000 3.58 7.09 -10.46 -1000 8.04 0.91 121.792
car -1 -1 0.00 0.00 0.00 100.00 100.00 -1000 2.04 17.13 -6.21 -1000 24.07 0.50 121.183
car -1 -1 0.00 0.00 0.00 100.00 100.00 -1000 2.00 8.26 1.30 -1000 21.57 1.33 119.762
car -1 -1 0.00 0.00 0.00 100.00 100.00 -1000 2.17 10.36 -13.80 -1000 22.81 1.31 119.749
car -1 -1 0.00 0.00 0.00 100.00 100.00 -1000 1.98 5.82 -10.88 -1000 13.72 1.39 118.940
car -1 -1 0.00 0.00 0.00 100.00 100.00 -1000 3.47 33.37 10.27 -1000 33.83 1.01 117.767
car -1 -1 0.00 0.00 0.00 100.00 100.00 -1000 2.11 9.86 10.52 -1000 15.27 1.33 117.047
car -1 -1 0.00 0.00 0.00 100.00 100.00 -1000 1.62 6.84 10.49 -1000 8.61 1.39 116.706
car -1 -1 0.00 0.00 0.00 100.00 100.00 -1000 1.93 6.27 9.59 -1000 12.40 1.60 115.264
car -1 -1 0.00 0.00 0.00 100.00 100.00 -1000 6.14 119.50 3.87 -1000 38.51 0.76 114.413
car -1 -1 0.00 0.00 0.00 100.00 100.00 -1000 1.60 5.56 9.56 -1000 7.38 1.44 114.092
car -1 -1 0.00 0.00 0.00 100.00 100.00 -1000 1.66 4.09 -9.67 -1000 14.43 0.04 110.373
car -1 -1 0.00 0.00 0.00 100.00 100.00 -1000 2.60 6.23 -2.04 -1000 28.67 1.03 109.696
car -1 -1 0.00 0.00 0.00 100.00 100.00 -1000 1.67 6.24 13.03 -1000 13.74 1.42 109.518
car -1 -1 0.00 0.00 0.00 100.00 100.00 -1000 4.72 7.56 -9.97 -1000 4.72 0.65 109.366
car -1 -1 0.00 0.00 0.00 100.00 100.00 -1000 2.00 7.00 6.41 -1000 10.72 1.53 106.273
car -1 -1 0.00 0.00 0.00 100.00 100.00 -1000 2.38 6.29 9.13 -1000 33.80 1.12 104.968
car -1 -1 0.00 0.00 0.00 100.00 100.00 -1000 1.93 5.22 -15.42 -1000 14.61 1.15 103.050
car -1 -1 0.00 0.00 0.00 100.00 100.00 -1000 4.13 19.94 1.86 -1000 39.92 0.31 102.771
car -1 -1 0.00 0.00 0.00 100.00 100.00 -1000 5.25 9.99 -4.70 -1000 1.51 0.45 101.625
car -1 -1 0.00 0.00 0.00 100.00 100.00 -1000 2.33 8.69 3.75 -1000 13.18 1.28 100.062
car -1 -1 0.00 0.00 0.00 100.00 100.00 -1000 4.50 8.43 -2.65 -1000 3.24 0.78 99.473
car -1 -1 0.00 0.00 0.00 100.00 100.00 -1000 2.85 14.20 6.56 -1000 34.55 0.70 98.996
car -1 -1 0.00 0.00 0.00 100.00 100.00 -1000 2.02 6.28 -16.57 -1000 21.08 1.37 97.741
car -1 -1 0.00 0.00 0.00 100.00 100.00 -1000 4.35 39.37 -2.18 -1000 2.90 0.05 95.846
car -1 -1 0.00 0.00 0.00 100.00 100.00 -1000 2.81 7.87 3.10 -1000 36.93 0.98 95.481
car -1 -1 0.00 0.00 0.00 100.00 100.00 -1000 2.12 5.17 -18.14 -1000 16.08 1.05 91.045
car -1 -1 0.00 0.00 0.00 100.00 100.00 -1000 2.51 5.96 4.39 -1000 40.32 1.08 87.395
car -1 -1 0.00 0.00 0.00 100.00 100.00 -1000 1.85 8.65 5.89 -1000 32.54 1.24 84.646
car -1 -1 0.00 0.00 0.00 100.00 100.00 -1000 2.59 13.79 9.69 -1000 16.39 1.41 83.510
car -1 -1 0.00 0.00 0.00 100.00 100.00 -1000 2.19 10.87 -12.29 -1000 21.95 1.23 83.467
car -1 -1 0.00 0.00 0.00 100.00 100.00 -1000 1.89 7.48 -14.57 -1000 15.58 0.87 82.784
car -1 -1 0.00 0.00 0.00 100.00 100.00 -1000 0.54 5.25 -4.48 -1000 15.65 0.61 82.020
car -1 -1 0.00 0.00 0.00 100.00 100.00 -1000 3.25 7.23 2.59 -1000 38.64 0.94 80.123
car -1 -1 0.00 0.00 0.00 100.00 100.00 -1000 3.91 11.16 -4.18 -1000 23.89 0.66 78.627
car -1 -1 0.00 0.00 0.00 100.00 100.00 -1000 1.59 5.50 15.36 -1000 35.60 1.42 78.437
car -1 -1 0.00 0.00 0.00 100.00 100.00 -1000 4.60 64.10 -10.70 -1000 9.62 0.90 78.024
car -1 -1 0.00 0.00 0.00 100.00 100.00 -1000 2.21 10.98 -9.91 -1000 20.66 1.18 77.963
car -1 -1 0.00 0.00 0.00 100.00 100.00 -1000 2.53 17.25 -2.55 -1000 27.46 1.12 76.975
car -1 -1 0.00 0.00 0.00 100.00 100.00 -1000 1.66 5.02 1.84 -1000 28.25 1.62 76.908
car -1 -1 0.00 0.00 0.00 100.00 100.00 -1000 4.53 9.31 -9.40 -1000 1.49 0.54 76.903
car -1 -1 0.00 0.00 0.00 100.00 100.00 -1000 5.83 108.12 0.24 -1000 3.15 0.80 76.862
car -1 -1 0.00 0.00 0.00 100.00 100.00 -1000 1.77 5.23 2.74 -1000 17.59 1.69 76.406
car -1 -1 0.00 0.00 0.00 100.00 100.00 -1000 1.74 8.44 15.55 -1000 39.22 1.34 76.392
car -1 -1 0.00 0.00 0.00 100.00 100.00 -1000 1.73 6.15 8.11 -1000 6.59 1.44 76.183
car -1 -1 0.00 0.00 0.00 100.00 100.00 -1000 1.45 6.55 -8.66 -1000 13.57 1.22 75.965
car -1 -1 0.00 0.00 0.00 100.00 100.00 -1000 4.63 73.91 1.47 -1000 38.49 0.85 75.781
car -1 -1 0.00 0.00 0.00 100.00 100.00 -1000 2.40 13.00 -5.85 -1000 13.23 1.43 74.542
car -1 -1 0.00 0.00 0.00 100.00 100.00 -1000 1.96 5.63 -3.74 -1000 27.41 1.20 73.829
car -1 -1 0.00 0.00 0.00 100.00 100.00 -1000 1.96 10.23 -17.34 -1000 29.51 1.23 73.748
car -1 -1 0.00 0.00 0.00 100.00 100.00 -1000 1.58 5.62 13.48 -1000 12.98 1.41 73.514
car -1 -1 0.00 0.00 0.00 100.00 100.00 -1000 2.33 11.21 12.90 -1000 20.29 1.21 72.376
car -1 -1 0.00 0.00 0.00 100.00 100.00 -1000 1.64 4.60 1.66 -1000 32.27 -0.25 72.249
car -1 -1 0.00 0.00 0.00 100.00 100.00 -1000 2.14 6.23 -5.83 -1000 28.91 1.10 71.929
car -1 -1 0.00 0.00 0.00 100.00 100.00 -1000 3.56 25.79 -14.37 -1000 7.52 0.29 71.273
