car -1 -1 0.00 0.00 0.00 100.00 100.00 -1000 1.54 3.54 -0.35 -1000 23.37 1.44 689.555
car -1 -1 0.00 0.00 0.00 100.00 100.00 -1000 1.70 4.44 -15.61 -1000 37.06 1.46 670.375
car -1 -1 0.00 0.00 0.00 100.00 100.00 -1000 1.64 3.80 2.53 -1000 21.92 1.46 655.294
car -1 -1 0.00 0.00 0.00 100.00 100.00 -1000 1.59 3.77 -2.89 -1000 30.77 1.57 603.271
car -1 -1 0.00 0.00 0.00 100.00 100.00 -1000 1.58 3.84 -2.73 -1000 7.85 1.61 579.439
car -1 -1 0.00 0.00 0.00 100.00 100.00 -1000 1.75 4.61 -15.33 -1000 22.27 1.44 506.537
car -1 -1 0.00 0.00 0.00 100.00 100.00 -1000 1.56 3.84 -6.34 -1000 20.31 0.23 493.393
car -1 -1 0.00 0.00 0.00 100.00 100.00 -1000 1.63 4.10 -6.30 -1000 9.90 0.27 490.319
car -1 -1 0.00 0.00 0.00 100.00 100.00 -1000 1.65 4.01 -6.34 -1000 31.47 1.48 475.717
car -1 -1 0.00 0.00 0.00 100.00 100.00 -1000 1.65 4.23 -4.77 -1000 31.19 1.51 342.588
car -1 -1 0.00 0.00 0.00 100.00 100.00 -1000 1.67 4.22 -6.14 -1000 23.50 0.08 274.570
car -1 -1 0.00 0.00 0.00 100.00 100.00 -1000 1.86 5.13 -3.82 -1000 8.31 1.42 206.183
car -1 -1 0.00 0.00 0.00 100.00 100.00 -1000 1.95 5.55 1.83 -1000 34.32 1.44 204.091
car -1 -1 0.00 0.00 0.00 100.00 100.00 -1000 1.78 4.88 -5.98 -1000 21.04 1.49 198.210
car -1 -1 0.00 0.00 0.00 100.00 100.00 -1000 2.00 5.79 2.07 -1000 22.58 1.49 146.958
car -1 -1 0.00 0.00 0.00 100.00 100.00 -1000 2.02 6.27 -15.63 -1000 36.12 0.07 142.255
car -1 -1 0.00 0.00 0.00 100.00 100.00 -1000 2.00 6.02 -5.94 -1000 10.68 1.48 125.416
car -1 -1 0.00 0.00 0.00 100.00 100.00 -1000 1.87 5.33 -5.90 -1000 30.68 0.17 123.860
car -1 -1 0.00 0.00 0.00 100.00 100.00 -1000 1.71 4.49 -6.84 -1000 41.62 0.05 117.784
car -1 -1 0.00 0.00 0.00 100.00 100.00 -1000 1.93 5.97 -15.57 -1000 23.14 -0.08 117.051
car -1 -1 0.00 0.00 0.00 100.00 100.00 -1000 2.09 6.40 1.94 -1000 35.36 1.43 114.509
car -1 -1 0.00 0.00 0.00 100.00 100.00 -1000 1.82 5.00 -3.17 -1000 7.03 0.17 107.033
car -1 -1 0.00 0.00 0.00 100.00 100.00 -1000 1.88 5.34 -4.32 -1000 30.27 0.23 96.833
car -1 -1 0.00 0.00 0.00 100.00 100.00 -1000 2.02 6.36 -15.01 -1000 21.54 -0.26 88.444
car -1 -1 0.00 0.00 0.00 100.00 100.00 -1000 1.97 5.97 -5.90 -1000 24.42 1.50 87.353
car -1 -1 0.00 0.00 0.00 100.00 100.00 -1000 1.97 5.98 -4.42 -1000 9.60 0.09 80.450
car -1 -1 0.00 0.00 0.00 100.00 100.00 -1000 1.93 5.47 -6.44 -1000 13.27 -0.12 79.815
car -1 -1 0.00 0.00 0.00 100.00 100.00 -1000 1.98 6.39 -5.50 -1000 32.03 1.52 77.995
car -1 -1 0.00 0.00 0.00 100.00 100.00 -1000 1.91 5.47 -2.99 -1000 34.92 0.03 77.771
car -1 -1 0.00 0.00 0.00 100.00 100.00 -1000 1.80 5.92 -1.16 -1000 23.85 1.61 73.835
car -1 -1 0.00 0.00 0.00 100.00 100.00 -1000 1.84 5.24 -5.83 -1000 19.68 0.22 73.786
car -1 -1 0.00 0.00 0.00 100.00 100.00 -1000 2.03 6.50 -13.95 -1000 37.51 1.60 73.385
car -1 -1 0.00 0.00 0.00 100.00 100.00 -1000 1.56 3.51 1.79 -1000 3.58 1.44 73.193
car -1 -1 0.00 0.00 0.00 100.00 100.00 -1000 2.31 8.38 -6.17 -1000 33.03 1.43 72.042
car -1 -1 0.00 0.00 0.00 100.00 100.00 -1000 1.92 5.31 2.82 -1000 32.64 1.40 70.893
car -1 -1 0.00 0.00 0.00 100.00 100.00 -1000 1.79 4.90 -3.48 -1000 21.85 1.52 70.587
car -1 -1 0.00 0.00 0.00 100.00 100.00 -1000 2.37 8.49 -15.28 -1000 24.56 1.30 70.587
car -1 -1 0.00 0.00 0.00 100.00 100.00 -1000 1.86 5.05 -4.81 -1000 7.58 0.05 70.028
car -1 -1 0.00 0.00 0.00 100.00 100.00 -1000 2.32 8.41 -15.80 -1000 38.00 1.36 69.984
car -1 -1 0.00 0.00 0.00 100.00 100.00 -1000 1.89 4.99 3.58 -1000 31.57 -0.22 67.395
car -1 -1 0.00 0.00 0.00 100.00 100.00 -1000 1.86 5.37 -12.98 -1000 22.43 1.58 67.080
car -1 -1 0.00 0.00 0.00 100.00 100.00 -1000 1.92 5.95 2.39 -1000 45.87 1.49 63.987
car -1 -1 0.00 0.00 0.00 100.00 100.00 -1000 1.93 5.67 -5.71 -1000 22.65 -0.00 57.276
car -1 -1 0.00 0.00 0.00 100.00 100.00 -1000 2.58 9.85 4.71 -1000 35.79 1.41 56.778
car -1 -1 0.00 0.00 0.00 100.00 100.00 -1000 2.29 8.47 -15.60 -1000 40.29 1.32 55.828
car -1 -1 0.00 0.00 0.00 100.00 100.00 -1000 2.14 6.74 2.26 -1000 23.69 1.48 54.634
car -1 -1 0.00 0.00 0.00 100.00 100.00 -1000 1.97 5.98 -5.92 -1000 42.33 1.55 54.512
car -1 -1 0.00 0.00 0.00 100.00 100.00 -1000 1.78 4.81 -0.05 -1000 34.63 0.11 54.196
car -1 -1 0.00 0.00 0.00 100.00 100.00 -1000 1.93 5.13 2.85 -1000 30.86 -0.11 52.434
car -1 -1 0.00 0.00 0.00 100.00 100.00 -1000 1.96 5.81 -5.31 -1000 8.80 0.14 51.523
car -1 -1 0.00 0.00 0.00 100.00 100.00 -1000 1.85 5.19 2.21 -1000 44.86 0.09 51.482
car -1 -1 0.00 0.00 0.00 100.00 100.00 -1000 2.13 6.83 -3.36 -1000 35.95 1.34 51.161
car -1 -1 0.00 0.00 0.00 100.00 100.00 -1000 1.86 5.70 -3.25 -1000 11.26 1.44 50.385
