car -1 -1 0.00 0.00 0.00 100.00 100.00 -1000 2.34 7.99 2.57 -1000 18.00 -0.08 110.573
car -1 -1 0.00 0.00 0.00 100.00 100.00 -1000 2.48 10.27 -14.79 -1000 27.32 1.38 83.359
car -1 -1 0.00 0.00 0.00 100.00 100.00 -1000 2.74 11.43 -7.24 -1000 19.69 1.52 81.371
car -1 -1 0.00 0.00 0.00 100.00 100.00 -1000 2.01 6.34 -0.32 -1000 17.58 1.56 78.531
car -1 -1 0.00 0.00 0.00 100.00 100.00 -1000 2.17 6.77 6.30 -1000 14.00 0.02 77.165
car -1 -1 0.00 0.00 0.00 100.00 100.00 -1000 1.98 6.12 -2.83 -1000 14.73 1.72 72.519
car -1 -1 0.00 0.00 0.00 100.00 100.00 -1000 3.21 15.35 -4.88 -1000 18.85 1.61 63.147
car -1 -1 0.00 0.00 0.00 100.00 100.00 -1000 2.48 8.26 -4.03 -1000 16.22 -0.24 62.967
car -1 -1 0.00 0.00 0.00 100.00 100.00 -1000 2.16 7.36 -16.24 -1000 21.31 1.42 60.033
car -1 -1 0.00 0.00 0.00 100.00 100.00 -1000 2.24 7.65 2.52 -1000 15.08 0.12 59.166
car -1 -1 0.00 0.00 0.00 100.00 100.00 -1000 1.92 5.58 -5.64 -1000 15.24 1.91 57.793
car -1 -1 0.00 0.00 0.00 100.00 100.00 -1000 2.87 12.18 -1.74 -1000 19.95 1.36 56.298
car -1 -1 0.00 0.00 0.00 100.00 100.00 -1000 1.95 5.79 7.83 -1000 3.75 1.83 51.938
car -1 -1 0.00 0.00 0.00 100.00 100.00 -1000 2.51 9.12 5.69 -1000 16.50 1.58 50.669
car -1 -1 0.00 0.00 0.00 100.00 100.00 -1000 2.22 8.03 11.85 -1000 8.33 1.67 50.465
car -1 -1 0.00 0.00 0.00 100.00 100.00 -1000 2.50 9.36 -5.00 -1000 17.70 1.45 50.078
