car -1 -1 0.00 0.00 0.00 100.00 100.00 -1000 2.23 7.26 2.85 -1000 17.97 -0.09 156.106
car -1 -1 0.00 0.00 0.00 100.00 100.00 -1000 1.76 5.01 -2.29 -1000 14.34 1.52 100.361
car -1 -1 0.00 0.00 0.00 100.00 100.00 -1000 1.97 6.04 -0.37 -1000 17.58 1.58 84.547
car -1 -1 0.00 0.00 0.00 100.00 100.00 -1000 1.94 5.83 -5.72 -1000 15.16 1.91 78.820
car -1 -1 0.00 0.00 0.00 100.00 100.00 -1000 3.16 15.25 -4.98 -1000 19.58 1.57 66.805
car -1 -1 0.00 0.00 0.00 100.00 100.00 -1000 2.26 8.24 7.70 -1000 3.48 1.69 61.016
car -1 -1 0.00 0.00 0.00 100.00 100.00 -1000 2.51 8.45 -4.07 -1000 16.17 -0.22 58.180
car -1 -1 0.00 0.00 0.00 100.00 100.00 -1000 2.00 5.66 3.82 -1000 14.46 -0.01 57.935
car -1 -1 0.00 0.00 0.00 100.00 100.00 -1000 2.99 13.78 2.94 -1000 22.04 1.55 52.307
car -1 -1 0.00 0.00 0.00 100.00 100.00 -1000 2.19 7.85 11.77 -1000 8.43 1.70 50.883
