car -1 -1 0.00 0.00 0.00 100.00 100.00 -1000 1.58 3.77 -8.41 -1000 43.04 0.28 695.792
car -1 -1 0.00 0.00 0.00 100.00 100.00 -1000 1.51 3.55 15.47 -1000 42.99 0.21 436.772
car -1 -1 0.00 0.00 0.00 100.00 100.00 -1000 1.74 4.47 -14.93 -1000 45.62 1.37 337.472
car -1 -1 0.00 0.00 0.00 100.00 100.00 -1000 1.59 3.84 13.87 -1000 43.03 0.21 324.965
car -1 -1 0.00 0.00 0.00 100.00 100.00 -1000 2.42 7.98 4.79 -1000 37.27 1.45 279.626
car -1 -1 0.00 0.00 0.00 100.00 100.00 -1000 1.88 5.24 -16.15 -1000 46.22 1.35 258.338
car -1 -1 0.00 0.00 0.00 100.00 100.00 -1000 2.08 6.19 2.62 -1000 36.65 1.62 216.123
car -1 -1 0.00 0.00 0.00 100.00 100.00 -1000 2.48 8.57 4.20 -1000 38.58 1.50 213.951
car -1 -1 0.00 0.00 0.00 100.00 100.00 -1000 2.40 8.10 5.52 -1000 36.24 1.46 177.135
car -1 -1 0.00 0.00 0.00 100.00 100.00 -1000 2.25 6.98 3.32 -1000 41.42 1.49 175.593
car -1 -1 0.00 0.00 0.00 100.00 100.00 -1000 2.47 8.49 3.76 -1000 39.80 1.44 165.770
car -1 -1 0.00 0.00 0.00 100.00 100.00 -1000 1.86 5.20 -7.77 -1000 43.79 1.55 164.663
car -1 -1 0.00 0.00 0.00 100.00 100.00 -1000 2.19 6.71 3.03 -1000 34.71 1.59 151.825
car -1 -1 0.00 0.00 0.00 100.00 100.00 -1000 1.62 3.99 17.92 -1000 43.16 0.14 147.806
car -1 -1 0.00 0.00 0.00 100.00 100.00 -1000 2.43 8.42 -6.95 -1000 38.37 1.48 141.159
car -1 -1 0.00 0.00 0.00 100.00 100.00 -1000 1.98 5.88 -6.32 -1000 36.63 1.57 140.534
car -1 -1 0.00 0.00 0.00 100.00 100.00 -1000 2.20 6.77 2.71 -1000 43.04 1.47 127.919
car -1 -1 0.00 0.00 0.00 100.00 100.00 -1000 2.45 8.39 5.88 -1000 34.94 1.47 125.931
car -1 -1 0.00 0.00 0.00 100.00 100.00 -1000 2.40 8.03 4.46 -1000 33.36 1.47 117.721
car -1 -1 0.00 0.00 0.00 100.00 100.00 -1000 1.65 4.39 -14.31 -1000 23.23 1.54 117.079
car -1 -1 0.00 0.00 0.00 100.00 100.00 -1000 1.76 4.73 -7.03 -1000 35.69 1.56 116.623
car -1 -1 0.00 0.00 0.00 100.00 100.00 -1000 1.84 5.40 -2.48 -1000 38.00 1.46 112.664
car -1 -1 0.00 0.00 0.00 100.00 100.00 -1000 1.66 4.15 2.33 -1000 35.43 1.59 110.230
car -1 -1 0.00 0.00 0.00 100.00 100.00 -1000 1.87 5.22 -1.82 -1000 36.27 1.56 108.292
car -1 -1 0.00 0.00 0.00 100.00 100.00 -1000 1.65 4.27 -1.83 -1000 45.72 1.57 105.982
car -1 -1 0.00 0.00 0.00 100.00 100.00 -1000 1.67 4.31 -2.35 -1000 40.08 1.61 105.620
car -1 -1 0.00 0.00 0.00 100.00 100.00 -1000 1.64 4.13 -7.44 -1000 8.25 0.20 103.895
car -1 -1 0.00 0.00 0.00 100.00 100.00 -1000 2.22 7.26 -7.06 -1000 46.24 1.42 100.580
car -1 -1 0.00 0.00 0.00 100.00 100.00 -1000 2.33 7.62 4.32 -1000 42.22 1.54 96.339
car -1 -1 0.00 0.00 0.00 100.00 100.00 -1000 1.82 4.89 -6.44 -1000 42.99 1.67 95.856
car -1 -1 0.00 0.00 0.00 100.00 100.00 -1000 2.18 6.78 2.15 -1000 44.31 1.54 95.341
car -1 -1 0.00 0.00 0.00 100.00 100.00 -1000 1.85 5.39 -2.74 -1000 35.56 1.49 94.959
car -1 -1 0.00 0.00 0.00 100.00 100.00 -1000 2.08 6.29 -9.41 -1000 44.29 1.42 89.625
car -1 -1 0.00 0.00 0.00 100.00 100.00 -1000 1.69 4.35 -5.08 -1000 36.14 1.49 86.894
car -1 -1 0.00 0.00 0.00 100.00 100.00 -1000 1.73 4.67 -7.49 -1000 42.40 0.03 86.436
car -1 -1 0.00 0.00 0.00 100.00 100.00 -1000 1.99 5.90 -15.15 -1000 35.88 1.51 86.432
car -1 -1 0.00 0.00 0.00 100.00 100.00 -1000 1.89 5.45 -2.28 -1000 39.11 1.55 84.380
car -1 -1 0.00 0.00 0.00 100.00 100.00 -1000 1.77 5.01 2.54 -1000 28.58 1.63 83.452
car -1 -1 0.00 0.00 0.00 100.00 100.00 -1000 2.04 6.41 2.76 -1000 31.89 1.57 77.761
car -1 -1 0.00 0.00 0.00 100.00 100.00 -1000 2.26 7.86 -15.63 -1000 23.80 1.46 77.593
car -1 -1 0.00 0.00 0.00 100.00 100.00 -1000 1.80 4.98 -3.39 -1000 40.83 1.59 77.410
car -1 -1 0.00 0.00 0.00 100.00 100.00 -1000 2.20 7.05 -7.28 -1000 37.44 1.45 74.671
car -1 -1 0.00 0.00 0.00 100.00 100.00 -1000 2.61 9.79 4.80 -1000 43.85 1.54 74.618
car -1 -1 0.00 0.00 0.00 100.00 100.00 -1000 1.80 5.41 -2.03 -1000 34.00 1.48 73.935
car -1 -1 0.00 0.00 0.00 100.00 100.00 -1000 1.73 5.04 -15.86 -1000 34.96 0.09 73.692
car -1 -1 0.00 0.00 0.00 100.00 100.00 -1000 2.63 10.66 3.45 -1000 45.58 1.56 67.815
car -1 -1 0.00 0.00 0.00 100.00 100.00 -1000 2.66 9.65 -7.33 -1000 39.71 1.45 67.247
car -1 -1 0.00 0.00 0.00 100.00 100.00 -1000 1.81 5.31 -12.55 -1000 45.73 1.61 65.131
car -1 -1 0.00 0.00 0.00 100.00 100.00 -1000 1.84 5.17 -0.38 -1000 40.64 1.58 63.738
car -1 -1 0.00 0.00 0.00 100.00 100.00 -1000 2.42 8.79 -10.28 -1000 45.52 1.60 62.638
car -1 -1 0.00 0.00 0.00 100.00 100.00 -1000 2.25 7.31 4.61 -1000 32.35 1.49 59.483
car -1 -1 0.00 0.00 0.00 100.00 100.00 -1000 1.89 5.33 -15.56 -1000 44.57 1.41 57.639
car -1 -1 0.00 0.00 0.00 100.00 100.00 -1000 1.96 5.69 -5.89 -1000 41.59 1.37 57.219
car -1 -1 0.00 0.00 0.00 100.00 100.00 -1000 2.36 8.22 -7.17 -1000 44.62 1.47 51.606
car -1 -1 0.00 0.00 0.00 100.00 100.00 -1000 2.65 10.18 -6.06 -1000 40.78 1.36 51.295
car -1 -1 0.00 0.00 0.00 100.00 100.00 -1000 2.27 7.06 -2.33 -1000 37.18 1.46 50.855
car -1 -1 0.00 0.00 0.00 100.00 100.00 -1000 1.96 6.10 -13.18 -1000 23.80 1.53 50.031
