car -1 -1 0.00 0.00 0.00 100.00 100.00 -1000 1.66 4.12 2.06 -1000 22.36 1.69 289.023
car -1 -1 0.00 0.00 0.00 100.00 100.00 -1000 1.65 4.25 -15.42 -1000 44.50 1.45 251.375
car -1 -1 0.00 0.00 0.00 100.00 100.00 -1000 1.66 4.10 -2.27 -1000 24.32 1.50 211.773
car -1 -1 0.00 0.00 0.00 100.00 100.00 -1000 1.63 3.93 2.04 -1000 30.86 1.62 180.866
car -1 -1 0.00 0.00 0.00 100.00 100.00 -1000 1.70 4.42 -11.22 -1000 39.81 1.44 173.687
car -1 -1 0.00 0.00 0.00 100.00 100.00 -1000 1.85 5.07 2.89 -1000 25.88 1.62 172.937
car -1 -1 0.00 0.00 0.00 100.00 100.00 -1000 1.68 4.22 6.84 -1000 42.02 1.54 163.775
car -1 -1 0.00 0.00 0.00 100.00 100.00 -1000 1.54 3.61 2.07 -1000 30.05 0.26 132.938
car -1 -1 0.00 0.00 0.00 100.00 100.00 -1000 1.68 4.43 3.79 -1000 17.09 0.08 129.907
car -1 -1 0.00 0.00 0.00 100.00 100.00 -1000 1.50 3.32 -18.30 -1000 23.82 1.58 124.067
car -1 -1 0.00 0.00 0.00 100.00 100.00 -1000 1.72 4.65 4.22 -1000 22.46 1.69 120.631
car -1 -1 0.00 0.00 0.00 100.00 100.00 -1000 1.98 5.77 1.16 -1000 25.41 1.52 117.909
car -1 -1 0.00 0.00 0.00 100.00 100.00 -1000 1.61 3.93 -2.64 -1000 21.91 1.52 115.426
car -1 -1 0.00 0.00 0.00 100.00 100.00 -1000 1.58 4.01 7.06 -1000 27.02 0.15 113.647
car -1 -1 0.00 0.00 0.00 100.00 100.00 -1000 2.09 6.25 2.41 -1000 23.08 1.59 109.206
car -1 -1 0.00 0.00 0.00 100.00 100.00 -1000 2.28 7.22 5.13 -1000 26.02 1.41 106.140
car -1 -1 0.00 0.00 0.00 100.00 100.00 -1000 1.79 4.75 0.55 -1000 24.62 1.55 105.003
car -1 -1 0.00 0.00 0.00 100.00 100.00 -1000 1.64 4.03 7.62 -1000 41.43 1.46 97.914
car -1 -1 0.00 0.00 0.00 100.00 100.00 -1000 1.77 4.71 12.23 -1000 18.23 1.55 91.917
car -1 -1 0.00 0.00 0.00 100.00 100.00 -1000 1.82 4.93 1.95 -1000 21.39 0.20 89.662
car -1 -1 0.00 0.00 0.00 100.00 100.00 -1000 2.23 6.98 0.98 -1000 26.86 1.45 87.932
car -1 -1 0.00 0.00 0.00 100.00 100.00 -1000 2.31 8.10 6.22 -1000 29.42 1.52 87.881
car -1 -1 0.00 0.00 0.00 100.00 100.00 -1000 2.52 8.71 -7.21 -1000 40.61 1.55 87.691
car -1 -1 0.00 0.00 0.00 100.00 100.00 -1000 2.10 6.20 2.71 -1000 24.69 1.56 85.383
car -1 -1 0.00 0.00 0.00 100.00 100.00 -1000 2.05 6.03 7.77 -1000 26.16 1.38 84.875
car -1 -1 0.00 0.00 0.00 100.00 100.00 -1000 1.81 4.94 6.98 -1000 23.18 1.73 84.619
car -1 -1 0.00 0.00 0.00 100.00 100.00 -1000 2.14 6.98 -15.20 -1000 45.43 1.47 84.306
car -1 -1 0.00 0.00 0.00 100.00 100.00 -1000 1.86 5.29 -2.58 -1000 26.68 1.47 83.781
car -1 -1 0.00 0.00 0.00 100.00 100.00 -1000 1.81 4.88 3.50 -1000 42.37 1.50 83.587
car -1 -1 0.00 0.00 0.00 100.00 100.00 -1000 1.66 4.27 8.72 -1000 40.92 0.31 81.033
car -1 -1 0.00 0.00 0.00 100.00 100.00 -1000 1.79 5.08 -0.55 -1000 23.90 1.64 80.233
car -1 -1 0.00 0.00 0.00 100.00 100.00 -1000 1.80 4.97 5.53 -1000 17.49 1.61 79.839
car -1 -1 0.00 0.00 0.00 100.00 100.00 -1000 2.31 7.58 7.13 -1000 24.70 1.46 79.351
car -1 -1 0.00 0.00 0.00 100.00 100.00 -1000 1.71 4.34 4.53 -1000 41.78 1.62 77.782
car -1 -1 0.00 0.00 0.00 100.00 100.00 -1000 1.76 4.64 -16.11 -1000 43.84 1.50 75.509
car -1 -1 0.00 0.00 0.00 100.00 100.00 -1000 1.95 5.83 1.43 -1000 31.60 1.46 72.234
car -1 -1 0.00 0.00 0.00 100.00 100.00 -1000 2.01 6.03 4.01 -1000 31.01 1.57 69.634
car -1 -1 0.00 0.00 0.00 100.00 100.00 -1000 1.52 3.67 4.70 -1000 16.42 0.39 67.431
car -1 -1 0.00 0.00 0.00 100.00 100.00 -1000 2.02 6.12 12.81 -1000 18.95 1.53 67.211
car -1 -1 0.00 0.00 0.00 100.00 100.00 -1000 1.74 4.53 12.95 -1000 17.43 1.53 66.939
car -1 -1 0.00 0.00 0.00 100.00 100.00 -1000 1.84 5.18 -3.19 -1000 25.34 1.56 65.780
car -1 -1 0.00 0.00 0.00 100.00 100.00 -1000 2.47 9.12 -15.43 -1000 46.33 1.45 65.609
car -1 -1 0.00 0.00 0.00 100.00 100.00 -1000 2.09 6.78 6.82 -1000 42.64 1.57 65.200
car -1 -1 0.00 0.00 0.00 100.00 100.00 -1000 1.61 4.15 -11.30 -1000 38.55 0.30 64.926
car -1 -1 0.00 0.00 0.00 100.00 100.00 -1000 1.87 5.42 -12.53 -1000 40.37 1.52 64.445
car -1 -1 0.00 0.00 0.00 100.00 100.00 -1000 1.85 5.17 3.35 -1000 36.05 1.44 64.234
car -1 -1 0.00 0.00 0.00 100.00 100.00 -1000 1.84 5.16 -5.62 -1000 29.17 1.51 62.772
car -1 -1 0.00 0.00 0.00 100.00 100.00 -1000 2.22 7.21 -9.66 -1000 40.31 1.50 62.415
car -1 -1 0.00 0.00 0.00 100.00 100.00 -1000 2.36 7.87 -0.06 -1000 27.72 1.58 61.742
car -1 -1 0.00 0.00 0.00 100.00 100.00 -1000 2.15 6.56 3.88 -1000 23.72 1.43 61.264
car -1 -1 0.00 0.00 0.00 100.00 100.00 -1000 1.56 3.78 1.54 -1000 36.44 0.09 60.320
car -1 -1 0.00 0.00 0.00 100.00 100.00 -1000 1.75 4.80 -9.82 -1000 38.86 1.56 59.393
car -1 -1 0.00 0.00 0.00 100.00 100.00 -1000 1.93 5.54 3.89 -1000 29.20 1.46 58.895
car -1 -1 0.00 0.00 0.00 100.00 100.00 -1000 1.98 5.92 12.58 -1000 27.09 1.42 58.197
car -1 -1 0.00 0.00 0.00 100.00 100.00 -1000 2.65 9.92 6.15 -1000 37.39 1.41 57.473
car -1 -1 0.00 0.00 0.00 100.00 100.00 -1000 1.87 5.17 15.94 -1000 29.07 1.49 57.026
car -1 -1 0.00 0.00 0.00 100.00 100.00 -1000 2.06 6.22 10.53 -1000 24.55 1.44 56.515
car -1 -1 0.00 0.00 0.00 100.00 100.00 -1000 1.87 5.20 11.97 -1000 39.15 1.40 56.028
car -1 -1 0.00 0.00 0.00 100.00 100.00 -1000 1.77 4.64 -2.46 -1000 14.49 1.59 54.804
car -1 -1 0.00 0.00 0.00 100.00 100.00 -1000 1.62 4.15 10.92 -1000 17.62 0.22 54.237
car -1 -1 0.00 0.00 0.00 100.00 100.00 -1000 1.79 4.75 16.42 -1000 37.59 1.46 54.031
car -1 -1 0.00 0.00 0.00 100.00 100.00 -1000 1.79 4.86 -3.92 -1000 33.75 1.55 53.966
car -1 -1 0.00 0.00 0.00 100.00 100.00 -1000 1.64 4.28 -2.71 -1000 23.16 1.52 52.890
car -1 -1 0.00 0.00 0.00 100.00 100.00 -1000 2.26 7.76 10.64 -1000 27.89 1.53 52.531
car -1 -1 0.00 0.00 0.00 100.00 100.00 -1000 2.02 5.86 11.05 -1000 29.39 1.39 52.436
car -1 -1 0.00 0.00 0.00 100.00 100.00 -1000 1.60 4.11 15.72 -1000 28.23 0.28 52.326
car -1 -1 0.00 0.00 0.00 100.00 100.00 -1000 1.62 3.92 -2.23 -1000 18.59 1.50 51.882
car -1 -1 0.00 0.00 0.00 100.00 100.00 -1000 1.69 4.25 -3.09 -1000 21.06 1.52 51.641
car -1 -1 0.00 0.00 0.00 100.00 100.00 -1000 2.04 5.96 12.27 -1000 28.59 1.50 51.452
car -1 -1 0.00 0.00 0.00 100.00 100.00 -1000 1.86 5.22 -3.24 -1000 28.65 1.46 50.612
car -1 -1 0.00 0.00 0.00 100.00 100.00 -1000 1.58 3.77 -3.04 -1000 20.19 1.64 50.496
