car -1 -1 0.00 0.00 0.00 100.00 100.00 -1000 1.52 3.56 4.09 -1000 21.36 -0.23 590.496
car -1 -1 0.00 0.00 0.00 100.00 100.00 -1000 1.52 3.29 -0.09 -1000 30.39 1.53 562.092
car -1 -1 0.00 0.00 0.00 100.00 100.00 -1000 1.56 3.70 -10.86 -1000 20.02 1.52 528.512
car -1 -1 0.00 0.00 0.00 100.00 100.00 -1000 1.56 3.69 -11.08 -1000 25.41 1.46 470.493
car -1 -1 0.00 0.00 0.00 100.00 100.00 -1000 1.79 4.82 -17.32 -1000 21.79 1.43 340.126
car -1 -1 0.00 0.00 0.00 100.00 100.00 -1000 1.58 3.57 3.11 -1000 28.38 1.71 319.550
car -1 -1 0.00 0.00 0.00 100.00 100.00 -1000 2.04 6.12 -17.34 -1000 22.86 1.34 245.073
car -1 -1 0.00 0.00 0.00 100.00 100.00 -1000 1.61 4.07 3.57 -1000 31.48 0.04 202.167
car -1 -1 0.00 0.00 0.00 100.00 100.00 -1000 1.78 4.80 4.29 -1000 22.17 1.81 185.878
car -1 -1 0.00 0.00 0.00 100.00 100.00 -1000 1.68 4.28 14.96 -1000 44.35 1.61 169.678
car -1 -1 0.00 0.00 0.00 100.00 100.00 -1000 2.08 6.58 -17.30 -1000 24.13 1.32 161.279
car -1 -1 0.00 0.00 0.00 100.00 100.00 -1000 1.97 5.66 2.90 -1000 33.31 1.39 151.502
car -1 -1 0.00 0.00 0.00 100.00 100.00 -1000 1.93 5.42 -4.24 -1000 35.09 1.39 140.561
car -1 -1 0.00 0.00 0.00 100.00 100.00 -1000 1.57 3.95 2.65 -1000 30.92 0.05 137.961
car -1 -1 0.00 0.00 0.00 100.00 100.00 -1000 1.72 4.58 -17.00 -1000 20.90 1.50 133.625
car -1 -1 0.00 0.00 0.00 100.00 100.00 -1000 1.55 3.63 2.13 -1000 46.04 0.20 119.979
car -1 -1 0.00 0.00 0.00 100.00 100.00 -1000 2.23 7.20 -17.15 -1000 25.34 1.27 110.384
car -1 -1 0.00 0.00 0.00 100.00 100.00 -1000 1.91 5.40 3.21 -1000 29.29 1.58 109.303
car -1 -1 0.00 0.00 0.00 100.00 100.00 -1000 2.14 6.67 -5.15 -1000 35.85 1.41 108.452
car -1 -1 0.00 0.00 0.00 100.00 100.00 -1000 1.59 3.94 -1.85 -1000 30.03 1.59 106.076
car -1 -1 0.00 0.00 0.00 100.00 100.00 -1000 2.02 5.64 4.54 -1000 24.99 1.53 105.648
car -1 -1 0.00 0.00 0.00 100.00 100.00 -1000 1.84 5.02 -11.66 -1000 26.19 1.57 101.296
car -1 -1 0.00 0.00 0.00 100.00 100.00 -1000 1.73 4.48 14.65 -1000 43.15 0.11 101.100
car -1 -1 0.00 0.00 0.00 100.00 100.00 -1000 1.75 4.65 2.22 -1000 47.02 1.52 98.330
car -1 -1 0.00 0.00 0.00 100.00 100.00 -1000 1.82 5.00 -11.63 -1000 20.62 1.54 96.654
car -1 -1 0.00 0.00 0.00 100.00 100.00 -1000 2.02 5.94 -12.01 -1000 24.72 1.49 95.793
car -1 -1 0.00 0.00 0.00 100.00 100.00 -1000 1.80 4.94 -2.73 -1000 30.86 1.57 95.423
car -1 -1 0.00 0.00 0.00 100.00 100.00 -1000 1.67 4.18 -3.30 -1000 33.83 0.12 88.956
car -1 -1 0.00 0.00 0.00 100.00 100.00 -1000 1.64 4.25 -1.66 -1000 29.18 1.55 87.953
car -1 -1 0.00 0.00 0.00 100.00 100.00 -1000 1.65 4.13 3.89 -1000 32.29 -0.16 85.676
car -1 -1 0.00 0.00 0.00 100.00 100.00 -1000 2.10 6.12 3.72 -1000 23.79 1.40 80.115
car -1 -1 0.00 0.00 0.00 100.00 100.00 -1000 2.00 5.92 15.70 -1000 45.09 1.58 77.648
car -1 -1 0.00 0.00 0.00 100.00 100.00 -1000 1.61 4.15 5.59 -1000 20.77 1.59 77.133
car -1 -1 0.00 0.00 0.00 100.00 100.00 -1000 2.11 6.57 -16.92 -1000 26.50 1.25 74.962
car -1 -1 0.00 0.00 0.00 100.00 100.00 -1000 1.66 4.26 3.31 -1000 46.49 -0.12 71.167
car -1 -1 0.00 0.00 0.00 100.00 100.00 -1000 1.92 5.39 17.03 -1000 31.86 1.58 69.173
car -1 -1 0.00 0.00 0.00 100.00 100.00 -1000 2.12 6.81 -12.60 -1000 22.23 1.51 69.051
car -1 -1 0.00 0.00 0.00 100.00 100.00 -1000 1.62 4.07 18.39 -1000 30.72 0.07 68.588
car -1 -1 0.00 0.00 0.00 100.00 100.00 -1000 2.15 7.20 -2.34 -1000 31.95 1.45 67.663
car -1 -1 0.00 0.00 0.00 100.00 100.00 -1000 2.11 6.85 -12.00 -1000 26.99 1.49 66.695
car -1 -1 0.00 0.00 0.00 100.00 100.00 -1000 2.05 6.22 -2.37 -1000 32.97 1.53 66.505
car -1 -1 0.00 0.00 0.00 100.00 100.00 -1000 2.22 7.18 -16.84 -1000 27.70 1.20 65.393
car -1 -1 0.00 0.00 0.00 100.00 100.00 -1000 1.63 3.92 4.24 -1000 27.81 0.26 64.495
car -1 -1 0.00 0.00 0.00 100.00 100.00 -1000 1.72 4.59 -12.76 -1000 25.47 0.28 63.101
car -1 -1 0.00 0.00 0.00 100.00 100.00 -1000 1.59 3.87 2.28 -1000 34.86 0.07 61.464
car -1 -1 0.00 0.00 0.00 100.00 100.00 -1000 1.70 4.44 -14.74 -1000 46.61 1.41 60.875
car -1 -1 0.00 0.00 0.00 100.00 100.00 -1000 1.65 4.49 3.35 -1000 27.12 0.33 60.021
car -1 -1 0.00 0.00 0.00 100.00 100.00 -1000 1.86 5.19 -5.39 -1000 42.87 1.51 59.925
car -1 -1 0.00 0.00 0.00 100.00 100.00 -1000 1.60 3.77 4.34 -1000 38.81 0.21 59.287
car -1 -1 0.00 0.00 0.00 100.00 100.00 -1000 1.81 5.31 -1.99 -1000 24.26 1.51 57.676
car -1 -1 0.00 0.00 0.00 100.00 100.00 -1000 1.65 4.63 -1.96 -1000 26.64 1.59 56.142
car -1 -1 0.00 0.00 0.00 100.00 100.00 -1000 1.64 4.31 4.25 -1000 28.75 0.02 56.004
car -1 -1 0.00 0.00 0.00 100.00 100.00 -1000 2.39 8.36 -12.38 -1000 23.75 1.47 55.515
car -1 -1 0.00 0.00 0.00 100.00 100.00 -1000 1.76 4.57 3.81 -1000 25.95 1.55 54.139
car -1 -1 0.00 0.00 0.00 100.00 100.00 -1000 2.06 6.23 -6.76 -1000 36.73 1.39 53.349
car -1 -1 0.00 0.00 0.00 100.00 100.00 -1000 1.86 5.11 -2.96 -1000 43.18 1.56 52.893
car -1 -1 0.00 0.00 0.00 100.00 100.00 -1000 1.66 4.54 -2.54 -1000 20.27 1.53 52.471
car -1 -1 0.00 0.00 0.00 100.00 100.00 -1000 1.77 5.03 -1.74 -1000 16.19 1.54 52.257
car -1 -1 0.00 0.00 0.00 100.00 100.00 -1000 1.81 5.15 0.10 -1000 31.18 1.49 52.186
car -1 -1 0.00 0.00 0.00 100.00 100.00 -1000 2.24 7.57 -11.57 -1000 28.60 1.48 50.940
car -1 -1 0.00 0.00 0.00 100.00 100.00 -1000 2.11 6.82 6.04 -1000 22.54 1.60 50.290
