car -1 -1 0.00 0.00 0.00 100.00 100.00 -1000 1.63 3.81 -4.05 -1000 11.25 1.37 891.244
car -1 -1 0.00 0.00 0.00 100.00 100.00 -1000 1.55 3.56 -7.83 -1000 38.50 1.47 483.205
car -1 -1 0.00 0.00 0.00 100.00 100.00 -1000 1.75 4.51 -7.09 -1000 18.07 1.77 248.059
car -1 -1 0.00 0.00 0.00 100.00 100.00 -1000 1.94 5.56 -6.99 -1000 19.23 1.49 171.745
car -1 -1 0.00 0.00 0.00 100.00 100.00 -1000 1.85 5.19 -7.86 -1000 39.24 1.49 158.686
car -1 -1 0.00 0.00 0.00 100.00 100.00 -1000 1.62 3.86 -6.69 -1000 16.14 0.04 157.100
car -1 -1 0.00 0.00 0.00 100.00 100.00 -1000 2.21 6.99 -7.35 -1000 20.46 1.39 152.322
car -1 -1 0.00 0.00 0.00 100.00 100.00 -1000 2.29 6.93 -5.79 -1000 13.19 1.46 149.942
car -1 -1 0.00 0.00 0.00 100.00 100.00 -1000 2.15 6.76 -6.51 -1000 15.71 1.49 135.231
car -1 -1 0.00 0.00 0.00 100.00 100.00 -1000 2.11 6.05 -5.19 -1000 12.31 1.42 132.424
car -1 -1 0.00 0.00 0.00 100.00 100.00 -1000 1.77 4.58 -5.04 -1000 10.50 1.53 96.372
car -1 -1 0.00 0.00 0.00 100.00 100.00 -1000 1.69 4.43 -1.38 -1000 42.39 1.48 94.173
car -1 -1 0.00 0.00 0.00 100.00 100.00 -1000 2.15 6.69 -9.24 -1000 40.59 1.43 94.134
car -1 -1 0.00 0.00 0.00 100.00 100.00 -1000 1.63 3.96 -9.05 -1000 23.48 -0.14 93.059
car -1 -1 0.00 0.00 0.00 100.00 100.00 -1000 2.13 6.31 -6.29 -1000 14.40 1.51 90.300
car -1 -1 0.00 0.00 0.00 100.00 100.00 -1000 2.20 6.99 -6.97 -1000 21.60 1.37 78.113
car -1 -1 0.00 0.00 0.00 100.00 100.00 -1000 2.18 7.02 -9.53 -1000 42.17 1.45 76.355
car -1 -1 0.00 0.00 0.00 100.00 100.00 -1000 2.45 9.05 -6.82 -1000 41.43 1.52 75.682
car -1 -1 0.00 0.00 0.00 100.00 100.00 -1000 1.83 5.51 -1.80 -1000 26.65 1.56 74.305
car -1 -1 0.00 0.00 0.00 100.00 100.00 -1000 1.60 4.30 -1.76 -1000 24.98 1.56 72.504
car -1 -1 0.00 0.00 0.00 100.00 100.00 -1000 1.81 4.87 -10.25 -1000 23.08 1.46 61.857
car -1 -1 0.00 0.00 0.00 100.00 100.00 -1000 1.74 5.07 -2.14 -1000 25.80 1.50 61.792
car -1 -1 0.00 0.00 0.00 100.00 100.00 -1000 2.55 9.61 -6.46 -1000 43.01 1.48 58.955
car -1 -1 0.00 0.00 0.00 100.00 100.00 -1000 1.98 5.89 -8.10 -1000 17.35 1.40 57.717
car -1 -1 0.00 0.00 0.00 100.00 100.00 -1000 1.65 4.38 -2.04 -1000 21.90 1.58 56.924
car -1 -1 0.00 0.00 0.00 100.00 100.00 -1000 1.93 5.86 -3.14 -1000 14.52 1.54 53.300
car -1 -1 0.00 0.00 0.00 100.00 100.00 -1000 1.71 4.36 -7.86 -1000 37.76 1.26 53.197
car -1 -1 0.00 0.00 0.00 100.00 100.00 -1000 1.92 5.76 -2.38 -1000 43.06 1.56 52.603
car -1 -1 0.00 0.00 0.00 100.00 100.00 -1000 2.49 9.20 -6.49 -1000 40.25 1.52 51.912
