car -1 -1 0.00 0.00 0.00 100.00 100.00 -1000 1.62 4.06 -6.85 -1000 10.59 1.58 663.843
car -1 -1 0.00 0.00 0.00 100.00 100.00 -1000 1.57 3.66 -5.92 -1000 29.00 1.57 661.781
car -1 -1 0.00 0.00 0.00 100.00 100.00 -1000 1.59 3.36 4.17 -1000 12.20 1.82 622.688
car -1 -1 0.00 0.00 0.00 100.00 100.00 -1000 1.52 3.45 4.55 -1000 23.11 -0.41 600.874
car -1 -1 0.00 0.00 0.00 100.00 100.00 -1000 1.57 3.59 0.43 -1000 19.65 1.57 560.233
car -1 -1 0.00 0.00 0.00 100.00 100.00 -1000 1.49 3.42 4.24 -1000 29.67 -0.05 427.940
car -1 -1 0.00 0.00 0.00 100.00 100.00 -1000 1.73 4.40 -4.91 -1000 45.05 1.52 312.152
car -1 -1 0.00 0.00 0.00 100.00 100.00 -1000 1.75 4.68 -10.46 -1000 29.40 1.39 227.041
car -1 -1 0.00 0.00 0.00 100.00 100.00 -1000 1.72 4.37 -14.89 -1000 21.50 1.41 225.836
car -1 -1 0.00 0.00 0.00 100.00 100.00 -1000 1.86 5.18 3.10 -1000 30.84 1.52 218.289
car -1 -1 0.00 0.00 0.00 100.00 100.00 -1000 1.66 4.14 -5.15 -1000 44.04 -0.05 165.508
car -1 -1 0.00 0.00 0.00 100.00 100.00 -1000 1.83 5.45 4.51 -1000 23.98 1.60 133.928
car -1 -1 0.00 0.00 0.00 100.00 100.00 -1000 1.68 4.26 -10.55 -1000 22.51 1.39 130.306
car -1 -1 0.00 0.00 0.00 100.00 100.00 -1000 1.52 3.79 3.65 -1000 28.99 0.33 123.062
car -1 -1 0.00 0.00 0.00 100.00 100.00 -1000 1.91 5.91 4.50 -1000 12.95 1.69 119.990
car -1 -1 0.00 0.00 0.00 100.00 100.00 -1000 1.75 4.65 4.50 -1000 30.30 1.69 119.478
car -1 -1 0.00 0.00 0.00 100.00 100.00 -1000 1.87 5.11 1.00 -1000 20.34 1.73 115.856
car -1 -1 0.00 0.00 0.00 100.00 100.00 -1000 2.24 7.68 3.21 -1000 31.80 1.50 114.330
car -1 -1 0.00 0.00 0.00 100.00 100.00 -1000 1.77 5.09 -8.08 -1000 29.48 1.56 113.595
car -1 -1 0.00 0.00 0.00 100.00 100.00 -1000 1.77 4.91 5.46 -1000 11.62 1.78 101.946
car -1 -1 0.00 0.00 0.00 100.00 100.00 -1000 2.39 8.28 -5.47 -1000 32.15 1.43 97.153
car -1 -1 0.00 0.00 0.00 100.00 100.00 -1000 1.68 4.32 -10.01 -1000 39.20 1.54 92.598
car -1 -1 0.00 0.00 0.00 100.00 100.00 -1000 1.64 4.20 2.39 -1000 29.75 0.17 83.163
car -1 -1 0.00 0.00 0.00 100.00 100.00 -1000 1.70 4.51 -13.91 -1000 20.82 0.09 77.990
car -1 -1 0.00 0.00 0.00 100.00 100.00 -1000 1.64 3.96 -7.33 -1000 9.27 0.26 76.366
car -1 -1 0.00 0.00 0.00 100.00 100.00 -1000 1.98 5.93 -6.52 -1000 29.94 1.49 75.780
car -1 -1 0.00 0.00 0.00 100.00 100.00 -1000 1.61 4.04 5.82 -1000 22.69 0.00 73.688
car -1 -1 0.00 0.00 0.00 100.00 100.00 -1000 2.39 7.85 3.20 -1000 33.33 1.40 71.296
car -1 -1 0.00 0.00 0.00 100.00 100.00 -1000 2.27 7.61 -6.95 -1000 30.99 1.43 69.223
car -1 -1 0.00 0.00 0.00 100.00 100.00 -1000 2.22 7.74 -9.51 -1000 32.24 1.38 67.973
car -1 -1 0.00 0.00 0.00 100.00 100.00 -1000 2.13 7.17 4.85 -1000 24.89 1.46 67.697
car -1 -1 0.00 0.00 0.00 100.00 100.00 -1000 1.78 4.81 -13.05 -1000 21.97 1.59 66.741
car -1 -1 0.00 0.00 0.00 100.00 100.00 -1000 1.80 4.86 -11.97 -1000 30.20 -0.16 65.909
car -1 -1 0.00 0.00 0.00 100.00 100.00 -1000 1.65 4.08 -9.67 -1000 38.18 0.20 65.867
car -1 -1 0.00 0.00 0.00 100.00 100.00 -1000 1.78 5.16 0.12 -1000 18.69 0.03 63.783
car -1 -1 0.00 0.00 0.00 100.00 100.00 -1000 2.02 6.16 -4.67 -1000 45.74 1.50 63.745
car -1 -1 0.00 0.00 0.00 100.00 100.00 -1000 2.07 6.41 -12.28 -1000 22.99 1.50 63.668
car -1 -1 0.00 0.00 0.00 100.00 100.00 -1000 1.72 4.43 -4.75 -1000 29.44 1.64 62.855
car -1 -1 0.00 0.00 0.00 100.00 100.00 -1000 1.73 4.45 -7.48 -1000 11.25 -0.28 62.070
car -1 -1 0.00 0.00 0.00 100.00 100.00 -1000 1.60 3.88 -4.91 -1000 28.08 0.18 61.454
car -1 -1 0.00 0.00 0.00 100.00 100.00 -1000 1.79 4.33 4.04 -1000 22.43 1.41 61.292
car -1 -1 0.00 0.00 0.00 100.00 100.00 -1000 1.93 5.84 -15.16 -1000 22.47 1.39 61.218
car -1 -1 0.00 0.00 0.00 100.00 100.00 -1000 1.65 4.12 0.76 -1000 42.00 0.23 61.163
car -1 -1 0.00 0.00 0.00 100.00 100.00 -1000 1.81 4.89 2.91 -1000 41.61 1.46 54.516
car -1 -1 0.00 0.00 0.00 100.00 100.00 -1000 1.69 4.40 -9.34 -1000 28.64 1.50 53.006
car -1 -1 0.00 0.00 0.00 100.00 100.00 -1000 2.08 6.28 5.46 -1000 13.98 1.45 52.680
car -1 -1 0.00 0.00 0.00 100.00 100.00 -1000 1.79 5.29 -5.45 -1000 11.09 1.73 50.804
