car -1 -1 0.00 0.00 0.00 100.00 100.00 -1000 1.52 3.41 -0.20 -1000 22.69 1.58 697.735
car -1 -1 0.00 0.00 0.00 100.00 100.00 -1000 1.69 4.25 -15.73 -1000 44.89 1.51 368.935
car -1 -1 0.00 0.00 0.00 100.00 100.00 -1000 2.14 7.11 -0.93 -1000 25.00 1.52 268.067
car -1 -1 0.00 0.00 0.00 100.00 100.00 -1000 2.10 6.34 -7.24 -1000 43.08 1.47 213.060
car -1 -1 0.00 0.00 0.00 100.00 100.00 -1000 1.78 5.34 -0.24 -1000 23.17 1.56 177.100
car -1 -1 0.00 0.00 0.00 100.00 100.00 -1000 2.05 6.04 -7.35 -1000 44.69 1.54 176.233
car -1 -1 0.00 0.00 0.00 100.00 100.00 -1000 1.99 5.70 -6.87 -1000 41.96 1.47 169.010
car -1 -1 0.00 0.00 0.00 100.00 100.00 -1000 1.74 4.55 -15.54 -1000 32.79 1.51 164.134
car -1 -1 0.00 0.00 0.00 100.00 100.00 -1000 2.23 6.94 10.73 -1000 42.23 1.54 163.829
car -1 -1 0.00 0.00 0.00 100.00 100.00 -1000 2.29 7.24 -7.35 -1000 46.30 1.46 161.790
car -1 -1 0.00 0.00 0.00 100.00 100.00 -1000 2.45 9.36 -1.06 -1000 25.99 1.47 151.201
car -1 -1 0.00 0.00 0.00 100.00 100.00 -1000 2.00 5.77 -6.46 -1000 40.76 1.37 145.435
car -1 -1 0.00 0.00 0.00 100.00 100.00 -1000 1.50 3.33 -15.63 -1000 27.95 1.58 144.141
car -1 -1 0.00 0.00 0.00 100.00 100.00 -1000 1.91 5.59 -15.95 -1000 39.32 1.40 136.983
car -1 -1 0.00 0.00 0.00 100.00 100.00 -1000 1.89 5.44 -15.65 -1000 45.74 1.43 116.322
car -1 -1 0.00 0.00 0.00 100.00 100.00 -1000 2.15 6.53 11.87 -1000 41.45 1.50 116.165
car -1 -1 0.00 0.00 0.00 100.00 100.00 -1000 1.95 5.70 13.56 -1000 18.29 1.62 110.549
car -1 -1 0.00 0.00 0.00 100.00 100.00 -1000 2.28 7.19 10.33 -1000 43.84 1.50 105.852
car -1 -1 0.00 0.00 0.00 100.00 100.00 -1000 2.09 6.44 -8.59 -1000 45.59 1.44 98.182
car -1 -1 0.00 0.00 0.00 100.00 100.00 -1000 1.92 5.49 12.56 -1000 18.97 1.49 96.443
car -1 -1 0.00 0.00 0.00 100.00 100.00 -1000 2.15 6.47 7.52 -1000 43.09 1.35 96.232
car -1 -1 0.00 0.00 0.00 100.00 100.00 -1000 2.14 6.72 12.61 -1000 19.83 1.48 96.118
car -1 -1 0.00 0.00 0.00 100.00 100.00 -1000 2.30 7.28 13.68 -1000 40.62 1.37 95.236
car -1 -1 0.00 0.00 0.00 100.00 100.00 -1000 1.77 4.53 17.05 -1000 26.32 1.50 95.081
car -1 -1 0.00 0.00 0.00 100.00 100.00 -1000 2.43 9.24 -2.23 -1000 26.91 1.44 94.828
car -1 -1 0.00 0.00 0.00 100.00 100.00 -1000 1.84 5.39 2.49 -1000 23.13 1.67 94.578
car -1 -1 0.00 0.00 0.00 100.00 100.00 -1000 2.13 6.74 -5.05 -1000 42.34 1.40 93.265
car -1 -1 0.00 0.00 0.00 100.00 100.00 -1000 2.26 7.36 13.02 -1000 42.70 1.50 92.536
car -1 -1 0.00 0.00 0.00 100.00 100.00 -1000 2.36 8.60 2.25 -1000 25.25 1.52 89.129
car -1 -1 0.00 0.00 0.00 100.00 100.00 -1000 2.06 6.41 -4.02 -1000 41.62 1.46 88.751
car -1 -1 0.00 0.00 0.00 100.00 100.00 -1000 1.72 4.38 -15.74 -1000 43.85 1.50 88.237
car -1 -1 0.00 0.00 0.00 100.00 100.00 -1000 1.65 4.01 -9.16 -1000 36.74 -0.04 81.691
car -1 -1 0.00 0.00 0.00 100.00 100.00 -1000 2.50 8.90 -3.65 -1000 43.17 1.43 81.504
car -1 -1 0.00 0.00 0.00 100.00 100.00 -1000 2.04 6.20 10.74 -1000 39.66 1.68 81.209
car -1 -1 0.00 0.00 0.00 100.00 100.00 -1000 2.01 6.05 -10.34 -1000 46.38 1.49 80.318
car -1 -1 0.00 0.00 0.00 100.00 100.00 -1000 1.85 5.04 -9.60 -1000 43.20 1.39 80.311
car -1 -1 0.00 0.00 0.00 100.00 100.00 -1000 1.90 5.35 -8.41 -1000 44.01 1.61 77.735
car -1 -1 0.00 0.00 0.00 100.00 100.00 -1000 2.37 7.85 12.14 -1000 44.64 1.45 77.225
car -1 -1 0.00 0.00 0.00 100.00 100.00 -1000 2.23 7.06 7.11 -1000 44.67 1.47 77.067
car -1 -1 0.00 0.00 0.00 100.00 100.00 -1000 2.20 7.19 13.81 -1000 39.55 1.44 76.745
car -1 -1 0.00 0.00 0.00 100.00 100.00 -1000 2.25 7.29 -6.22 -1000 43.91 1.52 74.917
car -1 -1 0.00 0.00 0.00 100.00 100.00 -1000 1.87 5.51 -15.61 -1000 28.88 1.48 74.215
car -1 -1 0.00 0.00 0.00 100.00 100.00 -1000 1.75 5.12 -1.10 -1000 13.83 1.62 73.850
car -1 -1 0.00 0.00 0.00 100.00 100.00 -1000 1.77 4.86 -15.80 -1000 38.42 1.44 72.105
car -1 -1 0.00 0.00 0.00 100.00 100.00 -1000 1.75 5.13 -0.98 -1000 15.42 1.62 71.271
car -1 -1 0.00 0.00 0.00 100.00 100.00 -1000 1.75 5.12 -1.11 -1000 12.21 1.61 70.750
car -1 -1 0.00 0.00 0.00 100.00 100.00 -1000 1.82 5.07 -16.07 -1000 19.84 1.47 70.588
car -1 -1 0.00 0.00 0.00 100.00 100.00 -1000 1.69 5.07 -1.32 -1000 21.57 1.54 69.745
car -1 -1 0.00 0.00 0.00 100.00 100.00 -1000 1.75 5.13 -0.92 -1000 17.02 1.62 68.774
car -1 -1 0.00 0.00 0.00 100.00 100.00 -1000 1.97 5.86 -6.19 -1000 39.60 1.38 67.397
car -1 -1 0.00 0.00 0.00 100.00 100.00 -1000 2.11 6.23 -8.80 -1000 42.38 1.59 67.323
car -1 -1 0.00 0.00 0.00 100.00 100.00 -1000 1.94 5.42 9.47 -1000 41.55 1.43 67.319
car -1 -1 0.00 0.00 0.00 100.00 100.00 -1000 1.66 4.08 18.96 -1000 25.21 1.60 67.013
car -1 -1 0.00 0.00 0.00 100.00 100.00 -1000 1.92 5.38 15.06 -1000 23.09 1.45 66.924
car -1 -1 0.00 0.00 0.00 100.00 100.00 -1000 1.85 5.41 -16.09 -1000 21.05 1.44 66.225
car -1 -1 0.00 0.00 0.00 100.00 100.00 -1000 1.62 4.09 16.11 -1000 27.07 0.05 65.834
car -1 -1 0.00 0.00 0.00 100.00 100.00 -1000 1.75 5.18 -1.11 -1000 20.28 1.62 65.556
car -1 -1 0.00 0.00 0.00 100.00 100.00 -1000 2.36 8.15 -5.97 -1000 45.54 1.46 65.312
car -1 -1 0.00 0.00 0.00 100.00 100.00 -1000 2.46 8.42 13.63 -1000 45.38 1.41 64.544
car -1 -1 0.00 0.00 0.00 100.00 100.00 -1000 1.76 5.22 -0.93 -1000 18.61 1.62 64.203
car -1 -1 0.00 0.00 0.00 100.00 100.00 -1000 1.93 5.92 -15.59 -1000 33.78 1.45 64.181
car -1 -1 0.00 0.00 0.00 100.00 100.00 -1000 1.88 5.27 -10.49 -1000 44.08 1.45 62.336
car -1 -1 0.00 0.00 0.00 100.00 100.00 -1000 1.74 5.10 -1.18 -1000 10.59 1.60 61.160
car -1 -1 0.00 0.00 0.00 100.00 100.00 -1000 1.99 5.64 10.49 -1000 40.68 1.52 61.103
car -1 -1 0.00 0.00 0.00 100.00 100.00 -1000 2.08 7.23 -3.66 -1000 24.91 1.47 60.974
car -1 -1 0.00 0.00 0.00 100.00 100.00 -1000 2.23 7.42 3.14 -1000 24.12 1.55 59.235
car -1 -1 0.00 0.00 0.00 100.00 100.00 -1000 2.05 6.04 7.01 -1000 41.53 1.35 59.041
car -1 -1 0.00 0.00 0.00 100.00 100.00 -1000 1.86 5.35 12.81 -1000 17.50 1.55 58.712
car -1 -1 0.00 0.00 0.00 100.00 100.00 -1000 2.09 6.52 13.00 -1000 31.86 1.41 58.301
car -1 -1 0.00 0.00 0.00 100.00 100.00 -1000 1.53 3.93 -16.11 -1000 32.05 -0.00 56.147
car -1 -1 0.00 0.00 0.00 100.00 100.00 -1000 2.29 7.56 3.63 -1000 36.66 1.35 56.003
car -1 -1 0.00 0.00 0.00 100.00 100.00 -1000 2.17 6.73 8.94 -1000 45.45 1.41 55.538
car -1 -1 0.00 0.00 0.00 100.00 100.00 -1000 1.99 6.00 -9.85 -1000 44.89 1.50 55.073
car -1 -1 0.00 0.00 0.00 100.00 100.00 -1000 1.88 5.25 9.59 -1000 19.84 1.36 54.518
car -1 -1 0.00 0.00 0.00 100.00 100.00 -1000 2.09 6.40 9.62 -1000 21.37 1.31 53.993
car -1 -1 0.00 0.00 0.00 100.00 100.00 -1000 2.41 8.22 6.19 -1000 43.79 1.37 53.903
car -1 -1 0.00 0.00 0.00 100.00 100.00 -1000 1.78 5.00 -13.76 -1000 44.92 1.57 53.867
car -1 -1 0.00 0.00 0.00 100.00 100.00 -1000 1.70 4.89 -1.22 -1000 8.94 1.60 53.182
car -1 -1 0.00 0.00 0.00 100.00 100.00 -1000 2.56 9.53 3.28 -1000 26.83 1.35 53.042
car -1 -1 0.00 0.00 0.00 100.00 100.00 -1000 1.72 4.41 16.85 -1000 25.25 1.53 52.202
car -1 -1 0.00 0.00 0.00 100.00 100.00 -1000 1.79 5.11 3.19 -1000 22.42 1.68 51.070
car -1 -1 0.00 0.00 0.00 100.00 100.00 -1000 1.76 4.61 15.17 -1000 17.99 1.64 51.053
car -1 -1 0.00 0.00 0.00 100.00 100.00 -1000 2.21 7.22 -7.61 -1000 38.30 1.63 50.573
car -1 -1 0.00 0.00 0.00 100.00 100.00 -1000 1.97 6.25 -15.30 -1000 18.73 1.38 50.167
car -1 -1 0.00 0.00 0.00 100.00 100.00 -1000 1.88 5.41 13.18 -1000 29.88 1.47 50.080
car -1 -1 0.00 0.00 0.00 100.00 100.00 -1000 2.19 7.21 -9.17 -1000 47.07 1.42 50.043
