car -1 -1 0.00 0.00 0.00 100.00 100.00 -1000 1.53 3.33 -0.49 -1000 26.65 1.49 725.108
car -1 -1 0.00 0.00 0.00 100.00 100.00 -1000 2.08 6.05 -1.61 -1000 28.89 1.53 361.253
car -1 -1 0.00 0.00 0.00 100.00 100.00 -1000 2.37 7.55 9.25 -1000 43.83 1.45 289.161
car -1 -1 0.00 0.00 0.00 100.00 100.00 -1000 2.28 7.12 9.92 -1000 42.74 1.50 239.143
car -1 -1 0.00 0.00 0.00 100.00 100.00 -1000 1.79 4.79 -1.06 -1000 27.26 1.50 227.256
car -1 -1 0.00 0.00 0.00 100.00 100.00 -1000 2.38 8.35 -1.55 -1000 29.65 1.50 217.089
car -1 -1 0.00 0.00 0.00 100.00 100.00 -1000 2.20 6.57 9.11 -1000 45.50 1.47 209.394
car -1 -1 0.00 0.00 0.00 100.00 100.00 -1000 1.86 5.06 4.49 -1000 45.54 1.50 202.974
car -1 -1 0.00 0.00 0.00 100.00 100.00 -1000 2.09 6.30 10.04 -1000 41.54 1.52 184.393
car -1 -1 0.00 0.00 0.00 100.00 100.00 -1000 2.16 6.69 2.89 -1000 29.81 1.52 179.439
car -1 -1 0.00 0.00 0.00 100.00 100.00 -1000 2.15 6.50 6.62 -1000 43.10 1.48 172.391
car -1 -1 0.00 0.00 0.00 100.00 100.00 -1000 2.29 7.23 10.63 -1000 44.61 1.50 166.346
car -1 -1 0.00 0.00 0.00 100.00 100.00 -1000 2.19 6.57 5.87 -1000 46.23 1.41 161.419
car -1 -1 0.00 0.00 0.00 100.00 100.00 -1000 1.76 4.59 2.61 -1000 45.69 1.58 150.226
car -1 -1 0.00 0.00 0.00 100.00 100.00 -1000 2.11 6.31 5.28 -1000 43.92 1.64 146.638
car -1 -1 0.00 0.00 0.00 100.00 100.00 -1000 2.31 7.29 6.94 -1000 44.51 1.56 137.315
car -1 -1 0.00 0.00 0.00 100.00 100.00 -1000 2.27 7.74 -3.88 -1000 30.22 1.49 137.314
car -1 -1 0.00 0.00 0.00 100.00 100.00 -1000 2.24 6.94 11.39 -1000 43.42 1.42 126.314
car -1 -1 0.00 0.00 0.00 100.00 100.00 -1000 1.94 5.47 10.90 -1000 40.80 1.58 122.671
car -1 -1 0.00 0.00 0.00 100.00 100.00 -1000 1.69 4.66 -1.77 -1000 26.27 1.61 122.397
car -1 -1 0.00 0.00 0.00 100.00 100.00 -1000 2.02 5.89 6.95 -1000 42.03 1.46 117.519
car -1 -1 0.00 0.00 0.00 100.00 100.00 -1000 1.85 5.00 3.52 -1000 44.79 1.46 114.399
car -1 -1 0.00 0.00 0.00 100.00 100.00 -1000 2.31 7.34 11.73 -1000 35.00 1.48 112.462
car -1 -1 0.00 0.00 0.00 100.00 100.00 -1000 1.78 4.81 2.62 -1000 27.12 1.55 110.905
car -1 -1 0.00 0.00 0.00 100.00 100.00 -1000 2.18 6.75 4.46 -1000 42.26 1.48 107.538
car -1 -1 0.00 0.00 0.00 100.00 100.00 -1000 2.05 6.03 5.89 -1000 40.75 1.42 106.934
car -1 -1 0.00 0.00 0.00 100.00 100.00 -1000 2.02 6.44 -2.77 -1000 27.94 1.50 105.395
car -1 -1 0.00 0.00 0.00 100.00 100.00 -1000 2.36 7.75 11.43 -1000 33.38 1.52 99.192
car -1 -1 0.00 0.00 0.00 100.00 100.00 -1000 1.62 3.82 9.81 -1000 39.42 0.07 98.360
car -1 -1 0.00 0.00 0.00 100.00 100.00 -1000 1.83 4.94 3.10 -1000 25.12 1.66 96.377
car -1 -1 0.00 0.00 0.00 100.00 100.00 -1000 2.04 5.91 2.18 -1000 28.59 1.60 94.178
car -1 -1 0.00 0.00 0.00 100.00 100.00 -1000 2.11 6.57 11.43 -1000 39.92 1.52 92.939
car -1 -1 0.00 0.00 0.00 100.00 100.00 -1000 2.24 6.99 12.25 -1000 42.21 1.39 90.594
car -1 -1 0.00 0.00 0.00 100.00 100.00 -1000 2.17 6.67 6.20 -1000 30.98 1.37 89.998
car -1 -1 0.00 0.00 0.00 100.00 100.00 -1000 1.91 5.42 1.98 -1000 46.50 1.48 87.391
car -1 -1 0.00 0.00 0.00 100.00 100.00 -1000 2.32 7.99 -2.09 -1000 30.84 1.40 87.323
car -1 -1 0.00 0.00 0.00 100.00 100.00 -1000 1.72 4.88 -1.11 -1000 15.44 1.60 85.545
car -1 -1 0.00 0.00 0.00 100.00 100.00 -1000 1.73 4.93 -1.22 -1000 13.85 1.61 84.565
car -1 -1 0.00 0.00 0.00 100.00 100.00 -1000 1.78 4.66 3.20 -1000 6.92 1.48 83.396
car -1 -1 0.00 0.00 0.00 100.00 100.00 -1000 2.22 6.92 10.71 -1000 46.24 1.48 82.560
car -1 -1 0.00 0.00 0.00 100.00 100.00 -1000 2.17 6.73 11.57 -1000 31.09 1.57 81.810
car -1 -1 0.00 0.00 0.00 100.00 100.00 -1000 1.75 5.03 -0.97 -1000 17.05 1.63 81.094
car -1 -1 0.00 0.00 0.00 100.00 100.00 -1000 1.72 4.22 1.53 -1000 45.24 -0.06 79.292
car -1 -1 0.00 0.00 0.00 100.00 100.00 -1000 1.73 5.13 -1.54 -1000 24.29 1.53 78.969
car -1 -1 0.00 0.00 0.00 100.00 100.00 -1000 1.70 4.79 -1.30 -1000 12.23 1.60 77.842
car -1 -1 0.00 0.00 0.00 100.00 100.00 -1000 1.80 5.19 -1.08 -1000 22.61 1.57 76.457
car -1 -1 0.00 0.00 0.00 100.00 100.00 -1000 2.30 7.31 11.58 -1000 36.59 1.47 76.109
car -1 -1 0.00 0.00 0.00 100.00 100.00 -1000 2.00 5.99 2.91 -1000 31.05 1.56 76.073
car -1 -1 0.00 0.00 0.00 100.00 100.00 -1000 1.85 5.07 6.82 -1000 40.07 1.48 75.831
car -1 -1 0.00 0.00 0.00 100.00 100.00 -1000 1.72 4.91 -1.01 -1000 18.65 1.61 75.542
car -1 -1 0.00 0.00 0.00 100.00 100.00 -1000 1.74 4.75 2.32 -1000 26.05 1.63 74.667
car -1 -1 0.00 0.00 0.00 100.00 100.00 -1000 2.11 6.17 8.97 -1000 46.71 1.46 74.018
car -1 -1 0.00 0.00 0.00 100.00 100.00 -1000 2.28 7.27 9.33 -1000 37.55 1.44 73.296
car -1 -1 0.00 0.00 0.00 100.00 100.00 -1000 2.16 6.65 11.38 -1000 38.32 1.45 73.067
car -1 -1 0.00 0.00 0.00 100.00 100.00 -1000 2.03 6.06 5.18 -1000 35.94 1.37 70.998
car -1 -1 0.00 0.00 0.00 100.00 100.00 -1000 2.03 5.95 2.72 -1000 43.98 1.47 70.954
car -1 -1 0.00 0.00 0.00 100.00 100.00 -1000 1.79 5.11 -1.00 -1000 21.01 1.57 70.872
car -1 -1 0.00 0.00 0.00 100.00 100.00 -1000 2.27 7.12 4.71 -1000 47.01 1.51 70.514
car -1 -1 0.00 0.00 0.00 100.00 100.00 -1000 1.81 5.31 -1.27 -1000 11.37 1.59 69.720
car -1 -1 0.00 0.00 0.00 100.00 100.00 -1000 2.00 5.87 4.84 -1000 29.50 1.44 69.537
car -1 -1 0.00 0.00 0.00 100.00 100.00 -1000 2.17 6.60 9.60 -1000 34.25 1.43 67.270
car -1 -1 0.00 0.00 0.00 100.00 100.00 -1000 2.10 6.30 6.51 -1000 36.56 1.47 66.681
car -1 -1 0.00 0.00 0.00 100.00 100.00 -1000 2.16 6.54 9.28 -1000 35.56 1.47 66.428
car -1 -1 0.00 0.00 0.00 100.00 100.00 -1000 1.76 4.06 -0.60 -1000 25.85 1.56 65.737
car -1 -1 0.00 0.00 0.00 100.00 100.00 -1000 1.94 5.36 9.42 -1000 38.78 1.50 64.014
car -1 -1 0.00 0.00 0.00 100.00 100.00 -1000 2.12 6.93 -0.06 -1000 28.18 1.50 63.184
car -1 -1 0.00 0.00 0.00 100.00 100.00 -1000 2.12 6.43 11.51 -1000 32.28 1.52 62.709
car -1 -1 0.00 0.00 0.00 100.00 100.00 -1000 2.19 6.80 12.76 -1000 20.54 1.31 61.576
car -1 -1 0.00 0.00 0.00 100.00 100.00 -1000 1.81 5.49 -1.23 -1000 19.89 1.53 61.430
car -1 -1 0.00 0.00 0.00 100.00 100.00 -1000 2.08 6.18 12.20 -1000 39.11 1.38 60.898
car -1 -1 0.00 0.00 0.00 100.00 100.00 -1000 1.90 5.34 8.18 -1000 40.82 1.46 60.707
car -1 -1 0.00 0.00 0.00 100.00 100.00 -1000 1.72 4.61 -16.57 -1000 45.73 1.41 60.339
car -1 -1 0.00 0.00 0.00 100.00 100.00 -1000 2.21 6.84 12.40 -1000 45.44 1.37 59.667
car -1 -1 0.00 0.00 0.00 100.00 100.00 -1000 2.14 6.52 12.38 -1000 37.47 1.35 59.594
car -1 -1 0.00 0.00 0.00 100.00 100.00 -1000 2.01 5.89 12.05 -1000 29.93 1.58 57.985
car -1 -1 0.00 0.00 0.00 100.00 100.00 -1000 2.06 6.21 5.12 -1000 39.58 1.44 56.769
car -1 -1 0.00 0.00 0.00 100.00 100.00 -1000 1.76 5.01 -1.45 -1000 9.76 1.59 56.710
car -1 -1 0.00 0.00 0.00 100.00 100.00 -1000 1.64 4.39 2.21 -1000 27.92 -0.23 56.392
car -1 -1 0.00 0.00 0.00 100.00 100.00 -1000 2.18 6.65 13.13 -1000 34.25 1.45 54.992
car -1 -1 0.00 0.00 0.00 100.00 100.00 -1000 1.92 5.76 -16.47 -1000 44.13 1.33 53.836
car -1 -1 0.00 0.00 0.00 100.00 100.00 -1000 2.28 7.36 6.61 -1000 32.14 1.49 53.580
car -1 -1 0.00 0.00 0.00 100.00 100.00 -1000 1.67 4.42 -1.85 -1000 25.36 1.59 52.877
car -1 -1 0.00 0.00 0.00 100.00 100.00 -1000 2.30 7.44 12.49 -1000 22.17 1.38 51.445
car -1 -1 0.00 0.00 0.00 100.00 100.00 -1000 1.96 6.11 -4.17 -1000 38.37 1.42 50.341
