car -1 -1 0.00 0.00 0.00 100.00 100.00 -1000 1.62 3.87 0.21 -1000 16.55 1.54 733.598
car -1 -1 0.00 0.00 0.00 100.00 100.00 -1000 1.59 3.77 -12.74 -1000 28.20 1.57 601.487
car -1 -1 0.00 0.00 0.00 100.00 100.00 -1000 1.88 5.28 -15.47 -1000 18.67 1.50 234.171
car -1 -1 0.00 0.00 0.00 100.00 100.00 -1000 1.63 3.86 -19.30 -1000 34.17 1.68 205.684
car -1 -1 0.00 0.00 0.00 100.00 100.00 -1000 1.72 4.43 -12.37 -1000 27.17 0.12 172.609
car -1 -1 0.00 0.00 0.00 100.00 100.00 -1000 1.98 5.66 11.95 -1000 39.04 1.45 166.476
car -1 -1 0.00 0.00 0.00 100.00 100.00 -1000 2.70 9.84 9.28 -1000 41.38 1.35 157.520
car -1 -1 0.00 0.00 0.00 100.00 100.00 -1000 1.94 5.44 -6.10 -1000 35.79 1.55 153.006
car -1 -1 0.00 0.00 0.00 100.00 100.00 -1000 2.76 10.34 7.44 -1000 42.19 1.48 137.029
car -1 -1 0.00 0.00 0.00 100.00 100.00 -1000 1.84 5.12 -7.34 -1000 30.63 1.63 136.092
car -1 -1 0.00 0.00 0.00 100.00 100.00 -1000 2.50 8.53 7.57 -1000 39.81 1.42 132.755
car -1 -1 0.00 0.00 0.00 100.00 100.00 -1000 1.81 4.79 -6.11 -1000 46.52 1.54 111.453
car -1 -1 0.00 0.00 0.00 100.00 100.00 -1000 2.42 8.07 7.77 -1000 44.69 1.46 107.331
car -1 -1 0.00 0.00 0.00 100.00 100.00 -1000 2.06 6.05 12.07 -1000 38.00 1.40 93.450
car -1 -1 0.00 0.00 0.00 100.00 100.00 -1000 2.48 8.70 -6.56 -1000 38.34 1.44 92.795
car -1 -1 0.00 0.00 0.00 100.00 100.00 -1000 2.08 7.37 4.39 -1000 11.56 1.68 91.172
car -1 -1 0.00 0.00 0.00 100.00 100.00 -1000 2.62 9.42 5.67 -1000 40.69 1.45 90.814
car -1 -1 0.00 0.00 0.00 100.00 100.00 -1000 1.98 6.09 -12.66 -1000 28.75 1.47 84.298
car -1 -1 0.00 0.00 0.00 100.00 100.00 -1000 2.42 8.24 -6.15 -1000 39.89 1.45 83.038
car -1 -1 0.00 0.00 0.00 100.00 100.00 -1000 1.73 4.50 15.85 -1000 39.31 1.51 80.057
car -1 -1 0.00 0.00 0.00 100.00 100.00 -1000 1.83 5.30 3.84 -1000 12.59 1.79 78.333
car -1 -1 0.00 0.00 0.00 100.00 100.00 -1000 2.58 9.10 9.53 -1000 45.36 1.39 76.755
car -1 -1 0.00 0.00 0.00 100.00 100.00 -1000 2.10 6.44 -5.66 -1000 40.70 1.44 70.362
car -1 -1 0.00 0.00 0.00 100.00 100.00 -1000 2.55 8.86 11.24 -1000 40.22 1.34 65.784
car -1 -1 0.00 0.00 0.00 100.00 100.00 -1000 1.93 5.50 -5.36 -1000 45.80 1.48 60.343
car -1 -1 0.00 0.00 0.00 100.00 100.00 -1000 2.47 8.49 7.47 -1000 43.56 1.43 59.657
car -1 -1 0.00 0.00 0.00 100.00 100.00 -1000 2.54 9.19 6.57 -1000 45.57 1.48 59.500
car -1 -1 0.00 0.00 0.00 100.00 100.00 -1000 2.23 7.33 -7.41 -1000 31.62 1.46 58.325
car -1 -1 0.00 0.00 0.00 100.00 100.00 -1000 2.34 7.75 15.58 -1000 40.25 1.50 56.138
car -1 -1 0.00 0.00 0.00 100.00 100.00 -1000 2.91 11.41 10.20 -1000 42.90 1.43 54.073
car -1 -1 0.00 0.00 0.00 100.00 100.00 -1000 2.17 6.65 -7.24 -1000 33.84 1.71 53.298
car -1 -1 0.00 0.00 0.00 100.00 100.00 -1000 2.10 6.11 16.70 -1000 21.23 1.68 52.325
car -1 -1 0.00 0.00 0.00 100.00 100.00 -1000 2.60 9.67 7.48 -1000 37.44 1.45 51.489
car -1 -1 0.00 0.00 0.00 100.00 100.00 -1000 2.31 7.47 -7.51 -1000 32.71 1.40 50.956
car -1 -1 0.00 0.00 0.00 100.00 100.00 -1000 2.22 7.07 -6.98 -1000 36.54 1.46 50.409
car -1 -1 0.00 0.00 0.00 100.00 100.00 -1000 2.09 6.42 -5.00 -1000 34.93 1.51 50.185
car -1 -1 0.00 0.00 0.00 100.00 100.00 -1000 2.28 7.66 5.16 -1000 44.41 1.42 50.039
