car -1 -1 0.00 0.00 0.00 100.00 100.00 -1000 1.54 3.54 6.65 -1000 38.38 1.68 605.852
car -1 -1 0.00 0.00 0.00 100.00 100.00 -1000 1.52 3.35 6.40 -1000 23.09 1.54 450.455
car -1 -1 0.00 0.00 0.00 100.00 100.00 -1000 1.71 4.60 -17.26 -1000 37.21 0.13 431.576
car -1 -1 0.00 0.00 0.00 100.00 100.00 -1000 1.59 3.75 5.46 -1000 27.02 1.64 387.851
car -1 -1 0.00 0.00 0.00 100.00 100.00 -1000 1.72 4.48 -17.17 -1000 43.96 1.41 383.414
car -1 -1 0.00 0.00 0.00 100.00 100.00 -1000 1.65 4.05 6.44 -1000 27.48 1.58 272.399
car -1 -1 0.00 0.00 0.00 100.00 100.00 -1000 1.63 4.01 5.42 -1000 37.81 0.15 260.269
car -1 -1 0.00 0.00 0.00 100.00 100.00 -1000 2.09 6.19 -3.93 -1000 44.68 1.51 256.927
car -1 -1 0.00 0.00 0.00 100.00 100.00 -1000 1.74 4.53 7.42 -1000 28.21 1.42 249.898
car -1 -1 0.00 0.00 0.00 100.00 100.00 -1000 1.86 5.33 6.27 -1000 38.91 1.54 236.849
car -1 -1 0.00 0.00 0.00 100.00 100.00 -1000 2.31 7.32 -6.14 -1000 41.47 1.41 234.425
car -1 -1 0.00 0.00 0.00 100.00 100.00 -1000 2.05 5.94 -4.67 -1000 45.49 1.44 215.639
car -1 -1 0.00 0.00 0.00 100.00 100.00 -1000 1.61 3.98 -18.46 -1000 37.71 0.21 209.357
car -1 -1 0.00 0.00 0.00 100.00 100.00 -1000 2.25 7.00 7.16 -1000 40.56 1.44 198.815
car -1 -1 0.00 0.00 0.00 100.00 100.00 -1000 2.29 7.34 -4.52 -1000 39.89 1.41 197.893
car -1 -1 0.00 0.00 0.00 100.00 100.00 -1000 2.30 7.60 5.54 -1000 39.79 1.50 194.986
car -1 -1 0.00 0.00 0.00 100.00 100.00 -1000 1.82 4.87 -16.74 -1000 37.98 1.41 176.928
car -1 -1 0.00 0.00 0.00 100.00 100.00 -1000 2.66 10.42 -5.06 -1000 43.89 1.53 174.983
car -1 -1 0.00 0.00 0.00 100.00 100.00 -1000 2.22 6.85 6.99 -1000 41.76 1.43 170.849
car -1 -1 0.00 0.00 0.00 100.00 100.00 -1000 1.86 5.06 -16.47 -1000 29.50 1.63 162.131
car -1 -1 0.00 0.00 0.00 100.00 100.00 -1000 1.78 4.50 -2.46 -1000 35.47 1.47 157.750
car -1 -1 0.00 0.00 0.00 100.00 100.00 -1000 2.18 6.65 -5.48 -1000 46.31 1.42 149.680
car -1 -1 0.00 0.00 0.00 100.00 100.00 -1000 1.73 4.48 -2.45 -1000 39.32 1.49 147.787
car -1 -1 0.00 0.00 0.00 100.00 100.00 -1000 2.34 7.73 4.28 -1000 40.60 1.49 140.642
car -1 -1 0.00 0.00 0.00 100.00 100.00 -1000 2.40 8.02 -6.41 -1000 38.31 1.51 138.467
car -1 -1 0.00 0.00 0.00 100.00 100.00 -1000 2.14 7.33 4.66 -1000 27.72 1.58 133.551
car -1 -1 0.00 0.00 0.00 100.00 100.00 -1000 2.27 7.20 -6.06 -1000 36.70 1.43 129.991
car -1 -1 0.00 0.00 0.00 100.00 100.00 -1000 2.49 9.40 -6.43 -1000 44.77 1.55 129.657
car -1 -1 0.00 0.00 0.00 100.00 100.00 -1000 2.35 7.80 -6.69 -1000 43.13 1.53 127.580
car -1 -1 0.00 0.00 0.00 100.00 100.00 -1000 2.08 6.63 -16.66 -1000 44.95 1.45 123.471
car -1 -1 0.00 0.00 0.00 100.00 100.00 -1000 1.60 3.84 7.89 -1000 33.25 0.32 120.481
car -1 -1 0.00 0.00 0.00 100.00 100.00 -1000 1.64 4.04 -2.37 -1000 44.15 1.56 117.978
car -1 -1 0.00 0.00 0.00 100.00 100.00 -1000 1.81 4.78 -0.12 -1000 39.66 1.57 110.232
car -1 -1 0.00 0.00 0.00 100.00 100.00 -1000 2.19 7.05 3.46 -1000 41.47 1.45 106.949
car -1 -1 0.00 0.00 0.00 100.00 100.00 -1000 1.91 5.37 -2.98 -1000 36.40 1.42 106.490
car -1 -1 0.00 0.00 0.00 100.00 100.00 -1000 2.54 9.20 -4.84 -1000 42.32 1.53 101.627
car -1 -1 0.00 0.00 0.00 100.00 100.00 -1000 2.23 7.08 -6.22 -1000 47.17 1.43 100.023
car -1 -1 0.00 0.00 0.00 100.00 100.00 -1000 2.27 7.57 -4.17 -1000 38.71 1.49 94.544
car -1 -1 0.00 0.00 0.00 100.00 100.00 -1000 1.52 3.65 5.17 -1000 26.03 0.37 91.463
car -1 -1 0.00 0.00 0.00 100.00 100.00 -1000 1.74 4.74 -1.95 -1000 29.14 1.53 91.222
car -1 -1 0.00 0.00 0.00 100.00 100.00 -1000 1.90 5.18 7.09 -1000 29.18 1.49 88.073
car -1 -1 0.00 0.00 0.00 100.00 100.00 -1000 2.32 7.77 -7.70 -1000 39.20 1.49 87.059
car -1 -1 0.00 0.00 0.00 100.00 100.00 -1000 2.37 7.74 5.09 -1000 42.22 1.51 86.870
car -1 -1 0.00 0.00 0.00 100.00 100.00 -1000 1.73 4.63 -2.42 -1000 37.91 1.51 82.492
car -1 -1 0.00 0.00 0.00 100.00 100.00 -1000 1.63 4.00 5.15 -1000 18.79 0.29 81.789
car -1 -1 0.00 0.00 0.00 100.00 100.00 -1000 1.40 3.22 -17.83 -1000 42.86 0.27 80.819
car -1 -1 0.00 0.00 0.00 100.00 100.00 -1000 1.79 5.20 6.64 -1000 23.59 1.49 80.442
car -1 -1 0.00 0.00 0.00 100.00 100.00 -1000 1.59 3.83 -0.66 -1000 38.47 0.26 78.611
car -1 -1 0.00 0.00 0.00 100.00 100.00 -1000 1.65 4.43 -1.75 -1000 33.24 1.59 76.285
car -1 -1 0.00 0.00 0.00 100.00 100.00 -1000 2.44 8.54 -4.65 -1000 37.54 1.50 76.111
car -1 -1 0.00 0.00 0.00 100.00 100.00 -1000 1.69 4.30 15.77 -1000 38.42 1.62 75.864
car -1 -1 0.00 0.00 0.00 100.00 100.00 -1000 1.82 5.75 4.80 -1000 23.39 1.49 74.968
car -1 -1 0.00 0.00 0.00 100.00 100.00 -1000 1.73 4.68 -2.91 -1000 34.41 1.44 70.114
car -1 -1 0.00 0.00 0.00 100.00 100.00 -1000 2.18 6.99 -8.13 -1000 43.97 1.45 69.169
car -1 -1 0.00 0.00 0.00 100.00 100.00 -1000 2.10 6.43 -2.83 -1000 43.04 1.49 68.557
car -1 -1 0.00 0.00 0.00 100.00 100.00 -1000 1.74 4.49 4.51 -1000 37.16 -0.02 68.172
car -1 -1 0.00 0.00 0.00 100.00 100.00 -1000 2.15 6.58 -4.84 -1000 35.94 1.35 68.123
car -1 -1 0.00 0.00 0.00 100.00 100.00 -1000 2.02 6.04 -16.21 -1000 30.53 1.47 67.707
car -1 -1 0.00 0.00 0.00 100.00 100.00 -1000 1.61 4.20 -0.73 -1000 43.51 0.30 67.266
car -1 -1 0.00 0.00 0.00 100.00 100.00 -1000 1.70 4.86 -1.69 -1000 26.68 1.57 66.054
car -1 -1 0.00 0.00 0.00 100.00 100.00 -1000 1.70 5.08 -1.33 -1000 29.86 1.58 66.038
car -1 -1 0.00 0.00 0.00 100.00 100.00 -1000 2.00 5.96 7.71 -1000 34.32 1.44 65.803
car -1 -1 0.00 0.00 0.00 100.00 100.00 -1000 1.82 5.34 -2.32 -1000 32.43 1.44 64.717
car -1 -1 0.00 0.00 0.00 100.00 100.00 -1000 2.45 8.92 -16.36 -1000 39.93 1.39 64.013
car -1 -1 0.00 0.00 0.00 100.00 100.00 -1000 1.92 5.35 3.31 -1000 42.78 1.54 62.657
car -1 -1 0.00 0.00 0.00 100.00 100.00 -1000 2.37 8.14 -15.30 -1000 32.58 1.34 61.676
car -1 -1 0.00 0.00 0.00 100.00 100.00 -1000 1.87 5.18 4.21 -1000 38.53 1.54 61.385
car -1 -1 0.00 0.00 0.00 100.00 100.00 -1000 1.74 4.53 6.50 -1000 41.16 -0.28 61.333
car -1 -1 0.00 0.00 0.00 100.00 100.00 -1000 1.68 4.29 6.55 -1000 22.17 0.28 60.195
car -1 -1 0.00 0.00 0.00 100.00 100.00 -1000 1.69 4.53 8.80 -1000 28.99 1.62 59.806
car -1 -1 0.00 0.00 0.00 100.00 100.00 -1000 1.73 4.88 3.46 -1000 26.23 0.27 58.903
car -1 -1 0.00 0.00 0.00 100.00 100.00 -1000 2.17 7.09 -16.77 -1000 38.95 1.42 58.811
car -1 -1 0.00 0.00 0.00 100.00 100.00 -1000 2.38 8.83 -7.03 -1000 40.42 1.54 57.932
car -1 -1 0.00 0.00 0.00 100.00 100.00 -1000 1.61 4.29 0.12 -1000 33.73 1.60 57.830
car -1 -1 0.00 0.00 0.00 100.00 100.00 -1000 2.12 6.54 -7.82 -1000 42.25 1.48 57.746
car -1 -1 0.00 0.00 0.00 100.00 100.00 -1000 1.76 5.06 -1.79 -1000 31.55 1.53 56.738
car -1 -1 0.00 0.00 0.00 100.00 100.00 -1000 2.38 8.48 -5.33 -1000 35.11 1.43 56.379
car -1 -1 0.00 0.00 0.00 100.00 100.00 -1000 1.68 4.42 -0.72 -1000 44.39 1.59 55.742
car -1 -1 0.00 0.00 0.00 100.00 100.00 -1000 2.13 7.02 2.84 -1000 39.72 1.62 54.707
car -1 -1 0.00 0.00 0.00 100.00 100.00 -1000 1.86 5.09 8.33 -1000 38.20 1.44 54.354
car -1 -1 0.00 0.00 0.00 100.00 100.00 -1000 1.69 4.28 -16.01 -1000 36.70 1.56 53.682
car -1 -1 0.00 0.00 0.00 100.00 100.00 -1000 1.72 4.48 -13.82 -1000 29.56 1.52 52.931
car -1 -1 0.00 0.00 0.00 100.00 100.00 -1000 1.82 4.89 -16.50 -1000 42.38 1.36 52.885
car -1 -1 0.00 0.00 0.00 100.00 100.00 -1000 2.26 8.08 4.05 -1000 35.30 1.59 52.291
car -1 -1 0.00 0.00 0.00 100.00 100.00 -1000 1.85 5.54 -1.76 -1000 30.67 1.50 51.236
