car -1 -1 0.00 0.00 0.00 100.00 100.00 -1000 1.46 3.20 -0.01 -1000 27.50 1.52 636.380
car -1 -1 0.00 0.00 0.00 100.00 100.00 -1000 1.42 3.18 4.20 -1000 7.68 -0.21 619.525
car -1 -1 0.00 0.00 0.00 100.00 100.00 -1000 1.47 3.44 4.15 -1000 18.54 -0.21 612.305
car -1 -1 0.00 0.00 0.00 100.00 100.00 -1000 1.53 3.45 -7.33 -1000 36.43 1.57 559.592
car -1 -1 0.00 0.00 0.00 100.00 100.00 -1000 1.55 3.70 -11.34 -1000 45.86 1.50 440.708
car -1 -1 0.00 0.00 0.00 100.00 100.00 -1000 1.54 3.71 3.26 -1000 25.37 -0.16 363.559
car -1 -1 0.00 0.00 0.00 100.00 100.00 -1000 1.52 3.53 4.96 -1000 8.29 -0.41 344.190
car -1 -1 0.00 0.00 0.00 100.00 100.00 -1000 1.58 3.78 4.09 -1000 39.99 1.88 322.523
car -1 -1 0.00 0.00 0.00 100.00 100.00 -1000 1.46 3.26 4.89 -1000 19.07 -0.42 315.384
car -1 -1 0.00 0.00 0.00 100.00 100.00 -1000 1.47 3.42 3.23 -1000 39.50 -0.06 212.344
car -1 -1 0.00 0.00 0.00 100.00 100.00 -1000 2.31 7.34 -5.90 -1000 39.04 1.45 206.021
car -1 -1 0.00 0.00 0.00 100.00 100.00 -1000 1.68 4.21 2.83 -1000 27.88 1.50 196.117
car -1 -1 0.00 0.00 0.00 100.00 100.00 -1000 1.86 5.14 -12.46 -1000 46.43 1.52 176.597
car -1 -1 0.00 0.00 0.00 100.00 100.00 -1000 1.51 3.56 -7.65 -1000 35.69 0.07 174.175
car -1 -1 0.00 0.00 0.00 100.00 100.00 -1000 1.93 5.57 -6.90 -1000 37.29 1.56 169.051
car -1 -1 0.00 0.00 0.00 100.00 100.00 -1000 1.58 4.01 3.19 -1000 28.65 -0.14 117.551
car -1 -1 0.00 0.00 0.00 100.00 100.00 -1000 1.94 5.99 3.76 -1000 19.42 1.58 117.305
car -1 -1 0.00 0.00 0.00 100.00 100.00 -1000 2.13 6.57 -5.77 -1000 37.98 1.48 116.665
car -1 -1 0.00 0.00 0.00 100.00 100.00 -1000 1.71 4.59 -4.88 -1000 36.51 1.60 113.094
car -1 -1 0.00 0.00 0.00 100.00 100.00 -1000 1.54 3.76 4.37 -1000 24.96 0.06 111.578
car -1 -1 0.00 0.00 0.00 100.00 100.00 -1000 1.61 4.02 4.88 -1000 40.61 -0.27 100.276
car -1 -1 0.00 0.00 0.00 100.00 100.00 -1000 1.78 4.72 3.86 -1000 26.13 1.66 97.344
car -1 -1 0.00 0.00 0.00 100.00 100.00 -1000 1.66 4.12 -12.50 -1000 45.14 0.20 95.868
car -1 -1 0.00 0.00 0.00 100.00 100.00 -1000 1.69 4.34 17.14 -1000 37.57 1.47 95.324
car -1 -1 0.00 0.00 0.00 100.00 100.00 -1000 1.61 4.55 -1.51 -1000 27.33 1.53 95.041
car -1 -1 0.00 0.00 0.00 100.00 100.00 -1000 1.75 4.54 -2.71 -1000 46.57 1.49 93.346
car -1 -1 0.00 0.00 0.00 100.00 100.00 -1000 2.24 6.87 -5.61 -1000 40.09 1.48 92.782
car -1 -1 0.00 0.00 0.00 100.00 100.00 -1000 1.67 3.94 3.20 -1000 24.47 1.40 89.019
car -1 -1 0.00 0.00 0.00 100.00 100.00 -1000 2.19 7.07 2.81 -1000 30.16 1.41 87.668
car -1 -1 0.00 0.00 0.00 100.00 100.00 -1000 1.89 5.26 -0.49 -1000 28.31 1.66 85.569
car -1 -1 0.00 0.00 0.00 100.00 100.00 -1000 1.74 5.07 -2.03 -1000 18.32 1.51 85.466
car -1 -1 0.00 0.00 0.00 100.00 100.00 -1000 2.04 5.98 -8.38 -1000 38.13 1.48 83.777
car -1 -1 0.00 0.00 0.00 100.00 100.00 -1000 1.87 5.45 -8.54 -1000 36.94 1.55 81.782
car -1 -1 0.00 0.00 0.00 100.00 100.00 -1000 1.71 4.51 2.54 -1000 40.25 1.51 80.427
car -1 -1 0.00 0.00 0.00 100.00 100.00 -1000 1.82 4.94 2.70 -1000 33.66 1.47 79.197
car -1 -1 0.00 0.00 0.00 100.00 100.00 -1000 1.65 4.25 7.78 -1000 6.93 1.59 78.102
car -1 -1 0.00 0.00 0.00 100.00 100.00 -1000 1.56 3.62 6.08 -1000 7.01 1.59 77.760
car -1 -1 0.00 0.00 0.00 100.00 100.00 -1000 1.73 4.52 -8.68 -1000 36.15 1.54 77.686
car -1 -1 0.00 0.00 0.00 100.00 100.00 -1000 2.10 6.46 4.21 -1000 21.32 1.54 76.470
car -1 -1 0.00 0.00 0.00 100.00 100.00 -1000 2.27 7.32 -8.35 -1000 39.83 1.46 75.268
car -1 -1 0.00 0.00 0.00 100.00 100.00 -1000 2.10 6.19 2.89 -1000 31.37 1.49 70.746
car -1 -1 0.00 0.00 0.00 100.00 100.00 -1000 1.65 4.20 14.48 -1000 37.63 1.48 70.039
car -1 -1 0.00 0.00 0.00 100.00 100.00 -1000 1.63 4.45 -2.10 -1000 25.11 1.59 69.144
car -1 -1 0.00 0.00 0.00 100.00 100.00 -1000 1.85 5.04 15.25 -1000 45.27 1.51 65.852
car -1 -1 0.00 0.00 0.00 100.00 100.00 -1000 2.15 7.84 3.43 -1000 10.05 1.63 65.605
car -1 -1 0.00 0.00 0.00 100.00 100.00 -1000 2.07 6.69 3.60 -1000 9.04 1.59 65.379
car -1 -1 0.00 0.00 0.00 100.00 100.00 -1000 2.00 5.83 -3.52 -1000 45.59 1.43 65.127
car -1 -1 0.00 0.00 0.00 100.00 100.00 -1000 1.57 3.68 19.09 -1000 36.42 -0.01 64.714
car -1 -1 0.00 0.00 0.00 100.00 100.00 -1000 1.87 5.16 16.23 -1000 38.28 1.45 63.939
car -1 -1 0.00 0.00 0.00 100.00 100.00 -1000 1.60 4.12 5.63 -1000 19.60 -0.20 63.307
car -1 -1 0.00 0.00 0.00 100.00 100.00 -1000 1.64 4.02 5.62 -1000 18.32 1.66 63.210
car -1 -1 0.00 0.00 0.00 100.00 100.00 -1000 1.63 4.37 4.06 -1000 7.00 0.34 62.841
car -1 -1 0.00 0.00 0.00 100.00 100.00 -1000 1.75 4.43 -0.31 -1000 26.51 1.56 62.071
car -1 -1 0.00 0.00 0.00 100.00 100.00 -1000 2.06 6.24 -13.51 -1000 47.06 1.65 60.760
car -1 -1 0.00 0.00 0.00 100.00 100.00 -1000 2.16 7.16 -2.05 -1000 29.51 1.42 60.647
car -1 -1 0.00 0.00 0.00 100.00 100.00 -1000 2.11 6.42 5.28 -1000 9.59 1.52 59.005
car -1 -1 0.00 0.00 0.00 100.00 100.00 -1000 2.15 6.88 -9.57 -1000 39.12 1.49 58.838
car -1 -1 0.00 0.00 0.00 100.00 100.00 -1000 1.98 5.92 4.99 -1000 20.51 1.52 57.672
car -1 -1 0.00 0.00 0.00 100.00 100.00 -1000 2.05 6.26 2.34 -1000 41.42 1.47 57.350
car -1 -1 0.00 0.00 0.00 100.00 100.00 -1000 1.71 4.45 5.22 -1000 25.65 1.75 57.187
car -1 -1 0.00 0.00 0.00 100.00 100.00 -1000 2.18 6.97 -3.72 -1000 38.58 1.54 55.816
car -1 -1 0.00 0.00 0.00 100.00 100.00 -1000 2.43 8.52 6.74 -1000 22.05 1.45 54.467
car -1 -1 0.00 0.00 0.00 100.00 100.00 -1000 2.27 7.96 -1.83 -1000 30.59 1.43 54.425
car -1 -1 0.00 0.00 0.00 100.00 100.00 -1000 1.77 4.92 -2.21 -1000 24.28 1.53 54.239
car -1 -1 0.00 0.00 0.00 100.00 100.00 -1000 1.59 4.16 6.48 -1000 7.95 0.03 53.744
car -1 -1 0.00 0.00 0.00 100.00 100.00 -1000 2.21 7.03 -5.49 -1000 44.00 1.39 53.329
car -1 -1 0.00 0.00 0.00 100.00 100.00 -1000 2.02 5.86 3.29 -1000 26.99 1.56 53.085
car -1 -1 0.00 0.00 0.00 100.00 100.00 -1000 1.69 4.78 -1.38 -1000 15.41 1.59 52.764
car -1 -1 0.00 0.00 0.00 100.00 100.00 -1000 1.78 4.89 -5.96 -1000 35.82 1.59 52.570
car -1 -1 0.00 0.00 0.00 100.00 100.00 -1000 2.04 5.94 15.75 -1000 39.16 1.42 52.548
car -1 -1 0.00 0.00 0.00 100.00 100.00 -1000 2.34 9.06 3.52 -1000 11.60 1.56 52.480
car -1 -1 0.00 0.00 0.00 100.00 100.00 -1000 1.69 4.83 -1.31 -1000 17.03 1.59 52.325
car -1 -1 0.00 0.00 0.00 100.00 100.00 -1000 2.32 8.02 -5.85 -1000 42.38 1.44 51.742
car -1 -1 0.00 0.00 0.00 100.00 100.00 -1000 1.72 4.95 -1.40 -1000 13.80 1.63 51.146
car -1 -1 0.00 0.00 0.00 100.00 100.00 -1000 1.64 3.97 4.05 -1000 17.70 1.97 50.441
car -1 -1 0.00 0.00 0.00 100.00 100.00 -1000 1.60 4.15 5.38 -1000 39.45 0.18 50.351
