car -1 -1 0.00 0.00 0.00 100.00 100.00 -1000 1.53 3.34 -4.12 -1000 18.49 1.58 786.867
car -1 -1 0.00 0.00 0.00 100.00 100.00 -1000 1.47 3.27 -1.52 -1000 20.22 1.58 760.845
car -1 -1 0.00 0.00 0.00 100.00 100.00 -1000 1.63 4.02 -2.48 -1000 20.67 1.50 304.537
car -1 -1 0.00 0.00 0.00 100.00 100.00 -1000 1.58 3.34 -2.23 -1000 19.65 1.50 302.754
car -1 -1 0.00 0.00 0.00 100.00 100.00 -1000 1.55 3.62 -4.41 -1000 41.57 1.53 297.333
car -1 -1 0.00 0.00 0.00 100.00 100.00 -1000 1.66 4.15 -4.16 -1000 26.60 1.45 281.981
car -1 -1 0.00 0.00 0.00 100.00 100.00 -1000 1.52 3.74 -3.68 -1000 19.17 -0.03 251.054
car -1 -1 0.00 0.00 0.00 100.00 100.00 -1000 2.10 6.08 -4.18 -1000 20.90 1.50 215.355
car -1 -1 0.00 0.00 0.00 100.00 100.00 -1000 2.40 8.05 5.19 -1000 40.52 1.48 181.885
car -1 -1 0.00 0.00 0.00 100.00 100.00 -1000 1.63 3.89 -4.29 -1000 25.61 1.47 180.721
car -1 -1 0.00 0.00 0.00 100.00 100.00 -1000 1.89 5.21 -4.74 -1000 28.63 1.45 160.081
car -1 -1 0.00 0.00 0.00 100.00 100.00 -1000 1.62 3.95 2.14 -1000 37.54 1.59 156.620
car -1 -1 0.00 0.00 0.00 100.00 100.00 -1000 2.07 6.52 -7.24 -1000 22.08 1.47 153.002
car -1 -1 0.00 0.00 0.00 100.00 100.00 -1000 1.73 4.75 -7.27 -1000 19.12 1.48 143.887
car -1 -1 0.00 0.00 0.00 100.00 100.00 -1000 2.24 7.49 -4.39 -1000 21.77 1.45 143.836
car -1 -1 0.00 0.00 0.00 100.00 100.00 -1000 2.10 6.32 -4.81 -1000 24.66 1.35 138.389
car -1 -1 0.00 0.00 0.00 100.00 100.00 -1000 1.76 4.53 1.93 -1000 39.07 1.53 138.143
car -1 -1 0.00 0.00 0.00 100.00 100.00 -1000 1.87 5.09 -4.36 -1000 27.68 1.43 134.591
car -1 -1 0.00 0.00 0.00 100.00 100.00 -1000 2.10 6.48 2.49 -1000 40.66 1.53 133.390
car -1 -1 0.00 0.00 0.00 100.00 100.00 -1000 1.61 3.85 -4.28 -1000 4.93 1.55 132.587
car -1 -1 0.00 0.00 0.00 100.00 100.00 -1000 1.99 6.11 -7.20 -1000 20.56 1.44 131.285
car -1 -1 0.00 0.00 0.00 100.00 100.00 -1000 1.92 5.35 -5.08 -1000 30.23 1.46 130.400
car -1 -1 0.00 0.00 0.00 100.00 100.00 -1000 1.79 4.87 -4.77 -1000 42.25 1.53 127.131
car -1 -1 0.00 0.00 0.00 100.00 100.00 -1000 1.73 4.49 1.17 -1000 45.14 1.50 126.180
car -1 -1 0.00 0.00 0.00 100.00 100.00 -1000 2.01 5.87 4.11 -1000 39.13 1.54 126.119
car -1 -1 0.00 0.00 0.00 100.00 100.00 -1000 1.60 3.94 0.10 -1000 39.19 1.62 122.700
car -1 -1 0.00 0.00 0.00 100.00 100.00 -1000 1.92 5.40 4.99 -1000 45.69 1.49 114.796
car -1 -1 0.00 0.00 0.00 100.00 100.00 -1000 2.30 7.80 -5.41 -1000 22.93 1.43 111.626
car -1 -1 0.00 0.00 0.00 100.00 100.00 -1000 2.01 6.17 -4.79 -1000 43.06 1.50 103.409
car -1 -1 0.00 0.00 0.00 100.00 100.00 -1000 1.63 4.10 0.06 -1000 44.69 1.59 102.723
car -1 -1 0.00 0.00 0.00 100.00 100.00 -1000 1.66 4.37 2.09 -1000 33.18 1.53 101.402
car -1 -1 0.00 0.00 0.00 100.00 100.00 -1000 1.90 5.34 4.24 -1000 36.79 1.55 99.608
car -1 -1 0.00 0.00 0.00 100.00 100.00 -1000 1.87 5.31 -7.99 -1000 22.90 1.46 96.563
car -1 -1 0.00 0.00 0.00 100.00 100.00 -1000 2.44 8.56 3.95 -1000 41.40 1.48 94.797
car -1 -1 0.00 0.00 0.00 100.00 100.00 -1000 1.61 3.86 -3.75 -1000 29.17 1.59 94.678
car -1 -1 0.00 0.00 0.00 100.00 100.00 -1000 1.84 5.28 4.82 -1000 37.57 1.61 94.435
car -1 -1 0.00 0.00 0.00 100.00 100.00 -1000 1.83 5.19 -5.04 -1000 5.68 1.52 89.484
car -1 -1 0.00 0.00 0.00 100.00 100.00 -1000 2.12 6.68 3.02 -1000 46.36 1.49 86.512
car -1 -1 0.00 0.00 0.00 100.00 100.00 -1000 1.93 5.80 3.49 -1000 34.36 1.60 84.084
car -1 -1 0.00 0.00 0.00 100.00 100.00 -1000 1.78 4.71 2.05 -1000 21.36 1.53 83.628
car -1 -1 0.00 0.00 0.00 100.00 100.00 -1000 1.52 3.79 -0.30 -1000 43.84 0.09 80.345
car -1 -1 0.00 0.00 0.00 100.00 100.00 -1000 2.07 6.35 -1.79 -1000 21.53 1.57 79.831
car -1 -1 0.00 0.00 0.00 100.00 100.00 -1000 1.78 5.30 -5.78 -1000 18.71 1.57 79.758
car -1 -1 0.00 0.00 0.00 100.00 100.00 -1000 2.17 6.53 -2.41 -1000 22.43 1.43 77.465
car -1 -1 0.00 0.00 0.00 100.00 100.00 -1000 1.67 4.28 2.00 -1000 20.05 0.06 76.901
car -1 -1 0.00 0.00 0.00 100.00 100.00 -1000 2.13 6.69 5.30 -1000 35.01 1.48 74.784
car -1 -1 0.00 0.00 0.00 100.00 100.00 -1000 1.65 4.25 -1.80 -1000 34.80 1.59 70.725
car -1 -1 0.00 0.00 0.00 100.00 100.00 -1000 1.83 4.80 2.58 -1000 36.49 1.57 70.146
car -1 -1 0.00 0.00 0.00 100.00 100.00 -1000 2.27 7.22 5.22 -1000 42.20 1.41 70.100
car -1 -1 0.00 0.00 0.00 100.00 100.00 -1000 1.86 5.53 0.23 -1000 35.28 1.64 69.068
car -1 -1 0.00 0.00 0.00 100.00 100.00 -1000 2.05 5.97 4.91 -1000 46.67 1.50 68.587
car -1 -1 0.00 0.00 0.00 100.00 100.00 -1000 1.69 4.35 -4.54 -1000 19.73 0.17 68.467
car -1 -1 0.00 0.00 0.00 100.00 100.00 -1000 1.56 3.84 -2.11 -1000 39.36 1.50 68.004
car -1 -1 0.00 0.00 0.00 100.00 100.00 -1000 2.03 5.95 4.23 -1000 35.88 1.49 66.578
car -1 -1 0.00 0.00 0.00 100.00 100.00 -1000 2.22 7.37 4.62 -1000 43.14 1.47 66.525
car -1 -1 0.00 0.00 0.00 100.00 100.00 -1000 1.62 4.07 -3.01 -1000 29.96 1.67 65.466
car -1 -1 0.00 0.00 0.00 100.00 100.00 -1000 1.75 4.67 0.53 -1000 40.42 1.57 64.265
car -1 -1 0.00 0.00 0.00 100.00 100.00 -1000 1.83 5.11 3.48 -1000 45.28 1.53 63.531
car -1 -1 0.00 0.00 0.00 100.00 100.00 -1000 1.87 5.40 -7.12 -1000 29.43 1.42 63.124
car -1 -1 0.00 0.00 0.00 100.00 100.00 -1000 1.83 4.75 -3.07 -1000 23.19 1.42 62.203
car -1 -1 0.00 0.00 0.00 100.00 100.00 -1000 1.92 5.36 5.50 -1000 44.74 1.40 61.356
car -1 -1 0.00 0.00 0.00 100.00 100.00 -1000 1.63 4.15 -6.26 -1000 41.57 0.20 61.207
car -1 -1 0.00 0.00 0.00 100.00 100.00 -1000 1.62 4.09 2.04 -1000 43.61 0.13 60.121
car -1 -1 0.00 0.00 0.00 100.00 100.00 -1000 1.68 4.50 -1.95 -1000 36.45 1.57 59.095
car -1 -1 0.00 0.00 0.00 100.00 100.00 -1000 1.63 4.03 -5.54 -1000 40.83 0.20 58.484
car -1 -1 0.00 0.00 0.00 100.00 100.00 -1000 1.64 4.27 2.11 -1000 44.53 1.56 58.204
car -1 -1 0.00 0.00 0.00 100.00 100.00 -1000 1.72 4.54 -2.11 -1000 33.97 1.57 58.057
car -1 -1 0.00 0.00 0.00 100.00 100.00 -1000 1.52 3.42 -3.69 -1000 24.88 1.43 58.031
car -1 -1 0.00 0.00 0.00 100.00 100.00 -1000 2.01 6.20 5.21 -1000 32.38 1.56 58.005
car -1 -1 0.00 0.00 0.00 100.00 100.00 -1000 2.18 7.17 -4.37 -1000 43.96 1.48 57.871
car -1 -1 0.00 0.00 0.00 100.00 100.00 -1000 1.62 4.22 -2.47 -1000 38.54 1.44 57.418
car -1 -1 0.00 0.00 0.00 100.00 100.00 -1000 1.90 5.50 -8.14 -1000 19.79 1.41 56.738
car -1 -1 0.00 0.00 0.00 100.00 100.00 -1000 1.81 5.06 -6.54 -1000 42.40 1.53 56.633
car -1 -1 0.00 0.00 0.00 100.00 100.00 -1000 1.72 4.51 -2.52 -1000 30.73 1.61 56.489
car -1 -1 0.00 0.00 0.00 100.00 100.00 -1000 2.00 6.04 4.61 -1000 33.45 1.50 55.274
car -1 -1 0.00 0.00 0.00 100.00 100.00 -1000 1.75 4.61 2.34 -1000 26.38 1.45 54.784
car -1 -1 0.00 0.00 0.00 100.00 100.00 -1000 1.57 3.65 -4.73 -1000 40.04 0.06 54.716
car -1 -1 0.00 0.00 0.00 100.00 100.00 -1000 1.72 4.48 0.71 -1000 38.46 1.59 52.684
car -1 -1 0.00 0.00 0.00 100.00 100.00 -1000 1.75 4.91 -7.05 -1000 18.11 1.50 52.324
car -1 -1 0.00 0.00 0.00 100.00 100.00 -1000 1.91 5.70 -1.68 -1000 44.84 1.49 51.885
car -1 -1 0.00 0.00 0.00 100.00 100.00 -1000 2.25 7.72 -5.71 -1000 44.71 1.49 51.220
car -1 -1 0.00 0.00 0.00 100.00 100.00 -1000 1.69 4.45 -3.17 -1000 40.97 1.53 50.849
car -1 -1 0.00 0.00 0.00 100.00 100.00 -1000 2.17 7.34 -5.24 -1000 6.78 1.48 50.168
