car -1 -1 0.00 0.00 0.00 100.00 100.00 -1000 1.50 3.20 -7.80 -1000 17.70 1.57 698.434
car -1 -1 0.00 0.00 0.00 100.00 100.00 -1000 1.50 3.40 -10.41 -1000 18.02 1.62 451.857
car -1 -1 0.00 0.00 0.00 100.00 100.00 -1000 1.55 3.78 -12.24 -1000 24.07 0.28 228.831
car -1 -1 0.00 0.00 0.00 100.00 100.00 -1000 1.57 3.78 -13.41 -1000 24.52 0.19 168.140
car -1 -1 0.00 0.00 0.00 100.00 100.00 -1000 1.77 4.91 -17.14 -1000 21.47 1.42 166.196
car -1 -1 0.00 0.00 0.00 100.00 100.00 -1000 1.63 3.99 -4.01 -1000 27.38 -0.06 162.753
car -1 -1 0.00 0.00 0.00 100.00 100.00 -1000 2.06 6.14 -10.73 -1000 20.11 1.50 150.001
car -1 -1 0.00 0.00 0.00 100.00 100.00 -1000 1.49 3.59 -11.09 -1000 23.71 0.33 147.338
car -1 -1 0.00 0.00 0.00 100.00 100.00 -1000 1.88 5.60 -10.80 -1000 18.73 1.49 140.490
car -1 -1 0.00 0.00 0.00 100.00 100.00 -1000 1.64 4.34 -4.17 -1000 23.03 0.05 137.612
car -1 -1 0.00 0.00 0.00 100.00 100.00 -1000 1.63 4.03 -5.58 -1000 23.44 0.07 135.180
car -1 -1 0.00 0.00 0.00 100.00 100.00 -1000 1.61 4.13 -8.74 -1000 17.03 0.23 126.580
car -1 -1 0.00 0.00 0.00 100.00 100.00 -1000 2.20 7.17 -5.45 -1000 30.25 1.51 124.073
car -1 -1 0.00 0.00 0.00 100.00 100.00 -1000 1.71 4.41 5.61 -1000 15.03 1.55 121.374
car -1 -1 0.00 0.00 0.00 100.00 100.00 -1000 2.16 6.97 -6.64 -1000 30.98 1.51 120.563
car -1 -1 0.00 0.00 0.00 100.00 100.00 -1000 1.65 4.05 -3.15 -1000 22.26 1.58 118.635
car -1 -1 0.00 0.00 0.00 100.00 100.00 -1000 1.64 3.97 -12.12 -1000 28.19 0.03 113.308
car -1 -1 0.00 0.00 0.00 100.00 100.00 -1000 1.57 4.01 -1.56 -1000 21.89 1.54 112.581
car -1 -1 0.00 0.00 0.00 100.00 100.00 -1000 1.74 4.43 -5.65 -1000 27.67 -0.12 107.139
car -1 -1 0.00 0.00 0.00 100.00 100.00 -1000 2.00 6.04 -11.89 -1000 31.08 1.53 106.967
car -1 -1 0.00 0.00 0.00 100.00 100.00 -1000 1.49 3.53 -10.45 -1000 17.13 0.20 96.999
car -1 -1 0.00 0.00 0.00 100.00 100.00 -1000 2.22 7.46 -12.50 -1000 20.89 1.46 84.781
car -1 -1 0.00 0.00 0.00 100.00 100.00 -1000 2.10 6.53 -9.49 -1000 30.74 1.51 81.339
car -1 -1 0.00 0.00 0.00 100.00 100.00 -1000 1.72 4.60 -0.52 -1000 3.16 1.50 81.119
car -1 -1 0.00 0.00 0.00 100.00 100.00 -1000 1.68 4.04 5.02 -1000 26.89 -0.11 79.911
car -1 -1 0.00 0.00 0.00 100.00 100.00 -1000 1.77 4.48 3.57 -1000 14.97 1.53 79.448
car -1 -1 0.00 0.00 0.00 100.00 100.00 -1000 2.20 7.31 -2.44 -1000 30.17 1.50 79.022
car -1 -1 0.00 0.00 0.00 100.00 100.00 -1000 2.18 7.12 -15.60 -1000 36.75 1.34 78.895
car -1 -1 0.00 0.00 0.00 100.00 100.00 -1000 2.31 7.83 -8.36 -1000 31.69 1.45 78.019
car -1 -1 0.00 0.00 0.00 100.00 100.00 -1000 1.78 4.68 0.25 -1000 22.55 1.61 77.583
car -1 -1 0.00 0.00 0.00 100.00 100.00 -1000 1.61 3.95 -11.11 -1000 24.57 1.61 76.256
car -1 -1 0.00 0.00 0.00 100.00 100.00 -1000 1.80 4.77 -16.30 -1000 19.05 1.23 75.733
car -1 -1 0.00 0.00 0.00 100.00 100.00 -1000 1.97 5.60 -15.69 -1000 33.79 -0.01 75.208
car -1 -1 0.00 0.00 0.00 100.00 100.00 -1000 2.10 6.64 -12.05 -1000 32.16 1.50 74.675
car -1 -1 0.00 0.00 0.00 100.00 100.00 -1000 1.66 4.28 7.65 -1000 3.71 1.71 74.651
car -1 -1 0.00 0.00 0.00 100.00 100.00 -1000 1.94 5.55 -16.27 -1000 29.59 1.35 74.519
car -1 -1 0.00 0.00 0.00 100.00 100.00 -1000 2.05 6.10 -5.26 -1000 29.06 1.44 73.882
car -1 -1 0.00 0.00 0.00 100.00 100.00 -1000 1.77 4.66 -2.76 -1000 27.86 1.65 72.583
car -1 -1 0.00 0.00 0.00 100.00 100.00 -1000 1.60 4.05 -15.08 -1000 24.83 0.21 72.123
car -1 -1 0.00 0.00 0.00 100.00 100.00 -1000 2.10 6.93 -15.55 -1000 35.51 1.37 71.255
car -1 -1 0.00 0.00 0.00 100.00 100.00 -1000 1.80 4.91 6.27 -1000 16.07 1.42 70.001
car -1 -1 0.00 0.00 0.00 100.00 100.00 -1000 2.23 7.16 -16.02 -1000 31.92 1.43 69.075
car -1 -1 0.00 0.00 0.00 100.00 100.00 -1000 1.67 4.30 -5.03 -1000 26.92 -0.06 67.221
car -1 -1 0.00 0.00 0.00 100.00 100.00 -1000 1.94 5.64 -15.95 -1000 34.70 1.32 66.894
car -1 -1 0.00 0.00 0.00 100.00 100.00 -1000 2.01 5.86 -3.44 -1000 28.62 1.46 66.623
car -1 -1 0.00 0.00 0.00 100.00 100.00 -1000 1.96 5.72 -15.73 -1000 28.66 -0.13 66.421
car -1 -1 0.00 0.00 0.00 100.00 100.00 -1000 1.67 4.26 -13.39 -1000 27.82 -0.02 66.042
car -1 -1 0.00 0.00 0.00 100.00 100.00 -1000 2.26 7.81 -15.59 -1000 37.83 1.32 63.977
car -1 -1 0.00 0.00 0.00 100.00 100.00 -1000 1.70 4.42 -16.48 -1000 20.35 1.41 63.878
car -1 -1 0.00 0.00 0.00 100.00 100.00 -1000 1.78 4.58 -7.28 -1000 28.10 0.04 62.994
car -1 -1 0.00 0.00 0.00 100.00 100.00 -1000 1.64 4.22 -6.84 -1000 23.07 0.24 60.481
car -1 -1 0.00 0.00 0.00 100.00 100.00 -1000 1.74 4.60 2.07 -1000 23.03 -0.17 59.832
car -1 -1 0.00 0.00 0.00 100.00 100.00 -1000 1.60 4.22 -3.68 -1000 23.85 -0.04 58.889
car -1 -1 0.00 0.00 0.00 100.00 100.00 -1000 2.27 7.81 -8.01 -1000 19.93 1.52 58.704
car -1 -1 0.00 0.00 0.00 100.00 100.00 -1000 1.88 5.30 -0.51 -1000 24.63 1.54 58.332
car -1 -1 0.00 0.00 0.00 100.00 100.00 -1000 2.01 6.16 -12.88 -1000 30.31 1.54 57.589
car -1 -1 0.00 0.00 0.00 100.00 100.00 -1000 1.83 4.96 -12.74 -1000 29.50 1.45 56.700
car -1 -1 0.00 0.00 0.00 100.00 100.00 -1000 2.41 8.58 -9.72 -1000 32.56 1.44 56.121
car -1 -1 0.00 0.00 0.00 100.00 100.00 -1000 2.11 6.70 -12.45 -1000 33.42 1.47 55.146
car -1 -1 0.00 0.00 0.00 100.00 100.00 -1000 1.76 4.76 2.81 -1000 15.85 1.58 55.132
car -1 -1 0.00 0.00 0.00 100.00 100.00 -1000 1.90 5.76 -15.95 -1000 27.19 1.54 54.784
car -1 -1 0.00 0.00 0.00 100.00 100.00 -1000 1.82 4.69 0.30 -1000 23.78 1.52 54.570
car -1 -1 0.00 0.00 0.00 100.00 100.00 -1000 2.14 6.86 -7.57 -1000 29.89 1.50 53.746
car -1 -1 0.00 0.00 0.00 100.00 100.00 -1000 1.95 5.52 0.52 -1000 27.04 1.45 53.434
car -1 -1 0.00 0.00 0.00 100.00 100.00 -1000 1.75 4.88 -2.91 -1000 25.61 1.58 52.340
car -1 -1 0.00 0.00 0.00 100.00 100.00 -1000 1.73 4.41 4.49 -1000 14.32 1.55 52.300
car -1 -1 0.00 0.00 0.00 100.00 100.00 -1000 1.69 4.21 -10.10 -1000 28.19 -0.05 52.094
car -1 -1 0.00 0.00 0.00 100.00 100.00 -1000 1.94 5.55 -0.57 -1000 2.38 1.46 51.934
car -1 -1 0.00 0.00 0.00 100.00 100.00 -1000 1.58 4.02 -3.77 -1000 26.58 0.06 51.054
car -1 -1 0.00 0.00 0.00 100.00 100.00 -1000 1.84 5.37 -0.43 -1000 21.12 1.65 50.766
