car -1 -1 0.00 0.00 0.00 100.00 100.00 -1000 1.61 3.85 0.13 -1000 7.06 1.50 833.968
car -1 -1 0.00 0.00 0.00 100.00 100.00 -1000 1.51 3.53 -11.83 -1000 38.58 0.07 583.201
car -1 -1 0.00 0.00 0.00 100.00 100.00 -1000 1.44 3.25 -13.34 -1000 33.52 -0.01 324.642
car -1 -1 0.00 0.00 0.00 100.00 100.00 -1000 1.67 4.54 -15.54 -1000 33.78 0.23 230.934
car -1 -1 0.00 0.00 0.00 100.00 100.00 -1000 1.57 3.84 -12.88 -1000 34.20 1.63 190.253
car -1 -1 0.00 0.00 0.00 100.00 100.00 -1000 1.82 5.02 -16.05 -1000 34.74 1.41 171.321
car -1 -1 0.00 0.00 0.00 100.00 100.00 -1000 2.20 6.86 -8.13 -1000 41.51 1.52 148.592
car -1 -1 0.00 0.00 0.00 100.00 100.00 -1000 1.60 3.86 -7.28 -1000 42.39 -0.26 144.840
car -1 -1 0.00 0.00 0.00 100.00 100.00 -1000 1.65 4.10 -12.96 -1000 39.05 0.12 140.442
car -1 -1 0.00 0.00 0.00 100.00 100.00 -1000 1.54 3.58 16.22 -1000 44.45 0.22 129.532
car -1 -1 0.00 0.00 0.00 100.00 100.00 -1000 2.16 6.55 -6.97 -1000 44.83 1.43 122.752
car -1 -1 0.00 0.00 0.00 100.00 100.00 -1000 1.87 5.12 7.83 -1000 39.15 1.63 120.331
car -1 -1 0.00 0.00 0.00 100.00 100.00 -1000 2.27 7.72 -11.79 -1000 42.26 1.53 113.076
car -1 -1 0.00 0.00 0.00 100.00 100.00 -1000 1.79 5.02 -9.43 -1000 39.65 1.58 105.795
car -1 -1 0.00 0.00 0.00 100.00 100.00 -1000 1.97 5.50 2.33 -1000 9.25 1.61 99.153
car -1 -1 0.00 0.00 0.00 100.00 100.00 -1000 1.99 5.72 -12.29 -1000 41.19 1.46 97.678
car -1 -1 0.00 0.00 0.00 100.00 100.00 -1000 1.57 3.86 16.01 -1000 41.00 0.15 95.992
car -1 -1 0.00 0.00 0.00 100.00 100.00 -1000 1.64 4.03 -7.04 -1000 46.79 0.20 94.721
car -1 -1 0.00 0.00 0.00 100.00 100.00 -1000 1.71 4.98 -12.39 -1000 27.96 1.59 90.890
car -1 -1 0.00 0.00 0.00 100.00 100.00 -1000 1.90 5.21 3.59 -1000 45.69 1.43 89.980
car -1 -1 0.00 0.00 0.00 100.00 100.00 -1000 1.87 5.10 -12.34 -1000 39.74 1.62 89.915
car -1 -1 0.00 0.00 0.00 100.00 100.00 -1000 2.20 6.83 8.04 -1000 45.56 1.45 89.352
car -1 -1 0.00 0.00 0.00 100.00 100.00 -1000 2.26 7.33 7.71 -1000 42.33 1.46 86.419
car -1 -1 0.00 0.00 0.00 100.00 100.00 -1000 1.59 3.92 -15.48 -1000 32.86 1.28 83.654
car -1 -1 0.00 0.00 0.00 100.00 100.00 -1000 2.19 6.86 -9.14 -1000 42.57 1.44 78.008
car -1 -1 0.00 0.00 0.00 100.00 100.00 -1000 1.68 4.22 16.19 -1000 45.38 1.62 77.286
car -1 -1 0.00 0.00 0.00 100.00 100.00 -1000 1.69 4.29 9.88 -1000 39.34 1.53 76.555
car -1 -1 0.00 0.00 0.00 100.00 100.00 -1000 1.65 4.11 -6.29 -1000 41.85 -0.17 75.326
car -1 -1 0.00 0.00 0.00 100.00 100.00 -1000 1.91 5.28 8.63 -1000 39.91 1.59 74.106
car -1 -1 0.00 0.00 0.00 100.00 100.00 -1000 2.08 6.42 -6.95 -1000 39.97 1.43 73.963
car -1 -1 0.00 0.00 0.00 100.00 100.00 -1000 1.85 5.10 12.26 -1000 40.75 1.53 73.488
car -1 -1 0.00 0.00 0.00 100.00 100.00 -1000 1.83 5.31 6.96 -1000 38.46 1.57 73.202
car -1 -1 0.00 0.00 0.00 100.00 100.00 -1000 2.27 7.20 8.24 -1000 43.89 1.45 72.159
car -1 -1 0.00 0.00 0.00 100.00 100.00 -1000 2.03 6.14 6.36 -1000 44.78 1.42 71.205
car -1 -1 0.00 0.00 0.00 100.00 100.00 -1000 1.59 3.91 -13.85 -1000 38.53 0.12 70.362
car -1 -1 0.00 0.00 0.00 100.00 100.00 -1000 1.68 4.14 -13.04 -1000 30.58 1.61 69.050
car -1 -1 0.00 0.00 0.00 100.00 100.00 -1000 1.91 5.28 -6.73 -1000 43.05 1.63 68.698
car -1 -1 0.00 0.00 0.00 100.00 100.00 -1000 2.34 7.59 10.37 -1000 43.12 1.40 66.903
car -1 -1 0.00 0.00 0.00 100.00 100.00 -1000 2.26 7.34 5.83 -1000 46.33 1.46 66.367
car -1 -1 0.00 0.00 0.00 100.00 100.00 -1000 1.61 4.04 -6.66 -1000 46.02 -0.05 66.092
car -1 -1 0.00 0.00 0.00 100.00 100.00 -1000 1.72 4.66 -15.16 -1000 24.31 1.37 65.535
car -1 -1 0.00 0.00 0.00 100.00 100.00 -1000 1.65 4.06 13.11 -1000 45.78 0.15 64.442
car -1 -1 0.00 0.00 0.00 100.00 100.00 -1000 1.72 4.57 -10.87 -1000 39.22 1.51 64.053
car -1 -1 0.00 0.00 0.00 100.00 100.00 -1000 1.92 5.40 2.31 -1000 46.30 1.46 63.032
car -1 -1 0.00 0.00 0.00 100.00 100.00 -1000 2.15 6.60 0.23 -1000 9.96 1.42 61.483
car -1 -1 0.00 0.00 0.00 100.00 100.00 -1000 1.68 4.24 13.66 -1000 40.14 1.49 60.146
car -1 -1 0.00 0.00 0.00 100.00 100.00 -1000 1.72 4.59 -15.30 -1000 29.62 1.39 60.100
car -1 -1 0.00 0.00 0.00 100.00 100.00 -1000 1.74 4.76 -15.18 -1000 21.89 1.35 59.549
car -1 -1 0.00 0.00 0.00 100.00 100.00 -1000 2.25 7.77 -15.54 -1000 35.82 1.38 58.759
car -1 -1 0.00 0.00 0.00 100.00 100.00 -1000 1.82 4.99 11.80 -1000 39.75 1.54 57.570
car -1 -1 0.00 0.00 0.00 100.00 100.00 -1000 1.69 4.58 -14.95 -1000 25.60 1.39 57.191
car -1 -1 0.00 0.00 0.00 100.00 100.00 -1000 1.93 5.39 12.15 -1000 46.47 1.40 55.949
car -1 -1 0.00 0.00 0.00 100.00 100.00 -1000 1.98 5.88 3.33 -1000 8.51 1.66 55.358
car -1 -1 0.00 0.00 0.00 100.00 100.00 -1000 2.30 7.70 -10.16 -1000 40.79 1.52 55.220
car -1 -1 0.00 0.00 0.00 100.00 100.00 -1000 1.70 4.91 -2.06 -1000 7.52 1.75 55.161
car -1 -1 0.00 0.00 0.00 100.00 100.00 -1000 1.98 5.67 10.19 -1000 41.16 1.53 54.756
car -1 -1 0.00 0.00 0.00 100.00 100.00 -1000 1.65 4.18 -15.08 -1000 30.44 1.36 54.610
car -1 -1 0.00 0.00 0.00 100.00 100.00 -1000 2.26 8.08 -15.37 -1000 41.92 1.36 54.551
car -1 -1 0.00 0.00 0.00 100.00 100.00 -1000 1.64 3.99 -8.87 -1000 36.94 1.43 54.149
car -1 -1 0.00 0.00 0.00 100.00 100.00 -1000 1.77 5.26 -12.69 -1000 23.13 1.54 54.139
car -1 -1 0.00 0.00 0.00 100.00 100.00 -1000 1.95 5.68 -13.68 -1000 34.75 1.53 53.767
car -1 -1 0.00 0.00 0.00 100.00 100.00 -1000 1.76 5.09 -8.05 -1000 32.16 1.56 53.690
car -1 -1 0.00 0.00 0.00 100.00 100.00 -1000 1.94 5.49 -13.17 -1000 40.42 1.46 52.095
car -1 -1 0.00 0.00 0.00 100.00 100.00 -1000 1.67 4.13 6.51 -1000 26.60 0.07 51.335
car -1 -1 0.00 0.00 0.00 100.00 100.00 -1000 2.04 6.17 5.96 -1000 42.78 1.46 50.615
car -1 -1 0.00 0.00 0.00 100.00 100.00 -1000 2.02 5.92 3.72 -1000 43.62 1.41 50.554
car -1 -1 0.00 0.00 0.00 100.00 100.00 -1000 1.80 5.48 1.20 -1000 7.54 1.82 50.368
