car -1 -1 0.00 0.00 0.00 100.00 100.00 -1000 1.68 4.22 -17.05 -1000 28.14 1.40 686.078
car -1 -1 0.00 0.00 0.00 100.00 100.00 -1000 2.43 7.89 -5.53 -1000 44.38 1.47 474.360
car -1 -1 0.00 0.00 0.00 100.00 100.00 -1000 2.31 7.26 -6.15 -1000 40.64 1.50 443.115
car -1 -1 0.00 0.00 0.00 100.00 100.00 -1000 2.22 6.73 -4.85 -1000 39.04 1.55 425.119
car -1 -1 0.00 0.00 0.00 100.00 100.00 -1000 2.25 7.03 -6.29 -1000 43.09 1.51 398.250
car -1 -1 0.00 0.00 0.00 100.00 100.00 -1000 2.45 7.97 -5.81 -1000 46.19 1.46 384.708
car -1 -1 0.00 0.00 0.00 100.00 100.00 -1000 2.33 7.43 -6.05 -1000 38.24 1.49 363.073
car -1 -1 0.00 0.00 0.00 100.00 100.00 -1000 1.82 4.76 3.05 -1000 45.52 1.63 342.609
car -1 -1 0.00 0.00 0.00 100.00 100.00 -1000 2.39 7.79 -5.28 -1000 42.25 1.48 336.793
car -1 -1 0.00 0.00 0.00 100.00 100.00 -1000 2.23 6.91 -6.17 -1000 37.14 1.46 277.477
car -1 -1 0.00 0.00 0.00 100.00 100.00 -1000 1.81 4.82 3.52 -1000 44.48 1.48 275.673
car -1 -1 0.00 0.00 0.00 100.00 100.00 -1000 2.30 7.08 3.72 -1000 42.19 1.45 272.517
car -1 -1 0.00 0.00 0.00 100.00 100.00 -1000 2.35 7.70 -6.99 -1000 39.55 1.49 258.355
car -1 -1 0.00 0.00 0.00 100.00 100.00 -1000 2.14 6.54 -7.57 -1000 44.01 1.45 248.895
car -1 -1 0.00 0.00 0.00 100.00 100.00 -1000 1.92 5.25 -3.03 -1000 44.79 1.54 240.484
car -1 -1 0.00 0.00 0.00 100.00 100.00 -1000 2.14 6.50 -3.56 -1000 38.31 1.46 239.336
car -1 -1 0.00 0.00 0.00 100.00 100.00 -1000 2.25 7.09 2.95 -1000 38.30 1.52 239.108
car -1 -1 0.00 0.00 0.00 100.00 100.00 -1000 2.43 7.99 -4.03 -1000 40.21 1.42 225.158
car -1 -1 0.00 0.00 0.00 100.00 100.00 -1000 2.09 6.20 2.75 -1000 40.75 1.51 210.544
car -1 -1 0.00 0.00 0.00 100.00 100.00 -1000 1.89 5.20 -3.35 -1000 43.70 1.54 207.403
car -1 -1 0.00 0.00 0.00 100.00 100.00 -1000 2.16 6.46 -4.16 -1000 45.41 1.51 206.016
car -1 -1 0.00 0.00 0.00 100.00 100.00 -1000 2.22 6.78 -7.11 -1000 41.77 1.51 197.102
car -1 -1 0.00 0.00 0.00 100.00 100.00 -1000 2.36 7.93 3.48 -1000 46.18 1.60 186.398
car -1 -1 0.00 0.00 0.00 100.00 100.00 -1000 2.42 7.82 3.61 -1000 37.37 1.48 185.853
car -1 -1 0.00 0.00 0.00 100.00 100.00 -1000 2.50 8.48 4.35 -1000 39.84 1.51 183.998
car -1 -1 0.00 0.00 0.00 100.00 100.00 -1000 2.45 8.05 -4.23 -1000 41.35 1.41 182.152
car -1 -1 0.00 0.00 0.00 100.00 100.00 -1000 2.06 6.05 4.05 -1000 43.59 1.44 179.061
car -1 -1 0.00 0.00 0.00 100.00 100.00 -1000 2.09 6.30 -4.09 -1000 36.65 1.41 170.074
car -1 -1 0.00 0.00 0.00 100.00 100.00 -1000 2.16 6.45 2.85 -1000 36.36 1.59 164.958
car -1 -1 0.00 0.00 0.00 100.00 100.00 -1000 2.06 6.27 -12.60 -1000 45.14 1.52 164.713
car -1 -1 0.00 0.00 0.00 100.00 100.00 -1000 2.16 6.56 5.12 -1000 41.41 1.45 160.996
car -1 -1 0.00 0.00 0.00 100.00 100.00 -1000 2.06 6.13 -17.18 -1000 29.02 1.31 155.426
car -1 -1 0.00 0.00 0.00 100.00 100.00 -1000 2.31 7.40 -8.83 -1000 41.04 1.43 154.022
car -1 -1 0.00 0.00 0.00 100.00 100.00 -1000 1.95 5.47 16.06 -1000 32.61 1.56 153.813
car -1 -1 0.00 0.00 0.00 100.00 100.00 -1000 2.11 6.21 -3.45 -1000 47.08 1.46 151.722
car -1 -1 0.00 0.00 0.00 100.00 100.00 -1000 2.15 6.49 -6.41 -1000 35.09 1.46 150.509
car -1 -1 0.00 0.00 0.00 100.00 100.00 -1000 2.08 6.05 3.01 -1000 34.99 1.45 149.097
car -1 -1 0.00 0.00 0.00 100.00 100.00 -1000 1.87 5.22 -3.46 -1000 34.35 1.42 140.482
car -1 -1 0.00 0.00 0.00 100.00 100.00 -1000 2.20 6.71 -5.26 -1000 35.80 1.59 136.844
car -1 -1 0.00 0.00 0.00 100.00 100.00 -1000 2.23 6.84 2.18 -1000 47.10 1.54 133.065
car -1 -1 0.00 0.00 0.00 100.00 100.00 -1000 2.39 8.07 6.78 -1000 43.10 1.54 125.216
car -1 -1 0.00 0.00 0.00 100.00 100.00 -1000 1.85 5.09 16.56 -1000 31.60 1.54 124.891
car -1 -1 0.00 0.00 0.00 100.00 100.00 -1000 2.34 7.96 -9.91 -1000 45.51 1.48 120.052
car -1 -1 0.00 0.00 0.00 100.00 100.00 -1000 2.40 8.09 5.82 -1000 45.39 1.47 118.649
car -1 -1 0.00 0.00 0.00 100.00 100.00 -1000 1.89 5.46 -12.19 -1000 42.45 1.48 115.050
car -1 -1 0.00 0.00 0.00 100.00 100.00 -1000 2.31 7.61 -16.99 -1000 30.17 1.26 106.693
car -1 -1 0.00 0.00 0.00 100.00 100.00 -1000 2.06 6.41 -3.43 -1000 42.71 1.47 106.256
car -1 -1 0.00 0.00 0.00 100.00 100.00 -1000 2.09 6.51 2.83 -1000 33.94 1.47 105.829
car -1 -1 0.00 0.00 0.00 100.00 100.00 -1000 2.31 8.16 -7.33 -1000 45.15 1.54 105.014
car -1 -1 0.00 0.00 0.00 100.00 100.00 -1000 1.86 5.11 0.64 -1000 39.52 1.57 103.173
car -1 -1 0.00 0.00 0.00 100.00 100.00 -1000 1.68 4.83 -3.11 -1000 25.84 1.45 100.478
car -1 -1 0.00 0.00 0.00 100.00 100.00 -1000 2.41 8.58 -16.35 -1000 31.36 1.36 100.404
car -1 -1 0.00 0.00 0.00 100.00 100.00 -1000 1.44 3.54 -0.61 -1000 44.64 -0.27 98.109
car -1 -1 0.00 0.00 0.00 100.00 100.00 -1000 2.13 6.62 -2.67 -1000 35.12 1.41 97.174
car -1 -1 0.00 0.00 0.00 100.00 100.00 -1000 2.28 7.31 6.92 -1000 42.00 1.51 95.882
car -1 -1 0.00 0.00 0.00 100.00 100.00 -1000 2.20 7.17 7.10 -1000 40.32 1.52 93.391
car -1 -1 0.00 0.00 0.00 100.00 100.00 -1000 2.19 6.64 -1.91 -1000 39.11 1.56 88.868
car -1 -1 0.00 0.00 0.00 100.00 100.00 -1000 1.72 4.32 -16.71 -1000 26.87 1.43 85.331
car -1 -1 0.00 0.00 0.00 100.00 100.00 -1000 2.05 6.15 -5.24 -1000 34.00 1.49 84.999
car -1 -1 0.00 0.00 0.00 100.00 100.00 -1000 2.08 6.32 -9.63 -1000 44.42 1.47 84.715
car -1 -1 0.00 0.00 0.00 100.00 100.00 -1000 2.11 6.43 -7.06 -1000 36.22 1.51 84.312
car -1 -1 0.00 0.00 0.00 100.00 100.00 -1000 1.99 5.84 -12.50 -1000 44.04 1.44 81.114
car -1 -1 0.00 0.00 0.00 100.00 100.00 -1000 2.07 6.11 -1.57 -1000 46.29 1.52 80.249
car -1 -1 0.00 0.00 0.00 100.00 100.00 -1000 1.69 4.33 0.34 -1000 45.09 -0.35 79.527
car -1 -1 0.00 0.00 0.00 100.00 100.00 -1000 2.26 7.56 6.48 -1000 44.29 1.57 76.906
car -1 -1 0.00 0.00 0.00 100.00 100.00 -1000 2.34 7.65 -12.01 -1000 46.14 1.39 76.640
car -1 -1 0.00 0.00 0.00 100.00 100.00 -1000 2.17 6.72 -6.02 -1000 47.41 1.36 75.574
car -1 -1 0.00 0.00 0.00 100.00 100.00 -1000 2.10 6.40 -8.25 -1000 42.75 1.54 74.717
car -1 -1 0.00 0.00 0.00 100.00 100.00 -1000 2.15 6.66 3.15 -1000 32.69 1.50 73.327
car -1 -1 0.00 0.00 0.00 100.00 100.00 -1000 2.29 7.42 5.37 -1000 38.97 1.45 73.279
car -1 -1 0.00 0.00 0.00 100.00 100.00 -1000 1.95 5.63 -10.40 -1000 43.16 1.43 72.031
car -1 -1 0.00 0.00 0.00 100.00 100.00 -1000 1.67 4.49 -3.29 -1000 31.17 1.42 71.464
car -1 -1 0.00 0.00 0.00 100.00 100.00 -1000 1.94 5.51 -11.39 -1000 41.55 1.48 70.112
car -1 -1 0.00 0.00 0.00 100.00 100.00 -1000 2.08 6.10 3.12 -1000 31.52 1.55 69.457
car -1 -1 0.00 0.00 0.00 100.00 100.00 -1000 1.73 4.85 -2.48 -1000 33.13 1.52 68.340
car -1 -1 0.00 0.00 0.00 100.00 100.00 -1000 1.79 5.11 0.49 -1000 34.81 1.62 66.800
car -1 -1 0.00 0.00 0.00 100.00 100.00 -1000 2.19 7.38 -9.48 -1000 40.01 1.43 65.553
car -1 -1 0.00 0.00 0.00 100.00 100.00 -1000 2.26 7.33 14.45 -1000 34.24 1.46 63.728
car -1 -1 0.00 0.00 0.00 100.00 100.00 -1000 1.75 4.49 -2.50 -1000 29.22 1.52 63.114
car -1 -1 0.00 0.00 0.00 100.00 100.00 -1000 2.27 7.45 -8.35 -1000 38.74 1.45 62.170
car -1 -1 0.00 0.00 0.00 100.00 100.00 -1000 1.64 4.66 -1.78 -1000 25.07 1.58 60.605
car -1 -1 0.00 0.00 0.00 100.00 100.00 -1000 1.80 5.87 -2.17 -1000 23.46 1.50 59.875
car -1 -1 0.00 0.00 0.00 100.00 100.00 -1000 1.66 4.76 -3.14 -1000 27.89 1.48 58.972
car -1 -1 0.00 0.00 0.00 100.00 100.00 -1000 1.82 4.89 -2.25 -1000 24.32 1.56 58.649
car -1 -1 0.00 0.00 0.00 100.00 100.00 -1000 2.04 6.17 -6.16 -1000 33.18 1.44 53.725
car -1 -1 0.00 0.00 0.00 100.00 100.00 -1000 1.66 4.25 -16.15 -1000 25.92 1.28 52.837
car -1 -1 0.00 0.00 0.00 100.00 100.00 -1000 2.25 7.27 2.87 -1000 30.34 1.45 51.026
car -1 -1 0.00 0.00 0.00 100.00 100.00 -1000 1.74 4.93 -3.15 -1000 32.29 1.43 50.736
car -1 -1 0.00 0.00 0.00 100.00 100.00 -1000 2.09 6.35 15.67 -1000 35.86 1.41 50.712
car -1 -1 0.00 0.00 0.00 100.00 100.00 -1000 2.15 6.73 -10.11 -1000 42.29 1.52 50.608
car -1 -1 0.00 0.00 0.00 100.00 100.00 -1000 1.78 5.28 -1.56 -1000 20.30 1.61 50.323
car -1 -1 0.00 0.00 0.00 100.00 100.00 -1000 1.65 4.67 -1.93 -1000 26.67 1.60 50.303
car -1 -1 0.00 0.00 0.00 100.00 100.00 -1000 2.08 6.17 3.37 -1000 28.28 1.52 50.008
