car -1 -1 0.00 0.00 0.00 100.00 100.00 -1000 2.24 7.27 2.77 -1000 17.98 -0.09 186.336
car -1 -1 0.00 0.00 0.00 100.00 100.00 -1000 2.13 6.55 7.06 -1000 14.18 0.11 124.350
car -1 -1 0.00 0.00 0.00 100.00 100.00 -1000 1.79 5.18 -2.05 -1000 14.23 1.46 98.345
car -1 -1 0.00 0.00 0.00 100.00 100.00 -1000 1.96 6.13 -0.19 -1000 17.62 1.62 92.145
car -1 -1 0.00 0.00 0.00 100.00 100.00 -1000 2.42 8.84 5.35 -1000 15.47 1.61 64.832
car -1 -1 0.00 0.00 0.00 100.00 100.00 -1000 1.98 5.79 2.96 -1000 14.38 1.71 63.560
car -1 -1 0.00 0.00 0.00 100.00 100.00 -1000 3.09 14.58 -5.02 -1000 19.60 1.57 58.521
car -1 -1 0.00 0.00 0.00 100.00 100.00 -1000 1.92 5.77 -5.74 -1000 15.15 1.84 57.819
car -1 -1 0.00 0.00 0.00 100.00 100.00 -1000 2.16 7.86 7.65 -1000 3.60 1.69 57.519
car -1 -1 0.00 0.00 0.00 100.00 100.00 -1000 2.41 8.01 -4.64 -1000 16.19 -0.29 56.829
car -1 -1 0.00 0.00 0.00 100.00 100.00 -1000 2.90 13.00 2.95 -1000 22.05 1.55 53.445
car -1 -1 0.00 0.00 0.00 100.00 100.00 -1000 2.67 10.72 6.65 -1000 16.38 1.49 52.780
