car -1 -1 0.00 0.00 0.00 100.00 100.00 -1000 1.59 3.87 -5.36 -1000 11.84 1.49 724.022
car -1 -1 0.00 0.00 0.00 100.00 100.00 -1000 1.51 3.51 -2.38 -1000 27.79 1.58 641.400
car -1 -1 0.00 0.00 0.00 100.00 100.00 -1000 1.55 3.60 1.67 -1000 39.93 1.63 508.399
car -1 -1 0.00 0.00 0.00 100.00 100.00 -1000 1.63 4.04 3.01 -1000 39.73 1.67 260.395
car -1 -1 0.00 0.00 0.00 100.00 100.00 -1000 1.58 3.79 3.35 -1000 34.70 1.52 253.503
car -1 -1 0.00 0.00 0.00 100.00 100.00 -1000 1.82 4.94 2.50 -1000 40.54 1.52 251.900
car -1 -1 0.00 0.00 0.00 100.00 100.00 -1000 2.36 7.49 4.51 -1000 43.00 1.41 238.343
car -1 -1 0.00 0.00 0.00 100.00 100.00 -1000 2.25 7.14 2.78 -1000 41.46 1.52 198.032
car -1 -1 0.00 0.00 0.00 100.00 100.00 -1000 2.38 7.63 3.09 -1000 43.74 1.41 194.393
car -1 -1 0.00 0.00 0.00 100.00 100.00 -1000 1.71 4.40 -5.48 -1000 12.63 1.46 178.802
car -1 -1 0.00 0.00 0.00 100.00 100.00 -1000 1.44 3.33 0.52 -1000 39.53 0.24 160.058
car -1 -1 0.00 0.00 0.00 100.00 100.00 -1000 1.88 5.63 -3.25 -1000 28.40 1.53 158.994
car -1 -1 0.00 0.00 0.00 100.00 100.00 -1000 1.88 5.21 3.24 -1000 35.34 1.41 146.529
car -1 -1 0.00 0.00 0.00 100.00 100.00 -1000 1.46 2.95 -2.41 -1000 27.06 1.66 136.639
car -1 -1 0.00 0.00 0.00 100.00 100.00 -1000 2.07 6.12 5.78 -1000 42.36 1.44 129.938
car -1 -1 0.00 0.00 0.00 100.00 100.00 -1000 2.22 6.86 5.70 -1000 44.74 1.39 121.398
car -1 -1 0.00 0.00 0.00 100.00 100.00 -1000 1.86 5.17 16.72 -1000 29.11 1.52 112.589
car -1 -1 0.00 0.00 0.00 100.00 100.00 -1000 2.17 6.78 -15.33 -1000 44.85 1.34 105.710
car -1 -1 0.00 0.00 0.00 100.00 100.00 -1000 1.85 5.03 4.74 -1000 39.73 1.59 102.519
car -1 -1 0.00 0.00 0.00 100.00 100.00 -1000 2.07 6.13 4.33 -1000 40.79 1.52 102.055
car -1 -1 0.00 0.00 0.00 100.00 100.00 -1000 1.87 5.21 4.92 -1000 35.07 1.58 98.720
car -1 -1 0.00 0.00 0.00 100.00 100.00 -1000 1.93 5.46 -5.65 -1000 13.60 1.50 97.370
car -1 -1 0.00 0.00 0.00 100.00 100.00 -1000 1.82 5.05 0.28 -1000 40.47 1.54 96.852
car -1 -1 0.00 0.00 0.00 100.00 100.00 -1000 2.35 8.07 2.13 -1000 42.63 1.50 96.065
car -1 -1 0.00 0.00 0.00 100.00 100.00 -1000 2.03 6.04 -6.68 -1000 31.04 1.42 95.089
car -1 -1 0.00 0.00 0.00 100.00 100.00 -1000 1.98 5.79 7.29 -1000 41.64 1.42 91.349
car -1 -1 0.00 0.00 0.00 100.00 100.00 -1000 2.12 6.68 -15.21 -1000 43.27 1.36 89.393
car -1 -1 0.00 0.00 0.00 100.00 100.00 -1000 1.67 4.18 4.67 -1000 34.15 1.54 88.582
car -1 -1 0.00 0.00 0.00 100.00 100.00 -1000 1.63 4.11 3.73 -1000 39.06 1.52 86.980
car -1 -1 0.00 0.00 0.00 100.00 100.00 -1000 1.81 4.87 -2.13 -1000 39.18 1.51 86.619
car -1 -1 0.00 0.00 0.00 100.00 100.00 -1000 1.59 3.68 2.08 -1000 39.12 1.62 86.481
car -1 -1 0.00 0.00 0.00 100.00 100.00 -1000 1.88 5.19 -15.27 -1000 41.68 1.30 84.483
car -1 -1 0.00 0.00 0.00 100.00 100.00 -1000 1.72 4.49 -2.14 -1000 31.52 1.56 84.269
car -1 -1 0.00 0.00 0.00 100.00 100.00 -1000 2.07 6.32 -13.35 -1000 44.39 1.37 83.791
car -1 -1 0.00 0.00 0.00 100.00 100.00 -1000 2.00 5.66 8.36 -1000 46.49 1.35 83.119
car -1 -1 0.00 0.00 0.00 100.00 100.00 -1000 2.03 6.64 -15.56 -1000 30.31 1.38 82.525
car -1 -1 0.00 0.00 0.00 100.00 100.00 -1000 1.85 6.03 -1.13 -1000 12.26 1.72 80.767
car -1 -1 0.00 0.00 0.00 100.00 100.00 -1000 2.21 8.12 -2.89 -1000 29.35 1.56 79.796
car -1 -1 0.00 0.00 0.00 100.00 100.00 -1000 2.29 7.48 -13.13 -1000 45.60 1.37 75.373
car -1 -1 0.00 0.00 0.00 100.00 100.00 -1000 1.76 5.38 -2.70 -1000 12.66 1.70 74.830
car -1 -1 0.00 0.00 0.00 100.00 100.00 -1000 1.79 4.77 14.66 -1000 23.96 1.56 74.188
car -1 -1 0.00 0.00 0.00 100.00 100.00 -1000 1.84 5.24 -15.62 -1000 37.66 1.35 73.048
car -1 -1 0.00 0.00 0.00 100.00 100.00 -1000 2.06 6.24 2.65 -1000 44.78 1.46 72.196
car -1 -1 0.00 0.00 0.00 100.00 100.00 -1000 2.06 6.15 -10.94 -1000 36.36 1.47 71.864
car -1 -1 0.00 0.00 0.00 100.00 100.00 -1000 1.91 5.40 -2.41 -1000 30.66 1.52 69.861
car -1 -1 0.00 0.00 0.00 100.00 100.00 -1000 2.10 6.43 -5.56 -1000 14.46 1.50 69.380
car -1 -1 0.00 0.00 0.00 100.00 100.00 -1000 1.72 4.27 3.38 -1000 33.76 1.43 68.967
car -1 -1 0.00 0.00 0.00 100.00 100.00 -1000 2.14 6.76 -8.18 -1000 44.83 1.47 68.904
car -1 -1 0.00 0.00 0.00 100.00 100.00 -1000 1.70 4.50 16.74 -1000 23.97 1.54 68.718
car -1 -1 0.00 0.00 0.00 100.00 100.00 -1000 2.21 6.90 3.45 -1000 36.72 1.41 67.782
car -1 -1 0.00 0.00 0.00 100.00 100.00 -1000 1.65 4.12 13.01 -1000 23.54 1.51 67.583
car -1 -1 0.00 0.00 0.00 100.00 100.00 -1000 2.01 6.11 -4.78 -1000 31.42 1.49 67.110
car -1 -1 0.00 0.00 0.00 100.00 100.00 -1000 1.66 4.25 -1.38 -1000 22.58 1.58 66.711
car -1 -1 0.00 0.00 0.00 100.00 100.00 -1000 2.19 6.77 2.92 -1000 46.35 1.45 65.159
car -1 -1 0.00 0.00 0.00 100.00 100.00 -1000 2.22 7.02 8.18 -1000 45.60 1.36 64.394
car -1 -1 0.00 0.00 0.00 100.00 100.00 -1000 1.64 4.05 9.61 -1000 46.07 -0.01 64.237
car -1 -1 0.00 0.00 0.00 100.00 100.00 -1000 1.90 5.30 8.12 -1000 40.82 1.34 62.875
car -1 -1 0.00 0.00 0.00 100.00 100.00 -1000 2.09 6.43 -15.49 -1000 45.96 1.42 60.451
car -1 -1 0.00 0.00 0.00 100.00 100.00 -1000 1.94 5.55 16.89 -1000 27.96 1.42 59.824
car -1 -1 0.00 0.00 0.00 100.00 100.00 -1000 1.61 4.17 -1.12 -1000 23.51 1.61 59.721
car -1 -1 0.00 0.00 0.00 100.00 100.00 -1000 1.79 5.27 -15.88 -1000 19.49 1.43 59.372
car -1 -1 0.00 0.00 0.00 100.00 100.00 -1000 1.77 4.87 15.74 -1000 19.97 1.48 59.262
car -1 -1 0.00 0.00 0.00 100.00 100.00 -1000 1.69 4.23 -2.35 -1000 38.06 1.59 58.819
car -1 -1 0.00 0.00 0.00 100.00 100.00 -1000 1.94 5.62 -10.20 -1000 35.44 1.41 58.227
car -1 -1 0.00 0.00 0.00 100.00 100.00 -1000 1.83 5.22 -0.35 -1000 28.60 1.57 58.109
car -1 -1 0.00 0.00 0.00 100.00 100.00 -1000 2.33 8.09 6.23 -1000 35.90 1.48 57.826
car -1 -1 0.00 0.00 0.00 100.00 100.00 -1000 2.30 7.51 -7.75 -1000 46.44 1.38 57.686
car -1 -1 0.00 0.00 0.00 100.00 100.00 -1000 1.98 5.86 -4.58 -1000 39.97 1.41 57.591
car -1 -1 0.00 0.00 0.00 100.00 100.00 -1000 1.74 4.65 12.76 -1000 19.08 1.45 56.967
car -1 -1 0.00 0.00 0.00 100.00 100.00 -1000 1.68 4.25 -0.85 -1000 45.80 1.55 56.663
car -1 -1 0.00 0.00 0.00 100.00 100.00 -1000 1.79 4.90 4.15 -1000 38.05 1.41 55.681
car -1 -1 0.00 0.00 0.00 100.00 100.00 -1000 1.89 5.26 -7.52 -1000 47.21 1.45 55.309
car -1 -1 0.00 0.00 0.00 100.00 100.00 -1000 1.80 4.84 9.42 -1000 47.17 1.51 54.988
car -1 -1 0.00 0.00 0.00 100.00 100.00 -1000 2.20 7.34 -3.93 -1000 30.17 1.51 54.892
car -1 -1 0.00 0.00 0.00 100.00 100.00 -1000 1.72 5.22 -2.47 -1000 11.69 1.71 54.882
car -1 -1 0.00 0.00 0.00 100.00 100.00 -1000 1.50 3.54 -0.72 -1000 34.94 0.45 54.040
car -1 -1 0.00 0.00 0.00 100.00 100.00 -1000 1.74 4.89 -0.12 -1000 32.34 1.60 53.756
