car -1 -1 0.00 0.00 0.00 100.00 100.00 -1000 1.46 3.21 -0.34 -1000 32.79 1.55 515.653
car -1 -1 0.00 0.00 0.00 100.00 100.00 -1000 2.28 7.03 4.62 -1000 40.52 1.47 320.044
car -1 -1 0.00 0.00 0.00 100.00 100.00 -1000 2.21 6.74 4.15 -1000 43.09 1.54 304.367
car -1 -1 0.00 0.00 0.00 100.00 100.00 -1000 1.75 4.70 6.24 -1000 15.62 1.49 302.865
car -1 -1 0.00 0.00 0.00 100.00 100.00 -1000 2.29 7.20 4.57 -1000 37.41 1.51 291.518
car -1 -1 0.00 0.00 0.00 100.00 100.00 -1000 2.13 6.25 4.47 -1000 41.89 1.48 266.345
car -1 -1 0.00 0.00 0.00 100.00 100.00 -1000 2.31 7.24 4.42 -1000 44.58 1.52 258.395
car -1 -1 0.00 0.00 0.00 100.00 100.00 -1000 2.20 6.64 5.00 -1000 39.52 1.52 256.038
car -1 -1 0.00 0.00 0.00 100.00 100.00 -1000 2.17 6.44 5.09 -1000 36.18 1.50 235.759
car -1 -1 0.00 0.00 0.00 100.00 100.00 -1000 2.20 6.77 4.35 -1000 34.98 1.54 234.725
car -1 -1 0.00 0.00 0.00 100.00 100.00 -1000 2.07 6.28 2.94 -1000 39.88 1.55 228.228
car -1 -1 0.00 0.00 0.00 100.00 100.00 -1000 1.54 3.73 -2.89 -1000 8.63 0.25 219.687
car -1 -1 0.00 0.00 0.00 100.00 100.00 -1000 2.08 6.19 2.59 -1000 45.12 1.51 198.471
car -1 -1 0.00 0.00 0.00 100.00 100.00 -1000 2.36 7.53 4.75 -1000 45.64 1.43 196.921
car -1 -1 0.00 0.00 0.00 100.00 100.00 -1000 1.53 3.56 3.81 -1000 5.44 -0.31 182.572
car -1 -1 0.00 0.00 0.00 100.00 100.00 -1000 2.07 5.96 3.66 -1000 38.20 1.53 178.624
car -1 -1 0.00 0.00 0.00 100.00 100.00 -1000 1.81 5.25 3.28 -1000 27.86 1.65 170.080
car -1 -1 0.00 0.00 0.00 100.00 100.00 -1000 1.62 3.89 6.50 -1000 14.83 1.49 162.343
car -1 -1 0.00 0.00 0.00 100.00 100.00 -1000 1.69 4.48 -1.50 -1000 33.25 1.62 159.948
car -1 -1 0.00 0.00 0.00 100.00 100.00 -1000 1.90 5.19 -2.60 -1000 18.96 1.52 157.561
car -1 -1 0.00 0.00 0.00 100.00 100.00 -1000 1.90 5.17 3.03 -1000 43.94 1.57 155.784
car -1 -1 0.00 0.00 0.00 100.00 100.00 -1000 2.01 6.27 6.83 -1000 16.31 1.47 127.936
car -1 -1 0.00 0.00 0.00 100.00 100.00 -1000 1.85 5.36 3.57 -1000 26.82 1.56 123.234
car -1 -1 0.00 0.00 0.00 100.00 100.00 -1000 2.28 7.43 4.87 -1000 31.80 1.47 121.704
car -1 -1 0.00 0.00 0.00 100.00 100.00 -1000 2.12 6.49 4.35 -1000 33.89 1.53 115.449
car -1 -1 0.00 0.00 0.00 100.00 100.00 -1000 1.80 4.95 2.89 -1000 33.35 1.61 109.862
car -1 -1 0.00 0.00 0.00 100.00 100.00 -1000 1.65 4.36 2.04 -1000 43.05 0.13 108.773
car -1 -1 0.00 0.00 0.00 100.00 100.00 -1000 1.50 3.74 -3.12 -1000 7.85 0.15 106.962
car -1 -1 0.00 0.00 0.00 100.00 100.00 -1000 1.56 3.58 -2.28 -1000 4.77 1.56 103.373
car -1 -1 0.00 0.00 0.00 100.00 100.00 -1000 1.60 4.14 -4.12 -1000 14.37 0.04 99.627
car -1 -1 0.00 0.00 0.00 100.00 100.00 -1000 1.76 4.46 -2.47 -1000 16.43 1.67 92.244
car -1 -1 0.00 0.00 0.00 100.00 100.00 -1000 1.76 5.01 3.96 -1000 32.70 1.68 89.124
car -1 -1 0.00 0.00 0.00 100.00 100.00 -1000 1.64 4.21 -2.04 -1000 31.95 1.52 85.477
car -1 -1 0.00 0.00 0.00 100.00 100.00 -1000 1.90 6.08 3.79 -1000 28.76 1.65 82.328
car -1 -1 0.00 0.00 0.00 100.00 100.00 -1000 1.57 3.65 3.37 -1000 4.42 -0.14 81.200
car -1 -1 0.00 0.00 0.00 100.00 100.00 -1000 1.70 4.74 -2.09 -1000 29.06 1.49 80.375
car -1 -1 0.00 0.00 0.00 100.00 100.00 -1000 2.02 6.14 -2.47 -1000 20.09 1.51 77.237
car -1 -1 0.00 0.00 0.00 100.00 100.00 -1000 2.30 8.01 -4.76 -1000 20.52 1.49 76.895
car -1 -1 0.00 0.00 0.00 100.00 100.00 -1000 1.68 4.22 1.91 -1000 44.53 1.54 76.706
car -1 -1 0.00 0.00 0.00 100.00 100.00 -1000 2.15 6.66 4.36 -1000 30.25 1.48 75.519
car -1 -1 0.00 0.00 0.00 100.00 100.00 -1000 2.24 7.68 2.19 -1000 40.73 1.52 74.123
car -1 -1 0.00 0.00 0.00 100.00 100.00 -1000 1.68 4.30 -4.33 -1000 8.23 0.30 73.430
car -1 -1 0.00 0.00 0.00 100.00 100.00 -1000 1.80 4.89 -3.17 -1000 17.66 0.04 72.858
car -1 -1 0.00 0.00 0.00 100.00 100.00 -1000 1.69 4.61 -2.16 -1000 30.67 1.54 71.625
car -1 -1 0.00 0.00 0.00 100.00 100.00 -1000 2.23 7.28 1.81 -1000 35.06 1.48 71.403
car -1 -1 0.00 0.00 0.00 100.00 100.00 -1000 1.56 3.88 -2.47 -1000 32.72 0.12 71.129
car -1 -1 0.00 0.00 0.00 100.00 100.00 -1000 1.75 4.63 4.14 -1000 6.40 1.63 69.576
car -1 -1 0.00 0.00 0.00 100.00 100.00 -1000 1.76 4.73 2.55 -1000 38.77 -0.05 66.556
car -1 -1 0.00 0.00 0.00 100.00 100.00 -1000 2.35 8.24 1.93 -1000 46.32 1.52 66.369
car -1 -1 0.00 0.00 0.00 100.00 100.00 -1000 1.84 4.95 -4.00 -1000 9.05 -0.01 66.157
car -1 -1 0.00 0.00 0.00 100.00 100.00 -1000 2.35 7.73 6.86 -1000 35.67 1.57 64.528
car -1 -1 0.00 0.00 0.00 100.00 100.00 -1000 1.96 6.09 -2.27 -1000 34.31 1.53 63.572
car -1 -1 0.00 0.00 0.00 100.00 100.00 -1000 1.53 3.88 -0.22 -1000 33.61 0.07 63.038
car -1 -1 0.00 0.00 0.00 100.00 100.00 -1000 1.64 4.02 -3.00 -1000 15.71 1.64 62.929
car -1 -1 0.00 0.00 0.00 100.00 100.00 -1000 2.46 8.51 6.02 -1000 38.21 1.56 62.574
car -1 -1 0.00 0.00 0.00 100.00 100.00 -1000 2.60 9.11 4.05 -1000 46.92 1.55 60.136
car -1 -1 0.00 0.00 0.00 100.00 100.00 -1000 2.37 8.43 -4.54 -1000 19.28 1.48 59.376
car -1 -1 0.00 0.00 0.00 100.00 100.00 -1000 1.96 5.69 -0.08 -1000 34.57 1.46 58.491
car -1 -1 0.00 0.00 0.00 100.00 100.00 -1000 1.75 4.30 -0.45 -1000 31.65 1.53 55.826
car -1 -1 0.00 0.00 0.00 100.00 100.00 -1000 1.65 4.25 -3.81 -1000 13.51 1.61 55.197
car -1 -1 0.00 0.00 0.00 100.00 100.00 -1000 2.17 7.48 2.26 -1000 42.20 1.44 54.978
car -1 -1 0.00 0.00 0.00 100.00 100.00 -1000 2.51 9.06 6.45 -1000 30.94 1.47 52.122
car -1 -1 0.00 0.00 0.00 100.00 100.00 -1000 1.75 5.05 -2.37 -1000 27.43 1.50 51.351
