car -1 -1 0.00 0.00 0.00 100.00 100.00 -1000 1.51 3.32 -3.26 -1000 8.20 1.59 669.473
car -1 -1 0.00 0.00 0.00 100.00 100.00 -1000 1.92 5.21 -2.55 -1000 41.83 1.45 290.130
car -1 -1 0.00 0.00 0.00 100.00 100.00 -1000 1.94 5.58 -6.94 -1000 41.56 1.58 272.545
car -1 -1 0.00 0.00 0.00 100.00 100.00 -1000 2.24 6.90 -4.25 -1000 42.88 1.51 268.423
car -1 -1 0.00 0.00 0.00 100.00 100.00 -1000 2.02 5.87 -4.38 -1000 41.19 1.55 257.122
car -1 -1 0.00 0.00 0.00 100.00 100.00 -1000 2.00 5.75 -2.45 -1000 36.55 1.51 244.681
car -1 -1 0.00 0.00 0.00 100.00 100.00 -1000 2.17 6.65 -6.44 -1000 44.29 1.45 244.447
car -1 -1 0.00 0.00 0.00 100.00 100.00 -1000 2.11 6.39 -3.95 -1000 37.03 1.56 230.460
car -1 -1 0.00 0.00 0.00 100.00 100.00 -1000 2.11 6.25 -3.80 -1000 38.15 1.46 219.870
car -1 -1 0.00 0.00 0.00 100.00 100.00 -1000 2.21 7.08 -5.55 -1000 42.10 1.54 198.136
car -1 -1 0.00 0.00 0.00 100.00 100.00 -1000 2.09 6.15 -4.39 -1000 39.00 1.41 194.200
car -1 -1 0.00 0.00 0.00 100.00 100.00 -1000 2.36 7.88 -5.16 -1000 45.43 1.47 187.830
car -1 -1 0.00 0.00 0.00 100.00 100.00 -1000 1.70 4.42 -2.80 -1000 31.13 1.51 159.317
car -1 -1 0.00 0.00 0.00 100.00 100.00 -1000 2.04 5.89 -3.88 -1000 8.66 1.63 154.613
car -1 -1 0.00 0.00 0.00 100.00 100.00 -1000 2.07 6.18 -4.00 -1000 35.88 1.55 150.892
car -1 -1 0.00 0.00 0.00 100.00 100.00 -1000 1.80 4.86 -5.48 -1000 40.43 1.45 149.926
car -1 -1 0.00 0.00 0.00 100.00 100.00 -1000 1.91 5.37 -4.05 -1000 34.32 1.44 132.338
car -1 -1 0.00 0.00 0.00 100.00 100.00 -1000 2.18 7.37 -5.96 -1000 37.43 1.43 129.102
car -1 -1 0.00 0.00 0.00 100.00 100.00 -1000 1.81 4.89 -3.29 -1000 31.91 1.45 126.002
car -1 -1 0.00 0.00 0.00 100.00 100.00 -1000 1.55 3.74 -3.95 -1000 7.31 0.16 124.531
car -1 -1 0.00 0.00 0.00 100.00 100.00 -1000 2.18 6.77 -2.62 -1000 40.64 1.52 124.111
car -1 -1 0.00 0.00 0.00 100.00 100.00 -1000 2.23 7.15 -6.84 -1000 43.04 1.57 120.754
car -1 -1 0.00 0.00 0.00 100.00 100.00 -1000 1.66 4.19 -13.59 -1000 43.24 0.26 118.826
car -1 -1 0.00 0.00 0.00 100.00 100.00 -1000 1.82 4.72 -3.04 -1000 33.26 1.49 106.039
car -1 -1 0.00 0.00 0.00 100.00 100.00 -1000 1.85 5.23 -13.44 -1000 44.57 1.52 105.390
car -1 -1 0.00 0.00 0.00 100.00 100.00 -1000 2.30 7.89 -8.81 -1000 43.94 1.52 100.825
car -1 -1 0.00 0.00 0.00 100.00 100.00 -1000 1.86 4.92 -2.82 -1000 30.12 1.47 99.707
car -1 -1 0.00 0.00 0.00 100.00 100.00 -1000 1.94 5.46 -5.80 -1000 39.52 1.43 98.567
car -1 -1 0.00 0.00 0.00 100.00 100.00 -1000 1.92 5.46 -6.43 -1000 35.83 1.40 95.841
car -1 -1 0.00 0.00 0.00 100.00 100.00 -1000 1.77 4.83 -2.74 -1000 29.03 1.54 95.642
car -1 -1 0.00 0.00 0.00 100.00 100.00 -1000 1.81 4.84 -6.19 -1000 34.63 1.38 92.363
car -1 -1 0.00 0.00 0.00 100.00 100.00 -1000 1.70 4.52 -1.03 -1000 47.24 0.16 86.528
car -1 -1 0.00 0.00 0.00 100.00 100.00 -1000 1.74 4.83 1.77 -1000 43.51 1.60 83.412
car -1 -1 0.00 0.00 0.00 100.00 100.00 -1000 1.86 4.95 -7.98 -1000 40.96 1.61 82.529
car -1 -1 0.00 0.00 0.00 100.00 100.00 -1000 1.79 5.12 -14.84 -1000 44.09 1.29 82.458
car -1 -1 0.00 0.00 0.00 100.00 100.00 -1000 2.20 6.82 -6.77 -1000 33.40 1.39 80.776
car -1 -1 0.00 0.00 0.00 100.00 100.00 -1000 2.33 7.93 -6.98 -1000 46.34 1.58 80.378
car -1 -1 0.00 0.00 0.00 100.00 100.00 -1000 2.58 10.33 -3.15 -1000 46.23 1.49 79.932
car -1 -1 0.00 0.00 0.00 100.00 100.00 -1000 2.00 5.90 1.86 -1000 42.39 1.60 78.581
car -1 -1 0.00 0.00 0.00 100.00 100.00 -1000 1.74 4.54 -7.17 -1000 10.01 -0.02 77.620
car -1 -1 0.00 0.00 0.00 100.00 100.00 -1000 1.77 4.95 -16.17 -1000 45.13 0.30 72.723
car -1 -1 0.00 0.00 0.00 100.00 100.00 -1000 2.36 7.81 -3.42 -1000 43.88 1.62 67.242
car -1 -1 0.00 0.00 0.00 100.00 100.00 -1000 2.16 6.73 -6.43 -1000 38.67 1.44 64.303
car -1 -1 0.00 0.00 0.00 100.00 100.00 -1000 2.26 7.34 -5.92 -1000 12.45 1.30 63.518
car -1 -1 0.00 0.00 0.00 100.00 100.00 -1000 2.13 6.63 -5.95 -1000 30.90 1.45 63.203
car -1 -1 0.00 0.00 0.00 100.00 100.00 -1000 1.60 4.06 -0.83 -1000 36.28 1.61 62.898
car -1 -1 0.00 0.00 0.00 100.00 100.00 -1000 2.45 8.94 -4.98 -1000 46.97 1.49 61.967
car -1 -1 0.00 0.00 0.00 100.00 100.00 -1000 2.00 6.34 -11.07 -1000 44.27 1.57 60.888
car -1 -1 0.00 0.00 0.00 100.00 100.00 -1000 1.95 5.60 3.26 -1000 19.14 1.54 58.809
car -1 -1 0.00 0.00 0.00 100.00 100.00 -1000 1.53 3.52 -3.20 -1000 6.60 1.51 57.874
car -1 -1 0.00 0.00 0.00 100.00 100.00 -1000 1.91 5.36 3.22 -1000 20.27 1.56 56.465
car -1 -1 0.00 0.00 0.00 100.00 100.00 -1000 1.65 4.13 -1.19 -1000 41.35 1.60 55.476
car -1 -1 0.00 0.00 0.00 100.00 100.00 -1000 2.06 6.46 -0.49 -1000 42.03 1.57 54.932
car -1 -1 0.00 0.00 0.00 100.00 100.00 -1000 1.65 4.36 -2.53 -1000 28.13 1.51 54.569
car -1 -1 0.00 0.00 0.00 100.00 100.00 -1000 1.75 4.57 -12.78 -1000 37.58 1.37 54.180
car -1 -1 0.00 0.00 0.00 100.00 100.00 -1000 2.02 5.84 -7.76 -1000 39.82 1.61 53.669
car -1 -1 0.00 0.00 0.00 100.00 100.00 -1000 1.78 4.85 -0.13 -1000 32.51 1.55 53.322
car -1 -1 0.00 0.00 0.00 100.00 100.00 -1000 1.80 4.60 -9.64 -1000 40.34 0.23 53.020
car -1 -1 0.00 0.00 0.00 100.00 100.00 -1000 2.37 8.10 -0.62 -1000 42.92 1.58 52.703
car -1 -1 0.00 0.00 0.00 100.00 100.00 -1000 1.73 4.80 -6.81 -1000 29.15 1.47 52.436
car -1 -1 0.00 0.00 0.00 100.00 100.00 -1000 2.30 7.40 -8.39 -1000 45.39 1.46 51.805
car -1 -1 0.00 0.00 0.00 100.00 100.00 -1000 1.75 4.96 7.75 -1000 3.72 1.75 51.673
car -1 -1 0.00 0.00 0.00 100.00 100.00 -1000 1.83 5.08 -8.38 -1000 42.01 1.47 50.728
