car -1 -1 0.00 0.00 0.00 100.00 100.00 -1000 1.56 3.57 -2.97 -1000 15.46 1.48 874.623
car -1 -1 0.00 0.00 0.00 100.00 100.00 -1000 2.29 7.44 4.54 -1000 45.35 1.42 224.639
car -1 -1 0.00 0.00 0.00 100.00 100.00 -1000 2.33 7.98 4.74 -1000 44.20 1.47 151.095
car -1 -1 0.00 0.00 0.00 100.00 100.00 -1000 1.85 4.91 -4.10 -1000 14.95 1.43 145.827
car -1 -1 0.00 0.00 0.00 100.00 100.00 -1000 2.10 6.57 -4.13 -1000 15.67 1.49 142.209
car -1 -1 0.00 0.00 0.00 100.00 100.00 -1000 2.42 8.92 2.09 -1000 43.82 1.60 138.462
car -1 -1 0.00 0.00 0.00 100.00 100.00 -1000 2.21 7.17 2.09 -1000 45.78 1.46 119.391
car -1 -1 0.00 0.00 0.00 100.00 100.00 -1000 1.81 4.64 -3.44 -1000 30.80 1.43 106.631
car -1 -1 0.00 0.00 0.00 100.00 100.00 -1000 2.08 6.18 -4.91 -1000 40.67 1.29 96.704
car -1 -1 0.00 0.00 0.00 100.00 100.00 -1000 1.64 4.34 -2.10 -1000 26.59 1.62 92.615
car -1 -1 0.00 0.00 0.00 100.00 100.00 -1000 1.61 3.81 -2.93 -1000 28.34 1.60 91.895
car -1 -1 0.00 0.00 0.00 100.00 100.00 -1000 1.84 4.73 -3.67 -1000 27.53 1.40 89.761
car -1 -1 0.00 0.00 0.00 100.00 100.00 -1000 1.87 5.42 -3.82 -1000 34.35 1.50 88.944
car -1 -1 0.00 0.00 0.00 100.00 100.00 -1000 1.79 4.77 4.35 -1000 35.59 1.70 86.643
car -1 -1 0.00 0.00 0.00 100.00 100.00 -1000 2.12 6.65 -5.29 -1000 11.30 1.83 83.423
car -1 -1 0.00 0.00 0.00 100.00 100.00 -1000 1.60 4.02 -0.08 -1000 42.30 0.13 73.765
car -1 -1 0.00 0.00 0.00 100.00 100.00 -1000 1.84 4.90 0.14 -1000 43.14 1.61 69.687
car -1 -1 0.00 0.00 0.00 100.00 100.00 -1000 1.75 4.64 -3.12 -1000 29.14 1.63 65.725
car -1 -1 0.00 0.00 0.00 100.00 100.00 -1000 2.04 6.37 -3.88 -1000 41.60 1.46 63.292
car -1 -1 0.00 0.00 0.00 100.00 100.00 -1000 2.03 6.14 -3.36 -1000 37.54 1.40 62.076
car -1 -1 0.00 0.00 0.00 100.00 100.00 -1000 2.03 5.95 -5.22 -1000 14.25 1.47 61.881
car -1 -1 0.00 0.00 0.00 100.00 100.00 -1000 1.94 5.61 -3.50 -1000 31.71 1.50 61.711
car -1 -1 0.00 0.00 0.00 100.00 100.00 -1000 1.78 4.94 -4.30 -1000 29.64 1.43 61.249
car -1 -1 0.00 0.00 0.00 100.00 100.00 -1000 1.78 4.68 5.36 -1000 18.26 1.63 60.672
car -1 -1 0.00 0.00 0.00 100.00 100.00 -1000 1.81 5.58 -3.21 -1000 25.75 1.44 59.797
car -1 -1 0.00 0.00 0.00 100.00 100.00 -1000 1.81 4.92 5.11 -1000 44.77 -0.31 58.135
car -1 -1 0.00 0.00 0.00 100.00 100.00 -1000 1.75 4.60 -3.59 -1000 33.26 1.55 57.291
car -1 -1 0.00 0.00 0.00 100.00 100.00 -1000 1.80 4.83 3.15 -1000 36.31 1.62 55.145
car -1 -1 0.00 0.00 0.00 100.00 100.00 -1000 1.51 3.38 -0.07 -1000 38.62 1.55 54.220
car -1 -1 0.00 0.00 0.00 100.00 100.00 -1000 1.64 4.37 -2.98 -1000 14.23 0.35 50.992
