car -1 -1 0.00 0.00 0.00 100.00 100.00 -1000 1.50 3.32 -0.64 -1000 24.84 1.55 696.524
car -1 -1 0.00 0.00 0.00 100.00 100.00 -1000 2.89 11.13 -16.33 -1000 30.89 1.54 229.679
car -1 -1 0.00 0.00 0.00 100.00 100.00 -1000 2.44 8.21 8.76 -1000 40.61 1.50 202.621
car -1 -1 0.00 0.00 0.00 100.00 100.00 -1000 2.09 6.35 -14.01 -1000 30.22 1.45 192.718
car -1 -1 0.00 0.00 0.00 100.00 100.00 -1000 2.44 8.19 7.20 -1000 41.53 1.45 192.447
car -1 -1 0.00 0.00 0.00 100.00 100.00 -1000 2.29 7.38 6.20 -1000 45.89 1.44 189.001
car -1 -1 0.00 0.00 0.00 100.00 100.00 -1000 2.36 7.67 12.17 -1000 45.52 1.52 177.939
car -1 -1 0.00 0.00 0.00 100.00 100.00 -1000 2.26 7.13 4.32 -1000 45.40 1.55 177.792
car -1 -1 0.00 0.00 0.00 100.00 100.00 -1000 2.48 8.31 10.16 -1000 41.36 1.51 169.812
car -1 -1 0.00 0.00 0.00 100.00 100.00 -1000 2.30 7.34 10.50 -1000 39.77 1.45 168.225
car -1 -1 0.00 0.00 0.00 100.00 100.00 -1000 1.80 4.70 2.77 -1000 36.44 1.62 166.408
car -1 -1 0.00 0.00 0.00 100.00 100.00 -1000 1.91 5.68 -1.54 -1000 25.60 1.58 159.108
car -1 -1 0.00 0.00 0.00 100.00 100.00 -1000 1.75 4.40 3.09 -1000 44.42 1.54 158.992
car -1 -1 0.00 0.00 0.00 100.00 100.00 -1000 2.38 7.90 -16.53 -1000 29.92 1.43 157.726
car -1 -1 0.00 0.00 0.00 100.00 100.00 -1000 2.21 7.15 9.84 -1000 45.97 1.49 155.968
car -1 -1 0.00 0.00 0.00 100.00 100.00 -1000 2.31 7.37 8.78 -1000 43.03 1.46 148.053
car -1 -1 0.00 0.00 0.00 100.00 100.00 -1000 2.09 6.24 -6.83 -1000 41.59 1.47 144.267
car -1 -1 0.00 0.00 0.00 100.00 100.00 -1000 2.20 7.48 -1.61 -1000 26.92 1.48 144.265
car -1 -1 0.00 0.00 0.00 100.00 100.00 -1000 1.76 4.65 5.15 -1000 43.18 1.75 144.058
car -1 -1 0.00 0.00 0.00 100.00 100.00 -1000 2.16 6.88 -16.39 -1000 28.32 1.52 126.068
car -1 -1 0.00 0.00 0.00 100.00 100.00 -1000 2.55 8.96 12.07 -1000 40.62 1.48 125.495
car -1 -1 0.00 0.00 0.00 100.00 100.00 -1000 1.88 5.24 6.41 -1000 38.34 1.57 124.152
car -1 -1 0.00 0.00 0.00 100.00 100.00 -1000 2.18 6.90 5.27 -1000 39.02 1.45 119.773
car -1 -1 0.00 0.00 0.00 100.00 100.00 -1000 2.23 7.18 -11.82 -1000 43.14 1.49 118.893
car -1 -1 0.00 0.00 0.00 100.00 100.00 -1000 2.59 9.27 12.19 -1000 38.20 1.48 117.192
car -1 -1 0.00 0.00 0.00 100.00 100.00 -1000 2.11 6.69 -16.21 -1000 20.63 1.46 114.732
car -1 -1 0.00 0.00 0.00 100.00 100.00 -1000 2.36 7.79 -14.35 -1000 31.73 1.47 114.229
car -1 -1 0.00 0.00 0.00 100.00 100.00 -1000 2.03 6.10 8.05 -1000 37.57 1.46 113.818
car -1 -1 0.00 0.00 0.00 100.00 100.00 -1000 1.98 5.62 5.56 -1000 44.76 1.47 111.884
car -1 -1 0.00 0.00 0.00 100.00 100.00 -1000 2.24 6.97 2.91 -1000 46.26 1.51 111.822
car -1 -1 0.00 0.00 0.00 100.00 100.00 -1000 2.34 7.82 6.29 -1000 40.27 1.35 110.615
car -1 -1 0.00 0.00 0.00 100.00 100.00 -1000 1.89 5.30 -3.23 -1000 47.26 1.53 109.205
car -1 -1 0.00 0.00 0.00 100.00 100.00 -1000 1.88 5.51 -11.53 -1000 29.83 1.60 107.384
car -1 -1 0.00 0.00 0.00 100.00 100.00 -1000 1.62 3.89 3.69 -1000 42.35 0.07 106.274
car -1 -1 0.00 0.00 0.00 100.00 100.00 -1000 2.11 6.37 7.60 -1000 36.32 1.47 106.194
car -1 -1 0.00 0.00 0.00 100.00 100.00 -1000 2.54 8.87 11.46 -1000 42.17 1.46 105.464
car -1 -1 0.00 0.00 0.00 100.00 100.00 -1000 1.75 4.63 -14.10 -1000 41.62 1.39 103.189
car -1 -1 0.00 0.00 0.00 100.00 100.00 -1000 2.35 7.69 3.90 -1000 39.77 1.49 103.097
car -1 -1 0.00 0.00 0.00 100.00 100.00 -1000 2.53 8.76 -16.56 -1000 32.61 1.39 102.909
car -1 -1 0.00 0.00 0.00 100.00 100.00 -1000 2.38 7.85 -7.70 -1000 43.08 1.45 102.612
car -1 -1 0.00 0.00 0.00 100.00 100.00 -1000 1.82 5.92 -1.12 -1000 23.97 1.58 99.572
car -1 -1 0.00 0.00 0.00 100.00 100.00 -1000 1.93 5.47 5.42 -1000 42.12 1.60 98.963
car -1 -1 0.00 0.00 0.00 100.00 100.00 -1000 2.38 7.89 10.08 -1000 36.65 1.48 98.921
car -1 -1 0.00 0.00 0.00 100.00 100.00 -1000 2.38 7.83 -16.28 -1000 43.92 1.32 96.660
car -1 -1 0.00 0.00 0.00 100.00 100.00 -1000 2.53 8.84 -9.55 -1000 44.53 1.46 94.795
car -1 -1 0.00 0.00 0.00 100.00 100.00 -1000 2.10 6.37 -4.67 -1000 41.24 1.50 91.546
car -1 -1 0.00 0.00 0.00 100.00 100.00 -1000 2.35 7.90 12.17 -1000 37.17 1.50 90.656
car -1 -1 0.00 0.00 0.00 100.00 100.00 -1000 2.08 6.17 7.37 -1000 43.90 1.50 88.488
car -1 -1 0.00 0.00 0.00 100.00 100.00 -1000 2.29 7.44 12.05 -1000 43.97 1.54 88.448
car -1 -1 0.00 0.00 0.00 100.00 100.00 -1000 1.98 5.64 6.86 -1000 42.72 1.52 87.777
car -1 -1 0.00 0.00 0.00 100.00 100.00 -1000 1.79 4.95 -10.25 -1000 41.55 1.48 87.007
car -1 -1 0.00 0.00 0.00 100.00 100.00 -1000 1.56 3.74 3.15 -1000 43.00 0.16 85.995
car -1 -1 0.00 0.00 0.00 100.00 100.00 -1000 2.26 7.34 10.43 -1000 35.40 1.46 84.568
car -1 -1 0.00 0.00 0.00 100.00 100.00 -1000 1.91 5.43 -11.99 -1000 42.03 1.55 84.534
car -1 -1 0.00 0.00 0.00 100.00 100.00 -1000 2.16 6.93 3.52 -1000 38.36 1.57 84.337
car -1 -1 0.00 0.00 0.00 100.00 100.00 -1000 1.90 5.38 3.43 -1000 37.16 1.54 83.007
car -1 -1 0.00 0.00 0.00 100.00 100.00 -1000 1.95 5.70 -2.93 -1000 40.84 1.47 82.764
car -1 -1 0.00 0.00 0.00 100.00 100.00 -1000 2.52 8.66 5.66 -1000 46.88 1.49 81.043
car -1 -1 0.00 0.00 0.00 100.00 100.00 -1000 1.77 4.78 -4.04 -1000 46.60 1.45 77.120
car -1 -1 0.00 0.00 0.00 100.00 100.00 -1000 1.64 4.13 -12.43 -1000 41.26 1.64 76.410
car -1 -1 0.00 0.00 0.00 100.00 100.00 -1000 2.10 6.32 9.69 -1000 44.82 1.44 75.616
car -1 -1 0.00 0.00 0.00 100.00 100.00 -1000 1.65 4.08 15.08 -1000 19.81 0.15 72.621
car -1 -1 0.00 0.00 0.00 100.00 100.00 -1000 2.21 6.77 -13.92 -1000 33.43 1.38 72.441
car -1 -1 0.00 0.00 0.00 100.00 100.00 -1000 2.05 6.57 -15.68 -1000 19.52 1.61 72.356
car -1 -1 0.00 0.00 0.00 100.00 100.00 -1000 2.16 6.71 7.94 -1000 45.25 1.53 72.008
car -1 -1 0.00 0.00 0.00 100.00 100.00 -1000 1.92 5.55 -14.10 -1000 28.01 1.44 69.775
car -1 -1 0.00 0.00 0.00 100.00 100.00 -1000 2.40 7.96 13.11 -1000 43.01 1.41 69.680
car -1 -1 0.00 0.00 0.00 100.00 100.00 -1000 1.93 5.46 6.32 -1000 37.15 1.53 68.779
car -1 -1 0.00 0.00 0.00 100.00 100.00 -1000 2.54 10.50 -2.77 -1000 27.71 1.44 67.996
car -1 -1 0.00 0.00 0.00 100.00 100.00 -1000 2.21 7.07 2.56 -1000 40.86 1.47 67.988
car -1 -1 0.00 0.00 0.00 100.00 100.00 -1000 2.06 6.30 6.61 -1000 35.57 1.47 67.799
car -1 -1 0.00 0.00 0.00 100.00 100.00 -1000 1.84 6.32 -1.62 -1000 22.96 1.51 66.631
car -1 -1 0.00 0.00 0.00 100.00 100.00 -1000 2.23 7.01 9.12 -1000 38.66 1.53 66.077
car -1 -1 0.00 0.00 0.00 100.00 100.00 -1000 2.05 6.49 -5.92 -1000 40.48 1.52 65.951
car -1 -1 0.00 0.00 0.00 100.00 100.00 -1000 2.25 7.58 -16.52 -1000 35.54 1.41 64.396
car -1 -1 0.00 0.00 0.00 100.00 100.00 -1000 2.12 6.42 4.85 -1000 41.06 1.39 63.478
car -1 -1 0.00 0.00 0.00 100.00 100.00 -1000 2.20 7.08 -8.80 -1000 42.31 1.52 63.087
car -1 -1 0.00 0.00 0.00 100.00 100.00 -1000 2.57 9.13 11.07 -1000 34.23 1.39 62.878
car -1 -1 0.00 0.00 0.00 100.00 100.00 -1000 2.27 7.44 -16.48 -1000 45.59 1.64 62.832
car -1 -1 0.00 0.00 0.00 100.00 100.00 -1000 1.76 4.63 4.04 -1000 43.69 1.58 62.173
car -1 -1 0.00 0.00 0.00 100.00 100.00 -1000 1.80 5.47 -1.15 -1000 13.83 1.60 61.696
car -1 -1 0.00 0.00 0.00 100.00 100.00 -1000 1.70 4.31 -11.69 -1000 40.53 0.14 60.408
car -1 -1 0.00 0.00 0.00 100.00 100.00 -1000 2.32 7.89 -12.64 -1000 30.95 1.49 59.661
car -1 -1 0.00 0.00 0.00 100.00 100.00 -1000 1.78 4.61 3.92 -1000 31.65 1.55 59.632
car -1 -1 0.00 0.00 0.00 100.00 100.00 -1000 1.85 5.39 -9.06 -1000 40.90 1.55 59.579
car -1 -1 0.00 0.00 0.00 100.00 100.00 -1000 2.20 7.06 7.90 -1000 39.48 1.54 58.546
car -1 -1 0.00 0.00 0.00 100.00 100.00 -1000 1.96 5.70 -14.31 -1000 29.11 1.54 58.019
car -1 -1 0.00 0.00 0.00 100.00 100.00 -1000 2.08 6.18 -16.36 -1000 41.18 1.53 57.057
car -1 -1 0.00 0.00 0.00 100.00 100.00 -1000 2.43 8.39 10.36 -1000 46.94 1.45 56.534
car -1 -1 0.00 0.00 0.00 100.00 100.00 -1000 1.74 4.63 -14.65 -1000 40.47 1.46 56.350
car -1 -1 0.00 0.00 0.00 100.00 100.00 -1000 1.80 5.54 -1.08 -1000 15.42 1.60 55.864
car -1 -1 0.00 0.00 0.00 100.00 100.00 -1000 2.29 7.53 -5.40 -1000 42.35 1.44 55.434
car -1 -1 0.00 0.00 0.00 100.00 100.00 -1000 1.83 5.77 -0.95 -1000 18.61 1.60 54.711
car -1 -1 0.00 0.00 0.00 100.00 100.00 -1000 2.13 6.46 6.86 -1000 33.80 1.55 54.564
car -1 -1 0.00 0.00 0.00 100.00 100.00 -1000 2.00 6.22 3.13 -1000 33.24 1.54 54.138
car -1 -1 0.00 0.00 0.00 100.00 100.00 -1000 1.81 4.76 -1.92 -1000 35.70 1.52 53.820
car -1 -1 0.00 0.00 0.00 100.00 100.00 -1000 1.86 6.45 -1.34 -1000 21.78 1.50 53.755
car -1 -1 0.00 0.00 0.00 100.00 100.00 -1000 1.80 5.59 -1.16 -1000 12.22 1.59 53.676
car -1 -1 0.00 0.00 0.00 100.00 100.00 -1000 1.93 5.75 -0.07 -1000 28.19 1.50 53.561
car -1 -1 0.00 0.00 0.00 100.00 100.00 -1000 1.86 5.29 -14.51 -1000 27.11 1.45 52.568
car -1 -1 0.00 0.00 0.00 100.00 100.00 -1000 1.85 5.20 4.36 -1000 35.70 1.49 52.537
car -1 -1 0.00 0.00 0.00 100.00 100.00 -1000 1.81 5.64 -0.97 -1000 17.00 1.60 52.202
car -1 -1 0.00 0.00 0.00 100.00 100.00 -1000 2.69 10.04 -16.54 -1000 34.23 1.59 51.449
car -1 -1 0.00 0.00 0.00 100.00 100.00 -1000 2.33 8.11 -12.67 -1000 44.75 1.45 50.735
car -1 -1 0.00 0.00 0.00 100.00 100.00 -1000 1.50 3.47 15.61 -1000 18.95 0.47 50.646
car -1 -1 0.00 0.00 0.00 100.00 100.00 -1000 2.16 6.89 -6.09 -1000 36.81 1.40 50.597
car -1 -1 0.00 0.00 0.00 100.00 100.00 -1000 1.83 4.99 -2.65 -1000 36.49 1.48 50.497
car -1 -1 0.00 0.00 0.00 100.00 100.00 -1000 2.31 7.85 11.39 -1000 33.12 1.35 50.476
car -1 -1 0.00 0.00 0.00 100.00 100.00 -1000 2.40 8.10 -16.53 -1000 36.67 1.31 50.448
