car -1 -1 0.00 0.00 0.00 100.00 100.00 -1000 1.49 3.11 0.08 -1000 20.63 1.54 719.956
car -1 -1 0.00 0.00 0.00 100.00 100.00 -1000 2.18 6.55 6.23 -1000 28.52 1.50 326.077
car -1 -1 0.00 0.00 0.00 100.00 100.00 -1000 2.15 6.47 5.93 -1000 23.70 1.50 321.102
car -1 -1 0.00 0.00 0.00 100.00 100.00 -1000 2.13 6.29 5.76 -1000 22.05 1.52 315.312
car -1 -1 0.00 0.00 0.00 100.00 100.00 -1000 2.10 6.11 5.73 -1000 20.13 1.40 304.592
car -1 -1 0.00 0.00 0.00 100.00 100.00 -1000 2.12 6.29 5.80 -1000 34.95 1.49 280.928
car -1 -1 0.00 0.00 0.00 100.00 100.00 -1000 2.22 6.79 5.65 -1000 30.00 1.45 279.254
car -1 -1 0.00 0.00 0.00 100.00 100.00 -1000 2.00 5.72 5.66 -1000 18.98 1.51 264.209
car -1 -1 0.00 0.00 0.00 100.00 100.00 -1000 2.05 5.84 5.93 -1000 33.83 1.54 255.176
car -1 -1 0.00 0.00 0.00 100.00 100.00 -1000 1.95 5.45 5.64 -1000 17.41 1.52 233.977
car -1 -1 0.00 0.00 0.00 100.00 100.00 -1000 2.07 5.89 6.16 -1000 27.46 1.55 232.360
car -1 -1 0.00 0.00 0.00 100.00 100.00 -1000 2.20 6.74 5.51 -1000 36.64 1.48 231.648
car -1 -1 0.00 0.00 0.00 100.00 100.00 -1000 2.10 6.20 5.59 -1000 31.74 1.54 224.965
car -1 -1 0.00 0.00 0.00 100.00 100.00 -1000 2.13 6.32 6.01 -1000 25.28 1.53 224.945
car -1 -1 0.00 0.00 0.00 100.00 100.00 -1000 2.30 7.20 5.37 -1000 38.18 1.46 206.170
car -1 -1 0.00 0.00 0.00 100.00 100.00 -1000 1.95 5.32 5.94 -1000 16.14 1.42 204.053
car -1 -1 0.00 0.00 0.00 100.00 100.00 -1000 1.82 4.84 5.77 -1000 14.12 1.39 160.888
car -1 -1 0.00 0.00 0.00 100.00 100.00 -1000 2.15 6.71 5.15 -1000 32.66 1.45 142.559
car -1 -1 0.00 0.00 0.00 100.00 100.00 -1000 2.43 8.02 5.72 -1000 39.80 1.49 141.088
car -1 -1 0.00 0.00 0.00 100.00 100.00 -1000 2.47 9.49 4.76 -1000 22.84 1.58 129.461
car -1 -1 0.00 0.00 0.00 100.00 100.00 -1000 2.13 6.61 5.33 -1000 41.22 1.48 110.671
car -1 -1 0.00 0.00 0.00 100.00 100.00 -1000 1.77 5.50 2.66 -1000 21.02 1.70 109.337
car -1 -1 0.00 0.00 0.00 100.00 100.00 -1000 2.59 10.54 4.35 -1000 24.37 1.51 107.926
car -1 -1 0.00 0.00 0.00 100.00 100.00 -1000 1.92 5.43 -12.85 -1000 16.38 1.65 100.276
car -1 -1 0.00 0.00 0.00 100.00 100.00 -1000 2.12 6.80 4.00 -1000 37.47 1.48 90.539
car -1 -1 0.00 0.00 0.00 100.00 100.00 -1000 2.14 7.73 3.40 -1000 21.68 1.58 88.684
car -1 -1 0.00 0.00 0.00 100.00 100.00 -1000 2.12 7.14 5.36 -1000 26.64 1.47 88.493
car -1 -1 0.00 0.00 0.00 100.00 100.00 -1000 2.33 7.88 4.34 -1000 39.07 1.46 87.538
car -1 -1 0.00 0.00 0.00 100.00 100.00 -1000 2.10 6.79 4.16 -1000 35.88 1.51 86.586
car -1 -1 0.00 0.00 0.00 100.00 100.00 -1000 2.05 5.91 5.64 -1000 42.18 1.40 86.350
car -1 -1 0.00 0.00 0.00 100.00 100.00 -1000 2.22 8.03 4.98 -1000 20.94 1.60 86.347
car -1 -1 0.00 0.00 0.00 100.00 100.00 -1000 2.30 8.27 3.92 -1000 29.41 1.45 84.355
car -1 -1 0.00 0.00 0.00 100.00 100.00 -1000 2.42 8.20 6.93 -1000 37.33 1.47 84.052
car -1 -1 0.00 0.00 0.00 100.00 100.00 -1000 2.15 6.90 4.14 -1000 34.32 1.49 83.870
car -1 -1 0.00 0.00 0.00 100.00 100.00 -1000 2.39 8.50 4.68 -1000 30.98 1.53 83.657
car -1 -1 0.00 0.00 0.00 100.00 100.00 -1000 1.77 4.61 6.17 -1000 13.22 1.46 79.346
car -1 -1 0.00 0.00 0.00 100.00 100.00 -1000 1.89 5.14 -15.17 -1000 20.92 0.16 78.112
car -1 -1 0.00 0.00 0.00 100.00 100.00 -1000 2.28 7.30 7.95 -1000 35.75 1.46 77.867
car -1 -1 0.00 0.00 0.00 100.00 100.00 -1000 2.25 7.25 7.07 -1000 33.09 1.46 77.434
car -1 -1 0.00 0.00 0.00 100.00 100.00 -1000 2.31 8.50 5.02 -1000 18.17 1.63 77.024
car -1 -1 0.00 0.00 0.00 100.00 100.00 -1000 2.16 6.58 6.72 -1000 40.63 1.40 75.217
car -1 -1 0.00 0.00 0.00 100.00 100.00 -1000 2.00 5.80 5.33 -1000 43.55 1.53 73.832
car -1 -1 0.00 0.00 0.00 100.00 100.00 -1000 2.08 6.20 5.84 -1000 14.88 1.44 73.512
car -1 -1 0.00 0.00 0.00 100.00 100.00 -1000 1.70 4.95 -1.28 -1000 20.41 1.61 71.303
car -1 -1 0.00 0.00 0.00 100.00 100.00 -1000 2.27 7.38 8.45 -1000 34.17 1.49 67.436
car -1 -1 0.00 0.00 0.00 100.00 100.00 -1000 2.28 7.48 8.32 -1000 27.77 1.52 65.386
car -1 -1 0.00 0.00 0.00 100.00 100.00 -1000 2.06 7.22 3.87 -1000 16.65 1.65 61.929
car -1 -1 0.00 0.00 0.00 100.00 100.00 -1000 1.82 5.65 2.61 -1000 20.04 1.80 61.100
car -1 -1 0.00 0.00 0.00 100.00 100.00 -1000 2.45 8.43 7.39 -1000 29.26 1.49 58.511
car -1 -1 0.00 0.00 0.00 100.00 100.00 -1000 2.52 8.80 7.49 -1000 38.90 1.39 57.596
car -1 -1 0.00 0.00 0.00 100.00 100.00 -1000 1.75 5.13 -1.34 -1000 18.63 1.62 55.355
car -1 -1 0.00 0.00 0.00 100.00 100.00 -1000 2.18 6.98 8.29 -1000 26.18 1.51 53.500
car -1 -1 0.00 0.00 0.00 100.00 100.00 -1000 1.76 5.45 -1.60 -1000 17.76 1.49 51.684
car -1 -1 0.00 0.00 0.00 100.00 100.00 -1000 1.74 5.30 -1.60 -1000 19.48 1.52 51.355
car -1 -1 0.00 0.00 0.00 100.00 100.00 -1000 1.76 4.65 6.05 -1000 30.84 -0.43 51.160
car -1 -1 0.00 0.00 0.00 100.00 100.00 -1000 2.13 6.74 5.79 -1000 46.31 1.42 50.642
car -1 -1 0.00 0.00 0.00 100.00 100.00 -1000 1.96 6.43 4.22 -1000 19.55 1.72 50.545
car -1 -1 0.00 0.00 0.00 100.00 100.00 -1000 2.22 8.01 3.98 -1000 27.72 1.47 50.174
car -1 -1 0.00 0.00 0.00 100.00 100.00 -1000 2.07 7.04 4.30 -1000 15.46 1.66 50.162
