car -1 -1 0.00 0.00 0.00 100.00 100.00 -1000 1.61 3.87 0.15 -1000 7.05 1.50 834.050
car -1 -1 0.00 0.00 0.00 100.00 100.00 -1000 1.51 3.54 15.99 -1000 27.57 0.15 384.942
car -1 -1 0.00 0.00 0.00 100.00 100.00 -1000 1.91 5.48 -9.38 -1000 19.05 1.86 239.784
car -1 -1 0.00 0.00 0.00 100.00 100.00 -1000 1.67 4.15 -12.95 -1000 17.43 0.05 219.226
car -1 -1 0.00 0.00 0.00 100.00 100.00 -1000 1.58 3.93 17.73 -1000 27.30 0.30 199.287
car -1 -1 0.00 0.00 0.00 100.00 100.00 -1000 1.77 4.65 -10.44 -1000 18.15 1.85 191.356
car -1 -1 0.00 0.00 0.00 100.00 100.00 -1000 1.62 3.92 -7.37 -1000 42.41 -0.17 135.852
car -1 -1 0.00 0.00 0.00 100.00 100.00 -1000 2.03 6.67 -11.77 -1000 20.62 1.51 119.519
car -1 -1 0.00 0.00 0.00 100.00 100.00 -1000 1.69 4.32 -11.92 -1000 18.51 0.11 115.806
car -1 -1 0.00 0.00 0.00 100.00 100.00 -1000 1.77 4.78 -9.55 -1000 20.14 -0.12 112.677
car -1 -1 0.00 0.00 0.00 100.00 100.00 -1000 2.04 5.85 2.29 -1000 9.20 1.62 111.750
car -1 -1 0.00 0.00 0.00 100.00 100.00 -1000 1.98 5.88 7.54 -1000 39.16 1.59 104.619
car -1 -1 0.00 0.00 0.00 100.00 100.00 -1000 1.55 3.65 16.13 -1000 44.45 0.25 102.308
car -1 -1 0.00 0.00 0.00 100.00 100.00 -1000 2.23 6.91 -6.96 -1000 44.84 1.41 97.103
car -1 -1 0.00 0.00 0.00 100.00 100.00 -1000 2.22 7.05 -9.73 -1000 22.04 1.49 90.537
car -1 -1 0.00 0.00 0.00 100.00 100.00 -1000 1.67 4.15 -6.86 -1000 46.68 0.17 89.625
car -1 -1 0.00 0.00 0.00 100.00 100.00 -1000 1.88 5.25 -8.41 -1000 43.10 1.45 86.381
car -1 -1 0.00 0.00 0.00 100.00 100.00 -1000 1.77 4.47 -11.22 -1000 17.50 -0.48 84.528
car -1 -1 0.00 0.00 0.00 100.00 100.00 -1000 1.79 4.67 2.38 -1000 45.96 1.44 83.906
car -1 -1 0.00 0.00 0.00 100.00 100.00 -1000 1.60 3.89 14.70 -1000 27.83 0.07 81.702
car -1 -1 0.00 0.00 0.00 100.00 100.00 -1000 1.59 3.91 18.36 -1000 45.06 -0.07 79.601
car -1 -1 0.00 0.00 0.00 100.00 100.00 -1000 1.73 4.43 13.78 -1000 40.04 1.44 75.358
car -1 -1 0.00 0.00 0.00 100.00 100.00 -1000 1.66 4.19 -13.68 -1000 16.56 0.02 73.993
car -1 -1 0.00 0.00 0.00 100.00 100.00 -1000 1.70 4.31 11.13 -1000 40.84 -0.12 72.086
car -1 -1 0.00 0.00 0.00 100.00 100.00 -1000 2.02 5.99 0.24 -1000 9.57 1.46 68.808
car -1 -1 0.00 0.00 0.00 100.00 100.00 -1000 1.65 4.08 13.02 -1000 45.79 0.13 68.294
car -1 -1 0.00 0.00 0.00 100.00 100.00 -1000 1.83 4.91 -6.76 -1000 41.69 1.74 67.676
car -1 -1 0.00 0.00 0.00 100.00 100.00 -1000 2.31 7.47 7.97 -1000 45.57 1.43 66.086
car -1 -1 0.00 0.00 0.00 100.00 100.00 -1000 1.63 4.13 12.10 -1000 40.13 -0.08 64.722
car -1 -1 0.00 0.00 0.00 100.00 100.00 -1000 2.08 6.22 -7.10 -1000 43.84 1.46 64.273
car -1 -1 0.00 0.00 0.00 100.00 100.00 -1000 1.70 4.36 16.11 -1000 45.40 1.59 63.208
car -1 -1 0.00 0.00 0.00 100.00 100.00 -1000 2.04 6.48 -14.90 -1000 18.30 1.30 62.794
car -1 -1 0.00 0.00 0.00 100.00 100.00 -1000 1.64 4.14 8.76 -1000 40.35 -0.05 62.665
car -1 -1 0.00 0.00 0.00 100.00 100.00 -1000 1.95 5.91 16.39 -1000 41.64 1.42 61.214
car -1 -1 0.00 0.00 0.00 100.00 100.00 -1000 1.86 5.06 12.09 -1000 46.57 1.42 61.054
car -1 -1 0.00 0.00 0.00 100.00 100.00 -1000 1.86 5.20 -6.84 -1000 38.06 1.53 60.681
car -1 -1 0.00 0.00 0.00 100.00 100.00 -1000 1.70 4.41 -9.37 -1000 17.62 1.61 60.656
car -1 -1 0.00 0.00 0.00 100.00 100.00 -1000 1.71 4.57 -9.47 -1000 21.23 -0.13 60.613
car -1 -1 0.00 0.00 0.00 100.00 100.00 -1000 2.21 6.85 7.76 -1000 44.36 1.46 60.581
car -1 -1 0.00 0.00 0.00 100.00 100.00 -1000 1.99 5.93 3.29 -1000 8.50 1.66 60.356
car -1 -1 0.00 0.00 0.00 100.00 100.00 -1000 2.13 6.38 8.82 -1000 43.02 1.39 59.782
car -1 -1 0.00 0.00 0.00 100.00 100.00 -1000 1.78 5.03 7.19 -1000 38.22 1.55 58.939
car -1 -1 0.00 0.00 0.00 100.00 100.00 -1000 1.61 3.90 -6.37 -1000 45.70 -0.13 58.469
car -1 -1 0.00 0.00 0.00 100.00 100.00 -1000 2.11 6.89 -15.51 -1000 19.80 1.28 58.054
car -1 -1 0.00 0.00 0.00 100.00 100.00 -1000 2.16 6.69 7.74 -1000 42.01 1.44 57.822
car -1 -1 0.00 0.00 0.00 100.00 100.00 -1000 1.72 4.50 -12.15 -1000 16.81 1.60 57.278
car -1 -1 0.00 0.00 0.00 100.00 100.00 -1000 1.77 4.77 -8.61 -1000 18.38 1.52 54.164
car -1 -1 0.00 0.00 0.00 100.00 100.00 -1000 2.37 8.05 0.07 -1000 10.77 1.49 53.577
car -1 -1 0.00 0.00 0.00 100.00 100.00 -1000 2.03 6.54 -13.13 -1000 21.25 1.52 53.383
car -1 -1 0.00 0.00 0.00 100.00 100.00 -1000 1.89 5.39 14.36 -1000 28.66 1.44 53.124
car -1 -1 0.00 0.00 0.00 100.00 100.00 -1000 1.82 5.56 -12.61 -1000 22.70 1.58 52.908
car -1 -1 0.00 0.00 0.00 100.00 100.00 -1000 1.97 5.62 3.22 -1000 43.98 1.38 52.523
car -1 -1 0.00 0.00 0.00 100.00 100.00 -1000 1.65 4.34 18.35 -1000 40.98 0.19 51.244
car -1 -1 0.00 0.00 0.00 100.00 100.00 -1000 1.72 4.95 -11.58 -1000 33.97 1.56 50.831
car -1 -1 0.00 0.00 0.00 100.00 100.00 -1000 2.20 7.16 -6.51 -1000 39.22 1.41 50.662
