car -1 -1 0.00 0.00 0.00 100.00 100.00 -1000 1.52 3.29 -7.68 -1000 16.94 1.49 627.928
car -1 -1 0.00 0.00 0.00 100.00 100.00 -1000 1.34 3.07 15.67 -1000 20.58 0.09 574.661
car -1 -1 0.00 0.00 0.00 100.00 100.00 -1000 1.47 3.43 13.86 -1000 20.60 -0.06 443.908
car -1 -1 0.00 0.00 0.00 100.00 100.00 -1000 1.62 4.03 13.89 -1000 21.33 1.55 223.598
car -1 -1 0.00 0.00 0.00 100.00 100.00 -1000 2.29 7.53 15.32 -1000 23.02 1.46 208.373
car -1 -1 0.00 0.00 0.00 100.00 100.00 -1000 1.53 3.66 -2.03 -1000 26.31 1.45 182.104
car -1 -1 0.00 0.00 0.00 100.00 100.00 -1000 1.60 3.89 5.85 -1000 28.13 -0.03 175.406
car -1 -1 0.00 0.00 0.00 100.00 100.00 -1000 1.64 4.03 0.28 -1000 25.81 -0.23 164.271
car -1 -1 0.00 0.00 0.00 100.00 100.00 -1000 1.62 3.98 15.81 -1000 21.22 1.57 139.392
car -1 -1 0.00 0.00 0.00 100.00 100.00 -1000 1.63 4.06 -3.00 -1000 28.44 0.08 138.262
car -1 -1 0.00 0.00 0.00 100.00 100.00 -1000 1.74 4.77 -7.87 -1000 17.55 1.56 134.402
car -1 -1 0.00 0.00 0.00 100.00 100.00 -1000 1.70 4.31 2.91 -1000 28.08 0.07 127.127
car -1 -1 0.00 0.00 0.00 100.00 100.00 -1000 1.69 4.38 -11.31 -1000 26.38 1.50 126.444
car -1 -1 0.00 0.00 0.00 100.00 100.00 -1000 1.78 4.75 -3.04 -1000 30.20 1.52 124.209
car -1 -1 0.00 0.00 0.00 100.00 100.00 -1000 1.74 4.14 0.43 -1000 26.94 1.55 119.876
car -1 -1 0.00 0.00 0.00 100.00 100.00 -1000 1.50 3.51 -2.20 -1000 25.48 1.40 115.053
car -1 -1 0.00 0.00 0.00 100.00 100.00 -1000 1.67 4.14 -3.38 -1000 29.29 1.54 106.888
car -1 -1 0.00 0.00 0.00 100.00 100.00 -1000 1.94 5.56 15.03 -1000 21.86 1.50 98.906
car -1 -1 0.00 0.00 0.00 100.00 100.00 -1000 1.73 4.54 -1.86 -1000 27.09 1.49 95.598
car -1 -1 0.00 0.00 0.00 100.00 100.00 -1000 1.66 4.18 7.30 -1000 28.52 -0.24 92.886
car -1 -1 0.00 0.00 0.00 100.00 100.00 -1000 1.63 4.12 9.65 -1000 29.02 -0.07 89.931
car -1 -1 0.00 0.00 0.00 100.00 100.00 -1000 2.38 8.24 3.10 -1000 31.00 1.52 89.916
car -1 -1 0.00 0.00 0.00 100.00 100.00 -1000 1.96 5.73 -16.04 -1000 26.20 1.30 87.742
car -1 -1 0.00 0.00 0.00 100.00 100.00 -1000 2.39 8.17 15.67 -1000 24.34 1.41 87.507
car -1 -1 0.00 0.00 0.00 100.00 100.00 -1000 1.86 5.03 0.36 -1000 28.64 1.53 79.623
car -1 -1 0.00 0.00 0.00 100.00 100.00 -1000 1.77 4.84 -15.51 -1000 45.69 1.40 79.210
car -1 -1 0.00 0.00 0.00 100.00 100.00 -1000 1.54 3.74 15.28 -1000 29.90 -0.04 79.169
car -1 -1 0.00 0.00 0.00 100.00 100.00 -1000 1.75 4.90 3.29 -1000 20.64 0.11 78.804
car -1 -1 0.00 0.00 0.00 100.00 100.00 -1000 2.21 6.82 4.10 -1000 29.38 1.46 78.161
car -1 -1 0.00 0.00 0.00 100.00 100.00 -1000 1.82 4.99 -5.22 -1000 30.31 1.50 77.966
car -1 -1 0.00 0.00 0.00 100.00 100.00 -1000 1.64 4.23 4.82 -1000 27.68 -0.16 73.901
car -1 -1 0.00 0.00 0.00 100.00 100.00 -1000 1.65 4.05 4.62 -1000 20.97 1.56 71.666
car -1 -1 0.00 0.00 0.00 100.00 100.00 -1000 2.43 8.52 5.09 -1000 30.24 1.48 66.425
car -1 -1 0.00 0.00 0.00 100.00 100.00 -1000 1.69 4.37 -10.47 -1000 25.68 1.55 64.365
car -1 -1 0.00 0.00 0.00 100.00 100.00 -1000 2.09 6.40 -2.86 -1000 30.96 1.53 63.077
car -1 -1 0.00 0.00 0.00 100.00 100.00 -1000 2.05 6.36 -16.60 -1000 27.28 1.29 62.193
car -1 -1 0.00 0.00 0.00 100.00 100.00 -1000 1.70 4.35 -10.23 -1000 45.66 1.48 61.854
car -1 -1 0.00 0.00 0.00 100.00 100.00 -1000 2.30 7.50 0.51 -1000 30.19 1.51 61.579
car -1 -1 0.00 0.00 0.00 100.00 100.00 -1000 1.90 5.33 -11.58 -1000 27.40 1.58 59.176
car -1 -1 0.00 0.00 0.00 100.00 100.00 -1000 1.79 4.94 19.37 -1000 20.46 1.61 58.735
car -1 -1 0.00 0.00 0.00 100.00 100.00 -1000 1.63 4.10 17.56 -1000 20.66 1.65 58.698
car -1 -1 0.00 0.00 0.00 100.00 100.00 -1000 1.82 5.01 8.53 -1000 4.54 1.74 57.605
car -1 -1 0.00 0.00 0.00 100.00 100.00 -1000 1.77 4.62 1.81 -1000 26.24 -0.05 57.521
car -1 -1 0.00 0.00 0.00 100.00 100.00 -1000 1.76 4.75 2.48 -1000 19.97 0.24 56.394
car -1 -1 0.00 0.00 0.00 100.00 100.00 -1000 1.86 5.24 -15.94 -1000 25.11 1.37 55.443
car -1 -1 0.00 0.00 0.00 100.00 100.00 -1000 1.70 4.61 12.49 -1000 29.32 -0.03 55.379
car -1 -1 0.00 0.00 0.00 100.00 100.00 -1000 1.67 4.34 -12.33 -1000 25.87 0.28 54.764
car -1 -1 0.00 0.00 0.00 100.00 100.00 -1000 1.70 4.26 9.51 -1000 3.74 1.87 54.632
car -1 -1 0.00 0.00 0.00 100.00 100.00 -1000 1.68 4.63 6.47 -1000 27.31 1.63 54.181
car -1 -1 0.00 0.00 0.00 100.00 100.00 -1000 1.80 5.11 2.48 -1000 21.46 0.14 53.997
car -1 -1 0.00 0.00 0.00 100.00 100.00 -1000 1.87 5.99 -15.17 -1000 30.71 1.38 51.979
car -1 -1 0.00 0.00 0.00 100.00 100.00 -1000 2.43 8.59 5.46 -1000 31.81 1.46 50.760
car -1 -1 0.00 0.00 0.00 100.00 100.00 -1000 2.26 7.70 -15.64 -1000 33.59 1.31 50.726
car -1 -1 0.00 0.00 0.00 100.00 100.00 -1000 1.57 3.73 16.74 -1000 20.14 1.47 50.517
