car -1 -1 0.00 0.00 0.00 100.00 100.00 -1000 2.34 7.90 2.42 -1000 18.05 -0.10 143.614
car -1 -1 0.00 0.00 0.00 100.00 100.00 -1000 2.48 8.69 5.36 -1000 16.58 1.47 91.914
car -1 -1 0.00 0.00 0.00 100.00 100.00 -1000 3.06 14.29 -5.15 -1000 19.59 1.57 83.213
car -1 -1 0.00 0.00 0.00 100.00 100.00 -1000 2.38 8.61 5.75 -1000 15.38 1.64 80.882
car -1 -1 0.00 0.00 0.00 100.00 100.00 -1000 2.82 12.04 10.59 -1000 16.33 1.46 76.211
car -1 -1 0.00 0.00 0.00 100.00 100.00 -1000 1.75 4.99 -2.33 -1000 14.32 1.50 75.620
car -1 -1 0.00 0.00 0.00 100.00 100.00 -1000 1.96 5.49 2.71 -1000 14.50 -0.07 73.207
car -1 -1 0.00 0.00 0.00 100.00 100.00 -1000 2.02 6.60 -0.22 -1000 17.57 1.58 72.328
car -1 -1 0.00 0.00 0.00 100.00 100.00 -1000 2.48 8.23 -4.10 -1000 16.22 -0.26 64.692
car -1 -1 0.00 0.00 0.00 100.00 100.00 -1000 2.10 7.35 7.80 -1000 3.79 1.79 51.765
