car -1 -1 0.00 0.00 0.00 100.00 100.00 -1000 1.62 3.60 2.70 -1000 23.41 1.54 801.824
car -1 -1 0.00 0.00 0.00 100.00 100.00 -1000 1.63 3.72 2.54 -1000 10.42 1.47 764.529
car -1 -1 0.00 0.00 0.00 100.00 100.00 -1000 1.61 3.92 -4.06 -1000 23.54 1.52 731.405
car -1 -1 0.00 0.00 0.00 100.00 100.00 -1000 1.61 3.90 -3.40 -1000 5.87 1.42 461.504
car -1 -1 0.00 0.00 0.00 100.00 100.00 -1000 1.69 4.36 -3.28 -1000 10.82 1.49 329.918
car -1 -1 0.00 0.00 0.00 100.00 100.00 -1000 1.63 4.03 6.73 -1000 43.95 1.57 318.360
car -1 -1 0.00 0.00 0.00 100.00 100.00 -1000 1.74 4.42 -7.51 -1000 14.06 0.33 303.176
car -1 -1 0.00 0.00 0.00 100.00 100.00 -1000 1.73 4.45 2.08 -1000 27.87 1.51 262.621
car -1 -1 0.00 0.00 0.00 100.00 100.00 -1000 1.63 4.10 -4.02 -1000 28.87 1.52 247.565
car -1 -1 0.00 0.00 0.00 100.00 100.00 -1000 1.85 5.21 -4.02 -1000 29.71 1.48 182.688
car -1 -1 0.00 0.00 0.00 100.00 100.00 -1000 1.94 5.53 -4.16 -1000 27.84 1.38 154.842
car -1 -1 0.00 0.00 0.00 100.00 100.00 -1000 1.72 4.59 -4.09 -1000 10.23 1.53 123.222
car -1 -1 0.00 0.00 0.00 100.00 100.00 -1000 2.01 6.31 6.62 -1000 44.55 1.52 116.146
car -1 -1 0.00 0.00 0.00 100.00 100.00 -1000 1.89 5.66 -5.84 -1000 10.51 1.52 110.070
car -1 -1 0.00 0.00 0.00 100.00 100.00 -1000 1.87 5.71 2.72 -1000 23.98 1.54 107.887
car -1 -1 0.00 0.00 0.00 100.00 100.00 -1000 1.71 4.55 2.42 -1000 26.89 0.15 104.973
car -1 -1 0.00 0.00 0.00 100.00 100.00 -1000 1.98 6.01 -3.83 -1000 24.14 1.50 102.547
car -1 -1 0.00 0.00 0.00 100.00 100.00 -1000 1.90 5.74 -5.97 -1000 23.80 1.51 87.123
car -1 -1 0.00 0.00 0.00 100.00 100.00 -1000 1.80 4.93 -6.63 -1000 8.71 0.28 87.046
car -1 -1 0.00 0.00 0.00 100.00 100.00 -1000 1.74 4.58 -4.49 -1000 11.29 -0.13 83.367
car -1 -1 0.00 0.00 0.00 100.00 100.00 -1000 1.79 4.80 6.88 -1000 43.00 0.21 83.249
car -1 -1 0.00 0.00 0.00 100.00 100.00 -1000 2.04 6.35 -5.32 -1000 31.04 1.42 80.692
car -1 -1 0.00 0.00 0.00 100.00 100.00 -1000 1.82 5.23 -6.53 -1000 13.39 0.06 70.906
car -1 -1 0.00 0.00 0.00 100.00 100.00 -1000 2.25 7.21 -4.55 -1000 27.04 1.36 65.474
car -1 -1 0.00 0.00 0.00 100.00 100.00 -1000 1.82 4.96 -2.02 -1000 42.07 1.52 64.166
car -1 -1 0.00 0.00 0.00 100.00 100.00 -1000 2.17 7.26 -7.15 -1000 14.89 1.47 62.474
car -1 -1 0.00 0.00 0.00 100.00 100.00 -1000 1.74 4.97 -1.74 -1000 36.41 1.48 61.646
car -1 -1 0.00 0.00 0.00 100.00 100.00 -1000 1.72 4.46 -2.45 -1000 37.99 1.53 60.267
car -1 -1 0.00 0.00 0.00 100.00 100.00 -1000 1.97 6.03 -3.88 -1000 6.60 1.43 58.709
car -1 -1 0.00 0.00 0.00 100.00 100.00 -1000 1.93 6.03 4.14 -1000 27.96 1.63 58.431
car -1 -1 0.00 0.00 0.00 100.00 100.00 -1000 1.77 5.29 -3.13 -1000 32.79 1.42 58.430
car -1 -1 0.00 0.00 0.00 100.00 100.00 -1000 2.07 6.39 -6.64 -1000 31.84 1.40 58.427
car -1 -1 0.00 0.00 0.00 100.00 100.00 -1000 1.82 5.28 -8.44 -1000 27.06 0.07 57.441
car -1 -1 0.00 0.00 0.00 100.00 100.00 -1000 1.82 5.02 -2.58 -1000 35.64 1.43 57.123
car -1 -1 0.00 0.00 0.00 100.00 100.00 -1000 1.83 5.11 -5.76 -1000 9.64 -0.25 56.713
car -1 -1 0.00 0.00 0.00 100.00 100.00 -1000 1.81 4.86 -2.24 -1000 33.92 1.49 55.454
car -1 -1 0.00 0.00 0.00 100.00 100.00 -1000 2.14 6.71 4.72 -1000 14.12 1.43 54.508
car -1 -1 0.00 0.00 0.00 100.00 100.00 -1000 2.05 6.99 5.26 -1000 23.95 1.67 53.239
car -1 -1 0.00 0.00 0.00 100.00 100.00 -1000 2.00 5.96 7.54 -1000 37.54 1.41 53.235
car -1 -1 0.00 0.00 0.00 100.00 100.00 -1000 1.85 5.20 -3.93 -1000 25.87 1.42 52.998
car -1 -1 0.00 0.00 0.00 100.00 100.00 -1000 2.07 6.45 -4.25 -1000 11.94 1.47 51.796
car -1 -1 0.00 0.00 0.00 100.00 100.00 -1000 1.78 4.68 2.91 -1000 33.96 0.20 50.767
