car -1 -1 0.00 0.00 0.00 100.00 100.00 -1000 1.65 4.16 -5.25 -1000 11.10 0.14 776.988
car -1 -1 0.00 0.00 0.00 100.00 100.00 -1000 1.52 3.54 4.31 -1000 6.56 0.29 550.839
car -1 -1 0.00 0.00 0.00 100.00 100.00 -1000 1.55 3.58 -5.12 -1000 21.57 0.11 535.383
car -1 -1 0.00 0.00 0.00 100.00 100.00 -1000 1.55 3.62 4.27 -1000 9.96 -0.09 506.130
car -1 -1 0.00 0.00 0.00 100.00 100.00 -1000 1.51 3.45 3.77 -1000 37.03 0.26 332.730
car -1 -1 0.00 0.00 0.00 100.00 100.00 -1000 1.57 3.75 -4.11 -1000 26.99 0.14 265.908
car -1 -1 0.00 0.00 0.00 100.00 100.00 -1000 1.49 3.43 5.92 -1000 28.33 0.00 240.839
car -1 -1 0.00 0.00 0.00 100.00 100.00 -1000 1.48 3.54 4.27 -1000 7.45 -0.34 208.978
car -1 -1 0.00 0.00 0.00 100.00 100.00 -1000 1.69 4.34 4.16 -1000 10.77 1.71 195.991
car -1 -1 0.00 0.00 0.00 100.00 100.00 -1000 2.12 6.49 -5.86 -1000 13.61 1.46 188.294
car -1 -1 0.00 0.00 0.00 100.00 100.00 -1000 1.63 4.06 -11.95 -1000 43.96 -0.07 172.145
car -1 -1 0.00 0.00 0.00 100.00 100.00 -1000 1.63 4.20 5.20 -1000 36.79 0.18 156.120
car -1 -1 0.00 0.00 0.00 100.00 100.00 -1000 1.94 5.36 4.81 -1000 9.34 1.73 154.906
car -1 -1 0.00 0.00 0.00 100.00 100.00 -1000 1.84 4.88 4.68 -1000 38.15 1.48 138.215
car -1 -1 0.00 0.00 0.00 100.00 100.00 -1000 1.61 3.96 -6.30 -1000 21.99 0.13 135.559
car -1 -1 0.00 0.00 0.00 100.00 100.00 -1000 1.66 4.21 -3.89 -1000 28.23 1.43 128.876
car -1 -1 0.00 0.00 0.00 100.00 100.00 -1000 2.12 6.67 -6.99 -1000 23.82 1.49 127.672
car -1 -1 0.00 0.00 0.00 100.00 100.00 -1000 1.89 5.23 -6.53 -1000 22.86 1.48 124.306
car -1 -1 0.00 0.00 0.00 100.00 100.00 -1000 1.72 4.36 3.83 -1000 8.14 1.70 118.206
car -1 -1 0.00 0.00 0.00 100.00 100.00 -1000 1.69 4.15 -4.37 -1000 22.16 1.55 117.915
car -1 -1 0.00 0.00 0.00 100.00 100.00 -1000 1.83 5.48 -3.26 -1000 23.31 1.50 117.624
car -1 -1 0.00 0.00 0.00 100.00 100.00 -1000 1.61 3.90 2.48 -1000 45.22 0.10 116.374
car -1 -1 0.00 0.00 0.00 100.00 100.00 -1000 1.95 5.79 -6.04 -1000 12.49 1.53 109.417
car -1 -1 0.00 0.00 0.00 100.00 100.00 -1000 1.67 4.21 6.69 -1000 27.77 -0.04 109.143
car -1 -1 0.00 0.00 0.00 100.00 100.00 -1000 1.63 4.06 5.42 -1000 7.11 1.71 106.444
car -1 -1 0.00 0.00 0.00 100.00 100.00 -1000 1.52 3.33 -3.16 -1000 20.41 1.56 102.927
car -1 -1 0.00 0.00 0.00 100.00 100.00 -1000 1.69 4.42 -4.27 -1000 11.71 1.57 100.207
car -1 -1 0.00 0.00 0.00 100.00 100.00 -1000 2.11 6.45 6.22 -1000 11.24 1.55 99.363
car -1 -1 0.00 0.00 0.00 100.00 100.00 -1000 1.51 3.57 4.26 -1000 16.89 0.14 98.162
car -1 -1 0.00 0.00 0.00 100.00 100.00 -1000 1.71 4.48 -12.67 -1000 44.75 1.52 96.654
car -1 -1 0.00 0.00 0.00 100.00 100.00 -1000 1.58 3.85 12.65 -1000 24.37 -0.05 89.511
car -1 -1 0.00 0.00 0.00 100.00 100.00 -1000 2.12 7.19 4.02 -1000 11.55 1.62 89.270
car -1 -1 0.00 0.00 0.00 100.00 100.00 -1000 2.01 5.80 -4.68 -1000 26.24 1.65 87.052
car -1 -1 0.00 0.00 0.00 100.00 100.00 -1000 2.48 8.65 -6.11 -1000 14.70 1.44 86.808
car -1 -1 0.00 0.00 0.00 100.00 100.00 -1000 1.60 3.94 5.61 -1000 6.26 -0.05 84.407
car -1 -1 0.00 0.00 0.00 100.00 100.00 -1000 1.63 3.97 15.93 -1000 45.17 0.06 84.135
car -1 -1 0.00 0.00 0.00 100.00 100.00 -1000 2.03 6.14 -15.80 -1000 33.56 1.33 82.462
car -1 -1 0.00 0.00 0.00 100.00 100.00 -1000 2.34 7.94 -6.43 -1000 24.88 1.49 81.933
car -1 -1 0.00 0.00 0.00 100.00 100.00 -1000 1.58 3.52 -3.64 -1000 10.77 1.70 81.284
car -1 -1 0.00 0.00 0.00 100.00 100.00 -1000 1.53 3.33 -3.90 -1000 21.22 1.62 81.219
car -1 -1 0.00 0.00 0.00 100.00 100.00 -1000 1.73 4.71 5.87 -1000 37.67 1.54 79.888
car -1 -1 0.00 0.00 0.00 100.00 100.00 -1000 1.61 4.17 15.16 -1000 23.96 -0.00 76.766
car -1 -1 0.00 0.00 0.00 100.00 100.00 -1000 1.93 5.60 -11.85 -1000 45.45 1.47 76.503
car -1 -1 0.00 0.00 0.00 100.00 100.00 -1000 1.61 3.91 5.27 -1000 17.39 -0.03 76.062
car -1 -1 0.00 0.00 0.00 100.00 100.00 -1000 1.96 6.10 -3.46 -1000 12.80 1.52 73.629
car -1 -1 0.00 0.00 0.00 100.00 100.00 -1000 1.74 4.85 -2.94 -1000 29.02 1.49 72.652
car -1 -1 0.00 0.00 0.00 100.00 100.00 -1000 1.65 4.27 2.80 -1000 37.57 0.31 72.105
car -1 -1 0.00 0.00 0.00 100.00 100.00 -1000 1.87 5.22 6.53 -1000 29.24 1.55 71.795
car -1 -1 0.00 0.00 0.00 100.00 100.00 -1000 1.74 4.65 -5.34 -1000 20.73 0.08 70.345
car -1 -1 0.00 0.00 0.00 100.00 100.00 -1000 1.90 5.52 4.78 -1000 29.53 1.51 69.859
car -1 -1 0.00 0.00 0.00 100.00 100.00 -1000 1.70 4.42 7.74 -1000 3.54 1.69 68.266
car -1 -1 0.00 0.00 0.00 100.00 100.00 -1000 1.80 4.79 -0.34 -1000 39.27 1.60 68.161
car -1 -1 0.00 0.00 0.00 100.00 100.00 -1000 2.14 7.03 -5.49 -1000 28.68 1.46 67.838
car -1 -1 0.00 0.00 0.00 100.00 100.00 -1000 2.13 6.55 3.83 -1000 13.51 1.38 65.962
car -1 -1 0.00 0.00 0.00 100.00 100.00 -1000 1.75 4.40 9.27 -1000 45.51 0.00 65.020
car -1 -1 0.00 0.00 0.00 100.00 100.00 -1000 2.09 6.64 -3.79 -1000 24.12 1.48 63.825
car -1 -1 0.00 0.00 0.00 100.00 100.00 -1000 1.74 4.50 4.19 -1000 45.39 -0.11 62.945
car -1 -1 0.00 0.00 0.00 100.00 100.00 -1000 1.75 4.82 7.35 -1000 4.51 1.70 60.597
car -1 -1 0.00 0.00 0.00 100.00 100.00 -1000 1.54 3.31 -3.04 -1000 25.94 1.55 60.578
car -1 -1 0.00 0.00 0.00 100.00 100.00 -1000 1.87 5.43 15.34 -1000 24.65 1.55 60.039
car -1 -1 0.00 0.00 0.00 100.00 100.00 -1000 2.39 8.42 5.60 -1000 12.35 1.47 59.968
car -1 -1 0.00 0.00 0.00 100.00 100.00 -1000 2.03 6.54 -15.63 -1000 46.02 1.35 59.271
car -1 -1 0.00 0.00 0.00 100.00 100.00 -1000 1.75 4.83 -3.18 -1000 38.45 1.59 58.078
car -1 -1 0.00 0.00 0.00 100.00 100.00 -1000 1.60 3.86 -2.38 -1000 41.47 0.10 57.980
car -1 -1 0.00 0.00 0.00 100.00 100.00 -1000 1.65 4.21 13.77 -1000 23.62 0.09 57.765
car -1 -1 0.00 0.00 0.00 100.00 100.00 -1000 2.20 7.07 5.89 -1000 10.12 1.65 57.217
car -1 -1 0.00 0.00 0.00 100.00 100.00 -1000 1.67 4.27 7.66 -1000 45.10 0.12 56.844
car -1 -1 0.00 0.00 0.00 100.00 100.00 -1000 1.65 4.04 -2.46 -1000 25.18 1.59 56.051
car -1 -1 0.00 0.00 0.00 100.00 100.00 -1000 1.63 4.14 -4.84 -1000 27.58 0.25 55.761
car -1 -1 0.00 0.00 0.00 100.00 100.00 -1000 2.13 6.64 4.86 -1000 31.84 1.41 55.751
car -1 -1 0.00 0.00 0.00 100.00 100.00 -1000 1.63 4.10 5.94 -1000 10.72 -0.42 55.659
car -1 -1 0.00 0.00 0.00 100.00 100.00 -1000 1.81 5.15 11.91 -1000 13.56 1.53 55.303
car -1 -1 0.00 0.00 0.00 100.00 100.00 -1000 2.10 6.49 5.70 -1000 31.06 1.42 54.830
car -1 -1 0.00 0.00 0.00 100.00 100.00 -1000 2.28 7.53 7.36 -1000 13.25 1.42 54.435
car -1 -1 0.00 0.00 0.00 100.00 100.00 -1000 1.73 4.28 12.36 -1000 45.55 0.09 53.127
car -1 -1 0.00 0.00 0.00 100.00 100.00 -1000 1.86 5.30 -16.27 -1000 44.99 1.41 52.099
car -1 -1 0.00 0.00 0.00 100.00 100.00 -1000 2.02 5.96 5.59 -1000 8.59 1.50 51.897
car -1 -1 0.00 0.00 0.00 100.00 100.00 -1000 1.81 4.77 -4.14 -1000 25.03 1.57 50.191
