car -1 -1 0.00 0.00 0.00 100.00 100.00 -1000 1.50 3.25 -7.54 -1000 16.31 1.60 654.128
car -1 -1 0.00 0.00 0.00 100.00 100.00 -1000 1.46 3.12 -10.17 -1000 16.62 1.57 486.999
car -1 -1 0.00 0.00 0.00 100.00 100.00 -1000 1.63 4.09 -8.79 -1000 16.85 1.52 239.635
car -1 -1 0.00 0.00 0.00 100.00 100.00 -1000 1.52 3.65 -11.24 -1000 22.71 0.26 218.581
car -1 -1 0.00 0.00 0.00 100.00 100.00 -1000 1.60 3.81 -5.48 -1000 21.68 0.12 209.184
car -1 -1 0.00 0.00 0.00 100.00 100.00 -1000 2.06 6.13 -10.69 -1000 18.90 1.48 180.670
car -1 -1 0.00 0.00 0.00 100.00 100.00 -1000 1.69 4.40 -10.44 -1000 17.51 1.54 155.801
car -1 -1 0.00 0.00 0.00 100.00 100.00 -1000 2.04 6.04 -5.23 -1000 29.38 1.55 153.523
car -1 -1 0.00 0.00 0.00 100.00 100.00 -1000 1.64 4.06 -3.36 -1000 26.05 -0.11 149.929
car -1 -1 0.00 0.00 0.00 100.00 100.00 -1000 1.61 3.97 -12.52 -1000 22.96 0.17 136.891
car -1 -1 0.00 0.00 0.00 100.00 100.00 -1000 1.62 4.39 -3.68 -1000 21.59 0.15 123.675
car -1 -1 0.00 0.00 0.00 100.00 100.00 -1000 2.13 6.77 -11.94 -1000 19.62 1.51 118.721
car -1 -1 0.00 0.00 0.00 100.00 100.00 -1000 1.61 3.84 -12.60 -1000 26.63 0.14 118.659
car -1 -1 0.00 0.00 0.00 100.00 100.00 -1000 1.75 4.37 -5.76 -1000 26.49 0.02 116.076
car -1 -1 0.00 0.00 0.00 100.00 100.00 -1000 2.07 6.69 -11.56 -1000 18.08 1.48 110.580
car -1 -1 0.00 0.00 0.00 100.00 100.00 -1000 1.93 5.52 -15.58 -1000 32.19 -0.04 109.267
car -1 -1 0.00 0.00 0.00 100.00 100.00 -1000 1.69 4.43 -8.94 -1000 15.80 0.20 105.299
car -1 -1 0.00 0.00 0.00 100.00 100.00 -1000 2.23 7.24 -4.08 -1000 28.65 1.50 102.754
car -1 -1 0.00 0.00 0.00 100.00 100.00 -1000 2.16 7.04 -15.57 -1000 35.13 1.36 101.007
car -1 -1 0.00 0.00 0.00 100.00 100.00 -1000 1.75 4.60 2.12 -1000 21.41 -0.12 99.298
car -1 -1 0.00 0.00 0.00 100.00 100.00 -1000 1.94 5.66 -7.11 -1000 27.93 1.50 92.306
car -1 -1 0.00 0.00 0.00 100.00 100.00 -1000 1.69 4.15 -11.13 -1000 26.87 -0.02 91.356
car -1 -1 0.00 0.00 0.00 100.00 100.00 -1000 1.76 4.59 5.44 -1000 13.42 1.55 87.854
car -1 -1 0.00 0.00 0.00 100.00 100.00 -1000 1.56 3.93 -2.26 -1000 20.69 1.56 84.954
car -1 -1 0.00 0.00 0.00 100.00 100.00 -1000 2.08 6.58 -8.16 -1000 29.45 1.52 81.913
car -1 -1 0.00 0.00 0.00 100.00 100.00 -1000 1.77 4.27 -0.32 -1000 20.60 1.65 81.661
car -1 -1 0.00 0.00 0.00 100.00 100.00 -1000 1.89 5.25 6.52 -1000 14.08 1.41 80.686
car -1 -1 0.00 0.00 0.00 100.00 100.00 -1000 1.62 3.94 -10.33 -1000 22.24 1.52 79.930
car -1 -1 0.00 0.00 0.00 100.00 100.00 -1000 1.94 5.60 -15.92 -1000 33.57 1.33 77.268
car -1 -1 0.00 0.00 0.00 100.00 100.00 -1000 2.29 7.95 -15.58 -1000 36.20 1.32 77.203
car -1 -1 0.00 0.00 0.00 100.00 100.00 -1000 1.80 4.42 0.61 -1000 22.18 1.48 74.220
car -1 -1 0.00 0.00 0.00 100.00 100.00 -1000 1.87 5.14 -15.61 -1000 27.51 -0.10 73.803
car -1 -1 0.00 0.00 0.00 100.00 100.00 -1000 1.98 5.66 -4.29 -1000 27.42 1.42 72.962
car -1 -1 0.00 0.00 0.00 100.00 100.00 -1000 2.12 6.79 -12.05 -1000 30.22 1.49 72.752
car -1 -1 0.00 0.00 0.00 100.00 100.00 -1000 1.66 4.30 7.70 -1000 3.73 1.71 70.982
car -1 -1 0.00 0.00 0.00 100.00 100.00 -1000 1.77 4.73 3.57 -1000 26.58 1.44 70.681
car -1 -1 0.00 0.00 0.00 100.00 100.00 -1000 2.24 7.53 -2.56 -1000 29.38 1.47 68.693
car -1 -1 0.00 0.00 0.00 100.00 100.00 -1000 2.18 6.94 -7.93 -1000 18.45 1.50 68.640
car -1 -1 0.00 0.00 0.00 100.00 100.00 -1000 1.73 4.66 -0.50 -1000 3.19 1.50 67.143
car -1 -1 0.00 0.00 0.00 100.00 100.00 -1000 1.81 5.07 -15.73 -1000 18.23 1.26 66.006
car -1 -1 0.00 0.00 0.00 100.00 100.00 -1000 1.71 4.69 -10.63 -1000 16.09 1.59 64.612
car -1 -1 0.00 0.00 0.00 100.00 100.00 -1000 2.12 6.82 -11.13 -1000 29.46 1.48 64.353
car -1 -1 0.00 0.00 0.00 100.00 100.00 -1000 1.88 5.04 -0.47 -1000 23.03 1.44 64.315
car -1 -1 0.00 0.00 0.00 100.00 100.00 -1000 1.67 4.15 -4.98 -1000 22.37 0.04 63.184
car -1 -1 0.00 0.00 0.00 100.00 100.00 -1000 1.82 4.79 -16.24 -1000 28.61 1.42 62.815
car -1 -1 0.00 0.00 0.00 100.00 100.00 -1000 1.71 4.30 3.93 -1000 13.67 1.46 62.110
car -1 -1 0.00 0.00 0.00 100.00 100.00 -1000 2.15 7.20 -13.26 -1000 20.50 1.43 60.816
car -1 -1 0.00 0.00 0.00 100.00 100.00 -1000 1.56 3.72 2.19 -1000 25.08 0.06 60.060
car -1 -1 0.00 0.00 0.00 100.00 100.00 -1000 1.90 5.32 -2.67 -1000 26.77 1.56 59.867
car -1 -1 0.00 0.00 0.00 100.00 100.00 -1000 1.69 4.76 -16.29 -1000 21.18 1.47 57.798
car -1 -1 0.00 0.00 0.00 100.00 100.00 -1000 2.31 7.95 -4.97 -1000 30.43 1.45 57.789
car -1 -1 0.00 0.00 0.00 100.00 100.00 -1000 2.20 7.42 -15.52 -1000 37.50 1.30 57.196
car -1 -1 0.00 0.00 0.00 100.00 100.00 -1000 1.54 3.91 5.27 -1000 7.03 0.03 56.978
car -1 -1 0.00 0.00 0.00 100.00 100.00 -1000 1.73 4.62 -2.97 -1000 24.42 1.65 53.148
car -1 -1 0.00 0.00 0.00 100.00 100.00 -1000 2.13 6.74 -12.57 -1000 31.80 1.48 52.927
car -1 -1 0.00 0.00 0.00 100.00 100.00 -1000 1.68 4.42 -4.36 -1000 25.52 -0.01 52.828
car -1 -1 0.00 0.00 0.00 100.00 100.00 -1000 1.65 4.44 -6.08 -1000 16.06 1.74 52.613
car -1 -1 0.00 0.00 0.00 100.00 100.00 -1000 1.50 3.56 -0.33 -1000 24.95 0.25 52.573
car -1 -1 0.00 0.00 0.00 100.00 100.00 -1000 1.61 3.84 5.08 -1000 12.28 -0.09 52.557
car -1 -1 0.00 0.00 0.00 100.00 100.00 -1000 1.85 5.08 -0.83 -1000 26.26 1.54 52.017
car -1 -1 0.00 0.00 0.00 100.00 100.00 -1000 2.29 7.85 -8.00 -1000 30.51 1.44 51.646
car -1 -1 0.00 0.00 0.00 100.00 100.00 -1000 1.59 3.99 -6.77 -1000 21.97 0.19 50.483
