car -1 -1 0.00 0.00 0.00 100.00 100.00 -1000 1.61 3.86 -2.01 -1000 41.93 1.52 457.086
car -1 -1 0.00 0.00 0.00 100.00 100.00 -1000 2.36 7.82 -4.76 -1000 39.76 1.48 328.323
car -1 -1 0.00 0.00 0.00 100.00 100.00 -1000 2.25 7.21 -5.02 -1000 44.63 1.48 313.882
car -1 -1 0.00 0.00 0.00 100.00 100.00 -1000 1.58 3.78 -7.00 -1000 13.85 1.62 309.046
car -1 -1 0.00 0.00 0.00 100.00 100.00 -1000 2.04 5.88 -3.26 -1000 42.64 1.47 267.908
car -1 -1 0.00 0.00 0.00 100.00 100.00 -1000 2.20 6.84 -4.18 -1000 41.43 1.54 255.822
car -1 -1 0.00 0.00 0.00 100.00 100.00 -1000 2.23 6.92 -2.98 -1000 37.48 1.48 214.342
car -1 -1 0.00 0.00 0.00 100.00 100.00 -1000 2.66 9.91 -4.51 -1000 45.39 1.41 205.333
car -1 -1 0.00 0.00 0.00 100.00 100.00 -1000 2.44 8.58 -3.41 -1000 40.54 1.50 204.622
car -1 -1 0.00 0.00 0.00 100.00 100.00 -1000 2.14 6.59 -4.83 -1000 36.67 1.53 201.306
car -1 -1 0.00 0.00 0.00 100.00 100.00 -1000 2.15 6.29 -4.26 -1000 38.67 1.40 193.994
car -1 -1 0.00 0.00 0.00 100.00 100.00 -1000 2.22 6.78 -4.10 -1000 43.56 1.50 179.927
car -1 -1 0.00 0.00 0.00 100.00 100.00 -1000 1.89 5.48 -5.17 -1000 35.58 1.44 177.434
car -1 -1 0.00 0.00 0.00 100.00 100.00 -1000 1.65 4.10 -11.27 -1000 32.38 1.43 152.759
car -1 -1 0.00 0.00 0.00 100.00 100.00 -1000 2.04 5.81 -5.99 -1000 46.41 1.57 138.342
car -1 -1 0.00 0.00 0.00 100.00 100.00 -1000 1.65 4.24 -2.65 -1000 31.26 1.51 138.232
car -1 -1 0.00 0.00 0.00 100.00 100.00 -1000 2.16 6.86 -6.12 -1000 31.92 1.36 135.952
car -1 -1 0.00 0.00 0.00 100.00 100.00 -1000 2.10 6.37 -3.70 -1000 35.13 1.40 132.832
car -1 -1 0.00 0.00 0.00 100.00 100.00 -1000 1.72 4.31 -2.90 -1000 37.95 1.58 129.312
car -1 -1 0.00 0.00 0.00 100.00 100.00 -1000 2.00 5.76 -5.95 -1000 41.84 1.39 126.117
car -1 -1 0.00 0.00 0.00 100.00 100.00 -1000 1.84 5.00 -12.04 -1000 44.38 1.45 126.110
car -1 -1 0.00 0.00 0.00 100.00 100.00 -1000 1.77 4.69 -15.50 -1000 42.72 1.48 119.667
car -1 -1 0.00 0.00 0.00 100.00 100.00 -1000 2.16 6.76 -3.76 -1000 33.37 1.46 118.039
car -1 -1 0.00 0.00 0.00 100.00 100.00 -1000 2.46 8.50 -6.34 -1000 40.74 1.41 115.264
car -1 -1 0.00 0.00 0.00 100.00 100.00 -1000 1.66 4.39 -8.26 -1000 13.53 -0.44 114.428
car -1 -1 0.00 0.00 0.00 100.00 100.00 -1000 1.93 5.48 -3.38 -1000 32.33 1.48 113.887
car -1 -1 0.00 0.00 0.00 100.00 100.00 -1000 2.06 6.10 3.55 -1000 14.82 1.45 110.951
car -1 -1 0.00 0.00 0.00 100.00 100.00 -1000 1.60 4.17 -5.73 -1000 47.26 -0.14 109.632
car -1 -1 0.00 0.00 0.00 100.00 100.00 -1000 2.38 8.25 -6.73 -1000 39.06 1.51 109.573
car -1 -1 0.00 0.00 0.00 100.00 100.00 -1000 1.71 4.43 -6.10 -1000 9.01 1.36 89.599
car -1 -1 0.00 0.00 0.00 100.00 100.00 -1000 1.73 4.49 -5.10 -1000 42.96 0.12 88.948
car -1 -1 0.00 0.00 0.00 100.00 100.00 -1000 2.09 6.36 -5.03 -1000 34.10 1.38 87.214
car -1 -1 0.00 0.00 0.00 100.00 100.00 -1000 1.62 4.06 -5.96 -1000 23.97 1.51 85.647
car -1 -1 0.00 0.00 0.00 100.00 100.00 -1000 1.73 4.48 -2.51 -1000 30.10 1.54 85.437
car -1 -1 0.00 0.00 0.00 100.00 100.00 -1000 1.68 4.26 -7.27 -1000 47.07 -0.20 83.470
car -1 -1 0.00 0.00 0.00 100.00 100.00 -1000 2.15 6.59 -5.80 -1000 38.04 1.47 83.098
car -1 -1 0.00 0.00 0.00 100.00 100.00 -1000 1.65 4.26 -2.31 -1000 41.13 -0.05 79.718
car -1 -1 0.00 0.00 0.00 100.00 100.00 -1000 1.66 4.36 -2.56 -1000 46.84 0.23 74.904
car -1 -1 0.00 0.00 0.00 100.00 100.00 -1000 1.83 5.48 -6.61 -1000 14.53 1.52 72.376
car -1 -1 0.00 0.00 0.00 100.00 100.00 -1000 2.19 6.71 -1.98 -1000 36.67 1.56 72.093
car -1 -1 0.00 0.00 0.00 100.00 100.00 -1000 2.25 7.29 3.55 -1000 15.92 1.42 71.786
car -1 -1 0.00 0.00 0.00 100.00 100.00 -1000 2.54 8.80 -2.69 -1000 46.08 1.32 69.358
car -1 -1 0.00 0.00 0.00 100.00 100.00 -1000 1.68 4.36 -5.94 -1000 13.20 0.14 68.659
car -1 -1 0.00 0.00 0.00 100.00 100.00 -1000 2.07 6.39 -6.80 -1000 44.11 1.43 67.268
car -1 -1 0.00 0.00 0.00 100.00 100.00 -1000 1.58 4.01 -2.31 -1000 28.35 1.60 66.090
car -1 -1 0.00 0.00 0.00 100.00 100.00 -1000 1.72 4.55 -6.82 -1000 9.98 0.12 60.810
car -1 -1 0.00 0.00 0.00 100.00 100.00 -1000 1.72 4.60 -2.59 -1000 29.15 1.54 60.226
car -1 -1 0.00 0.00 0.00 100.00 100.00 -1000 2.45 8.73 -6.65 -1000 27.31 1.40 58.521
car -1 -1 0.00 0.00 0.00 100.00 100.00 -1000 1.86 5.19 -6.03 -1000 29.88 1.46 57.243
car -1 -1 0.00 0.00 0.00 100.00 100.00 -1000 1.93 5.47 3.95 -1000 13.72 1.43 55.928
car -1 -1 0.00 0.00 0.00 100.00 100.00 -1000 2.72 10.73 6.77 -1000 15.49 1.51 54.834
car -1 -1 0.00 0.00 0.00 100.00 100.00 -1000 2.10 6.37 -5.48 -1000 32.92 1.46 54.715
car -1 -1 0.00 0.00 0.00 100.00 100.00 -1000 1.62 4.29 -0.56 -1000 40.73 0.28 54.366
car -1 -1 0.00 0.00 0.00 100.00 100.00 -1000 1.86 5.17 -13.57 -1000 43.68 1.50 54.112
car -1 -1 0.00 0.00 0.00 100.00 100.00 -1000 1.77 4.90 -6.64 -1000 45.52 -0.14 53.329
car -1 -1 0.00 0.00 0.00 100.00 100.00 -1000 1.90 5.30 -2.70 -1000 27.62 1.47 53.017
car -1 -1 0.00 0.00 0.00 100.00 100.00 -1000 1.95 5.63 -5.87 -1000 28.26 1.52 52.815
car -1 -1 0.00 0.00 0.00 100.00 100.00 -1000 1.79 4.83 -12.89 -1000 32.13 1.48 52.337
car -1 -1 0.00 0.00 0.00 100.00 100.00 -1000 1.76 4.81 1.75 -1000 36.20 1.53 52.187
car -1 -1 0.00 0.00 0.00 100.00 100.00 -1000 1.56 3.29 -1.19 -1000 36.85 1.48 51.826
car -1 -1 0.00 0.00 0.00 100.00 100.00 -1000 1.88 5.05 -6.12 -1000 23.20 1.60 51.378
car -1 -1 0.00 0.00 0.00 100.00 100.00 -1000 1.82 4.92 -7.28 -1000 42.57 0.13 51.299
