car -1 -1 0.00 0.00 0.00 100.00 100.00 -1000 1.59 3.76 -3.70 -1000 27.47 1.58 741.097
car -1 -1 0.00 0.00 0.00 100.00 100.00 -1000 1.63 4.01 -3.91 -1000 11.14 1.56 716.609
car -1 -1 0.00 0.00 0.00 100.00 100.00 -1000 1.64 4.07 2.84 -1000 22.96 1.61 712.365
car -1 -1 0.00 0.00 0.00 100.00 100.00 -1000 1.65 4.16 -4.00 -1000 16.46 1.56 644.133
car -1 -1 0.00 0.00 0.00 100.00 100.00 -1000 1.72 4.43 7.83 -1000 42.18 0.31 299.618
car -1 -1 0.00 0.00 0.00 100.00 100.00 -1000 1.67 4.15 11.50 -1000 20.68 -0.58 299.572
car -1 -1 0.00 0.00 0.00 100.00 100.00 -1000 1.68 4.32 8.89 -1000 22.21 2.02 291.030
car -1 -1 0.00 0.00 0.00 100.00 100.00 -1000 1.79 4.81 -3.41 -1000 33.12 1.58 162.963
car -1 -1 0.00 0.00 0.00 100.00 100.00 -1000 1.74 4.42 9.70 -1000 21.60 1.69 160.843
car -1 -1 0.00 0.00 0.00 100.00 100.00 -1000 1.84 5.27 7.88 -1000 10.90 1.55 130.031
car -1 -1 0.00 0.00 0.00 100.00 100.00 -1000 1.66 4.16 8.66 -1000 30.46 -0.25 115.002
car -1 -1 0.00 0.00 0.00 100.00 100.00 -1000 2.00 6.30 2.93 -1000 35.13 1.57 97.748
car -1 -1 0.00 0.00 0.00 100.00 100.00 -1000 1.68 4.40 -4.45 -1000 26.69 0.25 94.896
car -1 -1 0.00 0.00 0.00 100.00 100.00 -1000 2.09 6.25 7.71 -1000 24.57 1.46 93.518
car -1 -1 0.00 0.00 0.00 100.00 100.00 -1000 2.05 6.41 -4.65 -1000 28.07 1.55 89.489
car -1 -1 0.00 0.00 0.00 100.00 100.00 -1000 2.05 6.34 -3.51 -1000 34.13 1.49 88.822
car -1 -1 0.00 0.00 0.00 100.00 100.00 -1000 1.89 5.72 7.61 -1000 22.87 1.53 83.237
car -1 -1 0.00 0.00 0.00 100.00 100.00 -1000 1.78 4.71 9.55 -1000 42.40 0.03 82.591
car -1 -1 0.00 0.00 0.00 100.00 100.00 -1000 2.07 6.70 -4.89 -1000 16.96 1.56 80.563
car -1 -1 0.00 0.00 0.00 100.00 100.00 -1000 1.77 4.60 -3.63 -1000 29.97 1.41 80.284
car -1 -1 0.00 0.00 0.00 100.00 100.00 -1000 2.21 7.06 -4.02 -1000 31.96 1.36 79.678
car -1 -1 0.00 0.00 0.00 100.00 100.00 -1000 1.90 5.45 10.86 -1000 22.20 1.56 78.714
car -1 -1 0.00 0.00 0.00 100.00 100.00 -1000 1.66 4.23 -3.81 -1000 14.88 0.42 71.675
car -1 -1 0.00 0.00 0.00 100.00 100.00 -1000 1.89 5.42 12.44 -1000 21.36 -0.47 67.363
car -1 -1 0.00 0.00 0.00 100.00 100.00 -1000 2.07 6.27 -3.40 -1000 35.55 1.45 65.519
car -1 -1 0.00 0.00 0.00 100.00 100.00 -1000 1.93 5.83 7.01 -1000 11.64 1.49 61.899
car -1 -1 0.00 0.00 0.00 100.00 100.00 -1000 1.87 5.52 -5.34 -1000 11.66 1.56 58.239
car -1 -1 0.00 0.00 0.00 100.00 100.00 -1000 2.09 6.47 7.16 -1000 43.93 1.40 55.240
car -1 -1 0.00 0.00 0.00 100.00 100.00 -1000 1.97 5.96 -4.42 -1000 15.79 1.48 54.007
car -1 -1 0.00 0.00 0.00 100.00 100.00 -1000 2.08 6.30 3.13 -1000 33.85 1.49 51.145
