car -1 -1 0.00 0.00 0.00 100.00 100.00 -1000 1.57 3.82 -3.68 -1000 17.08 1.61 661.262
car -1 -1 0.00 0.00 0.00 100.00 100.00 -1000 1.50 3.51 -1.11 -1000 23.30 1.55 554.529
car -1 -1 0.00 0.00 0.00 100.00 100.00 -1000 1.92 5.48 -3.99 -1000 17.82 1.53 463.657
car -1 -1 0.00 0.00 0.00 100.00 100.00 -1000 2.37 7.44 -4.06 -1000 19.23 1.57 403.893
car -1 -1 0.00 0.00 0.00 100.00 100.00 -1000 2.33 7.40 5.93 -1000 42.21 1.43 342.628
car -1 -1 0.00 0.00 0.00 100.00 100.00 -1000 2.36 7.65 7.09 -1000 40.66 1.48 329.309
car -1 -1 0.00 0.00 0.00 100.00 100.00 -1000 1.58 3.78 13.59 -1000 35.03 1.57 326.816
car -1 -1 0.00 0.00 0.00 100.00 100.00 -1000 2.23 6.77 6.82 -1000 43.54 1.50 282.746
car -1 -1 0.00 0.00 0.00 100.00 100.00 -1000 2.18 6.63 6.27 -1000 44.70 1.52 268.067
car -1 -1 0.00 0.00 0.00 100.00 100.00 -1000 2.36 7.66 5.29 -1000 39.84 1.44 264.661
car -1 -1 0.00 0.00 0.00 100.00 100.00 -1000 2.37 7.54 4.68 -1000 41.39 1.47 245.100
car -1 -1 0.00 0.00 0.00 100.00 100.00 -1000 2.47 8.03 -5.16 -1000 20.26 1.50 230.666
car -1 -1 0.00 0.00 0.00 100.00 100.00 -1000 2.16 6.49 5.28 -1000 45.45 1.50 221.091
car -1 -1 0.00 0.00 0.00 100.00 100.00 -1000 1.69 4.16 -3.95 -1000 16.27 -0.12 214.008
car -1 -1 0.00 0.00 0.00 100.00 100.00 -1000 2.22 6.87 7.69 -1000 39.46 1.49 210.660
car -1 -1 0.00 0.00 0.00 100.00 100.00 -1000 2.22 6.90 5.50 -1000 38.68 1.46 208.455
car -1 -1 0.00 0.00 0.00 100.00 100.00 -1000 2.33 7.33 4.65 -1000 43.06 1.53 205.625
car -1 -1 0.00 0.00 0.00 100.00 100.00 -1000 1.83 5.27 15.49 -1000 35.27 1.75 188.086
car -1 -1 0.00 0.00 0.00 100.00 100.00 -1000 2.26 6.90 3.38 -1000 40.66 1.48 187.896
car -1 -1 0.00 0.00 0.00 100.00 100.00 -1000 1.98 5.43 3.64 -1000 44.69 1.44 171.852
car -1 -1 0.00 0.00 0.00 100.00 100.00 -1000 1.66 4.11 -5.26 -1000 16.75 1.40 155.925
car -1 -1 0.00 0.00 0.00 100.00 100.00 -1000 2.19 6.67 2.81 -1000 46.34 1.52 151.281
car -1 -1 0.00 0.00 0.00 100.00 100.00 -1000 2.00 5.80 2.29 -1000 44.04 1.50 141.918
car -1 -1 0.00 0.00 0.00 100.00 100.00 -1000 1.86 5.21 -16.93 -1000 44.05 1.41 141.767
car -1 -1 0.00 0.00 0.00 100.00 100.00 -1000 1.89 5.53 -1.51 -1000 23.86 1.52 141.731
car -1 -1 0.00 0.00 0.00 100.00 100.00 -1000 2.21 6.69 3.08 -1000 42.17 1.51 128.965
car -1 -1 0.00 0.00 0.00 100.00 100.00 -1000 2.11 6.23 6.10 -1000 37.48 1.43 125.719
car -1 -1 0.00 0.00 0.00 100.00 100.00 -1000 1.66 4.08 -6.76 -1000 34.95 0.11 118.476
car -1 -1 0.00 0.00 0.00 100.00 100.00 -1000 1.97 5.66 -15.89 -1000 41.58 1.26 111.350
car -1 -1 0.00 0.00 0.00 100.00 100.00 -1000 1.71 4.39 4.98 -1000 43.60 -0.28 111.124
car -1 -1 0.00 0.00 0.00 100.00 100.00 -1000 1.98 5.52 2.86 -1000 39.60 1.55 108.458
car -1 -1 0.00 0.00 0.00 100.00 100.00 -1000 2.31 7.41 6.47 -1000 46.18 1.51 108.146
car -1 -1 0.00 0.00 0.00 100.00 100.00 -1000 1.97 5.67 13.60 -1000 35.57 1.50 107.438
car -1 -1 0.00 0.00 0.00 100.00 100.00 -1000 1.62 3.82 -4.29 -1000 14.87 0.46 106.573
car -1 -1 0.00 0.00 0.00 100.00 100.00 -1000 2.17 6.63 -6.22 -1000 18.66 1.51 105.847
car -1 -1 0.00 0.00 0.00 100.00 100.00 -1000 1.59 3.73 13.80 -1000 33.74 0.14 100.126
car -1 -1 0.00 0.00 0.00 100.00 100.00 -1000 2.11 6.31 8.02 -1000 41.46 1.46 100.058
car -1 -1 0.00 0.00 0.00 100.00 100.00 -1000 1.91 5.37 2.87 -1000 37.65 1.50 98.608
car -1 -1 0.00 0.00 0.00 100.00 100.00 -1000 2.44 8.43 5.61 -1000 47.11 1.45 97.200
car -1 -1 0.00 0.00 0.00 100.00 100.00 -1000 1.78 4.69 -16.54 -1000 36.83 1.49 94.400
car -1 -1 0.00 0.00 0.00 100.00 100.00 -1000 1.95 5.57 7.02 -1000 36.43 1.52 92.481
car -1 -1 0.00 0.00 0.00 100.00 100.00 -1000 1.59 3.84 12.90 -1000 34.31 0.06 87.275
car -1 -1 0.00 0.00 0.00 100.00 100.00 -1000 2.38 7.83 15.24 -1000 36.76 1.49 87.160
car -1 -1 0.00 0.00 0.00 100.00 100.00 -1000 1.75 4.58 5.37 -1000 29.06 1.50 87.102
car -1 -1 0.00 0.00 0.00 100.00 100.00 -1000 2.51 8.70 8.42 -1000 45.39 1.49 86.020
car -1 -1 0.00 0.00 0.00 100.00 100.00 -1000 1.78 4.81 -5.79 -1000 36.34 1.52 85.432
car -1 -1 0.00 0.00 0.00 100.00 100.00 -1000 2.11 7.00 -1.76 -1000 25.03 1.52 83.006
car -1 -1 0.00 0.00 0.00 100.00 100.00 -1000 1.81 5.10 0.64 -1000 37.63 1.53 82.820
car -1 -1 0.00 0.00 0.00 100.00 100.00 -1000 2.01 5.86 -5.81 -1000 15.89 1.32 82.387
car -1 -1 0.00 0.00 0.00 100.00 100.00 -1000 1.67 4.07 -2.39 -1000 36.54 1.54 79.764
car -1 -1 0.00 0.00 0.00 100.00 100.00 -1000 2.22 7.01 -5.76 -1000 21.23 1.43 75.157
car -1 -1 0.00 0.00 0.00 100.00 100.00 -1000 2.21 6.80 9.44 -1000 38.22 1.43 74.742
car -1 -1 0.00 0.00 0.00 100.00 100.00 -1000 2.33 7.61 8.10 -1000 42.68 1.52 74.497
car -1 -1 0.00 0.00 0.00 100.00 100.00 -1000 1.65 4.36 0.02 -1000 35.91 1.55 74.226
car -1 -1 0.00 0.00 0.00 100.00 100.00 -1000 1.82 5.18 -7.12 -1000 8.67 1.55 73.398
car -1 -1 0.00 0.00 0.00 100.00 100.00 -1000 1.79 4.65 3.02 -1000 36.41 1.59 72.913
car -1 -1 0.00 0.00 0.00 100.00 100.00 -1000 1.78 5.05 -3.76 -1000 20.95 1.48 72.518
car -1 -1 0.00 0.00 0.00 100.00 100.00 -1000 1.55 3.80 -4.05 -1000 21.78 0.25 72.411
car -1 -1 0.00 0.00 0.00 100.00 100.00 -1000 1.76 4.64 -6.45 -1000 17.50 1.49 69.603
car -1 -1 0.00 0.00 0.00 100.00 100.00 -1000 2.33 8.11 -4.08 -1000 26.14 1.41 69.598
car -1 -1 0.00 0.00 0.00 100.00 100.00 -1000 2.30 7.66 11.39 -1000 37.46 1.45 69.391
car -1 -1 0.00 0.00 0.00 100.00 100.00 -1000 1.82 4.96 -4.58 -1000 47.36 1.51 69.350
car -1 -1 0.00 0.00 0.00 100.00 100.00 -1000 1.63 3.94 -3.08 -1000 41.39 1.54 68.876
car -1 -1 0.00 0.00 0.00 100.00 100.00 -1000 2.01 5.87 5.19 -1000 36.76 1.44 68.858
car -1 -1 0.00 0.00 0.00 100.00 100.00 -1000 2.27 7.33 10.92 -1000 46.34 1.43 68.748
car -1 -1 0.00 0.00 0.00 100.00 100.00 -1000 1.84 5.09 -16.39 -1000 42.83 1.33 66.025
car -1 -1 0.00 0.00 0.00 100.00 100.00 -1000 2.55 9.27 8.61 -1000 44.26 1.56 64.582
car -1 -1 0.00 0.00 0.00 100.00 100.00 -1000 1.70 4.62 0.16 -1000 33.91 1.58 63.497
car -1 -1 0.00 0.00 0.00 100.00 100.00 -1000 1.73 4.39 2.64 -1000 38.61 0.05 62.430
car -1 -1 0.00 0.00 0.00 100.00 100.00 -1000 1.82 5.07 2.19 -1000 31.89 1.54 61.576
car -1 -1 0.00 0.00 0.00 100.00 100.00 -1000 1.83 4.32 -0.93 -1000 22.57 1.52 60.457
car -1 -1 0.00 0.00 0.00 100.00 100.00 -1000 1.79 4.78 -4.42 -1000 41.70 1.47 60.448
car -1 -1 0.00 0.00 0.00 100.00 100.00 -1000 2.18 7.55 -1.70 -1000 26.57 1.45 57.192
car -1 -1 0.00 0.00 0.00 100.00 100.00 -1000 1.72 4.32 -1.83 -1000 35.66 1.46 56.413
car -1 -1 0.00 0.00 0.00 100.00 100.00 -1000 1.90 5.29 15.65 -1000 45.37 1.47 56.048
car -1 -1 0.00 0.00 0.00 100.00 100.00 -1000 2.00 6.04 8.74 -1000 36.77 1.48 56.010
car -1 -1 0.00 0.00 0.00 100.00 100.00 -1000 1.82 5.05 -0.15 -1000 36.75 1.58 55.640
car -1 -1 0.00 0.00 0.00 100.00 100.00 -1000 2.05 6.22 -4.20 -1000 36.70 1.45 55.524
car -1 -1 0.00 0.00 0.00 100.00 100.00 -1000 1.72 4.30 -2.14 -1000 33.25 1.52 55.171
car -1 -1 0.00 0.00 0.00 100.00 100.00 -1000 1.83 5.27 -16.11 -1000 27.16 1.35 54.752
car -1 -1 0.00 0.00 0.00 100.00 100.00 -1000 1.60 4.10 -3.31 -1000 22.46 1.57 54.737
car -1 -1 0.00 0.00 0.00 100.00 100.00 -1000 1.90 5.50 -16.42 -1000 45.09 1.36 54.476
car -1 -1 0.00 0.00 0.00 100.00 100.00 -1000 1.80 5.00 -5.97 -1000 19.52 -0.35 52.391
car -1 -1 0.00 0.00 0.00 100.00 100.00 -1000 2.10 6.93 -4.04 -1000 24.74 1.44 50.857
car -1 -1 0.00 0.00 0.00 100.00 100.00 -1000 1.83 5.41 0.24 -1000 27.45 1.57 50.378
