car -1 -1 0.00 0.00 0.00 100.00 100.00 -1000 1.44 3.05 -2.29 -1000 17.11 1.60 772.363
car -1 -1 0.00 0.00 0.00 100.00 100.00 -1000 1.46 3.10 0.20 -1000 22.30 1.57 635.410
car -1 -1 0.00 0.00 0.00 100.00 100.00 -1000 1.45 3.27 -5.47 -1000 8.54 -0.03 620.547
car -1 -1 0.00 0.00 0.00 100.00 100.00 -1000 1.59 3.71 2.71 -1000 12.92 1.62 567.621
car -1 -1 0.00 0.00 0.00 100.00 100.00 -1000 1.46 3.15 -5.70 -1000 19.83 1.60 553.711
car -1 -1 0.00 0.00 0.00 100.00 100.00 -1000 1.64 4.07 -14.97 -1000 32.28 1.46 387.177
car -1 -1 0.00 0.00 0.00 100.00 100.00 -1000 1.56 3.59 -5.33 -1000 11.64 0.11 367.109
car -1 -1 0.00 0.00 0.00 100.00 100.00 -1000 1.49 3.31 2.62 -1000 41.93 1.50 364.884
car -1 -1 0.00 0.00 0.00 100.00 100.00 -1000 1.60 3.82 2.68 -1000 17.73 1.51 325.746
car -1 -1 0.00 0.00 0.00 100.00 100.00 -1000 1.41 3.24 -6.26 -1000 29.95 0.20 242.648
car -1 -1 0.00 0.00 0.00 100.00 100.00 -1000 1.50 3.71 -6.46 -1000 8.92 0.35 236.932
car -1 -1 0.00 0.00 0.00 100.00 100.00 -1000 1.55 3.60 2.87 -1000 23.46 1.56 229.589
car -1 -1 0.00 0.00 0.00 100.00 100.00 -1000 1.47 3.47 -2.69 -1000 21.73 0.03 212.186
car -1 -1 0.00 0.00 0.00 100.00 100.00 -1000 1.53 3.52 -2.47 -1000 22.52 1.67 183.091
car -1 -1 0.00 0.00 0.00 100.00 100.00 -1000 1.74 4.81 3.75 -1000 42.32 1.59 156.509
car -1 -1 0.00 0.00 0.00 100.00 100.00 -1000 1.73 4.66 -5.30 -1000 9.38 1.65 148.853
car -1 -1 0.00 0.00 0.00 100.00 100.00 -1000 1.82 4.78 -6.78 -1000 12.09 1.51 147.382
car -1 -1 0.00 0.00 0.00 100.00 100.00 -1000 1.52 4.00 2.71 -1000 22.56 0.04 146.009
car -1 -1 0.00 0.00 0.00 100.00 100.00 -1000 1.72 4.56 -3.95 -1000 9.73 1.48 138.175
car -1 -1 0.00 0.00 0.00 100.00 100.00 -1000 1.70 4.32 -3.48 -1000 17.44 1.49 133.240
car -1 -1 0.00 0.00 0.00 100.00 100.00 -1000 1.61 3.86 -9.73 -1000 14.17 1.48 126.783
car -1 -1 0.00 0.00 0.00 100.00 100.00 -1000 1.69 4.23 3.45 -1000 24.12 1.68 121.701
car -1 -1 0.00 0.00 0.00 100.00 100.00 -1000 1.53 3.77 -5.51 -1000 18.83 0.34 120.364
car -1 -1 0.00 0.00 0.00 100.00 100.00 -1000 1.95 5.53 -5.96 -1000 10.94 1.46 110.643
car -1 -1 0.00 0.00 0.00 100.00 100.00 -1000 2.06 6.37 -15.15 -1000 33.33 1.41 106.150
car -1 -1 0.00 0.00 0.00 100.00 100.00 -1000 1.85 5.22 -3.08 -1000 20.92 1.50 104.905
car -1 -1 0.00 0.00 0.00 100.00 100.00 -1000 1.62 3.94 4.40 -1000 12.70 1.72 98.701
car -1 -1 0.00 0.00 0.00 100.00 100.00 -1000 1.60 3.94 3.21 -1000 16.77 0.04 92.524
car -1 -1 0.00 0.00 0.00 100.00 100.00 -1000 1.75 4.74 1.83 -1000 42.56 1.53 92.143
car -1 -1 0.00 0.00 0.00 100.00 100.00 -1000 1.90 5.16 -8.25 -1000 12.57 1.56 91.920
car -1 -1 0.00 0.00 0.00 100.00 100.00 -1000 1.77 4.89 4.02 -1000 18.20 1.69 90.677
car -1 -1 0.00 0.00 0.00 100.00 100.00 -1000 1.79 4.49 3.55 -1000 12.10 1.65 90.092
car -1 -1 0.00 0.00 0.00 100.00 100.00 -1000 1.91 5.41 -2.50 -1000 23.26 1.45 87.509
car -1 -1 0.00 0.00 0.00 100.00 100.00 -1000 1.60 3.99 -6.66 -1000 20.30 0.09 86.395
car -1 -1 0.00 0.00 0.00 100.00 100.00 -1000 1.61 3.97 4.13 -1000 23.19 0.03 86.347
car -1 -1 0.00 0.00 0.00 100.00 100.00 -1000 1.80 4.91 3.52 -1000 13.54 1.71 84.007
car -1 -1 0.00 0.00 0.00 100.00 100.00 -1000 1.77 4.69 -6.38 -1000 12.97 1.53 83.795
car -1 -1 0.00 0.00 0.00 100.00 100.00 -1000 1.62 3.85 -0.02 -1000 32.84 -0.00 79.876
car -1 -1 0.00 0.00 0.00 100.00 100.00 -1000 1.61 4.16 -4.03 -1000 16.21 0.31 77.114
car -1 -1 0.00 0.00 0.00 100.00 100.00 -1000 1.71 4.64 -2.21 -1000 27.15 1.55 73.107
car -1 -1 0.00 0.00 0.00 100.00 100.00 -1000 1.80 5.01 -4.67 -1000 20.33 1.59 68.091
car -1 -1 0.00 0.00 0.00 100.00 100.00 -1000 2.03 6.25 -2.46 -1000 25.44 1.46 67.416
car -1 -1 0.00 0.00 0.00 100.00 100.00 -1000 1.55 3.79 -7.18 -1000 30.44 0.22 66.949
car -1 -1 0.00 0.00 0.00 100.00 100.00 -1000 1.70 4.48 -4.69 -1000 10.48 -0.10 66.818
car -1 -1 0.00 0.00 0.00 100.00 100.00 -1000 1.85 4.87 -4.86 -1000 17.95 1.55 66.277
car -1 -1 0.00 0.00 0.00 100.00 100.00 -1000 1.61 4.12 -5.86 -1000 29.28 0.28 64.968
car -1 -1 0.00 0.00 0.00 100.00 100.00 -1000 1.58 3.91 2.80 -1000 40.66 0.24 64.866
car -1 -1 0.00 0.00 0.00 100.00 100.00 -1000 1.76 4.55 -8.26 -1000 13.47 1.56 63.843
car -1 -1 0.00 0.00 0.00 100.00 100.00 -1000 1.61 4.05 -10.64 -1000 13.44 0.19 61.697
car -1 -1 0.00 0.00 0.00 100.00 100.00 -1000 1.99 6.07 -6.89 -1000 21.30 1.47 60.867
car -1 -1 0.00 0.00 0.00 100.00 100.00 -1000 1.66 4.27 -4.31 -1000 29.99 1.67 59.147
car -1 -1 0.00 0.00 0.00 100.00 100.00 -1000 1.98 5.95 4.00 -1000 24.87 1.57 59.142
car -1 -1 0.00 0.00 0.00 100.00 100.00 -1000 1.72 4.49 3.02 -1000 11.34 0.03 58.331
car -1 -1 0.00 0.00 0.00 100.00 100.00 -1000 1.76 4.90 -15.42 -1000 31.22 0.17 56.851
car -1 -1 0.00 0.00 0.00 100.00 100.00 -1000 1.94 5.49 -7.76 -1000 11.40 1.47 55.976
car -1 -1 0.00 0.00 0.00 100.00 100.00 -1000 1.59 3.73 -0.03 -1000 21.29 1.59 55.951
car -1 -1 0.00 0.00 0.00 100.00 100.00 -1000 1.60 4.42 -2.67 -1000 9.08 1.76 55.756
car -1 -1 0.00 0.00 0.00 100.00 100.00 -1000 1.58 4.23 -4.28 -1000 12.30 1.55 55.342
car -1 -1 0.00 0.00 0.00 100.00 100.00 -1000 1.85 5.21 -6.75 -1000 9.98 1.52 54.475
car -1 -1 0.00 0.00 0.00 100.00 100.00 -1000 2.01 6.55 -5.54 -1000 22.08 1.46 53.713
car -1 -1 0.00 0.00 0.00 100.00 100.00 -1000 1.92 5.50 2.36 -1000 18.78 1.55 53.111
car -1 -1 0.00 0.00 0.00 100.00 100.00 -1000 2.09 6.75 5.17 -1000 14.10 1.64 53.054
car -1 -1 0.00 0.00 0.00 100.00 100.00 -1000 1.69 4.44 5.04 -1000 17.56 1.68 52.342
car -1 -1 0.00 0.00 0.00 100.00 100.00 -1000 1.77 4.80 -8.19 -1000 14.46 1.53 51.122
car -1 -1 0.00 0.00 0.00 100.00 100.00 -1000 1.70 4.66 6.12 -1000 12.78 1.65 51.065
car -1 -1 0.00 0.00 0.00 100.00 100.00 -1000 1.75 4.62 2.74 -1000 6.26 1.53 50.228
