car -1 -1 0.00 0.00 0.00 100.00 100.00 -1000 2.26 7.36 2.66 -1000 18.02 -0.08 143.240
car -1 -1 0.00 0.00 0.00 100.00 100.00 -1000 3.05 14.20 -5.22 -1000 19.58 1.57 89.187
car -1 -1 0.00 0.00 0.00 100.00 100.00 -1000 1.69 4.71 -2.15 -1000 14.38 1.51 86.398
car -1 -1 0.00 0.00 0.00 100.00 100.00 -1000 1.98 5.83 2.77 -1000 14.26 1.68 69.152
car -1 -1 0.00 0.00 0.00 100.00 100.00 -1000 2.48 8.21 -4.11 -1000 16.24 -0.26 66.833
car -1 -1 0.00 0.00 0.00 100.00 100.00 -1000 2.48 10.30 -14.88 -1000 27.33 1.38 66.517
car -1 -1 0.00 0.00 0.00 100.00 100.00 -1000 1.98 6.26 -0.25 -1000 17.62 1.58 60.250
car -1 -1 0.00 0.00 0.00 100.00 100.00 -1000 1.94 5.70 -5.68 -1000 15.22 1.93 56.918
car -1 -1 0.00 0.00 0.00 100.00 100.00 -1000 2.60 10.19 10.89 -1000 16.44 1.43 52.991
car -1 -1 0.00 0.00 0.00 100.00 100.00 -1000 2.64 10.11 -5.64 -1000 17.69 1.40 52.955
car -1 -1 0.00 0.00 0.00 100.00 100.00 -1000 2.19 7.82 11.78 -1000 8.41 1.68 51.513
