car -1 -1 0.00 0.00 0.00 100.00 100.00 -1000 1.60 4.05 -16.94 -1000 23.35 1.49 998.221
car -1 -1 0.00 0.00 0.00 100.00 100.00 -1000 1.22 4.05 16.71 -1000 41.55 0.63 997.510
car -1 -1 0.00 0.00 0.00 100.00 100.00 -1000 1.68 4.30 9.62 -1000 38.01 1.59 997.080
car -1 -1 0.00 0.00 0.00 100.00 100.00 -1000 1.26 4.19 -16.13 -1000 22.67 0.17 993.987
car -1 -1 0.00 0.00 0.00 100.00 100.00 -1000 1.62 3.87 -15.51 -1000 42.61 1.47 993.509
car -1 -1 0.00 0.00 0.00 100.00 100.00 -1000 1.58 3.29 -17.22 -1000 37.18 1.74 988.784
car -1 -1 0.00 0.00 0.00 100.00 100.00 -1000 1.62 4.01 -3.89 -1000 38.03 1.60 988.542
car -1 -1 0.00 0.00 0.00 100.00 100.00 -1000 1.45 3.95 15.07 -1000 18.80 -0.10 985.965
car -1 -1 0.00 0.00 0.00 100.00 100.00 -1000 1.30 3.81 2.82 -1000 42.06 0.36 982.381
car -1 -1 0.00 0.00 0.00 100.00 100.00 -1000 1.53 4.40 -0.96 -1000 41.23 0.06 978.695
car -1 -1 0.00 0.00 0.00 100.00 100.00 -1000 1.65 3.87 -16.16 -1000 36.81 1.60 978.592
car -1 -1 0.00 0.00 0.00 100.00 100.00 -1000 1.34 3.65 15.44 -1000 41.84 0.38 976.901
car -1 -1 0.00 0.00 0.00 100.00 100.00 -1000 1.62 3.72 -15.45 -1000 41.65 1.56 970.718
car -1 -1 0.00 0.00 0.00 100.00 100.00 -1000 1.48 4.24 4.00 -1000 37.69 0.20 969.001
car -1 -1 0.00 0.00 0.00 100.00 100.00 -1000 1.49 3.55 8.59 -1000 27.56 1.62 958.915
car -1 -1 0.00 0.00 0.00 100.00 100.00 -1000 1.25 3.29 -15.90 -1000 29.50 1.70 958.060
car -1 -1 0.00 0.00 0.00 100.00 100.00 -1000 1.55 3.71 -15.21 -1000 43.43 1.56 957.975
car -1 -1 0.00 0.00 0.00 100.00 100.00 -1000 1.57 3.55 -14.82 -1000 35.84 1.66 957.818
car -1 -1 0.00 0.00 0.00 100.00 100.00 -1000 1.40 4.10 15.45 -1000 34.64 1.59 944.553
car -1 -1 0.00 0.00 0.00 100.00 100.00 -1000 1.56 3.82 8.55 -1000 26.62 -0.02 942.747
car -1 -1 0.00 0.00 0.00 100.00 100.00 -1000 1.51 4.66 -5.00 -1000 28.36 1.37 941.580
car -1 -1 0.00 0.00 0.00 100.00 100.00 -1000 1.62 4.12 6.06 -1000 42.78 -0.06 940.011
car -1 -1 0.00 0.00 0.00 100.00 100.00 -1000 1.32 4.03 1.80 -1000 37.30 0.39 939.985
car -1 -1 0.00 0.00 0.00 100.00 100.00 -1000 1.57 3.56 18.15 -1000 47.15 0.05 934.034
car -1 -1 0.00 0.00 0.00 100.00 100.00 -1000 1.75 4.82 7.00 -1000 39.26 1.58 933.427
car -1 -1 0.00 0.00 0.00 100.00 100.00 -1000 1.09 3.17 16.57 -1000 40.73 0.44 932.962
car -1 -1 0.00 0.00 0.00 100.00 100.00 -1000 1.60 3.74 7.54 -1000 22.54 -0.05 930.721
car -1 -1 0.00 0.00 0.00 100.00 100.00 -1000 1.65 3.95 -5.22 -1000 16.85 -0.12 930.099
car -1 -1 0.00 0.00 0.00 100.00 100.00 -1000 2.11 4.50 10.46 -1000 37.14 -0.13 927.479
car -1 -1 0.00 0.00 0.00 100.00 100.00 -1000 1.61 4.02 0.57 -1000 41.83 -0.11 926.204
car -1 -1 0.00 0.00 0.00 100.00 100.00 -1000 1.41 3.35 14.60 -1000 19.69 1.63 923.421
car -1 -1 0.00 0.00 0.00 100.00 100.00 -1000 1.69 4.18 15.25 -1000 36.33 1.76 917.431
car -1 -1 0.00 0.00 0.00 100.00 100.00 -1000 1.60 3.41 17.74 -1000 47.91 1.65 914.784
car -1 -1 0.00 0.00 0.00 100.00 100.00 -1000 1.36 3.29 -15.79 -1000 30.32 1.78 913.543
car -1 -1 0.00 0.00 0.00 100.00 100.00 -1000 1.85 4.20 -14.81 -1000 34.59 -0.24 912.902
car -1 -1 0.00 0.00 0.00 100.00 100.00 -1000 1.44 3.40 7.34 -1000 23.61 1.61 911.978
car -1 -1 0.00 0.00 0.00 100.00 100.00 -1000 1.46 3.30 3.00 -1000 43.01 1.61 907.579
car -1 -1 0.00 0.00 0.00 100.00 100.00 -1000 1.33 4.31 -17.22 -1000 35.99 1.90 906.371
car -1 -1 0.00 0.00 0.00 100.00 100.00 -1000 1.51 3.49 0.04 -1000 42.57 1.58 904.948
car -1 -1 0.00 0.00 0.00 100.00 100.00 -1000 1.60 3.96 -3.15 -1000 43.02 1.64 904.383
car -1 -1 0.00 0.00 0.00 100.00 100.00 -1000 1.85 5.27 8.60 -1000 39.68 1.57 904.003
car -1 -1 0.00 0.00 0.00 100.00 100.00 -1000 1.56 4.30 14.99 -1000 30.68 1.47 902.764
car -1 -1 0.00 0.00 0.00 100.00 100.00 -1000 2.24 4.83 -3.47 -1000 36.99 -0.24 893.494
car -1 -1 0.00 0.00 0.00 100.00 100.00 -1000 1.48 3.79 -14.84 -1000 44.28 1.56 886.297
car -1 -1 0.00 0.00 0.00 100.00 100.00 -1000 1.41 3.63 15.97 -1000 29.50 0.09 885.954
car -1 -1 0.00 0.00 0.00 100.00 100.00 -1000 1.57 3.65 1.41 -1000 42.94 1.60 879.333
car -1 -1 0.00 0.00 0.00 100.00 100.00 -1000 1.40 3.67 14.13 -1000 18.02 1.62 878.572
car -1 -1 0.00 0.00 0.00 100.00 100.00 -1000 1.07 3.27 15.91 -1000 35.26 0.57 878.526
car -1 -1 0.00 0.00 0.00 100.00 100.00 -1000 1.75 4.60 6.15 -1000 38.26 -0.05 878.022
car -1 -1 0.00 0.00 0.00 100.00 100.00 -1000 1.43 3.25 6.33 -1000 43.75 1.60 876.975
car -1 -1 0.00 0.00 0.00 100.00 100.00 -1000 1.54 4.28 15.00 -1000 24.01 -0.06 876.158
car -1 -1 0.00 0.00 0.00 100.00 100.00 -1000 1.46 3.50 15.08 -1000 26.75 -0.14 873.542
car -1 -1 0.00 0.00 0.00 100.00 100.00 -1000 1.48 3.75 15.00 -1000 20.82 0.01 871.518
car -1 -1 0.00 0.00 0.00 100.00 100.00 -1000 1.54 3.66 -1.37 -1000 42.37 1.60 862.278
car -1 -1 0.00 0.00 0.00 100.00 100.00 -1000 1.72 4.51 -16.58 -1000 24.53 1.63 860.033
car -1 -1 0.00 0.00 0.00 100.00 100.00 -1000 1.66 4.31 11.55 -1000 37.77 1.61 856.844
car -1 -1 0.00 0.00 0.00 100.00 100.00 -1000 1.76 4.65 -14.30 -1000 37.42 1.67 852.810
car -1 -1 0.00 0.00 0.00 100.00 100.00 -1000 1.44 3.63 15.53 -1000 28.80 -0.10 850.570
car -1 -1 0.00 0.00 0.00 100.00 100.00 -1000 1.46 3.42 15.19 -1000 33.85 1.56 849.851
car -1 -1 0.00 0.00 0.00 100.00 100.00 -1000 1.66 4.44 -4.91 -1000 37.44 0.11 847.986
car -1 -1 0.00 0.00 0.00 100.00 100.00 -1000 1.71 4.04 -4.66 -1000 26.90 -0.16 847.872
car -1 -1 0.00 0.00 0.00 100.00 100.00 -1000 1.51 3.37 4.51 -1000 43.42 1.54 844.019
car -1 -1 0.00 0.00 0.00 100.00 100.00 -1000 1.42 3.13 4.97 -1000 38.94 1.58 836.048
car -1 -1 0.00 0.00 0.00 100.00 100.00 -1000 1.59 3.83 -1.66 -1000 37.02 0.07 831.178
car -1 -1 0.00 0.00 0.00 100.00 100.00 -1000 1.56 3.70 7.80 -1000 16.78 1.58 828.343
car -1 -1 0.00 0.00 0.00 100.00 100.00 -1000 1.54 3.74 -1.73 -1000 38.09 1.60 822.448
car -1 -1 0.00 0.00 0.00 100.00 100.00 -1000 1.31 3.22 -16.43 -1000 21.56 1.82 813.104
car -1 -1 0.00 0.00 0.00 100.00 100.00 -1000 1.78 4.70 8.22 -1000 38.77 1.62 810.267
car -1 -1 0.00 0.00 0.00 100.00 100.00 -1000 1.41 3.20 3.49 -1000 38.58 1.56 805.452
car -1 -1 0.00 0.00 0.00 100.00 100.00 -1000 1.56 3.52 -5.31 -1000 27.58 1.57 794.141
car -1 -1 0.00 0.00 0.00 100.00 100.00 -1000 1.47 3.38 15.01 -1000 32.89 1.59 791.393
car -1 -1 0.00 0.00 0.00 100.00 100.00 -1000 1.86 6.82 -6.09 -1000 28.94 1.44 789.257
car -1 -1 0.00 0.00 0.00 100.00 100.00 -1000 1.67 4.22 -16.33 -1000 35.25 0.10 789.253
car -1 -1 0.00 0.00 0.00 100.00 100.00 -1000 1.90 5.36 -15.72 -1000 25.37 1.77 788.871
car -1 -1 0.00 0.00 0.00 100.00 100.00 -1000 1.33 3.55 17.30 -1000 43.26 0.28 780.909
car -1 -1 0.00 0.00 0.00 100.00 100.00 -1000 1.56 3.93 -17.47 -1000 38.02 1.64 775.182
car -1 -1 0.00 0.00 0.00 100.00 100.00 -1000 2.14 8.04 -4.52 -1000 40.33 1.49 773.035
car -1 -1 0.00 0.00 0.00 100.00 100.00 -1000 1.60 3.88 15.82 -1000 39.59 1.65 772.132
car -1 -1 0.00 0.00 0.00 100.00 100.00 -1000 1.58 3.70 0.17 -1000 37.07 0.11 761.368
car -1 -1 0.00 0.00 0.00 100.00 100.00 -1000 1.48 3.66 14.03 -1000 42.06 0.23 760.035
car -1 -1 0.00 0.00 0.00 100.00 100.00 -1000 1.42 3.09 0.28 -1000 38.11 1.58 759.179
car -1 -1 0.00 0.00 0.00 100.00 100.00 -1000 1.57 4.00 -4.06 -1000 42.37 0.18 753.453
car -1 -1 0.00 0.00 0.00 100.00 100.00 -1000 1.48 3.81 -15.68 -1000 31.66 1.59 750.634
car -1 -1 0.00 0.00 0.00 100.00 100.00 -1000 1.51 3.63 -5.20 -1000 17.88 1.61 750.428
car -1 -1 0.00 0.00 0.00 100.00 100.00 -1000 1.43 3.24 1.79 -1000 38.29 1.61 747.113
car -1 -1 0.00 0.00 0.00 100.00 100.00 -1000 2.03 6.28 11.31 -1000 38.45 1.57 739.055
car -1 -1 0.00 0.00 0.00 100.00 100.00 -1000 1.65 4.56 -2.25 -1000 41.67 0.20 735.930
car -1 -1 0.00 0.00 0.00 100.00 100.00 -1000 1.58 3.72 -1.24 -1000 47.87 0.08 729.902
car -1 -1 0.00 0.00 0.00 100.00 100.00 -1000 1.60 3.83 -13.97 -1000 41.94 1.65 720.016
car -1 -1 0.00 0.00 0.00 100.00 100.00 -1000 1.68 4.05 7.47 -1000 15.90 -0.03 710.386
car -1 -1 0.00 0.00 0.00 100.00 100.00 -1000 1.29 3.30 13.67 -1000 21.65 0.45 704.027
car -1 -1 0.00 0.00 0.00 100.00 100.00 -1000 1.54 3.68 16.57 -1000 35.91 1.69 702.419
car -1 -1 0.00 0.00 0.00 100.00 100.00 -1000 1.37 3.28 14.24 -1000 27.46 0.26 697.608
car -1 -1 0.00 0.00 0.00 100.00 100.00 -1000 1.53 3.92 8.17 -1000 34.46 0.25 697.356
car -1 -1 0.00 0.00 0.00 100.00 100.00 -1000 1.55 3.42 6.38 -1000 31.31 0.12 692.936
car -1 -1 0.00 0.00 0.00 100.00 100.00 -1000 1.62 4.25 4.28 -1000 42.42 -0.07 692.115
car -1 -1 0.00 0.00 0.00 100.00 100.00 -1000 1.69 4.21 -13.89 -1000 43.08 1.62 690.540
car -1 -1 0.00 0.00 0.00 100.00 100.00 -1000 2.21 7.69 8.84 -1000 40.45 1.42 688.508
car -1 -1 0.00 0.00 0.00 100.00 100.00 -1000 1.51 3.77 15.80 -1000 37.06 1.66 680.972
car -1 -1 0.00 0.00 0.00 100.00 100.00 -1000 1.68 4.18 -15.15 -1000 40.45 1.66 672.861
car -1 -1 0.00 0.00 0.00 100.00 100.00 -1000 1.50 3.76 16.07 -1000 38.20 1.59 672.049
car -1 -1 0.00 0.00 0.00 100.00 100.00 -1000 1.41 3.68 14.99 -1000 21.87 -0.13 663.666
car -1 -1 0.00 0.00 0.00 100.00 100.00 -1000 1.54 3.73 14.85 -1000 25.32 1.61 663.347
car -1 -1 0.00 0.00 0.00 100.00 100.00 -1000 1.49 3.08 -3.54 -1000 34.17 1.42 660.436
car -1 -1 0.00 0.00 0.00 100.00 100.00 -1000 1.47 3.43 -4.38 -1000 43.41 1.54 660.123
car -1 -1 0.00 0.00 0.00 100.00 100.00 -1000 1.65 3.90 -18.03 -1000 36.58 0.11 659.112
car -1 -1 0.00 0.00 0.00 100.00 100.00 -1000 2.24 8.66 12.15 -1000 40.32 1.54 650.891
car -1 -1 0.00 0.00 0.00 100.00 100.00 -1000 1.78 4.41 -17.94 -1000 22.72 1.46 643.045
car -1 -1 0.00 0.00 0.00 100.00 100.00 -1000 1.35 3.14 10.90 -1000 44.95 1.56 640.983
car -1 -1 0.00 0.00 0.00 100.00 100.00 -1000 1.45 3.63 13.29 -1000 18.88 1.51 636.205
car -1 -1 0.00 0.00 0.00 100.00 100.00 -1000 1.12 3.27 13.67 -1000 31.34 0.61 633.938
car -1 -1 0.00 0.00 0.00 100.00 100.00 -1000 1.47 3.65 14.54 -1000 35.28 0.41 633.762
car -1 -1 0.00 0.00 0.00 100.00 100.00 -1000 1.60 3.59 -15.85 -1000 28.40 1.66 632.134
car -1 -1 0.00 0.00 0.00 100.00 100.00 -1000 1.58 3.70 6.36 -1000 34.56 0.13 630.590
car -1 -1 0.00 0.00 0.00 100.00 100.00 -1000 1.41 3.56 15.08 -1000 32.08 0.17 626.753
car -1 -1 0.00 0.00 0.00 100.00 100.00 -1000 1.44 3.38 15.13 -1000 42.72 1.53 626.627
car -1 -1 0.00 0.00 0.00 100.00 100.00 -1000 1.92 4.80 3.41 -1000 41.31 1.74 626.056
car -1 -1 0.00 0.00 0.00 100.00 100.00 -1000 1.48 3.59 12.95 -1000 43.39 1.56 625.317
car -1 -1 0.00 0.00 0.00 100.00 100.00 -1000 1.53 3.67 6.62 -1000 35.63 1.60 620.009
car -1 -1 0.00 0.00 0.00 100.00 100.00 -1000 2.07 6.30 -5.17 -1000 38.54 1.38 618.496
car -1 -1 0.00 0.00 0.00 100.00 100.00 -1000 1.65 4.16 16.97 -1000 42.28 1.70 610.789
car -1 -1 0.00 0.00 0.00 100.00 100.00 -1000 1.59 3.72 1.46 -1000 33.36 0.06 607.080
car -1 -1 0.00 0.00 0.00 100.00 100.00 -1000 1.49 3.80 14.95 -1000 28.13 1.55 595.945
car -1 -1 0.00 0.00 0.00 100.00 100.00 -1000 1.48 3.74 7.28 -1000 44.27 1.60 595.008
car -1 -1 0.00 0.00 0.00 100.00 100.00 -1000 1.55 4.23 -16.76 -1000 20.21 0.20 590.440
car -1 -1 0.00 0.00 0.00 100.00 100.00 -1000 1.83 4.67 8.08 -1000 37.65 1.49 589.269
car -1 -1 0.00 0.00 0.00 100.00 100.00 -1000 2.08 2.97 9.83 -1000 28.10 1.63 587.872
car -1 -1 0.00 0.00 0.00 100.00 100.00 -1000 1.74 4.63 -14.19 -1000 44.93 1.50 581.907
car -1 -1 0.00 0.00 0.00 100.00 100.00 -1000 1.38 3.09 0.19 -1000 34.18 1.57 576.303
car -1 -1 0.00 0.00 0.00 100.00 100.00 -1000 1.52 3.94 8.30 -1000 45.14 1.50 574.727
car -1 -1 0.00 0.00 0.00 100.00 100.00 -1000 1.44 3.38 17.29 -1000 44.52 1.61 572.531
car -1 -1 0.00 0.00 0.00 100.00 100.00 -1000 1.40 3.23 5.63 -1000 32.06 1.56 570.383
car -1 -1 0.00 0.00 0.00 100.00 100.00 -1000 1.61 3.70 2.96 -1000 33.72 -0.01 566.981
car -1 -1 0.00 0.00 0.00 100.00 100.00 -1000 2.36 8.12 -5.93 -1000 39.37 1.36 565.874
car -1 -1 0.00 0.00 0.00 100.00 100.00 -1000 1.44 3.13 3.96 -1000 34.89 1.51 565.693
car -1 -1 0.00 0.00 0.00 100.00 100.00 -1000 2.64 4.74 11.36 -1000 47.37 -0.16 565.199
car -1 -1 0.00 0.00 0.00 100.00 100.00 -1000 1.43 3.35 5.39 -1000 35.22 1.53 564.075
car -1 -1 0.00 0.00 0.00 100.00 100.00 -1000 1.50 3.08 10.59 -1000 35.44 1.56 563.011
car -1 -1 0.00 0.00 0.00 100.00 100.00 -1000 1.51 3.49 -1.81 -1000 34.85 1.60 558.043
car -1 -1 0.00 0.00 0.00 100.00 100.00 -1000 1.62 4.00 14.19 -1000 17.05 1.67 558.012
car -1 -1 0.00 0.00 0.00 100.00 100.00 -1000 1.52 3.38 -4.75 -1000 33.79 1.42 555.888
car -1 -1 0.00 0.00 0.00 100.00 100.00 -1000 1.38 2.57 -2.41 -1000 35.59 1.51 551.131
car -1 -1 0.00 0.00 0.00 100.00 100.00 -1000 2.03 5.63 7.27 -1000 41.31 1.59 548.357
car -1 -1 0.00 0.00 0.00 100.00 100.00 -1000 1.44 3.26 2.16 -1000 34.43 1.50 547.013
car -1 -1 0.00 0.00 0.00 100.00 100.00 -1000 2.19 6.60 -2.27 -1000 40.64 1.52 546.245
car -1 -1 0.00 0.00 0.00 100.00 100.00 -1000 1.56 3.67 -0.05 -1000 33.31 0.12 543.844
car -1 -1 0.00 0.00 0.00 100.00 100.00 -1000 1.52 3.50 4.43 -1000 34.10 -0.02 541.964
car -1 -1 0.00 0.00 0.00 100.00 100.00 -1000 2.13 7.12 -2.62 -1000 38.82 1.50 537.636
car -1 -1 0.00 0.00 0.00 100.00 100.00 -1000 1.71 4.67 -16.09 -1000 26.45 1.61 532.542
car -1 -1 0.00 0.00 0.00 100.00 100.00 -1000 1.70 4.26 -3.37 -1000 28.18 1.61 531.132
car -1 -1 0.00 0.00 0.00 100.00 100.00 -1000 1.42 3.26 14.08 -1000 43.05 1.59 522.672
car -1 -1 0.00 0.00 0.00 100.00 100.00 -1000 1.44 3.42 -16.25 -1000 41.03 0.13 519.483
car -1 -1 0.00 0.00 0.00 100.00 100.00 -1000 1.47 3.69 16.71 -1000 43.93 1.57 515.145
car -1 -1 0.00 0.00 0.00 100.00 100.00 -1000 1.45 3.53 17.34 -1000 39.04 1.56 512.578
car -1 -1 0.00 0.00 0.00 100.00 100.00 -1000 1.62 3.94 -6.20 -1000 26.40 0.19 506.133
car -1 -1 0.00 0.00 0.00 100.00 100.00 -1000 1.55 3.65 -1.73 -1000 33.31 0.11 493.854
car -1 -1 0.00 0.00 0.00 100.00 100.00 -1000 1.51 3.51 3.78 -1000 31.58 1.58 493.658
car -1 -1 0.00 0.00 0.00 100.00 100.00 -1000 2.01 6.41 -6.49 -1000 41.47 1.43 493.514
car -1 -1 0.00 0.00 0.00 100.00 100.00 -1000 1.88 4.56 -0.39 -1000 40.29 1.59 489.815
car -1 -1 0.00 0.00 0.00 100.00 100.00 -1000 1.48 3.39 14.53 -1000 37.86 1.41 484.364
car -1 -1 0.00 0.00 0.00 100.00 100.00 -1000 1.64 4.20 -6.26 -1000 37.04 0.20 480.240
car -1 -1 0.00 0.00 0.00 100.00 100.00 -1000 1.71 4.52 -14.52 -1000 29.39 1.80 480.199
car -1 -1 0.00 0.00 0.00 100.00 100.00 -1000 2.09 7.42 10.55 -1000 41.18 1.51 480.135
car -1 -1 0.00 0.00 0.00 100.00 100.00 -1000 2.02 5.89 -13.77 -1000 38.17 1.60 474.993
car -1 -1 0.00 0.00 0.00 100.00 100.00 -1000 1.44 3.23 15.40 -1000 24.67 1.65 473.237
car -1 -1 0.00 0.00 0.00 100.00 100.00 -1000 1.47 3.42 0.24 -1000 31.12 1.59 471.730
car -1 -1 0.00 0.00 0.00 100.00 100.00 -1000 1.88 5.15 -6.73 -1000 37.81 1.37 467.698
car -1 -1 0.00 0.00 0.00 100.00 100.00 -1000 1.49 3.47 12.85 -1000 27.56 0.30 466.091
car -1 -1 0.00 0.00 0.00 100.00 100.00 -1000 1.63 4.09 16.76 -1000 37.52 1.72 460.705
car -1 -1 0.00 0.00 0.00 100.00 100.00 -1000 1.55 3.63 -1.81 -1000 30.08 0.07 460.485
car -1 -1 0.00 0.00 0.00 100.00 100.00 -1000 1.81 4.69 -14.58 -1000 22.48 1.68 459.163
car -1 -1 0.00 0.00 0.00 100.00 100.00 -1000 1.45 2.94 -14.59 -1000 33.93 1.54 458.845
car -1 -1 0.00 0.00 0.00 100.00 100.00 -1000 1.64 3.86 15.04 -1000 38.76 1.41 458.136
car -1 -1 0.00 0.00 0.00 100.00 100.00 -1000 1.52 3.69 -2.44 -1000 30.75 1.60 457.947
car -1 -1 0.00 0.00 0.00 100.00 100.00 -1000 1.60 3.48 9.43 -1000 44.20 0.14 454.765
car -1 -1 0.00 0.00 0.00 100.00 100.00 -1000 1.56 4.40 14.31 -1000 22.52 1.61 450.777
car -1 -1 0.00 0.00 0.00 100.00 100.00 -1000 1.47 3.36 6.94 -1000 32.34 1.60 449.388
car -1 -1 0.00 0.00 0.00 100.00 100.00 -1000 1.87 6.30 -0.71 -1000 39.24 1.48 447.152
car -1 -1 0.00 0.00 0.00 100.00 100.00 -1000 1.50 3.75 10.30 -1000 32.14 1.54 440.901
car -1 -1 0.00 0.00 0.00 100.00 100.00 -1000 1.85 5.54 -12.42 -1000 23.69 1.70 440.008
car -1 -1 0.00 0.00 0.00 100.00 100.00 -1000 1.81 5.19 -6.93 -1000 27.33 1.44 437.585
car -1 -1 0.00 0.00 0.00 100.00 100.00 -1000 1.57 5.13 11.58 -1000 29.12 1.57 433.254
car -1 -1 0.00 0.00 0.00 100.00 100.00 -1000 1.49 3.52 -1.20 -1000 34.25 1.56 432.292
car -1 -1 0.00 0.00 0.00 100.00 100.00 -1000 1.68 4.07 6.41 -1000 23.16 1.47 428.520
car -1 -1 0.00 0.00 0.00 100.00 100.00 -1000 1.14 3.95 -6.28 -1000 28.88 0.63 427.605
car -1 -1 0.00 0.00 0.00 100.00 100.00 -1000 1.61 3.72 -5.51 -1000 43.00 1.53 426.317
car -1 -1 0.00 0.00 0.00 100.00 100.00 -1000 1.52 3.60 15.51 -1000 43.45 1.38 424.254
car -1 -1 0.00 0.00 0.00 100.00 100.00 -1000 2.08 6.78 -10.54 -1000 38.96 1.41 422.461
car -1 -1 0.00 0.00 0.00 100.00 100.00 -1000 1.55 3.93 15.20 -1000 41.02 0.15 421.253
car -1 -1 0.00 0.00 0.00 100.00 100.00 -1000 1.90 6.61 -10.99 -1000 30.53 1.70 420.571
car -1 -1 0.00 0.00 0.00 100.00 100.00 -1000 1.57 3.97 6.64 -1000 29.28 1.66 418.441
car -1 -1 0.00 0.00 0.00 100.00 100.00 -1000 1.54 4.56 -10.87 -1000 14.75 1.49 418.318
car -1 -1 0.00 0.00 0.00 100.00 100.00 -1000 1.85 5.62 -5.84 -1000 29.98 1.44 415.703
car -1 -1 0.00 0.00 0.00 100.00 100.00 -1000 1.52 3.67 -3.31 -1000 43.83 1.51 415.245
car -1 -1 0.00 0.00 0.00 100.00 100.00 -1000 1.72 3.91 4.92 -1000 30.94 0.14 414.930
car -1 -1 0.00 0.00 0.00 100.00 100.00 -1000 2.03 7.54 -11.69 -1000 24.52 1.72 414.643
car -1 -1 0.00 0.00 0.00 100.00 100.00 -1000 1.79 4.63 -13.23 -1000 36.61 1.55 410.850
car -1 -1 0.00 0.00 0.00 100.00 100.00 -1000 1.57 3.83 10.13 -1000 34.56 1.59 410.008
car -1 -1 0.00 0.00 0.00 100.00 100.00 -1000 1.74 4.48 -17.45 -1000 21.96 1.39 408.586
car -1 -1 0.00 0.00 0.00 100.00 100.00 -1000 1.53 3.53 -16.70 -1000 32.25 1.51 402.413
car -1 -1 0.00 0.00 0.00 100.00 100.00 -1000 1.61 3.53 14.46 -1000 26.04 0.01 401.913
car -1 -1 0.00 0.00 0.00 100.00 100.00 -1000 1.46 3.78 3.21 -1000 28.19 0.37 400.195
car -1 -1 0.00 0.00 0.00 100.00 100.00 -1000 1.54 3.84 2.13 -1000 31.55 1.58 395.180
car -1 -1 0.00 0.00 0.00 100.00 100.00 -1000 1.26 4.72 -6.42 -1000 18.53 1.31 389.982
car -1 -1 0.00 0.00 0.00 100.00 100.00 -1000 1.37 3.19 8.20 -1000 35.59 1.45 389.554
car -1 -1 0.00 0.00 0.00 100.00 100.00 -1000 1.61 3.68 -16.92 -1000 45.85 1.50 389.421
car -1 -1 0.00 0.00 0.00 100.00 100.00 -1000 1.62 4.22 8.03 -1000 28.53 1.51 388.029
car -1 -1 0.00 0.00 0.00 100.00 100.00 -1000 1.61 3.71 -16.72 -1000 28.93 0.13 383.783
car -1 -1 0.00 0.00 0.00 100.00 100.00 -1000 1.58 3.86 10.07 -1000 47.63 0.11 382.891
car -1 -1 0.00 0.00 0.00 100.00 100.00 -1000 1.62 4.81 13.50 -1000 36.40 1.44 379.036
car -1 -1 0.00 0.00 0.00 100.00 100.00 -1000 1.82 5.39 -16.33 -1000 38.50 1.50 377.987
car -1 -1 0.00 0.00 0.00 100.00 100.00 -1000 1.81 5.53 -12.58 -1000 29.71 1.60 376.665
car -1 -1 0.00 0.00 0.00 100.00 100.00 -1000 1.95 6.55 -12.41 -1000 25.59 1.46 374.987
car -1 -1 0.00 0.00 0.00 100.00 100.00 -1000 1.89 5.00 6.85 -1000 36.99 1.61 374.414
car -1 -1 0.00 0.00 0.00 100.00 100.00 -1000 1.55 3.73 -3.84 -1000 30.15 1.44 371.631
car -1 -1 0.00 0.00 0.00 100.00 100.00 -1000 2.30 8.29 4.17 -1000 45.37 1.37 371.556
car -1 -1 0.00 0.00 0.00 100.00 100.00 -1000 1.52 3.61 12.60 -1000 42.39 0.26 371.479
car -1 -1 0.00 0.00 0.00 100.00 100.00 -1000 1.79 5.06 -1.82 -1000 44.23 1.40 370.897
car -1 -1 0.00 0.00 0.00 100.00 100.00 -1000 1.47 3.48 13.56 -1000 28.81 1.50 369.113
car -1 -1 0.00 0.00 0.00 100.00 100.00 -1000 1.93 5.73 13.26 -1000 40.94 1.51 368.385
car -1 -1 0.00 0.00 0.00 100.00 100.00 -1000 1.63 3.97 13.53 -1000 37.30 1.44 367.205
car -1 -1 0.00 0.00 0.00 100.00 100.00 -1000 1.53 3.72 11.67 -1000 25.90 1.59 365.945
car -1 -1 0.00 0.00 0.00 100.00 100.00 -1000 1.61 4.27 2.92 -1000 17.93 1.79 365.660
car -1 -1 0.00 0.00 0.00 100.00 100.00 -1000 1.64 4.18 -11.99 -1000 40.19 1.38 364.844
car -1 -1 0.00 0.00 0.00 100.00 100.00 -1000 1.35 3.15 18.44 -1000 44.92 1.54 363.596
car -1 -1 0.00 0.00 0.00 100.00 100.00 -1000 1.25 2.64 9.43 -1000 45.59 1.51 362.885
car -1 -1 0.00 0.00 0.00 100.00 100.00 -1000 1.34 3.34 5.66 -1000 28.52 0.27 360.202
car -1 -1 0.00 0.00 0.00 100.00 100.00 -1000 1.69 3.80 -3.68 -1000 47.28 -0.06 359.808
car -1 -1 0.00 0.00 0.00 100.00 100.00 -1000 1.73 4.53 17.04 -1000 36.63 1.57 358.251
car -1 -1 0.00 0.00 0.00 100.00 100.00 -1000 1.59 3.69 15.88 -1000 19.34 1.67 356.754
car -1 -1 0.00 0.00 0.00 100.00 100.00 -1000 1.55 3.82 5.08 -1000 29.64 1.51 356.209
car -1 -1 0.00 0.00 0.00 100.00 100.00 -1000 1.67 4.42 18.24 -1000 41.92 1.58 353.787
car -1 -1 0.00 0.00 0.00 100.00 100.00 -1000 1.54 3.83 3.50 -1000 29.20 1.55 353.221
car -1 -1 0.00 0.00 0.00 100.00 100.00 -1000 1.89 4.47 -15.17 -1000 39.47 1.61 353.089
car -1 -1 0.00 0.00 0.00 100.00 100.00 -1000 1.90 5.56 -5.60 -1000 43.78 1.39 349.450
car -1 -1 0.00 0.00 0.00 100.00 100.00 -1000 1.62 4.00 -3.22 -1000 32.95 0.20 346.624
car -1 -1 0.00 0.00 0.00 100.00 100.00 -1000 1.79 4.77 -0.68 -1000 36.43 1.58 341.180
car -1 -1 0.00 0.00 0.00 100.00 100.00 -1000 1.72 4.46 11.28 -1000 34.17 1.56 338.396
car -1 -1 0.00 0.00 0.00 100.00 100.00 -1000 1.92 5.54 -10.93 -1000 36.52 1.39 337.977
car -1 -1 0.00 0.00 0.00 100.00 100.00 -1000 2.18 7.35 -11.05 -1000 44.61 1.38 337.658
car -1 -1 0.00 0.00 0.00 100.00 100.00 -1000 1.83 5.43 -17.40 -1000 44.97 1.44 337.647
car -1 -1 0.00 0.00 0.00 100.00 100.00 -1000 1.52 4.02 -14.36 -1000 31.41 1.55 336.826
car -1 -1 0.00 0.00 0.00 100.00 100.00 -1000 1.37 3.30 10.58 -1000 22.75 0.23 333.390
car -1 -1 0.00 0.00 0.00 100.00 100.00 -1000 1.84 4.84 11.14 -1000 36.36 1.62 328.607
car -1 -1 0.00 0.00 0.00 100.00 100.00 -1000 1.80 5.10 -18.42 -1000 21.34 1.41 324.530
car -1 -1 0.00 0.00 0.00 100.00 100.00 -1000 1.64 3.95 15.48 -1000 17.75 1.64 324.353
car -1 -1 0.00 0.00 0.00 100.00 100.00 -1000 2.04 6.11 -10.93 -1000 43.02 1.37 318.894
car -1 -1 0.00 0.00 0.00 100.00 100.00 -1000 2.39 8.54 11.01 -1000 39.40 1.37 318.490
car -1 -1 0.00 0.00 0.00 100.00 100.00 -1000 1.48 3.46 -16.24 -1000 31.05 0.40 318.230
car -1 -1 0.00 0.00 0.00 100.00 100.00 -1000 1.46 3.52 15.85 -1000 23.49 -0.28 313.562
car -1 -1 0.00 0.00 0.00 100.00 100.00 -1000 2.02 6.02 -10.96 -1000 37.85 1.34 313.168
car -1 -1 0.00 0.00 0.00 100.00 100.00 -1000 1.92 5.62 -12.66 -1000 43.78 1.37 313.119
car -1 -1 0.00 0.00 0.00 100.00 100.00 -1000 1.50 3.49 15.92 -1000 27.50 -0.34 312.124
car -1 -1 0.00 0.00 0.00 100.00 100.00 -1000 1.61 4.28 18.97 -1000 43.85 1.53 310.981
car -1 -1 0.00 0.00 0.00 100.00 100.00 -1000 1.74 4.70 -17.12 -1000 26.98 1.41 310.914
car -1 -1 0.00 0.00 0.00 100.00 100.00 -1000 1.72 4.34 3.99 -1000 40.55 1.54 310.622
car -1 -1 0.00 0.00 0.00 100.00 100.00 -1000 1.45 3.64 -0.26 -1000 30.13 0.23 309.971
car -1 -1 0.00 0.00 0.00 100.00 100.00 -1000 1.85 3.95 9.79 -1000 25.94 1.60 309.788
car -1 -1 0.00 0.00 0.00 100.00 100.00 -1000 1.87 6.14 -11.26 -1000 33.74 1.51 308.559
car -1 -1 0.00 0.00 0.00 100.00 100.00 -1000 1.60 3.78 -13.74 -1000 40.69 1.60 308.475
car -1 -1 0.00 0.00 0.00 100.00 100.00 -1000 1.75 4.82 -13.06 -1000 22.86 1.60 307.854
car -1 -1 0.00 0.00 0.00 100.00 100.00 -1000 1.58 3.91 11.24 -1000 44.04 1.65 307.189
car -1 -1 0.00 0.00 0.00 100.00 100.00 -1000 1.62 4.02 17.48 -1000 35.44 1.56 307.002
car -1 -1 0.00 0.00 0.00 100.00 100.00 -1000 2.02 6.50 -18.18 -1000 26.04 1.37 305.353
car -1 -1 0.00 0.00 0.00 100.00 100.00 -1000 1.54 4.02 14.70 -1000 29.80 1.43 301.543
car -1 -1 0.00 0.00 0.00 100.00 100.00 -1000 1.46 4.21 12.73 -1000 32.02 1.52 301.327
car -1 -1 0.00 0.00 0.00 100.00 100.00 -1000 1.36 4.67 12.49 -1000 28.18 1.45 301.316
car -1 -1 0.00 0.00 0.00 100.00 100.00 -1000 1.65 4.95 3.66 -1000 17.09 1.67 300.211
car -1 -1 0.00 0.00 0.00 100.00 100.00 -1000 1.54 3.72 8.53 -1000 23.23 1.71 300.047
car -1 -1 0.00 0.00 0.00 100.00 100.00 -1000 1.85 5.34 -6.45 -1000 36.26 1.41 298.807
car -1 -1 0.00 0.00 0.00 100.00 100.00 -1000 2.20 7.61 0.65 -1000 45.36 1.35 298.681
car -1 -1 0.00 0.00 0.00 100.00 100.00 -1000 1.82 3.70 10.33 -1000 27.23 1.71 297.765
car -1 -1 0.00 0.00 0.00 100.00 100.00 -1000 1.54 3.76 -16.67 -1000 40.33 0.23 297.592
car -1 -1 0.00 0.00 0.00 100.00 100.00 -1000 1.38 2.79 18.93 -1000 45.60 1.46 295.492
car -1 -1 0.00 0.00 0.00 100.00 100.00 -1000 2.11 8.14 6.17 -1000 17.86 1.48 293.398
car -1 -1 0.00 0.00 0.00 100.00 100.00 -1000 1.49 3.80 16.55 -1000 22.72 -0.16 291.923
car -1 -1 0.00 0.00 0.00 100.00 100.00 -1000 1.63 4.67 -0.07 -1000 35.18 1.54 291.699
car -1 -1 0.00 0.00 0.00 100.00 100.00 -1000 1.50 3.67 11.48 -1000 32.47 1.51 290.637
car -1 -1 0.00 0.00 0.00 100.00 100.00 -1000 1.50 3.49 -18.82 -1000 35.44 0.23 289.923
car -1 -1 0.00 0.00 0.00 100.00 100.00 -1000 1.83 5.40 7.90 -1000 35.98 1.57 289.731
car -1 -1 0.00 0.00 0.00 100.00 100.00 -1000 1.60 3.74 -16.53 -1000 27.80 1.42 289.195
car -1 -1 0.00 0.00 0.00 100.00 100.00 -1000 1.48 3.70 11.52 -1000 22.31 0.33 288.741
car -1 -1 0.00 0.00 0.00 100.00 100.00 -1000 1.47 2.72 11.89 -1000 45.88 1.46 288.101
car -1 -1 0.00 0.00 0.00 100.00 100.00 -1000 1.63 4.89 2.64 -1000 40.02 1.51 287.547
car -1 -1 0.00 0.00 0.00 100.00 100.00 -1000 1.86 5.08 -13.24 -1000 34.15 1.75 286.479
