car -1 -1 0.00 0.00 0.00 100.00 100.00 -1000 1.66 3.98 6.86 -1000 13.38 1.56 995.924
car -1 -1 0.00 0.00 0.00 100.00 100.00 -1000 1.69 4.26 3.52 -1000 19.44 1.57 994.229
car -1 -1 0.00 0.00 0.00 100.00 100.00 -1000 1.52 3.20 -4.36 -1000 11.78 1.56 990.845
car -1 -1 0.00 0.00 0.00 100.00 100.00 -1000 1.58 3.99 4.48 -1000 18.67 -0.22 983.234
car -1 -1 0.00 0.00 0.00 100.00 100.00 -1000 1.73 4.49 -4.99 -1000 12.47 1.51 981.351
car -1 -1 0.00 0.00 0.00 100.00 100.00 -1000 1.63 3.96 -5.06 -1000 17.01 1.58 980.588
car -1 -1 0.00 0.00 0.00 100.00 100.00 -1000 1.60 3.77 -15.57 -1000 22.04 1.53 978.027
car -1 -1 0.00 0.00 0.00 100.00 100.00 -1000 1.77 4.67 -4.23 -1000 16.04 -0.22 968.149
car -1 -1 0.00 0.00 0.00 100.00 100.00 -1000 1.60 3.74 1.84 -1000 19.64 1.62 967.650
car -1 -1 0.00 0.00 0.00 100.00 100.00 -1000 1.82 4.28 2.58 -1000 18.60 -0.23 966.194
car -1 -1 0.00 0.00 0.00 100.00 100.00 -1000 1.61 4.14 6.23 -1000 12.70 -0.19 958.373
car -1 -1 0.00 0.00 0.00 100.00 100.00 -1000 1.77 3.87 0.05 -1000 15.62 0.21 957.945
car -1 -1 0.00 0.00 0.00 100.00 100.00 -1000 1.52 3.54 -18.02 -1000 26.96 1.56 952.090
car -1 -1 0.00 0.00 0.00 100.00 100.00 -1000 1.67 4.29 -4.40 -1000 11.13 -0.02 950.422
car -1 -1 0.00 0.00 0.00 100.00 100.00 -1000 1.62 4.12 5.86 -1000 13.86 1.57 950.222
car -1 -1 0.00 0.00 0.00 100.00 100.00 -1000 1.51 3.65 2.00 -1000 15.28 -0.23 948.745
car -1 -1 0.00 0.00 0.00 100.00 100.00 -1000 1.66 4.13 0.34 -1000 19.84 1.56 946.136
car -1 -1 0.00 0.00 0.00 100.00 100.00 -1000 1.55 3.55 0.58 -1000 30.16 1.57 934.161
car -1 -1 0.00 0.00 0.00 100.00 100.00 -1000 1.94 5.54 -2.04 -1000 14.12 1.42 932.846
car -1 -1 0.00 0.00 0.00 100.00 100.00 -1000 1.73 5.12 3.01 -1000 15.86 1.51 931.676
car -1 -1 0.00 0.00 0.00 100.00 100.00 -1000 1.59 3.45 5.74 -1000 19.13 1.63 926.948
car -1 -1 0.00 0.00 0.00 100.00 100.00 -1000 1.83 4.33 8.00 -1000 12.37 -0.29 924.807
car -1 -1 0.00 0.00 0.00 100.00 100.00 -1000 1.56 3.82 -5.59 -1000 14.87 2.17 921.949
car -1 -1 0.00 0.00 0.00 100.00 100.00 -1000 1.84 5.30 -5.83 -1000 13.12 1.50 919.975
car -1 -1 0.00 0.00 0.00 100.00 100.00 -1000 1.58 3.38 -0.49 -1000 14.61 1.00 916.274
car -1 -1 0.00 0.00 0.00 100.00 100.00 -1000 1.73 4.09 0.57 -1000 28.96 -0.09 909.249
car -1 -1 0.00 0.00 0.00 100.00 100.00 -1000 1.57 3.63 -16.29 -1000 23.03 1.53 888.717
car -1 -1 0.00 0.00 0.00 100.00 100.00 -1000 1.76 4.75 -0.39 -1000 16.40 1.47 886.985
car -1 -1 0.00 0.00 0.00 100.00 100.00 -1000 1.95 5.77 -6.55 -1000 19.70 1.68 879.175
car -1 -1 0.00 0.00 0.00 100.00 100.00 -1000 1.92 5.10 7.79 -1000 14.04 1.65 877.179
car -1 -1 0.00 0.00 0.00 100.00 100.00 -1000 1.43 3.08 -6.66 -1000 15.53 2.29 874.414
car -1 -1 0.00 0.00 0.00 100.00 100.00 -1000 1.66 3.96 -1.52 -1000 19.69 1.59 871.990
car -1 -1 0.00 0.00 0.00 100.00 100.00 -1000 1.47 3.19 -15.46 -1000 21.18 1.58 857.448
car -1 -1 0.00 0.00 0.00 100.00 100.00 -1000 1.68 4.29 -3.63 -1000 16.79 1.50 847.552
car -1 -1 0.00 0.00 0.00 100.00 100.00 -1000 1.58 3.56 8.59 -1000 13.04 1.64 846.275
car -1 -1 0.00 0.00 0.00 100.00 100.00 -1000 1.43 3.21 -6.55 -1000 17.25 1.57 833.594
car -1 -1 0.00 0.00 0.00 100.00 100.00 -1000 1.29 3.89 -5.99 -1000 13.78 1.73 833.554
car -1 -1 0.00 0.00 0.00 100.00 100.00 -1000 2.17 6.87 8.09 -1000 14.76 1.53 830.316
car -1 -1 0.00 0.00 0.00 100.00 100.00 -1000 1.95 6.32 -4.14 -1000 7.70 -0.03 824.098
car -1 -1 0.00 0.00 0.00 100.00 100.00 -1000 2.50 5.48 0.69 -1000 18.43 -0.23 822.211
car -1 -1 0.00 0.00 0.00 100.00 100.00 -1000 1.55 3.68 -11.91 -1000 17.97 1.59 820.794
car -1 -1 0.00 0.00 0.00 100.00 100.00 -1000 2.39 8.02 0.01 -1000 22.06 1.66 811.511
car -1 -1 0.00 0.00 0.00 100.00 100.00 -1000 1.76 5.23 5.06 -1000 19.80 1.57 809.686
car -1 -1 0.00 0.00 0.00 100.00 100.00 -1000 1.51 3.48 -13.08 -1000 18.33 1.58 802.694
car -1 -1 0.00 0.00 0.00 100.00 100.00 -1000 1.63 4.45 4.31 -1000 14.25 1.58 798.485
car -1 -1 0.00 0.00 0.00 100.00 100.00 -1000 1.46 3.06 -18.15 -1000 25.99 1.59 792.764
car -1 -1 0.00 0.00 0.00 100.00 100.00 -1000 1.43 3.54 4.81 -1000 13.05 -0.01 790.570
car -1 -1 0.00 0.00 0.00 100.00 100.00 -1000 1.12 2.54 -2.40 -1000 15.34 2.12 780.534
car -1 -1 0.00 0.00 0.00 100.00 100.00 -1000 1.48 4.13 3.44 -1000 15.09 -0.03 766.168
car -1 -1 0.00 0.00 0.00 100.00 100.00 -1000 1.17 2.66 -5.30 -1000 15.43 2.02 762.156
car -1 -1 0.00 0.00 0.00 100.00 100.00 -1000 1.53 3.75 -0.28 -1000 29.49 0.10 762.080
car -1 -1 0.00 0.00 0.00 100.00 100.00 -1000 1.88 5.83 5.11 -1000 15.13 1.52 745.512
car -1 -1 0.00 0.00 0.00 100.00 100.00 -1000 1.69 3.58 -2.72 -1000 14.67 1.42 740.037
car -1 -1 0.00 0.00 0.00 100.00 100.00 -1000 1.73 4.56 -4.11 -1000 17.59 1.53 739.439
car -1 -1 0.00 0.00 0.00 100.00 100.00 -1000 3.02 6.70 3.75 -1000 18.31 -0.26 739.257
car -1 -1 0.00 0.00 0.00 100.00 100.00 -1000 1.54 3.47 1.62 -1000 13.79 1.55 721.683
car -1 -1 0.00 0.00 0.00 100.00 100.00 -1000 2.15 6.90 1.33 -1000 20.27 1.56 719.126
car -1 -1 0.00 0.00 0.00 100.00 100.00 -1000 1.58 3.90 0.56 -1000 16.93 1.46 700.140
car -1 -1 0.00 0.00 0.00 100.00 100.00 -1000 1.75 4.77 -8.56 -1000 19.69 1.50 687.332
car -1 -1 0.00 0.00 0.00 100.00 100.00 -1000 1.87 5.16 -15.92 -1000 23.70 1.62 673.558
car -1 -1 0.00 0.00 0.00 100.00 100.00 -1000 2.06 5.46 4.41 -1000 17.30 1.60 667.123
car -1 -1 0.00 0.00 0.00 100.00 100.00 -1000 2.62 10.07 1.33 -1000 21.14 1.54 666.646
car -1 -1 0.00 0.00 0.00 100.00 100.00 -1000 2.45 8.82 2.17 -1000 22.76 1.53 664.887
car -1 -1 0.00 0.00 0.00 100.00 100.00 -1000 1.53 4.01 -2.32 -1000 15.86 -0.11 662.516
car -1 -1 0.00 0.00 0.00 100.00 100.00 -1000 1.98 5.03 4.12 -1000 6.64 1.34 660.838
car -1 -1 0.00 0.00 0.00 100.00 100.00 -1000 1.67 3.83 -1.71 -1000 12.13 1.52 659.607
car -1 -1 0.00 0.00 0.00 100.00 100.00 -1000 2.05 5.62 -2.62 -1000 19.06 1.52 651.981
car -1 -1 0.00 0.00 0.00 100.00 100.00 -1000 1.65 3.90 -5.65 -1000 16.35 1.55 647.868
car -1 -1 0.00 0.00 0.00 100.00 100.00 -1000 1.79 4.75 9.78 -1000 13.66 1.67 640.596
car -1 -1 0.00 0.00 0.00 100.00 100.00 -1000 1.73 4.80 -17.43 -1000 22.30 -0.15 639.261
car -1 -1 0.00 0.00 0.00 100.00 100.00 -1000 1.45 3.36 -3.85 -1000 15.15 1.81 624.400
car -1 -1 0.00 0.00 0.00 100.00 100.00 -1000 2.01 5.57 -0.92 -1000 21.30 1.58 609.715
car -1 -1 0.00 0.00 0.00 100.00 100.00 -1000 1.54 3.35 6.28 -1000 18.30 1.65 608.533
car -1 -1 0.00 0.00 0.00 100.00 100.00 -1000 1.67 3.57 -6.99 -1000 14.65 1.53 598.323
car -1 -1 0.00 0.00 0.00 100.00 100.00 -1000 1.54 3.82 -7.38 -1000 20.27 1.58 596.904
car -1 -1 0.00 0.00 0.00 100.00 100.00 -1000 1.64 3.60 -14.33 -1000 19.46 1.49 595.073
car -1 -1 0.00 0.00 0.00 100.00 100.00 -1000 2.15 6.74 -3.33 -1000 13.21 1.42 572.867
car -1 -1 0.00 0.00 0.00 100.00 100.00 -1000 1.89 4.82 6.18 -1000 16.82 1.55 571.507
car -1 -1 0.00 0.00 0.00 100.00 100.00 -1000 1.64 4.35 -10.80 -1000 17.60 1.60 569.716
car -1 -1 0.00 0.00 0.00 100.00 100.00 -1000 2.78 5.70 -15.01 -1000 20.84 -0.21 566.739
car -1 -1 0.00 0.00 0.00 100.00 100.00 -1000 1.81 5.48 1.79 -1000 16.42 1.42 565.134
car -1 -1 0.00 0.00 0.00 100.00 100.00 -1000 1.65 4.09 -13.79 -1000 17.70 -0.06 560.469
car -1 -1 0.00 0.00 0.00 100.00 100.00 -1000 1.50 3.31 10.48 -1000 12.94 1.68 559.308
car -1 -1 0.00 0.00 0.00 100.00 100.00 -1000 1.60 4.15 7.33 -1000 19.28 1.61 557.075
car -1 -1 0.00 0.00 0.00 100.00 100.00 -1000 1.95 5.60 -7.58 -1000 18.98 1.64 556.604
car -1 -1 0.00 0.00 0.00 100.00 100.00 -1000 1.44 2.89 -11.00 -1000 15.88 1.67 539.725
car -1 -1 0.00 0.00 0.00 100.00 100.00 -1000 2.58 9.76 3.50 -1000 21.93 1.48 538.757
car -1 -1 0.00 0.00 0.00 100.00 100.00 -1000 1.67 3.83 -17.20 -1000 21.47 1.55 537.870
car -1 -1 0.00 0.00 0.00 100.00 100.00 -1000 1.59 3.33 -4.04 -1000 10.36 1.58 537.580
car -1 -1 0.00 0.00 0.00 100.00 100.00 -1000 2.10 7.13 -2.56 -1000 20.33 1.46 535.995
car -1 -1 0.00 0.00 0.00 100.00 100.00 -1000 1.59 3.43 5.52 -1000 7.05 -0.08 532.425
car -1 -1 0.00 0.00 0.00 100.00 100.00 -1000 1.45 3.50 2.77 -1000 13.05 -0.03 529.521
car -1 -1 0.00 0.00 0.00 100.00 100.00 -1000 1.65 3.50 -15.31 -1000 20.22 1.59 523.247
car -1 -1 0.00 0.00 0.00 100.00 100.00 -1000 2.42 8.50 4.01 -1000 20.29 1.51 518.881
car -1 -1 0.00 0.00 0.00 100.00 100.00 -1000 1.50 3.39 -8.21 -1000 15.85 1.63 499.291
car -1 -1 0.00 0.00 0.00 100.00 100.00 -1000 1.67 4.32 -2.10 -1000 16.98 1.47 492.399
car -1 -1 0.00 0.00 0.00 100.00 100.00 -1000 1.51 3.85 -6.56 -1000 12.06 1.42 491.740
car -1 -1 0.00 0.00 0.00 100.00 100.00 -1000 1.49 3.36 -17.81 -1000 23.24 1.54 486.200
car -1 -1 0.00 0.00 0.00 100.00 100.00 -1000 1.55 3.41 -14.66 -1000 18.41 1.56 482.346
car -1 -1 0.00 0.00 0.00 100.00 100.00 -1000 2.13 6.70 5.97 -1000 15.94 1.54 476.609
car -1 -1 0.00 0.00 0.00 100.00 100.00 -1000 1.61 4.01 -7.79 -1000 17.53 1.57 475.749
car -1 -1 0.00 0.00 0.00 100.00 100.00 -1000 1.52 3.57 -18.57 -1000 22.68 1.58 474.881
car -1 -1 0.00 0.00 0.00 100.00 100.00 -1000 2.20 7.68 5.03 -1000 22.76 1.50 469.570
car -1 -1 0.00 0.00 0.00 100.00 100.00 -1000 1.84 5.45 -0.57 -1000 22.76 1.57 469.122
car -1 -1 0.00 0.00 0.00 100.00 100.00 -1000 1.96 6.23 -10.53 -1000 18.31 1.53 461.880
car -1 -1 0.00 0.00 0.00 100.00 100.00 -1000 1.13 2.70 -10.86 -1000 16.90 1.64 452.062
car -1 -1 0.00 0.00 0.00 100.00 100.00 -1000 1.55 3.35 -10.81 -1000 13.78 1.56 437.877
car -1 -1 0.00 0.00 0.00 100.00 100.00 -1000 1.51 3.73 -0.84 -1000 30.52 1.49 423.594
car -1 -1 0.00 0.00 0.00 100.00 100.00 -1000 1.54 3.82 3.63 -1000 5.51 0.13 419.313
car -1 -1 0.00 0.00 0.00 100.00 100.00 -1000 1.47 3.19 3.86 -1000 41.62 1.62 415.194
car -1 -1 0.00 0.00 0.00 100.00 100.00 -1000 1.84 5.08 10.51 -1000 14.69 1.56 414.630
car -1 -1 0.00 0.00 0.00 100.00 100.00 -1000 2.01 6.06 9.57 -1000 15.54 1.55 414.455
car -1 -1 0.00 0.00 0.00 100.00 100.00 -1000 1.59 3.85 15.05 -1000 18.75 0.13 410.958
car -1 -1 0.00 0.00 0.00 100.00 100.00 -1000 2.11 6.83 -5.28 -1000 18.77 1.55 410.836
car -1 -1 0.00 0.00 0.00 100.00 100.00 -1000 2.07 6.68 -4.59 -1000 19.96 1.45 407.084
car -1 -1 0.00 0.00 0.00 100.00 100.00 -1000 1.98 6.26 -3.78 -1000 21.17 1.50 405.772
car -1 -1 0.00 0.00 0.00 100.00 100.00 -1000 1.52 3.30 -4.90 -1000 8.81 1.52 405.365
car -1 -1 0.00 0.00 0.00 100.00 100.00 -1000 1.72 4.04 -11.53 -1000 14.68 -0.04 405.083
car -1 -1 0.00 0.00 0.00 100.00 100.00 -1000 1.54 4.08 2.78 -1000 14.42 1.41 402.235
car -1 -1 0.00 0.00 0.00 100.00 100.00 -1000 1.61 4.06 -7.70 -1000 12.49 1.49 399.945
car -1 -1 0.00 0.00 0.00 100.00 100.00 -1000 2.09 5.02 -12.60 -1000 17.28 -0.19 399.869
car -1 -1 0.00 0.00 0.00 100.00 100.00 -1000 1.63 3.60 -9.51 -1000 12.57 1.58 398.409
car -1 -1 0.00 0.00 0.00 100.00 100.00 -1000 1.77 4.74 -13.42 -1000 21.64 1.55 397.597
car -1 -1 0.00 0.00 0.00 100.00 100.00 -1000 1.25 4.19 -7.06 -1000 16.17 0.35 395.485
car -1 -1 0.00 0.00 0.00 100.00 100.00 -1000 1.77 4.71 -8.51 -1000 11.90 0.13 391.399
car -1 -1 0.00 0.00 0.00 100.00 100.00 -1000 1.58 3.32 -9.10 -1000 15.44 1.55 389.416
car -1 -1 0.00 0.00 0.00 100.00 100.00 -1000 1.70 4.43 -16.47 -1000 26.91 1.57 369.487
car -1 -1 0.00 0.00 0.00 100.00 100.00 -1000 1.60 3.81 1.91 -1000 29.61 1.64 367.416
car -1 -1 0.00 0.00 0.00 100.00 100.00 -1000 1.61 3.95 -9.31 -1000 17.29 1.57 365.286
car -1 -1 0.00 0.00 0.00 100.00 100.00 -1000 1.61 3.39 -17.92 -1000 25.06 1.56 359.756
car -1 -1 0.00 0.00 0.00 100.00 100.00 -1000 2.02 6.45 1.17 -1000 23.58 1.49 355.686
car -1 -1 0.00 0.00 0.00 100.00 100.00 -1000 1.56 3.95 -18.60 -1000 27.63 1.50 353.468
car -1 -1 0.00 0.00 0.00 100.00 100.00 -1000 1.60 3.63 -9.98 -1000 14.61 1.55 350.296
car -1 -1 0.00 0.00 0.00 100.00 100.00 -1000 1.55 3.39 3.79 -1000 13.41 1.55 350.174
car -1 -1 0.00 0.00 0.00 100.00 100.00 -1000 1.65 4.03 0.43 -1000 13.37 1.56 343.388
car -1 -1 0.00 0.00 0.00 100.00 100.00 -1000 3.97 8.33 -11.35 -1000 16.71 -0.01 340.501
car -1 -1 0.00 0.00 0.00 100.00 100.00 -1000 1.49 3.57 -1.34 -1000 29.12 0.12 329.051
car -1 -1 0.00 0.00 0.00 100.00 100.00 -1000 2.00 3.06 -1.23 -1000 13.53 1.45 324.456
car -1 -1 0.00 0.00 0.00 100.00 100.00 -1000 1.37 3.14 -17.01 -1000 24.19 1.50 320.941
car -1 -1 0.00 0.00 0.00 100.00 100.00 -1000 1.86 5.77 -2.51 -1000 22.01 1.43 318.159
car -1 -1 0.00 0.00 0.00 100.00 100.00 -1000 1.59 4.23 16.06 -1000 19.94 1.53 312.983
car -1 -1 0.00 0.00 0.00 100.00 100.00 -1000 1.46 2.93 -5.07 -1000 7.80 1.50 312.216
car -1 -1 0.00 0.00 0.00 100.00 100.00 -1000 1.96 5.32 -6.66 -1000 17.98 1.57 309.274
car -1 -1 0.00 0.00 0.00 100.00 100.00 -1000 1.69 4.01 -17.17 -1000 20.57 1.54 305.993
car -1 -1 0.00 0.00 0.00 100.00 100.00 -1000 1.45 3.36 14.48 -1000 19.71 1.55 298.594
car -1 -1 0.00 0.00 0.00 100.00 100.00 -1000 1.82 5.29 -13.12 -1000 20.44 1.50 296.703
car -1 -1 0.00 0.00 0.00 100.00 100.00 -1000 1.68 3.42 10.49 -1000 12.08 1.61 288.638
car -1 -1 0.00 0.00 0.00 100.00 100.00 -1000 1.73 4.59 -9.94 -1000 16.25 -0.14 287.223
car -1 -1 0.00 0.00 0.00 100.00 100.00 -1000 3.75 9.42 -0.32 -1000 18.00 -0.17 287.129
car -1 -1 0.00 0.00 0.00 100.00 100.00 -1000 2.16 7.25 6.32 -1000 21.97 1.46 283.824
car -1 -1 0.00 0.00 0.00 100.00 100.00 -1000 2.33 5.78 -4.32 -1000 10.22 -0.40 283.156
car -1 -1 0.00 0.00 0.00 100.00 100.00 -1000 1.65 4.20 2.90 -1000 28.87 0.00 277.628
car -1 -1 0.00 0.00 0.00 100.00 100.00 -1000 1.57 4.11 2.49 -1000 17.22 1.30 276.524
car -1 -1 0.00 0.00 0.00 100.00 100.00 -1000 1.83 5.65 7.82 -1000 19.97 1.48 274.036
car -1 -1 0.00 0.00 0.00 100.00 100.00 -1000 1.94 5.82 -12.20 -1000 18.74 1.48 272.292
car -1 -1 0.00 0.00 0.00 100.00 100.00 -1000 1.76 3.95 -8.46 -1000 14.77 1.58 271.161
car -1 -1 0.00 0.00 0.00 100.00 100.00 -1000 1.98 6.29 -9.63 -1000 20.37 1.45 266.609
car -1 -1 0.00 0.00 0.00 100.00 100.00 -1000 2.19 6.26 -8.05 -1000 11.12 0.06 266.438
car -1 -1 0.00 0.00 0.00 100.00 100.00 -1000 2.12 6.76 -11.33 -1000 19.57 1.46 265.478
car -1 -1 0.00 0.00 0.00 100.00 100.00 -1000 2.03 6.18 -13.95 -1000 22.79 1.53 265.237
car -1 -1 0.00 0.00 0.00 100.00 100.00 -1000 1.65 3.84 -0.43 -1000 12.64 1.46 264.910
car -1 -1 0.00 0.00 0.00 100.00 100.00 -1000 1.59 3.78 -18.59 -1000 21.86 1.65 263.897
car -1 -1 0.00 0.00 0.00 100.00 100.00 -1000 1.92 5.83 -14.86 -1000 24.35 1.57 262.962
car -1 -1 0.00 0.00 0.00 100.00 100.00 -1000 1.55 4.16 3.71 -1000 29.67 1.57 256.607
car -1 -1 0.00 0.00 0.00 100.00 100.00 -1000 1.96 5.78 -7.31 -1000 14.17 0.12 255.211
car -1 -1 0.00 0.00 0.00 100.00 100.00 -1000 2.10 6.40 -2.68 -1000 11.68 -0.53 248.472
car -1 -1 0.00 0.00 0.00 100.00 100.00 -1000 2.52 7.83 -9.65 -1000 13.11 -0.21 236.584
car -1 -1 0.00 0.00 0.00 100.00 100.00 -1000 1.70 4.26 1.61 -1000 28.29 1.57 230.302
car -1 -1 0.00 0.00 0.00 100.00 100.00 -1000 1.71 4.79 -3.00 -1000 30.55 1.49 230.011
car -1 -1 0.00 0.00 0.00 100.00 100.00 -1000 1.72 4.13 4.08 -1000 40.40 -0.10 229.955
car -1 -1 0.00 0.00 0.00 100.00 100.00 -1000 1.80 5.43 -3.96 -1000 22.78 1.48 228.721
car -1 -1 0.00 0.00 0.00 100.00 100.00 -1000 1.64 3.92 -15.02 -1000 17.37 1.46 226.059
car -1 -1 0.00 0.00 0.00 100.00 100.00 -1000 2.30 8.07 5.19 -1000 21.17 1.47 224.218
car -1 -1 0.00 0.00 0.00 100.00 100.00 -1000 3.60 9.29 -4.25 -1000 10.41 -0.21 222.889
car -1 -1 0.00 0.00 0.00 100.00 100.00 -1000 1.97 6.42 3.62 -1000 23.38 1.41 222.731
car -1 -1 0.00 0.00 0.00 100.00 100.00 -1000 1.57 3.70 5.32 -1000 11.30 1.48 222.074
car -1 -1 0.00 0.00 0.00 100.00 100.00 -1000 1.91 5.84 8.32 -1000 21.69 1.45 221.385
car -1 -1 0.00 0.00 0.00 100.00 100.00 -1000 1.63 4.36 2.52 -1000 41.84 1.46 220.981
car -1 -1 0.00 0.00 0.00 100.00 100.00 -1000 1.62 4.39 16.67 -1000 19.26 1.57 218.158
car -1 -1 0.00 0.00 0.00 100.00 100.00 -1000 1.66 4.35 -2.43 -1000 29.78 1.45 213.427
car -1 -1 0.00 0.00 0.00 100.00 100.00 -1000 1.58 3.11 9.72 -1000 11.42 1.46 211.757
car -1 -1 0.00 0.00 0.00 100.00 100.00 -1000 1.61 4.26 4.60 -1000 28.96 1.55 208.882
car -1 -1 0.00 0.00 0.00 100.00 100.00 -1000 4.14 9.66 -15.57 -1000 20.56 0.02 207.519
car -1 -1 0.00 0.00 0.00 100.00 100.00 -1000 1.73 4.85 -2.38 -1000 31.72 1.47 205.837
car -1 -1 0.00 0.00 0.00 100.00 100.00 -1000 1.84 5.55 -11.97 -1000 24.09 1.46 205.239
car -1 -1 0.00 0.00 0.00 100.00 100.00 -1000 2.02 6.62 8.19 -1000 16.30 1.50 202.163
car -1 -1 0.00 0.00 0.00 100.00 100.00 -1000 1.61 4.08 -0.65 -1000 33.40 1.48 200.351
car -1 -1 0.00 0.00 0.00 100.00 100.00 -1000 1.79 5.55 -6.02 -1000 20.76 1.44 199.533
car -1 -1 0.00 0.00 0.00 100.00 100.00 -1000 1.71 5.26 -15.09 -1000 28.93 1.50 198.459
car -1 -1 0.00 0.00 0.00 100.00 100.00 -1000 2.88 8.84 5.62 -1000 10.37 -0.24 197.842
car -1 -1 0.00 0.00 0.00 100.00 100.00 -1000 1.62 4.36 -16.34 -1000 25.75 1.54 194.547
car -1 -1 0.00 0.00 0.00 100.00 100.00 -1000 1.74 4.55 1.12 -1000 33.46 1.59 193.765
car -1 -1 0.00 0.00 0.00 100.00 100.00 -1000 1.43 3.54 -8.17 -1000 13.52 1.39 192.175
car -1 -1 0.00 0.00 0.00 100.00 100.00 -1000 1.65 4.11 13.57 -1000 18.93 1.50 189.218
car -1 -1 0.00 0.00 0.00 100.00 100.00 -1000 1.55 3.61 12.65 -1000 47.22 1.64 187.252
car -1 -1 0.00 0.00 0.00 100.00 100.00 -1000 1.83 5.46 -5.05 -1000 22.02 1.48 186.299
car -1 -1 0.00 0.00 0.00 100.00 100.00 -1000 1.72 5.12 2.68 -1000 30.44 1.49 186.174
car -1 -1 0.00 0.00 0.00 100.00 100.00 -1000 1.77 5.04 1.09 -1000 30.85 1.54 185.742
car -1 -1 0.00 0.00 0.00 100.00 100.00 -1000 1.84 5.30 -10.87 -1000 23.32 1.46 185.459
car -1 -1 0.00 0.00 0.00 100.00 100.00 -1000 4.73 16.70 -4.15 -1000 7.35 -0.25 184.472
car -1 -1 0.00 0.00 0.00 100.00 100.00 -1000 1.84 5.39 -10.89 -1000 21.17 1.46 183.987
car -1 -1 0.00 0.00 0.00 100.00 100.00 -1000 1.93 5.60 1.84 -1000 42.64 1.47 183.482
car -1 -1 0.00 0.00 0.00 100.00 100.00 -1000 1.85 5.75 9.85 -1000 21.16 1.46 181.344
car -1 -1 0.00 0.00 0.00 100.00 100.00 -1000 1.64 4.23 -2.57 -1000 28.58 1.44 179.002
car -1 -1 0.00 0.00 0.00 100.00 100.00 -1000 2.43 6.19 -3.51 -1000 14.76 -0.09 175.070
car -1 -1 0.00 0.00 0.00 100.00 100.00 -1000 1.35 3.24 -9.44 -1000 14.01 1.50 174.906
car -1 -1 0.00 0.00 0.00 100.00 100.00 -1000 1.75 4.09 -8.44 -1000 16.70 1.51 174.310
car -1 -1 0.00 0.00 0.00 100.00 100.00 -1000 1.77 4.75 12.56 -1000 46.52 -0.10 172.424
car -1 -1 0.00 0.00 0.00 100.00 100.00 -1000 1.69 4.45 17.89 -1000 19.65 1.50 172.366
car -1 -1 0.00 0.00 0.00 100.00 100.00 -1000 1.41 3.38 -4.27 -1000 9.40 1.37 169.674
car -1 -1 0.00 0.00 0.00 100.00 100.00 -1000 1.43 3.75 1.47 -1000 27.41 1.49 169.332
car -1 -1 0.00 0.00 0.00 100.00 100.00 -1000 1.92 4.55 -1.10 -1000 18.30 1.18 168.045
car -1 -1 0.00 0.00 0.00 100.00 100.00 -1000 1.54 3.98 -0.90 -1000 27.25 1.46 164.607
car -1 -1 0.00 0.00 0.00 100.00 100.00 -1000 1.80 4.70 11.22 -1000 11.10 1.55 164.191
car -1 -1 0.00 0.00 0.00 100.00 100.00 -1000 1.49 3.77 1.21 -1000 17.83 1.42 164.042
car -1 -1 0.00 0.00 0.00 100.00 100.00 -1000 1.74 4.59 0.72 -1000 41.09 1.43 163.967
car -1 -1 0.00 0.00 0.00 100.00 100.00 -1000 1.66 4.63 -2.36 -1000 23.28 1.44 163.488
car -1 -1 0.00 0.00 0.00 100.00 100.00 -1000 1.75 4.88 5.00 -1000 30.12 1.50 163.453
car -1 -1 0.00 0.00 0.00 100.00 100.00 -1000 1.60 4.07 2.44 -1000 40.70 1.47 159.984
car -1 -1 0.00 0.00 0.00 100.00 100.00 -1000 1.63 4.25 14.43 -1000 20.45 1.49 157.966
car -1 -1 0.00 0.00 0.00 100.00 100.00 -1000 1.46 3.66 -15.62 -1000 18.00 1.48 157.727
car -1 -1 0.00 0.00 0.00 100.00 100.00 -1000 1.60 3.99 11.47 -1000 14.05 -0.04 157.008
car -1 -1 0.00 0.00 0.00 100.00 100.00 -1000 1.88 5.91 -12.06 -1000 22.45 1.44 156.415
car -1 -1 0.00 0.00 0.00 100.00 100.00 -1000 1.92 6.10 10.78 -1000 16.30 1.53 156.185
car -1 -1 0.00 0.00 0.00 100.00 100.00 -1000 1.59 3.51 10.17 -1000 10.43 1.51 154.239
car -1 -1 0.00 0.00 0.00 100.00 100.00 -1000 1.85 5.21 8.12 -1000 17.19 1.58 154.032
car -1 -1 0.00 0.00 0.00 100.00 100.00 -1000 1.70 4.51 13.45 -1000 12.41 1.46 152.693
car -1 -1 0.00 0.00 0.00 100.00 100.00 -1000 1.61 4.03 4.90 -1000 41.10 1.57 152.560
car -1 -1 0.00 0.00 0.00 100.00 100.00 -1000 1.87 5.81 -12.94 -1000 25.24 1.48 151.489
car -1 -1 0.00 0.00 0.00 100.00 100.00 -1000 1.84 4.73 5.86 -1000 6.06 1.60 149.718
car -1 -1 0.00 0.00 0.00 100.00 100.00 -1000 1.90 5.58 -16.05 -1000 27.65 1.47 147.892
car -1 -1 0.00 0.00 0.00 100.00 100.00 -1000 1.77 4.67 4.53 -1000 4.77 1.56 147.239
car -1 -1 0.00 0.00 0.00 100.00 100.00 -1000 1.71 4.69 5.10 -1000 42.19 1.49 146.370
car -1 -1 0.00 0.00 0.00 100.00 100.00 -1000 1.51 3.03 4.84 -1000 7.59 1.33 145.842
car -1 -1 0.00 0.00 0.00 100.00 100.00 -1000 1.86 5.38 13.01 -1000 14.78 1.46 143.745
car -1 -1 0.00 0.00 0.00 100.00 100.00 -1000 1.78 5.11 -14.19 -1000 28.15 1.43 142.818
car -1 -1 0.00 0.00 0.00 100.00 100.00 -1000 1.66 4.75 7.00 -1000 28.93 1.46 142.803
car -1 -1 0.00 0.00 0.00 100.00 100.00 -1000 1.66 4.30 10.40 -1000 46.32 1.41 141.288
car -1 -1 0.00 0.00 0.00 100.00 100.00 -1000 1.44 3.42 -0.95 -1000 32.67 0.26 140.495
car -1 -1 0.00 0.00 0.00 100.00 100.00 -1000 1.70 4.69 1.92 -1000 34.58 1.46 139.994
car -1 -1 0.00 0.00 0.00 100.00 100.00 -1000 1.71 4.87 4.52 -1000 32.16 1.47 139.669
car -1 -1 0.00 0.00 0.00 100.00 100.00 -1000 1.78 4.89 -15.26 -1000 26.48 1.46 138.301
car -1 -1 0.00 0.00 0.00 100.00 100.00 -1000 1.71 4.81 -12.83 -1000 26.04 1.49 137.940
car -1 -1 0.00 0.00 0.00 100.00 100.00 -1000 1.81 5.00 8.59 -1000 18.89 1.48 137.586
car -1 -1 0.00 0.00 0.00 100.00 100.00 -1000 1.74 3.96 13.22 -1000 45.49 1.54 137.132
car -1 -1 0.00 0.00 0.00 100.00 100.00 -1000 1.89 6.06 6.65 -1000 42.92 1.46 136.658
car -1 -1 0.00 0.00 0.00 100.00 100.00 -1000 1.64 4.44 7.08 -1000 40.20 1.44 136.037
car -1 -1 0.00 0.00 0.00 100.00 100.00 -1000 2.20 7.69 7.24 -1000 20.74 1.43 135.820
car -1 -1 0.00 0.00 0.00 100.00 100.00 -1000 1.63 4.26 2.33 -1000 39.44 1.43 135.492
car -1 -1 0.00 0.00 0.00 100.00 100.00 -1000 1.69 4.57 17.79 -1000 18.50 1.47 134.838
car -1 -1 0.00 0.00 0.00 100.00 100.00 -1000 1.55 4.42 -13.26 -1000 27.25 1.50 134.122
car -1 -1 0.00 0.00 0.00 100.00 100.00 -1000 1.37 2.76 3.79 -1000 6.36 1.48 133.894
car -1 -1 0.00 0.00 0.00 100.00 100.00 -1000 1.38 2.99 5.39 -1000 8.40 1.25 133.782
car -1 -1 0.00 0.00 0.00 100.00 100.00 -1000 1.68 4.42 3.59 -1000 28.20 1.59 133.040
car -1 -1 0.00 0.00 0.00 100.00 100.00 -1000 1.62 4.22 -16.23 -1000 16.84 1.42 132.197
car -1 -1 0.00 0.00 0.00 100.00 100.00 -1000 1.70 4.23 4.82 -1000 39.39 1.54 130.955
car -1 -1 0.00 0.00 0.00 100.00 100.00 -1000 1.65 4.57 13.56 -1000 11.18 1.42 130.849
car -1 -1 0.00 0.00 0.00 100.00 100.00 -1000 1.75 4.96 0.37 -1000 32.18 1.58 130.242
car -1 -1 0.00 0.00 0.00 100.00 100.00 -1000 1.77 4.52 16.15 -1000 18.15 1.56 129.686
car -1 -1 0.00 0.00 0.00 100.00 100.00 -1000 1.63 4.66 6.93 -1000 29.80 1.42 129.635
car -1 -1 0.00 0.00 0.00 100.00 100.00 -1000 1.76 5.20 3.59 -1000 33.32 1.47 129.423
car -1 -1 0.00 0.00 0.00 100.00 100.00 -1000 1.64 4.28 -1.32 -1000 28.16 1.50 128.791
car -1 -1 0.00 0.00 0.00 100.00 100.00 -1000 1.72 4.79 6.93 -1000 41.42 1.47 127.878
car -1 -1 0.00 0.00 0.00 100.00 100.00 -1000 2.18 6.62 9.31 -1000 11.50 -0.28 126.452
car -1 -1 0.00 0.00 0.00 100.00 100.00 -1000 1.83 5.59 10.05 -1000 20.02 1.42 124.587
car -1 -1 0.00 0.00 0.00 100.00 100.00 -1000 1.69 4.38 5.05 -1000 27.78 1.48 123.726
car -1 -1 0.00 0.00 0.00 100.00 100.00 -1000 1.70 4.65 11.90 -1000 19.63 1.45 121.806
car -1 -1 0.00 0.00 0.00 100.00 100.00 -1000 1.89 6.20 -16.07 -1000 30.02 1.41 121.790
car -1 -1 0.00 0.00 0.00 100.00 100.00 -1000 1.79 4.95 13.43 -1000 16.38 1.45 121.131
car -1 -1 0.00 0.00 0.00 100.00 100.00 -1000 1.59 3.63 -13.84 -1000 14.05 1.23 120.999
car -1 -1 0.00 0.00 0.00 100.00 100.00 -1000 1.61 4.32 11.18 -1000 45.12 1.43 120.344
car -1 -1 0.00 0.00 0.00 100.00 100.00 -1000 1.95 5.95 12.18 -1000 15.57 1.47 119.354
car -1 -1 0.00 0.00 0.00 100.00 100.00 -1000 1.61 4.35 -15.41 -1000 15.99 1.44 118.870
car -1 -1 0.00 0.00 0.00 100.00 100.00 -1000 1.70 3.68 -0.35 -1000 17.60 1.21 118.796
car -1 -1 0.00 0.00 0.00 100.00 100.00 -1000 1.80 4.85 16.76 -1000 17.21 1.55 117.302
car -1 -1 0.00 0.00 0.00 100.00 100.00 -1000 1.75 4.67 15.08 -1000 46.29 1.45 116.150
car -1 -1 0.00 0.00 0.00 100.00 100.00 -1000 1.66 4.63 12.11 -1000 11.95 1.53 115.458
car -1 -1 0.00 0.00 0.00 100.00 100.00 -1000 1.75 4.92 -2.48 -1000 33.01 1.42 114.955
car -1 -1 0.00 0.00 0.00 100.00 100.00 -1000 1.78 5.16 -7.61 -1000 21.22 1.45 114.796
car -1 -1 0.00 0.00 0.00 100.00 100.00 -1000 1.91 6.50 7.61 -1000 22.86 1.44 114.695
car -1 -1 0.00 0.00 0.00 100.00 100.00 -1000 1.75 5.07 12.08 -1000 40.26 1.43 114.677
car -1 -1 0.00 0.00 0.00 100.00 100.00 -1000 1.44 3.34 4.44 -1000 3.66 1.42 114.573
car -1 -1 0.00 0.00 0.00 100.00 100.00 -1000 1.57 3.87 -17.58 -1000 19.71 1.44 113.930
car -1 -1 0.00 0.00 0.00 100.00 100.00 -1000 1.47 2.66 6.35 -1000 7.68 1.39 113.604
car -1 -1 0.00 0.00 0.00 100.00 100.00 -1000 1.76 4.63 13.27 -1000 18.12 1.54 111.962
car -1 -1 0.00 0.00 0.00 100.00 100.00 -1000 1.50 4.16 6.24 -1000 27.33 1.44 111.735
car -1 -1 0.00 0.00 0.00 100.00 100.00 -1000 1.56 3.41 -12.81 -1000 15.00 1.36 111.129
car -1 -1 0.00 0.00 0.00 100.00 100.00 -1000 1.85 5.64 -10.09 -1000 21.94 1.45 111.116
car -1 -1 0.00 0.00 0.00 100.00 100.00 -1000 1.70 4.31 2.25 -1000 26.09 1.34 110.276
car -1 -1 0.00 0.00 0.00 100.00 100.00 -1000 1.75 5.13 3.90 -1000 27.21 1.55 110.135
car -1 -1 0.00 0.00 0.00 100.00 100.00 -1000 1.78 5.25 13.25 -1000 13.56 1.43 109.401
car -1 -1 0.00 0.00 0.00 100.00 100.00 -1000 1.76 4.72 15.02 -1000 15.60 1.39 109.352
car -1 -1 0.00 0.00 0.00 100.00 100.00 -1000 1.60 4.55 -3.56 -1000 18.41 -0.11 108.155
car -1 -1 0.00 0.00 0.00 100.00 100.00 -1000 1.65 4.02 12.00 -1000 44.38 1.34 107.800
car -1 -1 0.00 0.00 0.00 100.00 100.00 -1000 1.61 3.72 10.22 -1000 9.57 1.47 107.591
car -1 -1 0.00 0.00 0.00 100.00 100.00 -1000 1.77 4.69 6.72 -1000 5.12 1.51 106.765
car -1 -1 0.00 0.00 0.00 100.00 100.00 -1000 1.83 5.57 1.79 -1000 24.39 1.34 106.136
car -1 -1 0.00 0.00 0.00 100.00 100.00 -1000 1.62 4.13 3.90 -1000 38.10 1.34 104.865
car -1 -1 0.00 0.00 0.00 100.00 100.00 -1000 1.57 3.88 4.05 -1000 2.55 1.39 104.413
car -1 -1 0.00 0.00 0.00 100.00 100.00 -1000 1.86 5.47 11.28 -1000 17.20 1.53 103.508
