car -1 -1 0.00 0.00 0.00 100.00 100.00 -1000 1.65 4.73 -6.38 -1000 18.72 1.57 999.806
car -1 -1 0.00 0.00 0.00 100.00 100.00 -1000 1.47 4.78 0.19 -1000 23.71 0.16 999.561
car -1 -1 0.00 0.00 0.00 100.00 100.00 -1000 1.68 3.96 -0.86 -1000 24.52 1.63 998.761
car -1 -1 0.00 0.00 0.00 100.00 100.00 -1000 2.00 5.88 -6.52 -1000 19.89 1.72 998.140
car -1 -1 0.00 0.00 0.00 100.00 100.00 -1000 1.17 3.44 19.25 -1000 24.19 2.08 997.983
car -1 -1 0.00 0.00 0.00 100.00 100.00 -1000 1.06 4.15 -5.87 -1000 17.78 0.71 997.886
car -1 -1 0.00 0.00 0.00 100.00 100.00 -1000 1.18 3.67 19.82 -1000 23.45 0.30 997.071
car -1 -1 0.00 0.00 0.00 100.00 100.00 -1000 1.62 3.67 4.87 -1000 40.76 1.67 994.839
car -1 -1 0.00 0.00 0.00 100.00 100.00 -1000 1.77 5.05 3.10 -1000 41.50 0.01 978.001
car -1 -1 0.00 0.00 0.00 100.00 100.00 -1000 2.63 6.78 -7.23 -1000 17.79 1.44 970.504
car -1 -1 0.00 0.00 0.00 100.00 100.00 -1000 1.45 3.58 13.54 -1000 22.72 1.51 965.105
car -1 -1 0.00 0.00 0.00 100.00 100.00 -1000 1.55 4.23 -6.05 -1000 46.87 -0.06 959.922
car -1 -1 0.00 0.00 0.00 100.00 100.00 -1000 1.63 3.42 -6.11 -1000 47.88 1.59 954.198
car -1 -1 0.00 0.00 0.00 100.00 100.00 -1000 1.50 3.91 -9.24 -1000 15.05 1.63 951.586
car -1 -1 0.00 0.00 0.00 100.00 100.00 -1000 1.46 3.31 13.56 -1000 38.61 1.58 950.301
car -1 -1 0.00 0.00 0.00 100.00 100.00 -1000 1.47 3.35 13.71 -1000 33.83 1.55 949.363
car -1 -1 0.00 0.00 0.00 100.00 100.00 -1000 1.79 4.84 -15.93 -1000 33.21 1.63 945.646
car -1 -1 0.00 0.00 0.00 100.00 100.00 -1000 1.75 4.22 4.96 -1000 39.92 -0.21 944.871
car -1 -1 0.00 0.00 0.00 100.00 100.00 -1000 1.78 4.61 5.27 -1000 41.50 1.63 944.769
car -1 -1 0.00 0.00 0.00 100.00 100.00 -1000 1.63 4.40 3.12 -1000 42.39 1.57 942.671
car -1 -1 0.00 0.00 0.00 100.00 100.00 -1000 1.50 3.59 5.20 -1000 36.10 0.01 938.785
car -1 -1 0.00 0.00 0.00 100.00 100.00 -1000 1.57 4.00 14.40 -1000 24.48 1.68 933.313
car -1 -1 0.00 0.00 0.00 100.00 100.00 -1000 1.73 5.02 -5.80 -1000 17.13 1.82 931.614
car -1 -1 0.00 0.00 0.00 100.00 100.00 -1000 1.49 3.45 -9.26 -1000 40.61 1.63 924.774
car -1 -1 0.00 0.00 0.00 100.00 100.00 -1000 1.41 3.53 13.53 -1000 18.72 1.65 923.845
car -1 -1 0.00 0.00 0.00 100.00 100.00 -1000 1.77 4.91 13.27 -1000 26.80 1.54 923.168
car -1 -1 0.00 0.00 0.00 100.00 100.00 -1000 1.58 3.66 -15.57 -1000 32.31 1.66 919.493
car -1 -1 0.00 0.00 0.00 100.00 100.00 -1000 1.84 6.45 -5.48 -1000 20.93 1.56 914.389
car -1 -1 0.00 0.00 0.00 100.00 100.00 -1000 1.66 4.15 -9.78 -1000 14.33 -0.09 914.367
car -1 -1 0.00 0.00 0.00 100.00 100.00 -1000 1.48 3.61 13.66 -1000 34.81 1.51 911.261
car -1 -1 0.00 0.00 0.00 100.00 100.00 -1000 1.46 3.20 13.85 -1000 23.82 1.55 908.296
car -1 -1 0.00 0.00 0.00 100.00 100.00 -1000 1.58 5.73 18.24 -1000 25.50 2.04 905.221
car -1 -1 0.00 0.00 0.00 100.00 100.00 -1000 1.68 4.42 -1.54 -1000 23.59 0.17 904.772
car -1 -1 0.00 0.00 0.00 100.00 100.00 -1000 2.64 6.33 -14.50 -1000 43.93 0.01 902.603
car -1 -1 0.00 0.00 0.00 100.00 100.00 -1000 1.74 4.77 -0.59 -1000 23.01 -0.17 899.979
car -1 -1 0.00 0.00 0.00 100.00 100.00 -1000 1.65 4.37 1.36 -1000 41.68 0.04 894.500
car -1 -1 0.00 0.00 0.00 100.00 100.00 -1000 1.53 3.46 1.55 -1000 42.48 1.60 894.258
car -1 -1 0.00 0.00 0.00 100.00 100.00 -1000 1.47 3.45 13.53 -1000 39.90 1.58 893.801
car -1 -1 0.00 0.00 0.00 100.00 100.00 -1000 1.56 3.75 2.75 -1000 37.04 0.11 889.013
car -1 -1 0.00 0.00 0.00 100.00 100.00 -1000 1.46 3.39 13.48 -1000 28.56 1.56 888.992
car -1 -1 0.00 0.00 0.00 100.00 100.00 -1000 1.51 3.54 -15.07 -1000 45.41 1.65 878.145
car -1 -1 0.00 0.00 0.00 100.00 100.00 -1000 1.40 3.44 5.88 -1000 36.92 1.55 875.734
car -1 -1 0.00 0.00 0.00 100.00 100.00 -1000 1.69 4.58 4.68 -1000 42.20 1.61 863.815
car -1 -1 0.00 0.00 0.00 100.00 100.00 -1000 1.80 4.69 16.57 -1000 24.14 1.52 860.027
car -1 -1 0.00 0.00 0.00 100.00 100.00 -1000 1.36 3.41 19.38 -1000 45.49 1.68 857.737
car -1 -1 0.00 0.00 0.00 100.00 100.00 -1000 1.54 3.58 4.84 -1000 29.44 -0.05 845.917
car -1 -1 0.00 0.00 0.00 100.00 100.00 -1000 2.07 6.66 -0.50 -1000 25.01 1.61 843.816
car -1 -1 0.00 0.00 0.00 100.00 100.00 -1000 1.48 3.69 13.33 -1000 20.78 1.53 835.685
car -1 -1 0.00 0.00 0.00 100.00 100.00 -1000 1.51 3.52 -2.50 -1000 43.14 1.62 835.364
car -1 -1 0.00 0.00 0.00 100.00 100.00 -1000 1.87 4.75 18.04 -1000 24.54 1.46 834.278
car -1 -1 0.00 0.00 0.00 100.00 100.00 -1000 1.48 3.49 10.70 -1000 37.83 1.59 827.232
car -1 -1 0.00 0.00 0.00 100.00 100.00 -1000 1.67 4.10 -6.87 -1000 40.19 0.13 825.650
car -1 -1 0.00 0.00 0.00 100.00 100.00 -1000 1.56 3.92 19.41 -1000 22.68 -0.04 823.630
car -1 -1 0.00 0.00 0.00 100.00 100.00 -1000 1.50 3.71 -15.73 -1000 29.19 1.61 822.818
car -1 -1 0.00 0.00 0.00 100.00 100.00 -1000 1.43 3.29 -3.38 -1000 43.88 1.59 817.860
car -1 -1 0.00 0.00 0.00 100.00 100.00 -1000 1.76 4.32 -9.47 -1000 39.71 -0.21 814.299
car -1 -1 0.00 0.00 0.00 100.00 100.00 -1000 1.55 3.91 4.45 -1000 30.30 0.17 810.397
car -1 -1 0.00 0.00 0.00 100.00 100.00 -1000 1.75 4.21 18.38 -1000 23.58 1.49 808.479
car -1 -1 0.00 0.00 0.00 100.00 100.00 -1000 1.94 5.65 1.47 -1000 24.40 1.66 783.445
car -1 -1 0.00 0.00 0.00 100.00 100.00 -1000 1.57 3.95 13.54 -1000 17.84 1.65 781.698
car -1 -1 0.00 0.00 0.00 100.00 100.00 -1000 1.80 5.06 4.18 -1000 43.01 1.58 777.847
car -1 -1 0.00 0.00 0.00 100.00 100.00 -1000 1.53 3.62 13.48 -1000 21.85 1.56 777.759
car -1 -1 0.00 0.00 0.00 100.00 100.00 -1000 0.64 3.71 20.89 -1000 23.86 0.65 769.348
car -1 -1 0.00 0.00 0.00 100.00 100.00 -1000 1.61 3.98 -5.67 -1000 39.83 0.21 762.415
car -1 -1 0.00 0.00 0.00 100.00 100.00 -1000 1.48 3.35 13.51 -1000 32.75 1.58 761.898
car -1 -1 0.00 0.00 0.00 100.00 100.00 -1000 1.51 4.01 13.30 -1000 29.30 1.49 750.872
car -1 -1 0.00 0.00 0.00 100.00 100.00 -1000 1.45 3.27 4.50 -1000 34.62 1.56 745.002
car -1 -1 0.00 0.00 0.00 100.00 100.00 -1000 1.52 3.84 -15.15 -1000 35.63 1.58 743.426
car -1 -1 0.00 0.00 0.00 100.00 100.00 -1000 1.47 3.58 3.32 -1000 34.89 1.61 741.598
car -1 -1 0.00 0.00 0.00 100.00 100.00 -1000 1.42 3.56 19.74 -1000 44.66 -0.03 733.092
car -1 -1 0.00 0.00 0.00 100.00 100.00 -1000 1.57 3.80 5.30 -1000 33.71 0.04 729.201
car -1 -1 0.00 0.00 0.00 100.00 100.00 -1000 1.87 5.69 -6.29 -1000 16.27 1.43 728.922
car -1 -1 0.00 0.00 0.00 100.00 100.00 -1000 1.43 3.34 2.89 -1000 38.05 1.59 724.388
car -1 -1 0.00 0.00 0.00 100.00 100.00 -1000 1.47 3.42 4.29 -1000 36.81 0.33 723.180
car -1 -1 0.00 0.00 0.00 100.00 100.00 -1000 1.50 3.53 3.36 -1000 34.02 0.00 719.985
car -1 -1 0.00 0.00 0.00 100.00 100.00 -1000 1.70 4.22 -16.54 -1000 45.90 1.50 715.041
car -1 -1 0.00 0.00 0.00 100.00 100.00 -1000 1.51 3.58 13.71 -1000 27.47 1.55 714.241
car -1 -1 0.00 0.00 0.00 100.00 100.00 -1000 1.50 3.57 13.45 -1000 31.76 1.55 713.694
car -1 -1 0.00 0.00 0.00 100.00 100.00 -1000 1.72 4.21 17.90 -1000 27.02 1.40 711.583
car -1 -1 0.00 0.00 0.00 100.00 100.00 -1000 1.51 3.79 13.92 -1000 47.52 1.55 702.486
car -1 -1 0.00 0.00 0.00 100.00 100.00 -1000 1.46 3.40 13.13 -1000 46.60 -0.16 702.426
car -1 -1 0.00 0.00 0.00 100.00 100.00 -1000 1.54 3.73 -15.95 -1000 21.78 1.65 700.816
car -1 -1 0.00 0.00 0.00 100.00 100.00 -1000 1.52 3.72 6.13 -1000 34.92 1.60 699.026
car -1 -1 0.00 0.00 0.00 100.00 100.00 -1000 1.49 3.64 -6.35 -1000 36.14 0.30 694.702
car -1 -1 0.00 0.00 0.00 100.00 100.00 -1000 1.84 4.78 3.50 -1000 40.28 1.50 692.554
car -1 -1 0.00 0.00 0.00 100.00 100.00 -1000 1.86 4.93 6.15 -1000 42.51 1.52 692.213
car -1 -1 0.00 0.00 0.00 100.00 100.00 -1000 1.43 3.32 -19.96 -1000 46.33 1.57 691.304
car -1 -1 0.00 0.00 0.00 100.00 100.00 -1000 1.80 4.84 -16.69 -1000 31.79 0.05 684.458
car -1 -1 0.00 0.00 0.00 100.00 100.00 -1000 1.56 3.96 -3.80 -1000 42.92 0.13 678.300
car -1 -1 0.00 0.00 0.00 100.00 100.00 -1000 1.65 4.49 -7.87 -1000 41.01 1.50 676.961
car -1 -1 0.00 0.00 0.00 100.00 100.00 -1000 1.47 3.34 13.71 -1000 37.62 1.58 676.917
car -1 -1 0.00 0.00 0.00 100.00 100.00 -1000 1.45 3.39 8.77 -1000 46.41 1.62 671.433
car -1 -1 0.00 0.00 0.00 100.00 100.00 -1000 2.33 8.40 0.39 -1000 26.73 1.59 669.656
car -1 -1 0.00 0.00 0.00 100.00 100.00 -1000 1.35 3.03 -1.97 -1000 34.22 1.60 668.394
car -1 -1 0.00 0.00 0.00 100.00 100.00 -1000 1.79 4.87 14.49 -1000 25.26 1.64 668.236
car -1 -1 0.00 0.00 0.00 100.00 100.00 -1000 1.36 3.04 -5.49 -1000 40.65 1.60 668.205
car -1 -1 0.00 0.00 0.00 100.00 100.00 -1000 1.46 3.46 -4.17 -1000 44.68 1.57 666.518
car -1 -1 0.00 0.00 0.00 100.00 100.00 -1000 1.61 4.26 13.44 -1000 25.80 1.59 665.982
car -1 -1 0.00 0.00 0.00 100.00 100.00 -1000 2.19 7.53 -16.23 -1000 34.07 1.51 660.555
car -1 -1 0.00 0.00 0.00 100.00 100.00 -1000 1.61 3.90 -6.31 -1000 20.46 1.45 659.275
car -1 -1 0.00 0.00 0.00 100.00 100.00 -1000 1.68 4.42 -1.86 -1000 28.40 1.59 658.718
car -1 -1 0.00 0.00 0.00 100.00 100.00 -1000 1.49 3.54 13.54 -1000 19.74 1.56 657.500
car -1 -1 0.00 0.00 0.00 100.00 100.00 -1000 1.57 3.58 1.72 -1000 33.67 0.11 654.913
car -1 -1 0.00 0.00 0.00 100.00 100.00 -1000 1.57 3.85 13.30 -1000 45.09 1.59 650.705
car -1 -1 0.00 0.00 0.00 100.00 100.00 -1000 1.57 3.83 18.27 -1000 26.21 1.68 647.173
car -1 -1 0.00 0.00 0.00 100.00 100.00 -1000 1.58 3.66 3.76 -1000 38.60 1.44 644.356
car -1 -1 0.00 0.00 0.00 100.00 100.00 -1000 1.39 3.23 -19.79 -1000 47.09 1.56 644.168
car -1 -1 0.00 0.00 0.00 100.00 100.00 -1000 1.54 3.51 -2.02 -1000 42.47 1.63 640.729
car -1 -1 0.00 0.00 0.00 100.00 100.00 -1000 1.46 3.65 -16.56 -1000 23.76 1.48 639.260
car -1 -1 0.00 0.00 0.00 100.00 100.00 -1000 1.39 3.08 -6.29 -1000 41.40 1.59 633.878
car -1 -1 0.00 0.00 0.00 100.00 100.00 -1000 1.47 3.17 1.42 -1000 34.48 1.52 623.397
car -1 -1 0.00 0.00 0.00 100.00 100.00 -1000 1.49 3.46 -9.18 -1000 30.62 1.60 615.252
car -1 -1 0.00 0.00 0.00 100.00 100.00 -1000 1.44 3.42 -20.07 -1000 45.13 1.57 605.618
car -1 -1 0.00 0.00 0.00 100.00 100.00 -1000 1.44 3.27 2.47 -1000 31.61 1.61 602.397
car -1 -1 0.00 0.00 0.00 100.00 100.00 -1000 1.89 5.26 -13.81 -1000 32.90 1.45 600.690
car -1 -1 0.00 0.00 0.00 100.00 100.00 -1000 1.39 6.11 -7.01 -1000 15.09 1.36 598.886
car -1 -1 0.00 0.00 0.00 100.00 100.00 -1000 1.82 4.57 16.00 -1000 23.07 1.55 595.543
car -1 -1 0.00 0.00 0.00 100.00 100.00 -1000 1.80 4.70 -16.08 -1000 44.68 0.10 589.279
car -1 -1 0.00 0.00 0.00 100.00 100.00 -1000 1.47 3.06 1.35 -1000 37.83 1.50 585.702
car -1 -1 0.00 0.00 0.00 100.00 100.00 -1000 1.81 5.33 3.65 -1000 25.40 1.56 584.939
car -1 -1 0.00 0.00 0.00 100.00 100.00 -1000 2.46 10.65 -0.65 -1000 25.85 1.72 584.181
car -1 -1 0.00 0.00 0.00 100.00 100.00 -1000 1.54 3.78 -19.22 -1000 43.94 1.67 581.054
car -1 -1 0.00 0.00 0.00 100.00 100.00 -1000 1.72 4.14 -9.44 -1000 29.65 0.00 577.626
car -1 -1 0.00 0.00 0.00 100.00 100.00 -1000 1.45 3.48 -2.81 -1000 38.55 1.55 577.180
car -1 -1 0.00 0.00 0.00 100.00 100.00 -1000 1.78 5.97 -4.91 -1000 19.36 1.54 576.687
car -1 -1 0.00 0.00 0.00 100.00 100.00 -1000 1.59 3.67 0.91 -1000 36.89 0.23 575.256
car -1 -1 0.00 0.00 0.00 100.00 100.00 -1000 1.56 3.20 5.20 -1000 38.69 1.46 568.312
car -1 -1 0.00 0.00 0.00 100.00 100.00 -1000 1.46 3.52 4.23 -1000 37.86 1.53 565.888
car -1 -1 0.00 0.00 0.00 100.00 100.00 -1000 1.50 3.57 3.53 -1000 30.76 0.18 564.625
car -1 -1 0.00 0.00 0.00 100.00 100.00 -1000 1.51 3.60 14.22 -1000 39.18 1.73 563.643
car -1 -1 0.00 0.00 0.00 100.00 100.00 -1000 1.47 3.66 14.76 -1000 41.87 1.54 561.539
car -1 -1 0.00 0.00 0.00 100.00 100.00 -1000 2.01 6.04 -1.20 -1000 27.73 1.48 556.602
car -1 -1 0.00 0.00 0.00 100.00 100.00 -1000 1.48 3.30 -2.87 -1000 34.90 1.63 555.314
car -1 -1 0.00 0.00 0.00 100.00 100.00 -1000 1.43 3.27 -4.49 -1000 40.10 1.60 554.871
car -1 -1 0.00 0.00 0.00 100.00 100.00 -1000 1.57 3.77 8.07 -1000 45.71 0.15 552.548
car -1 -1 0.00 0.00 0.00 100.00 100.00 -1000 1.55 3.71 -4.39 -1000 38.57 0.24 551.209
car -1 -1 0.00 0.00 0.00 100.00 100.00 -1000 1.57 4.02 -15.94 -1000 34.72 -0.11 544.038
car -1 -1 0.00 0.00 0.00 100.00 100.00 -1000 1.48 3.43 -1.93 -1000 37.83 1.51 543.378
car -1 -1 0.00 0.00 0.00 100.00 100.00 -1000 1.37 3.13 -3.60 -1000 39.08 1.60 533.452
car -1 -1 0.00 0.00 0.00 100.00 100.00 -1000 1.44 3.59 -16.59 -1000 22.73 -0.00 533.204
car -1 -1 0.00 0.00 0.00 100.00 100.00 -1000 2.56 7.31 -11.37 -1000 14.61 1.31 524.928
car -1 -1 0.00 0.00 0.00 100.00 100.00 -1000 1.60 4.06 3.90 -1000 31.77 1.62 524.779
car -1 -1 0.00 0.00 0.00 100.00 100.00 -1000 1.51 3.54 15.00 -1000 38.67 1.61 521.768
car -1 -1 0.00 0.00 0.00 100.00 100.00 -1000 2.03 6.19 3.69 -1000 44.69 1.43 521.060
car -1 -1 0.00 0.00 0.00 100.00 100.00 -1000 2.06 6.70 3.84 -1000 43.73 1.50 512.175
car -1 -1 0.00 0.00 0.00 100.00 100.00 -1000 1.60 4.38 20.08 -1000 43.88 0.05 509.424
car -1 -1 0.00 0.00 0.00 100.00 100.00 -1000 1.63 4.50 -15.22 -1000 25.77 1.59 504.741
car -1 -1 0.00 0.00 0.00 100.00 100.00 -1000 1.48 3.57 -19.95 -1000 43.39 1.52 501.012
car -1 -1 0.00 0.00 0.00 100.00 100.00 -1000 1.45 3.36 -5.92 -1000 32.54 0.29 500.418
car -1 -1 0.00 0.00 0.00 100.00 100.00 -1000 1.65 3.82 19.31 -1000 46.40 1.43 499.100
car -1 -1 0.00 0.00 0.00 100.00 100.00 -1000 1.55 3.69 -4.48 -1000 43.57 0.14 498.902
car -1 -1 0.00 0.00 0.00 100.00 100.00 -1000 1.49 3.79 6.09 -1000 30.21 1.55 497.564
car -1 -1 0.00 0.00 0.00 100.00 100.00 -1000 1.96 5.92 -16.68 -1000 46.54 1.40 496.798
car -1 -1 0.00 0.00 0.00 100.00 100.00 -1000 2.09 7.07 -17.02 -1000 35.76 1.45 495.370
car -1 -1 0.00 0.00 0.00 100.00 100.00 -1000 1.71 3.48 0.13 -1000 22.23 1.47 494.550
car -1 -1 0.00 0.00 0.00 100.00 100.00 -1000 1.58 3.89 12.18 -1000 42.90 1.58 492.233
car -1 -1 0.00 0.00 0.00 100.00 100.00 -1000 1.89 5.09 7.23 -1000 43.89 1.42 490.157
car -1 -1 0.00 0.00 0.00 100.00 100.00 -1000 1.69 4.49 6.53 -1000 39.63 1.61 490.061
car -1 -1 0.00 0.00 0.00 100.00 100.00 -1000 1.90 5.46 1.13 -1000 42.98 1.39 487.346
car -1 -1 0.00 0.00 0.00 100.00 100.00 -1000 2.29 7.66 -10.16 -1000 42.20 1.38 486.313
car -1 -1 0.00 0.00 0.00 100.00 100.00 -1000 1.74 4.65 -15.04 -1000 22.43 1.64 485.943
car -1 -1 0.00 0.00 0.00 100.00 100.00 -1000 1.67 4.06 -8.99 -1000 35.60 1.51 485.041
car -1 -1 0.00 0.00 0.00 100.00 100.00 -1000 1.45 3.24 -0.20 -1000 34.24 1.48 483.341
car -1 -1 0.00 0.00 0.00 100.00 100.00 -1000 1.84 4.96 1.98 -1000 40.85 1.49 482.754
car -1 -1 0.00 0.00 0.00 100.00 100.00 -1000 1.74 4.11 -6.41 -1000 45.91 1.62 482.001
car -1 -1 0.00 0.00 0.00 100.00 100.00 -1000 1.58 4.05 14.73 -1000 35.38 1.60 480.712
car -1 -1 0.00 0.00 0.00 100.00 100.00 -1000 1.50 3.57 11.10 -1000 43.88 1.59 478.812
car -1 -1 0.00 0.00 0.00 100.00 100.00 -1000 1.70 4.49 7.15 -1000 38.71 1.54 478.272
car -1 -1 0.00 0.00 0.00 100.00 100.00 -1000 1.73 4.42 -17.28 -1000 43.79 1.55 474.628
car -1 -1 0.00 0.00 0.00 100.00 100.00 -1000 1.72 4.66 4.02 -1000 39.37 1.52 473.398
car -1 -1 0.00 0.00 0.00 100.00 100.00 -1000 1.45 3.65 9.92 -1000 47.08 1.57 472.654
car -1 -1 0.00 0.00 0.00 100.00 100.00 -1000 1.82 5.00 7.12 -1000 41.05 1.65 468.321
car -1 -1 0.00 0.00 0.00 100.00 100.00 -1000 1.20 4.52 -4.46 -1000 16.06 1.27 467.135
car -1 -1 0.00 0.00 0.00 100.00 100.00 -1000 2.35 8.24 -18.05 -1000 34.94 1.39 466.582
car -1 -1 0.00 0.00 0.00 100.00 100.00 -1000 2.20 6.92 -11.68 -1000 41.41 1.36 466.375
car -1 -1 0.00 0.00 0.00 100.00 100.00 -1000 1.79 5.29 1.08 -1000 28.41 1.48 464.948
car -1 -1 0.00 0.00 0.00 100.00 100.00 -1000 1.57 4.04 -18.76 -1000 46.61 1.66 464.881
car -1 -1 0.00 0.00 0.00 100.00 100.00 -1000 1.59 3.79 -16.60 -1000 21.14 1.44 463.813
car -1 -1 0.00 0.00 0.00 100.00 100.00 -1000 2.24 7.63 -17.94 -1000 33.35 1.37 459.826
car -1 -1 0.00 0.00 0.00 100.00 100.00 -1000 1.83 5.48 -7.90 -1000 19.29 1.54 458.755
car -1 -1 0.00 0.00 0.00 100.00 100.00 -1000 1.88 5.18 17.55 -1000 22.59 1.40 454.972
car -1 -1 0.00 0.00 0.00 100.00 100.00 -1000 1.53 3.63 -3.12 -1000 33.71 0.20 454.131
car -1 -1 0.00 0.00 0.00 100.00 100.00 -1000 1.72 7.55 -7.17 -1000 14.31 1.37 451.844
car -1 -1 0.00 0.00 0.00 100.00 100.00 -1000 1.85 5.88 -9.63 -1000 19.97 1.57 449.896
car -1 -1 0.00 0.00 0.00 100.00 100.00 -1000 1.53 3.74 -1.89 -1000 31.27 1.50 447.523
car -1 -1 0.00 0.00 0.00 100.00 100.00 -1000 1.76 4.58 -0.87 -1000 43.02 1.40 446.443
car -1 -1 0.00 0.00 0.00 100.00 100.00 -1000 1.62 3.68 -0.95 -1000 42.08 1.49 442.650
car -1 -1 0.00 0.00 0.00 100.00 100.00 -1000 1.73 4.23 -4.80 -1000 18.51 1.58 440.476
car -1 -1 0.00 0.00 0.00 100.00 100.00 -1000 1.46 3.42 6.52 -1000 34.01 0.06 438.897
car -1 -1 0.00 0.00 0.00 100.00 100.00 -1000 1.58 3.79 14.71 -1000 34.32 1.66 437.610
car -1 -1 0.00 0.00 0.00 100.00 100.00 -1000 2.04 6.49 2.92 -1000 26.87 1.49 435.883
car -1 -1 0.00 0.00 0.00 100.00 100.00 -1000 1.59 3.94 -20.17 -1000 44.38 1.60 435.651
car -1 -1 0.00 0.00 0.00 100.00 100.00 -1000 1.97 6.03 -7.83 -1000 20.74 1.39 420.955
car -1 -1 0.00 0.00 0.00 100.00 100.00 -1000 1.67 4.02 14.91 -1000 28.13 1.60 420.617
car -1 -1 0.00 0.00 0.00 100.00 100.00 -1000 1.56 3.92 -0.32 -1000 41.43 0.32 420.428
car -1 -1 0.00 0.00 0.00 100.00 100.00 -1000 1.71 5.78 -1.23 -1000 21.78 1.74 419.270
car -1 -1 0.00 0.00 0.00 100.00 100.00 -1000 1.63 4.15 13.60 -1000 30.14 1.61 418.007
car -1 -1 0.00 0.00 0.00 100.00 100.00 -1000 1.77 4.18 -15.65 -1000 31.16 1.71 415.520
car -1 -1 0.00 0.00 0.00 100.00 100.00 -1000 1.53 3.54 -15.24 -1000 28.45 1.69 415.050
car -1 -1 0.00 0.00 0.00 100.00 100.00 -1000 1.42 3.54 10.00 -1000 44.20 1.62 414.734
car -1 -1 0.00 0.00 0.00 100.00 100.00 -1000 1.36 3.17 -5.90 -1000 36.86 1.57 413.717
car -1 -1 0.00 0.00 0.00 100.00 100.00 -1000 1.59 3.92 14.95 -1000 20.87 1.56 407.943
car -1 -1 0.00 0.00 0.00 100.00 100.00 -1000 2.44 9.08 0.80 -1000 44.57 1.37 406.034
car -1 -1 0.00 0.00 0.00 100.00 100.00 -1000 1.70 4.28 13.74 -1000 16.68 1.65 403.498
car -1 -1 0.00 0.00 0.00 100.00 100.00 -1000 1.59 3.83 14.90 -1000 31.40 1.61 401.856
car -1 -1 0.00 0.00 0.00 100.00 100.00 -1000 1.39 3.47 5.43 -1000 47.90 0.04 401.716
car -1 -1 0.00 0.00 0.00 100.00 100.00 -1000 1.82 5.02 3.74 -1000 45.48 1.41 401.142
car -1 -1 0.00 0.00 0.00 100.00 100.00 -1000 1.42 3.84 -3.27 -1000 28.11 0.46 392.763
car -1 -1 0.00 0.00 0.00 100.00 100.00 -1000 1.68 4.69 -14.15 -1000 28.96 1.55 387.990
car -1 -1 0.00 0.00 0.00 100.00 100.00 -1000 1.56 3.62 18.50 -1000 44.31 0.15 386.920
car -1 -1 0.00 0.00 0.00 100.00 100.00 -1000 1.64 4.13 -8.61 -1000 28.75 1.54 386.717
car -1 -1 0.00 0.00 0.00 100.00 100.00 -1000 1.87 5.19 -10.84 -1000 40.30 1.40 386.155
car -1 -1 0.00 0.00 0.00 100.00 100.00 -1000 2.01 7.45 -8.55 -1000 42.82 1.56 386.152
car -1 -1 0.00 0.00 0.00 100.00 100.00 -1000 2.11 7.23 -2.15 -1000 20.16 1.74 385.630
car -1 -1 0.00 0.00 0.00 100.00 100.00 -1000 1.87 5.30 -17.63 -1000 32.55 1.34 385.373
car -1 -1 0.00 0.00 0.00 100.00 100.00 -1000 1.69 4.50 7.85 -1000 34.97 1.62 380.107
car -1 -1 0.00 0.00 0.00 100.00 100.00 -1000 1.59 3.25 19.97 -1000 21.79 1.41 377.204
car -1 -1 0.00 0.00 0.00 100.00 100.00 -1000 1.43 3.35 14.58 -1000 46.97 1.68 376.675
car -1 -1 0.00 0.00 0.00 100.00 100.00 -1000 1.52 2.79 -14.53 -1000 42.66 1.52 374.461
car -1 -1 0.00 0.00 0.00 100.00 100.00 -1000 1.55 3.89 -3.13 -1000 41.95 0.14 370.204
car -1 -1 0.00 0.00 0.00 100.00 100.00 -1000 1.76 4.34 -16.33 -1000 27.93 0.20 369.939
car -1 -1 0.00 0.00 0.00 100.00 100.00 -1000 1.88 5.88 -11.75 -1000 46.99 1.39 368.986
car -1 -1 0.00 0.00 0.00 100.00 100.00 -1000 1.72 4.45 6.54 -1000 37.75 1.54 367.261
car -1 -1 0.00 0.00 0.00 100.00 100.00 -1000 1.64 3.35 -15.16 -1000 44.04 1.68 367.021
car -1 -1 0.00 0.00 0.00 100.00 100.00 -1000 1.57 3.68 4.49 -1000 28.58 1.58 364.994
car -1 -1 0.00 0.00 0.00 100.00 100.00 -1000 1.62 3.99 14.22 -1000 40.70 1.67 359.513
car -1 -1 0.00 0.00 0.00 100.00 100.00 -1000 1.90 5.51 2.17 -1000 23.44 1.62 359.436
car -1 -1 0.00 0.00 0.00 100.00 100.00 -1000 2.05 6.54 7.75 -1000 43.14 1.50 355.808
car -1 -1 0.00 0.00 0.00 100.00 100.00 -1000 1.70 3.97 -14.13 -1000 44.79 1.55 354.589
car -1 -1 0.00 0.00 0.00 100.00 100.00 -1000 1.56 3.81 -9.08 -1000 47.43 1.52 353.294
car -1 -1 0.00 0.00 0.00 100.00 100.00 -1000 1.53 3.74 -5.13 -1000 33.26 1.60 352.053
car -1 -1 0.00 0.00 0.00 100.00 100.00 -1000 2.11 6.74 -13.28 -1000 33.70 1.35 352.037
car -1 -1 0.00 0.00 0.00 100.00 100.00 -1000 1.82 5.19 -9.83 -1000 13.31 1.52 351.509
car -1 -1 0.00 0.00 0.00 100.00 100.00 -1000 1.49 3.41 -16.49 -1000 28.68 1.51 350.247
car -1 -1 0.00 0.00 0.00 100.00 100.00 -1000 1.81 4.81 8.57 -1000 44.85 1.56 350.067
car -1 -1 0.00 0.00 0.00 100.00 100.00 -1000 1.76 4.64 8.96 -1000 38.31 1.56 345.493
car -1 -1 0.00 0.00 0.00 100.00 100.00 -1000 1.73 5.14 0.55 -1000 40.14 1.49 344.038
car -1 -1 0.00 0.00 0.00 100.00 100.00 -1000 1.82 4.98 16.45 -1000 27.70 1.42 341.223
car -1 -1 0.00 0.00 0.00 100.00 100.00 -1000 1.57 4.25 8.97 -1000 40.18 1.56 340.524
car -1 -1 0.00 0.00 0.00 100.00 100.00 -1000 1.41 2.67 -15.21 -1000 30.05 1.44 339.910
car -1 -1 0.00 0.00 0.00 100.00 100.00 -1000 1.49 3.40 12.36 -1000 38.17 0.01 339.735
car -1 -1 0.00 0.00 0.00 100.00 100.00 -1000 1.50 3.66 14.77 -1000 19.30 1.63 338.438
car -1 -1 0.00 0.00 0.00 100.00 100.00 -1000 1.58 4.17 -8.87 -1000 45.21 1.51 336.485
car -1 -1 0.00 0.00 0.00 100.00 100.00 -1000 1.52 3.92 4.40 -1000 18.83 0.08 331.456
car -1 -1 0.00 0.00 0.00 100.00 100.00 -1000 1.49 3.59 4.22 -1000 35.70 -0.39 328.960
car -1 -1 0.00 0.00 0.00 100.00 100.00 -1000 1.50 3.46 0.02 -1000 37.50 1.43 328.150
car -1 -1 0.00 0.00 0.00 100.00 100.00 -1000 1.53 3.78 -19.82 -1000 42.44 1.62 328.147
car -1 -1 0.00 0.00 0.00 100.00 100.00 -1000 2.00 6.42 -4.04 -1000 24.14 1.64 324.565
car -1 -1 0.00 0.00 0.00 100.00 100.00 -1000 1.56 3.77 -5.11 -1000 45.44 1.51 323.778
car -1 -1 0.00 0.00 0.00 100.00 100.00 -1000 1.64 4.05 -7.57 -1000 47.19 1.47 323.701
car -1 -1 0.00 0.00 0.00 100.00 100.00 -1000 1.84 5.52 17.87 -1000 21.68 1.46 323.529
car -1 -1 0.00 0.00 0.00 100.00 100.00 -1000 1.56 3.92 1.31 -1000 31.28 1.43 322.895
car -1 -1 0.00 0.00 0.00 100.00 100.00 -1000 1.84 5.22 -11.13 -1000 38.69 1.42 319.629
car -1 -1 0.00 0.00 0.00 100.00 100.00 -1000 1.73 4.54 13.06 -1000 45.96 1.56 319.382
car -1 -1 0.00 0.00 0.00 100.00 100.00 -1000 1.59 3.96 -5.36 -1000 35.42 0.36 318.841
car -1 -1 0.00 0.00 0.00 100.00 100.00 -1000 1.51 3.69 13.65 -1000 42.25 1.62 317.898
car -1 -1 0.00 0.00 0.00 100.00 100.00 -1000 2.15 6.85 -12.70 -1000 34.93 1.36 315.940
car -1 -1 0.00 0.00 0.00 100.00 100.00 -1000 1.59 4.09 12.47 -1000 33.45 1.54 315.199
car -1 -1 0.00 0.00 0.00 100.00 100.00 -1000 1.68 4.04 -15.03 -1000 20.98 1.69 315.197
car -1 -1 0.00 0.00 0.00 100.00 100.00 -1000 2.22 8.16 -10.14 -1000 16.33 1.42 312.459
car -1 -1 0.00 0.00 0.00 100.00 100.00 -1000 1.86 5.25 -17.23 -1000 30.69 1.39 312.212
car -1 -1 0.00 0.00 0.00 100.00 100.00 -1000 2.25 8.66 -5.86 -1000 21.95 1.38 312.008
car -1 -1 0.00 0.00 0.00 100.00 100.00 -1000 2.36 8.47 2.81 -1000 26.09 1.59 311.952
car -1 -1 0.00 0.00 0.00 100.00 100.00 -1000 1.57 4.19 2.48 -1000 28.81 1.61 310.760
car -1 -1 0.00 0.00 0.00 100.00 100.00 -1000 1.93 5.37 -12.28 -1000 44.70 1.39 310.252
car -1 -1 0.00 0.00 0.00 100.00 100.00 -1000 1.41 3.21 -7.98 -1000 37.85 1.51 309.510
car -1 -1 0.00 0.00 0.00 100.00 100.00 -1000 1.95 5.76 -11.71 -1000 32.17 1.35 309.324
car -1 -1 0.00 0.00 0.00 100.00 100.00 -1000 1.83 5.08 -10.04 -1000 33.84 1.38 308.631
car -1 -1 0.00 0.00 0.00 100.00 100.00 -1000 1.47 3.55 9.62 -1000 36.91 0.36 308.024
car -1 -1 0.00 0.00 0.00 100.00 100.00 -1000 1.61 4.02 7.38 -1000 46.66 1.52 307.113
car -1 -1 0.00 0.00 0.00 100.00 100.00 -1000 1.71 4.35 -18.52 -1000 45.23 1.69 305.816
car -1 -1 0.00 0.00 0.00 100.00 100.00 -1000 1.80 4.09 -8.97 -1000 38.64 1.63 303.964
car -1 -1 0.00 0.00 0.00 100.00 100.00 -1000 2.01 6.27 18.48 -1000 39.00 1.37 301.584
car -1 -1 0.00 0.00 0.00 100.00 100.00 -1000 1.79 4.97 15.22 -1000 26.95 1.52 301.075
car -1 -1 0.00 0.00 0.00 100.00 100.00 -1000 1.89 5.07 -12.05 -1000 39.52 1.35 300.853
car -1 -1 0.00 0.00 0.00 100.00 100.00 -1000 1.61 4.09 12.45 -1000 37.18 1.58 299.805
car -1 -1 0.00 0.00 0.00 100.00 100.00 -1000 1.67 4.23 13.70 -1000 36.73 1.64 299.532
car -1 -1 0.00 0.00 0.00 100.00 100.00 -1000 1.69 4.50 -17.65 -1000 21.78 1.41 298.280
car -1 -1 0.00 0.00 0.00 100.00 100.00 -1000 1.78 4.89 8.38 -1000 42.31 1.52 296.451
car -1 -1 0.00 0.00 0.00 100.00 100.00 -1000 1.44 3.56 10.63 -1000 28.49 0.19 296.189
car -1 -1 0.00 0.00 0.00 100.00 100.00 -1000 1.73 4.52 15.96 -1000 30.96 1.44 296.000
car -1 -1 0.00 0.00 0.00 100.00 100.00 -1000 1.78 4.99 7.91 -1000 37.37 1.61 294.476
car -1 -1 0.00 0.00 0.00 100.00 100.00 -1000 1.53 3.75 14.39 -1000 30.72 1.64 293.235
car -1 -1 0.00 0.00 0.00 100.00 100.00 -1000 1.82 5.45 -12.31 -1000 27.29 1.40 293.065
car -1 -1 0.00 0.00 0.00 100.00 100.00 -1000 1.66 4.51 -6.11 -1000 42.13 1.44 290.384
car -1 -1 0.00 0.00 0.00 100.00 100.00 -1000 2.10 7.11 -17.36 -1000 47.47 1.43 288.872
car -1 -1 0.00 0.00 0.00 100.00 100.00 -1000 1.83 4.88 -15.12 -1000 24.65 1.58 288.592
car -1 -1 0.00 0.00 0.00 100.00 100.00 -1000 1.72 4.49 15.05 -1000 39.85 1.49 286.583
car -1 -1 0.00 0.00 0.00 100.00 100.00 -1000 2.04 5.97 -11.16 -1000 31.32 1.35 286.178
car -1 -1 0.00 0.00 0.00 100.00 100.00 -1000 1.62 3.88 0.36 -1000 33.33 0.12 279.364
car -1 -1 0.00 0.00 0.00 100.00 100.00 -1000 1.93 5.85 15.62 -1000 26.03 1.45 277.590
car -1 -1 0.00 0.00 0.00 100.00 100.00 -1000 1.90 5.70 -13.99 -1000 30.46 1.55 277.274
car -1 -1 0.00 0.00 0.00 100.00 100.00 -1000 2.26 7.83 -1.41 -1000 45.35 1.34 277.036
car -1 -1 0.00 0.00 0.00 100.00 100.00 -1000 1.72 4.37 16.29 -1000 37.86 1.37 276.768
car -1 -1 0.00 0.00 0.00 100.00 100.00 -1000 2.12 6.72 18.21 -1000 34.12 1.35 275.808
car -1 -1 0.00 0.00 0.00 100.00 100.00 -1000 1.92 5.34 -10.48 -1000 34.66 1.35 274.832
car -1 -1 0.00 0.00 0.00 100.00 100.00 -1000 1.70 4.38 16.01 -1000 19.66 1.44 274.040
car -1 -1 0.00 0.00 0.00 100.00 100.00 -1000 1.58 3.81 -17.00 -1000 25.78 1.45 271.859
car -1 -1 0.00 0.00 0.00 100.00 100.00 -1000 1.95 6.16 -3.34 -1000 26.04 1.56 270.849
car -1 -1 0.00 0.00 0.00 100.00 100.00 -1000 1.84 5.00 -12.69 -1000 43.52 1.38 270.059
