car -1 -1 0.00 0.00 0.00 100.00 100.00 -1000 1.77 4.35 -6.28 -1000 23.51 1.61 997.176
car -1 -1 0.00 0.00 0.00 100.00 100.00 -1000 1.80 4.88 0.17 -1000 42.94 1.65 993.708
car -1 -1 0.00 0.00 0.00 100.00 100.00 -1000 1.98 4.94 0.75 -1000 41.94 -0.25 987.667
car -1 -1 0.00 0.00 0.00 100.00 100.00 -1000 1.73 4.21 -8.67 -1000 18.82 1.61 987.072
car -1 -1 0.00 0.00 0.00 100.00 100.00 -1000 1.69 4.14 -5.79 -1000 14.05 1.52 986.681
car -1 -1 0.00 0.00 0.00 100.00 100.00 -1000 1.67 4.01 14.89 -1000 45.03 1.60 986.564
car -1 -1 0.00 0.00 0.00 100.00 100.00 -1000 1.71 4.68 18.39 -1000 45.01 -0.12 984.892
car -1 -1 0.00 0.00 0.00 100.00 100.00 -1000 2.46 5.00 -10.82 -1000 16.68 1.35 982.904
car -1 -1 0.00 0.00 0.00 100.00 100.00 -1000 1.56 4.22 -6.68 -1000 22.20 -0.48 979.793
car -1 -1 0.00 0.00 0.00 100.00 100.00 -1000 1.72 4.27 -6.07 -1000 24.64 1.47 978.615
car -1 -1 0.00 0.00 0.00 100.00 100.00 -1000 1.74 4.69 4.71 -1000 46.80 -0.01 976.059
car -1 -1 0.00 0.00 0.00 100.00 100.00 -1000 1.72 4.71 -3.01 -1000 41.83 0.07 974.178
car -1 -1 0.00 0.00 0.00 100.00 100.00 -1000 1.78 4.92 4.79 -1000 39.90 -0.02 970.830
car -1 -1 0.00 0.00 0.00 100.00 100.00 -1000 1.74 4.80 2.48 -1000 39.94 -0.07 965.644
car -1 -1 0.00 0.00 0.00 100.00 100.00 -1000 1.77 5.16 -9.71 -1000 17.36 -0.49 965.264
car -1 -1 0.00 0.00 0.00 100.00 100.00 -1000 1.74 4.67 6.85 -1000 46.70 -0.09 962.344
car -1 -1 0.00 0.00 0.00 100.00 100.00 -1000 1.63 3.91 -2.28 -1000 42.56 1.61 960.919
car -1 -1 0.00 0.00 0.00 100.00 100.00 -1000 1.62 3.91 2.68 -1000 40.91 1.62 960.082
car -1 -1 0.00 0.00 0.00 100.00 100.00 -1000 1.63 4.27 14.50 -1000 44.23 -0.15 960.059
car -1 -1 0.00 0.00 0.00 100.00 100.00 -1000 1.65 4.48 6.71 -1000 39.49 0.10 959.115
car -1 -1 0.00 0.00 0.00 100.00 100.00 -1000 1.86 5.16 -10.16 -1000 15.72 -0.10 958.444
car -1 -1 0.00 0.00 0.00 100.00 100.00 -1000 1.59 3.83 17.77 -1000 45.79 1.58 958.190
car -1 -1 0.00 0.00 0.00 100.00 100.00 -1000 1.69 4.65 -1.35 -1000 41.10 0.08 958.108
car -1 -1 0.00 0.00 0.00 100.00 100.00 -1000 1.58 3.75 16.35 -1000 38.29 1.57 956.862
car -1 -1 0.00 0.00 0.00 100.00 100.00 -1000 1.74 4.61 -4.20 -1000 36.65 -0.03 953.954
car -1 -1 0.00 0.00 0.00 100.00 100.00 -1000 1.63 4.25 -2.40 -1000 36.25 0.09 948.194
car -1 -1 0.00 0.00 0.00 100.00 100.00 -1000 1.61 4.01 13.10 -1000 46.22 1.65 941.510
car -1 -1 0.00 0.00 0.00 100.00 100.00 -1000 1.95 4.57 -5.69 -1000 12.97 -0.19 941.023
car -1 -1 0.00 0.00 0.00 100.00 100.00 -1000 1.58 3.98 3.03 -1000 46.96 -0.10 939.576
car -1 -1 0.00 0.00 0.00 100.00 100.00 -1000 1.72 4.54 1.82 -1000 35.36 -0.04 934.724
car -1 -1 0.00 0.00 0.00 100.00 100.00 -1000 1.66 3.98 16.57 -1000 45.32 1.56 931.957
car -1 -1 0.00 0.00 0.00 100.00 100.00 -1000 1.65 4.07 -0.77 -1000 35.85 0.10 927.718
car -1 -1 0.00 0.00 0.00 100.00 100.00 -1000 1.75 4.61 3.37 -1000 35.06 -0.02 927.670
car -1 -1 0.00 0.00 0.00 100.00 100.00 -1000 1.59 3.92 6.33 -1000 40.50 1.59 923.993
car -1 -1 0.00 0.00 0.00 100.00 100.00 -1000 1.73 4.53 5.22 -1000 34.94 0.03 922.527
car -1 -1 0.00 0.00 0.00 100.00 100.00 -1000 1.57 4.23 1.14 -1000 46.65 0.09 922.155
car -1 -1 0.00 0.00 0.00 100.00 100.00 -1000 1.66 4.16 4.83 -1000 40.82 1.60 916.611
car -1 -1 0.00 0.00 0.00 100.00 100.00 -1000 1.65 3.89 14.33 -1000 19.83 1.61 912.677
car -1 -1 0.00 0.00 0.00 100.00 100.00 -1000 1.68 4.25 -3.66 -1000 42.85 1.59 907.478
car -1 -1 0.00 0.00 0.00 100.00 100.00 -1000 1.65 4.33 8.07 -1000 22.50 -0.01 905.313
car -1 -1 0.00 0.00 0.00 100.00 100.00 -1000 1.55 4.01 12.22 -1000 46.90 1.61 897.639
car -1 -1 0.00 0.00 0.00 100.00 100.00 -1000 1.70 4.62 -4.47 -1000 42.18 0.20 894.136
car -1 -1 0.00 0.00 0.00 100.00 100.00 -1000 1.71 4.10 1.14 -1000 41.09 1.61 893.356
car -1 -1 0.00 0.00 0.00 100.00 100.00 -1000 1.61 4.36 12.97 -1000 45.38 0.09 892.314
car -1 -1 0.00 0.00 0.00 100.00 100.00 -1000 1.53 3.67 7.89 -1000 23.39 1.51 886.908
car -1 -1 0.00 0.00 0.00 100.00 100.00 -1000 1.66 4.00 16.59 -1000 37.32 -0.14 882.839
car -1 -1 0.00 0.00 0.00 100.00 100.00 -1000 1.68 4.07 8.25 -1000 46.33 -0.01 881.323
car -1 -1 0.00 0.00 0.00 100.00 100.00 -1000 1.50 3.52 -3.47 -1000 37.30 1.61 881.213
car -1 -1 0.00 0.00 0.00 100.00 100.00 -1000 1.72 4.47 18.70 -1000 39.68 -0.02 879.397
car -1 -1 0.00 0.00 0.00 100.00 100.00 -1000 1.48 3.55 18.79 -1000 40.44 1.57 865.379
car -1 -1 0.00 0.00 0.00 100.00 100.00 -1000 1.69 4.18 -16.95 -1000 22.20 1.56 862.898
car -1 -1 0.00 0.00 0.00 100.00 100.00 -1000 1.87 5.39 -5.59 -1000 25.71 1.60 862.581
car -1 -1 0.00 0.00 0.00 100.00 100.00 -1000 1.90 4.91 0.67 -1000 45.56 1.71 858.764
car -1 -1 0.00 0.00 0.00 100.00 100.00 -1000 1.62 3.79 -4.18 -1000 33.03 0.12 857.596
car -1 -1 0.00 0.00 0.00 100.00 100.00 -1000 1.66 3.93 6.01 -1000 47.47 1.59 840.497
car -1 -1 0.00 0.00 0.00 100.00 100.00 -1000 1.45 3.46 -1.02 -1000 36.84 1.59 838.454
car -1 -1 0.00 0.00 0.00 100.00 100.00 -1000 2.04 4.81 15.03 -1000 18.79 -0.16 836.307
car -1 -1 0.00 0.00 0.00 100.00 100.00 -1000 1.59 3.97 13.84 -1000 31.18 0.17 834.329
car -1 -1 0.00 0.00 0.00 100.00 100.00 -1000 1.83 5.15 15.04 -1000 45.76 1.62 830.126
car -1 -1 0.00 0.00 0.00 100.00 100.00 -1000 2.14 6.90 15.24 -1000 46.91 1.58 825.745
car -1 -1 0.00 0.00 0.00 100.00 100.00 -1000 1.60 4.01 -7.47 -1000 20.91 1.53 819.436
car -1 -1 0.00 0.00 0.00 100.00 100.00 -1000 1.55 3.45 -0.07 -1000 47.44 0.13 818.883
car -1 -1 0.00 0.00 0.00 100.00 100.00 -1000 1.59 3.88 -0.42 -1000 32.12 0.18 818.317
car -1 -1 0.00 0.00 0.00 100.00 100.00 -1000 1.51 3.59 11.40 -1000 41.45 -0.00 814.298
car -1 -1 0.00 0.00 0.00 100.00 100.00 -1000 1.50 3.62 2.98 -1000 36.07 1.55 813.052
car -1 -1 0.00 0.00 0.00 100.00 100.00 -1000 1.52 3.58 -4.68 -1000 37.65 1.58 811.607
car -1 -1 0.00 0.00 0.00 100.00 100.00 -1000 1.45 3.60 13.48 -1000 40.57 0.20 808.112
car -1 -1 0.00 0.00 0.00 100.00 100.00 -1000 1.60 4.02 17.13 -1000 26.46 0.22 806.731
car -1 -1 0.00 0.00 0.00 100.00 100.00 -1000 1.50 3.81 14.09 -1000 36.04 0.40 803.864
car -1 -1 0.00 0.00 0.00 100.00 100.00 -1000 1.56 3.84 -2.72 -1000 32.58 0.10 795.352
car -1 -1 0.00 0.00 0.00 100.00 100.00 -1000 1.45 3.63 11.20 -1000 42.55 1.55 795.309
car -1 -1 0.00 0.00 0.00 100.00 100.00 -1000 1.64 3.99 3.48 -1000 47.73 1.57 793.259
car -1 -1 0.00 0.00 0.00 100.00 100.00 -1000 1.43 3.37 6.03 -1000 35.65 1.59 786.965
car -1 -1 0.00 0.00 0.00 100.00 100.00 -1000 1.71 4.44 -12.05 -1000 17.33 1.48 783.633
car -1 -1 0.00 0.00 0.00 100.00 100.00 -1000 1.55 3.79 1.62 -1000 36.37 1.61 778.291
car -1 -1 0.00 0.00 0.00 100.00 100.00 -1000 1.63 3.81 6.37 -1000 34.48 0.10 777.582
car -1 -1 0.00 0.00 0.00 100.00 100.00 -1000 1.47 3.51 0.22 -1000 36.54 1.60 777.517
car -1 -1 0.00 0.00 0.00 100.00 100.00 -1000 1.54 3.79 -18.64 -1000 23.64 1.62 773.942
car -1 -1 0.00 0.00 0.00 100.00 100.00 -1000 1.63 3.98 2.18 -1000 31.36 0.27 769.689
car -1 -1 0.00 0.00 0.00 100.00 100.00 -1000 1.68 4.39 -8.26 -1000 19.65 1.63 767.680
car -1 -1 0.00 0.00 0.00 100.00 100.00 -1000 1.63 4.16 -5.73 -1000 43.69 1.59 767.218
car -1 -1 0.00 0.00 0.00 100.00 100.00 -1000 1.53 3.67 9.12 -1000 46.99 -0.20 767.078
car -1 -1 0.00 0.00 0.00 100.00 100.00 -1000 1.46 3.65 1.04 -1000 31.74 0.09 764.444
car -1 -1 0.00 0.00 0.00 100.00 100.00 -1000 1.62 4.25 0.23 -1000 40.23 0.20 764.021
car -1 -1 0.00 0.00 0.00 100.00 100.00 -1000 1.62 4.10 -4.41 -1000 29.76 0.33 757.793
car -1 -1 0.00 0.00 0.00 100.00 100.00 -1000 1.62 3.75 7.68 -1000 47.38 1.57 747.433
car -1 -1 0.00 0.00 0.00 100.00 100.00 -1000 1.48 3.64 14.25 -1000 32.03 1.58 747.014
car -1 -1 0.00 0.00 0.00 100.00 100.00 -1000 1.50 3.68 10.20 -1000 37.31 0.14 745.419
car -1 -1 0.00 0.00 0.00 100.00 100.00 -1000 1.44 3.70 19.08 -1000 35.73 0.05 740.435
car -1 -1 0.00 0.00 0.00 100.00 100.00 -1000 1.73 4.66 -5.80 -1000 16.15 1.57 738.578
car -1 -1 0.00 0.00 0.00 100.00 100.00 -1000 2.50 9.64 -1.47 -1000 45.27 1.39 737.782
car -1 -1 0.00 0.00 0.00 100.00 100.00 -1000 1.49 4.18 11.25 -1000 47.36 1.57 736.448
car -1 -1 0.00 0.00 0.00 100.00 100.00 -1000 1.50 3.59 7.50 -1000 40.06 1.63 736.133
car -1 -1 0.00 0.00 0.00 100.00 100.00 -1000 1.60 3.98 13.42 -1000 27.22 0.12 725.519
car -1 -1 0.00 0.00 0.00 100.00 100.00 -1000 1.71 4.43 -9.54 -1000 18.17 1.53 710.166
car -1 -1 0.00 0.00 0.00 100.00 100.00 -1000 1.45 3.42 7.48 -1000 35.00 1.61 702.681
car -1 -1 0.00 0.00 0.00 100.00 100.00 -1000 2.19 7.44 0.05 -1000 43.70 1.42 698.537
car -1 -1 0.00 0.00 0.00 100.00 100.00 -1000 1.53 3.80 4.22 -1000 30.98 0.16 697.380
car -1 -1 0.00 0.00 0.00 100.00 100.00 -1000 1.56 3.90 4.44 -1000 35.87 1.62 691.639
car -1 -1 0.00 0.00 0.00 100.00 100.00 -1000 1.45 3.37 18.82 -1000 36.61 1.59 690.506
car -1 -1 0.00 0.00 0.00 100.00 100.00 -1000 1.48 3.80 12.84 -1000 41.72 1.56 688.688
car -1 -1 0.00 0.00 0.00 100.00 100.00 -1000 1.79 4.65 -18.80 -1000 22.82 0.00 675.846
car -1 -1 0.00 0.00 0.00 100.00 100.00 -1000 1.81 4.89 -6.17 -1000 27.62 1.40 671.619
car -1 -1 0.00 0.00 0.00 100.00 100.00 -1000 1.41 3.21 1.38 -1000 32.54 1.58 664.954
car -1 -1 0.00 0.00 0.00 100.00 100.00 -1000 1.47 3.18 -5.39 -1000 34.19 1.53 664.590
car -1 -1 0.00 0.00 0.00 100.00 100.00 -1000 1.65 4.18 -5.85 -1000 42.54 0.30 652.376
car -1 -1 0.00 0.00 0.00 100.00 100.00 -1000 1.51 3.44 3.06 -1000 32.38 1.57 644.547
car -1 -1 0.00 0.00 0.00 100.00 100.00 -1000 1.43 3.29 -1.75 -1000 33.27 1.59 640.571
car -1 -1 0.00 0.00 0.00 100.00 100.00 -1000 1.61 3.94 5.94 -1000 30.54 0.33 639.748
car -1 -1 0.00 0.00 0.00 100.00 100.00 -1000 1.42 3.45 -3.50 -1000 33.66 1.56 634.465
car -1 -1 0.00 0.00 0.00 100.00 100.00 -1000 1.70 4.32 -5.53 -1000 37.04 0.04 630.952
car -1 -1 0.00 0.00 0.00 100.00 100.00 -1000 1.59 3.92 19.28 -1000 32.84 0.15 628.347
car -1 -1 0.00 0.00 0.00 100.00 100.00 -1000 1.56 3.87 18.43 -1000 33.56 0.18 617.943
car -1 -1 0.00 0.00 0.00 100.00 100.00 -1000 1.48 3.35 -0.30 -1000 33.16 1.64 614.972
car -1 -1 0.00 0.00 0.00 100.00 100.00 -1000 2.20 6.25 0.53 -1000 44.74 1.71 613.288
car -1 -1 0.00 0.00 0.00 100.00 100.00 -1000 1.52 3.50 6.07 -1000 31.64 1.57 611.030
car -1 -1 0.00 0.00 0.00 100.00 100.00 -1000 1.59 3.75 15.71 -1000 31.72 1.57 606.357
car -1 -1 0.00 0.00 0.00 100.00 100.00 -1000 1.48 3.77 17.17 -1000 27.31 1.62 597.684
car -1 -1 0.00 0.00 0.00 100.00 100.00 -1000 1.72 4.50 -7.51 -1000 23.05 1.48 595.690
car -1 -1 0.00 0.00 0.00 100.00 100.00 -1000 1.60 3.93 16.99 -1000 34.06 0.24 594.575
car -1 -1 0.00 0.00 0.00 100.00 100.00 -1000 2.02 6.60 -3.01 -1000 25.01 1.60 593.679
car -1 -1 0.00 0.00 0.00 100.00 100.00 -1000 1.50 3.64 4.68 -1000 31.96 1.53 584.940
car -1 -1 0.00 0.00 0.00 100.00 100.00 -1000 2.16 7.46 -1.97 -1000 46.16 1.46 576.135
car -1 -1 0.00 0.00 0.00 100.00 100.00 -1000 1.57 3.71 8.40 -1000 39.42 1.65 576.042
car -1 -1 0.00 0.00 0.00 100.00 100.00 -1000 1.52 3.54 7.70 -1000 30.90 1.56 570.404
car -1 -1 0.00 0.00 0.00 100.00 100.00 -1000 1.58 4.35 12.78 -1000 20.29 0.19 569.493
car -1 -1 0.00 0.00 0.00 100.00 100.00 -1000 1.46 3.81 -0.58 -1000 29.30 0.27 566.308
car -1 -1 0.00 0.00 0.00 100.00 100.00 -1000 1.64 4.08 18.91 -1000 27.75 -0.27 563.749
car -1 -1 0.00 0.00 0.00 100.00 100.00 -1000 1.58 3.77 14.95 -1000 38.64 1.54 558.740
car -1 -1 0.00 0.00 0.00 100.00 100.00 -1000 2.25 7.70 -6.92 -1000 26.86 1.36 554.565
car -1 -1 0.00 0.00 0.00 100.00 100.00 -1000 1.57 3.91 14.97 -1000 35.27 0.31 551.281
car -1 -1 0.00 0.00 0.00 100.00 100.00 -1000 1.58 3.62 16.68 -1000 43.54 1.51 549.407
car -1 -1 0.00 0.00 0.00 100.00 100.00 -1000 1.45 3.59 12.25 -1000 36.56 0.18 549.176
car -1 -1 0.00 0.00 0.00 100.00 100.00 -1000 1.70 4.58 17.21 -1000 40.57 1.55 548.778
car -1 -1 0.00 0.00 0.00 100.00 100.00 -1000 1.64 4.10 9.49 -1000 23.05 1.59 546.145
car -1 -1 0.00 0.00 0.00 100.00 100.00 -1000 1.55 3.96 11.92 -1000 21.48 1.57 543.003
car -1 -1 0.00 0.00 0.00 100.00 100.00 -1000 1.70 4.48 16.51 -1000 44.50 1.60 538.352
car -1 -1 0.00 0.00 0.00 100.00 100.00 -1000 1.73 4.61 -13.90 -1000 18.08 1.56 537.167
car -1 -1 0.00 0.00 0.00 100.00 100.00 -1000 1.68 4.33 0.88 -1000 28.91 0.32 534.301
car -1 -1 0.00 0.00 0.00 100.00 100.00 -1000 1.51 3.80 15.42 -1000 27.65 1.60 533.868
car -1 -1 0.00 0.00 0.00 100.00 100.00 -1000 2.55 8.98 -1.97 -1000 44.21 1.35 529.411
car -1 -1 0.00 0.00 0.00 100.00 100.00 -1000 1.76 4.72 -4.54 -1000 27.25 -0.22 528.409
car -1 -1 0.00 0.00 0.00 100.00 100.00 -1000 1.51 3.72 17.06 -1000 42.68 1.55 522.152
car -1 -1 0.00 0.00 0.00 100.00 100.00 -1000 1.71 4.50 10.36 -1000 43.12 1.55 521.300
car -1 -1 0.00 0.00 0.00 100.00 100.00 -1000 1.81 4.82 -7.45 -1000 25.28 1.48 520.026
car -1 -1 0.00 0.00 0.00 100.00 100.00 -1000 2.16 5.04 -16.39 -1000 21.12 -0.16 519.246
car -1 -1 0.00 0.00 0.00 100.00 100.00 -1000 2.02 6.06 -2.34 -1000 43.33 1.38 517.579
car -1 -1 0.00 0.00 0.00 100.00 100.00 -1000 1.57 3.80 9.95 -1000 47.76 1.51 516.663
car -1 -1 0.00 0.00 0.00 100.00 100.00 -1000 1.55 3.64 11.06 -1000 33.66 1.50 515.787
car -1 -1 0.00 0.00 0.00 100.00 100.00 -1000 1.55 3.56 10.40 -1000 30.15 1.48 514.311
car -1 -1 0.00 0.00 0.00 100.00 100.00 -1000 1.47 3.40 9.59 -1000 34.10 1.56 513.527
car -1 -1 0.00 0.00 0.00 100.00 100.00 -1000 1.54 3.75 -5.35 -1000 33.45 0.26 510.285
car -1 -1 0.00 0.00 0.00 100.00 100.00 -1000 1.61 3.99 -7.06 -1000 43.04 0.21 508.349
car -1 -1 0.00 0.00 0.00 100.00 100.00 -1000 1.67 4.23 9.75 -1000 28.43 0.13 508.110
car -1 -1 0.00 0.00 0.00 100.00 100.00 -1000 1.51 3.47 12.34 -1000 37.38 1.57 507.443
car -1 -1 0.00 0.00 0.00 100.00 100.00 -1000 1.63 3.68 9.68 -1000 32.93 0.22 507.282
car -1 -1 0.00 0.00 0.00 100.00 100.00 -1000 1.52 2.97 -15.56 -1000 19.76 1.54 501.859
car -1 -1 0.00 0.00 0.00 100.00 100.00 -1000 1.75 4.66 -7.58 -1000 24.23 1.57 496.202
car -1 -1 0.00 0.00 0.00 100.00 100.00 -1000 2.18 7.33 -7.85 -1000 25.97 1.33 495.447
car -1 -1 0.00 0.00 0.00 100.00 100.00 -1000 1.63 4.17 14.93 -1000 37.17 1.57 494.907
car -1 -1 0.00 0.00 0.00 100.00 100.00 -1000 1.67 3.98 -2.41 -1000 29.63 0.26 493.199
car -1 -1 0.00 0.00 0.00 100.00 100.00 -1000 1.66 4.03 8.13 -1000 33.65 0.21 492.630
car -1 -1 0.00 0.00 0.00 100.00 100.00 -1000 1.50 3.63 13.33 -1000 39.71 -0.24 491.922
car -1 -1 0.00 0.00 0.00 100.00 100.00 -1000 1.35 3.29 12.39 -1000 41.10 0.12 490.252
car -1 -1 0.00 0.00 0.00 100.00 100.00 -1000 1.85 5.02 2.45 -1000 46.06 1.65 480.086
car -1 -1 0.00 0.00 0.00 100.00 100.00 -1000 2.31 8.51 3.58 -1000 44.40 1.50 475.206
car -1 -1 0.00 0.00 0.00 100.00 100.00 -1000 1.69 4.23 7.96 -1000 38.56 0.13 473.630
car -1 -1 0.00 0.00 0.00 100.00 100.00 -1000 1.69 4.25 1.70 -1000 47.58 1.54 473.317
car -1 -1 0.00 0.00 0.00 100.00 100.00 -1000 1.58 3.88 -8.00 -1000 21.77 1.55 472.447
car -1 -1 0.00 0.00 0.00 100.00 100.00 -1000 1.57 3.84 18.74 -1000 23.71 1.65 472.386
car -1 -1 0.00 0.00 0.00 100.00 100.00 -1000 1.45 3.45 8.54 -1000 34.52 1.57 472.205
car -1 -1 0.00 0.00 0.00 100.00 100.00 -1000 1.48 3.34 19.12 -1000 34.12 1.56 470.469
car -1 -1 0.00 0.00 0.00 100.00 100.00 -1000 1.49 3.50 11.90 -1000 45.80 0.15 466.118
car -1 -1 0.00 0.00 0.00 100.00 100.00 -1000 1.76 4.77 -5.57 -1000 38.16 1.39 462.659
car -1 -1 0.00 0.00 0.00 100.00 100.00 -1000 1.46 3.57 9.48 -1000 38.58 1.57 459.966
car -1 -1 0.00 0.00 0.00 100.00 100.00 -1000 1.49 3.70 12.49 -1000 28.45 1.63 458.007
car -1 -1 0.00 0.00 0.00 100.00 100.00 -1000 1.74 3.95 18.03 -1000 22.87 0.09 456.786
car -1 -1 0.00 0.00 0.00 100.00 100.00 -1000 1.64 4.09 -7.32 -1000 43.90 1.51 453.378
car -1 -1 0.00 0.00 0.00 100.00 100.00 -1000 1.65 4.40 11.26 -1000 20.64 -0.04 452.223
car -1 -1 0.00 0.00 0.00 100.00 100.00 -1000 1.64 4.24 10.19 -1000 21.91 0.13 447.260
car -1 -1 0.00 0.00 0.00 100.00 100.00 -1000 1.47 3.43 -3.11 -1000 30.78 1.58 446.450
car -1 -1 0.00 0.00 0.00 100.00 100.00 -1000 1.91 5.38 -8.78 -1000 24.85 1.39 446.288
car -1 -1 0.00 0.00 0.00 100.00 100.00 -1000 1.72 4.18 -15.47 -1000 21.71 1.56 438.584
car -1 -1 0.00 0.00 0.00 100.00 100.00 -1000 1.41 3.11 -4.68 -1000 30.77 1.61 428.722
car -1 -1 0.00 0.00 0.00 100.00 100.00 -1000 1.67 4.05 14.50 -1000 26.40 0.09 422.760
car -1 -1 0.00 0.00 0.00 100.00 100.00 -1000 1.61 3.83 11.30 -1000 24.80 0.20 421.860
car -1 -1 0.00 0.00 0.00 100.00 100.00 -1000 1.64 4.30 18.28 -1000 25.77 0.31 419.078
car -1 -1 0.00 0.00 0.00 100.00 100.00 -1000 1.59 4.29 15.12 -1000 40.36 1.60 417.990
car -1 -1 0.00 0.00 0.00 100.00 100.00 -1000 2.08 6.21 -4.86 -1000 24.15 1.75 415.761
car -1 -1 0.00 0.00 0.00 100.00 100.00 -1000 2.51 8.50 3.38 -1000 42.98 1.38 414.968
car -1 -1 0.00 0.00 0.00 100.00 100.00 -1000 1.65 4.38 8.17 -1000 35.66 1.54 408.586
car -1 -1 0.00 0.00 0.00 100.00 100.00 -1000 1.86 4.91 4.11 -1000 45.54 1.42 400.605
car -1 -1 0.00 0.00 0.00 100.00 100.00 -1000 1.49 3.67 19.37 -1000 29.15 1.56 400.563
car -1 -1 0.00 0.00 0.00 100.00 100.00 -1000 1.73 4.42 9.57 -1000 42.24 1.39 396.407
car -1 -1 0.00 0.00 0.00 100.00 100.00 -1000 1.64 4.06 12.02 -1000 27.51 0.23 393.217
car -1 -1 0.00 0.00 0.00 100.00 100.00 -1000 1.75 5.04 -17.23 -1000 23.96 1.42 389.395
car -1 -1 0.00 0.00 0.00 100.00 100.00 -1000 1.75 4.88 15.23 -1000 20.44 1.63 389.330
car -1 -1 0.00 0.00 0.00 100.00 100.00 -1000 1.61 3.96 1.49 -1000 30.00 1.56 386.881
car -1 -1 0.00 0.00 0.00 100.00 100.00 -1000 1.57 4.08 11.91 -1000 30.23 1.61 386.747
car -1 -1 0.00 0.00 0.00 100.00 100.00 -1000 1.65 3.95 -17.95 -1000 21.73 1.47 383.627
car -1 -1 0.00 0.00 0.00 100.00 100.00 -1000 1.90 4.82 -12.30 -1000 16.29 1.46 383.231
car -1 -1 0.00 0.00 0.00 100.00 100.00 -1000 1.76 4.88 -4.77 -1000 16.67 1.53 382.782
car -1 -1 0.00 0.00 0.00 100.00 100.00 -1000 1.70 4.33 -14.32 -1000 19.99 1.44 382.071
car -1 -1 0.00 0.00 0.00 100.00 100.00 -1000 1.60 3.77 13.03 -1000 19.01 1.50 380.780
car -1 -1 0.00 0.00 0.00 100.00 100.00 -1000 1.47 3.59 -1.32 -1000 30.40 1.56 379.517
car -1 -1 0.00 0.00 0.00 100.00 100.00 -1000 1.61 3.88 14.06 -1000 37.91 1.59 379.279
car -1 -1 0.00 0.00 0.00 100.00 100.00 -1000 1.57 3.81 11.06 -1000 29.17 -0.13 377.669
car -1 -1 0.00 0.00 0.00 100.00 100.00 -1000 1.59 3.57 18.15 -1000 43.63 1.41 377.400
car -1 -1 0.00 0.00 0.00 100.00 100.00 -1000 1.45 3.48 -1.14 -1000 47.78 0.25 374.413
car -1 -1 0.00 0.00 0.00 100.00 100.00 -1000 1.66 3.97 4.11 -1000 28.06 0.34 373.229
car -1 -1 0.00 0.00 0.00 100.00 100.00 -1000 1.71 4.57 5.84 -1000 46.17 1.59 372.906
car -1 -1 0.00 0.00 0.00 100.00 100.00 -1000 1.39 3.30 -4.33 -1000 34.48 1.60 372.106
car -1 -1 0.00 0.00 0.00 100.00 100.00 -1000 1.64 4.50 -0.94 -1000 25.02 1.58 371.903
car -1 -1 0.00 0.00 0.00 100.00 100.00 -1000 1.49 3.40 8.61 -1000 30.20 1.59 370.392
car -1 -1 0.00 0.00 0.00 100.00 100.00 -1000 1.43 3.49 19.77 -1000 37.29 1.62 369.921
car -1 -1 0.00 0.00 0.00 100.00 100.00 -1000 1.81 4.96 16.35 -1000 21.19 1.48 369.285
car -1 -1 0.00 0.00 0.00 100.00 100.00 -1000 1.60 3.72 17.54 -1000 36.83 1.64 368.972
car -1 -1 0.00 0.00 0.00 100.00 100.00 -1000 1.65 4.16 -4.58 -1000 28.41 1.53 358.146
car -1 -1 0.00 0.00 0.00 100.00 100.00 -1000 1.79 4.62 -14.42 -1000 18.95 1.59 355.775
car -1 -1 0.00 0.00 0.00 100.00 100.00 -1000 2.07 6.24 3.34 -1000 41.78 1.38 354.079
car -1 -1 0.00 0.00 0.00 100.00 100.00 -1000 1.63 4.16 3.31 -1000 29.56 1.54 349.446
car -1 -1 0.00 0.00 0.00 100.00 100.00 -1000 1.61 3.99 4.86 -1000 29.14 1.57 349.255
car -1 -1 0.00 0.00 0.00 100.00 100.00 -1000 1.87 5.21 -3.52 -1000 35.79 -0.08 345.759
car -1 -1 0.00 0.00 0.00 100.00 100.00 -1000 1.77 4.11 13.05 -1000 44.51 1.37 343.245
car -1 -1 0.00 0.00 0.00 100.00 100.00 -1000 1.59 3.97 6.42 -1000 45.07 1.48 342.635
car -1 -1 0.00 0.00 0.00 100.00 100.00 -1000 2.14 7.05 -3.98 -1000 26.56 1.52 341.972
car -1 -1 0.00 0.00 0.00 100.00 100.00 -1000 1.90 4.93 4.55 -1000 38.64 1.48 338.679
car -1 -1 0.00 0.00 0.00 100.00 100.00 -1000 1.89 4.18 -9.65 -1000 14.63 1.43 338.143
car -1 -1 0.00 0.00 0.00 100.00 100.00 -1000 1.69 4.15 2.49 -1000 38.67 1.43 337.576
car -1 -1 0.00 0.00 0.00 100.00 100.00 -1000 1.90 4.89 15.56 -1000 43.05 1.60 334.249
car -1 -1 0.00 0.00 0.00 100.00 100.00 -1000 1.73 4.02 8.99 -1000 45.22 1.46 333.096
car -1 -1 0.00 0.00 0.00 100.00 100.00 -1000 1.54 3.77 0.24 -1000 30.42 1.49 326.767
car -1 -1 0.00 0.00 0.00 100.00 100.00 -1000 1.68 4.17 16.80 -1000 39.71 0.06 325.642
car -1 -1 0.00 0.00 0.00 100.00 100.00 -1000 1.70 3.36 15.48 -1000 17.69 1.56 325.331
car -1 -1 0.00 0.00 0.00 100.00 100.00 -1000 1.67 4.15 -2.56 -1000 27.26 0.12 325.025
car -1 -1 0.00 0.00 0.00 100.00 100.00 -1000 1.58 3.50 11.64 -1000 18.54 1.60 322.190
car -1 -1 0.00 0.00 0.00 100.00 100.00 -1000 1.65 4.23 9.94 -1000 43.94 1.53 322.113
car -1 -1 0.00 0.00 0.00 100.00 100.00 -1000 2.05 6.19 6.15 -1000 41.31 1.40 320.297
car -1 -1 0.00 0.00 0.00 100.00 100.00 -1000 1.92 5.84 -5.93 -1000 44.53 1.43 319.873
car -1 -1 0.00 0.00 0.00 100.00 100.00 -1000 2.02 5.48 -5.19 -1000 22.97 1.76 319.673
car -1 -1 0.00 0.00 0.00 100.00 100.00 -1000 1.91 5.14 15.90 -1000 19.64 1.69 317.403
car -1 -1 0.00 0.00 0.00 100.00 100.00 -1000 2.03 6.41 17.43 -1000 46.55 1.46 315.890
car -1 -1 0.00 0.00 0.00 100.00 100.00 -1000 1.84 5.24 -10.54 -1000 20.82 1.38 306.661
car -1 -1 0.00 0.00 0.00 100.00 100.00 -1000 2.16 7.05 -5.60 -1000 39.79 1.38 306.648
car -1 -1 0.00 0.00 0.00 100.00 100.00 -1000 1.73 3.58 -5.08 -1000 12.20 1.50 304.152
car -1 -1 0.00 0.00 0.00 100.00 100.00 -1000 1.85 5.40 -12.31 -1000 18.70 1.43 302.068
car -1 -1 0.00 0.00 0.00 100.00 100.00 -1000 1.59 3.60 10.71 -1000 39.12 1.46 298.590
car -1 -1 0.00 0.00 0.00 100.00 100.00 -1000 1.52 3.68 17.30 -1000 28.12 1.48 297.041
car -1 -1 0.00 0.00 0.00 100.00 100.00 -1000 1.65 4.33 16.93 -1000 41.52 1.65 296.883
car -1 -1 0.00 0.00 0.00 100.00 100.00 -1000 1.66 4.15 12.84 -1000 32.89 1.42 293.764
car -1 -1 0.00 0.00 0.00 100.00 100.00 -1000 1.57 3.77 12.75 -1000 31.87 0.33 292.669
car -1 -1 0.00 0.00 0.00 100.00 100.00 -1000 2.00 6.04 -9.91 -1000 24.11 1.36 289.126
car -1 -1 0.00 0.00 0.00 100.00 100.00 -1000 1.62 3.90 11.47 -1000 44.84 1.45 288.299
car -1 -1 0.00 0.00 0.00 100.00 100.00 -1000 1.69 4.93 -13.11 -1000 15.51 1.50 288.090
car -1 -1 0.00 0.00 0.00 100.00 100.00 -1000 1.59 3.89 -5.87 -1000 29.99 0.21 285.497
car -1 -1 0.00 0.00 0.00 100.00 100.00 -1000 1.47 3.28 10.85 -1000 46.58 0.13 282.989
car -1 -1 0.00 0.00 0.00 100.00 100.00 -1000 1.80 3.85 19.12 -1000 44.31 -0.07 281.752
car -1 -1 0.00 0.00 0.00 100.00 100.00 -1000 1.81 5.05 -9.98 -1000 21.70 1.37 280.246
car -1 -1 0.00 0.00 0.00 100.00 100.00 -1000 1.50 3.37 12.45 -1000 38.78 1.68 276.743
car -1 -1 0.00 0.00 0.00 100.00 100.00 -1000 2.10 7.47 17.30 -1000 47.45 1.48 276.326
car -1 -1 0.00 0.00 0.00 100.00 100.00 -1000 1.70 4.59 17.80 -1000 20.76 1.54 276.023
car -1 -1 0.00 0.00 0.00 100.00 100.00 -1000 1.74 4.33 -3.12 -1000 40.88 1.31 274.465
car -1 -1 0.00 0.00 0.00 100.00 100.00 -1000 2.08 6.54 5.40 -1000 43.80 1.36 273.649
car -1 -1 0.00 0.00 0.00 100.00 100.00 -1000 1.74 4.64 15.92 -1000 26.94 0.09 273.338
car -1 -1 0.00 0.00 0.00 100.00 100.00 -1000 1.71 3.83 -4.10 -1000 14.31 1.43 272.890
car -1 -1 0.00 0.00 0.00 100.00 100.00 -1000 1.38 3.60 2.57 -1000 28.48 0.36 272.870
car -1 -1 0.00 0.00 0.00 100.00 100.00 -1000 1.60 3.96 18.26 -1000 38.76 1.39 272.806
