car -1 -1 0.00 0.00 0.00 100.00 100.00 -1000 1.79 4.48 -15.59 -1000 28.08 1.70 999.486
car -1 -1 0.00 0.00 0.00 100.00 100.00 -1000 1.09 4.47 -0.10 -1000 27.65 0.40 999.465
car -1 -1 0.00 0.00 0.00 100.00 100.00 -1000 1.73 4.08 -5.39 -1000 38.29 1.56 999.141
car -1 -1 0.00 0.00 0.00 100.00 100.00 -1000 1.49 4.74 -6.23 -1000 17.77 0.17 999.018
car -1 -1 0.00 0.00 0.00 100.00 100.00 -1000 1.55 3.64 -5.57 -1000 20.56 0.10 998.063
car -1 -1 0.00 0.00 0.00 100.00 100.00 -1000 1.49 4.18 2.92 -1000 10.18 0.04 997.299
car -1 -1 0.00 0.00 0.00 100.00 100.00 -1000 1.73 4.37 -1.29 -1000 28.40 1.58 996.945
car -1 -1 0.00 0.00 0.00 100.00 100.00 -1000 1.67 3.88 1.41 -1000 27.79 1.62 993.242
car -1 -1 0.00 0.00 0.00 100.00 100.00 -1000 1.65 3.83 -7.29 -1000 18.66 1.65 993.029
car -1 -1 0.00 0.00 0.00 100.00 100.00 -1000 1.52 3.25 2.23 -1000 10.92 1.64 992.870
car -1 -1 0.00 0.00 0.00 100.00 100.00 -1000 1.33 3.75 2.24 -1000 19.07 0.22 992.085
car -1 -1 0.00 0.00 0.00 100.00 100.00 -1000 2.07 9.60 -1.85 -1000 28.15 1.43 988.456
car -1 -1 0.00 0.00 0.00 100.00 100.00 -1000 2.18 6.99 -5.52 -1000 39.66 1.61 987.470
car -1 -1 0.00 0.00 0.00 100.00 100.00 -1000 2.19 4.10 -5.29 -1000 21.73 1.28 986.490
car -1 -1 0.00 0.00 0.00 100.00 100.00 -1000 1.56 3.42 1.98 -1000 20.22 1.68 985.810
car -1 -1 0.00 0.00 0.00 100.00 100.00 -1000 1.66 4.07 -4.59 -1000 43.03 1.55 984.065
car -1 -1 0.00 0.00 0.00 100.00 100.00 -1000 1.36 4.00 -16.01 -1000 27.30 0.06 983.900
car -1 -1 0.00 0.00 0.00 100.00 100.00 -1000 1.63 4.01 -0.82 -1000 37.77 1.52 981.393
car -1 -1 0.00 0.00 0.00 100.00 100.00 -1000 2.03 5.84 -4.35 -1000 38.99 1.68 979.669
car -1 -1 0.00 0.00 0.00 100.00 100.00 -1000 1.59 3.91 2.48 -1000 32.83 1.56 977.644
car -1 -1 0.00 0.00 0.00 100.00 100.00 -1000 1.54 3.75 2.18 -1000 11.67 1.73 976.070
car -1 -1 0.00 0.00 0.00 100.00 100.00 -1000 1.90 5.29 -4.56 -1000 31.05 1.65 970.283
car -1 -1 0.00 0.00 0.00 100.00 100.00 -1000 1.68 4.24 -5.73 -1000 30.24 -0.08 969.103
car -1 -1 0.00 0.00 0.00 100.00 100.00 -1000 1.40 4.05 -7.11 -1000 14.80 1.35 968.960
car -1 -1 0.00 0.00 0.00 100.00 100.00 -1000 3.20 6.57 -6.29 -1000 7.49 1.46 967.639
car -1 -1 0.00 0.00 0.00 100.00 100.00 -1000 1.72 4.50 -6.04 -1000 37.45 -0.01 967.541
car -1 -1 0.00 0.00 0.00 100.00 100.00 -1000 2.17 6.61 0.28 -1000 29.21 1.55 966.974
car -1 -1 0.00 0.00 0.00 100.00 100.00 -1000 1.64 4.13 -4.04 -1000 13.23 1.42 966.282
car -1 -1 0.00 0.00 0.00 100.00 100.00 -1000 1.50 3.77 -7.97 -1000 18.02 0.25 965.798
car -1 -1 0.00 0.00 0.00 100.00 100.00 -1000 1.47 4.15 -6.50 -1000 19.46 1.65 963.603
car -1 -1 0.00 0.00 0.00 100.00 100.00 -1000 1.81 4.21 -0.57 -1000 36.68 -0.18 963.507
car -1 -1 0.00 0.00 0.00 100.00 100.00 -1000 1.67 4.24 -2.33 -1000 28.89 1.52 963.298
car -1 -1 0.00 0.00 0.00 100.00 100.00 -1000 1.16 3.59 2.52 -1000 15.52 0.26 960.960
car -1 -1 0.00 0.00 0.00 100.00 100.00 -1000 1.48 4.57 -14.78 -1000 26.86 0.27 960.937
car -1 -1 0.00 0.00 0.00 100.00 100.00 -1000 2.49 4.21 -4.66 -1000 22.73 1.19 960.271
car -1 -1 0.00 0.00 0.00 100.00 100.00 -1000 1.58 3.76 -15.82 -1000 28.90 1.53 955.393
car -1 -1 0.00 0.00 0.00 100.00 100.00 -1000 2.44 5.44 2.40 -1000 26.62 -0.14 954.467
car -1 -1 0.00 0.00 0.00 100.00 100.00 -1000 1.59 3.64 -3.58 -1000 12.00 -0.17 953.401
car -1 -1 0.00 0.00 0.00 100.00 100.00 -1000 1.64 4.55 -1.86 -1000 27.69 0.02 952.417
car -1 -1 0.00 0.00 0.00 100.00 100.00 -1000 1.80 4.70 0.57 -1000 28.57 1.60 950.157
car -1 -1 0.00 0.00 0.00 100.00 100.00 -1000 1.35 4.40 2.37 -1000 14.72 0.43 949.101
car -1 -1 0.00 0.00 0.00 100.00 100.00 -1000 3.28 10.18 -1.52 -1000 30.63 1.64 948.001
car -1 -1 0.00 0.00 0.00 100.00 100.00 -1000 1.65 4.34 6.61 -1000 9.38 -0.18 943.756
car -1 -1 0.00 0.00 0.00 100.00 100.00 -1000 1.50 3.72 -6.28 -1000 14.29 -0.08 929.657
car -1 -1 0.00 0.00 0.00 100.00 100.00 -1000 1.65 4.39 -6.97 -1000 38.45 0.01 926.124
car -1 -1 0.00 0.00 0.00 100.00 100.00 -1000 1.41 3.92 -13.60 -1000 35.91 -0.02 920.503
car -1 -1 0.00 0.00 0.00 100.00 100.00 -1000 1.59 3.96 -15.47 -1000 29.79 1.49 911.277
car -1 -1 0.00 0.00 0.00 100.00 100.00 -1000 1.55 3.73 5.65 -1000 38.53 1.57 909.288
car -1 -1 0.00 0.00 0.00 100.00 100.00 -1000 1.50 3.57 -5.48 -1000 7.00 0.06 906.407
car -1 -1 0.00 0.00 0.00 100.00 100.00 -1000 1.70 4.75 -15.56 -1000 30.77 1.52 905.777
car -1 -1 0.00 0.00 0.00 100.00 100.00 -1000 1.46 3.38 -13.49 -1000 37.28 1.56 893.767
car -1 -1 0.00 0.00 0.00 100.00 100.00 -1000 1.58 3.76 -4.70 -1000 42.13 -0.23 891.279
car -1 -1 0.00 0.00 0.00 100.00 100.00 -1000 2.89 7.46 3.33 -1000 31.43 -0.21 890.726
car -1 -1 0.00 0.00 0.00 100.00 100.00 -1000 1.69 4.38 -5.94 -1000 40.18 1.52 886.008
car -1 -1 0.00 0.00 0.00 100.00 100.00 -1000 0.84 3.96 -4.61 -1000 17.54 0.41 853.494
car -1 -1 0.00 0.00 0.00 100.00 100.00 -1000 1.62 3.78 -7.05 -1000 36.74 1.55 847.924
car -1 -1 0.00 0.00 0.00 100.00 100.00 -1000 1.47 3.47 1.45 -1000 20.94 1.53 837.407
car -1 -1 0.00 0.00 0.00 100.00 100.00 -1000 1.69 4.56 -6.42 -1000 16.91 -0.11 830.916
car -1 -1 0.00 0.00 0.00 100.00 100.00 -1000 1.91 5.28 -1.16 -1000 38.45 1.53 830.362
car -1 -1 0.00 0.00 0.00 100.00 100.00 -1000 1.58 4.11 1.29 -1000 32.34 0.10 802.906
car -1 -1 0.00 0.00 0.00 100.00 100.00 -1000 1.94 5.91 0.37 -1000 31.73 1.54 785.849
car -1 -1 0.00 0.00 0.00 100.00 100.00 -1000 1.50 3.31 -6.01 -1000 31.09 1.58 784.702
car -1 -1 0.00 0.00 0.00 100.00 100.00 -1000 2.14 6.69 -3.93 -1000 30.26 1.68 766.298
car -1 -1 0.00 0.00 0.00 100.00 100.00 -1000 1.82 4.79 3.63 -1000 9.24 -0.09 765.968
car -1 -1 0.00 0.00 0.00 100.00 100.00 -1000 2.32 5.61 -4.53 -1000 41.38 -0.28 744.924
car -1 -1 0.00 0.00 0.00 100.00 100.00 -1000 1.73 4.54 4.95 -1000 35.36 1.44 739.520
car -1 -1 0.00 0.00 0.00 100.00 100.00 -1000 1.51 3.55 2.41 -1000 16.45 1.60 727.434
car -1 -1 0.00 0.00 0.00 100.00 100.00 -1000 2.79 9.99 -4.37 -1000 40.57 1.67 723.524
car -1 -1 0.00 0.00 0.00 100.00 100.00 -1000 1.69 4.60 -1.81 -1000 37.07 0.16 721.664
car -1 -1 0.00 0.00 0.00 100.00 100.00 -1000 1.50 3.80 -6.85 -1000 20.24 0.02 720.512
car -1 -1 0.00 0.00 0.00 100.00 100.00 -1000 1.51 3.71 -8.14 -1000 19.23 1.53 708.300
car -1 -1 0.00 0.00 0.00 100.00 100.00 -1000 1.46 3.68 -5.42 -1000 13.82 0.01 706.994
car -1 -1 0.00 0.00 0.00 100.00 100.00 -1000 1.64 3.99 -3.23 -1000 28.17 1.53 706.801
car -1 -1 0.00 0.00 0.00 100.00 100.00 -1000 1.47 3.33 5.61 -1000 43.48 1.58 705.651
car -1 -1 0.00 0.00 0.00 100.00 100.00 -1000 1.54 3.60 -15.53 -1000 35.08 1.60 704.293
car -1 -1 0.00 0.00 0.00 100.00 100.00 -1000 1.65 6.12 5.91 -1000 7.45 0.33 700.918
car -1 -1 0.00 0.00 0.00 100.00 100.00 -1000 1.59 4.23 5.13 -1000 9.70 0.16 674.861
car -1 -1 0.00 0.00 0.00 100.00 100.00 -1000 1.58 3.79 -8.17 -1000 15.30 1.51 668.131
car -1 -1 0.00 0.00 0.00 100.00 100.00 -1000 1.44 3.28 6.28 -1000 35.07 1.60 664.771
car -1 -1 0.00 0.00 0.00 100.00 100.00 -1000 1.48 3.60 5.86 -1000 45.40 1.57 662.314
car -1 -1 0.00 0.00 0.00 100.00 100.00 -1000 1.95 5.12 0.79 -1000 34.85 1.62 643.857
car -1 -1 0.00 0.00 0.00 100.00 100.00 -1000 1.43 3.22 -6.56 -1000 21.31 1.57 641.779
car -1 -1 0.00 0.00 0.00 100.00 100.00 -1000 2.56 7.87 3.16 -1000 9.81 0.04 638.239
car -1 -1 0.00 0.00 0.00 100.00 100.00 -1000 1.61 3.90 -17.41 -1000 27.89 1.56 636.451
car -1 -1 0.00 0.00 0.00 100.00 100.00 -1000 1.56 3.94 3.01 -1000 20.82 1.61 634.509
car -1 -1 0.00 0.00 0.00 100.00 100.00 -1000 2.17 7.83 -2.70 -1000 31.57 1.53 626.935
car -1 -1 0.00 0.00 0.00 100.00 100.00 -1000 1.53 3.54 6.02 -1000 10.39 1.55 622.235
car -1 -1 0.00 0.00 0.00 100.00 100.00 -1000 1.99 5.70 -4.71 -1000 29.48 1.62 612.819
car -1 -1 0.00 0.00 0.00 100.00 100.00 -1000 2.42 5.06 6.38 -1000 37.29 -0.20 608.300
car -1 -1 0.00 0.00 0.00 100.00 100.00 -1000 1.50 3.83 3.00 -1000 19.71 -0.17 604.099
car -1 -1 0.00 0.00 0.00 100.00 100.00 -1000 1.44 4.33 5.33 -1000 15.99 0.24 594.122
car -1 -1 0.00 0.00 0.00 100.00 100.00 -1000 1.86 5.01 5.47 -1000 11.72 1.64 593.532
car -1 -1 0.00 0.00 0.00 100.00 100.00 -1000 1.89 5.12 1.66 -1000 29.78 1.54 577.444
car -1 -1 0.00 0.00 0.00 100.00 100.00 -1000 1.74 4.28 -5.98 -1000 15.53 1.52 576.377
car -1 -1 0.00 0.00 0.00 100.00 100.00 -1000 1.46 3.40 -14.31 -1000 36.67 0.23 572.581
car -1 -1 0.00 0.00 0.00 100.00 100.00 -1000 1.72 3.94 -5.13 -1000 36.88 1.66 571.594
car -1 -1 0.00 0.00 0.00 100.00 100.00 -1000 2.57 6.71 -5.66 -1000 36.70 -0.25 569.168
car -1 -1 0.00 0.00 0.00 100.00 100.00 -1000 1.60 3.59 -6.45 -1000 7.70 1.31 563.618
car -1 -1 0.00 0.00 0.00 100.00 100.00 -1000 1.58 3.83 5.63 -1000 17.30 1.54 562.054
car -1 -1 0.00 0.00 0.00 100.00 100.00 -1000 1.76 4.77 -3.66 -1000 43.69 1.55 559.635
car -1 -1 0.00 0.00 0.00 100.00 100.00 -1000 1.46 3.35 -14.83 -1000 43.79 1.57 558.102
car -1 -1 0.00 0.00 0.00 100.00 100.00 -1000 1.87 4.71 -3.71 -1000 37.65 1.72 557.578
car -1 -1 0.00 0.00 0.00 100.00 100.00 -1000 1.52 4.06 1.92 -1000 12.53 1.57 552.058
car -1 -1 0.00 0.00 0.00 100.00 100.00 -1000 1.43 3.17 -7.14 -1000 47.17 1.57 549.581
car -1 -1 0.00 0.00 0.00 100.00 100.00 -1000 1.82 5.01 0.67 -1000 38.18 1.56 547.282
car -1 -1 0.00 0.00 0.00 100.00 100.00 -1000 1.68 4.25 3.74 -1000 11.57 1.58 545.921
car -1 -1 0.00 0.00 0.00 100.00 100.00 -1000 1.74 4.41 4.39 -1000 10.85 1.59 544.183
car -1 -1 0.00 0.00 0.00 100.00 100.00 -1000 2.68 10.05 -2.29 -1000 39.76 1.47 542.588
car -1 -1 0.00 0.00 0.00 100.00 100.00 -1000 1.54 3.64 5.71 -1000 18.12 1.54 537.348
car -1 -1 0.00 0.00 0.00 100.00 100.00 -1000 1.67 4.08 -15.63 -1000 42.63 0.19 536.067
car -1 -1 0.00 0.00 0.00 100.00 100.00 -1000 1.90 4.51 2.76 -1000 31.63 -0.25 535.032
car -1 -1 0.00 0.00 0.00 100.00 100.00 -1000 1.75 4.57 1.72 -1000 21.66 1.63 531.084
car -1 -1 0.00 0.00 0.00 100.00 100.00 -1000 1.72 4.35 -5.81 -1000 26.57 0.07 527.629
car -1 -1 0.00 0.00 0.00 100.00 100.00 -1000 1.60 3.84 -16.61 -1000 29.44 1.49 522.218
car -1 -1 0.00 0.00 0.00 100.00 100.00 -1000 2.02 6.83 -6.82 -1000 41.35 1.55 513.198
car -1 -1 0.00 0.00 0.00 100.00 100.00 -1000 1.83 4.90 3.12 -1000 28.16 1.62 512.892
car -1 -1 0.00 0.00 0.00 100.00 100.00 -1000 1.78 3.52 3.08 -1000 30.75 1.43 509.432
car -1 -1 0.00 0.00 0.00 100.00 100.00 -1000 1.50 3.31 -15.83 -1000 34.30 0.16 508.139
car -1 -1 0.00 0.00 0.00 100.00 100.00 -1000 1.61 3.93 5.75 -1000 12.43 1.55 507.600
car -1 -1 0.00 0.00 0.00 100.00 100.00 -1000 2.28 8.04 -1.68 -1000 41.36 1.47 507.043
car -1 -1 0.00 0.00 0.00 100.00 100.00 -1000 1.65 4.10 5.63 -1000 14.04 1.53 505.964
car -1 -1 0.00 0.00 0.00 100.00 100.00 -1000 1.89 5.50 -8.11 -1000 40.14 1.45 497.950
car -1 -1 0.00 0.00 0.00 100.00 100.00 -1000 1.72 4.26 0.71 -1000 37.17 1.65 492.619
car -1 -1 0.00 0.00 0.00 100.00 100.00 -1000 1.64 3.11 0.20 -1000 35.56 1.43 491.862
car -1 -1 0.00 0.00 0.00 100.00 100.00 -1000 1.60 4.09 5.39 -1000 40.64 1.59 483.026
car -1 -1 0.00 0.00 0.00 100.00 100.00 -1000 1.74 4.76 -4.44 -1000 27.59 1.61 482.948
car -1 -1 0.00 0.00 0.00 100.00 100.00 -1000 2.04 6.09 2.70 -1000 28.94 1.57 474.625
car -1 -1 0.00 0.00 0.00 100.00 100.00 -1000 1.52 3.80 5.85 -1000 19.23 1.53 473.855
car -1 -1 0.00 0.00 0.00 100.00 100.00 -1000 1.54 4.11 -14.38 -1000 31.29 1.56 472.341
car -1 -1 0.00 0.00 0.00 100.00 100.00 -1000 1.88 5.61 1.41 -1000 33.31 1.54 471.790
car -1 -1 0.00 0.00 0.00 100.00 100.00 -1000 1.69 4.11 -18.75 -1000 27.44 1.67 467.089
car -1 -1 0.00 0.00 0.00 100.00 100.00 -1000 1.65 3.93 -18.90 -1000 28.54 1.67 461.340
car -1 -1 0.00 0.00 0.00 100.00 100.00 -1000 1.48 3.78 -9.05 -1000 18.57 0.11 453.900
car -1 -1 0.00 0.00 0.00 100.00 100.00 -1000 1.88 4.08 5.44 -1000 42.49 -0.01 452.635
car -1 -1 0.00 0.00 0.00 100.00 100.00 -1000 1.75 4.45 -5.04 -1000 24.55 1.51 447.108
car -1 -1 0.00 0.00 0.00 100.00 100.00 -1000 1.63 4.48 -7.65 -1000 37.66 0.05 445.932
car -1 -1 0.00 0.00 0.00 100.00 100.00 -1000 1.59 3.86 5.64 -1000 14.88 1.55 442.996
car -1 -1 0.00 0.00 0.00 100.00 100.00 -1000 1.53 3.68 4.67 -1000 31.42 1.60 441.604
car -1 -1 0.00 0.00 0.00 100.00 100.00 -1000 2.04 4.20 6.39 -1000 33.68 -0.13 437.492
car -1 -1 0.00 0.00 0.00 100.00 100.00 -1000 1.75 4.70 2.36 -1000 13.80 1.52 436.934
car -1 -1 0.00 0.00 0.00 100.00 100.00 -1000 1.52 3.45 7.52 -1000 10.09 1.63 435.849
car -1 -1 0.00 0.00 0.00 100.00 100.00 -1000 2.25 7.73 -1.85 -1000 29.61 1.56 426.053
car -1 -1 0.00 0.00 0.00 100.00 100.00 -1000 1.52 3.89 -5.99 -1000 42.73 0.17 420.760
car -1 -1 0.00 0.00 0.00 100.00 100.00 -1000 1.56 3.84 5.55 -1000 28.95 1.56 420.209
car -1 -1 0.00 0.00 0.00 100.00 100.00 -1000 1.72 4.43 -7.32 -1000 35.94 0.08 419.850
car -1 -1 0.00 0.00 0.00 100.00 100.00 -1000 1.69 4.42 -14.15 -1000 28.93 1.63 413.341
car -1 -1 0.00 0.00 0.00 100.00 100.00 -1000 1.76 4.64 -0.23 -1000 26.78 1.46 405.031
car -1 -1 0.00 0.00 0.00 100.00 100.00 -1000 1.97 5.79 -15.19 -1000 18.82 1.77 403.987
car -1 -1 0.00 0.00 0.00 100.00 100.00 -1000 1.66 4.24 -11.97 -1000 36.99 1.54 402.045
car -1 -1 0.00 0.00 0.00 100.00 100.00 -1000 1.63 3.84 6.66 -1000 8.46 1.36 400.649
car -1 -1 0.00 0.00 0.00 100.00 100.00 -1000 1.44 3.20 6.36 -1000 35.88 1.61 396.310
car -1 -1 0.00 0.00 0.00 100.00 100.00 -1000 4.83 15.63 2.43 -1000 31.55 -0.33 396.259
car -1 -1 0.00 0.00 0.00 100.00 100.00 -1000 1.86 5.13 -2.57 -1000 42.28 1.56 393.232
car -1 -1 0.00 0.00 0.00 100.00 100.00 -1000 1.83 5.05 -14.19 -1000 30.21 1.59 391.041
car -1 -1 0.00 0.00 0.00 100.00 100.00 -1000 2.85 6.96 -6.56 -1000 14.06 -0.09 387.644
car -1 -1 0.00 0.00 0.00 100.00 100.00 -1000 1.92 4.50 -6.40 -1000 45.67 -0.05 386.954
car -1 -1 0.00 0.00 0.00 100.00 100.00 -1000 1.05 5.47 -0.24 -1000 25.91 0.98 386.024
car -1 -1 0.00 0.00 0.00 100.00 100.00 -1000 1.65 4.36 -6.54 -1000 6.45 1.54 383.327
car -1 -1 0.00 0.00 0.00 100.00 100.00 -1000 1.67 4.03 -0.36 -1000 42.73 1.48 378.403
car -1 -1 0.00 0.00 0.00 100.00 100.00 -1000 1.49 3.34 -15.12 -1000 19.77 1.52 371.699
car -1 -1 0.00 0.00 0.00 100.00 100.00 -1000 1.63 4.04 5.60 -1000 20.53 1.58 370.939
car -1 -1 0.00 0.00 0.00 100.00 100.00 -1000 1.62 3.68 6.37 -1000 31.64 1.60 366.765
car -1 -1 0.00 0.00 0.00 100.00 100.00 -1000 1.61 3.86 -18.93 -1000 26.61 1.67 366.729
car -1 -1 0.00 0.00 0.00 100.00 100.00 -1000 1.47 3.63 4.67 -1000 37.81 0.22 366.559
car -1 -1 0.00 0.00 0.00 100.00 100.00 -1000 1.74 3.62 -5.18 -1000 12.82 1.47 363.252
car -1 -1 0.00 0.00 0.00 100.00 100.00 -1000 1.72 3.43 -14.61 -1000 25.80 1.47 362.875
car -1 -1 0.00 0.00 0.00 100.00 100.00 -1000 1.60 3.76 5.43 -1000 34.45 1.56 360.988
car -1 -1 0.00 0.00 0.00 100.00 100.00 -1000 1.92 4.75 -4.16 -1000 36.24 1.63 360.275
car -1 -1 0.00 0.00 0.00 100.00 100.00 -1000 1.81 5.31 4.55 -1000 38.98 1.46 355.195
car -1 -1 0.00 0.00 0.00 100.00 100.00 -1000 3.05 8.17 -3.09 -1000 11.48 -0.17 354.749
car -1 -1 0.00 0.00 0.00 100.00 100.00 -1000 2.16 7.16 -18.94 -1000 25.58 0.11 353.092
car -1 -1 0.00 0.00 0.00 100.00 100.00 -1000 1.73 4.83 -7.58 -1000 39.35 1.56 349.026
car -1 -1 0.00 0.00 0.00 100.00 100.00 -1000 1.78 3.63 1.95 -1000 25.89 1.50 345.516
car -1 -1 0.00 0.00 0.00 100.00 100.00 -1000 1.64 4.29 -3.94 -1000 21.21 -0.19 345.239
car -1 -1 0.00 0.00 0.00 100.00 100.00 -1000 1.59 3.34 -18.84 -1000 25.74 1.62 340.853
car -1 -1 0.00 0.00 0.00 100.00 100.00 -1000 2.02 6.67 2.52 -1000 35.27 1.45 339.761
car -1 -1 0.00 0.00 0.00 100.00 100.00 -1000 1.86 5.70 -7.11 -1000 42.24 1.50 334.966
car -1 -1 0.00 0.00 0.00 100.00 100.00 -1000 1.81 4.64 2.76 -1000 17.23 1.60 334.873
car -1 -1 0.00 0.00 0.00 100.00 100.00 -1000 1.67 4.27 5.20 -1000 28.02 0.06 334.671
car -1 -1 0.00 0.00 0.00 100.00 100.00 -1000 1.49 3.46 6.51 -1000 38.04 1.69 333.611
car -1 -1 0.00 0.00 0.00 100.00 100.00 -1000 1.49 5.84 -1.05 -1000 30.53 0.36 329.697
car -1 -1 0.00 0.00 0.00 100.00 100.00 -1000 1.65 4.19 1.89 -1000 22.90 1.56 328.027
car -1 -1 0.00 0.00 0.00 100.00 100.00 -1000 1.70 4.61 -6.43 -1000 31.75 1.43 326.410
car -1 -1 0.00 0.00 0.00 100.00 100.00 -1000 1.61 3.87 5.44 -1000 44.43 -0.04 324.871
car -1 -1 0.00 0.00 0.00 100.00 100.00 -1000 1.71 4.28 5.50 -1000 24.56 1.58 323.461
car -1 -1 0.00 0.00 0.00 100.00 100.00 -1000 1.59 3.65 -12.81 -1000 36.43 1.66 321.461
car -1 -1 0.00 0.00 0.00 100.00 100.00 -1000 1.94 4.98 -5.21 -1000 18.77 1.34 316.772
car -1 -1 0.00 0.00 0.00 100.00 100.00 -1000 1.64 3.46 -13.78 -1000 35.13 1.51 311.967
car -1 -1 0.00 0.00 0.00 100.00 100.00 -1000 1.67 3.98 5.55 -1000 27.01 1.59 305.672
car -1 -1 0.00 0.00 0.00 100.00 100.00 -1000 1.50 4.49 0.00 -1000 32.76 0.20 303.738
car -1 -1 0.00 0.00 0.00 100.00 100.00 -1000 1.65 4.41 7.72 -1000 38.55 1.51 302.313
car -1 -1 0.00 0.00 0.00 100.00 100.00 -1000 1.57 3.86 -6.89 -1000 25.68 1.45 297.699
car -1 -1 0.00 0.00 0.00 100.00 100.00 -1000 1.80 4.61 1.09 -1000 19.49 0.18 294.541
car -1 -1 0.00 0.00 0.00 100.00 100.00 -1000 1.45 3.73 -7.53 -1000 20.83 0.16 289.682
car -1 -1 0.00 0.00 0.00 100.00 100.00 -1000 1.72 4.52 -13.67 -1000 27.36 1.57 286.539
car -1 -1 0.00 0.00 0.00 100.00 100.00 -1000 1.61 3.95 -7.26 -1000 43.52 1.47 284.664
car -1 -1 0.00 0.00 0.00 100.00 100.00 -1000 1.66 4.39 -7.51 -1000 30.61 1.45 282.479
car -1 -1 0.00 0.00 0.00 100.00 100.00 -1000 1.73 4.33 -5.49 -1000 44.60 1.58 282.298
car -1 -1 0.00 0.00 0.00 100.00 100.00 -1000 1.50 3.62 -0.01 -1000 34.09 1.45 281.616
car -1 -1 0.00 0.00 0.00 100.00 100.00 -1000 2.01 6.00 3.96 -1000 34.17 1.44 281.465
car -1 -1 0.00 0.00 0.00 100.00 100.00 -1000 1.39 3.64 -3.67 -1000 22.68 -0.00 281.004
car -1 -1 0.00 0.00 0.00 100.00 100.00 -1000 4.04 8.33 2.65 -1000 26.76 -0.20 280.915
car -1 -1 0.00 0.00 0.00 100.00 100.00 -1000 1.97 6.10 -7.03 -1000 32.50 1.42 279.413
car -1 -1 0.00 0.00 0.00 100.00 100.00 -1000 1.66 4.37 -6.14 -1000 27.72 1.42 278.205
car -1 -1 0.00 0.00 0.00 100.00 100.00 -1000 1.62 4.02 -4.02 -1000 35.35 1.51 278.138
car -1 -1 0.00 0.00 0.00 100.00 100.00 -1000 1.44 3.65 -8.51 -1000 38.36 0.21 277.603
car -1 -1 0.00 0.00 0.00 100.00 100.00 -1000 1.85 5.07 1.18 -1000 36.24 1.55 276.132
car -1 -1 0.00 0.00 0.00 100.00 100.00 -1000 1.64 4.24 5.66 -1000 25.71 1.57 273.822
car -1 -1 0.00 0.00 0.00 100.00 100.00 -1000 2.03 6.05 -0.79 -1000 36.05 -0.28 272.140
car -1 -1 0.00 0.00 0.00 100.00 100.00 -1000 1.65 4.32 -7.03 -1000 29.43 1.45 271.717
car -1 -1 0.00 0.00 0.00 100.00 100.00 -1000 2.00 6.43 4.25 -1000 36.53 1.48 271.355
car -1 -1 0.00 0.00 0.00 100.00 100.00 -1000 1.50 3.35 -5.67 -1000 35.54 1.58 269.844
car -1 -1 0.00 0.00 0.00 100.00 100.00 -1000 1.64 3.98 5.65 -1000 22.96 1.60 266.220
car -1 -1 0.00 0.00 0.00 100.00 100.00 -1000 1.60 3.94 3.44 -1000 15.97 -0.30 263.181
car -1 -1 0.00 0.00 0.00 100.00 100.00 -1000 1.87 5.55 -9.59 -1000 39.38 1.43 262.880
car -1 -1 0.00 0.00 0.00 100.00 100.00 -1000 1.63 4.31 0.58 -1000 43.28 1.51 262.855
car -1 -1 0.00 0.00 0.00 100.00 100.00 -1000 1.68 4.62 6.67 -1000 40.28 1.55 260.664
car -1 -1 0.00 0.00 0.00 100.00 100.00 -1000 2.61 7.81 -0.27 -1000 26.56 -0.17 258.083
car -1 -1 0.00 0.00 0.00 100.00 100.00 -1000 1.73 4.49 4.03 -1000 27.44 1.54 257.679
car -1 -1 0.00 0.00 0.00 100.00 100.00 -1000 1.88 4.97 -17.07 -1000 26.73 1.41 257.411
car -1 -1 0.00 0.00 0.00 100.00 100.00 -1000 1.58 3.86 4.67 -1000 18.93 0.22 257.306
car -1 -1 0.00 0.00 0.00 100.00 100.00 -1000 1.91 4.77 -7.37 -1000 46.34 -0.01 256.587
car -1 -1 0.00 0.00 0.00 100.00 100.00 -1000 2.01 6.40 -4.73 -1000 14.56 1.57 255.842
car -1 -1 0.00 0.00 0.00 100.00 100.00 -1000 1.40 3.56 -15.92 -1000 43.45 0.12 255.418
car -1 -1 0.00 0.00 0.00 100.00 100.00 -1000 2.04 6.61 -10.87 -1000 30.10 1.45 254.756
car -1 -1 0.00 0.00 0.00 100.00 100.00 -1000 1.52 3.94 4.28 -1000 20.16 1.58 251.894
car -1 -1 0.00 0.00 0.00 100.00 100.00 -1000 1.98 6.32 -1.99 -1000 32.41 1.47 250.415
car -1 -1 0.00 0.00 0.00 100.00 100.00 -1000 1.64 4.18 5.64 -1000 30.32 0.02 249.731
car -1 -1 0.00 0.00 0.00 100.00 100.00 -1000 2.05 6.54 -1.26 -1000 45.44 1.43 249.625
car -1 -1 0.00 0.00 0.00 100.00 100.00 -1000 1.64 4.03 -18.38 -1000 29.75 1.64 249.211
car -1 -1 0.00 0.00 0.00 100.00 100.00 -1000 1.64 4.33 4.44 -1000 43.88 1.43 249.080
car -1 -1 0.00 0.00 0.00 100.00 100.00 -1000 1.58 3.74 7.14 -1000 34.32 1.61 248.496
car -1 -1 0.00 0.00 0.00 100.00 100.00 -1000 1.44 3.28 4.63 -1000 43.04 0.34 247.873
car -1 -1 0.00 0.00 0.00 100.00 100.00 -1000 1.99 6.34 10.12 -1000 13.13 1.42 244.164
car -1 -1 0.00 0.00 0.00 100.00 100.00 -1000 2.02 6.31 3.57 -1000 12.25 1.52 243.203
car -1 -1 0.00 0.00 0.00 100.00 100.00 -1000 1.70 4.99 -2.75 -1000 23.49 1.51 243.076
car -1 -1 0.00 0.00 0.00 100.00 100.00 -1000 1.62 4.25 -13.66 -1000 43.49 1.50 242.950
car -1 -1 0.00 0.00 0.00 100.00 100.00 -1000 1.90 5.59 -10.69 -1000 28.96 1.43 240.696
car -1 -1 0.00 0.00 0.00 100.00 100.00 -1000 1.77 5.09 -8.83 -1000 36.99 1.42 240.184
car -1 -1 0.00 0.00 0.00 100.00 100.00 -1000 1.58 3.87 6.27 -1000 13.35 1.68 239.294
car -1 -1 0.00 0.00 0.00 100.00 100.00 -1000 1.61 4.24 -8.70 -1000 20.02 1.47 236.670
car -1 -1 0.00 0.00 0.00 100.00 100.00 -1000 1.95 5.73 1.94 -1000 38.92 1.44 235.693
car -1 -1 0.00 0.00 0.00 100.00 100.00 -1000 1.67 4.28 5.64 -1000 21.72 1.56 235.463
car -1 -1 0.00 0.00 0.00 100.00 100.00 -1000 1.93 5.47 -12.72 -1000 29.30 1.45 235.257
car -1 -1 0.00 0.00 0.00 100.00 100.00 -1000 1.78 5.29 -8.46 -1000 16.79 1.53 232.857
car -1 -1 0.00 0.00 0.00 100.00 100.00 -1000 1.69 4.57 4.19 -1000 17.77 1.48 230.233
car -1 -1 0.00 0.00 0.00 100.00 100.00 -1000 1.89 5.13 9.49 -1000 40.58 1.40 228.638
car -1 -1 0.00 0.00 0.00 100.00 100.00 -1000 1.68 4.49 -15.30 -1000 36.16 1.44 228.459
car -1 -1 0.00 0.00 0.00 100.00 100.00 -1000 1.83 4.44 3.54 -1000 25.70 1.51 226.456
car -1 -1 0.00 0.00 0.00 100.00 100.00 -1000 1.84 5.16 -0.61 -1000 41.97 1.47 226.407
car -1 -1 0.00 0.00 0.00 100.00 100.00 -1000 2.24 3.99 -19.54 -1000 48.02 1.26 226.287
car -1 -1 0.00 0.00 0.00 100.00 100.00 -1000 1.72 4.32 5.68 -1000 39.59 1.61 225.409
car -1 -1 0.00 0.00 0.00 100.00 100.00 -1000 1.45 3.88 4.28 -1000 15.31 -0.00 224.614
car -1 -1 0.00 0.00 0.00 100.00 100.00 -1000 2.00 6.23 10.15 -1000 17.98 1.42 223.856
car -1 -1 0.00 0.00 0.00 100.00 100.00 -1000 1.87 5.68 10.22 -1000 11.56 1.43 223.095
car -1 -1 0.00 0.00 0.00 100.00 100.00 -1000 1.49 3.17 2.44 -1000 18.28 1.41 222.307
car -1 -1 0.00 0.00 0.00 100.00 100.00 -1000 1.49 3.64 4.05 -1000 32.32 1.49 221.998
car -1 -1 0.00 0.00 0.00 100.00 100.00 -1000 3.94 8.71 6.45 -1000 37.39 -0.19 219.310
car -1 -1 0.00 0.00 0.00 100.00 100.00 -1000 1.68 4.34 -14.12 -1000 20.26 1.54 216.066
car -1 -1 0.00 0.00 0.00 100.00 100.00 -1000 1.80 4.48 -15.40 -1000 33.52 1.62 215.759
car -1 -1 0.00 0.00 0.00 100.00 100.00 -1000 1.59 3.59 -5.29 -1000 25.35 1.52 215.301
car -1 -1 0.00 0.00 0.00 100.00 100.00 -1000 1.81 4.09 -4.13 -1000 20.14 1.61 212.520
car -1 -1 0.00 0.00 0.00 100.00 100.00 -1000 1.58 3.89 6.63 -1000 43.90 1.61 212.132
car -1 -1 0.00 0.00 0.00 100.00 100.00 -1000 1.92 5.93 9.34 -1000 41.44 1.47 211.494
car -1 -1 0.00 0.00 0.00 100.00 100.00 -1000 2.06 7.03 3.70 -1000 39.71 1.39 210.563
car -1 -1 0.00 0.00 0.00 100.00 100.00 -1000 1.84 5.24 -12.63 -1000 28.12 1.42 210.435
car -1 -1 0.00 0.00 0.00 100.00 100.00 -1000 1.99 6.20 10.15 -1000 16.36 1.41 210.067
car -1 -1 0.00 0.00 0.00 100.00 100.00 -1000 1.60 4.08 -19.40 -1000 30.59 1.66 207.700
car -1 -1 0.00 0.00 0.00 100.00 100.00 -1000 1.61 4.12 6.82 -1000 11.27 1.66 207.050
car -1 -1 0.00 0.00 0.00 100.00 100.00 -1000 1.77 5.25 3.45 -1000 22.45 1.43 205.807
car -1 -1 0.00 0.00 0.00 100.00 100.00 -1000 2.00 6.29 10.13 -1000 14.74 1.41 204.999
car -1 -1 0.00 0.00 0.00 100.00 100.00 -1000 1.58 3.84 6.20 -1000 16.59 1.70 204.779
car -1 -1 0.00 0.00 0.00 100.00 100.00 -1000 1.67 4.07 -19.54 -1000 41.44 1.60 204.226
car -1 -1 0.00 0.00 0.00 100.00 100.00 -1000 2.03 6.38 10.13 -1000 19.57 1.40 203.484
car -1 -1 0.00 0.00 0.00 100.00 100.00 -1000 1.81 4.50 -12.72 -1000 34.52 1.53 200.398
car -1 -1 0.00 0.00 0.00 100.00 100.00 -1000 1.81 5.82 1.24 -1000 40.09 1.48 199.513
