car -1 -1 0.00 0.00 0.00 100.00 100.00 -1000 1.15 4.58 -3.87 -1000 17.05 0.49 999.938
car -1 -1 0.00 0.00 0.00 100.00 100.00 -1000 1.73 4.28 -5.01 -1000 17.44 1.57 999.399
car -1 -1 0.00 0.00 0.00 100.00 100.00 -1000 0.74 4.00 -2.50 -1000 17.04 0.45 999.146
car -1 -1 0.00 0.00 0.00 100.00 100.00 -1000 1.82 4.60 -3.52 -1000 17.94 1.54 996.702
car -1 -1 0.00 0.00 0.00 100.00 100.00 -1000 1.64 3.79 5.02 -1000 39.89 1.57 993.695
car -1 -1 0.00 0.00 0.00 100.00 100.00 -1000 1.70 4.06 -6.71 -1000 17.66 1.54 993.583
car -1 -1 0.00 0.00 0.00 100.00 100.00 -1000 2.10 6.28 -5.68 -1000 16.80 0.31 985.007
car -1 -1 0.00 0.00 0.00 100.00 100.00 -1000 2.04 6.60 0.45 -1000 40.02 1.51 981.264
car -1 -1 0.00 0.00 0.00 100.00 100.00 -1000 1.51 3.66 -2.24 -1000 10.32 1.46 973.297
car -1 -1 0.00 0.00 0.00 100.00 100.00 -1000 1.27 5.51 -4.34 -1000 16.15 1.53 967.138
car -1 -1 0.00 0.00 0.00 100.00 100.00 -1000 2.34 6.00 6.32 -1000 38.88 -0.04 966.497
car -1 -1 0.00 0.00 0.00 100.00 100.00 -1000 2.76 10.30 -5.62 -1000 19.51 1.70 963.992
car -1 -1 0.00 0.00 0.00 100.00 100.00 -1000 3.21 10.83 2.51 -1000 42.49 1.58 961.160
car -1 -1 0.00 0.00 0.00 100.00 100.00 -1000 1.61 3.83 0.84 -1000 39.63 1.62 959.221
car -1 -1 0.00 0.00 0.00 100.00 100.00 -1000 1.94 5.59 -7.38 -1000 18.40 1.56 957.557
car -1 -1 0.00 0.00 0.00 100.00 100.00 -1000 1.81 4.97 -2.10 -1000 18.50 1.57 950.029
car -1 -1 0.00 0.00 0.00 100.00 100.00 -1000 2.11 4.29 1.44 -1000 34.65 -0.06 945.365
car -1 -1 0.00 0.00 0.00 100.00 100.00 -1000 1.53 3.64 5.44 -1000 8.22 -0.33 941.052
car -1 -1 0.00 0.00 0.00 100.00 100.00 -1000 2.70 9.97 -0.58 -1000 42.11 1.64 934.502
car -1 -1 0.00 0.00 0.00 100.00 100.00 -1000 1.49 3.79 -0.21 -1000 25.80 1.56 934.056
car -1 -1 0.00 0.00 0.00 100.00 100.00 -1000 2.05 6.37 -4.85 -1000 21.28 1.62 929.324
car -1 -1 0.00 0.00 0.00 100.00 100.00 -1000 2.18 6.99 -0.92 -1000 40.86 1.60 918.939
car -1 -1 0.00 0.00 0.00 100.00 100.00 -1000 1.27 3.98 3.81 -1000 5.98 1.71 916.549
car -1 -1 0.00 0.00 0.00 100.00 100.00 -1000 2.08 6.57 -2.67 -1000 19.22 1.54 910.258
car -1 -1 0.00 0.00 0.00 100.00 100.00 -1000 1.54 3.73 -0.82 -1000 47.50 1.57 899.538
car -1 -1 0.00 0.00 0.00 100.00 100.00 -1000 1.52 2.92 1.00 -1000 35.81 1.38 895.111
car -1 -1 0.00 0.00 0.00 100.00 100.00 -1000 2.32 8.07 -6.26 -1000 20.40 1.58 893.553
car -1 -1 0.00 0.00 0.00 100.00 100.00 -1000 1.67 4.77 -2.41 -1000 11.13 1.49 893.081
car -1 -1 0.00 0.00 0.00 100.00 100.00 -1000 1.50 3.24 -2.26 -1000 8.63 1.41 890.712
car -1 -1 0.00 0.00 0.00 100.00 100.00 -1000 1.63 4.30 -2.03 -1000 11.93 1.53 881.582
car -1 -1 0.00 0.00 0.00 100.00 100.00 -1000 1.85 5.20 4.51 -1000 40.55 1.55 876.368
car -1 -1 0.00 0.00 0.00 100.00 100.00 -1000 1.42 3.02 3.16 -1000 7.31 1.50 876.141
car -1 -1 0.00 0.00 0.00 100.00 100.00 -1000 2.16 7.06 -5.02 -1000 18.38 1.61 870.516
car -1 -1 0.00 0.00 0.00 100.00 100.00 -1000 1.59 3.72 5.63 -1000 9.19 1.64 870.199
car -1 -1 0.00 0.00 0.00 100.00 100.00 -1000 1.45 3.69 9.65 -1000 44.30 0.19 865.499
car -1 -1 0.00 0.00 0.00 100.00 100.00 -1000 1.63 4.22 3.38 -1000 8.80 1.51 861.940
car -1 -1 0.00 0.00 0.00 100.00 100.00 -1000 1.42 3.19 9.19 -1000 43.00 1.52 848.625
car -1 -1 0.00 0.00 0.00 100.00 100.00 -1000 1.57 3.62 -8.15 -1000 17.49 1.56 845.372
car -1 -1 0.00 0.00 0.00 100.00 100.00 -1000 1.88 5.12 5.91 -1000 41.26 1.59 838.104
car -1 -1 0.00 0.00 0.00 100.00 100.00 -1000 1.58 3.49 -1.42 -1000 25.56 1.56 836.158
car -1 -1 0.00 0.00 0.00 100.00 100.00 -1000 2.04 6.14 -8.37 -1000 19.17 1.62 834.443
car -1 -1 0.00 0.00 0.00 100.00 100.00 -1000 2.57 9.08 3.08 -1000 41.28 1.52 828.792
car -1 -1 0.00 0.00 0.00 100.00 100.00 -1000 1.50 3.64 3.96 -1000 7.81 -0.15 822.995
car -1 -1 0.00 0.00 0.00 100.00 100.00 -1000 1.57 3.45 -3.52 -1000 15.31 1.51 822.843
car -1 -1 0.00 0.00 0.00 100.00 100.00 -1000 1.62 4.11 -2.00 -1000 12.79 1.49 820.294
car -1 -1 0.00 0.00 0.00 100.00 100.00 -1000 1.64 4.02 -0.83 -1000 24.90 -0.12 814.021
car -1 -1 0.00 0.00 0.00 100.00 100.00 -1000 1.95 5.68 -1.50 -1000 41.81 1.53 810.345
car -1 -1 0.00 0.00 0.00 100.00 100.00 -1000 1.80 4.64 2.99 -1000 39.97 1.60 809.850
car -1 -1 0.00 0.00 0.00 100.00 100.00 -1000 2.28 7.21 2.39 -1000 43.16 1.63 800.073
car -1 -1 0.00 0.00 0.00 100.00 100.00 -1000 1.85 5.19 -6.57 -1000 14.49 0.04 799.382
car -1 -1 0.00 0.00 0.00 100.00 100.00 -1000 1.61 4.07 -5.08 -1000 21.86 1.57 797.519
car -1 -1 0.00 0.00 0.00 100.00 100.00 -1000 1.45 3.56 4.60 -1000 6.72 1.60 795.023
car -1 -1 0.00 0.00 0.00 100.00 100.00 -1000 1.77 4.55 6.53 -1000 40.46 1.61 788.418
car -1 -1 0.00 0.00 0.00 100.00 100.00 -1000 1.45 3.38 -2.46 -1000 9.47 -0.07 786.609
car -1 -1 0.00 0.00 0.00 100.00 100.00 -1000 2.02 6.26 3.40 -1000 42.06 1.57 782.383
car -1 -1 0.00 0.00 0.00 100.00 100.00 -1000 1.51 4.59 -3.40 -1000 14.38 0.16 759.751
car -1 -1 0.00 0.00 0.00 100.00 100.00 -1000 2.25 5.83 -1.19 -1000 39.42 -0.02 757.048
car -1 -1 0.00 0.00 0.00 100.00 100.00 -1000 1.49 5.37 -2.02 -1000 36.10 0.04 753.599
car -1 -1 0.00 0.00 0.00 100.00 100.00 -1000 1.70 4.17 -1.68 -1000 40.34 1.57 752.574
car -1 -1 0.00 0.00 0.00 100.00 100.00 -1000 1.55 3.82 4.91 -1000 9.93 1.59 740.630
car -1 -1 0.00 0.00 0.00 100.00 100.00 -1000 1.57 3.41 1.27 -1000 38.94 1.65 715.769
car -1 -1 0.00 0.00 0.00 100.00 100.00 -1000 1.63 3.96 2.38 -1000 43.96 1.47 713.859
car -1 -1 0.00 0.00 0.00 100.00 100.00 -1000 1.63 3.92 0.22 -1000 26.56 1.58 700.003
car -1 -1 0.00 0.00 0.00 100.00 100.00 -1000 1.54 3.50 -9.01 -1000 18.56 1.45 687.141
car -1 -1 0.00 0.00 0.00 100.00 100.00 -1000 1.51 3.62 1.95 -1000 37.20 1.60 684.505
car -1 -1 0.00 0.00 0.00 100.00 100.00 -1000 1.51 3.51 -3.06 -1000 8.11 1.51 676.482
car -1 -1 0.00 0.00 0.00 100.00 100.00 -1000 2.33 6.28 1.12 -1000 38.29 -0.27 673.117
car -1 -1 0.00 0.00 0.00 100.00 100.00 -1000 1.74 4.46 4.11 -1000 39.20 -0.04 671.650
car -1 -1 0.00 0.00 0.00 100.00 100.00 -1000 3.36 11.68 -7.21 -1000 16.32 -0.16 659.768
car -1 -1 0.00 0.00 0.00 100.00 100.00 -1000 1.60 3.67 5.51 -1000 7.35 1.64 659.203
car -1 -1 0.00 0.00 0.00 100.00 100.00 -1000 1.43 3.25 7.20 -1000 46.30 1.59 659.118
car -1 -1 0.00 0.00 0.00 100.00 100.00 -1000 1.42 3.35 6.96 -1000 27.50 -0.18 652.310
car -1 -1 0.00 0.00 0.00 100.00 100.00 -1000 1.99 3.88 0.34 -1000 24.16 1.55 650.007
car -1 -1 0.00 0.00 0.00 100.00 100.00 -1000 2.11 6.33 0.22 -1000 42.91 1.37 645.679
car -1 -1 0.00 0.00 0.00 100.00 100.00 -1000 1.38 2.91 -2.60 -1000 37.50 1.46 636.404
car -1 -1 0.00 0.00 0.00 100.00 100.00 -1000 1.64 3.91 -2.64 -1000 6.86 1.55 626.275
car -1 -1 0.00 0.00 0.00 100.00 100.00 -1000 1.53 3.57 7.69 -1000 45.33 0.18 617.074
car -1 -1 0.00 0.00 0.00 100.00 100.00 -1000 1.46 3.21 9.27 -1000 45.47 1.55 612.808
car -1 -1 0.00 0.00 0.00 100.00 100.00 -1000 1.74 4.43 7.93 -1000 42.69 1.42 606.754
car -1 -1 0.00 0.00 0.00 100.00 100.00 -1000 3.15 10.31 5.83 -1000 38.94 -0.00 604.261
car -1 -1 0.00 0.00 0.00 100.00 100.00 -1000 1.95 4.78 -1.44 -1000 17.55 1.69 598.111
car -1 -1 0.00 0.00 0.00 100.00 100.00 -1000 1.47 3.25 8.98 -1000 42.05 -0.14 597.748
car -1 -1 0.00 0.00 0.00 100.00 100.00 -1000 1.42 3.75 3.31 -1000 4.93 1.49 595.376
car -1 -1 0.00 0.00 0.00 100.00 100.00 -1000 1.72 4.77 3.31 -1000 10.40 1.52 595.022
car -1 -1 0.00 0.00 0.00 100.00 100.00 -1000 2.78 11.46 -3.20 -1000 20.28 1.51 592.585
car -1 -1 0.00 0.00 0.00 100.00 100.00 -1000 1.02 3.48 6.87 -1000 8.67 0.09 571.181
car -1 -1 0.00 0.00 0.00 100.00 100.00 -1000 1.57 3.37 -2.18 -1000 47.70 1.45 561.120
car -1 -1 0.00 0.00 0.00 100.00 100.00 -1000 2.07 4.93 -2.59 -1000 16.32 -0.26 553.914
car -1 -1 0.00 0.00 0.00 100.00 100.00 -1000 1.64 4.01 -8.48 -1000 20.51 1.48 553.793
car -1 -1 0.00 0.00 0.00 100.00 100.00 -1000 1.56 4.01 7.11 -1000 39.77 -0.18 553.034
car -1 -1 0.00 0.00 0.00 100.00 100.00 -1000 1.46 10.10 -1.79 -1000 35.59 0.04 546.310
car -1 -1 0.00 0.00 0.00 100.00 100.00 -1000 1.50 3.76 4.94 -1000 12.87 1.57 540.840
car -1 -1 0.00 0.00 0.00 100.00 100.00 -1000 1.53 3.26 -0.45 -1000 46.61 1.60 537.492
car -1 -1 0.00 0.00 0.00 100.00 100.00 -1000 1.41 4.10 -2.47 -1000 36.91 0.18 529.028
car -1 -1 0.00 0.00 0.00 100.00 100.00 -1000 1.39 4.21 -2.50 -1000 13.83 -0.04 527.710
car -1 -1 0.00 0.00 0.00 100.00 100.00 -1000 1.43 3.27 6.28 -1000 37.04 1.61 510.550
car -1 -1 0.00 0.00 0.00 100.00 100.00 -1000 1.60 4.19 5.59 -1000 16.10 1.61 494.215
car -1 -1 0.00 0.00 0.00 100.00 100.00 -1000 1.61 3.62 -0.43 -1000 35.05 -0.00 489.107
car -1 -1 0.00 0.00 0.00 100.00 100.00 -1000 1.44 3.40 4.41 -1000 47.11 1.59 484.464
car -1 -1 0.00 0.00 0.00 100.00 100.00 -1000 1.57 3.00 -4.90 -1000 15.68 1.33 482.124
car -1 -1 0.00 0.00 0.00 100.00 100.00 -1000 1.54 4.21 5.03 -1000 22.44 0.39 474.060
car -1 -1 0.00 0.00 0.00 100.00 100.00 -1000 2.21 7.23 -2.76 -1000 43.24 1.26 470.164
car -1 -1 0.00 0.00 0.00 100.00 100.00 -1000 1.58 4.26 4.77 -1000 11.19 1.55 468.578
car -1 -1 0.00 0.00 0.00 100.00 100.00 -1000 1.49 3.83 4.84 -1000 12.02 1.56 462.616
car -1 -1 0.00 0.00 0.00 100.00 100.00 -1000 1.53 3.13 -2.61 -1000 6.05 1.56 462.571
car -1 -1 0.00 0.00 0.00 100.00 100.00 -1000 1.02 6.34 1.64 -1000 36.02 -0.82 458.969
car -1 -1 0.00 0.00 0.00 100.00 100.00 -1000 1.53 3.69 -6.26 -1000 11.05 0.02 452.689
car -1 -1 0.00 0.00 0.00 100.00 100.00 -1000 2.11 6.56 -3.07 -1000 22.04 1.48 446.741
car -1 -1 0.00 0.00 0.00 100.00 100.00 -1000 1.51 3.37 0.85 -1000 31.90 1.49 446.493
car -1 -1 0.00 0.00 0.00 100.00 100.00 -1000 1.56 4.17 6.50 -1000 10.37 1.60 443.862
car -1 -1 0.00 0.00 0.00 100.00 100.00 -1000 1.56 3.74 -3.52 -1000 8.96 1.50 443.199
car -1 -1 0.00 0.00 0.00 100.00 100.00 -1000 1.60 4.70 0.32 -1000 27.32 1.49 437.859
car -1 -1 0.00 0.00 0.00 100.00 100.00 -1000 1.91 5.50 -5.08 -1000 13.93 0.02 436.729
car -1 -1 0.00 0.00 0.00 100.00 100.00 -1000 1.54 3.50 4.18 -1000 44.63 1.54 435.239
car -1 -1 0.00 0.00 0.00 100.00 100.00 -1000 1.63 3.97 5.85 -1000 36.15 0.16 430.596
car -1 -1 0.00 0.00 0.00 100.00 100.00 -1000 2.41 5.37 -0.57 -1000 46.78 -0.19 430.313
car -1 -1 0.00 0.00 0.00 100.00 100.00 -1000 1.50 4.38 5.32 -1000 23.92 0.41 429.396
car -1 -1 0.00 0.00 0.00 100.00 100.00 -1000 3.31 7.28 0.60 -1000 34.71 -0.02 428.972
car -1 -1 0.00 0.00 0.00 100.00 100.00 -1000 1.68 4.34 -7.70 -1000 16.65 1.34 425.639
car -1 -1 0.00 0.00 0.00 100.00 100.00 -1000 1.63 3.57 4.26 -1000 14.16 1.50 416.066
car -1 -1 0.00 0.00 0.00 100.00 100.00 -1000 1.59 4.02 5.56 -1000 20.12 1.62 412.685
car -1 -1 0.00 0.00 0.00 100.00 100.00 -1000 1.63 4.60 -6.49 -1000 20.94 -0.08 410.539
car -1 -1 0.00 0.00 0.00 100.00 100.00 -1000 1.41 3.95 3.80 -1000 46.26 0.08 403.388
car -1 -1 0.00 0.00 0.00 100.00 100.00 -1000 1.52 3.72 5.20 -1000 19.35 1.59 398.389
car -1 -1 0.00 0.00 0.00 100.00 100.00 -1000 1.98 6.26 -3.79 -1000 42.17 1.48 398.118
car -1 -1 0.00 0.00 0.00 100.00 100.00 -1000 1.86 4.11 -0.90 -1000 16.71 1.62 396.345
car -1 -1 0.00 0.00 0.00 100.00 100.00 -1000 1.61 3.90 10.86 -1000 45.44 1.57 383.777
car -1 -1 0.00 0.00 0.00 100.00 100.00 -1000 1.62 4.15 7.47 -1000 28.54 1.60 378.369
car -1 -1 0.00 0.00 0.00 100.00 100.00 -1000 1.95 5.63 7.20 -1000 41.94 1.37 374.566
car -1 -1 0.00 0.00 0.00 100.00 100.00 -1000 1.77 4.36 1.61 -1000 30.51 -0.02 373.953
car -1 -1 0.00 0.00 0.00 100.00 100.00 -1000 1.62 3.88 6.86 -1000 26.33 -0.01 372.035
car -1 -1 0.00 0.00 0.00 100.00 100.00 -1000 2.31 7.91 -1.69 -1000 21.24 1.46 369.265
car -1 -1 0.00 0.00 0.00 100.00 100.00 -1000 1.34 3.10 -1.97 -1000 38.01 1.55 368.138
car -1 -1 0.00 0.00 0.00 100.00 100.00 -1000 1.72 4.39 7.62 -1000 9.17 1.57 365.734
car -1 -1 0.00 0.00 0.00 100.00 100.00 -1000 1.45 2.74 -3.55 -1000 5.38 1.03 360.419
car -1 -1 0.00 0.00 0.00 100.00 100.00 -1000 1.60 3.60 -2.78 -1000 4.90 1.59 360.122
car -1 -1 0.00 0.00 0.00 100.00 100.00 -1000 1.88 7.56 -0.10 -1000 20.14 1.49 356.346
car -1 -1 0.00 0.00 0.00 100.00 100.00 -1000 1.51 3.23 5.82 -1000 27.85 1.54 351.403
car -1 -1 0.00 0.00 0.00 100.00 100.00 -1000 1.60 3.80 2.87 -1000 4.07 1.59 347.018
car -1 -1 0.00 0.00 0.00 100.00 100.00 -1000 1.70 3.84 4.27 -1000 15.82 1.45 345.458
car -1 -1 0.00 0.00 0.00 100.00 100.00 -1000 1.53 3.05 1.53 -1000 36.40 1.54 344.740
car -1 -1 0.00 0.00 0.00 100.00 100.00 -1000 1.76 3.68 5.68 -1000 37.89 1.55 344.667
car -1 -1 0.00 0.00 0.00 100.00 100.00 -1000 1.87 4.71 -0.58 -1000 10.05 1.57 343.404
car -1 -1 0.00 0.00 0.00 100.00 100.00 -1000 1.79 4.88 -3.92 -1000 41.02 1.45 343.228
car -1 -1 0.00 0.00 0.00 100.00 100.00 -1000 1.48 3.91 -2.79 -1000 39.93 0.27 339.192
car -1 -1 0.00 0.00 0.00 100.00 100.00 -1000 1.57 3.59 8.44 -1000 45.94 1.52 337.259
car -1 -1 0.00 0.00 0.00 100.00 100.00 -1000 1.53 3.43 1.31 -1000 31.20 1.58 336.974
car -1 -1 0.00 0.00 0.00 100.00 100.00 -1000 1.58 3.74 -9.70 -1000 17.74 1.43 336.502
car -1 -1 0.00 0.00 0.00 100.00 100.00 -1000 1.74 4.76 -2.30 -1000 26.11 1.48 335.504
car -1 -1 0.00 0.00 0.00 100.00 100.00 -1000 1.52 3.47 -10.07 -1000 13.27 1.44 334.591
car -1 -1 0.00 0.00 0.00 100.00 100.00 -1000 1.62 4.12 5.38 -1000 13.68 1.62 333.628
car -1 -1 0.00 0.00 0.00 100.00 100.00 -1000 1.88 5.81 4.84 -1000 42.55 1.45 331.968
car -1 -1 0.00 0.00 0.00 100.00 100.00 -1000 2.25 6.54 3.61 -1000 7.29 0.18 329.504
car -1 -1 0.00 0.00 0.00 100.00 100.00 -1000 1.44 3.73 -8.98 -1000 19.70 0.27 319.939
car -1 -1 0.00 0.00 0.00 100.00 100.00 -1000 1.57 3.63 5.15 -1000 33.28 1.51 313.586
car -1 -1 0.00 0.00 0.00 100.00 100.00 -1000 1.73 4.65 -3.68 -1000 25.73 1.48 313.121
car -1 -1 0.00 0.00 0.00 100.00 100.00 -1000 1.50 3.62 5.93 -1000 27.05 0.14 306.775
car -1 -1 0.00 0.00 0.00 100.00 100.00 -1000 1.77 4.74 -4.85 -1000 40.24 1.47 301.215
car -1 -1 0.00 0.00 0.00 100.00 100.00 -1000 1.69 4.22 2.94 -1000 38.57 1.33 300.595
car -1 -1 0.00 0.00 0.00 100.00 100.00 -1000 1.50 3.71 6.01 -1000 46.71 1.58 299.903
car -1 -1 0.00 0.00 0.00 100.00 100.00 -1000 1.48 2.70 0.79 -1000 44.67 1.41 298.318
car -1 -1 0.00 0.00 0.00 100.00 100.00 -1000 1.50 3.54 18.84 -1000 26.11 1.49 297.641
car -1 -1 0.00 0.00 0.00 100.00 100.00 -1000 1.49 3.63 -2.74 -1000 24.61 0.25 294.470
car -1 -1 0.00 0.00 0.00 100.00 100.00 -1000 2.81 12.91 -1.86 -1000 36.33 -0.78 289.082
car -1 -1 0.00 0.00 0.00 100.00 100.00 -1000 2.53 5.66 -0.19 -1000 45.66 -0.18 288.696
car -1 -1 0.00 0.00 0.00 100.00 100.00 -1000 1.65 4.11 5.85 -1000 23.05 1.61 287.609
car -1 -1 0.00 0.00 0.00 100.00 100.00 -1000 1.76 4.85 -3.05 -1000 26.91 1.47 286.655
car -1 -1 0.00 0.00 0.00 100.00 100.00 -1000 1.61 3.81 7.82 -1000 36.71 1.55 285.135
car -1 -1 0.00 0.00 0.00 100.00 100.00 -1000 1.67 4.08 5.37 -1000 14.92 1.65 280.168
car -1 -1 0.00 0.00 0.00 100.00 100.00 -1000 1.36 3.74 -7.38 -1000 15.87 1.33 277.117
car -1 -1 0.00 0.00 0.00 100.00 100.00 -1000 1.40 3.32 -10.51 -1000 12.52 0.27 274.293
car -1 -1 0.00 0.00 0.00 100.00 100.00 -1000 1.76 4.46 7.27 -1000 22.16 1.62 274.233
car -1 -1 0.00 0.00 0.00 100.00 100.00 -1000 1.62 4.30 6.41 -1000 20.94 1.64 267.974
car -1 -1 0.00 0.00 0.00 100.00 100.00 -1000 2.52 6.09 9.19 -1000 41.82 -0.26 264.038
car -1 -1 0.00 0.00 0.00 100.00 100.00 -1000 1.44 3.37 0.05 -1000 28.17 1.44 261.752
car -1 -1 0.00 0.00 0.00 100.00 100.00 -1000 1.63 4.00 -9.80 -1000 16.13 1.43 259.679
car -1 -1 0.00 0.00 0.00 100.00 100.00 -1000 1.62 4.36 -2.97 -1000 47.16 1.52 256.454
car -1 -1 0.00 0.00 0.00 100.00 100.00 -1000 1.69 4.41 16.99 -1000 25.74 1.47 256.119
car -1 -1 0.00 0.00 0.00 100.00 100.00 -1000 1.78 4.72 5.26 -1000 43.83 1.48 256.047
car -1 -1 0.00 0.00 0.00 100.00 100.00 -1000 1.83 4.21 1.14 -1000 23.47 1.57 254.139
car -1 -1 0.00 0.00 0.00 100.00 100.00 -1000 1.64 3.77 8.23 -1000 27.06 1.61 253.021
car -1 -1 0.00 0.00 0.00 100.00 100.00 -1000 1.58 3.68 9.92 -1000 40.18 1.54 250.464
car -1 -1 0.00 0.00 0.00 100.00 100.00 -1000 1.56 2.77 0.07 -1000 45.20 1.49 249.820
car -1 -1 0.00 0.00 0.00 100.00 100.00 -1000 1.34 3.22 6.32 -1000 45.89 0.20 249.580
car -1 -1 0.00 0.00 0.00 100.00 100.00 -1000 1.57 3.39 4.36 -1000 36.71 1.51 243.825
car -1 -1 0.00 0.00 0.00 100.00 100.00 -1000 1.75 4.61 4.87 -1000 29.69 0.20 243.095
car -1 -1 0.00 0.00 0.00 100.00 100.00 -1000 1.73 7.28 0.61 -1000 21.33 1.42 242.036
car -1 -1 0.00 0.00 0.00 100.00 100.00 -1000 1.79 4.67 1.15 -1000 25.06 1.61 241.287
car -1 -1 0.00 0.00 0.00 100.00 100.00 -1000 1.52 3.64 -10.22 -1000 16.90 0.23 240.802
car -1 -1 0.00 0.00 0.00 100.00 100.00 -1000 1.59 4.20 6.52 -1000 16.89 1.62 239.069
car -1 -1 0.00 0.00 0.00 100.00 100.00 -1000 1.67 4.22 -4.07 -1000 24.95 1.44 238.389
car -1 -1 0.00 0.00 0.00 100.00 100.00 -1000 1.78 4.91 10.22 -1000 7.54 1.47 234.504
car -1 -1 0.00 0.00 0.00 100.00 100.00 -1000 1.38 3.31 -5.95 -1000 15.26 1.36 233.519
car -1 -1 0.00 0.00 0.00 100.00 100.00 -1000 1.54 4.18 8.45 -1000 43.62 1.46 232.174
car -1 -1 0.00 0.00 0.00 100.00 100.00 -1000 1.66 4.44 5.35 -1000 21.66 1.61 229.588
car -1 -1 0.00 0.00 0.00 100.00 100.00 -1000 1.80 4.94 -10.99 -1000 20.04 1.48 228.951
car -1 -1 0.00 0.00 0.00 100.00 100.00 -1000 1.75 5.22 10.21 -1000 11.50 1.51 228.950
car -1 -1 0.00 0.00 0.00 100.00 100.00 -1000 1.75 4.40 6.03 -1000 6.42 1.62 228.860
car -1 -1 0.00 0.00 0.00 100.00 100.00 -1000 1.67 3.35 1.20 -1000 38.10 1.58 228.608
car -1 -1 0.00 0.00 0.00 100.00 100.00 -1000 1.46 3.05 -0.42 -1000 35.93 1.12 228.331
car -1 -1 0.00 0.00 0.00 100.00 100.00 -1000 1.45 3.78 8.22 -1000 40.53 1.50 227.920
car -1 -1 0.00 0.00 0.00 100.00 100.00 -1000 1.72 4.63 -12.15 -1000 12.82 1.46 226.442
car -1 -1 0.00 0.00 0.00 100.00 100.00 -1000 1.70 4.38 -4.10 -1000 38.23 1.43 224.426
car -1 -1 0.00 0.00 0.00 100.00 100.00 -1000 1.64 4.23 7.80 -1000 8.03 1.53 224.360
car -1 -1 0.00 0.00 0.00 100.00 100.00 -1000 1.84 5.15 -4.87 -1000 37.03 1.44 224.179
car -1 -1 0.00 0.00 0.00 100.00 100.00 -1000 1.64 4.02 -10.22 -1000 14.07 1.42 223.698
car -1 -1 0.00 0.00 0.00 100.00 100.00 -1000 2.03 7.15 -2.42 -1000 37.51 -0.35 222.952
car -1 -1 0.00 0.00 0.00 100.00 100.00 -1000 1.57 12.81 -2.58 -1000 6.03 -0.36 216.253
car -1 -1 0.00 0.00 0.00 100.00 100.00 -1000 1.70 4.36 4.47 -1000 16.92 1.43 215.989
car -1 -1 0.00 0.00 0.00 100.00 100.00 -1000 1.63 4.23 -5.40 -1000 11.61 1.50 215.522
car -1 -1 0.00 0.00 0.00 100.00 100.00 -1000 1.93 6.26 -3.10 -1000 27.65 1.49 215.336
car -1 -1 0.00 0.00 0.00 100.00 100.00 -1000 1.63 3.93 2.00 -1000 33.73 1.43 214.452
car -1 -1 0.00 0.00 0.00 100.00 100.00 -1000 1.63 4.54 6.75 -1000 43.31 1.48 213.989
car -1 -1 0.00 0.00 0.00 100.00 100.00 -1000 1.74 5.01 7.28 -1000 11.15 1.47 211.491
car -1 -1 0.00 0.00 0.00 100.00 100.00 -1000 1.69 4.43 -4.13 -1000 39.43 1.43 209.306
car -1 -1 0.00 0.00 0.00 100.00 100.00 -1000 1.65 4.20 -11.32 -1000 18.87 1.44 208.488
car -1 -1 0.00 0.00 0.00 100.00 100.00 -1000 1.40 3.83 4.73 -1000 26.77 0.28 208.400
car -1 -1 0.00 0.00 0.00 100.00 100.00 -1000 1.11 4.05 2.19 -1000 3.39 -0.05 205.754
car -1 -1 0.00 0.00 0.00 100.00 100.00 -1000 1.62 4.06 4.80 -1000 20.73 -0.19 204.348
car -1 -1 0.00 0.00 0.00 100.00 100.00 -1000 1.69 4.56 -7.41 -1000 21.99 1.47 203.863
car -1 -1 0.00 0.00 0.00 100.00 100.00 -1000 1.59 3.82 10.46 -1000 42.40 1.60 203.120
car -1 -1 0.00 0.00 0.00 100.00 100.00 -1000 1.84 4.86 8.20 -1000 44.57 0.09 201.414
car -1 -1 0.00 0.00 0.00 100.00 100.00 -1000 1.65 4.19 -11.42 -1000 12.01 1.42 200.552
car -1 -1 0.00 0.00 0.00 100.00 100.00 -1000 1.74 4.59 -3.56 -1000 22.92 1.44 199.209
car -1 -1 0.00 0.00 0.00 100.00 100.00 -1000 1.66 4.33 -11.39 -1000 17.64 1.43 198.829
car -1 -1 0.00 0.00 0.00 100.00 100.00 -1000 1.61 3.15 -1.08 -1000 31.93 1.57 195.017
car -1 -1 0.00 0.00 0.00 100.00 100.00 -1000 1.80 4.50 18.92 -1000 25.10 -0.16 194.901
car -1 -1 0.00 0.00 0.00 100.00 100.00 -1000 1.87 5.47 10.15 -1000 16.36 1.45 194.863
car -1 -1 0.00 0.00 0.00 100.00 100.00 -1000 1.76 4.88 13.44 -1000 43.05 1.47 194.170
car -1 -1 0.00 0.00 0.00 100.00 100.00 -1000 1.92 6.26 -2.65 -1000 28.55 1.37 193.111
car -1 -1 0.00 0.00 0.00 100.00 100.00 -1000 1.65 4.00 6.74 -1000 33.29 1.48 192.630
car -1 -1 0.00 0.00 0.00 100.00 100.00 -1000 1.82 4.81 7.25 -1000 23.73 1.60 192.552
car -1 -1 0.00 0.00 0.00 100.00 100.00 -1000 1.56 3.89 3.82 -1000 43.47 -0.01 191.721
car -1 -1 0.00 0.00 0.00 100.00 100.00 -1000 1.80 4.95 10.07 -1000 10.43 1.42 191.472
car -1 -1 0.00 0.00 0.00 100.00 100.00 -1000 1.60 7.39 -4.27 -1000 44.42 -0.05 189.105
car -1 -1 0.00 0.00 0.00 100.00 100.00 -1000 1.76 4.82 10.13 -1000 9.14 1.47 188.085
car -1 -1 0.00 0.00 0.00 100.00 100.00 -1000 1.62 4.40 -1.15 -1000 21.95 1.31 188.030
car -1 -1 0.00 0.00 0.00 100.00 100.00 -1000 1.78 5.53 -4.05 -1000 45.58 0.15 186.739
car -1 -1 0.00 0.00 0.00 100.00 100.00 -1000 1.66 3.71 9.51 -1000 41.12 1.53 186.200
car -1 -1 0.00 0.00 0.00 100.00 100.00 -1000 2.04 8.76 -2.69 -1000 5.04 -0.79 184.733
car -1 -1 0.00 0.00 0.00 100.00 100.00 -1000 1.66 3.88 -4.77 -1000 9.66 1.48 184.604
car -1 -1 0.00 0.00 0.00 100.00 100.00 -1000 1.67 4.28 10.21 -1000 43.44 1.61 184.360
car -1 -1 0.00 0.00 0.00 100.00 100.00 -1000 1.69 4.66 11.03 -1000 28.94 1.48 183.629
car -1 -1 0.00 0.00 0.00 100.00 100.00 -1000 1.33 3.28 -2.92 -1000 33.83 0.27 182.814
car -1 -1 0.00 0.00 0.00 100.00 100.00 -1000 1.77 5.02 10.21 -1000 18.01 1.46 181.608
car -1 -1 0.00 0.00 0.00 100.00 100.00 -1000 1.86 4.31 3.01 -1000 47.76 -0.11 180.655
car -1 -1 0.00 0.00 0.00 100.00 100.00 -1000 1.55 3.92 9.53 -1000 6.37 1.45 177.985
car -1 -1 0.00 0.00 0.00 100.00 100.00 -1000 1.73 4.81 -10.47 -1000 20.83 1.45 177.211
car -1 -1 0.00 0.00 0.00 100.00 100.00 -1000 1.54 3.80 -3.01 -1000 33.07 1.42 177.201
car -1 -1 0.00 0.00 0.00 100.00 100.00 -1000 1.29 2.72 -1.77 -1000 6.45 1.21 176.850
car -1 -1 0.00 0.00 0.00 100.00 100.00 -1000 1.76 4.76 13.54 -1000 41.89 1.46 176.442
car -1 -1 0.00 0.00 0.00 100.00 100.00 -1000 1.30 3.27 -3.41 -1000 36.32 0.22 176.320
car -1 -1 0.00 0.00 0.00 100.00 100.00 -1000 1.76 4.89 13.35 -1000 45.07 1.43 174.572
car -1 -1 0.00 0.00 0.00 100.00 100.00 -1000 1.56 3.96 -3.04 -1000 32.22 1.45 174.258
car -1 -1 0.00 0.00 0.00 100.00 100.00 -1000 1.63 5.25 -4.13 -1000 10.92 0.30 171.625
car -1 -1 0.00 0.00 0.00 100.00 100.00 -1000 1.72 4.49 7.72 -1000 20.53 1.55 171.600
car -1 -1 0.00 0.00 0.00 100.00 100.00 -1000 1.41 3.64 0.64 -1000 47.58 -0.35 171.116
car -1 -1 0.00 0.00 0.00 100.00 100.00 -1000 1.71 4.33 9.18 -1000 47.07 1.66 170.897
car -1 -1 0.00 0.00 0.00 100.00 100.00 -1000 1.93 5.56 17.01 -1000 26.60 1.42 170.809
car -1 -1 0.00 0.00 0.00 100.00 100.00 -1000 1.67 4.70 8.91 -1000 28.88 1.48 170.798
car -1 -1 0.00 0.00 0.00 100.00 100.00 -1000 1.62 4.07 -4.04 -1000 46.71 1.43 170.408
car -1 -1 0.00 0.00 0.00 100.00 100.00 -1000 1.64 4.20 3.55 -1000 33.02 1.52 170.325
car -1 -1 0.00 0.00 0.00 100.00 100.00 -1000 1.57 3.60 8.34 -1000 26.21 0.07 169.974
car -1 -1 0.00 0.00 0.00 100.00 100.00 -1000 1.73 4.85 10.24 -1000 19.62 1.46 169.938
car -1 -1 0.00 0.00 0.00 100.00 100.00 -1000 2.01 6.39 0.85 -1000 10.85 1.47 169.593
car -1 -1 0.00 0.00 0.00 100.00 100.00 -1000 1.71 4.77 -8.80 -1000 21.66 1.43 169.590
car -1 -1 0.00 0.00 0.00 100.00 100.00 -1000 1.69 4.27 -9.40 -1000 15.33 1.40 169.215
car -1 -1 0.00 0.00 0.00 100.00 100.00 -1000 1.69 4.43 -4.24 -1000 23.72 1.42 169.004
car -1 -1 0.00 0.00 0.00 100.00 100.00 -1000 1.46 3.75 -0.98 -1000 26.98 0.18 168.241
car -1 -1 0.00 0.00 0.00 100.00 100.00 -1000 1.65 4.37 -11.41 -1000 13.59 1.43 167.715
car -1 -1 0.00 0.00 0.00 100.00 100.00 -1000 1.69 3.64 -8.08 -1000 14.09 1.32 167.387
car -1 -1 0.00 0.00 0.00 100.00 100.00 -1000 1.74 4.31 7.15 -1000 7.22 1.58 167.296
car -1 -1 0.00 0.00 0.00 100.00 100.00 -1000 1.78 4.54 5.44 -1000 18.09 1.64 167.146
car -1 -1 0.00 0.00 0.00 100.00 100.00 -1000 1.80 5.15 13.29 -1000 46.26 1.46 166.799
car -1 -1 0.00 0.00 0.00 100.00 100.00 -1000 1.79 4.68 1.45 -1000 28.50 1.54 166.795
car -1 -1 0.00 0.00 0.00 100.00 100.00 -1000 1.69 4.51 4.89 -1000 32.08 0.20 166.168
car -1 -1 0.00 0.00 0.00 100.00 100.00 -1000 1.69 4.31 -11.44 -1000 16.46 1.42 163.742
car -1 -1 0.00 0.00 0.00 100.00 100.00 -1000 1.68 3.81 4.77 -1000 45.58 1.55 162.829
car -1 -1 0.00 0.00 0.00 100.00 100.00 -1000 1.81 4.68 6.30 -1000 5.53 1.54 162.292
car -1 -1 0.00 0.00 0.00 100.00 100.00 -1000 1.75 4.38 -7.89 -1000 11.19 1.53 161.863
car -1 -1 0.00 0.00 0.00 100.00 100.00 -1000 1.61 4.98 -12.20 -1000 10.79 0.24 158.671
car -1 -1 0.00 0.00 0.00 100.00 100.00 -1000 1.61 4.25 2.14 -1000 27.10 0.10 157.472
car -1 -1 0.00 0.00 0.00 100.00 100.00 -1000 1.61 4.15 16.96 -1000 24.56 1.41 156.307
car -1 -1 0.00 0.00 0.00 100.00 100.00 -1000 1.59 6.78 -8.12 -1000 13.52 0.04 156.304
car -1 -1 0.00 0.00 0.00 100.00 100.00 -1000 1.89 5.32 8.33 -1000 12.37 1.47 155.913
car -1 -1 0.00 0.00 0.00 100.00 100.00 -1000 1.86 5.79 9.97 -1000 30.06 1.46 152.844
car -1 -1 0.00 0.00 0.00 100.00 100.00 -1000 1.70 4.47 10.52 -1000 8.36 1.42 150.636
car -1 -1 0.00 0.00 0.00 100.00 100.00 -1000 1.39 3.03 -7.76 -1000 15.11 1.35 150.621
car -1 -1 0.00 0.00 0.00 100.00 100.00 -1000 1.84 5.29 11.78 -1000 27.39 1.42 149.106
car -1 -1 0.00 0.00 0.00 100.00 100.00 -1000 1.69 4.56 10.25 -1000 20.86 1.43 148.205
car -1 -1 0.00 0.00 0.00 100.00 100.00 -1000 1.66 4.17 3.22 -1000 34.27 1.57 147.665
car -1 -1 0.00 0.00 0.00 100.00 100.00 -1000 1.69 4.73 6.77 -1000 30.40 1.54 147.338
car -1 -1 0.00 0.00 0.00 100.00 100.00 -1000 1.54 3.89 3.11 -1000 9.68 1.45 145.064
car -1 -1 0.00 0.00 0.00 100.00 100.00 -1000 1.47 3.34 0.03 -1000 43.85 1.14 144.360
car -1 -1 0.00 0.00 0.00 100.00 100.00 -1000 1.67 4.05 5.32 -1000 30.88 1.53 144.269
car -1 -1 0.00 0.00 0.00 100.00 100.00 -1000 1.39 7.35 -9.02 -1000 6.47 -0.09 143.779
car -1 -1 0.00 0.00 0.00 100.00 100.00 -1000 1.78 4.24 4.95 -1000 5.21 1.63 143.113
car -1 -1 0.00 0.00 0.00 100.00 100.00 -1000 1.84 5.12 0.64 -1000 18.09 1.58 142.270
car -1 -1 0.00 0.00 0.00 100.00 100.00 -1000 1.76 4.82 11.10 -1000 22.54 1.48 140.537
car -1 -1 0.00 0.00 0.00 100.00 100.00 -1000 1.65 4.42 11.10 -1000 25.72 1.45 140.392
