car -1 -1 0.00 0.00 0.00 100.00 100.00 -1000 1.37 4.25 4.37 -1000 12.66 0.06 999.212
car -1 -1 0.00 0.00 0.00 100.00 100.00 -1000 1.70 4.79 3.98 -1000 23.39 -0.13 998.890
car -1 -1 0.00 0.00 0.00 100.00 100.00 -1000 1.21 4.59 -6.08 -1000 16.11 0.64 998.779
car -1 -1 0.00 0.00 0.00 100.00 100.00 -1000 1.69 4.15 -0.10 -1000 28.09 1.55 998.632
car -1 -1 0.00 0.00 0.00 100.00 100.00 -1000 1.70 4.02 -6.79 -1000 17.02 1.69 998.177
car -1 -1 0.00 0.00 0.00 100.00 100.00 -1000 1.70 3.99 4.64 -1000 24.15 1.62 995.883
car -1 -1 0.00 0.00 0.00 100.00 100.00 -1000 1.42 3.82 4.32 -1000 9.23 0.04 995.391
car -1 -1 0.00 0.00 0.00 100.00 100.00 -1000 1.73 4.43 2.26 -1000 45.65 1.53 994.619
car -1 -1 0.00 0.00 0.00 100.00 100.00 -1000 1.56 4.25 0.43 -1000 27.24 -0.04 994.450
car -1 -1 0.00 0.00 0.00 100.00 100.00 -1000 1.68 4.45 18.24 -1000 41.94 1.57 994.327
car -1 -1 0.00 0.00 0.00 100.00 100.00 -1000 1.63 3.93 2.34 -1000 31.19 1.62 993.333
car -1 -1 0.00 0.00 0.00 100.00 100.00 -1000 2.53 5.69 3.98 -1000 44.48 -0.16 990.028
car -1 -1 0.00 0.00 0.00 100.00 100.00 -1000 1.85 5.07 0.02 -1000 28.86 1.71 989.621
car -1 -1 0.00 0.00 0.00 100.00 100.00 -1000 1.79 4.61 -6.66 -1000 17.94 1.53 986.244
car -1 -1 0.00 0.00 0.00 100.00 100.00 -1000 1.62 3.74 2.99 -1000 24.18 1.57 980.626
car -1 -1 0.00 0.00 0.00 100.00 100.00 -1000 1.69 3.66 -7.31 -1000 47.59 -0.00 973.250
car -1 -1 0.00 0.00 0.00 100.00 100.00 -1000 1.47 3.10 3.51 -1000 9.79 1.57 972.186
car -1 -1 0.00 0.00 0.00 100.00 100.00 -1000 1.47 3.44 3.54 -1000 5.42 -0.13 966.389
car -1 -1 0.00 0.00 0.00 100.00 100.00 -1000 1.75 4.48 5.12 -1000 24.90 1.57 966.098
car -1 -1 0.00 0.00 0.00 100.00 100.00 -1000 1.27 4.19 4.55 -1000 11.91 -0.01 965.780
car -1 -1 0.00 0.00 0.00 100.00 100.00 -1000 2.19 5.39 19.63 -1000 40.70 -0.29 965.726
car -1 -1 0.00 0.00 0.00 100.00 100.00 -1000 1.57 4.15 -1.17 -1000 27.55 0.10 964.702
car -1 -1 0.00 0.00 0.00 100.00 100.00 -1000 1.56 3.43 2.87 -1000 30.40 1.60 944.889
car -1 -1 0.00 0.00 0.00 100.00 100.00 -1000 1.44 3.15 3.29 -1000 13.30 1.61 940.725
car -1 -1 0.00 0.00 0.00 100.00 100.00 -1000 4.21 11.03 20.40 -1000 40.82 -0.08 925.515
car -1 -1 0.00 0.00 0.00 100.00 100.00 -1000 2.46 7.30 17.19 -1000 44.61 1.62 920.719
car -1 -1 0.00 0.00 0.00 100.00 100.00 -1000 1.63 3.89 3.51 -1000 45.12 1.77 912.328
car -1 -1 0.00 0.00 0.00 100.00 100.00 -1000 1.64 4.15 -1.37 -1000 28.52 1.58 911.753
car -1 -1 0.00 0.00 0.00 100.00 100.00 -1000 1.53 3.51 -3.55 -1000 43.63 1.59 909.016
car -1 -1 0.00 0.00 0.00 100.00 100.00 -1000 1.66 4.54 -0.68 -1000 47.05 1.65 894.696
car -1 -1 0.00 0.00 0.00 100.00 100.00 -1000 1.44 2.90 2.57 -1000 6.15 1.59 885.526
car -1 -1 0.00 0.00 0.00 100.00 100.00 -1000 1.86 5.06 -6.44 -1000 18.89 1.62 880.940
car -1 -1 0.00 0.00 0.00 100.00 100.00 -1000 1.70 4.71 2.28 -1000 31.95 1.55 873.361
car -1 -1 0.00 0.00 0.00 100.00 100.00 -1000 1.83 4.87 0.99 -1000 46.41 1.58 845.718
car -1 -1 0.00 0.00 0.00 100.00 100.00 -1000 1.69 3.85 17.54 -1000 42.66 1.61 841.928
car -1 -1 0.00 0.00 0.00 100.00 100.00 -1000 1.50 3.51 -4.10 -1000 38.50 0.03 839.191
car -1 -1 0.00 0.00 0.00 100.00 100.00 -1000 2.03 5.65 0.46 -1000 26.55 -0.16 837.859
car -1 -1 0.00 0.00 0.00 100.00 100.00 -1000 1.74 4.84 -6.88 -1000 15.41 0.20 837.720
car -1 -1 0.00 0.00 0.00 100.00 100.00 -1000 1.91 5.09 1.88 -1000 27.76 1.68 818.176
car -1 -1 0.00 0.00 0.00 100.00 100.00 -1000 2.12 5.60 16.92 -1000 43.51 1.59 816.482
car -1 -1 0.00 0.00 0.00 100.00 100.00 -1000 1.75 4.62 1.67 -1000 44.91 0.07 815.528
car -1 -1 0.00 0.00 0.00 100.00 100.00 -1000 1.36 2.97 3.28 -1000 10.52 1.58 813.168
car -1 -1 0.00 0.00 0.00 100.00 100.00 -1000 1.53 3.67 -16.18 -1000 32.73 1.71 808.860
car -1 -1 0.00 0.00 0.00 100.00 100.00 -1000 1.97 3.97 20.12 -1000 39.22 -0.13 804.440
car -1 -1 0.00 0.00 0.00 100.00 100.00 -1000 1.57 3.91 4.60 -1000 10.40 1.63 803.887
car -1 -1 0.00 0.00 0.00 100.00 100.00 -1000 2.15 5.91 16.94 -1000 45.49 1.68 791.418
car -1 -1 0.00 0.00 0.00 100.00 100.00 -1000 1.69 4.17 -17.20 -1000 36.13 1.91 788.978
car -1 -1 0.00 0.00 0.00 100.00 100.00 -1000 1.54 3.54 -18.40 -1000 35.46 1.63 787.804
car -1 -1 0.00 0.00 0.00 100.00 100.00 -1000 0.70 4.43 -4.77 -1000 15.88 0.72 787.631
car -1 -1 0.00 0.00 0.00 100.00 100.00 -1000 1.54 3.90 1.03 -1000 30.82 1.52 774.953
car -1 -1 0.00 0.00 0.00 100.00 100.00 -1000 1.83 5.69 -5.77 -1000 14.84 0.11 763.131
car -1 -1 0.00 0.00 0.00 100.00 100.00 -1000 1.46 3.20 -19.12 -1000 34.80 1.65 757.695
car -1 -1 0.00 0.00 0.00 100.00 100.00 -1000 1.43 3.23 -4.47 -1000 39.40 1.54 753.689
car -1 -1 0.00 0.00 0.00 100.00 100.00 -1000 1.62 3.93 -4.26 -1000 42.92 0.00 753.139
car -1 -1 0.00 0.00 0.00 100.00 100.00 -1000 1.56 3.15 19.12 -1000 40.13 1.49 738.839
car -1 -1 0.00 0.00 0.00 100.00 100.00 -1000 1.56 3.58 -3.38 -1000 34.56 -0.02 732.045
car -1 -1 0.00 0.00 0.00 100.00 100.00 -1000 1.97 5.62 3.62 -1000 46.23 1.64 730.964
car -1 -1 0.00 0.00 0.00 100.00 100.00 -1000 1.58 3.72 5.17 -1000 9.71 1.68 728.053
car -1 -1 0.00 0.00 0.00 100.00 100.00 -1000 1.65 3.83 3.03 -1000 4.76 -0.08 710.618
car -1 -1 0.00 0.00 0.00 100.00 100.00 -1000 1.51 3.40 4.11 -1000 8.30 1.43 694.555
car -1 -1 0.00 0.00 0.00 100.00 100.00 -1000 1.66 4.52 6.70 -1000 33.38 -0.03 693.309
car -1 -1 0.00 0.00 0.00 100.00 100.00 -1000 1.48 3.75 -16.83 -1000 37.03 1.53 673.832
car -1 -1 0.00 0.00 0.00 100.00 100.00 -1000 1.56 3.54 2.67 -1000 12.73 1.54 669.006
car -1 -1 0.00 0.00 0.00 100.00 100.00 -1000 1.82 4.48 1.76 -1000 29.63 -0.41 668.129
car -1 -1 0.00 0.00 0.00 100.00 100.00 -1000 1.71 4.13 -9.51 -1000 47.51 0.16 667.412
car -1 -1 0.00 0.00 0.00 100.00 100.00 -1000 1.72 4.40 4.18 -1000 11.20 1.63 661.404
car -1 -1 0.00 0.00 0.00 100.00 100.00 -1000 1.61 3.99 4.60 -1000 13.53 1.60 653.510
car -1 -1 0.00 0.00 0.00 100.00 100.00 -1000 1.85 4.66 -1.09 -1000 45.09 1.60 650.253
car -1 -1 0.00 0.00 0.00 100.00 100.00 -1000 1.98 4.55 1.22 -1000 25.73 1.51 649.916
car -1 -1 0.00 0.00 0.00 100.00 100.00 -1000 1.49 3.61 -15.92 -1000 29.05 1.56 646.894
car -1 -1 0.00 0.00 0.00 100.00 100.00 -1000 1.53 3.68 4.21 -1000 31.00 1.64 637.396
car -1 -1 0.00 0.00 0.00 100.00 100.00 -1000 1.87 4.82 -0.93 -1000 46.03 1.65 635.916
car -1 -1 0.00 0.00 0.00 100.00 100.00 -1000 1.67 3.57 3.78 -1000 22.44 1.47 630.907
car -1 -1 0.00 0.00 0.00 100.00 100.00 -1000 1.57 4.03 -0.43 -1000 30.40 1.59 628.064
car -1 -1 0.00 0.00 0.00 100.00 100.00 -1000 1.34 2.88 3.02 -1000 6.92 1.58 619.967
car -1 -1 0.00 0.00 0.00 100.00 100.00 -1000 1.56 3.55 -17.11 -1000 31.97 1.59 613.169
car -1 -1 0.00 0.00 0.00 100.00 100.00 -1000 2.24 7.07 2.41 -1000 26.99 1.68 610.504
car -1 -1 0.00 0.00 0.00 100.00 100.00 -1000 2.76 10.42 18.45 -1000 43.79 1.49 609.971
car -1 -1 0.00 0.00 0.00 100.00 100.00 -1000 1.72 4.19 6.55 -1000 24.63 1.65 604.136
car -1 -1 0.00 0.00 0.00 100.00 100.00 -1000 1.58 3.45 3.35 -1000 44.15 1.65 603.708
car -1 -1 0.00 0.00 0.00 100.00 100.00 -1000 1.63 3.82 -2.40 -1000 43.96 1.62 596.861
car -1 -1 0.00 0.00 0.00 100.00 100.00 -1000 1.45 3.27 -5.18 -1000 43.63 1.51 596.256
car -1 -1 0.00 0.00 0.00 100.00 100.00 -1000 1.58 3.97 2.82 -1000 29.12 1.59 594.012
car -1 -1 0.00 0.00 0.00 100.00 100.00 -1000 1.96 5.94 6.72 -1000 25.62 1.46 593.020
car -1 -1 0.00 0.00 0.00 100.00 100.00 -1000 1.42 3.24 -4.12 -1000 35.42 1.53 591.746
car -1 -1 0.00 0.00 0.00 100.00 100.00 -1000 1.48 3.47 4.08 -1000 6.06 1.66 589.707
car -1 -1 0.00 0.00 0.00 100.00 100.00 -1000 2.28 7.62 3.02 -1000 46.97 1.49 587.493
car -1 -1 0.00 0.00 0.00 100.00 100.00 -1000 2.22 7.11 14.94 -1000 44.25 1.43 585.978
car -1 -1 0.00 0.00 0.00 100.00 100.00 -1000 1.71 4.27 -2.75 -1000 28.24 1.62 580.978
car -1 -1 0.00 0.00 0.00 100.00 100.00 -1000 2.15 7.25 2.92 -1000 25.13 1.67 579.426
car -1 -1 0.00 0.00 0.00 100.00 100.00 -1000 1.47 3.46 3.23 -1000 14.12 1.59 573.961
car -1 -1 0.00 0.00 0.00 100.00 100.00 -1000 1.46 3.20 -5.48 -1000 39.09 1.50 571.807
car -1 -1 0.00 0.00 0.00 100.00 100.00 -1000 1.68 4.21 -7.78 -1000 16.19 1.47 569.628
car -1 -1 0.00 0.00 0.00 100.00 100.00 -1000 1.79 5.12 -2.44 -1000 30.58 1.61 568.101
car -1 -1 0.00 0.00 0.00 100.00 100.00 -1000 1.49 3.38 2.76 -1000 40.66 1.55 563.596
car -1 -1 0.00 0.00 0.00 100.00 100.00 -1000 2.16 6.89 15.33 -1000 42.98 1.40 551.341
car -1 -1 0.00 0.00 0.00 100.00 100.00 -1000 1.75 4.33 2.05 -1000 23.51 1.46 548.969
car -1 -1 0.00 0.00 0.00 100.00 100.00 -1000 1.66 4.34 5.71 -1000 13.97 1.59 544.246
car -1 -1 0.00 0.00 0.00 100.00 100.00 -1000 1.55 3.43 -19.67 -1000 34.04 -0.19 538.599
car -1 -1 0.00 0.00 0.00 100.00 100.00 -1000 7.47 16.25 20.16 -1000 41.22 -0.05 528.343
car -1 -1 0.00 0.00 0.00 100.00 100.00 -1000 1.55 3.96 -15.07 -1000 29.72 1.53 525.475
car -1 -1 0.00 0.00 0.00 100.00 100.00 -1000 1.71 4.05 16.46 -1000 41.99 1.41 524.266
car -1 -1 0.00 0.00 0.00 100.00 100.00 -1000 1.39 3.18 -3.11 -1000 35.74 1.56 517.140
car -1 -1 0.00 0.00 0.00 100.00 100.00 -1000 1.54 3.60 -3.25 -1000 39.17 1.57 514.703
car -1 -1 0.00 0.00 0.00 100.00 100.00 -1000 1.52 3.64 2.79 -1000 36.60 1.58 512.797
car -1 -1 0.00 0.00 0.00 100.00 100.00 -1000 1.50 3.61 18.89 -1000 33.37 1.61 494.679
car -1 -1 0.00 0.00 0.00 100.00 100.00 -1000 1.50 3.40 -15.44 -1000 19.84 1.62 489.011
car -1 -1 0.00 0.00 0.00 100.00 100.00 -1000 1.58 3.74 -3.08 -1000 26.14 1.58 487.252
car -1 -1 0.00 0.00 0.00 100.00 100.00 -1000 1.60 3.84 0.39 -1000 41.07 1.44 486.715
car -1 -1 0.00 0.00 0.00 100.00 100.00 -1000 1.65 4.50 -2.21 -1000 26.93 -0.19 483.430
car -1 -1 0.00 0.00 0.00 100.00 100.00 -1000 1.44 3.53 -1.17 -1000 40.97 1.56 477.738
car -1 -1 0.00 0.00 0.00 100.00 100.00 -1000 1.86 4.59 3.40 -1000 28.07 1.51 477.660
car -1 -1 0.00 0.00 0.00 100.00 100.00 -1000 1.51 2.72 3.76 -1000 43.44 1.45 475.209
car -1 -1 0.00 0.00 0.00 100.00 100.00 -1000 1.53 3.66 -18.14 -1000 43.08 1.56 473.734
car -1 -1 0.00 0.00 0.00 100.00 100.00 -1000 1.58 3.74 -14.93 -1000 26.23 1.59 471.280
car -1 -1 0.00 0.00 0.00 100.00 100.00 -1000 1.53 3.61 -6.24 -1000 43.14 1.56 470.018
car -1 -1 0.00 0.00 0.00 100.00 100.00 -1000 1.61 3.55 16.94 -1000 46.38 1.62 464.656
car -1 -1 0.00 0.00 0.00 100.00 100.00 -1000 1.48 3.41 16.99 -1000 47.27 0.07 462.775
car -1 -1 0.00 0.00 0.00 100.00 100.00 -1000 1.52 3.71 1.55 -1000 40.41 1.56 462.324
car -1 -1 0.00 0.00 0.00 100.00 100.00 -1000 1.63 4.12 -15.20 -1000 33.41 1.60 461.430
car -1 -1 0.00 0.00 0.00 100.00 100.00 -1000 1.76 4.82 -1.67 -1000 31.76 1.64 457.837
car -1 -1 0.00 0.00 0.00 100.00 100.00 -1000 2.23 7.50 8.15 -1000 26.86 1.42 457.799
car -1 -1 0.00 0.00 0.00 100.00 100.00 -1000 1.45 3.18 -18.25 -1000 31.45 1.46 455.708
car -1 -1 0.00 0.00 0.00 100.00 100.00 -1000 1.44 3.43 17.71 -1000 33.07 1.54 453.029
car -1 -1 0.00 0.00 0.00 100.00 100.00 -1000 1.84 5.32 -1.44 -1000 29.46 1.59 452.371
car -1 -1 0.00 0.00 0.00 100.00 100.00 -1000 2.41 6.43 3.34 -1000 22.58 -0.14 451.125
car -1 -1 0.00 0.00 0.00 100.00 100.00 -1000 1.49 3.41 -7.65 -1000 43.01 1.54 444.953
car -1 -1 0.00 0.00 0.00 100.00 100.00 -1000 1.47 3.65 -2.36 -1000 46.44 0.05 443.630
car -1 -1 0.00 0.00 0.00 100.00 100.00 -1000 1.49 3.40 0.51 -1000 36.68 1.51 442.320
car -1 -1 0.00 0.00 0.00 100.00 100.00 -1000 1.47 3.32 -19.58 -1000 24.58 1.59 434.965
car -1 -1 0.00 0.00 0.00 100.00 100.00 -1000 1.62 3.99 -18.38 -1000 25.43 1.59 428.410
car -1 -1 0.00 0.00 0.00 100.00 100.00 -1000 1.85 4.98 6.25 -1000 10.76 1.50 421.207
car -1 -1 0.00 0.00 0.00 100.00 100.00 -1000 1.69 4.57 2.88 -1000 32.92 1.59 420.762
car -1 -1 0.00 0.00 0.00 100.00 100.00 -1000 1.47 3.51 18.32 -1000 32.38 1.66 420.177
car -1 -1 0.00 0.00 0.00 100.00 100.00 -1000 1.45 3.38 -17.84 -1000 32.59 1.56 418.931
car -1 -1 0.00 0.00 0.00 100.00 100.00 -1000 1.82 4.98 15.42 -1000 41.13 1.45 418.611
car -1 -1 0.00 0.00 0.00 100.00 100.00 -1000 2.28 7.68 19.50 -1000 45.39 1.48 418.528
car -1 -1 0.00 0.00 0.00 100.00 100.00 -1000 1.56 3.81 0.54 -1000 33.36 1.52 412.840
car -1 -1 0.00 0.00 0.00 100.00 100.00 -1000 1.85 4.41 4.64 -1000 21.73 1.60 411.744
car -1 -1 0.00 0.00 0.00 100.00 100.00 -1000 1.52 3.68 -17.35 -1000 22.99 1.59 406.660
car -1 -1 0.00 0.00 0.00 100.00 100.00 -1000 1.78 4.27 6.01 -1000 23.85 1.64 405.927
car -1 -1 0.00 0.00 0.00 100.00 100.00 -1000 1.84 5.04 14.61 -1000 41.87 1.43 404.100
car -1 -1 0.00 0.00 0.00 100.00 100.00 -1000 1.55 3.75 4.98 -1000 35.04 1.57 400.268
car -1 -1 0.00 0.00 0.00 100.00 100.00 -1000 1.54 3.63 1.49 -1000 35.69 0.14 398.341
car -1 -1 0.00 0.00 0.00 100.00 100.00 -1000 2.09 6.72 4.77 -1000 26.00 1.49 395.715
car -1 -1 0.00 0.00 0.00 100.00 100.00 -1000 1.51 3.32 -13.67 -1000 46.38 1.49 395.595
car -1 -1 0.00 0.00 0.00 100.00 100.00 -1000 3.81 10.33 3.58 -1000 43.99 -0.09 394.161
car -1 -1 0.00 0.00 0.00 100.00 100.00 -1000 1.59 3.84 -18.76 -1000 42.40 1.61 391.259
car -1 -1 0.00 0.00 0.00 100.00 100.00 -1000 1.80 4.89 0.26 -1000 44.35 1.45 389.344
car -1 -1 0.00 0.00 0.00 100.00 100.00 -1000 1.46 3.61 -4.25 -1000 30.34 0.12 385.756
car -1 -1 0.00 0.00 0.00 100.00 100.00 -1000 1.60 4.09 -16.22 -1000 37.67 1.48 383.922
car -1 -1 0.00 0.00 0.00 100.00 100.00 -1000 1.91 5.50 8.46 -1000 10.78 1.44 375.406
car -1 -1 0.00 0.00 0.00 100.00 100.00 -1000 2.16 7.18 6.64 -1000 27.66 1.42 375.055
car -1 -1 0.00 0.00 0.00 100.00 100.00 -1000 1.52 3.36 -17.07 -1000 21.47 0.05 374.019
car -1 -1 0.00 0.00 0.00 100.00 100.00 -1000 1.41 3.32 -14.94 -1000 18.72 0.05 373.908
car -1 -1 0.00 0.00 0.00 100.00 100.00 -1000 1.50 3.43 -1.06 -1000 36.64 1.57 372.742
car -1 -1 0.00 0.00 0.00 100.00 100.00 -1000 1.79 5.06 4.70 -1000 31.65 1.60 371.123
car -1 -1 0.00 0.00 0.00 100.00 100.00 -1000 1.97 5.76 8.43 -1000 12.38 1.44 369.965
car -1 -1 0.00 0.00 0.00 100.00 100.00 -1000 1.76 4.22 5.60 -1000 22.97 1.61 369.316
car -1 -1 0.00 0.00 0.00 100.00 100.00 -1000 1.62 4.08 -2.28 -1000 38.70 1.59 369.153
car -1 -1 0.00 0.00 0.00 100.00 100.00 -1000 1.51 2.99 -18.42 -1000 22.64 1.48 368.515
car -1 -1 0.00 0.00 0.00 100.00 100.00 -1000 1.59 3.68 -14.68 -1000 45.58 1.43 364.332
car -1 -1 0.00 0.00 0.00 100.00 100.00 -1000 1.69 3.71 1.74 -1000 39.40 0.05 360.246
car -1 -1 0.00 0.00 0.00 100.00 100.00 -1000 1.51 3.72 -16.66 -1000 28.39 -0.14 356.986
car -1 -1 0.00 0.00 0.00 100.00 100.00 -1000 1.65 3.95 -9.04 -1000 11.75 1.56 355.247
car -1 -1 0.00 0.00 0.00 100.00 100.00 -1000 1.46 3.44 -18.73 -1000 30.66 1.53 352.962
car -1 -1 0.00 0.00 0.00 100.00 100.00 -1000 1.50 3.44 6.75 -1000 34.96 1.58 349.923
car -1 -1 0.00 0.00 0.00 100.00 100.00 -1000 1.64 3.94 -2.35 -1000 35.12 1.62 349.346
car -1 -1 0.00 0.00 0.00 100.00 100.00 -1000 1.61 3.62 -11.49 -1000 47.43 0.08 348.656
car -1 -1 0.00 0.00 0.00 100.00 100.00 -1000 1.68 4.32 -16.40 -1000 30.13 1.60 348.511
car -1 -1 0.00 0.00 0.00 100.00 100.00 -1000 1.72 4.56 6.22 -1000 13.22 1.54 347.933
car -1 -1 0.00 0.00 0.00 100.00 100.00 -1000 1.74 4.78 0.79 -1000 43.51 1.46 347.681
car -1 -1 0.00 0.00 0.00 100.00 100.00 -1000 1.65 3.95 -16.92 -1000 31.15 1.68 346.970
car -1 -1 0.00 0.00 0.00 100.00 100.00 -1000 1.57 3.71 -16.31 -1000 26.99 1.59 344.415
car -1 -1 0.00 0.00 0.00 100.00 100.00 -1000 1.83 5.56 -6.48 -1000 19.93 1.45 342.438
car -1 -1 0.00 0.00 0.00 100.00 100.00 -1000 1.79 4.97 8.55 -1000 9.60 1.42 340.292
car -1 -1 0.00 0.00 0.00 100.00 100.00 -1000 1.56 3.76 -18.30 -1000 36.60 1.45 338.302
car -1 -1 0.00 0.00 0.00 100.00 100.00 -1000 1.58 3.92 -9.10 -1000 42.64 1.51 337.495
car -1 -1 0.00 0.00 0.00 100.00 100.00 -1000 2.02 6.52 -8.15 -1000 20.38 1.43 336.781
car -1 -1 0.00 0.00 0.00 100.00 100.00 -1000 1.62 4.11 15.64 -1000 35.04 1.47 335.949
car -1 -1 0.00 0.00 0.00 100.00 100.00 -1000 1.58 3.66 4.26 -1000 29.92 1.60 334.637
car -1 -1 0.00 0.00 0.00 100.00 100.00 -1000 1.49 3.40 -17.53 -1000 29.42 1.55 333.932
car -1 -1 0.00 0.00 0.00 100.00 100.00 -1000 1.86 5.13 7.78 -1000 24.08 1.45 331.748
car -1 -1 0.00 0.00 0.00 100.00 100.00 -1000 1.53 3.92 -16.65 -1000 25.78 1.54 331.384
car -1 -1 0.00 0.00 0.00 100.00 100.00 -1000 1.74 4.70 1.90 -1000 41.33 1.43 329.715
car -1 -1 0.00 0.00 0.00 100.00 100.00 -1000 1.86 5.48 3.11 -1000 8.79 0.16 328.330
car -1 -1 0.00 0.00 0.00 100.00 100.00 -1000 1.65 4.13 -15.18 -1000 32.25 1.60 326.914
car -1 -1 0.00 0.00 0.00 100.00 100.00 -1000 1.49 3.49 4.36 -1000 7.11 1.55 326.394
car -1 -1 0.00 0.00 0.00 100.00 100.00 -1000 1.61 4.18 -16.67 -1000 33.75 1.57 325.798
car -1 -1 0.00 0.00 0.00 100.00 100.00 -1000 1.62 4.01 -7.45 -1000 41.83 0.21 325.525
car -1 -1 0.00 0.00 0.00 100.00 100.00 -1000 1.69 3.76 -4.11 -1000 24.86 0.05 324.114
car -1 -1 0.00 0.00 0.00 100.00 100.00 -1000 1.58 3.69 7.93 -1000 20.52 1.53 320.318
car -1 -1 0.00 0.00 0.00 100.00 100.00 -1000 1.58 4.21 5.31 -1000 34.23 0.13 319.683
car -1 -1 0.00 0.00 0.00 100.00 100.00 -1000 1.61 3.96 -14.11 -1000 26.85 1.58 318.982
car -1 -1 0.00 0.00 0.00 100.00 100.00 -1000 1.58 3.98 -3.29 -1000 27.55 0.01 316.438
car -1 -1 0.00 0.00 0.00 100.00 100.00 -1000 1.82 5.65 9.33 -1000 25.32 1.49 314.824
car -1 -1 0.00 0.00 0.00 100.00 100.00 -1000 1.51 3.54 -10.72 -1000 42.18 1.51 311.854
car -1 -1 0.00 0.00 0.00 100.00 100.00 -1000 1.93 6.24 5.58 -1000 46.56 1.52 311.577
car -1 -1 0.00 0.00 0.00 100.00 100.00 -1000 1.66 3.80 -2.62 -1000 41.43 1.54 311.511
car -1 -1 0.00 0.00 0.00 100.00 100.00 -1000 1.69 4.03 -17.65 -1000 23.76 1.59 310.724
car -1 -1 0.00 0.00 0.00 100.00 100.00 -1000 1.80 4.80 5.28 -1000 43.46 1.54 307.720
car -1 -1 0.00 0.00 0.00 100.00 100.00 -1000 1.57 4.30 6.71 -1000 19.60 0.06 307.410
car -1 -1 0.00 0.00 0.00 100.00 100.00 -1000 1.67 4.16 -17.95 -1000 33.40 1.60 307.403
car -1 -1 0.00 0.00 0.00 100.00 100.00 -1000 1.68 3.66 3.48 -1000 42.69 1.55 305.312
car -1 -1 0.00 0.00 0.00 100.00 100.00 -1000 1.73 4.63 15.50 -1000 45.92 1.40 302.031
car -1 -1 0.00 0.00 0.00 100.00 100.00 -1000 1.49 3.50 -18.65 -1000 26.19 1.53 301.792
car -1 -1 0.00 0.00 0.00 100.00 100.00 -1000 1.67 4.32 5.16 -1000 30.54 1.49 301.521
car -1 -1 0.00 0.00 0.00 100.00 100.00 -1000 1.60 3.90 17.25 -1000 31.86 1.45 300.277
car -1 -1 0.00 0.00 0.00 100.00 100.00 -1000 1.96 5.66 7.51 -1000 11.56 1.44 298.155
car -1 -1 0.00 0.00 0.00 100.00 100.00 -1000 1.67 4.09 -2.20 -1000 42.75 1.56 297.908
car -1 -1 0.00 0.00 0.00 100.00 100.00 -1000 1.54 3.62 -7.48 -1000 38.93 1.48 294.790
car -1 -1 0.00 0.00 0.00 100.00 100.00 -1000 1.63 4.13 -17.98 -1000 24.58 1.59 292.018
car -1 -1 0.00 0.00 0.00 100.00 100.00 -1000 1.90 5.75 8.39 -1000 13.98 1.44 290.986
car -1 -1 0.00 0.00 0.00 100.00 100.00 -1000 1.66 4.34 -14.61 -1000 34.08 1.47 289.541
car -1 -1 0.00 0.00 0.00 100.00 100.00 -1000 1.69 3.73 -19.74 -1000 29.60 -0.03 287.797
car -1 -1 0.00 0.00 0.00 100.00 100.00 -1000 1.65 4.42 -2.13 -1000 47.41 1.45 287.763
car -1 -1 0.00 0.00 0.00 100.00 100.00 -1000 1.43 2.93 -6.36 -1000 45.96 1.49 286.461
car -1 -1 0.00 0.00 0.00 100.00 100.00 -1000 1.52 3.54 -17.76 -1000 27.82 1.52 284.994
car -1 -1 0.00 0.00 0.00 100.00 100.00 -1000 1.55 3.75 7.93 -1000 34.63 1.49 284.839
car -1 -1 0.00 0.00 0.00 100.00 100.00 -1000 1.61 3.90 -4.04 -1000 46.29 1.49 284.838
car -1 -1 0.00 0.00 0.00 100.00 100.00 -1000 1.59 3.95 -2.29 -1000 36.93 1.51 284.209
car -1 -1 0.00 0.00 0.00 100.00 100.00 -1000 1.69 3.96 -10.49 -1000 13.35 1.52 283.750
car -1 -1 0.00 0.00 0.00 100.00 100.00 -1000 2.10 6.64 4.72 -1000 27.21 1.42 283.351
car -1 -1 0.00 0.00 0.00 100.00 100.00 -1000 1.79 4.88 8.59 -1000 23.30 1.40 281.174
car -1 -1 0.00 0.00 0.00 100.00 100.00 -1000 1.55 4.03 -8.58 -1000 10.67 0.11 280.239
car -1 -1 0.00 0.00 0.00 100.00 100.00 -1000 2.07 6.85 13.82 -1000 43.55 1.39 279.166
car -1 -1 0.00 0.00 0.00 100.00 100.00 -1000 1.76 4.29 4.91 -1000 45.55 1.70 278.426
car -1 -1 0.00 0.00 0.00 100.00 100.00 -1000 1.67 4.12 6.24 -1000 8.90 1.49 278.338
car -1 -1 0.00 0.00 0.00 100.00 100.00 -1000 1.90 5.46 7.02 -1000 43.85 1.43 276.195
car -1 -1 0.00 0.00 0.00 100.00 100.00 -1000 1.56 3.97 -4.00 -1000 45.36 0.08 273.557
car -1 -1 0.00 0.00 0.00 100.00 100.00 -1000 1.84 5.10 2.72 -1000 18.86 1.48 272.582
car -1 -1 0.00 0.00 0.00 100.00 100.00 -1000 1.74 4.41 -16.50 -1000 22.17 1.60 269.944
car -1 -1 0.00 0.00 0.00 100.00 100.00 -1000 1.63 4.04 -12.39 -1000 15.76 1.58 269.843
car -1 -1 0.00 0.00 0.00 100.00 100.00 -1000 1.56 3.98 -0.95 -1000 33.72 1.54 269.188
car -1 -1 0.00 0.00 0.00 100.00 100.00 -1000 1.58 3.94 -5.68 -1000 34.97 1.50 264.873
car -1 -1 0.00 0.00 0.00 100.00 100.00 -1000 1.96 6.11 -12.54 -1000 34.95 1.44 264.349
car -1 -1 0.00 0.00 0.00 100.00 100.00 -1000 1.69 4.45 -13.57 -1000 40.66 1.44 263.470
car -1 -1 0.00 0.00 0.00 100.00 100.00 -1000 1.54 3.64 0.31 -1000 39.90 0.10 262.522
car -1 -1 0.00 0.00 0.00 100.00 100.00 -1000 1.55 3.78 -2.01 -1000 32.94 1.51 261.633
car -1 -1 0.00 0.00 0.00 100.00 100.00 -1000 1.62 3.75 -18.34 -1000 26.99 1.48 257.085
car -1 -1 0.00 0.00 0.00 100.00 100.00 -1000 1.58 3.82 3.42 -1000 35.90 1.55 254.322
car -1 -1 0.00 0.00 0.00 100.00 100.00 -1000 1.74 4.80 9.53 -1000 23.89 1.49 252.392
car -1 -1 0.00 0.00 0.00 100.00 100.00 -1000 1.50 3.94 -7.70 -1000 18.42 0.06 252.215
car -1 -1 0.00 0.00 0.00 100.00 100.00 -1000 1.69 4.33 -18.14 -1000 41.56 1.57 250.626
car -1 -1 0.00 0.00 0.00 100.00 100.00 -1000 2.34 4.79 0.74 -1000 20.13 1.49 249.454
car -1 -1 0.00 0.00 0.00 100.00 100.00 -1000 2.00 5.37 -4.37 -1000 18.24 1.50 249.058
car -1 -1 0.00 0.00 0.00 100.00 100.00 -1000 1.73 4.70 -5.48 -1000 44.28 1.40 248.544
car -1 -1 0.00 0.00 0.00 100.00 100.00 -1000 1.64 4.18 -15.58 -1000 20.57 1.54 248.337
car -1 -1 0.00 0.00 0.00 100.00 100.00 -1000 1.68 5.50 1.07 -1000 24.09 1.55 246.487
car -1 -1 0.00 0.00 0.00 100.00 100.00 -1000 2.13 7.43 6.51 -1000 15.54 1.43 245.180
car -1 -1 0.00 0.00 0.00 100.00 100.00 -1000 1.88 5.40 0.40 -1000 42.28 1.37 244.969
car -1 -1 0.00 0.00 0.00 100.00 100.00 -1000 1.67 4.36 -14.91 -1000 28.25 1.59 244.673
car -1 -1 0.00 0.00 0.00 100.00 100.00 -1000 1.68 4.47 -3.05 -1000 31.40 1.55 243.437
car -1 -1 0.00 0.00 0.00 100.00 100.00 -1000 1.90 5.49 -12.52 -1000 31.76 1.44 242.905
car -1 -1 0.00 0.00 0.00 100.00 100.00 -1000 1.60 4.00 -5.56 -1000 38.35 0.23 240.492
car -1 -1 0.00 0.00 0.00 100.00 100.00 -1000 1.69 4.69 8.40 -1000 35.34 1.44 239.551
car -1 -1 0.00 0.00 0.00 100.00 100.00 -1000 1.65 3.71 -18.05 -1000 21.91 -0.04 238.744
car -1 -1 0.00 0.00 0.00 100.00 100.00 -1000 1.79 4.99 -12.60 -1000 30.57 1.41 238.313
car -1 -1 0.00 0.00 0.00 100.00 100.00 -1000 1.60 3.96 4.80 -1000 4.89 1.57 238.211
car -1 -1 0.00 0.00 0.00 100.00 100.00 -1000 1.90 5.62 6.15 -1000 28.51 1.42 237.829
car -1 -1 0.00 0.00 0.00 100.00 100.00 -1000 1.58 4.00 -2.83 -1000 39.89 1.57 236.451
car -1 -1 0.00 0.00 0.00 100.00 100.00 -1000 1.80 4.22 3.67 -1000 4.05 1.62 234.823
car -1 -1 0.00 0.00 0.00 100.00 100.00 -1000 1.86 5.20 7.13 -1000 22.47 1.45 234.697
car -1 -1 0.00 0.00 0.00 100.00 100.00 -1000 1.87 5.41 -15.41 -1000 46.26 1.45 231.076
car -1 -1 0.00 0.00 0.00 100.00 100.00 -1000 1.59 4.00 -3.59 -1000 42.21 -0.12 230.653
car -1 -1 0.00 0.00 0.00 100.00 100.00 -1000 1.68 4.30 7.53 -1000 21.25 1.45 227.599
car -1 -1 0.00 0.00 0.00 100.00 100.00 -1000 1.81 4.72 14.73 -1000 40.28 1.42 227.288
car -1 -1 0.00 0.00 0.00 100.00 100.00 -1000 3.30 7.83 19.29 -1000 39.05 -0.08 227.048
car -1 -1 0.00 0.00 0.00 100.00 100.00 -1000 1.83 4.79 -3.41 -1000 44.63 1.58 225.637
car -1 -1 0.00 0.00 0.00 100.00 100.00 -1000 1.64 4.01 -12.67 -1000 45.92 1.59 225.482
car -1 -1 0.00 0.00 0.00 100.00 100.00 -1000 1.50 4.19 2.99 -1000 11.72 1.40 224.921
car -1 -1 0.00 0.00 0.00 100.00 100.00 -1000 1.66 3.71 7.23 -1000 32.57 1.60 223.827
car -1 -1 0.00 0.00 0.00 100.00 100.00 -1000 1.67 4.42 6.69 -1000 47.81 -0.09 222.294
car -1 -1 0.00 0.00 0.00 100.00 100.00 -1000 1.54 3.77 3.24 -1000 39.98 1.57 221.846
car -1 -1 0.00 0.00 0.00 100.00 100.00 -1000 1.68 4.57 3.76 -1000 41.31 1.44 221.197
car -1 -1 0.00 0.00 0.00 100.00 100.00 -1000 1.83 5.06 7.07 -1000 9.96 1.42 221.100
car -1 -1 0.00 0.00 0.00 100.00 100.00 -1000 1.65 4.73 -12.28 -1000 46.71 1.50 220.543
car -1 -1 0.00 0.00 0.00 100.00 100.00 -1000 1.77 5.03 5.52 -1000 20.71 1.51 218.955
car -1 -1 0.00 0.00 0.00 100.00 100.00 -1000 1.65 3.91 -12.08 -1000 14.99 1.51 218.891
car -1 -1 0.00 0.00 0.00 100.00 100.00 -1000 1.67 4.27 5.80 -1000 8.07 1.51 218.181
car -1 -1 0.00 0.00 0.00 100.00 100.00 -1000 1.49 3.46 -13.24 -1000 16.46 1.51 216.635
car -1 -1 0.00 0.00 0.00 100.00 100.00 -1000 1.84 4.97 5.85 -1000 44.65 1.51 215.973
car -1 -1 0.00 0.00 0.00 100.00 100.00 -1000 1.67 4.05 -2.08 -1000 34.32 1.62 214.662
car -1 -1 0.00 0.00 0.00 100.00 100.00 -1000 1.49 3.69 -0.79 -1000 40.22 0.02 214.614
car -1 -1 0.00 0.00 0.00 100.00 100.00 -1000 1.86 5.73 4.21 -1000 32.49 1.56 214.153
car -1 -1 0.00 0.00 0.00 100.00 100.00 -1000 1.65 4.70 -12.81 -1000 27.24 1.54 213.456
car -1 -1 0.00 0.00 0.00 100.00 100.00 -1000 1.67 4.49 17.08 -1000 31.03 1.38 213.036
car -1 -1 0.00 0.00 0.00 100.00 100.00 -1000 1.65 4.35 15.41 -1000 33.02 1.43 212.944
car -1 -1 0.00 0.00 0.00 100.00 100.00 -1000 1.58 3.94 -12.31 -1000 41.50 1.52 212.138
car -1 -1 0.00 0.00 0.00 100.00 100.00 -1000 1.81 5.13 -16.02 -1000 45.12 1.42 211.642
car -1 -1 0.00 0.00 0.00 100.00 100.00 -1000 1.67 4.64 3.30 -1000 33.78 1.56 210.441
car -1 -1 0.00 0.00 0.00 100.00 100.00 -1000 1.78 4.75 -16.37 -1000 34.55 1.53 208.203
car -1 -1 0.00 0.00 0.00 100.00 100.00 -1000 1.63 3.94 -16.56 -1000 24.77 -0.15 208.085
car -1 -1 0.00 0.00 0.00 100.00 100.00 -1000 1.61 4.05 -13.54 -1000 47.09 1.43 207.513
car -1 -1 0.00 0.00 0.00 100.00 100.00 -1000 1.71 4.34 -16.56 -1000 35.44 1.61 206.255
car -1 -1 0.00 0.00 0.00 100.00 100.00 -1000 1.90 5.86 6.52 -1000 14.72 1.42 205.600
car -1 -1 0.00 0.00 0.00 100.00 100.00 -1000 1.44 3.13 15.72 -1000 47.06 0.31 205.293
car -1 -1 0.00 0.00 0.00 100.00 100.00 -1000 1.71 4.62 7.08 -1000 5.15 1.43 204.902
car -1 -1 0.00 0.00 0.00 100.00 100.00 -1000 1.85 5.08 8.17 -1000 8.04 1.42 203.985
car -1 -1 0.00 0.00 0.00 100.00 100.00 -1000 1.66 4.52 1.27 -1000 32.67 1.47 203.871
