car -1 -1 0.00 0.00 0.00 100.00 100.00 -1000 1.78 4.17 2.94 -1000 26.78 1.80 999.914
car -1 -1 0.00 0.00 0.00 100.00 100.00 -1000 0.42 2.89 -3.58 -1000 12.86 1.62 999.892
car -1 -1 0.00 0.00 0.00 100.00 100.00 -1000 1.53 3.62 -4.89 -1000 12.42 2.85 999.417
car -1 -1 0.00 0.00 0.00 100.00 100.00 -1000 1.04 4.06 -5.00 -1000 13.25 2.26 999.005
car -1 -1 0.00 0.00 0.00 100.00 100.00 -1000 1.10 4.35 4.40 -1000 26.54 0.35 998.137
car -1 -1 0.00 0.00 0.00 100.00 100.00 -1000 1.45 4.53 -5.20 -1000 14.16 2.27 997.949
car -1 -1 0.00 0.00 0.00 100.00 100.00 -1000 1.18 3.53 3.19 -1000 15.07 1.66 997.675
car -1 -1 0.00 0.00 0.00 100.00 100.00 -1000 1.63 3.81 17.14 -1000 27.70 1.59 996.326
car -1 -1 0.00 0.00 0.00 100.00 100.00 -1000 0.75 3.38 -4.45 -1000 14.60 0.80 995.552
car -1 -1 0.00 0.00 0.00 100.00 100.00 -1000 1.59 4.14 -5.60 -1000 11.72 0.04 994.296
car -1 -1 0.00 0.00 0.00 100.00 100.00 -1000 0.66 2.60 4.44 -1000 25.93 3.02 993.199
car -1 -1 0.00 0.00 0.00 100.00 100.00 -1000 0.46 2.62 -3.42 -1000 14.33 1.15 990.064
car -1 -1 0.00 0.00 0.00 100.00 100.00 -1000 1.55 3.97 4.64 -1000 13.73 -0.06 990.002
car -1 -1 0.00 0.00 0.00 100.00 100.00 -1000 1.51 3.35 -5.62 -1000 28.94 1.81 983.891
car -1 -1 0.00 0.00 0.00 100.00 100.00 -1000 1.61 4.06 3.53 -1000 25.98 -0.22 983.771
car -1 -1 0.00 0.00 0.00 100.00 100.00 -1000 1.79 4.78 2.40 -1000 30.00 1.58 981.105
car -1 -1 0.00 0.00 0.00 100.00 100.00 -1000 1.32 4.34 3.05 -1000 27.67 1.88 978.071
car -1 -1 0.00 0.00 0.00 100.00 100.00 -1000 1.53 4.10 -5.00 -1000 30.03 -0.15 977.275
car -1 -1 0.00 0.00 0.00 100.00 100.00 -1000 1.15 3.33 -5.18 -1000 9.11 0.54 976.986
car -1 -1 0.00 0.00 0.00 100.00 100.00 -1000 1.49 3.28 -4.17 -1000 30.72 1.59 976.187
car -1 -1 0.00 0.00 0.00 100.00 100.00 -1000 1.55 3.83 4.13 -1000 14.60 1.58 975.091
car -1 -1 0.00 0.00 0.00 100.00 100.00 -1000 1.62 4.35 -5.05 -1000 28.09 0.30 974.803
car -1 -1 0.00 0.00 0.00 100.00 100.00 -1000 1.18 3.25 5.05 -1000 22.51 0.39 970.869
car -1 -1 0.00 0.00 0.00 100.00 100.00 -1000 0.47 3.49 -3.46 -1000 12.09 1.11 970.006
car -1 -1 0.00 0.00 0.00 100.00 100.00 -1000 1.20 3.80 -6.65 -1000 30.27 0.41 966.443
car -1 -1 0.00 0.00 0.00 100.00 100.00 -1000 1.46 4.62 18.32 -1000 26.87 0.42 964.559
car -1 -1 0.00 0.00 0.00 100.00 100.00 -1000 1.92 6.30 3.26 -1000 28.29 2.05 963.086
car -1 -1 0.00 0.00 0.00 100.00 100.00 -1000 1.06 3.19 -1.04 -1000 43.60 0.43 958.930
car -1 -1 0.00 0.00 0.00 100.00 100.00 -1000 1.02 5.41 4.25 -1000 28.89 0.55 956.831
car -1 -1 0.00 0.00 0.00 100.00 100.00 -1000 0.78 3.35 -12.41 -1000 30.81 1.31 955.901
car -1 -1 0.00 0.00 0.00 100.00 100.00 -1000 1.61 4.22 -3.85 -1000 42.27 2.05 955.839
car -1 -1 0.00 0.00 0.00 100.00 100.00 -1000 1.56 3.65 -6.02 -1000 12.85 1.53 945.383
car -1 -1 0.00 0.00 0.00 100.00 100.00 -1000 1.47 3.35 -13.49 -1000 46.83 1.56 940.265
car -1 -1 0.00 0.00 0.00 100.00 100.00 -1000 1.35 3.60 -7.10 -1000 11.62 0.13 937.541
car -1 -1 0.00 0.00 0.00 100.00 100.00 -1000 1.43 3.99 -16.32 -1000 43.18 0.17 927.525
car -1 -1 0.00 0.00 0.00 100.00 100.00 -1000 1.70 4.09 17.04 -1000 28.55 1.51 923.572
car -1 -1 0.00 0.00 0.00 100.00 100.00 -1000 2.40 7.93 3.07 -1000 29.47 1.77 906.240
car -1 -1 0.00 0.00 0.00 100.00 100.00 -1000 1.39 3.50 13.76 -1000 16.76 -0.09 903.221
car -1 -1 0.00 0.00 0.00 100.00 100.00 -1000 1.58 3.73 10.44 -1000 16.09 1.61 894.636
car -1 -1 0.00 0.00 0.00 100.00 100.00 -1000 1.24 3.68 -11.93 -1000 39.59 0.67 893.857
car -1 -1 0.00 0.00 0.00 100.00 100.00 -1000 1.31 3.42 -0.56 -1000 44.23 0.04 893.671
car -1 -1 0.00 0.00 0.00 100.00 100.00 -1000 1.54 3.67 -6.55 -1000 29.45 1.51 882.797
car -1 -1 0.00 0.00 0.00 100.00 100.00 -1000 1.48 3.15 4.00 -1000 23.26 1.50 882.393
car -1 -1 0.00 0.00 0.00 100.00 100.00 -1000 1.57 4.07 7.60 -1000 17.53 1.55 881.045
car -1 -1 0.00 0.00 0.00 100.00 100.00 -1000 1.48 3.55 -6.05 -1000 8.66 0.08 857.136
car -1 -1 0.00 0.00 0.00 100.00 100.00 -1000 1.51 3.36 7.86 -1000 14.60 1.60 854.906
car -1 -1 0.00 0.00 0.00 100.00 100.00 -1000 1.56 3.95 -5.80 -1000 30.77 1.56 853.022
car -1 -1 0.00 0.00 0.00 100.00 100.00 -1000 1.40 3.17 -4.71 -1000 11.15 2.60 850.047
car -1 -1 0.00 0.00 0.00 100.00 100.00 -1000 1.51 3.24 5.01 -1000 12.56 1.52 840.987
car -1 -1 0.00 0.00 0.00 100.00 100.00 -1000 1.44 3.19 -16.95 -1000 44.62 1.62 840.470
car -1 -1 0.00 0.00 0.00 100.00 100.00 -1000 1.59 4.09 16.17 -1000 27.05 0.10 840.462
car -1 -1 0.00 0.00 0.00 100.00 100.00 -1000 1.42 3.16 2.89 -1000 43.93 1.55 838.626
car -1 -1 0.00 0.00 0.00 100.00 100.00 -1000 1.56 3.99 10.85 -1000 15.35 -0.03 837.760
car -1 -1 0.00 0.00 0.00 100.00 100.00 -1000 1.61 3.89 1.19 -1000 38.98 -0.03 837.559
car -1 -1 0.00 0.00 0.00 100.00 100.00 -1000 2.08 6.33 1.70 -1000 27.63 1.56 833.565
car -1 -1 0.00 0.00 0.00 100.00 100.00 -1000 1.26 4.34 -5.04 -1000 5.96 0.50 833.265
car -1 -1 0.00 0.00 0.00 100.00 100.00 -1000 0.98 2.98 -2.61 -1000 43.86 0.50 830.723
car -1 -1 0.00 0.00 0.00 100.00 100.00 -1000 1.52 3.46 -0.32 -1000 47.67 1.44 829.661
car -1 -1 0.00 0.00 0.00 100.00 100.00 -1000 1.37 3.03 -1.25 -1000 45.04 1.55 824.442
car -1 -1 0.00 0.00 0.00 100.00 100.00 -1000 1.50 3.32 3.03 -1000 43.04 -0.02 819.652
car -1 -1 0.00 0.00 0.00 100.00 100.00 -1000 1.55 3.88 -11.88 -1000 37.73 1.79 819.592
car -1 -1 0.00 0.00 0.00 100.00 100.00 -1000 1.50 3.36 -7.06 -1000 12.51 1.55 811.551
car -1 -1 0.00 0.00 0.00 100.00 100.00 -1000 0.97 3.80 -3.30 -1000 30.26 0.37 810.215
car -1 -1 0.00 0.00 0.00 100.00 100.00 -1000 1.39 3.00 -9.46 -1000 38.26 1.60 806.860
car -1 -1 0.00 0.00 0.00 100.00 100.00 -1000 1.61 4.04 5.02 -1000 15.13 1.57 804.719
car -1 -1 0.00 0.00 0.00 100.00 100.00 -1000 1.61 4.38 2.08 -1000 29.10 -0.06 802.995
car -1 -1 0.00 0.00 0.00 100.00 100.00 -1000 1.62 4.66 3.28 -1000 15.89 1.55 799.861
car -1 -1 0.00 0.00 0.00 100.00 100.00 -1000 1.52 3.64 -4.52 -1000 41.10 1.68 795.170
car -1 -1 0.00 0.00 0.00 100.00 100.00 -1000 1.66 4.59 1.90 -1000 26.15 0.21 793.190
car -1 -1 0.00 0.00 0.00 100.00 100.00 -1000 1.20 3.82 -1.86 -1000 43.14 0.02 790.046
car -1 -1 0.00 0.00 0.00 100.00 100.00 -1000 1.45 3.10 -5.95 -1000 40.28 1.56 788.550
car -1 -1 0.00 0.00 0.00 100.00 100.00 -1000 1.73 3.73 0.31 -1000 46.69 -0.02 788.444
car -1 -1 0.00 0.00 0.00 100.00 100.00 -1000 1.51 3.78 -7.59 -1000 31.19 1.60 788.427
car -1 -1 0.00 0.00 0.00 100.00 100.00 -1000 1.79 5.40 -4.56 -1000 38.58 0.28 780.152
car -1 -1 0.00 0.00 0.00 100.00 100.00 -1000 1.46 3.27 -6.06 -1000 9.58 1.57 777.267
car -1 -1 0.00 0.00 0.00 100.00 100.00 -1000 1.49 3.86 -3.20 -1000 31.28 1.58 775.697
car -1 -1 0.00 0.00 0.00 100.00 100.00 -1000 1.44 3.23 -4.68 -1000 45.84 -0.20 773.980
car -1 -1 0.00 0.00 0.00 100.00 100.00 -1000 1.56 3.33 -13.86 -1000 46.09 1.67 772.587
car -1 -1 0.00 0.00 0.00 100.00 100.00 -1000 1.38 3.96 -14.80 -1000 44.35 0.17 768.540
car -1 -1 0.00 0.00 0.00 100.00 100.00 -1000 1.58 3.75 7.98 -1000 15.75 1.55 762.917
car -1 -1 0.00 0.00 0.00 100.00 100.00 -1000 1.56 3.82 1.45 -1000 34.96 0.00 760.950
car -1 -1 0.00 0.00 0.00 100.00 100.00 -1000 1.44 3.46 -4.11 -1000 46.95 1.60 753.521
car -1 -1 0.00 0.00 0.00 100.00 100.00 -1000 1.47 3.18 -0.54 -1000 39.46 1.48 749.529
car -1 -1 0.00 0.00 0.00 100.00 100.00 -1000 1.45 3.36 6.22 -1000 13.57 -0.27 746.216
car -1 -1 0.00 0.00 0.00 100.00 100.00 -1000 1.49 3.54 3.98 -1000 24.08 1.56 738.513
car -1 -1 0.00 0.00 0.00 100.00 100.00 -1000 2.87 10.44 4.03 -1000 28.55 1.64 738.398
car -1 -1 0.00 0.00 0.00 100.00 100.00 -1000 1.17 4.17 0.24 -1000 26.31 0.58 736.596
car -1 -1 0.00 0.00 0.00 100.00 100.00 -1000 1.56 3.04 4.19 -1000 24.91 1.41 734.686
car -1 -1 0.00 0.00 0.00 100.00 100.00 -1000 1.51 3.52 8.48 -1000 16.54 1.60 733.152
car -1 -1 0.00 0.00 0.00 100.00 100.00 -1000 1.64 4.27 8.52 -1000 19.26 1.67 732.389
car -1 -1 0.00 0.00 0.00 100.00 100.00 -1000 1.10 3.40 -2.94 -1000 42.69 0.09 731.848
car -1 -1 0.00 0.00 0.00 100.00 100.00 -1000 1.46 3.54 -5.16 -1000 15.25 1.56 726.553
car -1 -1 0.00 0.00 0.00 100.00 100.00 -1000 1.60 4.06 -12.52 -1000 38.73 1.64 722.641
car -1 -1 0.00 0.00 0.00 100.00 100.00 -1000 1.43 3.29 -3.14 -1000 37.88 1.63 720.928
car -1 -1 0.00 0.00 0.00 100.00 100.00 -1000 1.58 3.99 -12.74 -1000 40.30 1.61 715.637
car -1 -1 0.00 0.00 0.00 100.00 100.00 -1000 1.44 3.88 13.07 -1000 16.23 1.80 715.141
car -1 -1 0.00 0.00 0.00 100.00 100.00 -1000 1.51 3.37 -10.30 -1000 37.70 1.59 704.702
car -1 -1 0.00 0.00 0.00 100.00 100.00 -1000 1.54 3.64 0.59 -1000 44.53 1.66 703.391
car -1 -1 0.00 0.00 0.00 100.00 100.00 -1000 1.84 4.92 14.40 -1000 31.06 1.66 701.852
car -1 -1 0.00 0.00 0.00 100.00 100.00 -1000 1.47 3.34 0.43 -1000 39.86 1.61 698.104
car -1 -1 0.00 0.00 0.00 100.00 100.00 -1000 1.50 3.55 14.35 -1000 31.71 1.59 697.922
car -1 -1 0.00 0.00 0.00 100.00 100.00 -1000 1.57 3.70 0.46 -1000 29.68 1.56 696.697
car -1 -1 0.00 0.00 0.00 100.00 100.00 -1000 1.47 3.69 1.23 -1000 47.52 1.53 696.075
car -1 -1 0.00 0.00 0.00 100.00 100.00 -1000 1.54 3.59 -15.15 -1000 45.56 1.53 693.157
car -1 -1 0.00 0.00 0.00 100.00 100.00 -1000 2.27 7.85 4.80 -1000 27.24 1.52 692.868
car -1 -1 0.00 0.00 0.00 100.00 100.00 -1000 1.53 3.51 4.64 -1000 21.72 0.05 685.415
car -1 -1 0.00 0.00 0.00 100.00 100.00 -1000 1.59 3.76 6.21 -1000 14.50 1.60 685.046
car -1 -1 0.00 0.00 0.00 100.00 100.00 -1000 2.22 6.63 14.77 -1000 30.16 1.60 684.046
car -1 -1 0.00 0.00 0.00 100.00 100.00 -1000 1.95 5.76 17.27 -1000 29.19 1.47 683.976
car -1 -1 0.00 0.00 0.00 100.00 100.00 -1000 1.82 4.95 5.81 -1000 26.45 1.51 675.182
car -1 -1 0.00 0.00 0.00 100.00 100.00 -1000 1.44 3.41 3.41 -1000 46.69 1.63 673.010
car -1 -1 0.00 0.00 0.00 100.00 100.00 -1000 1.37 3.14 -0.87 -1000 35.28 1.55 672.927
car -1 -1 0.00 0.00 0.00 100.00 100.00 -1000 1.44 3.24 -13.49 -1000 30.44 2.41 670.513
car -1 -1 0.00 0.00 0.00 100.00 100.00 -1000 1.68 4.10 12.16 -1000 19.01 1.53 669.650
car -1 -1 0.00 0.00 0.00 100.00 100.00 -1000 1.47 3.27 -13.91 -1000 45.26 1.68 654.400
car -1 -1 0.00 0.00 0.00 100.00 100.00 -1000 1.49 3.15 -14.46 -1000 47.40 0.16 653.168
car -1 -1 0.00 0.00 0.00 100.00 100.00 -1000 1.36 2.98 0.35 -1000 35.77 1.58 652.779
car -1 -1 0.00 0.00 0.00 100.00 100.00 -1000 1.55 4.98 -4.70 -1000 8.13 0.05 647.800
car -1 -1 0.00 0.00 0.00 100.00 100.00 -1000 0.59 6.06 7.14 -1000 26.51 1.84 647.423
car -1 -1 0.00 0.00 0.00 100.00 100.00 -1000 1.58 4.09 -1.25 -1000 32.03 1.55 645.818
car -1 -1 0.00 0.00 0.00 100.00 100.00 -1000 1.58 3.93 -0.66 -1000 38.54 -0.24 645.730
car -1 -1 0.00 0.00 0.00 100.00 100.00 -1000 1.41 3.22 2.70 -1000 35.79 1.59 642.191
car -1 -1 0.00 0.00 0.00 100.00 100.00 -1000 1.41 3.31 2.62 -1000 39.82 1.61 641.367
car -1 -1 0.00 0.00 0.00 100.00 100.00 -1000 1.43 4.05 -3.73 -1000 29.50 0.02 640.861
car -1 -1 0.00 0.00 0.00 100.00 100.00 -1000 1.46 3.06 0.33 -1000 45.74 1.47 638.040
car -1 -1 0.00 0.00 0.00 100.00 100.00 -1000 1.79 4.79 12.41 -1000 17.23 1.50 635.951
car -1 -1 0.00 0.00 0.00 100.00 100.00 -1000 1.53 3.64 -12.89 -1000 37.23 1.94 634.466
car -1 -1 0.00 0.00 0.00 100.00 100.00 -1000 1.35 2.86 -1.81 -1000 34.95 1.60 634.183
car -1 -1 0.00 0.00 0.00 100.00 100.00 -1000 1.58 3.59 -5.43 -1000 45.27 1.59 627.477
car -1 -1 0.00 0.00 0.00 100.00 100.00 -1000 1.94 5.53 6.33 -1000 30.34 1.59 622.356
car -1 -1 0.00 0.00 0.00 100.00 100.00 -1000 1.59 4.32 -5.21 -1000 32.56 1.43 619.296
car -1 -1 0.00 0.00 0.00 100.00 100.00 -1000 1.54 3.55 -0.46 -1000 34.54 -0.12 617.966
car -1 -1 0.00 0.00 0.00 100.00 100.00 -1000 1.53 3.71 -3.56 -1000 44.73 1.59 615.944
car -1 -1 0.00 0.00 0.00 100.00 100.00 -1000 1.41 3.19 -2.07 -1000 38.68 1.55 613.810
car -1 -1 0.00 0.00 0.00 100.00 100.00 -1000 1.41 3.26 13.09 -1000 20.45 1.57 611.997
car -1 -1 0.00 0.00 0.00 100.00 100.00 -1000 2.09 6.35 0.57 -1000 28.73 1.65 609.316
car -1 -1 0.00 0.00 0.00 100.00 100.00 -1000 1.61 3.96 -12.45 -1000 41.48 1.61 603.469
car -1 -1 0.00 0.00 0.00 100.00 100.00 -1000 1.41 3.49 -11.19 -1000 43.41 1.58 602.409
car -1 -1 0.00 0.00 0.00 100.00 100.00 -1000 1.53 3.66 -6.84 -1000 28.62 1.55 602.334
car -1 -1 0.00 0.00 0.00 100.00 100.00 -1000 1.40 2.63 -5.09 -1000 10.09 1.61 599.971
car -1 -1 0.00 0.00 0.00 100.00 100.00 -1000 1.66 3.90 1.49 -1000 45.00 -0.11 595.413
car -1 -1 0.00 0.00 0.00 100.00 100.00 -1000 1.45 3.48 17.36 -1000 26.40 1.80 588.994
car -1 -1 0.00 0.00 0.00 100.00 100.00 -1000 0.97 3.11 5.30 -1000 25.56 0.01 584.796
car -1 -1 0.00 0.00 0.00 100.00 100.00 -1000 1.54 3.46 -1.79 -1000 34.10 -0.04 583.169
car -1 -1 0.00 0.00 0.00 100.00 100.00 -1000 1.60 3.56 -6.44 -1000 13.62 1.44 582.528
car -1 -1 0.00 0.00 0.00 100.00 100.00 -1000 1.57 3.95 -12.64 -1000 43.92 0.16 581.671
car -1 -1 0.00 0.00 0.00 100.00 100.00 -1000 0.39 3.64 -2.73 -1000 12.44 1.70 575.193
car -1 -1 0.00 0.00 0.00 100.00 100.00 -1000 1.58 3.66 12.32 -1000 19.83 1.49 572.203
car -1 -1 0.00 0.00 0.00 100.00 100.00 -1000 1.40 3.25 -8.39 -1000 34.17 1.57 565.600
car -1 -1 0.00 0.00 0.00 100.00 100.00 -1000 1.48 3.25 1.97 -1000 45.72 -0.15 565.039
car -1 -1 0.00 0.00 0.00 100.00 100.00 -1000 1.43 3.40 -7.80 -1000 11.11 0.11 555.212
car -1 -1 0.00 0.00 0.00 100.00 100.00 -1000 1.55 3.86 -11.93 -1000 42.76 1.49 551.702
car -1 -1 0.00 0.00 0.00 100.00 100.00 -1000 1.64 3.77 15.90 -1000 25.92 1.46 550.295
car -1 -1 0.00 0.00 0.00 100.00 100.00 -1000 1.46 3.38 -16.50 -1000 43.93 -0.19 550.138
car -1 -1 0.00 0.00 0.00 100.00 100.00 -1000 1.45 3.30 -1.98 -1000 44.43 1.54 548.846
car -1 -1 0.00 0.00 0.00 100.00 100.00 -1000 1.76 4.43 6.82 -1000 15.31 1.51 548.533
car -1 -1 0.00 0.00 0.00 100.00 100.00 -1000 1.71 4.49 6.75 -1000 16.98 1.36 542.588
car -1 -1 0.00 0.00 0.00 100.00 100.00 -1000 1.46 3.35 6.85 -1000 30.95 1.61 540.648
car -1 -1 0.00 0.00 0.00 100.00 100.00 -1000 1.53 3.57 -11.00 -1000 36.97 -0.02 536.031
car -1 -1 0.00 0.00 0.00 100.00 100.00 -1000 1.69 4.26 -6.46 -1000 39.46 0.04 531.474
car -1 -1 0.00 0.00 0.00 100.00 100.00 -1000 1.69 4.18 -6.38 -1000 11.05 1.51 516.391
car -1 -1 0.00 0.00 0.00 100.00 100.00 -1000 1.41 3.75 2.51 -1000 38.24 0.13 515.606
car -1 -1 0.00 0.00 0.00 100.00 100.00 -1000 1.42 3.06 -9.37 -1000 33.85 1.48 509.651
car -1 -1 0.00 0.00 0.00 100.00 100.00 -1000 1.43 3.40 1.50 -1000 35.99 1.53 503.857
car -1 -1 0.00 0.00 0.00 100.00 100.00 -1000 1.43 3.19 18.48 -1000 41.98 1.52 503.218
car -1 -1 0.00 0.00 0.00 100.00 100.00 -1000 1.57 3.73 11.82 -1000 15.84 1.66 501.913
car -1 -1 0.00 0.00 0.00 100.00 100.00 -1000 1.52 3.45 -0.73 -1000 29.33 1.53 501.596
car -1 -1 0.00 0.00 0.00 100.00 100.00 -1000 2.00 6.77 15.24 -1000 28.78 1.48 499.082
car -1 -1 0.00 0.00 0.00 100.00 100.00 -1000 1.48 3.93 1.38 -1000 31.76 0.12 498.778
car -1 -1 0.00 0.00 0.00 100.00 100.00 -1000 1.43 3.25 -3.82 -1000 43.67 1.76 496.966
car -1 -1 0.00 0.00 0.00 100.00 100.00 -1000 1.54 3.77 -2.21 -1000 30.75 -0.21 490.130
car -1 -1 0.00 0.00 0.00 100.00 100.00 -1000 1.48 3.20 -17.89 -1000 44.10 1.55 489.894
car -1 -1 0.00 0.00 0.00 100.00 100.00 -1000 1.47 3.45 0.25 -1000 32.48 1.60 488.093
car -1 -1 0.00 0.00 0.00 100.00 100.00 -1000 1.58 3.30 3.15 -1000 13.94 0.07 486.137
car -1 -1 0.00 0.00 0.00 100.00 100.00 -1000 1.62 3.92 -2.74 -1000 28.93 1.61 479.612
car -1 -1 0.00 0.00 0.00 100.00 100.00 -1000 1.45 3.35 1.66 -1000 40.40 1.56 478.843
car -1 -1 0.00 0.00 0.00 100.00 100.00 -1000 1.89 5.29 5.72 -1000 15.95 1.43 478.810
car -1 -1 0.00 0.00 0.00 100.00 100.00 -1000 1.72 4.52 13.55 -1000 27.30 1.43 477.879
car -1 -1 0.00 0.00 0.00 100.00 100.00 -1000 1.53 3.85 2.75 -1000 32.45 1.59 477.740
car -1 -1 0.00 0.00 0.00 100.00 100.00 -1000 1.75 4.56 2.66 -1000 30.89 1.59 474.679
car -1 -1 0.00 0.00 0.00 100.00 100.00 -1000 1.55 3.89 -2.64 -1000 46.74 1.57 470.574
car -1 -1 0.00 0.00 0.00 100.00 100.00 -1000 1.57 3.73 8.24 -1000 13.84 1.64 458.143
car -1 -1 0.00 0.00 0.00 100.00 100.00 -1000 1.46 3.18 8.08 -1000 38.18 1.53 456.588
car -1 -1 0.00 0.00 0.00 100.00 100.00 -1000 1.67 3.97 7.09 -1000 20.74 -0.01 455.933
car -1 -1 0.00 0.00 0.00 100.00 100.00 -1000 1.66 4.44 -12.30 -1000 47.60 1.59 453.572
car -1 -1 0.00 0.00 0.00 100.00 100.00 -1000 1.80 5.17 9.75 -1000 18.85 1.54 451.415
car -1 -1 0.00 0.00 0.00 100.00 100.00 -1000 1.61 3.97 -8.36 -1000 38.59 1.47 444.821
car -1 -1 0.00 0.00 0.00 100.00 100.00 -1000 1.54 3.56 -4.79 -1000 40.01 1.85 440.431
car -1 -1 0.00 0.00 0.00 100.00 100.00 -1000 1.97 5.57 -17.31 -1000 42.64 0.29 440.398
car -1 -1 0.00 0.00 0.00 100.00 100.00 -1000 1.49 3.03 -4.67 -1000 7.22 1.65 439.204
car -1 -1 0.00 0.00 0.00 100.00 100.00 -1000 2.04 6.64 16.52 -1000 30.84 1.40 438.519
car -1 -1 0.00 0.00 0.00 100.00 100.00 -1000 1.71 4.22 18.64 -1000 27.87 1.72 435.911
car -1 -1 0.00 0.00 0.00 100.00 100.00 -1000 1.48 3.71 -10.65 -1000 38.57 1.60 434.508
car -1 -1 0.00 0.00 0.00 100.00 100.00 -1000 1.55 3.64 -0.35 -1000 31.32 -0.00 433.113
car -1 -1 0.00 0.00 0.00 100.00 100.00 -1000 1.50 3.72 14.73 -1000 17.67 1.58 432.889
car -1 -1 0.00 0.00 0.00 100.00 100.00 -1000 1.78 4.48 8.59 -1000 18.09 1.65 432.453
car -1 -1 0.00 0.00 0.00 100.00 100.00 -1000 1.65 4.20 -13.30 -1000 40.95 1.57 429.899
car -1 -1 0.00 0.00 0.00 100.00 100.00 -1000 1.51 3.71 -14.81 -1000 19.34 1.54 427.673
car -1 -1 0.00 0.00 0.00 100.00 100.00 -1000 1.46 3.03 -16.64 -1000 41.85 1.61 427.617
car -1 -1 0.00 0.00 0.00 100.00 100.00 -1000 1.41 3.51 -7.96 -1000 30.49 1.55 426.280
car -1 -1 0.00 0.00 0.00 100.00 100.00 -1000 1.75 5.16 12.23 -1000 18.14 1.46 425.523
car -1 -1 0.00 0.00 0.00 100.00 100.00 -1000 1.49 3.41 -3.62 -1000 37.06 1.54 424.653
car -1 -1 0.00 0.00 0.00 100.00 100.00 -1000 1.38 3.35 -7.01 -1000 34.53 1.52 420.238
car -1 -1 0.00 0.00 0.00 100.00 100.00 -1000 1.72 4.38 -8.60 -1000 33.19 1.65 419.820
car -1 -1 0.00 0.00 0.00 100.00 100.00 -1000 1.57 3.07 -4.06 -1000 28.68 1.45 416.874
car -1 -1 0.00 0.00 0.00 100.00 100.00 -1000 1.64 3.96 -2.81 -1000 33.65 -0.16 409.753
car -1 -1 0.00 0.00 0.00 100.00 100.00 -1000 1.49 3.68 6.24 -1000 21.41 0.13 405.967
car -1 -1 0.00 0.00 0.00 100.00 100.00 -1000 1.56 3.98 -11.99 -1000 45.07 1.56 405.202
car -1 -1 0.00 0.00 0.00 100.00 100.00 -1000 1.54 3.68 7.95 -1000 30.51 1.60 404.921
car -1 -1 0.00 0.00 0.00 100.00 100.00 -1000 1.91 5.84 -6.66 -1000 40.54 1.38 399.442
car -1 -1 0.00 0.00 0.00 100.00 100.00 -1000 1.53 3.59 3.17 -1000 19.91 0.10 398.333
car -1 -1 0.00 0.00 0.00 100.00 100.00 -1000 1.69 4.03 7.92 -1000 36.86 -0.09 395.072
car -1 -1 0.00 0.00 0.00 100.00 100.00 -1000 1.64 4.53 -7.27 -1000 10.01 1.56 391.947
car -1 -1 0.00 0.00 0.00 100.00 100.00 -1000 1.48 3.51 -5.07 -1000 34.49 1.55 389.662
car -1 -1 0.00 0.00 0.00 100.00 100.00 -1000 2.15 7.37 -7.53 -1000 41.32 1.38 385.646
car -1 -1 0.00 0.00 0.00 100.00 100.00 -1000 1.87 5.31 14.00 -1000 28.10 1.39 375.398
car -1 -1 0.00 0.00 0.00 100.00 100.00 -1000 1.67 3.35 17.60 -1000 25.37 1.52 375.039
car -1 -1 0.00 0.00 0.00 100.00 100.00 -1000 1.73 4.69 -3.98 -1000 15.94 1.53 373.989
car -1 -1 0.00 0.00 0.00 100.00 100.00 -1000 1.91 4.97 -8.37 -1000 32.14 1.60 369.905
car -1 -1 0.00 0.00 0.00 100.00 100.00 -1000 1.58 3.74 2.85 -1000 44.66 1.59 368.170
car -1 -1 0.00 0.00 0.00 100.00 100.00 -1000 1.09 3.72 -4.27 -1000 6.53 0.19 365.983
car -1 -1 0.00 0.00 0.00 100.00 100.00 -1000 1.88 4.37 7.39 -1000 29.54 -0.17 365.865
car -1 -1 0.00 0.00 0.00 100.00 100.00 -1000 1.76 4.17 -9.91 -1000 32.84 -0.10 361.106
car -1 -1 0.00 0.00 0.00 100.00 100.00 -1000 1.54 3.77 -6.18 -1000 14.81 1.47 361.000
car -1 -1 0.00 0.00 0.00 100.00 100.00 -1000 1.42 3.31 1.97 -1000 46.80 1.56 358.226
car -1 -1 0.00 0.00 0.00 100.00 100.00 -1000 1.58 3.93 -7.46 -1000 27.83 1.47 356.628
car -1 -1 0.00 0.00 0.00 100.00 100.00 -1000 1.77 4.28 -0.47 -1000 27.23 1.65 351.583
car -1 -1 0.00 0.00 0.00 100.00 100.00 -1000 1.50 3.48 13.86 -1000 19.78 1.62 351.386
car -1 -1 0.00 0.00 0.00 100.00 100.00 -1000 1.53 3.68 -15.58 -1000 37.36 0.33 350.372
car -1 -1 0.00 0.00 0.00 100.00 100.00 -1000 1.53 3.45 -7.97 -1000 12.10 1.40 349.978
car -1 -1 0.00 0.00 0.00 100.00 100.00 -1000 1.54 3.37 9.47 -1000 13.04 1.55 347.629
car -1 -1 0.00 0.00 0.00 100.00 100.00 -1000 1.66 3.94 8.19 -1000 28.11 1.48 347.361
car -1 -1 0.00 0.00 0.00 100.00 100.00 -1000 1.55 3.74 -4.32 -1000 33.49 1.56 347.231
car -1 -1 0.00 0.00 0.00 100.00 100.00 -1000 1.41 3.00 -6.95 -1000 8.10 0.20 344.698
car -1 -1 0.00 0.00 0.00 100.00 100.00 -1000 1.54 3.76 -2.48 -1000 45.54 1.58 344.067
car -1 -1 0.00 0.00 0.00 100.00 100.00 -1000 1.48 2.84 -5.20 -1000 27.02 1.48 343.522
car -1 -1 0.00 0.00 0.00 100.00 100.00 -1000 1.64 3.94 14.71 -1000 16.15 1.56 343.310
car -1 -1 0.00 0.00 0.00 100.00 100.00 -1000 1.80 4.54 -0.23 -1000 25.52 1.65 341.086
car -1 -1 0.00 0.00 0.00 100.00 100.00 -1000 1.62 4.04 9.20 -1000 21.22 1.64 340.439
car -1 -1 0.00 0.00 0.00 100.00 100.00 -1000 1.72 4.49 -9.71 -1000 43.04 1.48 338.813
car -1 -1 0.00 0.00 0.00 100.00 100.00 -1000 1.61 3.97 -11.47 -1000 41.95 1.64 336.252
car -1 -1 0.00 0.00 0.00 100.00 100.00 -1000 1.44 2.88 -17.68 -1000 33.94 1.68 333.848
car -1 -1 0.00 0.00 0.00 100.00 100.00 -1000 1.72 4.39 12.88 -1000 31.43 1.41 332.419
car -1 -1 0.00 0.00 0.00 100.00 100.00 -1000 1.51 3.28 -0.96 -1000 46.88 1.42 332.024
car -1 -1 0.00 0.00 0.00 100.00 100.00 -1000 1.50 3.76 -1.66 -1000 37.82 -0.09 330.944
car -1 -1 0.00 0.00 0.00 100.00 100.00 -1000 1.71 3.83 -3.15 -1000 28.17 1.55 330.662
car -1 -1 0.00 0.00 0.00 100.00 100.00 -1000 1.44 3.38 -13.42 -1000 19.68 1.59 330.514
car -1 -1 0.00 0.00 0.00 100.00 100.00 -1000 1.42 4.45 -12.95 -1000 33.50 0.35 329.101
car -1 -1 0.00 0.00 0.00 100.00 100.00 -1000 1.57 3.74 4.29 -1000 20.55 1.59 327.517
car -1 -1 0.00 0.00 0.00 100.00 100.00 -1000 1.64 3.46 -5.13 -1000 39.12 1.67 326.413
car -1 -1 0.00 0.00 0.00 100.00 100.00 -1000 1.76 4.72 14.43 -1000 26.59 1.41 325.065
car -1 -1 0.00 0.00 0.00 100.00 100.00 -1000 1.65 4.13 3.85 -1000 45.96 1.63 323.077
car -1 -1 0.00 0.00 0.00 100.00 100.00 -1000 1.67 4.06 1.20 -1000 43.71 1.56 322.126
car -1 -1 0.00 0.00 0.00 100.00 100.00 -1000 1.63 4.07 0.80 -1000 30.55 1.53 320.460
car -1 -1 0.00 0.00 0.00 100.00 100.00 -1000 1.52 3.90 7.92 -1000 21.64 1.58 319.260
car -1 -1 0.00 0.00 0.00 100.00 100.00 -1000 1.45 3.68 7.76 -1000 18.66 -0.10 319.158
car -1 -1 0.00 0.00 0.00 100.00 100.00 -1000 1.46 3.55 -14.88 -1000 27.77 1.53 318.758
car -1 -1 0.00 0.00 0.00 100.00 100.00 -1000 1.72 5.36 13.74 -1000 29.21 1.49 315.322
car -1 -1 0.00 0.00 0.00 100.00 100.00 -1000 1.89 4.65 -5.63 -1000 44.43 0.03 315.209
car -1 -1 0.00 0.00 0.00 100.00 100.00 -1000 1.52 3.38 -13.39 -1000 31.76 1.62 314.777
car -1 -1 0.00 0.00 0.00 100.00 100.00 -1000 1.51 3.67 3.97 -1000 35.39 1.46 309.839
car -1 -1 0.00 0.00 0.00 100.00 100.00 -1000 1.85 5.34 4.00 -1000 31.71 1.47 309.411
car -1 -1 0.00 0.00 0.00 100.00 100.00 -1000 1.43 3.25 -9.17 -1000 37.45 0.07 308.432
car -1 -1 0.00 0.00 0.00 100.00 100.00 -1000 1.58 3.86 -11.34 -1000 45.82 1.50 306.840
car -1 -1 0.00 0.00 0.00 100.00 100.00 -1000 1.51 3.17 11.12 -1000 13.17 1.61 304.114
car -1 -1 0.00 0.00 0.00 100.00 100.00 -1000 1.95 5.99 10.00 -1000 17.12 1.48 302.634
car -1 -1 0.00 0.00 0.00 100.00 100.00 -1000 1.87 5.37 -7.97 -1000 39.79 1.40 302.449
car -1 -1 0.00 0.00 0.00 100.00 100.00 -1000 1.48 3.72 3.79 -1000 39.36 1.50 302.263
car -1 -1 0.00 0.00 0.00 100.00 100.00 -1000 1.38 3.05 -7.29 -1000 8.85 0.31 297.470
car -1 -1 0.00 0.00 0.00 100.00 100.00 -1000 1.99 7.03 4.56 -1000 16.58 1.43 296.302
car -1 -1 0.00 0.00 0.00 100.00 100.00 -1000 0.56 3.54 -3.33 -1000 13.73 0.36 295.959
car -1 -1 0.00 0.00 0.00 100.00 100.00 -1000 1.48 4.04 3.05 -1000 47.44 1.53 295.093
car -1 -1 0.00 0.00 0.00 100.00 100.00 -1000 2.01 5.71 -3.43 -1000 32.07 1.59 293.021
car -1 -1 0.00 0.00 0.00 100.00 100.00 -1000 1.48 3.39 -14.10 -1000 41.59 1.63 289.792
car -1 -1 0.00 0.00 0.00 100.00 100.00 -1000 1.86 5.19 -9.57 -1000 42.22 1.47 288.162
car -1 -1 0.00 0.00 0.00 100.00 100.00 -1000 1.73 4.53 -16.06 -1000 46.24 1.58 286.370
car -1 -1 0.00 0.00 0.00 100.00 100.00 -1000 1.42 3.51 -5.39 -1000 46.35 0.25 286.144
car -1 -1 0.00 0.00 0.00 100.00 100.00 -1000 1.72 4.55 3.01 -1000 33.92 1.67 285.476
car -1 -1 0.00 0.00 0.00 100.00 100.00 -1000 1.98 6.34 5.49 -1000 31.20 1.40 284.468
car -1 -1 0.00 0.00 0.00 100.00 100.00 -1000 1.50 2.75 -4.68 -1000 38.04 1.46 284.194
car -1 -1 0.00 0.00 0.00 100.00 100.00 -1000 1.22 2.02 -5.27 -1000 6.27 1.24 284.112
car -1 -1 0.00 0.00 0.00 100.00 100.00 -1000 1.80 5.07 -9.09 -1000 15.23 1.45 282.657
car -1 -1 0.00 0.00 0.00 100.00 100.00 -1000 1.59 3.90 -18.48 -1000 43.47 0.10 282.100
car -1 -1 0.00 0.00 0.00 100.00 100.00 -1000 1.47 3.70 -13.22 -1000 34.84 1.59 279.906
car -1 -1 0.00 0.00 0.00 100.00 100.00 -1000 1.88 5.92 0.88 -1000 23.59 1.62 279.600
car -1 -1 0.00 0.00 0.00 100.00 100.00 -1000 1.70 4.13 13.86 -1000 15.36 1.58 278.140
car -1 -1 0.00 0.00 0.00 100.00 100.00 -1000 1.59 3.96 -11.42 -1000 40.65 1.61 275.624
car -1 -1 0.00 0.00 0.00 100.00 100.00 -1000 1.70 4.41 7.14 -1000 26.09 1.46 275.457
car -1 -1 0.00 0.00 0.00 100.00 100.00 -1000 1.45 3.07 -17.78 -1000 35.18 1.68 275.401
car -1 -1 0.00 0.00 0.00 100.00 100.00 -1000 1.80 4.17 -5.82 -1000 33.59 0.01 272.501
car -1 -1 0.00 0.00 0.00 100.00 100.00 -1000 2.16 7.53 18.07 -1000 30.06 1.41 271.388
car -1 -1 0.00 0.00 0.00 100.00 100.00 -1000 1.83 5.16 -7.26 -1000 43.04 1.42 270.768
car -1 -1 0.00 0.00 0.00 100.00 100.00 -1000 1.71 4.14 -1.64 -1000 29.81 1.67 269.105
car -1 -1 0.00 0.00 0.00 100.00 100.00 -1000 1.66 4.98 6.41 -1000 23.11 1.58 268.614
car -1 -1 0.00 0.00 0.00 100.00 100.00 -1000 1.89 6.71 7.32 -1000 27.54 1.43 267.943
car -1 -1 0.00 0.00 0.00 100.00 100.00 -1000 1.72 5.38 -1.99 -1000 47.37 1.54 267.833
car -1 -1 0.00 0.00 0.00 100.00 100.00 -1000 1.82 4.93 -6.02 -1000 31.65 1.57 264.074
car -1 -1 0.00 0.00 0.00 100.00 100.00 -1000 1.61 3.94 -13.49 -1000 18.94 1.62 263.085
car -1 -1 0.00 0.00 0.00 100.00 100.00 -1000 1.55 3.68 13.78 -1000 18.91 1.64 259.802
car -1 -1 0.00 0.00 0.00 100.00 100.00 -1000 1.63 4.07 16.00 -1000 17.30 1.49 259.324
