car -1 -1 0.00 0.00 0.00 100.00 100.00 -1000 1.78 4.76 6.35 -1000 39.85 1.52 999.943
car -1 -1 0.00 0.00 0.00 100.00 100.00 -1000 1.75 4.41 12.93 -1000 41.70 1.67 999.138
car -1 -1 0.00 0.00 0.00 100.00 100.00 -1000 1.71 4.29 12.23 -1000 42.64 1.62 995.752
car -1 -1 0.00 0.00 0.00 100.00 100.00 -1000 1.61 3.90 0.02 -1000 31.58 1.57 994.725
car -1 -1 0.00 0.00 0.00 100.00 100.00 -1000 2.56 5.38 7.63 -1000 39.36 -0.30 992.528
car -1 -1 0.00 0.00 0.00 100.00 100.00 -1000 2.04 6.04 5.22 -1000 41.67 1.51 989.642
car -1 -1 0.00 0.00 0.00 100.00 100.00 -1000 1.79 4.77 11.17 -1000 43.18 1.60 980.984
car -1 -1 0.00 0.00 0.00 100.00 100.00 -1000 2.47 8.57 5.75 -1000 43.11 1.68 976.247
car -1 -1 0.00 0.00 0.00 100.00 100.00 -1000 1.73 5.01 4.80 -1000 40.61 0.07 966.367
car -1 -1 0.00 0.00 0.00 100.00 100.00 -1000 1.57 3.70 3.87 -1000 47.13 -0.02 961.773
car -1 -1 0.00 0.00 0.00 100.00 100.00 -1000 1.59 3.84 12.11 -1000 16.42 -0.04 961.761
car -1 -1 0.00 0.00 0.00 100.00 100.00 -1000 2.27 7.68 7.90 -1000 41.74 1.61 959.857
car -1 -1 0.00 0.00 0.00 100.00 100.00 -1000 1.56 3.44 13.19 -1000 41.01 1.53 955.044
car -1 -1 0.00 0.00 0.00 100.00 100.00 -1000 1.62 4.20 13.26 -1000 25.28 -0.10 947.912
car -1 -1 0.00 0.00 0.00 100.00 100.00 -1000 1.68 4.25 -4.74 -1000 46.27 -0.18 946.713
car -1 -1 0.00 0.00 0.00 100.00 100.00 -1000 1.65 4.24 -9.57 -1000 45.04 -0.13 945.950
car -1 -1 0.00 0.00 0.00 100.00 100.00 -1000 1.79 4.86 2.96 -1000 42.06 1.62 944.216
car -1 -1 0.00 0.00 0.00 100.00 100.00 -1000 1.53 3.53 19.04 -1000 44.60 1.64 939.384
car -1 -1 0.00 0.00 0.00 100.00 100.00 -1000 4.67 9.78 8.00 -1000 39.06 -0.27 937.181
car -1 -1 0.00 0.00 0.00 100.00 100.00 -1000 1.63 4.23 11.75 -1000 25.53 -0.07 931.507
car -1 -1 0.00 0.00 0.00 100.00 100.00 -1000 1.67 4.50 2.80 -1000 40.97 -0.01 930.095
car -1 -1 0.00 0.00 0.00 100.00 100.00 -1000 1.53 3.70 17.42 -1000 47.06 1.52 925.916
car -1 -1 0.00 0.00 0.00 100.00 100.00 -1000 1.63 4.12 -11.05 -1000 44.69 -0.14 923.759
car -1 -1 0.00 0.00 0.00 100.00 100.00 -1000 1.49 3.55 13.54 -1000 26.08 1.65 922.875
car -1 -1 0.00 0.00 0.00 100.00 100.00 -1000 1.59 3.80 -6.63 -1000 45.82 -0.21 922.827
car -1 -1 0.00 0.00 0.00 100.00 100.00 -1000 2.00 5.60 7.37 -1000 40.69 1.68 921.873
car -1 -1 0.00 0.00 0.00 100.00 100.00 -1000 2.34 7.31 10.28 -1000 43.76 1.41 919.412
car -1 -1 0.00 0.00 0.00 100.00 100.00 -1000 1.61 3.90 2.33 -1000 47.03 -0.10 913.308
car -1 -1 0.00 0.00 0.00 100.00 100.00 -1000 1.61 3.94 -8.01 -1000 45.43 -0.19 907.277
car -1 -1 0.00 0.00 0.00 100.00 100.00 -1000 2.18 6.35 15.30 -1000 45.47 1.57 907.084
car -1 -1 0.00 0.00 0.00 100.00 100.00 -1000 1.52 3.64 11.63 -1000 26.46 1.58 906.864
car -1 -1 0.00 0.00 0.00 100.00 100.00 -1000 1.62 4.11 -3.30 -1000 46.51 -0.12 899.267
car -1 -1 0.00 0.00 0.00 100.00 100.00 -1000 1.50 3.86 -14.68 -1000 23.45 0.06 894.418
car -1 -1 0.00 0.00 0.00 100.00 100.00 -1000 2.13 6.80 13.71 -1000 43.23 1.59 875.986
car -1 -1 0.00 0.00 0.00 100.00 100.00 -1000 1.58 3.84 -3.25 -1000 40.22 -0.06 873.307
car -1 -1 0.00 0.00 0.00 100.00 100.00 -1000 2.20 7.24 10.31 -1000 42.46 1.46 869.888
car -1 -1 0.00 0.00 0.00 100.00 100.00 -1000 1.41 3.23 10.72 -1000 32.44 1.61 869.707
car -1 -1 0.00 0.00 0.00 100.00 100.00 -1000 1.46 3.43 -14.73 -1000 24.21 1.57 857.141
car -1 -1 0.00 0.00 0.00 100.00 100.00 -1000 1.50 3.37 -9.98 -1000 45.84 1.61 853.833
car -1 -1 0.00 0.00 0.00 100.00 100.00 -1000 1.50 3.66 17.62 -1000 39.76 -0.06 851.313
car -1 -1 0.00 0.00 0.00 100.00 100.00 -1000 1.42 3.33 15.01 -1000 25.71 1.65 848.531
car -1 -1 0.00 0.00 0.00 100.00 100.00 -1000 1.48 3.43 -4.53 -1000 47.14 1.61 847.378
car -1 -1 0.00 0.00 0.00 100.00 100.00 -1000 1.47 3.40 12.45 -1000 17.25 1.64 847.073
car -1 -1 0.00 0.00 0.00 100.00 100.00 -1000 1.47 3.29 -5.92 -1000 46.99 1.59 839.665
car -1 -1 0.00 0.00 0.00 100.00 100.00 -1000 1.59 3.52 18.40 -1000 37.83 0.03 837.849
car -1 -1 0.00 0.00 0.00 100.00 100.00 -1000 1.49 3.56 10.80 -1000 31.34 -0.01 835.835
car -1 -1 0.00 0.00 0.00 100.00 100.00 -1000 1.36 3.05 18.71 -1000 38.94 1.56 835.087
car -1 -1 0.00 0.00 0.00 100.00 100.00 -1000 1.54 3.57 10.52 -1000 25.95 1.56 829.324
car -1 -1 0.00 0.00 0.00 100.00 100.00 -1000 1.54 3.32 0.42 -1000 30.86 1.65 827.369
car -1 -1 0.00 0.00 0.00 100.00 100.00 -1000 1.52 3.27 -11.89 -1000 45.58 1.56 825.866
car -1 -1 0.00 0.00 0.00 100.00 100.00 -1000 2.96 11.70 9.04 -1000 43.03 1.41 821.333
car -1 -1 0.00 0.00 0.00 100.00 100.00 -1000 1.53 3.50 -8.18 -1000 46.31 1.59 820.292
car -1 -1 0.00 0.00 0.00 100.00 100.00 -1000 1.44 3.52 -2.17 -1000 47.36 1.53 817.407
car -1 -1 0.00 0.00 0.00 100.00 100.00 -1000 1.50 3.17 4.85 -1000 47.85 1.59 807.722
car -1 -1 0.00 0.00 0.00 100.00 100.00 -1000 1.45 3.31 17.80 -1000 40.56 1.51 805.992
car -1 -1 0.00 0.00 0.00 100.00 100.00 -1000 1.60 3.81 -9.44 -1000 38.86 -0.05 805.428
car -1 -1 0.00 0.00 0.00 100.00 100.00 -1000 1.43 3.08 4.08 -1000 37.71 1.61 800.677
car -1 -1 0.00 0.00 0.00 100.00 100.00 -1000 1.40 3.38 2.64 -1000 36.58 0.05 798.307
car -1 -1 0.00 0.00 0.00 100.00 100.00 -1000 2.32 8.40 10.48 -1000 46.08 1.47 796.386
car -1 -1 0.00 0.00 0.00 100.00 100.00 -1000 1.59 3.77 -18.36 -1000 38.38 1.66 795.304
car -1 -1 0.00 0.00 0.00 100.00 100.00 -1000 1.57 3.59 13.95 -1000 32.58 1.52 786.549
car -1 -1 0.00 0.00 0.00 100.00 100.00 -1000 1.55 3.77 14.47 -1000 24.87 -0.01 783.832
car -1 -1 0.00 0.00 0.00 100.00 100.00 -1000 1.59 4.16 5.87 -1000 36.15 0.19 770.883
car -1 -1 0.00 0.00 0.00 100.00 100.00 -1000 1.44 3.29 1.77 -1000 47.70 1.60 763.060
car -1 -1 0.00 0.00 0.00 100.00 100.00 -1000 1.51 3.50 -15.09 -1000 30.53 0.07 762.072
car -1 -1 0.00 0.00 0.00 100.00 100.00 -1000 1.57 3.79 1.59 -1000 41.71 1.58 759.454
car -1 -1 0.00 0.00 0.00 100.00 100.00 -1000 1.53 3.21 18.38 -1000 45.17 1.68 758.698
car -1 -1 0.00 0.00 0.00 100.00 100.00 -1000 2.26 4.64 13.90 -1000 40.22 -0.15 755.777
car -1 -1 0.00 0.00 0.00 100.00 100.00 -1000 1.69 4.02 -5.10 -1000 39.84 -0.09 753.964
car -1 -1 0.00 0.00 0.00 100.00 100.00 -1000 1.67 3.93 14.42 -1000 31.68 -0.08 752.724
car -1 -1 0.00 0.00 0.00 100.00 100.00 -1000 2.55 9.09 9.11 -1000 44.59 1.41 733.678
car -1 -1 0.00 0.00 0.00 100.00 100.00 -1000 1.70 4.23 -1.21 -1000 31.10 1.52 727.384
car -1 -1 0.00 0.00 0.00 100.00 100.00 -1000 1.83 4.91 10.97 -1000 41.65 1.51 720.202
car -1 -1 0.00 0.00 0.00 100.00 100.00 -1000 1.47 3.26 -9.27 -1000 39.77 1.61 717.467
car -1 -1 0.00 0.00 0.00 100.00 100.00 -1000 2.07 6.11 14.17 -1000 42.28 1.64 716.100
car -1 -1 0.00 0.00 0.00 100.00 100.00 -1000 1.46 3.46 9.87 -1000 31.93 0.30 715.218
car -1 -1 0.00 0.00 0.00 100.00 100.00 -1000 1.67 4.30 -2.40 -1000 33.18 1.54 707.612
car -1 -1 0.00 0.00 0.00 100.00 100.00 -1000 1.45 3.26 -3.18 -1000 41.28 1.60 706.768
car -1 -1 0.00 0.00 0.00 100.00 100.00 -1000 1.63 3.73 -12.44 -1000 44.23 0.02 701.589
car -1 -1 0.00 0.00 0.00 100.00 100.00 -1000 1.50 3.58 12.67 -1000 32.26 1.60 696.386
car -1 -1 0.00 0.00 0.00 100.00 100.00 -1000 1.47 3.30 2.42 -1000 30.81 1.65 695.418
car -1 -1 0.00 0.00 0.00 100.00 100.00 -1000 1.46 3.24 -4.36 -1000 41.05 1.55 694.328
car -1 -1 0.00 0.00 0.00 100.00 100.00 -1000 1.53 3.84 -3.17 -1000 9.39 -0.11 690.326
car -1 -1 0.00 0.00 0.00 100.00 100.00 -1000 1.55 3.71 -8.13 -1000 39.18 -0.07 687.841
car -1 -1 0.00 0.00 0.00 100.00 100.00 -1000 1.50 3.60 7.61 -1000 36.13 0.28 687.315
car -1 -1 0.00 0.00 0.00 100.00 100.00 -1000 1.47 3.56 -13.90 -1000 31.47 1.52 685.614
car -1 -1 0.00 0.00 0.00 100.00 100.00 -1000 1.71 4.09 4.81 -1000 39.49 1.50 684.845
car -1 -1 0.00 0.00 0.00 100.00 100.00 -1000 1.50 3.52 3.14 -1000 47.80 1.61 683.130
car -1 -1 0.00 0.00 0.00 100.00 100.00 -1000 2.20 7.10 15.70 -1000 43.88 1.47 682.934
car -1 -1 0.00 0.00 0.00 100.00 100.00 -1000 1.49 3.56 -15.78 -1000 31.39 1.60 681.083
car -1 -1 0.00 0.00 0.00 100.00 100.00 -1000 1.48 3.36 2.67 -1000 37.68 1.55 670.408
car -1 -1 0.00 0.00 0.00 100.00 100.00 -1000 1.59 3.60 0.02 -1000 29.93 1.64 651.810
car -1 -1 0.00 0.00 0.00 100.00 100.00 -1000 1.58 3.53 0.08 -1000 47.53 1.53 650.443
car -1 -1 0.00 0.00 0.00 100.00 100.00 -1000 1.76 4.51 9.14 -1000 39.05 1.65 649.423
car -1 -1 0.00 0.00 0.00 100.00 100.00 -1000 1.44 3.19 -5.99 -1000 40.60 1.57 647.328
car -1 -1 0.00 0.00 0.00 100.00 100.00 -1000 1.55 3.76 3.31 -1000 33.94 1.57 646.766
car -1 -1 0.00 0.00 0.00 100.00 100.00 -1000 1.61 3.63 4.36 -1000 36.49 0.02 645.456
car -1 -1 0.00 0.00 0.00 100.00 100.00 -1000 1.41 3.05 -0.68 -1000 41.40 1.58 640.545
car -1 -1 0.00 0.00 0.00 100.00 100.00 -1000 1.52 3.50 3.32 -1000 32.83 0.04 639.324
car -1 -1 0.00 0.00 0.00 100.00 100.00 -1000 1.99 5.43 16.82 -1000 44.86 1.52 635.178
car -1 -1 0.00 0.00 0.00 100.00 100.00 -1000 2.02 6.26 12.52 -1000 44.12 1.40 634.387
car -1 -1 0.00 0.00 0.00 100.00 100.00 -1000 1.62 3.89 9.98 -1000 25.30 0.02 632.111
car -1 -1 0.00 0.00 0.00 100.00 100.00 -1000 1.52 3.58 3.19 -1000 29.73 0.17 631.286
car -1 -1 0.00 0.00 0.00 100.00 100.00 -1000 1.47 3.21 -10.52 -1000 39.19 1.55 629.736
car -1 -1 0.00 0.00 0.00 100.00 100.00 -1000 1.59 3.90 -2.07 -1000 30.44 1.61 624.618
car -1 -1 0.00 0.00 0.00 100.00 100.00 -1000 1.61 3.65 17.71 -1000 46.04 1.59 617.035
car -1 -1 0.00 0.00 0.00 100.00 100.00 -1000 1.68 3.43 7.31 -1000 37.92 1.51 615.726
car -1 -1 0.00 0.00 0.00 100.00 100.00 -1000 1.65 4.06 -6.71 -1000 39.61 -0.12 615.186
car -1 -1 0.00 0.00 0.00 100.00 100.00 -1000 1.70 4.30 -2.14 -1000 32.01 0.11 614.968
car -1 -1 0.00 0.00 0.00 100.00 100.00 -1000 1.51 3.13 -12.46 -1000 44.97 1.48 609.424
car -1 -1 0.00 0.00 0.00 100.00 100.00 -1000 1.45 3.38 -7.69 -1000 40.13 1.54 602.384
car -1 -1 0.00 0.00 0.00 100.00 100.00 -1000 1.44 3.17 -18.34 -1000 32.76 1.54 599.365
car -1 -1 0.00 0.00 0.00 100.00 100.00 -1000 1.51 3.78 0.29 -1000 43.43 1.52 596.946
car -1 -1 0.00 0.00 0.00 100.00 100.00 -1000 1.75 4.74 1.43 -1000 34.02 1.55 593.571
car -1 -1 0.00 0.00 0.00 100.00 100.00 -1000 1.72 4.49 16.43 -1000 41.11 1.56 590.035
car -1 -1 0.00 0.00 0.00 100.00 100.00 -1000 1.44 3.37 -12.50 -1000 38.48 1.57 589.081
car -1 -1 0.00 0.00 0.00 100.00 100.00 -1000 1.51 3.53 1.40 -1000 36.84 0.18 582.677
car -1 -1 0.00 0.00 0.00 100.00 100.00 -1000 1.56 4.01 8.05 -1000 36.99 1.59 573.168
car -1 -1 0.00 0.00 0.00 100.00 100.00 -1000 1.42 3.05 -18.20 -1000 39.08 1.52 565.633
car -1 -1 0.00 0.00 0.00 100.00 100.00 -1000 1.53 3.84 -16.16 -1000 24.53 1.60 555.933
car -1 -1 0.00 0.00 0.00 100.00 100.00 -1000 1.59 3.95 9.15 -1000 36.56 1.57 552.249
car -1 -1 0.00 0.00 0.00 100.00 100.00 -1000 1.53 3.72 0.87 -1000 40.98 0.15 549.967
car -1 -1 0.00 0.00 0.00 100.00 100.00 -1000 1.41 3.31 5.45 -1000 33.67 1.56 548.961
car -1 -1 0.00 0.00 0.00 100.00 100.00 -1000 1.44 3.29 -14.19 -1000 36.99 1.50 548.744
car -1 -1 0.00 0.00 0.00 100.00 100.00 -1000 1.48 3.59 0.29 -1000 41.91 1.52 548.467
car -1 -1 0.00 0.00 0.00 100.00 100.00 -1000 1.92 5.18 15.85 -1000 43.14 1.49 545.574
car -1 -1 0.00 0.00 0.00 100.00 100.00 -1000 1.54 3.75 -10.91 -1000 38.39 0.01 544.543
car -1 -1 0.00 0.00 0.00 100.00 100.00 -1000 2.15 7.22 13.35 -1000 46.11 1.47 541.106
car -1 -1 0.00 0.00 0.00 100.00 100.00 -1000 1.66 3.74 -16.54 -1000 38.60 -0.03 537.191
car -1 -1 0.00 0.00 0.00 100.00 100.00 -1000 1.59 3.14 13.57 -1000 39.53 1.52 528.129
car -1 -1 0.00 0.00 0.00 100.00 100.00 -1000 1.60 4.05 15.45 -1000 32.27 1.67 528.110
car -1 -1 0.00 0.00 0.00 100.00 100.00 -1000 1.56 3.58 -3.36 -1000 35.78 0.00 528.063
car -1 -1 0.00 0.00 0.00 100.00 100.00 -1000 1.63 4.27 -16.82 -1000 33.85 1.59 526.527
car -1 -1 0.00 0.00 0.00 100.00 100.00 -1000 1.63 3.56 -19.57 -1000 37.31 -0.07 523.430
car -1 -1 0.00 0.00 0.00 100.00 100.00 -1000 1.58 3.87 -3.83 -1000 32.10 0.16 519.586
car -1 -1 0.00 0.00 0.00 100.00 100.00 -1000 2.11 4.60 19.23 -1000 43.50 -0.43 519.531
car -1 -1 0.00 0.00 0.00 100.00 100.00 -1000 1.45 3.38 -12.97 -1000 37.32 -0.18 512.705
car -1 -1 0.00 0.00 0.00 100.00 100.00 -1000 1.47 3.29 14.53 -1000 38.51 1.53 512.614
car -1 -1 0.00 0.00 0.00 100.00 100.00 -1000 1.48 3.32 4.91 -1000 30.76 1.60 511.836
car -1 -1 0.00 0.00 0.00 100.00 100.00 -1000 2.03 4.93 6.75 -1000 38.57 -0.24 507.845
car -1 -1 0.00 0.00 0.00 100.00 100.00 -1000 1.60 3.70 5.01 -1000 32.52 0.17 505.105
car -1 -1 0.00 0.00 0.00 100.00 100.00 -1000 1.74 4.72 10.36 -1000 38.57 1.49 504.142
car -1 -1 0.00 0.00 0.00 100.00 100.00 -1000 1.49 3.44 -1.83 -1000 41.06 1.57 502.458
car -1 -1 0.00 0.00 0.00 100.00 100.00 -1000 2.17 6.96 6.97 -1000 44.18 1.34 495.983
car -1 -1 0.00 0.00 0.00 100.00 100.00 -1000 1.43 3.21 -15.53 -1000 46.92 1.53 493.046
car -1 -1 0.00 0.00 0.00 100.00 100.00 -1000 1.62 3.71 -2.56 -1000 45.93 -0.02 492.775
car -1 -1 0.00 0.00 0.00 100.00 100.00 -1000 2.11 6.62 8.59 -1000 45.36 1.35 490.843
car -1 -1 0.00 0.00 0.00 100.00 100.00 -1000 1.65 4.81 -0.91 -1000 33.49 1.54 487.950
car -1 -1 0.00 0.00 0.00 100.00 100.00 -1000 1.51 3.54 -1.96 -1000 35.97 0.17 485.410
car -1 -1 0.00 0.00 0.00 100.00 100.00 -1000 1.47 3.58 11.26 -1000 35.30 1.52 484.945
car -1 -1 0.00 0.00 0.00 100.00 100.00 -1000 1.54 3.80 -16.67 -1000 31.84 1.60 484.024
car -1 -1 0.00 0.00 0.00 100.00 100.00 -1000 1.48 3.42 6.54 -1000 30.45 1.55 483.604
car -1 -1 0.00 0.00 0.00 100.00 100.00 -1000 1.54 3.65 -0.27 -1000 44.23 1.49 482.797
car -1 -1 0.00 0.00 0.00 100.00 100.00 -1000 1.73 4.59 14.97 -1000 26.34 1.60 477.070
car -1 -1 0.00 0.00 0.00 100.00 100.00 -1000 1.55 3.63 14.11 -1000 16.93 1.52 476.521
car -1 -1 0.00 0.00 0.00 100.00 100.00 -1000 1.53 2.67 -3.85 -1000 10.25 1.29 475.960
car -1 -1 0.00 0.00 0.00 100.00 100.00 -1000 1.57 3.67 -8.72 -1000 34.52 0.15 475.417
car -1 -1 0.00 0.00 0.00 100.00 100.00 -1000 1.86 4.96 10.21 -1000 40.85 1.50 472.356
car -1 -1 0.00 0.00 0.00 100.00 100.00 -1000 1.71 4.35 -11.20 -1000 46.23 1.45 468.837
car -1 -1 0.00 0.00 0.00 100.00 100.00 -1000 2.19 6.99 3.31 -1000 43.77 1.39 467.158
car -1 -1 0.00 0.00 0.00 100.00 100.00 -1000 1.56 3.59 -6.01 -1000 35.31 0.08 459.988
car -1 -1 0.00 0.00 0.00 100.00 100.00 -1000 1.69 4.49 4.87 -1000 38.60 1.47 455.710
car -1 -1 0.00 0.00 0.00 100.00 100.00 -1000 1.64 3.87 1.59 -1000 32.81 -0.03 454.000
car -1 -1 0.00 0.00 0.00 100.00 100.00 -1000 1.40 3.10 -7.76 -1000 35.75 1.53 453.569
car -1 -1 0.00 0.00 0.00 100.00 100.00 -1000 1.53 3.72 16.42 -1000 38.94 1.55 452.568
car -1 -1 0.00 0.00 0.00 100.00 100.00 -1000 1.61 3.63 -4.78 -1000 35.67 0.08 448.924
car -1 -1 0.00 0.00 0.00 100.00 100.00 -1000 1.46 3.47 -16.09 -1000 39.82 1.59 446.404
car -1 -1 0.00 0.00 0.00 100.00 100.00 -1000 1.53 3.47 4.92 -1000 37.22 1.53 443.249
car -1 -1 0.00 0.00 0.00 100.00 100.00 -1000 1.51 3.71 3.72 -1000 30.51 1.60 442.839
car -1 -1 0.00 0.00 0.00 100.00 100.00 -1000 1.66 4.19 16.35 -1000 25.40 1.64 438.871
car -1 -1 0.00 0.00 0.00 100.00 100.00 -1000 1.59 3.74 -14.17 -1000 46.42 1.60 438.227
car -1 -1 0.00 0.00 0.00 100.00 100.00 -1000 1.55 3.73 4.66 -1000 29.64 0.21 436.825
car -1 -1 0.00 0.00 0.00 100.00 100.00 -1000 1.43 3.26 -4.60 -1000 36.57 1.55 430.315
car -1 -1 0.00 0.00 0.00 100.00 100.00 -1000 1.74 5.23 4.37 -1000 44.45 1.46 426.128
car -1 -1 0.00 0.00 0.00 100.00 100.00 -1000 2.17 7.03 11.93 -1000 45.39 1.39 424.493
car -1 -1 0.00 0.00 0.00 100.00 100.00 -1000 2.04 5.42 9.50 -1000 39.89 1.58 419.742
car -1 -1 0.00 0.00 0.00 100.00 100.00 -1000 1.69 4.02 -14.26 -1000 45.59 1.51 418.241
car -1 -1 0.00 0.00 0.00 100.00 100.00 -1000 1.65 4.01 0.48 -1000 46.82 -0.02 417.149
car -1 -1 0.00 0.00 0.00 100.00 100.00 -1000 1.93 5.54 2.23 -1000 43.00 1.40 415.089
car -1 -1 0.00 0.00 0.00 100.00 100.00 -1000 1.52 3.29 -0.64 -1000 42.61 0.08 409.188
car -1 -1 0.00 0.00 0.00 100.00 100.00 -1000 1.99 6.07 16.00 -1000 46.40 1.32 406.599
car -1 -1 0.00 0.00 0.00 100.00 100.00 -1000 1.45 3.47 -2.85 -1000 36.87 1.50 405.951
car -1 -1 0.00 0.00 0.00 100.00 100.00 -1000 1.66 4.31 13.45 -1000 26.80 1.58 404.301
car -1 -1 0.00 0.00 0.00 100.00 100.00 -1000 1.58 3.97 -14.03 -1000 38.66 1.58 403.843
car -1 -1 0.00 0.00 0.00 100.00 100.00 -1000 1.49 3.47 -13.76 -1000 36.27 1.62 403.810
car -1 -1 0.00 0.00 0.00 100.00 100.00 -1000 1.52 3.58 -4.26 -1000 32.86 1.48 403.222
car -1 -1 0.00 0.00 0.00 100.00 100.00 -1000 1.51 3.90 8.57 -1000 30.37 1.55 401.789
car -1 -1 0.00 0.00 0.00 100.00 100.00 -1000 1.74 4.46 15.65 -1000 31.10 1.62 401.665
car -1 -1 0.00 0.00 0.00 100.00 100.00 -1000 1.67 4.30 12.96 -1000 35.30 1.44 401.422
car -1 -1 0.00 0.00 0.00 100.00 100.00 -1000 1.43 3.42 8.72 -1000 35.75 0.11 399.880
car -1 -1 0.00 0.00 0.00 100.00 100.00 -1000 1.49 3.50 8.38 -1000 33.28 1.56 398.711
car -1 -1 0.00 0.00 0.00 100.00 100.00 -1000 1.63 3.71 -17.94 -1000 31.59 -0.15 398.146
car -1 -1 0.00 0.00 0.00 100.00 100.00 -1000 1.74 4.90 11.09 -1000 17.56 1.46 397.687
car -1 -1 0.00 0.00 0.00 100.00 100.00 -1000 1.71 4.38 11.45 -1000 24.73 1.57 391.501
car -1 -1 0.00 0.00 0.00 100.00 100.00 -1000 1.89 5.61 -1.27 -1000 32.63 1.62 390.236
car -1 -1 0.00 0.00 0.00 100.00 100.00 -1000 1.81 5.33 9.14 -1000 46.64 1.48 388.180
car -1 -1 0.00 0.00 0.00 100.00 100.00 -1000 1.44 3.40 -7.63 -1000 34.89 -0.02 386.828
car -1 -1 0.00 0.00 0.00 100.00 100.00 -1000 1.57 3.90 -13.48 -1000 30.72 1.62 386.491
car -1 -1 0.00 0.00 0.00 100.00 100.00 -1000 1.64 4.12 -15.83 -1000 23.10 0.16 386.373
car -1 -1 0.00 0.00 0.00 100.00 100.00 -1000 1.48 3.34 -5.94 -1000 32.50 1.49 385.765
car -1 -1 0.00 0.00 0.00 100.00 100.00 -1000 1.71 4.29 3.09 -1000 39.96 1.43 385.523
car -1 -1 0.00 0.00 0.00 100.00 100.00 -1000 1.65 3.87 -13.00 -1000 45.96 1.47 384.865
car -1 -1 0.00 0.00 0.00 100.00 100.00 -1000 4.34 7.58 20.53 -1000 43.36 -0.38 384.851
car -1 -1 0.00 0.00 0.00 100.00 100.00 -1000 1.47 3.14 -17.71 -1000 24.27 1.64 381.650
car -1 -1 0.00 0.00 0.00 100.00 100.00 -1000 1.49 3.39 5.84 -1000 47.36 1.67 381.075
car -1 -1 0.00 0.00 0.00 100.00 100.00 -1000 1.46 3.39 -6.05 -1000 36.17 1.50 378.213
car -1 -1 0.00 0.00 0.00 100.00 100.00 -1000 1.81 4.63 15.53 -1000 40.41 1.60 370.685
car -1 -1 0.00 0.00 0.00 100.00 100.00 -1000 1.57 3.90 -4.20 -1000 29.98 1.57 369.104
car -1 -1 0.00 0.00 0.00 100.00 100.00 -1000 1.34 2.72 18.47 -1000 41.04 1.54 364.748
car -1 -1 0.00 0.00 0.00 100.00 100.00 -1000 1.52 3.49 -14.42 -1000 35.66 -0.13 360.396
car -1 -1 0.00 0.00 0.00 100.00 100.00 -1000 1.50 3.32 13.51 -1000 16.23 1.66 359.352
car -1 -1 0.00 0.00 0.00 100.00 100.00 -1000 1.51 3.66 16.42 -1000 41.99 1.47 359.093
car -1 -1 0.00 0.00 0.00 100.00 100.00 -1000 1.49 3.85 -14.31 -1000 47.52 1.61 357.591
car -1 -1 0.00 0.00 0.00 100.00 100.00 -1000 1.51 3.69 -1.20 -1000 37.34 1.54 356.998
car -1 -1 0.00 0.00 0.00 100.00 100.00 -1000 1.81 5.36 18.37 -1000 31.65 1.59 356.533
car -1 -1 0.00 0.00 0.00 100.00 100.00 -1000 1.51 3.62 -0.73 -1000 35.34 0.18 355.703
car -1 -1 0.00 0.00 0.00 100.00 100.00 -1000 1.67 3.73 4.97 -1000 45.95 1.50 352.641
car -1 -1 0.00 0.00 0.00 100.00 100.00 -1000 1.64 4.03 -15.39 -1000 39.14 1.66 350.779
car -1 -1 0.00 0.00 0.00 100.00 100.00 -1000 1.64 3.96 11.36 -1000 15.86 1.45 348.852
car -1 -1 0.00 0.00 0.00 100.00 100.00 -1000 1.52 3.99 -17.25 -1000 24.93 1.63 346.289
car -1 -1 0.00 0.00 0.00 100.00 100.00 -1000 1.49 3.46 -15.11 -1000 19.27 1.49 346.037
car -1 -1 0.00 0.00 0.00 100.00 100.00 -1000 1.42 2.98 -13.53 -1000 21.31 1.55 343.089
car -1 -1 0.00 0.00 0.00 100.00 100.00 -1000 1.40 3.34 -18.91 -1000 32.18 0.17 337.991
car -1 -1 0.00 0.00 0.00 100.00 100.00 -1000 1.47 3.33 -8.86 -1000 35.37 1.46 337.276
car -1 -1 0.00 0.00 0.00 100.00 100.00 -1000 1.60 3.97 12.28 -1000 31.46 0.04 336.685
car -1 -1 0.00 0.00 0.00 100.00 100.00 -1000 1.49 3.42 -7.73 -1000 43.42 1.53 336.424
car -1 -1 0.00 0.00 0.00 100.00 100.00 -1000 1.88 5.11 2.47 -1000 31.73 1.61 333.591
car -1 -1 0.00 0.00 0.00 100.00 100.00 -1000 1.62 4.41 -16.20 -1000 34.61 1.54 332.341
car -1 -1 0.00 0.00 0.00 100.00 100.00 -1000 1.42 3.07 -14.48 -1000 28.93 1.53 332.048
car -1 -1 0.00 0.00 0.00 100.00 100.00 -1000 1.77 4.46 13.24 -1000 14.83 1.58 331.513
car -1 -1 0.00 0.00 0.00 100.00 100.00 -1000 1.82 5.50 18.19 -1000 24.48 1.51 329.756
car -1 -1 0.00 0.00 0.00 100.00 100.00 -1000 1.45 3.44 6.47 -1000 32.46 0.15 327.775
car -1 -1 0.00 0.00 0.00 100.00 100.00 -1000 1.60 4.38 10.29 -1000 26.86 1.60 326.154
car -1 -1 0.00 0.00 0.00 100.00 100.00 -1000 1.65 3.63 -6.18 -1000 44.28 1.53 324.381
car -1 -1 0.00 0.00 0.00 100.00 100.00 -1000 1.53 3.41 -7.43 -1000 31.27 0.18 324.075
car -1 -1 0.00 0.00 0.00 100.00 100.00 -1000 1.65 3.97 8.39 -1000 38.31 1.58 318.782
car -1 -1 0.00 0.00 0.00 100.00 100.00 -1000 1.70 4.27 13.75 -1000 24.25 1.55 317.939
car -1 -1 0.00 0.00 0.00 100.00 100.00 -1000 1.67 3.97 -5.50 -1000 45.25 1.62 316.966
car -1 -1 0.00 0.00 0.00 100.00 100.00 -1000 1.57 3.65 -1.72 -1000 46.65 1.66 316.353
car -1 -1 0.00 0.00 0.00 100.00 100.00 -1000 1.60 4.19 -13.10 -1000 32.10 1.58 315.560
car -1 -1 0.00 0.00 0.00 100.00 100.00 -1000 1.85 5.10 12.96 -1000 33.35 1.56 314.085
car -1 -1 0.00 0.00 0.00 100.00 100.00 -1000 1.60 4.09 -15.06 -1000 36.53 1.45 313.761
car -1 -1 0.00 0.00 0.00 100.00 100.00 -1000 1.74 4.74 -13.90 -1000 44.68 1.45 313.674
car -1 -1 0.00 0.00 0.00 100.00 100.00 -1000 1.44 3.58 16.54 -1000 47.66 0.13 312.601
car -1 -1 0.00 0.00 0.00 100.00 100.00 -1000 1.66 4.09 11.68 -1000 29.67 1.52 310.304
car -1 -1 0.00 0.00 0.00 100.00 100.00 -1000 1.51 3.59 -16.45 -1000 46.27 0.28 308.453
car -1 -1 0.00 0.00 0.00 100.00 100.00 -1000 2.02 6.73 11.18 -1000 47.01 1.57 308.313
car -1 -1 0.00 0.00 0.00 100.00 100.00 -1000 2.02 5.77 -6.20 -1000 47.35 1.45 306.579
car -1 -1 0.00 0.00 0.00 100.00 100.00 -1000 1.64 4.14 -16.74 -1000 32.71 1.65 305.157
car -1 -1 0.00 0.00 0.00 100.00 100.00 -1000 1.68 4.55 -13.40 -1000 24.92 1.54 304.419
car -1 -1 0.00 0.00 0.00 100.00 100.00 -1000 1.60 4.01 1.71 -1000 29.84 0.18 303.857
car -1 -1 0.00 0.00 0.00 100.00 100.00 -1000 1.59 3.93 10.31 -1000 35.86 1.56 300.066
car -1 -1 0.00 0.00 0.00 100.00 100.00 -1000 1.52 3.63 -13.12 -1000 34.21 1.58 298.881
car -1 -1 0.00 0.00 0.00 100.00 100.00 -1000 1.65 4.15 5.00 -1000 28.42 1.56 297.099
car -1 -1 0.00 0.00 0.00 100.00 100.00 -1000 1.43 3.47 -5.87 -1000 31.67 0.08 296.085
car -1 -1 0.00 0.00 0.00 100.00 100.00 -1000 1.43 3.24 12.02 -1000 38.16 1.32 295.366
car -1 -1 0.00 0.00 0.00 100.00 100.00 -1000 1.69 4.28 15.86 -1000 24.23 1.58 295.115
car -1 -1 0.00 0.00 0.00 100.00 100.00 -1000 1.51 3.41 -15.95 -1000 28.55 1.55 293.941
car -1 -1 0.00 0.00 0.00 100.00 100.00 -1000 1.60 3.98 -12.38 -1000 41.87 1.51 291.486
car -1 -1 0.00 0.00 0.00 100.00 100.00 -1000 1.56 3.48 0.41 -1000 29.00 1.53 290.590
car -1 -1 0.00 0.00 0.00 100.00 100.00 -1000 1.51 3.28 -9.46 -1000 43.55 1.48 290.472
car -1 -1 0.00 0.00 0.00 100.00 100.00 -1000 1.39 3.29 -11.57 -1000 42.57 1.55 290.307
car -1 -1 0.00 0.00 0.00 100.00 100.00 -1000 1.72 4.00 -11.50 -1000 43.55 1.57 289.856
car -1 -1 0.00 0.00 0.00 100.00 100.00 -1000 1.73 4.31 -12.12 -1000 31.37 1.58 288.163
car -1 -1 0.00 0.00 0.00 100.00 100.00 -1000 1.71 4.48 5.90 -1000 45.36 1.53 287.847
car -1 -1 0.00 0.00 0.00 100.00 100.00 -1000 1.83 4.82 15.39 -1000 15.73 1.40 285.783
car -1 -1 0.00 0.00 0.00 100.00 100.00 -1000 1.62 4.19 16.53 -1000 37.03 1.55 284.482
car -1 -1 0.00 0.00 0.00 100.00 100.00 -1000 1.77 4.16 -7.99 -1000 44.41 1.60 283.361
car -1 -1 0.00 0.00 0.00 100.00 100.00 -1000 1.50 3.70 15.56 -1000 30.14 1.48 281.914
car -1 -1 0.00 0.00 0.00 100.00 100.00 -1000 1.43 3.40 8.22 -1000 32.34 0.17 281.299
car -1 -1 0.00 0.00 0.00 100.00 100.00 -1000 1.64 4.19 -17.72 -1000 26.94 1.59 281.112
car -1 -1 0.00 0.00 0.00 100.00 100.00 -1000 1.55 3.41 -17.04 -1000 30.66 1.53 279.710
car -1 -1 0.00 0.00 0.00 100.00 100.00 -1000 1.60 4.17 -5.76 -1000 29.57 1.55 279.593
car -1 -1 0.00 0.00 0.00 100.00 100.00 -1000 1.59 4.17 6.96 -1000 34.04 1.47 278.028
car -1 -1 0.00 0.00 0.00 100.00 100.00 -1000 1.66 4.13 15.70 -1000 23.26 1.56 277.394
car -1 -1 0.00 0.00 0.00 100.00 100.00 -1000 1.57 3.47 -2.23 -1000 45.18 1.45 275.762
car -1 -1 0.00 0.00 0.00 100.00 100.00 -1000 1.52 3.70 -7.33 -1000 32.06 1.47 274.944
car -1 -1 0.00 0.00 0.00 100.00 100.00 -1000 1.76 4.84 -2.53 -1000 34.52 1.55 272.189
car -1 -1 0.00 0.00 0.00 100.00 100.00 -1000 1.62 4.32 -15.31 -1000 44.99 1.57 271.790
car -1 -1 0.00 0.00 0.00 100.00 100.00 -1000 1.66 4.17 -13.58 -1000 22.52 1.65 267.232
car -1 -1 0.00 0.00 0.00 100.00 100.00 -1000 1.59 3.80 -10.68 -1000 34.91 1.45 265.244
car -1 -1 0.00 0.00 0.00 100.00 100.00 -1000 1.51 3.55 -18.46 -1000 25.73 1.46 264.811
car -1 -1 0.00 0.00 0.00 100.00 100.00 -1000 1.68 4.39 -14.29 -1000 26.14 1.54 262.149
car -1 -1 0.00 0.00 0.00 100.00 100.00 -1000 1.55 4.04 4.26 -1000 33.27 1.61 259.566
car -1 -1 0.00 0.00 0.00 100.00 100.00 -1000 1.71 4.29 -13.17 -1000 29.44 1.58 259.123
car -1 -1 0.00 0.00 0.00 100.00 100.00 -1000 1.45 3.71 -2.51 -1000 29.28 0.15 258.403
car -1 -1 0.00 0.00 0.00 100.00 100.00 -1000 1.45 3.49 2.68 -1000 45.55 1.47 257.395
car -1 -1 0.00 0.00 0.00 100.00 100.00 -1000 1.66 4.42 9.46 -1000 32.84 1.60 257.139
car -1 -1 0.00 0.00 0.00 100.00 100.00 -1000 1.86 5.26 16.81 -1000 30.62 1.43 255.849
car -1 -1 0.00 0.00 0.00 100.00 100.00 -1000 1.69 4.63 6.79 -1000 28.04 1.56 255.350
car -1 -1 0.00 0.00 0.00 100.00 100.00 -1000 1.66 4.73 13.63 -1000 30.10 1.51 252.719
car -1 -1 0.00 0.00 0.00 100.00 100.00 -1000 1.60 3.71 -4.47 -1000 44.64 1.53 252.616
car -1 -1 0.00 0.00 0.00 100.00 100.00 -1000 1.63 4.56 -1.93 -1000 41.70 1.46 251.062
car -1 -1 0.00 0.00 0.00 100.00 100.00 -1000 1.76 4.99 14.76 -1000 17.54 1.40 249.765
car -1 -1 0.00 0.00 0.00 100.00 100.00 -1000 1.33 3.21 -14.28 -1000 20.87 1.61 246.814
car -1 -1 0.00 0.00 0.00 100.00 100.00 -1000 1.59 3.54 -17.21 -1000 23.47 1.61 246.671
car -1 -1 0.00 0.00 0.00 100.00 100.00 -1000 1.34 3.20 12.70 -1000 38.73 1.39 245.723
car -1 -1 0.00 0.00 0.00 100.00 100.00 -1000 1.82 5.17 11.11 -1000 37.04 1.45 245.240
car -1 -1 0.00 0.00 0.00 100.00 100.00 -1000 1.73 4.18 -18.58 -1000 36.70 1.62 244.669
car -1 -1 0.00 0.00 0.00 100.00 100.00 -1000 1.55 3.87 -1.62 -1000 40.06 0.09 244.208
