car -1 -1 0.00 0.00 0.00 100.00 100.00 -1000 1.64 3.85 -12.81 -1000 41.90 1.56 995.393
car -1 -1 0.00 0.00 0.00 100.00 100.00 -1000 1.75 4.61 10.54 -1000 42.79 1.56 995.017
car -1 -1 0.00 0.00 0.00 100.00 100.00 -1000 1.68 4.43 10.08 -1000 41.71 -0.19 981.725
car -1 -1 0.00 0.00 0.00 100.00 100.00 -1000 1.65 4.28 -3.73 -1000 40.81 1.56 981.414
car -1 -1 0.00 0.00 0.00 100.00 100.00 -1000 1.64 3.86 -15.66 -1000 24.66 1.58 980.478
car -1 -1 0.00 0.00 0.00 100.00 100.00 -1000 1.48 3.63 -13.65 -1000 35.94 1.56 980.202
car -1 -1 0.00 0.00 0.00 100.00 100.00 -1000 1.67 4.00 9.31 -1000 42.38 1.56 974.570
car -1 -1 0.00 0.00 0.00 100.00 100.00 -1000 1.78 4.88 3.45 -1000 45.10 -0.11 971.581
car -1 -1 0.00 0.00 0.00 100.00 100.00 -1000 1.72 4.56 0.97 -1000 39.16 -0.04 971.270
car -1 -1 0.00 0.00 0.00 100.00 100.00 -1000 1.85 5.04 0.30 -1000 44.77 -0.04 969.688
car -1 -1 0.00 0.00 0.00 100.00 100.00 -1000 1.71 4.53 -2.47 -1000 46.17 1.64 969.642
car -1 -1 0.00 0.00 0.00 100.00 100.00 -1000 1.59 3.87 -13.79 -1000 31.86 1.61 961.134
car -1 -1 0.00 0.00 0.00 100.00 100.00 -1000 1.56 4.29 -1.18 -1000 38.85 0.22 959.668
car -1 -1 0.00 0.00 0.00 100.00 100.00 -1000 1.58 4.10 -11.75 -1000 44.18 1.52 956.805
car -1 -1 0.00 0.00 0.00 100.00 100.00 -1000 1.64 4.10 -12.33 -1000 42.60 1.59 954.379
car -1 -1 0.00 0.00 0.00 100.00 100.00 -1000 1.13 3.40 18.60 -1000 37.72 0.82 950.836
car -1 -1 0.00 0.00 0.00 100.00 100.00 -1000 1.48 3.93 -12.68 -1000 41.06 -0.25 949.858
car -1 -1 0.00 0.00 0.00 100.00 100.00 -1000 1.61 3.84 0.17 -1000 45.73 1.60 947.113
car -1 -1 0.00 0.00 0.00 100.00 100.00 -1000 1.58 3.76 1.70 -1000 45.78 1.60 943.609
car -1 -1 0.00 0.00 0.00 100.00 100.00 -1000 1.76 4.41 -15.85 -1000 23.67 -0.22 943.328
car -1 -1 0.00 0.00 0.00 100.00 100.00 -1000 1.67 4.09 3.19 -1000 46.05 1.63 937.790
car -1 -1 0.00 0.00 0.00 100.00 100.00 -1000 1.52 3.71 -14.01 -1000 28.73 1.61 933.541
car -1 -1 0.00 0.00 0.00 100.00 100.00 -1000 1.54 3.51 -14.41 -1000 32.90 1.58 933.454
car -1 -1 0.00 0.00 0.00 100.00 100.00 -1000 1.55 3.67 4.56 -1000 45.81 1.58 932.531
car -1 -1 0.00 0.00 0.00 100.00 100.00 -1000 1.72 4.63 -2.18 -1000 45.18 0.10 932.121
car -1 -1 0.00 0.00 0.00 100.00 100.00 -1000 1.65 4.15 -15.40 -1000 25.71 1.52 928.716
car -1 -1 0.00 0.00 0.00 100.00 100.00 -1000 1.39 3.54 18.27 -1000 29.17 -0.04 925.525
car -1 -1 0.00 0.00 0.00 100.00 100.00 -1000 1.84 5.03 13.76 -1000 45.40 1.65 920.463
car -1 -1 0.00 0.00 0.00 100.00 100.00 -1000 1.33 3.54 19.35 -1000 44.99 0.27 917.817
car -1 -1 0.00 0.00 0.00 100.00 100.00 -1000 1.68 4.31 2.81 -1000 39.43 0.02 915.137
car -1 -1 0.00 0.00 0.00 100.00 100.00 -1000 1.57 3.58 -0.05 -1000 40.05 1.60 914.979
car -1 -1 0.00 0.00 0.00 100.00 100.00 -1000 1.11 4.07 -9.07 -1000 30.43 0.76 913.233
car -1 -1 0.00 0.00 0.00 100.00 100.00 -1000 1.36 3.69 16.55 -1000 24.47 0.51 912.483
car -1 -1 0.00 0.00 0.00 100.00 100.00 -1000 1.57 3.70 8.40 -1000 16.37 1.64 908.449
car -1 -1 0.00 0.00 0.00 100.00 100.00 -1000 1.31 3.76 -3.05 -1000 34.83 0.50 908.099
car -1 -1 0.00 0.00 0.00 100.00 100.00 -1000 1.50 3.62 -10.97 -1000 47.03 0.41 902.500
car -1 -1 0.00 0.00 0.00 100.00 100.00 -1000 1.72 4.42 6.28 -1000 39.89 -0.03 899.310
car -1 -1 0.00 0.00 0.00 100.00 100.00 -1000 1.49 3.66 10.71 -1000 36.54 1.59 898.183
car -1 -1 0.00 0.00 0.00 100.00 100.00 -1000 1.67 4.17 6.80 -1000 35.73 0.06 897.530
car -1 -1 0.00 0.00 0.00 100.00 100.00 -1000 1.17 3.58 17.53 -1000 38.23 0.56 895.944
car -1 -1 0.00 0.00 0.00 100.00 100.00 -1000 1.86 4.27 -18.93 -1000 44.68 -0.17 892.975
car -1 -1 0.00 0.00 0.00 100.00 100.00 -1000 1.64 3.96 -18.70 -1000 45.84 1.69 892.255
car -1 -1 0.00 0.00 0.00 100.00 100.00 -1000 1.58 3.94 8.09 -1000 46.16 1.62 888.253
car -1 -1 0.00 0.00 0.00 100.00 100.00 -1000 1.59 3.68 -13.28 -1000 36.69 1.65 887.945
car -1 -1 0.00 0.00 0.00 100.00 100.00 -1000 1.68 3.96 5.74 -1000 46.13 1.60 886.600
car -1 -1 0.00 0.00 0.00 100.00 100.00 -1000 1.50 3.55 1.57 -1000 40.14 1.59 881.884
car -1 -1 0.00 0.00 0.00 100.00 100.00 -1000 1.56 4.02 9.42 -1000 30.92 0.10 880.291
car -1 -1 0.00 0.00 0.00 100.00 100.00 -1000 1.53 3.50 6.46 -1000 40.90 1.59 879.923
car -1 -1 0.00 0.00 0.00 100.00 100.00 -1000 1.76 4.29 -11.72 -1000 43.32 1.70 875.892
car -1 -1 0.00 0.00 0.00 100.00 100.00 -1000 1.95 4.60 -3.13 -1000 39.79 -0.17 871.494
car -1 -1 0.00 0.00 0.00 100.00 100.00 -1000 2.04 5.55 7.98 -1000 45.12 -0.05 871.301
car -1 -1 0.00 0.00 0.00 100.00 100.00 -1000 1.63 4.06 11.95 -1000 42.35 1.72 870.064
car -1 -1 0.00 0.00 0.00 100.00 100.00 -1000 1.52 3.46 -11.63 -1000 46.43 1.58 862.731
car -1 -1 0.00 0.00 0.00 100.00 100.00 -1000 1.45 3.30 17.64 -1000 30.13 1.57 862.456
car -1 -1 0.00 0.00 0.00 100.00 100.00 -1000 1.57 4.15 -13.99 -1000 35.02 -0.07 861.890
car -1 -1 0.00 0.00 0.00 100.00 100.00 -1000 1.06 4.07 -8.64 -1000 34.06 0.85 856.914
car -1 -1 0.00 0.00 0.00 100.00 100.00 -1000 1.73 4.45 -10.03 -1000 44.20 1.56 855.069
car -1 -1 0.00 0.00 0.00 100.00 100.00 -1000 1.53 3.69 17.68 -1000 23.97 -0.32 854.931
car -1 -1 0.00 0.00 0.00 100.00 100.00 -1000 1.64 4.04 8.18 -1000 35.30 0.07 852.903
car -1 -1 0.00 0.00 0.00 100.00 100.00 -1000 1.46 3.45 18.61 -1000 45.86 1.55 852.233
car -1 -1 0.00 0.00 0.00 100.00 100.00 -1000 1.54 3.46 3.43 -1000 40.44 1.59 850.330
car -1 -1 0.00 0.00 0.00 100.00 100.00 -1000 1.59 3.99 -1.53 -1000 40.27 1.64 842.943
car -1 -1 0.00 0.00 0.00 100.00 100.00 -1000 1.21 3.33 16.59 -1000 21.62 0.64 837.733
car -1 -1 0.00 0.00 0.00 100.00 100.00 -1000 2.00 5.83 9.62 -1000 43.60 1.59 836.798
car -1 -1 0.00 0.00 0.00 100.00 100.00 -1000 1.54 3.69 8.49 -1000 36.18 1.56 831.501
car -1 -1 0.00 0.00 0.00 100.00 100.00 -1000 1.42 3.35 11.52 -1000 35.41 1.66 828.249
car -1 -1 0.00 0.00 0.00 100.00 100.00 -1000 1.74 4.16 -6.59 -1000 44.98 1.45 823.269
car -1 -1 0.00 0.00 0.00 100.00 100.00 -1000 1.50 3.39 5.22 -1000 40.70 1.60 815.297
car -1 -1 0.00 0.00 0.00 100.00 100.00 -1000 1.63 4.13 16.51 -1000 20.65 1.58 814.646
car -1 -1 0.00 0.00 0.00 100.00 100.00 -1000 1.25 4.28 -10.64 -1000 33.57 0.38 809.562
car -1 -1 0.00 0.00 0.00 100.00 100.00 -1000 1.61 3.93 -13.40 -1000 39.99 1.56 806.500
car -1 -1 0.00 0.00 0.00 100.00 100.00 -1000 1.72 4.03 -14.76 -1000 31.39 0.08 805.495
car -1 -1 0.00 0.00 0.00 100.00 100.00 -1000 1.39 3.34 18.33 -1000 26.84 -0.34 801.244
car -1 -1 0.00 0.00 0.00 100.00 100.00 -1000 1.64 4.20 -11.91 -1000 45.06 1.58 796.100
car -1 -1 0.00 0.00 0.00 100.00 100.00 -1000 1.66 4.30 -14.01 -1000 27.92 1.67 794.060
car -1 -1 0.00 0.00 0.00 100.00 100.00 -1000 1.46 3.29 -4.85 -1000 45.52 1.61 791.821
car -1 -1 0.00 0.00 0.00 100.00 100.00 -1000 1.48 3.62 7.22 -1000 36.53 1.63 790.973
car -1 -1 0.00 0.00 0.00 100.00 100.00 -1000 1.75 4.18 8.64 -1000 15.46 -0.14 786.601
car -1 -1 0.00 0.00 0.00 100.00 100.00 -1000 1.68 4.00 3.22 -1000 35.42 0.06 785.948
car -1 -1 0.00 0.00 0.00 100.00 100.00 -1000 1.51 3.51 17.48 -1000 34.98 1.55 777.565
car -1 -1 0.00 0.00 0.00 100.00 100.00 -1000 1.30 3.90 15.86 -1000 38.89 0.42 773.671
car -1 -1 0.00 0.00 0.00 100.00 100.00 -1000 1.84 4.79 -16.89 -1000 44.70 1.64 771.851
car -1 -1 0.00 0.00 0.00 100.00 100.00 -1000 1.79 4.58 8.59 -1000 41.01 -0.20 771.416
car -1 -1 0.00 0.00 0.00 100.00 100.00 -1000 1.61 3.65 -5.23 -1000 39.95 1.55 768.531
car -1 -1 0.00 0.00 0.00 100.00 100.00 -1000 1.38 3.71 18.70 -1000 43.56 1.58 766.529
car -1 -1 0.00 0.00 0.00 100.00 100.00 -1000 1.83 4.98 5.58 -1000 44.98 -0.08 764.582
car -1 -1 0.00 0.00 0.00 100.00 100.00 -1000 1.65 4.09 -15.20 -1000 27.01 1.51 756.699
car -1 -1 0.00 0.00 0.00 100.00 100.00 -1000 1.67 4.03 4.82 -1000 35.66 -0.03 754.058
car -1 -1 0.00 0.00 0.00 100.00 100.00 -1000 1.80 4.74 -6.83 -1000 44.14 -0.05 753.262
car -1 -1 0.00 0.00 0.00 100.00 100.00 -1000 1.73 4.49 -17.56 -1000 46.31 1.64 752.217
car -1 -1 0.00 0.00 0.00 100.00 100.00 -1000 1.47 3.54 9.42 -1000 31.69 1.60 751.282
car -1 -1 0.00 0.00 0.00 100.00 100.00 -1000 1.53 3.85 -14.06 -1000 30.67 -0.01 748.997
car -1 -1 0.00 0.00 0.00 100.00 100.00 -1000 1.47 3.40 13.60 -1000 40.54 1.58 748.594
car -1 -1 0.00 0.00 0.00 100.00 100.00 -1000 1.62 4.03 -18.69 -1000 36.70 1.65 748.450
car -1 -1 0.00 0.00 0.00 100.00 100.00 -1000 1.61 3.93 16.11 -1000 19.49 1.73 747.096
car -1 -1 0.00 0.00 0.00 100.00 100.00 -1000 1.45 3.23 5.19 -1000 36.56 1.60 746.214
car -1 -1 0.00 0.00 0.00 100.00 100.00 -1000 1.79 3.98 12.90 -1000 47.07 -0.13 743.991
car -1 -1 0.00 0.00 0.00 100.00 100.00 -1000 1.51 3.65 0.69 -1000 35.06 0.12 733.731
car -1 -1 0.00 0.00 0.00 100.00 100.00 -1000 1.49 3.32 3.71 -1000 36.42 1.56 733.450
car -1 -1 0.00 0.00 0.00 100.00 100.00 -1000 1.81 4.93 -12.92 -1000 32.63 1.82 730.506
car -1 -1 0.00 0.00 0.00 100.00 100.00 -1000 1.60 3.79 -9.54 -1000 38.87 1.54 725.715
car -1 -1 0.00 0.00 0.00 100.00 100.00 -1000 1.51 3.67 -19.14 -1000 33.72 1.59 719.088
car -1 -1 0.00 0.00 0.00 100.00 100.00 -1000 1.56 3.83 -3.67 -1000 35.57 1.61 703.576
car -1 -1 0.00 0.00 0.00 100.00 100.00 -1000 2.02 5.92 12.64 -1000 42.98 1.69 699.672
car -1 -1 0.00 0.00 0.00 100.00 100.00 -1000 1.70 4.56 13.09 -1000 41.84 1.60 697.460
car -1 -1 0.00 0.00 0.00 100.00 100.00 -1000 1.55 3.59 18.15 -1000 36.52 -0.16 694.394
car -1 -1 0.00 0.00 0.00 100.00 100.00 -1000 1.70 4.06 -7.84 -1000 39.29 1.45 692.553
car -1 -1 0.00 0.00 0.00 100.00 100.00 -1000 2.14 5.67 -8.89 -1000 34.09 1.80 690.094
car -1 -1 0.00 0.00 0.00 100.00 100.00 -1000 1.73 4.58 9.86 -1000 35.57 -0.02 688.896
car -1 -1 0.00 0.00 0.00 100.00 100.00 -1000 1.51 3.58 16.18 -1000 32.46 0.24 685.566
car -1 -1 0.00 0.00 0.00 100.00 100.00 -1000 1.56 3.71 17.98 -1000 28.36 -0.30 684.145
car -1 -1 0.00 0.00 0.00 100.00 100.00 -1000 1.67 4.12 -17.45 -1000 43.96 1.61 675.906
car -1 -1 0.00 0.00 0.00 100.00 100.00 -1000 1.69 4.42 -13.98 -1000 33.74 1.57 657.902
car -1 -1 0.00 0.00 0.00 100.00 100.00 -1000 1.50 3.79 -10.85 -1000 38.61 1.60 656.643
car -1 -1 0.00 0.00 0.00 100.00 100.00 -1000 1.74 4.64 -12.19 -1000 37.58 1.68 656.059
car -1 -1 0.00 0.00 0.00 100.00 100.00 -1000 1.71 4.74 -18.02 -1000 24.01 1.59 650.668
car -1 -1 0.00 0.00 0.00 100.00 100.00 -1000 2.27 7.01 13.07 -1000 44.71 1.51 646.583
car -1 -1 0.00 0.00 0.00 100.00 100.00 -1000 1.52 3.78 14.80 -1000 40.17 1.52 644.568
car -1 -1 0.00 0.00 0.00 100.00 100.00 -1000 1.81 5.15 -18.13 -1000 26.09 1.50 641.128
car -1 -1 0.00 0.00 0.00 100.00 100.00 -1000 1.52 3.44 2.17 -1000 36.42 1.52 638.740
car -1 -1 0.00 0.00 0.00 100.00 100.00 -1000 1.43 3.57 17.86 -1000 27.49 -0.10 636.790
car -1 -1 0.00 0.00 0.00 100.00 100.00 -1000 1.55 3.98 -7.59 -1000 38.32 0.10 635.220
car -1 -1 0.00 0.00 0.00 100.00 100.00 -1000 1.82 4.90 -4.34 -1000 44.96 -0.19 634.448
car -1 -1 0.00 0.00 0.00 100.00 100.00 -1000 1.56 3.89 -6.29 -1000 39.55 1.59 632.651
car -1 -1 0.00 0.00 0.00 100.00 100.00 -1000 1.55 3.70 -11.54 -1000 47.76 1.48 628.052
car -1 -1 0.00 0.00 0.00 100.00 100.00 -1000 1.76 4.17 -10.32 -1000 37.79 -0.02 626.701
car -1 -1 0.00 0.00 0.00 100.00 100.00 -1000 1.98 5.85 -10.69 -1000 41.80 1.63 621.923
car -1 -1 0.00 0.00 0.00 100.00 100.00 -1000 1.48 3.59 -15.40 -1000 32.13 0.19 620.942
car -1 -1 0.00 0.00 0.00 100.00 100.00 -1000 1.46 3.76 17.23 -1000 46.08 0.21 616.938
car -1 -1 0.00 0.00 0.00 100.00 100.00 -1000 1.50 3.59 -1.43 -1000 36.02 1.51 616.850
car -1 -1 0.00 0.00 0.00 100.00 100.00 -1000 1.66 4.18 -17.99 -1000 37.80 1.49 609.281
car -1 -1 0.00 0.00 0.00 100.00 100.00 -1000 1.64 4.02 15.45 -1000 45.87 1.66 607.962
car -1 -1 0.00 0.00 0.00 100.00 100.00 -1000 1.98 5.65 -8.44 -1000 44.58 1.42 604.150
car -1 -1 0.00 0.00 0.00 100.00 100.00 -1000 1.51 3.76 13.54 -1000 31.29 1.58 597.608
car -1 -1 0.00 0.00 0.00 100.00 100.00 -1000 1.55 3.61 4.98 -1000 33.11 1.56 597.454
car -1 -1 0.00 0.00 0.00 100.00 100.00 -1000 1.57 3.79 -13.85 -1000 29.68 1.55 595.279
car -1 -1 0.00 0.00 0.00 100.00 100.00 -1000 1.73 4.29 -12.23 -1000 31.75 1.73 595.061
car -1 -1 0.00 0.00 0.00 100.00 100.00 -1000 1.48 3.52 18.62 -1000 42.29 1.53 594.052
car -1 -1 0.00 0.00 0.00 100.00 100.00 -1000 1.69 4.47 -11.89 -1000 34.91 1.69 591.569
car -1 -1 0.00 0.00 0.00 100.00 100.00 -1000 1.60 3.67 9.41 -1000 47.22 1.46 588.352
car -1 -1 0.00 0.00 0.00 100.00 100.00 -1000 2.01 7.32 -4.90 -1000 41.95 1.52 587.619
car -1 -1 0.00 0.00 0.00 100.00 100.00 -1000 1.84 5.14 9.42 -1000 45.79 1.60 586.688
car -1 -1 0.00 0.00 0.00 100.00 100.00 -1000 1.62 3.99 -9.70 -1000 34.86 1.49 586.628
car -1 -1 0.00 0.00 0.00 100.00 100.00 -1000 1.76 4.10 11.23 -1000 47.32 -0.04 586.374
car -1 -1 0.00 0.00 0.00 100.00 100.00 -1000 1.30 3.33 19.21 -1000 44.17 0.11 586.294
car -1 -1 0.00 0.00 0.00 100.00 100.00 -1000 1.62 4.19 16.89 -1000 25.30 1.65 585.450
car -1 -1 0.00 0.00 0.00 100.00 100.00 -1000 1.62 3.92 17.47 -1000 26.38 -0.00 585.063
car -1 -1 0.00 0.00 0.00 100.00 100.00 -1000 1.46 3.36 0.36 -1000 36.06 1.52 583.578
car -1 -1 0.00 0.00 0.00 100.00 100.00 -1000 1.95 5.96 -13.68 -1000 26.09 1.67 582.974
car -1 -1 0.00 0.00 0.00 100.00 100.00 -1000 1.77 6.16 -18.08 -1000 25.09 1.50 581.805
car -1 -1 0.00 0.00 0.00 100.00 100.00 -1000 1.93 6.05 -0.19 -1000 42.88 1.56 581.281
car -1 -1 0.00 0.00 0.00 100.00 100.00 -1000 1.95 5.23 -1.34 -1000 44.41 -0.06 575.940
car -1 -1 0.00 0.00 0.00 100.00 100.00 -1000 1.78 4.38 11.85 -1000 40.24 1.61 575.910
car -1 -1 0.00 0.00 0.00 100.00 100.00 -1000 1.44 3.44 16.49 -1000 28.68 0.35 575.720
car -1 -1 0.00 0.00 0.00 100.00 100.00 -1000 1.53 3.83 16.95 -1000 22.53 1.64 574.805
car -1 -1 0.00 0.00 0.00 100.00 100.00 -1000 1.56 3.81 -8.95 -1000 31.50 1.57 572.925
car -1 -1 0.00 0.00 0.00 100.00 100.00 -1000 1.50 3.56 16.81 -1000 40.27 1.51 569.885
car -1 -1 0.00 0.00 0.00 100.00 100.00 -1000 1.64 3.88 -10.23 -1000 31.25 1.51 568.909
car -1 -1 0.00 0.00 0.00 100.00 100.00 -1000 2.17 6.56 -4.76 -1000 42.88 1.56 567.550
car -1 -1 0.00 0.00 0.00 100.00 100.00 -1000 1.69 4.00 -18.62 -1000 35.51 1.61 565.325
car -1 -1 0.00 0.00 0.00 100.00 100.00 -1000 1.60 4.04 16.57 -1000 23.33 1.57 564.351
car -1 -1 0.00 0.00 0.00 100.00 100.00 -1000 1.75 4.27 10.83 -1000 34.83 1.58 562.097
car -1 -1 0.00 0.00 0.00 100.00 100.00 -1000 2.07 6.38 -1.22 -1000 47.00 1.58 560.078
car -1 -1 0.00 0.00 0.00 100.00 100.00 -1000 2.05 5.81 6.01 -1000 43.31 1.56 558.869
car -1 -1 0.00 0.00 0.00 100.00 100.00 -1000 1.47 3.53 18.53 -1000 40.62 1.59 557.250
car -1 -1 0.00 0.00 0.00 100.00 100.00 -1000 1.91 5.37 10.07 -1000 44.96 1.54 554.012
car -1 -1 0.00 0.00 0.00 100.00 100.00 -1000 2.26 7.34 -1.94 -1000 42.14 1.47 547.162
car -1 -1 0.00 0.00 0.00 100.00 100.00 -1000 1.42 2.96 17.30 -1000 34.22 0.10 545.402
car -1 -1 0.00 0.00 0.00 100.00 100.00 -1000 1.60 3.82 -17.45 -1000 42.22 1.52 542.959
car -1 -1 0.00 0.00 0.00 100.00 100.00 -1000 1.61 3.72 -1.28 -1000 34.97 0.21 537.687
car -1 -1 0.00 0.00 0.00 100.00 100.00 -1000 1.42 3.08 16.36 -1000 33.76 1.51 528.160
car -1 -1 0.00 0.00 0.00 100.00 100.00 -1000 1.52 3.62 7.96 -1000 31.16 0.24 527.711
car -1 -1 0.00 0.00 0.00 100.00 100.00 -1000 1.75 4.11 -14.39 -1000 37.65 1.56 526.762
car -1 -1 0.00 0.00 0.00 100.00 100.00 -1000 2.10 7.40 7.90 -1000 42.90 1.43 523.321
car -1 -1 0.00 0.00 0.00 100.00 100.00 -1000 1.61 4.13 18.85 -1000 47.18 1.62 522.409
car -1 -1 0.00 0.00 0.00 100.00 100.00 -1000 1.54 3.58 15.61 -1000 33.22 1.49 519.733
car -1 -1 0.00 0.00 0.00 100.00 100.00 -1000 1.76 4.78 4.07 -1000 39.82 -0.03 515.777
car -1 -1 0.00 0.00 0.00 100.00 100.00 -1000 1.82 4.29 11.33 -1000 41.30 1.67 515.720
car -1 -1 0.00 0.00 0.00 100.00 100.00 -1000 1.76 3.83 -14.36 -1000 22.55 1.53 505.483
car -1 -1 0.00 0.00 0.00 100.00 100.00 -1000 1.63 4.06 12.97 -1000 39.30 0.19 502.645
car -1 -1 0.00 0.00 0.00 100.00 100.00 -1000 1.65 3.93 4.60 -1000 32.10 0.16 501.203
car -1 -1 0.00 0.00 0.00 100.00 100.00 -1000 1.60 3.93 -13.16 -1000 31.17 1.68 499.860
car -1 -1 0.00 0.00 0.00 100.00 100.00 -1000 1.98 5.78 -17.16 -1000 38.51 1.37 493.982
car -1 -1 0.00 0.00 0.00 100.00 100.00 -1000 1.45 3.63 16.64 -1000 47.07 1.60 492.818
car -1 -1 0.00 0.00 0.00 100.00 100.00 -1000 1.81 4.70 8.19 -1000 41.88 1.32 489.577
car -1 -1 0.00 0.00 0.00 100.00 100.00 -1000 1.58 3.77 -15.24 -1000 34.63 0.10 486.065
car -1 -1 0.00 0.00 0.00 100.00 100.00 -1000 1.52 3.62 10.00 -1000 26.84 0.23 484.156
car -1 -1 0.00 0.00 0.00 100.00 100.00 -1000 1.38 2.96 15.90 -1000 30.10 1.55 470.904
car -1 -1 0.00 0.00 0.00 100.00 100.00 -1000 1.93 5.21 1.71 -1000 44.36 -0.15 467.248
car -1 -1 0.00 0.00 0.00 100.00 100.00 -1000 1.55 3.82 5.10 -1000 29.95 1.59 466.004
car -1 -1 0.00 0.00 0.00 100.00 100.00 -1000 2.03 6.65 -7.21 -1000 41.73 1.40 465.073
car -1 -1 0.00 0.00 0.00 100.00 100.00 -1000 1.63 4.18 -11.97 -1000 39.07 1.65 464.522
car -1 -1 0.00 0.00 0.00 100.00 100.00 -1000 1.55 3.94 -0.83 -1000 32.73 1.50 460.852
car -1 -1 0.00 0.00 0.00 100.00 100.00 -1000 2.42 8.68 13.36 -1000 43.75 1.59 454.550
car -1 -1 0.00 0.00 0.00 100.00 100.00 -1000 2.08 6.75 -8.73 -1000 42.68 1.56 449.435
car -1 -1 0.00 0.00 0.00 100.00 100.00 -1000 1.55 3.78 2.22 -1000 32.79 1.48 447.650
car -1 -1 0.00 0.00 0.00 100.00 100.00 -1000 1.98 6.02 6.57 -1000 44.34 1.53 445.542
car -1 -1 0.00 0.00 0.00 100.00 100.00 -1000 1.67 4.57 13.29 -1000 35.30 1.49 444.336
car -1 -1 0.00 0.00 0.00 100.00 100.00 -1000 1.90 5.48 -13.39 -1000 45.37 1.37 444.126
car -1 -1 0.00 0.00 0.00 100.00 100.00 -1000 1.14 3.43 -7.30 -1000 30.90 0.66 443.121
car -1 -1 0.00 0.00 0.00 100.00 100.00 -1000 1.65 4.46 12.17 -1000 37.13 1.61 442.664
car -1 -1 0.00 0.00 0.00 100.00 100.00 -1000 1.74 4.11 2.32 -1000 43.49 1.48 441.024
car -1 -1 0.00 0.00 0.00 100.00 100.00 -1000 2.04 5.85 -1.66 -1000 41.01 1.41 439.337
car -1 -1 0.00 0.00 0.00 100.00 100.00 -1000 1.62 3.81 14.56 -1000 43.50 1.61 435.935
car -1 -1 0.00 0.00 0.00 100.00 100.00 -1000 1.93 5.73 -16.96 -1000 26.81 1.38 433.112
car -1 -1 0.00 0.00 0.00 100.00 100.00 -1000 1.53 3.60 -8.24 -1000 35.22 1.47 432.697
car -1 -1 0.00 0.00 0.00 100.00 100.00 -1000 1.57 3.89 -6.02 -1000 35.62 1.43 432.403
car -1 -1 0.00 0.00 0.00 100.00 100.00 -1000 1.63 3.86 -13.88 -1000 39.27 0.12 429.034
car -1 -1 0.00 0.00 0.00 100.00 100.00 -1000 1.63 3.99 14.59 -1000 44.43 1.69 428.391
car -1 -1 0.00 0.00 0.00 100.00 100.00 -1000 1.72 4.27 -11.80 -1000 40.21 1.61 428.038
car -1 -1 0.00 0.00 0.00 100.00 100.00 -1000 1.91 5.03 -14.38 -1000 24.26 1.73 423.885
car -1 -1 0.00 0.00 0.00 100.00 100.00 -1000 1.66 4.15 13.93 -1000 46.23 1.55 423.672
car -1 -1 0.00 0.00 0.00 100.00 100.00 -1000 2.34 8.07 2.45 -1000 46.93 1.38 420.153
car -1 -1 0.00 0.00 0.00 100.00 100.00 -1000 1.49 3.17 12.19 -1000 47.85 1.56 415.628
car -1 -1 0.00 0.00 0.00 100.00 100.00 -1000 1.34 3.91 -3.46 -1000 31.35 0.37 410.513
car -1 -1 0.00 0.00 0.00 100.00 100.00 -1000 1.99 5.88 0.01 -1000 40.54 1.38 409.689
car -1 -1 0.00 0.00 0.00 100.00 100.00 -1000 1.64 3.54 -14.39 -1000 40.55 0.36 407.209
car -1 -1 0.00 0.00 0.00 100.00 100.00 -1000 1.53 7.62 -7.63 -1000 27.64 1.53 404.196
car -1 -1 0.00 0.00 0.00 100.00 100.00 -1000 2.22 7.55 0.87 -1000 42.10 1.35 403.158
car -1 -1 0.00 0.00 0.00 100.00 100.00 -1000 1.52 3.57 -12.46 -1000 47.18 0.23 401.469
car -1 -1 0.00 0.00 0.00 100.00 100.00 -1000 1.45 3.48 -3.67 -1000 45.79 0.03 400.512
car -1 -1 0.00 0.00 0.00 100.00 100.00 -1000 1.68 4.24 6.88 -1000 45.74 -0.22 399.648
car -1 -1 0.00 0.00 0.00 100.00 100.00 -1000 2.21 8.69 8.18 -1000 16.69 1.45 397.234
car -1 -1 0.00 0.00 0.00 100.00 100.00 -1000 1.94 5.67 -6.79 -1000 43.12 1.51 395.864
car -1 -1 0.00 0.00 0.00 100.00 100.00 -1000 1.43 3.10 10.04 -1000 39.49 1.55 394.869
car -1 -1 0.00 0.00 0.00 100.00 100.00 -1000 1.77 4.87 -17.25 -1000 47.64 1.56 392.117
car -1 -1 0.00 0.00 0.00 100.00 100.00 -1000 1.89 4.54 16.24 -1000 18.60 1.64 390.289
car -1 -1 0.00 0.00 0.00 100.00 100.00 -1000 1.66 4.20 4.27 -1000 43.44 1.47 389.258
car -1 -1 0.00 0.00 0.00 100.00 100.00 -1000 1.50 3.84 14.78 -1000 30.39 1.48 388.424
car -1 -1 0.00 0.00 0.00 100.00 100.00 -1000 1.89 5.10 -4.65 -1000 43.86 1.66 387.923
car -1 -1 0.00 0.00 0.00 100.00 100.00 -1000 1.48 3.23 15.21 -1000 20.11 1.57 387.008
car -1 -1 0.00 0.00 0.00 100.00 100.00 -1000 1.52 3.69 17.62 -1000 35.88 1.60 385.703
car -1 -1 0.00 0.00 0.00 100.00 100.00 -1000 1.74 4.57 -17.87 -1000 34.15 1.45 379.986
car -1 -1 0.00 0.00 0.00 100.00 100.00 -1000 1.79 4.62 -17.07 -1000 43.17 1.49 377.773
car -1 -1 0.00 0.00 0.00 100.00 100.00 -1000 1.59 3.36 3.43 -1000 11.83 1.39 376.049
car -1 -1 0.00 0.00 0.00 100.00 100.00 -1000 1.64 4.38 10.97 -1000 31.39 1.59 376.021
car -1 -1 0.00 0.00 0.00 100.00 100.00 -1000 1.57 3.78 -4.71 -1000 32.18 1.42 375.505
car -1 -1 0.00 0.00 0.00 100.00 100.00 -1000 1.87 5.31 -13.89 -1000 43.41 1.31 375.099
car -1 -1 0.00 0.00 0.00 100.00 100.00 -1000 1.21 3.48 -11.34 -1000 26.89 0.50 372.758
car -1 -1 0.00 0.00 0.00 100.00 100.00 -1000 1.49 3.72 -13.01 -1000 44.61 0.10 370.286
car -1 -1 0.00 0.00 0.00 100.00 100.00 -1000 1.35 4.08 13.80 -1000 22.44 0.57 370.068
car -1 -1 0.00 0.00 0.00 100.00 100.00 -1000 1.69 4.43 9.06 -1000 33.73 1.54 369.201
car -1 -1 0.00 0.00 0.00 100.00 100.00 -1000 1.62 3.98 -4.75 -1000 34.99 0.26 368.252
car -1 -1 0.00 0.00 0.00 100.00 100.00 -1000 2.36 7.92 -7.48 -1000 46.16 1.35 367.157
car -1 -1 0.00 0.00 0.00 100.00 100.00 -1000 1.58 3.94 8.68 -1000 24.83 0.37 365.512
car -1 -1 0.00 0.00 0.00 100.00 100.00 -1000 1.51 3.87 -10.70 -1000 30.21 0.14 364.758
car -1 -1 0.00 0.00 0.00 100.00 100.00 -1000 1.79 5.77 -9.88 -1000 26.82 1.69 354.327
car -1 -1 0.00 0.00 0.00 100.00 100.00 -1000 1.99 5.81 -8.87 -1000 43.58 1.52 353.612
car -1 -1 0.00 0.00 0.00 100.00 100.00 -1000 1.73 3.89 -18.71 -1000 43.54 1.58 353.344
car -1 -1 0.00 0.00 0.00 100.00 100.00 -1000 1.72 4.82 -10.81 -1000 34.37 1.57 353.007
car -1 -1 0.00 0.00 0.00 100.00 100.00 -1000 1.80 5.73 9.08 -1000 36.73 1.60 352.955
car -1 -1 0.00 0.00 0.00 100.00 100.00 -1000 1.69 4.40 -7.79 -1000 29.14 1.60 351.730
car -1 -1 0.00 0.00 0.00 100.00 100.00 -1000 1.30 3.25 -14.40 -1000 21.68 1.48 351.221
car -1 -1 0.00 0.00 0.00 100.00 100.00 -1000 1.73 4.56 -15.34 -1000 35.80 1.35 350.987
car -1 -1 0.00 0.00 0.00 100.00 100.00 -1000 1.58 3.92 17.47 -1000 30.94 1.46 346.263
car -1 -1 0.00 0.00 0.00 100.00 100.00 -1000 1.64 4.65 2.37 -1000 29.90 1.54 345.902
car -1 -1 0.00 0.00 0.00 100.00 100.00 -1000 2.18 7.22 -17.46 -1000 27.63 1.36 345.801
car -1 -1 0.00 0.00 0.00 100.00 100.00 -1000 1.69 4.68 -11.06 -1000 27.92 1.55 343.566
car -1 -1 0.00 0.00 0.00 100.00 100.00 -1000 1.82 5.02 -12.97 -1000 34.28 1.65 343.498
car -1 -1 0.00 0.00 0.00 100.00 100.00 -1000 1.68 4.14 10.94 -1000 30.45 0.15 342.091
car -1 -1 0.00 0.00 0.00 100.00 100.00 -1000 1.58 4.20 6.56 -1000 30.36 1.59 339.379
car -1 -1 0.00 0.00 0.00 100.00 100.00 -1000 1.81 4.53 1.24 -1000 37.77 1.55 336.599
car -1 -1 0.00 0.00 0.00 100.00 100.00 -1000 1.68 4.65 14.45 -1000 47.55 1.46 334.850
car -1 -1 0.00 0.00 0.00 100.00 100.00 -1000 1.74 4.10 9.83 -1000 24.44 0.14 334.723
car -1 -1 0.00 0.00 0.00 100.00 100.00 -1000 1.81 4.97 4.42 -1000 44.35 -0.08 332.104
car -1 -1 0.00 0.00 0.00 100.00 100.00 -1000 1.70 5.34 2.80 -1000 42.44 1.44 327.993
car -1 -1 0.00 0.00 0.00 100.00 100.00 -1000 1.84 4.91 7.06 -1000 38.56 1.55 327.385
car -1 -1 0.00 0.00 0.00 100.00 100.00 -1000 1.87 5.01 -1.42 -1000 37.93 1.52 326.552
car -1 -1 0.00 0.00 0.00 100.00 100.00 -1000 1.49 3.88 15.62 -1000 22.12 0.28 325.779
car -1 -1 0.00 0.00 0.00 100.00 100.00 -1000 1.80 4.94 14.74 -1000 39.29 1.62 324.157
