car -1 -1 0.00 0.00 0.00 100.00 100.00 -1000 1.60 6.86 -4.06 -1000 24.28 2.03 999.686
car -1 -1 0.00 0.00 0.00 100.00 100.00 -1000 1.62 4.60 -3.70 -1000 26.02 1.86 998.578
car -1 -1 0.00 0.00 0.00 100.00 100.00 -1000 1.65 3.89 7.67 -1000 42.59 1.58 998.212
car -1 -1 0.00 0.00 0.00 100.00 100.00 -1000 1.61 4.60 -3.77 -1000 24.83 1.73 997.130
car -1 -1 0.00 0.00 0.00 100.00 100.00 -1000 1.68 4.16 -9.12 -1000 43.43 1.71 995.872
car -1 -1 0.00 0.00 0.00 100.00 100.00 -1000 0.83 4.34 -2.10 -1000 23.76 1.15 993.979
car -1 -1 0.00 0.00 0.00 100.00 100.00 -1000 1.71 4.08 -3.63 -1000 23.81 2.00 993.782
car -1 -1 0.00 0.00 0.00 100.00 100.00 -1000 1.91 5.49 7.65 -1000 43.73 1.59 987.243
car -1 -1 0.00 0.00 0.00 100.00 100.00 -1000 0.40 3.58 -1.92 -1000 23.29 1.75 986.789
car -1 -1 0.00 0.00 0.00 100.00 100.00 -1000 1.64 4.39 4.32 -1000 20.64 -0.05 982.068
car -1 -1 0.00 0.00 0.00 100.00 100.00 -1000 1.52 3.55 9.91 -1000 19.15 1.62 975.332
car -1 -1 0.00 0.00 0.00 100.00 100.00 -1000 1.63 4.15 8.20 -1000 28.83 1.62 973.141
car -1 -1 0.00 0.00 0.00 100.00 100.00 -1000 1.61 4.54 -10.51 -1000 43.05 0.09 970.243
car -1 -1 0.00 0.00 0.00 100.00 100.00 -1000 1.58 3.62 4.13 -1000 21.41 1.62 960.513
car -1 -1 0.00 0.00 0.00 100.00 100.00 -1000 1.58 4.20 -12.97 -1000 44.15 1.52 957.833
car -1 -1 0.00 0.00 0.00 100.00 100.00 -1000 1.55 3.82 6.92 -1000 17.81 -0.09 946.538
car -1 -1 0.00 0.00 0.00 100.00 100.00 -1000 1.52 3.90 -8.82 -1000 39.46 1.59 940.575
car -1 -1 0.00 0.00 0.00 100.00 100.00 -1000 1.55 4.16 -9.42 -1000 42.36 -0.08 936.208
car -1 -1 0.00 0.00 0.00 100.00 100.00 -1000 1.83 4.99 5.21 -1000 43.28 1.61 931.799
car -1 -1 0.00 0.00 0.00 100.00 100.00 -1000 1.55 4.03 -10.58 -1000 44.05 1.57 922.941
car -1 -1 0.00 0.00 0.00 100.00 100.00 -1000 1.58 3.64 7.19 -1000 47.78 1.55 921.493
car -1 -1 0.00 0.00 0.00 100.00 100.00 -1000 1.61 4.16 -14.21 -1000 24.07 1.56 919.223
car -1 -1 0.00 0.00 0.00 100.00 100.00 -1000 1.93 5.43 10.47 -1000 30.16 1.56 917.316
car -1 -1 0.00 0.00 0.00 100.00 100.00 -1000 1.66 4.36 4.61 -1000 30.50 0.05 907.959
car -1 -1 0.00 0.00 0.00 100.00 100.00 -1000 1.51 3.43 -15.37 -1000 35.96 1.54 907.655
car -1 -1 0.00 0.00 0.00 100.00 100.00 -1000 1.67 4.29 -14.79 -1000 22.77 -0.09 888.877
car -1 -1 0.00 0.00 0.00 100.00 100.00 -1000 0.94 3.89 -8.11 -1000 42.22 0.76 887.749
car -1 -1 0.00 0.00 0.00 100.00 100.00 -1000 1.60 3.85 -14.79 -1000 43.13 1.56 864.888
car -1 -1 0.00 0.00 0.00 100.00 100.00 -1000 0.83 3.74 -2.58 -1000 25.94 0.13 847.901
car -1 -1 0.00 0.00 0.00 100.00 100.00 -1000 1.52 3.39 -12.92 -1000 43.35 1.62 846.173
car -1 -1 0.00 0.00 0.00 100.00 100.00 -1000 1.50 3.40 4.22 -1000 31.20 1.56 844.317
car -1 -1 0.00 0.00 0.00 100.00 100.00 -1000 1.53 3.57 -15.96 -1000 42.72 1.61 843.510
car -1 -1 0.00 0.00 0.00 100.00 100.00 -1000 1.54 3.94 5.85 -1000 23.46 1.58 841.158
car -1 -1 0.00 0.00 0.00 100.00 100.00 -1000 1.57 3.58 -8.93 -1000 38.44 1.62 838.510
car -1 -1 0.00 0.00 0.00 100.00 100.00 -1000 1.56 3.78 9.80 -1000 24.04 0.05 836.847
car -1 -1 0.00 0.00 0.00 100.00 100.00 -1000 1.60 3.86 -16.00 -1000 41.40 -0.16 836.822
car -1 -1 0.00 0.00 0.00 100.00 100.00 -1000 1.62 4.08 -13.63 -1000 22.38 -0.17 836.573
car -1 -1 0.00 0.00 0.00 100.00 100.00 -1000 1.53 3.54 7.37 -1000 18.50 1.62 836.275
car -1 -1 0.00 0.00 0.00 100.00 100.00 -1000 1.53 3.76 -14.48 -1000 34.61 0.08 830.546
car -1 -1 0.00 0.00 0.00 100.00 100.00 -1000 1.65 4.43 9.04 -1000 28.20 -0.45 830.403
car -1 -1 0.00 0.00 0.00 100.00 100.00 -1000 1.34 3.27 -2.90 -1000 22.76 2.32 829.862
car -1 -1 0.00 0.00 0.00 100.00 100.00 -1000 1.52 3.30 -16.46 -1000 28.36 1.50 827.237
car -1 -1 0.00 0.00 0.00 100.00 100.00 -1000 1.44 3.38 12.41 -1000 38.21 1.59 826.634
car -1 -1 0.00 0.00 0.00 100.00 100.00 -1000 1.50 3.59 2.41 -1000 43.39 1.56 824.076
car -1 -1 0.00 0.00 0.00 100.00 100.00 -1000 1.57 3.91 8.78 -1000 20.88 1.53 822.263
car -1 -1 0.00 0.00 0.00 100.00 100.00 -1000 1.93 5.34 7.76 -1000 32.42 1.59 817.495
car -1 -1 0.00 0.00 0.00 100.00 100.00 -1000 1.92 6.25 -9.31 -1000 45.63 1.73 809.635
car -1 -1 0.00 0.00 0.00 100.00 100.00 -1000 1.50 3.62 -13.62 -1000 35.72 1.56 807.765
car -1 -1 0.00 0.00 0.00 100.00 100.00 -1000 1.67 3.97 7.16 -1000 46.94 -0.19 807.658
car -1 -1 0.00 0.00 0.00 100.00 100.00 -1000 1.54 3.39 8.44 -1000 11.68 -0.22 806.914
car -1 -1 0.00 0.00 0.00 100.00 100.00 -1000 1.58 4.18 -17.25 -1000 45.77 1.58 803.288
car -1 -1 0.00 0.00 0.00 100.00 100.00 -1000 1.49 3.57 10.18 -1000 18.26 -0.22 801.511
car -1 -1 0.00 0.00 0.00 100.00 100.00 -1000 1.60 4.31 6.33 -1000 42.29 0.19 798.123
car -1 -1 0.00 0.00 0.00 100.00 100.00 -1000 1.93 5.65 8.63 -1000 30.54 1.60 798.029
car -1 -1 0.00 0.00 0.00 100.00 100.00 -1000 1.53 3.77 10.17 -1000 25.28 1.53 795.951
car -1 -1 0.00 0.00 0.00 100.00 100.00 -1000 1.60 3.66 -19.16 -1000 44.43 1.69 794.607
car -1 -1 0.00 0.00 0.00 100.00 100.00 -1000 1.52 3.67 -15.51 -1000 31.30 0.13 792.406
car -1 -1 0.00 0.00 0.00 100.00 100.00 -1000 1.97 5.00 8.13 -1000 44.57 1.57 790.525
car -1 -1 0.00 0.00 0.00 100.00 100.00 -1000 1.51 3.95 -3.20 -1000 26.77 1.57 787.130
car -1 -1 0.00 0.00 0.00 100.00 100.00 -1000 1.65 4.41 10.71 -1000 20.03 1.55 786.733
car -1 -1 0.00 0.00 0.00 100.00 100.00 -1000 1.82 5.02 6.44 -1000 30.93 1.69 784.668
car -1 -1 0.00 0.00 0.00 100.00 100.00 -1000 1.56 3.79 -7.74 -1000 43.19 1.63 782.732
car -1 -1 0.00 0.00 0.00 100.00 100.00 -1000 1.82 4.54 5.34 -1000 46.40 1.69 777.555
car -1 -1 0.00 0.00 0.00 100.00 100.00 -1000 1.62 4.17 -18.31 -1000 45.22 1.56 774.750
car -1 -1 0.00 0.00 0.00 100.00 100.00 -1000 1.69 4.35 -12.77 -1000 46.60 0.03 773.121
car -1 -1 0.00 0.00 0.00 100.00 100.00 -1000 1.49 3.59 11.31 -1000 24.72 -0.20 756.328
car -1 -1 0.00 0.00 0.00 100.00 100.00 -1000 1.47 3.66 4.95 -1000 25.71 1.55 755.463
car -1 -1 0.00 0.00 0.00 100.00 100.00 -1000 1.85 4.86 -15.77 -1000 21.93 -0.17 755.091
car -1 -1 0.00 0.00 0.00 100.00 100.00 -1000 1.43 3.35 12.78 -1000 21.74 1.60 752.421
car -1 -1 0.00 0.00 0.00 100.00 100.00 -1000 1.40 3.22 3.35 -1000 24.15 1.54 752.378
car -1 -1 0.00 0.00 0.00 100.00 100.00 -1000 2.29 7.19 5.46 -1000 45.74 1.70 746.885
car -1 -1 0.00 0.00 0.00 100.00 100.00 -1000 1.59 3.92 -12.03 -1000 26.12 1.59 728.468
car -1 -1 0.00 0.00 0.00 100.00 100.00 -1000 1.61 3.89 -19.50 -1000 43.61 1.64 727.080
car -1 -1 0.00 0.00 0.00 100.00 100.00 -1000 1.52 3.82 9.16 -1000 15.93 1.55 725.159
car -1 -1 0.00 0.00 0.00 100.00 100.00 -1000 1.73 4.47 -16.17 -1000 43.86 1.62 724.328
car -1 -1 0.00 0.00 0.00 100.00 100.00 -1000 1.78 4.95 -14.54 -1000 44.58 1.54 722.970
car -1 -1 0.00 0.00 0.00 100.00 100.00 -1000 1.37 3.20 12.24 -1000 30.92 1.58 717.399
car -1 -1 0.00 0.00 0.00 100.00 100.00 -1000 1.71 3.85 -13.16 -1000 42.53 -0.24 714.298
car -1 -1 0.00 0.00 0.00 100.00 100.00 -1000 1.14 5.49 -1.47 -1000 21.32 1.56 713.803
car -1 -1 0.00 0.00 0.00 100.00 100.00 -1000 1.51 3.86 6.21 -1000 22.58 -0.10 709.819
car -1 -1 0.00 0.00 0.00 100.00 100.00 -1000 1.71 3.77 -13.32 -1000 38.56 -0.11 707.269
car -1 -1 0.00 0.00 0.00 100.00 100.00 -1000 1.53 3.76 8.85 -1000 19.73 1.53 706.830
car -1 -1 0.00 0.00 0.00 100.00 100.00 -1000 1.56 3.62 13.96 -1000 23.93 -0.26 706.404
car -1 -1 0.00 0.00 0.00 100.00 100.00 -1000 1.58 3.78 12.91 -1000 23.14 -0.19 701.574
car -1 -1 0.00 0.00 0.00 100.00 100.00 -1000 1.64 4.34 -11.06 -1000 18.71 1.53 701.309
car -1 -1 0.00 0.00 0.00 100.00 100.00 -1000 1.86 5.30 -9.75 -1000 44.65 1.51 697.894
car -1 -1 0.00 0.00 0.00 100.00 100.00 -1000 1.67 4.22 1.46 -1000 42.26 0.06 686.285
car -1 -1 0.00 0.00 0.00 100.00 100.00 -1000 1.80 4.88 7.55 -1000 29.81 1.69 679.919
car -1 -1 0.00 0.00 0.00 100.00 100.00 -1000 1.55 4.00 -15.08 -1000 30.58 1.60 679.915
car -1 -1 0.00 0.00 0.00 100.00 100.00 -1000 1.74 4.42 -12.42 -1000 44.92 1.58 673.811
car -1 -1 0.00 0.00 0.00 100.00 100.00 -1000 2.00 4.28 -15.72 -1000 27.64 -0.24 668.090
car -1 -1 0.00 0.00 0.00 100.00 100.00 -1000 1.87 4.96 9.13 -1000 43.15 1.59 667.714
car -1 -1 0.00 0.00 0.00 100.00 100.00 -1000 1.52 3.67 -11.88 -1000 38.28 1.67 666.948
car -1 -1 0.00 0.00 0.00 100.00 100.00 -1000 1.55 3.70 11.75 -1000 21.11 -0.21 665.467
car -1 -1 0.00 0.00 0.00 100.00 100.00 -1000 1.97 5.60 6.63 -1000 31.83 1.69 663.388
car -1 -1 0.00 0.00 0.00 100.00 100.00 -1000 1.56 3.78 -14.47 -1000 32.02 -0.23 662.116
car -1 -1 0.00 0.00 0.00 100.00 100.00 -1000 1.76 4.90 -13.38 -1000 24.93 1.53 659.279
car -1 -1 0.00 0.00 0.00 100.00 100.00 -1000 1.44 3.46 -14.54 -1000 29.54 -0.13 656.495
car -1 -1 0.00 0.00 0.00 100.00 100.00 -1000 1.49 3.49 -10.92 -1000 38.69 1.60 655.894
car -1 -1 0.00 0.00 0.00 100.00 100.00 -1000 1.46 3.58 7.94 -1000 10.97 1.43 653.458
car -1 -1 0.00 0.00 0.00 100.00 100.00 -1000 1.50 3.83 -15.48 -1000 36.89 1.53 653.127
car -1 -1 0.00 0.00 0.00 100.00 100.00 -1000 1.50 3.92 -11.95 -1000 47.42 1.55 651.038
car -1 -1 0.00 0.00 0.00 100.00 100.00 -1000 1.60 3.99 -12.13 -1000 39.10 1.71 646.735
car -1 -1 0.00 0.00 0.00 100.00 100.00 -1000 1.93 4.66 7.32 -1000 41.39 -0.24 636.901
car -1 -1 0.00 0.00 0.00 100.00 100.00 -1000 1.60 4.05 11.98 -1000 37.51 0.05 633.962
car -1 -1 0.00 0.00 0.00 100.00 100.00 -1000 2.11 7.42 5.70 -1000 44.04 1.47 619.109
car -1 -1 0.00 0.00 0.00 100.00 100.00 -1000 0.33 3.12 -0.40 -1000 23.32 1.28 618.635
car -1 -1 0.00 0.00 0.00 100.00 100.00 -1000 1.52 3.47 4.52 -1000 24.82 -0.15 613.984
car -1 -1 0.00 0.00 0.00 100.00 100.00 -1000 2.36 8.34 9.26 -1000 31.66 1.45 612.514
car -1 -1 0.00 0.00 0.00 100.00 100.00 -1000 1.53 3.79 -10.42 -1000 25.86 1.59 610.488
car -1 -1 0.00 0.00 0.00 100.00 100.00 -1000 2.72 7.26 -14.50 -1000 20.87 -0.31 604.841
car -1 -1 0.00 0.00 0.00 100.00 100.00 -1000 1.61 3.91 -9.01 -1000 37.59 1.65 604.442
car -1 -1 0.00 0.00 0.00 100.00 100.00 -1000 1.56 3.77 -16.93 -1000 43.22 1.57 604.423
car -1 -1 0.00 0.00 0.00 100.00 100.00 -1000 1.86 4.94 -15.32 -1000 46.23 1.48 603.553
car -1 -1 0.00 0.00 0.00 100.00 100.00 -1000 1.57 3.57 -14.96 -1000 42.05 1.66 602.543
car -1 -1 0.00 0.00 0.00 100.00 100.00 -1000 1.56 3.63 13.33 -1000 24.72 0.07 588.119
car -1 -1 0.00 0.00 0.00 100.00 100.00 -1000 1.51 3.74 8.63 -1000 47.16 1.73 587.346
car -1 -1 0.00 0.00 0.00 100.00 100.00 -1000 1.63 4.16 -10.77 -1000 47.03 1.63 586.399
car -1 -1 0.00 0.00 0.00 100.00 100.00 -1000 1.60 4.00 -9.02 -1000 25.47 1.59 586.152
car -1 -1 0.00 0.00 0.00 100.00 100.00 -1000 1.53 3.72 6.63 -1000 20.06 1.62 584.771
car -1 -1 0.00 0.00 0.00 100.00 100.00 -1000 1.55 3.81 9.87 -1000 27.25 0.14 582.149
car -1 -1 0.00 0.00 0.00 100.00 100.00 -1000 1.72 4.12 10.45 -1000 29.35 -0.22 573.833
car -1 -1 0.00 0.00 0.00 100.00 100.00 -1000 1.65 3.16 8.44 -1000 40.29 1.48 570.345
car -1 -1 0.00 0.00 0.00 100.00 100.00 -1000 1.45 3.31 13.59 -1000 37.47 1.57 568.058
car -1 -1 0.00 0.00 0.00 100.00 100.00 -1000 2.12 5.68 7.46 -1000 45.44 1.63 567.249
car -1 -1 0.00 0.00 0.00 100.00 100.00 -1000 1.61 3.92 11.79 -1000 28.10 1.58 564.431
car -1 -1 0.00 0.00 0.00 100.00 100.00 -1000 1.55 3.75 -13.33 -1000 39.43 1.63 563.255
car -1 -1 0.00 0.00 0.00 100.00 100.00 -1000 1.44 3.29 -15.63 -1000 40.53 -0.10 562.581
car -1 -1 0.00 0.00 0.00 100.00 100.00 -1000 1.57 3.93 -18.89 -1000 42.75 1.58 551.104
car -1 -1 0.00 0.00 0.00 100.00 100.00 -1000 1.88 4.16 -14.19 -1000 28.46 -0.25 549.084
car -1 -1 0.00 0.00 0.00 100.00 100.00 -1000 1.60 4.10 8.25 -1000 12.40 1.52 548.497
car -1 -1 0.00 0.00 0.00 100.00 100.00 -1000 1.95 5.19 4.95 -1000 41.58 1.55 543.177
car -1 -1 0.00 0.00 0.00 100.00 100.00 -1000 1.57 3.74 5.94 -1000 17.34 1.48 542.733
car -1 -1 0.00 0.00 0.00 100.00 100.00 -1000 1.62 3.62 5.53 -1000 18.46 1.48 540.967
car -1 -1 0.00 0.00 0.00 100.00 100.00 -1000 1.61 4.14 11.33 -1000 22.51 1.54 539.837
car -1 -1 0.00 0.00 0.00 100.00 100.00 -1000 1.57 3.75 12.04 -1000 29.97 1.67 538.686
car -1 -1 0.00 0.00 0.00 100.00 100.00 -1000 1.85 5.70 -15.81 -1000 24.39 1.37 535.501
car -1 -1 0.00 0.00 0.00 100.00 100.00 -1000 1.42 3.33 18.92 -1000 30.93 1.59 535.168
car -1 -1 0.00 0.00 0.00 100.00 100.00 -1000 2.07 6.33 9.99 -1000 45.05 1.42 531.262
car -1 -1 0.00 0.00 0.00 100.00 100.00 -1000 1.56 3.87 6.65 -1000 33.34 1.60 528.007
car -1 -1 0.00 0.00 0.00 100.00 100.00 -1000 2.02 7.00 -16.93 -1000 25.21 1.46 527.049
car -1 -1 0.00 0.00 0.00 100.00 100.00 -1000 1.46 3.59 2.88 -1000 23.46 -0.03 523.478
car -1 -1 0.00 0.00 0.00 100.00 100.00 -1000 1.43 3.69 4.23 -1000 32.16 1.55 522.689
car -1 -1 0.00 0.00 0.00 100.00 100.00 -1000 1.54 3.78 11.72 -1000 25.43 -0.05 517.860
car -1 -1 0.00 0.00 0.00 100.00 100.00 -1000 1.97 5.47 -17.51 -1000 22.37 -0.03 517.789
car -1 -1 0.00 0.00 0.00 100.00 100.00 -1000 1.61 4.12 15.70 -1000 25.29 1.62 511.154
car -1 -1 0.00 0.00 0.00 100.00 100.00 -1000 1.53 3.81 -13.61 -1000 47.71 1.53 508.815
car -1 -1 0.00 0.00 0.00 100.00 100.00 -1000 1.84 4.61 -16.27 -1000 21.05 1.42 506.295
car -1 -1 0.00 0.00 0.00 100.00 100.00 -1000 1.79 5.67 -1.46 -1000 27.14 1.48 505.641
car -1 -1 0.00 0.00 0.00 100.00 100.00 -1000 1.82 4.56 8.59 -1000 46.32 1.69 505.301
car -1 -1 0.00 0.00 0.00 100.00 100.00 -1000 1.81 4.89 -10.08 -1000 24.30 1.49 497.840
car -1 -1 0.00 0.00 0.00 100.00 100.00 -1000 1.58 4.04 8.84 -1000 24.82 1.55 493.847
car -1 -1 0.00 0.00 0.00 100.00 100.00 -1000 1.55 4.76 -10.30 -1000 16.88 1.68 491.708
car -1 -1 0.00 0.00 0.00 100.00 100.00 -1000 1.38 3.44 -1.92 -1000 21.81 1.47 487.332
car -1 -1 0.00 0.00 0.00 100.00 100.00 -1000 1.53 3.56 8.85 -1000 15.02 0.03 486.720
car -1 -1 0.00 0.00 0.00 100.00 100.00 -1000 1.77 4.59 -10.77 -1000 41.97 1.53 483.549
car -1 -1 0.00 0.00 0.00 100.00 100.00 -1000 1.44 3.52 -18.07 -1000 39.74 0.05 483.066
car -1 -1 0.00 0.00 0.00 100.00 100.00 -1000 1.64 3.88 -16.72 -1000 42.18 1.55 482.689
car -1 -1 0.00 0.00 0.00 100.00 100.00 -1000 1.58 3.90 -13.07 -1000 33.33 1.66 481.399
car -1 -1 0.00 0.00 0.00 100.00 100.00 -1000 1.54 3.85 -15.79 -1000 33.70 1.57 474.131
car -1 -1 0.00 0.00 0.00 100.00 100.00 -1000 1.53 3.60 11.14 -1000 23.54 -0.14 473.710
car -1 -1 0.00 0.00 0.00 100.00 100.00 -1000 2.10 6.70 11.30 -1000 31.15 1.47 473.705
car -1 -1 0.00 0.00 0.00 100.00 100.00 -1000 1.52 3.61 -17.09 -1000 27.67 0.18 463.440
car -1 -1 0.00 0.00 0.00 100.00 100.00 -1000 1.47 3.54 -9.37 -1000 32.38 1.59 462.584
car -1 -1 0.00 0.00 0.00 100.00 100.00 -1000 1.54 3.99 -13.72 -1000 25.71 1.50 457.527
car -1 -1 0.00 0.00 0.00 100.00 100.00 -1000 1.51 3.71 9.39 -1000 16.92 1.62 456.767
car -1 -1 0.00 0.00 0.00 100.00 100.00 -1000 1.81 4.05 -17.25 -1000 40.97 -0.11 456.064
car -1 -1 0.00 0.00 0.00 100.00 100.00 -1000 1.90 4.35 -13.04 -1000 41.69 -0.15 452.562
car -1 -1 0.00 0.00 0.00 100.00 100.00 -1000 1.68 4.93 5.68 -1000 29.91 0.11 452.545
car -1 -1 0.00 0.00 0.00 100.00 100.00 -1000 1.51 3.82 2.27 -1000 32.42 1.59 449.192
car -1 -1 0.00 0.00 0.00 100.00 100.00 -1000 1.67 4.37 10.71 -1000 26.10 1.53 448.765
car -1 -1 0.00 0.00 0.00 100.00 100.00 -1000 1.76 4.31 8.68 -1000 41.95 1.64 446.773
car -1 -1 0.00 0.00 0.00 100.00 100.00 -1000 1.65 4.01 -13.93 -1000 30.15 1.71 443.919
car -1 -1 0.00 0.00 0.00 100.00 100.00 -1000 1.53 3.60 2.30 -1000 31.14 0.33 443.232
car -1 -1 0.00 0.00 0.00 100.00 100.00 -1000 1.51 3.67 -13.61 -1000 32.69 1.62 440.316
car -1 -1 0.00 0.00 0.00 100.00 100.00 -1000 1.52 3.46 -15.40 -1000 28.78 1.60 439.065
car -1 -1 0.00 0.00 0.00 100.00 100.00 -1000 1.57 3.99 8.13 -1000 23.72 1.58 436.313
car -1 -1 0.00 0.00 0.00 100.00 100.00 -1000 1.60 4.08 -16.86 -1000 23.08 1.60 434.945
car -1 -1 0.00 0.00 0.00 100.00 100.00 -1000 1.93 5.04 -11.53 -1000 45.94 1.60 432.057
car -1 -1 0.00 0.00 0.00 100.00 100.00 -1000 1.60 4.08 -10.83 -1000 32.58 1.53 427.374
car -1 -1 0.00 0.00 0.00 100.00 100.00 -1000 0.81 4.38 -2.68 -1000 24.38 -0.07 425.483
car -1 -1 0.00 0.00 0.00 100.00 100.00 -1000 1.64 4.06 -13.34 -1000 23.31 1.69 425.032
car -1 -1 0.00 0.00 0.00 100.00 100.00 -1000 1.67 4.26 -17.49 -1000 44.41 1.61 424.661
car -1 -1 0.00 0.00 0.00 100.00 100.00 -1000 1.67 4.04 11.75 -1000 29.00 1.62 422.058
car -1 -1 0.00 0.00 0.00 100.00 100.00 -1000 1.82 4.98 4.42 -1000 42.39 0.09 421.557
car -1 -1 0.00 0.00 0.00 100.00 100.00 -1000 1.90 5.05 -4.30 -1000 22.92 0.05 418.163
car -1 -1 0.00 0.00 0.00 100.00 100.00 -1000 3.09 7.55 -15.82 -1000 19.71 -0.29 416.690
car -1 -1 0.00 0.00 0.00 100.00 100.00 -1000 1.63 4.16 10.87 -1000 17.43 1.64 414.903
car -1 -1 0.00 0.00 0.00 100.00 100.00 -1000 1.71 3.90 -9.42 -1000 31.33 0.11 412.726
car -1 -1 0.00 0.00 0.00 100.00 100.00 -1000 1.56 4.06 1.13 -1000 38.37 1.56 410.671
car -1 -1 0.00 0.00 0.00 100.00 100.00 -1000 1.52 3.16 -12.85 -1000 40.74 1.52 408.572
car -1 -1 0.00 0.00 0.00 100.00 100.00 -1000 1.53 4.05 -15.47 -1000 23.43 0.03 404.215
car -1 -1 0.00 0.00 0.00 100.00 100.00 -1000 1.41 3.32 5.56 -1000 47.12 1.48 403.095
car -1 -1 0.00 0.00 0.00 100.00 100.00 -1000 1.73 4.61 6.94 -1000 16.58 1.61 400.168
car -1 -1 0.00 0.00 0.00 100.00 100.00 -1000 1.75 4.05 -19.07 -1000 40.20 0.04 396.185
car -1 -1 0.00 0.00 0.00 100.00 100.00 -1000 1.96 5.73 -0.55 -1000 42.69 1.42 393.357
car -1 -1 0.00 0.00 0.00 100.00 100.00 -1000 1.89 5.11 -11.47 -1000 25.13 1.64 393.193
car -1 -1 0.00 0.00 0.00 100.00 100.00 -1000 1.61 3.84 -15.50 -1000 35.14 -0.00 390.285
car -1 -1 0.00 0.00 0.00 100.00 100.00 -1000 1.62 4.16 -8.33 -1000 40.23 1.59 390.045
car -1 -1 0.00 0.00 0.00 100.00 100.00 -1000 1.65 4.01 8.82 -1000 10.15 1.65 389.499
car -1 -1 0.00 0.00 0.00 100.00 100.00 -1000 1.68 4.47 -8.31 -1000 44.29 1.58 386.525
car -1 -1 0.00 0.00 0.00 100.00 100.00 -1000 1.55 4.03 1.04 -1000 43.07 0.20 386.392
car -1 -1 0.00 0.00 0.00 100.00 100.00 -1000 1.72 4.34 -14.41 -1000 47.08 1.37 385.324
car -1 -1 0.00 0.00 0.00 100.00 100.00 -1000 1.64 4.24 14.97 -1000 24.63 1.64 385.219
car -1 -1 0.00 0.00 0.00 100.00 100.00 -1000 2.45 9.64 10.14 -1000 33.21 1.43 384.793
car -1 -1 0.00 0.00 0.00 100.00 100.00 -1000 1.63 4.16 13.72 -1000 22.58 1.66 380.813
car -1 -1 0.00 0.00 0.00 100.00 100.00 -1000 2.07 6.23 3.67 -1000 45.04 1.37 377.923
car -1 -1 0.00 0.00 0.00 100.00 100.00 -1000 3.04 7.85 7.72 -1000 46.26 -0.16 375.795
car -1 -1 0.00 0.00 0.00 100.00 100.00 -1000 2.09 6.95 12.40 -1000 44.64 1.37 372.940
car -1 -1 0.00 0.00 0.00 100.00 100.00 -1000 1.47 3.74 -10.42 -1000 13.99 1.59 372.828
car -1 -1 0.00 0.00 0.00 100.00 100.00 -1000 1.69 4.28 4.89 -1000 19.86 1.67 372.519
car -1 -1 0.00 0.00 0.00 100.00 100.00 -1000 1.49 3.63 -15.47 -1000 32.51 1.52 369.644
car -1 -1 0.00 0.00 0.00 100.00 100.00 -1000 2.15 6.76 11.57 -1000 46.23 1.37 369.527
car -1 -1 0.00 0.00 0.00 100.00 100.00 -1000 1.53 3.62 -7.71 -1000 38.75 1.66 367.571
car -1 -1 0.00 0.00 0.00 100.00 100.00 -1000 2.09 6.24 -1.64 -1000 25.80 1.56 366.783
car -1 -1 0.00 0.00 0.00 100.00 100.00 -1000 1.54 3.86 7.93 -1000 19.21 -0.11 365.100
car -1 -1 0.00 0.00 0.00 100.00 100.00 -1000 1.68 4.16 -6.73 -1000 42.72 1.45 363.127
car -1 -1 0.00 0.00 0.00 100.00 100.00 -1000 1.68 4.59 4.48 -1000 37.30 1.42 362.411
car -1 -1 0.00 0.00 0.00 100.00 100.00 -1000 1.96 5.37 6.01 -1000 29.05 1.44 361.834
car -1 -1 0.00 0.00 0.00 100.00 100.00 -1000 2.28 7.47 -0.75 -1000 28.23 1.43 361.641
car -1 -1 0.00 0.00 0.00 100.00 100.00 -1000 1.69 4.28 -8.13 -1000 46.30 1.55 359.715
car -1 -1 0.00 0.00 0.00 100.00 100.00 -1000 2.70 6.45 -16.02 -1000 26.89 -0.26 358.561
car -1 -1 0.00 0.00 0.00 100.00 100.00 -1000 1.48 3.63 -17.09 -1000 31.26 0.43 357.176
car -1 -1 0.00 0.00 0.00 100.00 100.00 -1000 1.82 5.02 9.11 -1000 26.63 1.63 356.912
car -1 -1 0.00 0.00 0.00 100.00 100.00 -1000 1.68 4.17 -11.99 -1000 37.14 1.59 356.407
car -1 -1 0.00 0.00 0.00 100.00 100.00 -1000 2.04 6.96 -18.24 -1000 24.38 1.42 355.426
car -1 -1 0.00 0.00 0.00 100.00 100.00 -1000 2.03 6.09 -15.86 -1000 45.23 1.61 353.608
car -1 -1 0.00 0.00 0.00 100.00 100.00 -1000 1.78 4.43 -9.06 -1000 41.13 1.64 350.298
car -1 -1 0.00 0.00 0.00 100.00 100.00 -1000 1.18 5.16 -1.98 -1000 20.01 1.28 349.675
car -1 -1 0.00 0.00 0.00 100.00 100.00 -1000 1.57 4.01 14.25 -1000 26.03 1.53 349.663
car -1 -1 0.00 0.00 0.00 100.00 100.00 -1000 1.75 3.79 8.36 -1000 27.34 -0.02 347.580
car -1 -1 0.00 0.00 0.00 100.00 100.00 -1000 2.09 6.17 11.61 -1000 43.81 1.38 347.357
car -1 -1 0.00 0.00 0.00 100.00 100.00 -1000 1.90 5.25 11.92 -1000 42.26 1.38 343.686
car -1 -1 0.00 0.00 0.00 100.00 100.00 -1000 1.95 5.84 3.09 -1000 44.21 1.35 343.313
car -1 -1 0.00 0.00 0.00 100.00 100.00 -1000 1.93 5.82 -1.54 -1000 24.83 1.67 342.778
car -1 -1 0.00 0.00 0.00 100.00 100.00 -1000 2.20 7.56 -4.47 -1000 44.58 1.41 340.796
car -1 -1 0.00 0.00 0.00 100.00 100.00 -1000 1.55 3.69 -14.22 -1000 40.02 0.16 340.215
car -1 -1 0.00 0.00 0.00 100.00 100.00 -1000 1.66 4.44 -11.37 -1000 17.80 1.52 336.545
car -1 -1 0.00 0.00 0.00 100.00 100.00 -1000 1.65 4.07 6.98 -1000 28.28 1.36 334.673
car -1 -1 0.00 0.00 0.00 100.00 100.00 -1000 1.59 3.76 -11.21 -1000 37.70 1.58 331.193
car -1 -1 0.00 0.00 0.00 100.00 100.00 -1000 1.62 3.94 2.67 -1000 21.00 1.45 330.922
car -1 -1 0.00 0.00 0.00 100.00 100.00 -1000 1.58 3.66 14.13 -1000 36.77 1.53 322.092
car -1 -1 0.00 0.00 0.00 100.00 100.00 -1000 1.94 5.89 -4.03 -1000 39.45 1.44 321.409
car -1 -1 0.00 0.00 0.00 100.00 100.00 -1000 1.71 4.56 -17.93 -1000 25.82 1.49 321.009
car -1 -1 0.00 0.00 0.00 100.00 100.00 -1000 1.60 3.84 2.32 -1000 41.07 1.49 319.279
car -1 -1 0.00 0.00 0.00 100.00 100.00 -1000 1.76 4.66 -11.92 -1000 39.90 1.66 317.601
car -1 -1 0.00 0.00 0.00 100.00 100.00 -1000 1.55 4.07 -7.74 -1000 25.84 1.55 317.327
car -1 -1 0.00 0.00 0.00 100.00 100.00 -1000 1.73 4.41 -11.84 -1000 35.80 1.56 314.885
car -1 -1 0.00 0.00 0.00 100.00 100.00 -1000 1.81 4.93 -7.58 -1000 45.05 1.50 313.441
car -1 -1 0.00 0.00 0.00 100.00 100.00 -1000 1.68 3.60 9.28 -1000 17.78 -0.05 311.782
car -1 -1 0.00 0.00 0.00 100.00 100.00 -1000 1.98 6.46 -4.86 -1000 28.43 1.43 310.034
car -1 -1 0.00 0.00 0.00 100.00 100.00 -1000 2.11 6.63 -4.47 -1000 43.02 1.37 309.567
car -1 -1 0.00 0.00 0.00 100.00 100.00 -1000 1.52 4.00 4.85 -1000 32.91 1.46 308.854
car -1 -1 0.00 0.00 0.00 100.00 100.00 -1000 1.79 5.05 7.92 -1000 22.63 1.59 307.838
car -1 -1 0.00 0.00 0.00 100.00 100.00 -1000 1.57 4.01 -8.16 -1000 32.83 1.55 302.878
car -1 -1 0.00 0.00 0.00 100.00 100.00 -1000 1.70 4.69 1.06 -1000 43.84 1.46 302.114
car -1 -1 0.00 0.00 0.00 100.00 100.00 -1000 1.65 4.80 -18.19 -1000 20.81 1.54 301.782
car -1 -1 0.00 0.00 0.00 100.00 100.00 -1000 1.85 5.02 -6.26 -1000 43.81 1.40 301.513
car -1 -1 0.00 0.00 0.00 100.00 100.00 -1000 1.84 5.06 -11.97 -1000 24.12 1.59 300.659
car -1 -1 0.00 0.00 0.00 100.00 100.00 -1000 1.61 4.49 -9.03 -1000 46.92 1.58 296.033
car -1 -1 0.00 0.00 0.00 100.00 100.00 -1000 1.70 4.69 12.50 -1000 26.07 1.57 295.713
car -1 -1 0.00 0.00 0.00 100.00 100.00 -1000 1.75 4.51 -11.78 -1000 26.94 1.55 291.061
car -1 -1 0.00 0.00 0.00 100.00 100.00 -1000 1.85 4.68 12.59 -1000 36.82 1.61 290.180
car -1 -1 0.00 0.00 0.00 100.00 100.00 -1000 1.86 5.29 10.58 -1000 21.66 1.54 289.704
car -1 -1 0.00 0.00 0.00 100.00 100.00 -1000 1.75 4.48 -10.81 -1000 39.40 1.55 288.914
car -1 -1 0.00 0.00 0.00 100.00 100.00 -1000 1.85 4.98 9.56 -1000 41.10 1.46 287.616
car -1 -1 0.00 0.00 0.00 100.00 100.00 -1000 1.70 4.50 6.00 -1000 24.68 1.62 286.656
car -1 -1 0.00 0.00 0.00 100.00 100.00 -1000 1.79 5.05 5.49 -1000 40.68 1.39 285.466
car -1 -1 0.00 0.00 0.00 100.00 100.00 -1000 2.11 6.87 -4.45 -1000 41.39 1.40 284.290
car -1 -1 0.00 0.00 0.00 100.00 100.00 -1000 1.84 4.90 11.14 -1000 41.50 1.36 282.830
car -1 -1 0.00 0.00 0.00 100.00 100.00 -1000 1.74 5.04 13.19 -1000 31.62 1.46 282.043
car -1 -1 0.00 0.00 0.00 100.00 100.00 -1000 1.51 3.56 17.90 -1000 30.41 0.23 277.885
car -1 -1 0.00 0.00 0.00 100.00 100.00 -1000 1.61 4.35 2.20 -1000 26.67 1.57 277.864
car -1 -1 0.00 0.00 0.00 100.00 100.00 -1000 1.76 4.52 -13.74 -1000 31.00 1.63 276.441
car -1 -1 0.00 0.00 0.00 100.00 100.00 -1000 1.62 3.96 -13.82 -1000 37.00 1.57 276.155
car -1 -1 0.00 0.00 0.00 100.00 100.00 -1000 1.66 4.38 13.14 -1000 38.89 1.40 274.259
car -1 -1 0.00 0.00 0.00 100.00 100.00 -1000 1.49 3.87 4.46 -1000 22.89 0.20 268.619
car -1 -1 0.00 0.00 0.00 100.00 100.00 -1000 1.47 3.63 -8.28 -1000 30.16 1.51 267.698
car -1 -1 0.00 0.00 0.00 100.00 100.00 -1000 1.60 3.91 -10.48 -1000 16.11 1.49 264.787
car -1 -1 0.00 0.00 0.00 100.00 100.00 -1000 1.89 5.35 10.23 -1000 37.81 1.39 264.759
car -1 -1 0.00 0.00 0.00 100.00 100.00 -1000 1.52 3.87 1.45 -1000 31.79 1.50 261.247
car -1 -1 0.00 0.00 0.00 100.00 100.00 -1000 1.60 3.97 3.91 -1000 45.83 0.32 260.319
car -1 -1 0.00 0.00 0.00 100.00 100.00 -1000 1.66 4.00 12.81 -1000 20.71 1.64 259.929
car -1 -1 0.00 0.00 0.00 100.00 100.00 -1000 1.77 4.55 -8.64 -1000 24.66 1.64 259.129
car -1 -1 0.00 0.00 0.00 100.00 100.00 -1000 1.70 4.50 10.52 -1000 16.54 1.68 259.103
car -1 -1 0.00 0.00 0.00 100.00 100.00 -1000 1.52 3.64 -17.28 -1000 35.93 1.51 257.743
car -1 -1 0.00 0.00 0.00 100.00 100.00 -1000 1.64 3.91 -14.70 -1000 26.49 1.59 257.169
car -1 -1 0.00 0.00 0.00 100.00 100.00 -1000 1.74 4.63 -6.52 -1000 41.05 1.38 256.136
car -1 -1 0.00 0.00 0.00 100.00 100.00 -1000 1.47 3.68 9.87 -1000 11.35 1.62 254.367
car -1 -1 0.00 0.00 0.00 100.00 100.00 -1000 1.48 3.60 6.17 -1000 25.41 1.57 252.991
car -1 -1 0.00 0.00 0.00 100.00 100.00 -1000 1.92 5.72 12.88 -1000 43.09 1.37 251.787
car -1 -1 0.00 0.00 0.00 100.00 100.00 -1000 1.70 4.33 14.07 -1000 38.23 1.41 251.348
car -1 -1 0.00 0.00 0.00 100.00 100.00 -1000 1.86 5.35 11.13 -1000 38.59 1.35 251.017
car -1 -1 0.00 0.00 0.00 100.00 100.00 -1000 1.54 4.47 2.97 -1000 42.71 0.20 249.765
car -1 -1 0.00 0.00 0.00 100.00 100.00 -1000 1.66 4.27 16.35 -1000 23.82 1.59 248.654
car -1 -1 0.00 0.00 0.00 100.00 100.00 -1000 1.74 4.72 11.65 -1000 27.32 1.56 248.121
car -1 -1 0.00 0.00 0.00 100.00 100.00 -1000 1.68 4.42 1.31 -1000 34.67 1.46 247.430
car -1 -1 0.00 0.00 0.00 100.00 100.00 -1000 1.62 4.18 -6.16 -1000 36.97 1.39 247.417
car -1 -1 0.00 0.00 0.00 100.00 100.00 -1000 1.49 3.52 2.69 -1000 19.46 1.51 245.879
car -1 -1 0.00 0.00 0.00 100.00 100.00 -1000 1.63 4.00 -17.84 -1000 41.68 1.50 242.928
