car -1 -1 0.00 0.00 0.00 100.00 100.00 -1000 1.78 5.38 2.24 -1000 7.05 2.70 999.995
car -1 -1 0.00 0.00 0.00 100.00 100.00 -1000 0.76 4.21 3.25 -1000 5.99 2.92 999.835
car -1 -1 0.00 0.00 0.00 100.00 100.00 -1000 0.92 4.44 7.66 -1000 36.10 0.49 998.048
car -1 -1 0.00 0.00 0.00 100.00 100.00 -1000 1.04 4.14 9.63 -1000 35.82 0.76 997.715
car -1 -1 0.00 0.00 0.00 100.00 100.00 -1000 1.85 4.36 4.61 -1000 34.80 1.73 996.621
car -1 -1 0.00 0.00 0.00 100.00 100.00 -1000 2.38 5.29 -4.82 -1000 15.81 1.34 995.065
car -1 -1 0.00 0.00 0.00 100.00 100.00 -1000 1.68 4.66 10.92 -1000 45.67 1.54 993.661
car -1 -1 0.00 0.00 0.00 100.00 100.00 -1000 1.37 3.68 7.91 -1000 16.20 -0.09 993.550
car -1 -1 0.00 0.00 0.00 100.00 100.00 -1000 0.90 3.92 8.68 -1000 32.98 0.89 991.262
car -1 -1 0.00 0.00 0.00 100.00 100.00 -1000 1.55 3.47 3.04 -1000 5.20 1.59 986.487
car -1 -1 0.00 0.00 0.00 100.00 100.00 -1000 2.37 5.92 6.16 -1000 36.16 2.03 983.051
car -1 -1 0.00 0.00 0.00 100.00 100.00 -1000 0.98 4.12 6.39 -1000 33.56 0.76 981.749
car -1 -1 0.00 0.00 0.00 100.00 100.00 -1000 1.77 4.30 2.43 -1000 23.15 1.61 981.541
car -1 -1 0.00 0.00 0.00 100.00 100.00 -1000 1.95 4.95 5.06 -1000 36.78 1.60 980.364
car -1 -1 0.00 0.00 0.00 100.00 100.00 -1000 1.61 4.19 -6.39 -1000 13.55 -0.14 980.054
car -1 -1 0.00 0.00 0.00 100.00 100.00 -1000 1.59 3.76 -5.42 -1000 14.35 1.61 979.062
car -1 -1 0.00 0.00 0.00 100.00 100.00 -1000 1.83 3.38 -3.99 -1000 13.64 1.31 978.032
car -1 -1 0.00 0.00 0.00 100.00 100.00 -1000 1.59 3.59 5.52 -1000 20.50 1.60 974.360
car -1 -1 0.00 0.00 0.00 100.00 100.00 -1000 1.61 4.25 9.11 -1000 39.42 -0.07 974.020
car -1 -1 0.00 0.00 0.00 100.00 100.00 -1000 1.04 3.69 6.66 -1000 13.92 0.58 972.523
car -1 -1 0.00 0.00 0.00 100.00 100.00 -1000 1.56 3.90 -3.31 -1000 14.45 1.50 969.224
car -1 -1 0.00 0.00 0.00 100.00 100.00 -1000 1.54 3.70 7.97 -1000 40.46 1.53 968.221
car -1 -1 0.00 0.00 0.00 100.00 100.00 -1000 1.17 3.33 6.23 -1000 11.77 0.38 966.234
car -1 -1 0.00 0.00 0.00 100.00 100.00 -1000 1.73 4.34 0.10 -1000 23.58 1.60 962.007
car -1 -1 0.00 0.00 0.00 100.00 100.00 -1000 1.42 3.61 6.34 -1000 16.19 0.14 953.999
car -1 -1 0.00 0.00 0.00 100.00 100.00 -1000 1.64 3.88 -6.47 -1000 14.79 1.60 951.433
car -1 -1 0.00 0.00 0.00 100.00 100.00 -1000 1.92 5.78 8.69 -1000 47.27 1.48 949.474
car -1 -1 0.00 0.00 0.00 100.00 100.00 -1000 1.76 4.78 -3.88 -1000 16.70 1.55 947.676
car -1 -1 0.00 0.00 0.00 100.00 100.00 -1000 1.31 3.93 5.97 -1000 36.02 -0.05 946.525
car -1 -1 0.00 0.00 0.00 100.00 100.00 -1000 2.12 4.65 5.32 -1000 33.83 1.96 945.795
car -1 -1 0.00 0.00 0.00 100.00 100.00 -1000 1.32 3.61 9.44 -1000 35.11 0.14 942.067
car -1 -1 0.00 0.00 0.00 100.00 100.00 -1000 1.63 3.68 -4.79 -1000 13.03 1.57 940.570
car -1 -1 0.00 0.00 0.00 100.00 100.00 -1000 1.60 4.10 -2.94 -1000 15.22 1.52 930.949
car -1 -1 0.00 0.00 0.00 100.00 100.00 -1000 1.46 3.69 7.39 -1000 33.02 0.11 926.950
car -1 -1 0.00 0.00 0.00 100.00 100.00 -1000 1.66 4.10 11.11 -1000 44.61 -0.12 926.453
car -1 -1 0.00 0.00 0.00 100.00 100.00 -1000 1.71 5.10 2.43 -1000 24.12 1.74 925.530
car -1 -1 0.00 0.00 0.00 100.00 100.00 -1000 2.13 6.48 6.16 -1000 33.03 0.18 923.036
car -1 -1 0.00 0.00 0.00 100.00 100.00 -1000 1.57 3.78 6.40 -1000 19.94 -0.29 919.248
car -1 -1 0.00 0.00 0.00 100.00 100.00 -1000 1.67 4.93 10.35 -1000 46.44 1.54 916.081
car -1 -1 0.00 0.00 0.00 100.00 100.00 -1000 1.67 4.07 9.99 -1000 38.68 -0.13 909.501
car -1 -1 0.00 0.00 0.00 100.00 100.00 -1000 1.61 4.03 -7.58 -1000 13.15 -0.26 908.024
car -1 -1 0.00 0.00 0.00 100.00 100.00 -1000 1.47 4.15 3.50 -1000 25.98 2.02 902.340
car -1 -1 0.00 0.00 0.00 100.00 100.00 -1000 1.55 3.43 -9.34 -1000 12.93 1.53 901.988
car -1 -1 0.00 0.00 0.00 100.00 100.00 -1000 1.65 4.06 7.40 -1000 39.80 -0.08 896.291
car -1 -1 0.00 0.00 0.00 100.00 100.00 -1000 1.44 3.23 5.71 -1000 12.44 1.90 873.208
car -1 -1 0.00 0.00 0.00 100.00 100.00 -1000 1.55 3.58 -7.69 -1000 14.38 1.54 870.181
car -1 -1 0.00 0.00 0.00 100.00 100.00 -1000 1.90 5.41 5.14 -1000 37.83 1.54 867.949
car -1 -1 0.00 0.00 0.00 100.00 100.00 -1000 1.65 3.72 -1.33 -1000 23.20 1.51 859.763
car -1 -1 0.00 0.00 0.00 100.00 100.00 -1000 1.18 3.16 8.45 -1000 46.96 1.64 858.575
car -1 -1 0.00 0.00 0.00 100.00 100.00 -1000 1.43 3.07 5.54 -1000 16.68 1.49 858.165
car -1 -1 0.00 0.00 0.00 100.00 100.00 -1000 1.73 4.23 4.24 -1000 35.85 1.46 857.871
car -1 -1 0.00 0.00 0.00 100.00 100.00 -1000 1.95 5.28 0.06 -1000 24.48 1.64 857.498
car -1 -1 0.00 0.00 0.00 100.00 100.00 -1000 1.62 3.92 9.24 -1000 45.76 -0.10 840.636
car -1 -1 0.00 0.00 0.00 100.00 100.00 -1000 1.61 3.98 12.45 -1000 45.18 1.70 827.874
car -1 -1 0.00 0.00 0.00 100.00 100.00 -1000 1.34 3.42 6.28 -1000 13.26 -0.04 825.933
car -1 -1 0.00 0.00 0.00 100.00 100.00 -1000 1.83 4.80 -2.04 -1000 19.09 1.63 818.663
car -1 -1 0.00 0.00 0.00 100.00 100.00 -1000 1.64 3.53 3.42 -1000 34.37 1.45 816.142
car -1 -1 0.00 0.00 0.00 100.00 100.00 -1000 1.89 6.15 2.43 -1000 25.33 1.57 815.113
car -1 -1 0.00 0.00 0.00 100.00 100.00 -1000 1.59 4.28 6.92 -1000 36.98 1.48 803.581
car -1 -1 0.00 0.00 0.00 100.00 100.00 -1000 1.57 3.85 10.33 -1000 39.75 1.62 796.013
car -1 -1 0.00 0.00 0.00 100.00 100.00 -1000 1.72 4.90 -3.94 -1000 17.60 1.44 795.708
car -1 -1 0.00 0.00 0.00 100.00 100.00 -1000 1.54 3.53 2.63 -1000 21.49 1.69 795.066
car -1 -1 0.00 0.00 0.00 100.00 100.00 -1000 1.81 4.66 -0.34 -1000 25.31 1.47 786.624
car -1 -1 0.00 0.00 0.00 100.00 100.00 -1000 1.79 4.59 3.04 -1000 22.25 1.68 784.752
car -1 -1 0.00 0.00 0.00 100.00 100.00 -1000 1.76 5.15 -2.84 -1000 16.03 1.46 771.335
car -1 -1 0.00 0.00 0.00 100.00 100.00 -1000 1.37 6.47 4.85 -1000 27.54 1.55 767.313
car -1 -1 0.00 0.00 0.00 100.00 100.00 -1000 1.55 3.55 -8.67 -1000 13.71 1.51 763.284
car -1 -1 0.00 0.00 0.00 100.00 100.00 -1000 1.49 3.64 7.09 -1000 40.93 1.53 761.709
car -1 -1 0.00 0.00 0.00 100.00 100.00 -1000 1.77 4.58 5.79 -1000 38.70 1.51 761.552
car -1 -1 0.00 0.00 0.00 100.00 100.00 -1000 1.22 3.21 6.08 -1000 11.07 2.30 747.752
car -1 -1 0.00 0.00 0.00 100.00 100.00 -1000 1.94 5.40 6.97 -1000 35.36 1.55 734.843
car -1 -1 0.00 0.00 0.00 100.00 100.00 -1000 1.63 3.64 -9.98 -1000 12.15 1.46 728.159
car -1 -1 0.00 0.00 0.00 100.00 100.00 -1000 1.52 3.57 2.65 -1000 4.48 -0.11 726.239
car -1 -1 0.00 0.00 0.00 100.00 100.00 -1000 2.47 5.54 0.97 -1000 21.86 -0.22 723.798
car -1 -1 0.00 0.00 0.00 100.00 100.00 -1000 2.61 5.58 6.33 -1000 19.33 -0.12 716.162
car -1 -1 0.00 0.00 0.00 100.00 100.00 -1000 1.36 3.87 6.50 -1000 30.10 0.16 700.546
car -1 -1 0.00 0.00 0.00 100.00 100.00 -1000 1.75 4.52 4.98 -1000 19.54 0.05 694.979
car -1 -1 0.00 0.00 0.00 100.00 100.00 -1000 2.08 5.94 -7.74 -1000 9.95 1.72 692.918
car -1 -1 0.00 0.00 0.00 100.00 100.00 -1000 2.39 8.91 -7.49 -1000 17.14 1.49 690.698
car -1 -1 0.00 0.00 0.00 100.00 100.00 -1000 1.95 5.53 -2.55 -1000 18.10 1.64 686.433
car -1 -1 0.00 0.00 0.00 100.00 100.00 -1000 0.99 3.86 7.70 -1000 29.75 0.53 685.723
car -1 -1 0.00 0.00 0.00 100.00 100.00 -1000 1.38 3.35 6.90 -1000 16.92 -0.13 680.436
car -1 -1 0.00 0.00 0.00 100.00 100.00 -1000 1.67 3.91 0.81 -1000 22.71 1.61 680.396
car -1 -1 0.00 0.00 0.00 100.00 100.00 -1000 1.30 8.27 5.49 -1000 30.27 1.47 677.739
car -1 -1 0.00 0.00 0.00 100.00 100.00 -1000 2.01 5.13 -4.26 -1000 12.35 -0.39 676.604
car -1 -1 0.00 0.00 0.00 100.00 100.00 -1000 2.09 6.21 12.21 -1000 46.14 1.58 669.157
car -1 -1 0.00 0.00 0.00 100.00 100.00 -1000 1.53 4.53 8.31 -1000 32.25 0.27 656.000
car -1 -1 0.00 0.00 0.00 100.00 100.00 -1000 2.61 5.47 11.84 -1000 43.76 -0.20 650.673
car -1 -1 0.00 0.00 0.00 100.00 100.00 -1000 1.66 4.08 2.21 -1000 26.97 1.49 647.531
car -1 -1 0.00 0.00 0.00 100.00 100.00 -1000 1.44 3.35 9.03 -1000 36.57 1.57 642.321
car -1 -1 0.00 0.00 0.00 100.00 100.00 -1000 1.87 5.54 0.84 -1000 26.07 1.54 634.126
car -1 -1 0.00 0.00 0.00 100.00 100.00 -1000 1.53 3.79 3.01 -1000 33.50 0.12 633.796
car -1 -1 0.00 0.00 0.00 100.00 100.00 -1000 1.61 4.31 -2.19 -1000 20.04 1.43 632.004
car -1 -1 0.00 0.00 0.00 100.00 100.00 -1000 2.28 8.18 -5.91 -1000 18.77 1.50 628.687
car -1 -1 0.00 0.00 0.00 100.00 100.00 -1000 1.54 3.89 -1.82 -1000 22.21 0.16 613.090
car -1 -1 0.00 0.00 0.00 100.00 100.00 -1000 1.82 4.58 3.23 -1000 20.57 1.72 612.525
car -1 -1 0.00 0.00 0.00 100.00 100.00 -1000 1.43 3.01 7.45 -1000 47.27 1.55 605.617
car -1 -1 0.00 0.00 0.00 100.00 100.00 -1000 1.37 3.59 12.87 -1000 21.24 0.28 604.858
car -1 -1 0.00 0.00 0.00 100.00 100.00 -1000 1.51 3.96 6.93 -1000 15.24 -0.32 590.283
car -1 -1 0.00 0.00 0.00 100.00 100.00 -1000 1.73 5.15 4.57 -1000 25.41 1.73 587.732
car -1 -1 0.00 0.00 0.00 100.00 100.00 -1000 1.74 4.81 4.53 -1000 23.99 1.82 586.549
car -1 -1 0.00 0.00 0.00 100.00 100.00 -1000 1.74 4.55 6.16 -1000 21.15 1.61 571.359
car -1 -1 0.00 0.00 0.00 100.00 100.00 -1000 0.50 3.15 8.03 -1000 12.02 1.28 556.638
car -1 -1 0.00 0.00 0.00 100.00 100.00 -1000 1.44 3.28 11.48 -1000 43.76 1.57 551.791
car -1 -1 0.00 0.00 0.00 100.00 100.00 -1000 2.09 6.95 -9.01 -1000 16.27 1.46 540.639
car -1 -1 0.00 0.00 0.00 100.00 100.00 -1000 1.22 3.53 3.76 -1000 6.66 -0.06 537.463
car -1 -1 0.00 0.00 0.00 100.00 100.00 -1000 1.63 3.67 -8.11 -1000 12.23 1.57 533.480
car -1 -1 0.00 0.00 0.00 100.00 100.00 -1000 1.57 3.60 6.60 -1000 17.68 1.53 531.871
car -1 -1 0.00 0.00 0.00 100.00 100.00 -1000 1.12 3.79 5.57 -1000 28.00 0.26 531.087
car -1 -1 0.00 0.00 0.00 100.00 100.00 -1000 1.41 3.26 7.28 -1000 33.97 1.49 521.843
car -1 -1 0.00 0.00 0.00 100.00 100.00 -1000 1.51 3.06 6.91 -1000 18.49 1.35 519.981
car -1 -1 0.00 0.00 0.00 100.00 100.00 -1000 2.05 6.72 2.35 -1000 38.08 1.46 498.715
car -1 -1 0.00 0.00 0.00 100.00 100.00 -1000 2.34 5.30 8.01 -1000 46.21 0.04 488.578
car -1 -1 0.00 0.00 0.00 100.00 100.00 -1000 2.10 6.77 -7.19 -1000 15.53 1.49 481.271
car -1 -1 0.00 0.00 0.00 100.00 100.00 -1000 2.20 6.49 4.09 -1000 21.24 1.71 480.705
car -1 -1 0.00 0.00 0.00 100.00 100.00 -1000 1.55 3.90 14.39 -1000 43.34 1.53 480.085
car -1 -1 0.00 0.00 0.00 100.00 100.00 -1000 1.93 5.81 2.61 -1000 34.95 1.48 467.224
car -1 -1 0.00 0.00 0.00 100.00 100.00 -1000 1.99 6.51 -2.53 -1000 25.95 1.47 459.066
car -1 -1 0.00 0.00 0.00 100.00 100.00 -1000 2.08 6.89 -5.27 -1000 20.38 1.51 457.842
car -1 -1 0.00 0.00 0.00 100.00 100.00 -1000 2.05 6.27 1.93 -1000 36.94 1.47 448.979
car -1 -1 0.00 0.00 0.00 100.00 100.00 -1000 1.99 6.23 -10.22 -1000 15.55 1.48 446.103
car -1 -1 0.00 0.00 0.00 100.00 100.00 -1000 2.04 6.42 -3.73 -1000 25.24 1.48 437.530
car -1 -1 0.00 0.00 0.00 100.00 100.00 -1000 1.48 3.30 9.12 -1000 33.86 1.51 435.737
car -1 -1 0.00 0.00 0.00 100.00 100.00 -1000 1.86 5.36 -2.00 -1000 16.85 1.52 434.732
car -1 -1 0.00 0.00 0.00 100.00 100.00 -1000 1.93 6.19 3.15 -1000 38.87 1.43 419.695
car -1 -1 0.00 0.00 0.00 100.00 100.00 -1000 1.96 5.99 -2.16 -1000 24.03 1.46 419.165
car -1 -1 0.00 0.00 0.00 100.00 100.00 -1000 1.99 6.48 -1.73 -1000 26.79 1.45 415.470
car -1 -1 0.00 0.00 0.00 100.00 100.00 -1000 1.64 3.93 8.44 -1000 23.18 0.04 409.791
car -1 -1 0.00 0.00 0.00 100.00 100.00 -1000 1.60 3.62 5.52 -1000 14.10 1.49 408.453
car -1 -1 0.00 0.00 0.00 100.00 100.00 -1000 1.92 5.54 1.00 -1000 36.16 1.47 404.061
car -1 -1 0.00 0.00 0.00 100.00 100.00 -1000 2.62 6.16 -9.04 -1000 11.48 -0.20 396.358
car -1 -1 0.00 0.00 0.00 100.00 100.00 -1000 1.54 3.33 7.51 -1000 19.41 1.67 387.941
car -1 -1 0.00 0.00 0.00 100.00 100.00 -1000 1.68 4.26 9.79 -1000 18.27 -0.02 386.997
car -1 -1 0.00 0.00 0.00 100.00 100.00 -1000 1.91 5.76 -11.03 -1000 14.75 1.49 386.910
car -1 -1 0.00 0.00 0.00 100.00 100.00 -1000 2.03 6.73 2.68 -1000 39.74 1.50 386.302
car -1 -1 0.00 0.00 0.00 100.00 100.00 -1000 1.61 3.26 12.59 -1000 42.51 1.44 384.688
car -1 -1 0.00 0.00 0.00 100.00 100.00 -1000 1.56 3.54 2.94 -1000 3.73 1.63 382.057
car -1 -1 0.00 0.00 0.00 100.00 100.00 -1000 1.90 5.93 -4.27 -1000 21.16 1.46 378.204
car -1 -1 0.00 0.00 0.00 100.00 100.00 -1000 1.88 3.73 9.77 -1000 45.06 1.59 377.900
car -1 -1 0.00 0.00 0.00 100.00 100.00 -1000 1.91 5.65 -11.89 -1000 13.95 1.46 377.622
car -1 -1 0.00 0.00 0.00 100.00 100.00 -1000 2.04 6.35 9.31 -1000 40.99 1.43 371.735
car -1 -1 0.00 0.00 0.00 100.00 100.00 -1000 1.64 3.36 -8.28 -1000 10.57 1.57 368.500
car -1 -1 0.00 0.00 0.00 100.00 100.00 -1000 1.51 3.85 -10.72 -1000 11.32 0.15 363.708
car -1 -1 0.00 0.00 0.00 100.00 100.00 -1000 2.13 7.26 -6.94 -1000 19.57 1.47 363.572
car -1 -1 0.00 0.00 0.00 100.00 100.00 -1000 1.39 4.15 4.95 -1000 30.75 -0.07 361.237
car -1 -1 0.00 0.00 0.00 100.00 100.00 -1000 1.61 3.42 -8.79 -1000 11.31 1.61 359.234
car -1 -1 0.00 0.00 0.00 100.00 100.00 -1000 1.32 3.79 4.58 -1000 28.40 0.17 357.243
car -1 -1 0.00 0.00 0.00 100.00 100.00 -1000 1.47 6.11 6.65 -1000 29.17 1.50 352.847
car -1 -1 0.00 0.00 0.00 100.00 100.00 -1000 1.49 3.63 4.67 -1000 12.05 1.52 342.643
car -1 -1 0.00 0.00 0.00 100.00 100.00 -1000 1.63 4.12 2.57 -1000 32.67 1.44 340.557
car -1 -1 0.00 0.00 0.00 100.00 100.00 -1000 1.70 4.16 7.21 -1000 20.63 1.68 339.230
car -1 -1 0.00 0.00 0.00 100.00 100.00 -1000 1.73 4.04 9.02 -1000 17.28 1.57 335.109
car -1 -1 0.00 0.00 0.00 100.00 100.00 -1000 2.40 8.49 12.61 -1000 46.96 1.49 333.902
car -1 -1 0.00 0.00 0.00 100.00 100.00 -1000 3.81 8.70 0.08 -1000 21.95 -0.16 333.503
car -1 -1 0.00 0.00 0.00 100.00 100.00 -1000 4.18 11.15 1.98 -1000 20.85 -0.03 329.715
car -1 -1 0.00 0.00 0.00 100.00 100.00 -1000 1.69 3.45 -7.08 -1000 9.34 1.45 324.551
car -1 -1 0.00 0.00 0.00 100.00 100.00 -1000 2.14 6.87 6.36 -1000 43.04 1.49 324.067
car -1 -1 0.00 0.00 0.00 100.00 100.00 -1000 1.80 5.22 -11.12 -1000 13.17 1.46 320.873
car -1 -1 0.00 0.00 0.00 100.00 100.00 -1000 1.53 3.44 6.40 -1000 40.39 1.44 313.640
car -1 -1 0.00 0.00 0.00 100.00 100.00 -1000 1.76 4.80 1.65 -1000 34.19 1.46 312.706
car -1 -1 0.00 0.00 0.00 100.00 100.00 -1000 1.58 3.85 1.63 -1000 4.01 0.15 312.426
car -1 -1 0.00 0.00 0.00 100.00 100.00 -1000 2.44 6.24 4.74 -1000 22.92 1.68 312.118
car -1 -1 0.00 0.00 0.00 100.00 100.00 -1000 1.78 4.77 4.51 -1000 6.02 1.64 312.077
car -1 -1 0.00 0.00 0.00 100.00 100.00 -1000 1.79 5.02 4.11 -1000 7.53 1.58 310.845
car -1 -1 0.00 0.00 0.00 100.00 100.00 -1000 3.23 9.72 9.38 -1000 38.63 -0.23 307.773
car -1 -1 0.00 0.00 0.00 100.00 100.00 -1000 1.61 3.58 8.11 -1000 31.01 1.50 306.653
car -1 -1 0.00 0.00 0.00 100.00 100.00 -1000 1.76 4.98 -3.08 -1000 23.26 1.46 303.818
car -1 -1 0.00 0.00 0.00 100.00 100.00 -1000 1.71 4.29 7.57 -1000 14.45 1.56 303.016
car -1 -1 0.00 0.00 0.00 100.00 100.00 -1000 1.60 3.84 10.69 -1000 37.06 1.50 300.843
car -1 -1 0.00 0.00 0.00 100.00 100.00 -1000 1.58 3.65 11.08 -1000 39.19 1.61 299.993
car -1 -1 0.00 0.00 0.00 100.00 100.00 -1000 1.21 4.03 13.10 -1000 20.40 0.49 299.989
car -1 -1 0.00 0.00 0.00 100.00 100.00 -1000 1.40 3.36 6.15 -1000 14.72 1.39 295.579
car -1 -1 0.00 0.00 0.00 100.00 100.00 -1000 1.73 4.48 13.70 -1000 44.69 1.52 294.928
car -1 -1 0.00 0.00 0.00 100.00 100.00 -1000 2.18 6.83 8.22 -1000 42.22 1.48 294.805
car -1 -1 0.00 0.00 0.00 100.00 100.00 -1000 1.63 3.44 1.20 -1000 21.30 1.52 289.724
car -1 -1 0.00 0.00 0.00 100.00 100.00 -1000 1.96 6.15 -4.70 -1000 22.03 1.49 289.425
car -1 -1 0.00 0.00 0.00 100.00 100.00 -1000 2.09 7.04 -8.73 -1000 17.97 1.43 288.758
car -1 -1 0.00 0.00 0.00 100.00 100.00 -1000 1.55 3.45 6.33 -1000 31.11 1.51 287.170
car -1 -1 0.00 0.00 0.00 100.00 100.00 -1000 1.53 3.59 8.98 -1000 19.69 1.60 280.812
car -1 -1 0.00 0.00 0.00 100.00 100.00 -1000 1.68 3.61 2.03 -1000 20.18 1.61 280.717
car -1 -1 0.00 0.00 0.00 100.00 100.00 -1000 1.68 4.03 4.18 -1000 4.44 1.62 274.263
car -1 -1 0.00 0.00 0.00 100.00 100.00 -1000 1.73 4.63 -12.10 -1000 12.40 1.45 273.261
car -1 -1 0.00 0.00 0.00 100.00 100.00 -1000 1.61 3.64 -6.02 -1000 12.38 1.31 273.057
car -1 -1 0.00 0.00 0.00 100.00 100.00 -1000 1.70 4.11 14.10 -1000 42.41 1.61 269.862
car -1 -1 0.00 0.00 0.00 100.00 100.00 -1000 1.88 5.90 -0.71 -1000 27.60 1.48 268.026
car -1 -1 0.00 0.00 0.00 100.00 100.00 -1000 1.61 4.08 9.86 -1000 22.67 -0.08 267.953
car -1 -1 0.00 0.00 0.00 100.00 100.00 -1000 1.63 4.07 5.69 -1000 39.82 1.51 266.890
car -1 -1 0.00 0.00 0.00 100.00 100.00 -1000 1.99 6.54 -4.41 -1000 19.53 1.43 266.760
car -1 -1 0.00 0.00 0.00 100.00 100.00 -1000 1.47 4.05 5.50 -1000 26.05 -0.06 261.543
car -1 -1 0.00 0.00 0.00 100.00 100.00 -1000 1.78 3.69 3.29 -1000 2.78 1.50 253.732
car -1 -1 0.00 0.00 0.00 100.00 100.00 -1000 1.60 3.60 3.81 -1000 29.34 1.51 252.055
car -1 -1 0.00 0.00 0.00 100.00 100.00 -1000 1.72 4.68 4.58 -1000 26.63 1.54 251.117
car -1 -1 0.00 0.00 0.00 100.00 100.00 -1000 1.62 4.34 13.10 -1000 22.41 1.60 249.295
car -1 -1 0.00 0.00 0.00 100.00 100.00 -1000 4.25 9.51 5.08 -1000 33.32 -0.21 249.068
car -1 -1 0.00 0.00 0.00 100.00 100.00 -1000 1.79 4.96 4.87 -1000 17.25 1.51 246.587
car -1 -1 0.00 0.00 0.00 100.00 100.00 -1000 1.63 3.66 -1.09 -1000 19.60 1.43 244.508
car -1 -1 0.00 0.00 0.00 100.00 100.00 -1000 1.45 3.73 -2.81 -1000 21.80 0.21 244.247
car -1 -1 0.00 0.00 0.00 100.00 100.00 -1000 1.72 5.51 11.87 -1000 41.41 1.48 241.927
car -1 -1 0.00 0.00 0.00 100.00 100.00 -1000 2.57 6.70 9.82 -1000 44.96 0.10 240.973
car -1 -1 0.00 0.00 0.00 100.00 100.00 -1000 1.57 3.76 9.54 -1000 23.82 1.65 239.440
car -1 -1 0.00 0.00 0.00 100.00 100.00 -1000 1.67 5.27 7.84 -1000 37.69 1.40 237.733
car -1 -1 0.00 0.00 0.00 100.00 100.00 -1000 1.96 4.91 12.95 -1000 19.43 0.14 236.310
car -1 -1 0.00 0.00 0.00 100.00 100.00 -1000 1.76 4.47 6.21 -1000 24.54 1.56 234.489
car -1 -1 0.00 0.00 0.00 100.00 100.00 -1000 1.16 4.32 6.82 -1000 27.27 0.37 232.569
car -1 -1 0.00 0.00 0.00 100.00 100.00 -1000 1.55 3.96 6.73 -1000 23.17 0.13 224.957
car -1 -1 0.00 0.00 0.00 100.00 100.00 -1000 2.21 6.71 -2.73 -1000 13.86 -0.43 224.536
car -1 -1 0.00 0.00 0.00 100.00 100.00 -1000 1.85 5.59 3.74 -1000 40.52 1.46 220.477
car -1 -1 0.00 0.00 0.00 100.00 100.00 -1000 1.66 4.35 5.60 -1000 46.31 1.45 215.182
car -1 -1 0.00 0.00 0.00 100.00 100.00 -1000 1.92 5.73 -9.36 -1000 14.31 1.42 214.557
car -1 -1 0.00 0.00 0.00 100.00 100.00 -1000 1.61 4.28 11.95 -1000 35.36 1.53 212.388
car -1 -1 0.00 0.00 0.00 100.00 100.00 -1000 2.17 6.55 5.94 -1000 22.02 1.58 210.987
car -1 -1 0.00 0.00 0.00 100.00 100.00 -1000 1.69 4.34 -11.02 -1000 10.44 1.45 205.144
car -1 -1 0.00 0.00 0.00 100.00 100.00 -1000 1.81 4.06 2.80 -1000 19.27 1.52 203.685
car -1 -1 0.00 0.00 0.00 100.00 100.00 -1000 2.05 6.71 14.50 -1000 45.84 1.41 201.715
car -1 -1 0.00 0.00 0.00 100.00 100.00 -1000 1.80 5.35 5.88 -1000 42.15 1.46 201.453
car -1 -1 0.00 0.00 0.00 100.00 100.00 -1000 1.72 4.64 0.73 -1000 33.41 1.41 198.239
car -1 -1 0.00 0.00 0.00 100.00 100.00 -1000 1.94 5.05 9.18 -1000 34.53 -0.02 197.135
car -1 -1 0.00 0.00 0.00 100.00 100.00 -1000 1.68 3.94 12.14 -1000 22.93 1.64 196.997
car -1 -1 0.00 0.00 0.00 100.00 100.00 -1000 1.89 5.78 4.22 -1000 41.82 1.46 194.149
car -1 -1 0.00 0.00 0.00 100.00 100.00 -1000 1.67 4.41 1.49 -1000 32.19 1.42 193.773
car -1 -1 0.00 0.00 0.00 100.00 100.00 -1000 2.92 6.62 1.83 -1000 20.69 -0.17 192.698
car -1 -1 0.00 0.00 0.00 100.00 100.00 -1000 2.08 6.33 11.36 -1000 40.60 1.47 192.677
car -1 -1 0.00 0.00 0.00 100.00 100.00 -1000 1.68 3.82 7.28 -1000 28.57 1.50 189.672
car -1 -1 0.00 0.00 0.00 100.00 100.00 -1000 1.52 3.85 7.28 -1000 23.82 0.06 189.632
car -1 -1 0.00 0.00 0.00 100.00 100.00 -1000 1.75 4.95 10.09 -1000 41.84 1.38 189.091
car -1 -1 0.00 0.00 0.00 100.00 100.00 -1000 1.70 5.03 -2.47 -1000 20.83 1.45 188.231
car -1 -1 0.00 0.00 0.00 100.00 100.00 -1000 1.90 5.74 -0.14 -1000 35.46 1.41 181.839
car -1 -1 0.00 0.00 0.00 100.00 100.00 -1000 1.84 5.56 -4.89 -1000 23.64 1.41 181.519
car -1 -1 0.00 0.00 0.00 100.00 100.00 -1000 1.48 3.69 4.59 -1000 5.21 0.15 178.849
car -1 -1 0.00 0.00 0.00 100.00 100.00 -1000 2.05 5.25 7.96 -1000 38.68 1.22 178.496
car -1 -1 0.00 0.00 0.00 100.00 100.00 -1000 1.74 4.37 9.05 -1000 15.30 1.57 174.267
car -1 -1 0.00 0.00 0.00 100.00 100.00 -1000 1.85 5.57 15.58 -1000 46.67 1.44 172.923
car -1 -1 0.00 0.00 0.00 100.00 100.00 -1000 1.71 4.85 14.44 -1000 20.77 1.55 169.882
car -1 -1 0.00 0.00 0.00 100.00 100.00 -1000 1.74 4.40 12.21 -1000 23.75 1.64 168.508
car -1 -1 0.00 0.00 0.00 100.00 100.00 -1000 1.86 5.61 16.44 -1000 45.37 1.43 167.453
car -1 -1 0.00 0.00 0.00 100.00 100.00 -1000 1.55 3.87 3.45 -1000 31.38 1.46 164.073
car -1 -1 0.00 0.00 0.00 100.00 100.00 -1000 1.81 5.22 6.07 -1000 43.91 1.29 162.970
car -1 -1 0.00 0.00 0.00 100.00 100.00 -1000 1.90 5.81 8.15 -1000 21.69 1.41 162.310
car -1 -1 0.00 0.00 0.00 100.00 100.00 -1000 2.02 7.03 14.58 -1000 47.43 1.46 161.415
car -1 -1 0.00 0.00 0.00 100.00 100.00 -1000 1.72 4.68 15.61 -1000 43.81 1.49 160.823
car -1 -1 0.00 0.00 0.00 100.00 100.00 -1000 1.41 3.25 5.56 -1000 31.66 1.44 160.268
car -1 -1 0.00 0.00 0.00 100.00 100.00 -1000 1.92 5.22 -1.02 -1000 16.20 1.43 160.133
car -1 -1 0.00 0.00 0.00 100.00 100.00 -1000 1.72 4.38 14.44 -1000 19.73 1.52 158.822
car -1 -1 0.00 0.00 0.00 100.00 100.00 -1000 1.83 4.31 14.31 -1000 41.51 1.53 158.777
car -1 -1 0.00 0.00 0.00 100.00 100.00 -1000 1.67 4.66 16.83 -1000 41.82 1.43 157.104
car -1 -1 0.00 0.00 0.00 100.00 100.00 -1000 1.77 5.07 13.52 -1000 40.53 1.50 156.598
car -1 -1 0.00 0.00 0.00 100.00 100.00 -1000 1.75 4.81 16.70 -1000 43.03 1.44 155.982
car -1 -1 0.00 0.00 0.00 100.00 100.00 -1000 1.62 4.25 1.74 -1000 3.16 1.48 155.752
car -1 -1 0.00 0.00 0.00 100.00 100.00 -1000 1.58 3.61 12.08 -1000 21.81 1.64 154.236
car -1 -1 0.00 0.00 0.00 100.00 100.00 -1000 1.70 4.45 4.83 -1000 3.55 1.52 152.429
car -1 -1 0.00 0.00 0.00 100.00 100.00 -1000 1.74 4.67 9.11 -1000 20.41 1.61 152.322
car -1 -1 0.00 0.00 0.00 100.00 100.00 -1000 1.74 4.57 8.61 -1000 18.85 0.00 151.402
car -1 -1 0.00 0.00 0.00 100.00 100.00 -1000 1.60 4.23 6.43 -1000 45.01 1.45 150.559
car -1 -1 0.00 0.00 0.00 100.00 100.00 -1000 1.70 4.32 -10.62 -1000 9.57 1.40 150.482
car -1 -1 0.00 0.00 0.00 100.00 100.00 -1000 1.71 4.59 7.02 -1000 4.32 1.45 149.943
car -1 -1 0.00 0.00 0.00 100.00 100.00 -1000 1.63 3.04 5.77 -1000 32.58 1.31 149.930
car -1 -1 0.00 0.00 0.00 100.00 100.00 -1000 1.79 5.20 16.50 -1000 22.79 1.45 149.906
car -1 -1 0.00 0.00 0.00 100.00 100.00 -1000 1.71 5.24 6.78 -1000 26.58 1.55 149.429
car -1 -1 0.00 0.00 0.00 100.00 100.00 -1000 3.51 9.43 11.44 -1000 43.87 -0.07 147.259
car -1 -1 0.00 0.00 0.00 100.00 100.00 -1000 1.63 4.96 8.82 -1000 42.95 1.38 146.686
car -1 -1 0.00 0.00 0.00 100.00 100.00 -1000 1.86 4.59 6.35 -1000 10.03 1.56 144.640
car -1 -1 0.00 0.00 0.00 100.00 100.00 -1000 1.85 5.77 14.83 -1000 25.24 1.45 141.732
car -1 -1 0.00 0.00 0.00 100.00 100.00 -1000 1.69 4.57 13.33 -1000 35.76 1.46 141.685
car -1 -1 0.00 0.00 0.00 100.00 100.00 -1000 1.67 4.51 8.50 -1000 24.41 1.55 140.592
car -1 -1 0.00 0.00 0.00 100.00 100.00 -1000 1.74 4.85 16.54 -1000 21.67 1.45 140.580
car -1 -1 0.00 0.00 0.00 100.00 100.00 -1000 1.79 5.24 2.33 -1000 27.67 1.45 138.808
