car -1 -1 0.00 0.00 0.00 100.00 100.00 -1000 1.72 4.25 2.21 -1000 41.44 1.55 999.270
car -1 -1 0.00 0.00 0.00 100.00 100.00 -1000 1.66 3.95 3.13 -1000 27.62 1.55 998.559
car -1 -1 0.00 0.00 0.00 100.00 100.00 -1000 1.65 4.60 3.67 -1000 26.88 -0.15 998.525
car -1 -1 0.00 0.00 0.00 100.00 100.00 -1000 1.67 4.12 7.26 -1000 27.57 1.58 998.485
car -1 -1 0.00 0.00 0.00 100.00 100.00 -1000 1.69 3.89 3.72 -1000 9.27 1.65 998.476
car -1 -1 0.00 0.00 0.00 100.00 100.00 -1000 2.69 5.44 8.49 -1000 26.78 -0.32 992.666
car -1 -1 0.00 0.00 0.00 100.00 100.00 -1000 1.67 4.47 3.54 -1000 8.47 -0.13 992.650
car -1 -1 0.00 0.00 0.00 100.00 100.00 -1000 1.59 3.86 0.05 -1000 31.57 1.56 991.147
car -1 -1 0.00 0.00 0.00 100.00 100.00 -1000 1.57 3.60 5.63 -1000 33.43 1.51 987.628
car -1 -1 0.00 0.00 0.00 100.00 100.00 -1000 1.64 4.22 3.72 -1000 10.30 1.62 984.545
car -1 -1 0.00 0.00 0.00 100.00 100.00 -1000 2.13 4.63 2.74 -1000 40.50 -0.27 983.988
car -1 -1 0.00 0.00 0.00 100.00 100.00 -1000 2.17 6.88 2.92 -1000 30.21 1.67 979.428
car -1 -1 0.00 0.00 0.00 100.00 100.00 -1000 1.88 5.26 2.75 -1000 28.37 1.60 975.047
car -1 -1 0.00 0.00 0.00 100.00 100.00 -1000 2.05 6.55 0.57 -1000 43.69 1.60 968.294
car -1 -1 0.00 0.00 0.00 100.00 100.00 -1000 1.64 4.14 -9.99 -1000 45.03 -0.15 963.683
car -1 -1 0.00 0.00 0.00 100.00 100.00 -1000 1.94 5.94 6.91 -1000 29.64 1.58 962.072
car -1 -1 0.00 0.00 0.00 100.00 100.00 -1000 1.67 4.06 -3.05 -1000 46.36 -0.12 942.386
car -1 -1 0.00 0.00 0.00 100.00 100.00 -1000 1.79 5.12 1.61 -1000 42.16 1.63 938.079
car -1 -1 0.00 0.00 0.00 100.00 100.00 -1000 1.87 5.02 6.33 -1000 28.61 1.61 933.271
car -1 -1 0.00 0.00 0.00 100.00 100.00 -1000 1.64 3.92 5.99 -1000 27.85 1.59 926.004
car -1 -1 0.00 0.00 0.00 100.00 100.00 -1000 1.51 3.40 -10.13 -1000 45.82 1.61 921.621
car -1 -1 0.00 0.00 0.00 100.00 100.00 -1000 1.89 5.34 2.29 -1000 29.31 1.58 918.615
car -1 -1 0.00 0.00 0.00 100.00 100.00 -1000 1.57 3.60 12.02 -1000 16.40 0.02 917.264
car -1 -1 0.00 0.00 0.00 100.00 100.00 -1000 1.63 4.19 13.31 -1000 25.28 -0.01 914.110
car -1 -1 0.00 0.00 0.00 100.00 100.00 -1000 1.55 3.84 -3.23 -1000 40.26 -0.05 913.154
car -1 -1 0.00 0.00 0.00 100.00 100.00 -1000 1.66 4.35 2.11 -1000 27.17 0.14 912.551
car -1 -1 0.00 0.00 0.00 100.00 100.00 -1000 1.60 3.90 -8.05 -1000 45.44 -0.19 910.387
car -1 -1 0.00 0.00 0.00 100.00 100.00 -1000 1.54 3.38 2.76 -1000 10.91 1.60 903.147
car -1 -1 0.00 0.00 0.00 100.00 100.00 -1000 1.63 3.91 -0.33 -1000 41.42 1.60 901.396
car -1 -1 0.00 0.00 0.00 100.00 100.00 -1000 1.57 3.54 5.84 -1000 32.56 -0.21 900.793
car -1 -1 0.00 0.00 0.00 100.00 100.00 -1000 1.50 3.50 16.41 -1000 36.12 0.03 898.169
car -1 -1 0.00 0.00 0.00 100.00 100.00 -1000 1.66 4.28 5.15 -1000 27.10 -0.17 895.183
car -1 -1 0.00 0.00 0.00 100.00 100.00 -1000 1.56 3.67 -6.72 -1000 45.82 -0.19 893.938
car -1 -1 0.00 0.00 0.00 100.00 100.00 -1000 1.57 3.83 -11.71 -1000 44.59 -0.12 891.188
car -1 -1 0.00 0.00 0.00 100.00 100.00 -1000 1.61 3.85 3.76 -1000 41.27 1.72 880.442
car -1 -1 0.00 0.00 0.00 100.00 100.00 -1000 1.50 3.37 -11.37 -1000 45.64 1.63 875.318
car -1 -1 0.00 0.00 0.00 100.00 100.00 -1000 1.63 4.08 -5.31 -1000 46.20 -0.25 873.967
car -1 -1 0.00 0.00 0.00 100.00 100.00 -1000 2.64 9.95 4.64 -1000 29.41 1.64 873.740
car -1 -1 0.00 0.00 0.00 100.00 100.00 -1000 1.51 3.35 -8.78 -1000 46.22 1.62 871.933
car -1 -1 0.00 0.00 0.00 100.00 100.00 -1000 1.44 3.40 -3.30 -1000 47.35 1.53 858.867
car -1 -1 0.00 0.00 0.00 100.00 100.00 -1000 1.51 3.70 6.30 -1000 34.14 1.66 857.232
car -1 -1 0.00 0.00 0.00 100.00 100.00 -1000 1.43 3.30 -2.55 -1000 41.26 1.60 854.821
car -1 -1 0.00 0.00 0.00 100.00 100.00 -1000 1.58 4.08 1.51 -1000 30.89 1.64 850.692
car -1 -1 0.00 0.00 0.00 100.00 100.00 -1000 1.51 3.72 5.58 -1000 34.87 1.58 848.176
car -1 -1 0.00 0.00 0.00 100.00 100.00 -1000 1.91 5.36 5.48 -1000 30.98 1.59 844.852
car -1 -1 0.00 0.00 0.00 100.00 100.00 -1000 1.41 3.24 14.12 -1000 26.02 1.62 844.025
car -1 -1 0.00 0.00 0.00 100.00 100.00 -1000 1.65 4.04 -5.16 -1000 39.86 -0.13 840.230
car -1 -1 0.00 0.00 0.00 100.00 100.00 -1000 1.50 3.36 -14.59 -1000 23.91 1.58 825.342
car -1 -1 0.00 0.00 0.00 100.00 100.00 -1000 1.74 4.49 4.95 -1000 9.66 1.73 823.516
car -1 -1 0.00 0.00 0.00 100.00 100.00 -1000 1.45 3.30 -5.93 -1000 46.98 1.59 821.160
car -1 -1 0.00 0.00 0.00 100.00 100.00 -1000 1.52 3.68 -15.13 -1000 23.17 -0.08 800.187
car -1 -1 0.00 0.00 0.00 100.00 100.00 -1000 1.66 4.10 1.09 -1000 29.85 1.57 793.506
car -1 -1 0.00 0.00 0.00 100.00 100.00 -1000 1.51 3.53 2.73 -1000 9.76 1.44 793.022
car -1 -1 0.00 0.00 0.00 100.00 100.00 -1000 1.54 3.68 -7.09 -1000 39.39 -0.03 791.714
car -1 -1 0.00 0.00 0.00 100.00 100.00 -1000 1.46 3.36 -7.32 -1000 46.59 1.58 789.155
car -1 -1 0.00 0.00 0.00 100.00 100.00 -1000 1.54 3.28 -12.29 -1000 45.24 1.46 786.904
car -1 -1 0.00 0.00 0.00 100.00 100.00 -1000 1.77 4.73 3.98 -1000 11.47 1.58 786.497
car -1 -1 0.00 0.00 0.00 100.00 100.00 -1000 2.43 9.89 2.00 -1000 44.45 1.54 781.041
car -1 -1 0.00 0.00 0.00 100.00 100.00 -1000 1.41 3.11 -6.19 -1000 40.60 1.60 778.053
car -1 -1 0.00 0.00 0.00 100.00 100.00 -1000 1.33 2.95 18.95 -1000 38.96 1.55 774.994
car -1 -1 0.00 0.00 0.00 100.00 100.00 -1000 1.44 3.38 -3.93 -1000 41.02 1.57 772.479
car -1 -1 0.00 0.00 0.00 100.00 100.00 -1000 1.60 4.00 3.33 -1000 33.74 1.54 771.119
car -1 -1 0.00 0.00 0.00 100.00 100.00 -1000 1.63 3.93 7.27 -1000 33.48 1.64 770.750
car -1 -1 0.00 0.00 0.00 100.00 100.00 -1000 1.40 3.27 12.41 -1000 17.25 1.63 769.104
car -1 -1 0.00 0.00 0.00 100.00 100.00 -1000 1.78 4.79 5.57 -1000 31.86 1.59 767.151
car -1 -1 0.00 0.00 0.00 100.00 100.00 -1000 1.53 3.75 14.57 -1000 24.89 0.01 763.078
car -1 -1 0.00 0.00 0.00 100.00 100.00 -1000 1.40 3.27 2.80 -1000 37.41 1.59 756.288
car -1 -1 0.00 0.00 0.00 100.00 100.00 -1000 2.26 7.44 8.14 -1000 28.96 1.50 752.399
car -1 -1 0.00 0.00 0.00 100.00 100.00 -1000 1.38 3.16 16.61 -1000 36.94 1.64 741.174
car -1 -1 0.00 0.00 0.00 100.00 100.00 -1000 1.96 5.70 4.91 -1000 41.76 1.45 732.840
car -1 -1 0.00 0.00 0.00 100.00 100.00 -1000 1.56 3.43 18.45 -1000 37.75 -0.01 730.687
car -1 -1 0.00 0.00 0.00 100.00 100.00 -1000 1.40 3.15 -1.84 -1000 47.23 1.59 730.666
car -1 -1 0.00 0.00 0.00 100.00 100.00 -1000 1.64 3.69 -18.77 -1000 38.00 1.70 729.588
car -1 -1 0.00 0.00 0.00 100.00 100.00 -1000 2.19 7.17 7.90 -1000 30.43 1.44 719.801
car -1 -1 0.00 0.00 0.00 100.00 100.00 -1000 1.66 3.89 -0.22 -1000 30.80 -0.06 719.264
car -1 -1 0.00 0.00 0.00 100.00 100.00 -1000 1.58 3.68 -8.83 -1000 38.96 -0.06 718.006
car -1 -1 0.00 0.00 0.00 100.00 100.00 -1000 1.54 3.73 1.72 -1000 36.60 0.01 717.220
car -1 -1 0.00 0.00 0.00 100.00 100.00 -1000 1.47 3.36 12.79 -1000 26.21 1.61 712.920
car -1 -1 0.00 0.00 0.00 100.00 100.00 -1000 1.51 3.50 -15.29 -1000 30.51 0.05 711.989
car -1 -1 0.00 0.00 0.00 100.00 100.00 -1000 2.38 5.93 3.64 -1000 25.79 -0.15 710.607
car -1 -1 0.00 0.00 0.00 100.00 100.00 -1000 1.45 3.42 2.78 -1000 12.02 1.62 709.501
car -1 -1 0.00 0.00 0.00 100.00 100.00 -1000 1.96 5.64 9.04 -1000 28.05 1.49 702.001
car -1 -1 0.00 0.00 0.00 100.00 100.00 -1000 2.06 5.98 0.07 -1000 42.82 1.60 701.548
car -1 -1 0.00 0.00 0.00 100.00 100.00 -1000 1.44 3.23 17.49 -1000 47.15 1.59 696.751
car -1 -1 0.00 0.00 0.00 100.00 100.00 -1000 1.43 3.19 -7.40 -1000 40.25 1.54 683.693
car -1 -1 0.00 0.00 0.00 100.00 100.00 -1000 1.59 4.04 -3.11 -1000 9.36 -0.11 675.889
car -1 -1 0.00 0.00 0.00 100.00 100.00 -1000 1.45 3.25 -9.10 -1000 39.78 1.58 663.824
car -1 -1 0.00 0.00 0.00 100.00 100.00 -1000 1.57 3.63 -3.29 -1000 35.81 -0.03 659.284
car -1 -1 0.00 0.00 0.00 100.00 100.00 -1000 1.78 4.90 -0.17 -1000 40.49 -0.04 652.109
car -1 -1 0.00 0.00 0.00 100.00 100.00 -1000 2.13 6.85 3.57 -1000 31.26 1.46 651.997
car -1 -1 0.00 0.00 0.00 100.00 100.00 -1000 1.57 3.66 -6.69 -1000 35.29 -0.08 649.054
car -1 -1 0.00 0.00 0.00 100.00 100.00 -1000 1.46 3.33 6.93 -1000 41.47 1.57 645.186
car -1 -1 0.00 0.00 0.00 100.00 100.00 -1000 1.46 3.61 -15.42 -1000 24.51 1.59 644.173
car -1 -1 0.00 0.00 0.00 100.00 100.00 -1000 1.78 5.10 -0.39 -1000 44.46 1.64 635.785
car -1 -1 0.00 0.00 0.00 100.00 100.00 -1000 1.57 3.71 -1.75 -1000 30.53 1.59 634.714
car -1 -1 0.00 0.00 0.00 100.00 100.00 -1000 1.61 3.74 4.77 -1000 34.22 1.41 630.271
car -1 -1 0.00 0.00 0.00 100.00 100.00 -1000 1.58 3.52 -4.70 -1000 35.71 0.05 629.547
car -1 -1 0.00 0.00 0.00 100.00 100.00 -1000 2.68 9.95 4.44 -1000 43.81 1.41 624.683
car -1 -1 0.00 0.00 0.00 100.00 100.00 -1000 1.51 3.53 -17.57 -1000 38.47 -0.19 624.360
car -1 -1 0.00 0.00 0.00 100.00 100.00 -1000 1.53 3.80 15.43 -1000 25.67 1.64 617.549
car -1 -1 0.00 0.00 0.00 100.00 100.00 -1000 1.43 3.51 4.53 -1000 32.97 0.16 610.827
car -1 -1 0.00 0.00 0.00 100.00 100.00 -1000 1.40 2.95 -18.19 -1000 39.09 1.46 609.676
car -1 -1 0.00 0.00 0.00 100.00 100.00 -1000 1.46 3.54 -15.84 -1000 31.35 1.58 606.074
car -1 -1 0.00 0.00 0.00 100.00 100.00 -1000 1.58 3.76 -8.21 -1000 34.88 -0.03 603.808
car -1 -1 0.00 0.00 0.00 100.00 100.00 -1000 1.82 4.76 9.85 -1000 27.31 1.48 602.145
car -1 -1 0.00 0.00 0.00 100.00 100.00 -1000 1.50 3.57 -2.73 -1000 33.17 1.56 601.198
car -1 -1 0.00 0.00 0.00 100.00 100.00 -1000 2.48 10.04 10.01 -1000 29.56 1.49 600.630
car -1 -1 0.00 0.00 0.00 100.00 100.00 -1000 1.45 3.54 -13.87 -1000 31.46 1.52 586.904
car -1 -1 0.00 0.00 0.00 100.00 100.00 -1000 1.63 3.72 -10.19 -1000 38.58 0.06 581.958
car -1 -1 0.00 0.00 0.00 100.00 100.00 -1000 1.60 3.77 -3.26 -1000 32.12 0.06 577.083
car -1 -1 0.00 0.00 0.00 100.00 100.00 -1000 1.67 4.20 1.91 -1000 33.53 1.62 576.006
car -1 -1 0.00 0.00 0.00 100.00 100.00 -1000 1.37 3.04 -7.71 -1000 35.82 1.57 572.514
car -1 -1 0.00 0.00 0.00 100.00 100.00 -1000 2.13 6.84 1.95 -1000 45.28 1.55 570.080
car -1 -1 0.00 0.00 0.00 100.00 100.00 -1000 1.54 3.47 -19.53 -1000 37.29 1.70 568.094
car -1 -1 0.00 0.00 0.00 100.00 100.00 -1000 1.55 3.84 -0.58 -1000 32.19 1.54 562.298
car -1 -1 0.00 0.00 0.00 100.00 100.00 -1000 2.08 5.92 10.98 -1000 30.07 1.56 551.305
car -1 -1 0.00 0.00 0.00 100.00 100.00 -1000 1.53 4.04 11.85 -1000 25.45 0.16 550.230
car -1 -1 0.00 0.00 0.00 100.00 100.00 -1000 1.39 3.19 -4.75 -1000 36.58 1.58 549.755
car -1 -1 0.00 0.00 0.00 100.00 100.00 -1000 1.44 3.10 15.89 -1000 37.49 1.45 541.294
car -1 -1 0.00 0.00 0.00 100.00 100.00 -1000 1.51 3.31 -10.12 -1000 39.44 1.42 540.799
car -1 -1 0.00 0.00 0.00 100.00 100.00 -1000 1.46 3.25 1.31 -1000 37.66 1.58 537.473
car -1 -1 0.00 0.00 0.00 100.00 100.00 -1000 1.58 4.12 6.73 -1000 37.03 1.53 534.925
car -1 -1 0.00 0.00 0.00 100.00 100.00 -1000 1.70 3.52 2.74 -1000 39.57 1.57 534.890
car -1 -1 0.00 0.00 0.00 100.00 100.00 -1000 2.57 9.07 2.58 -1000 42.98 1.40 527.376
car -1 -1 0.00 0.00 0.00 100.00 100.00 -1000 2.07 6.10 9.64 -1000 31.75 1.40 526.753
car -1 -1 0.00 0.00 0.00 100.00 100.00 -1000 1.68 4.09 -1.97 -1000 40.58 1.69 517.850
car -1 -1 0.00 0.00 0.00 100.00 100.00 -1000 1.71 4.04 5.20 -1000 40.91 1.54 511.262
car -1 -1 0.00 0.00 0.00 100.00 100.00 -1000 1.60 2.86 3.82 -1000 25.61 1.45 504.948
car -1 -1 0.00 0.00 0.00 100.00 100.00 -1000 1.41 3.24 -6.18 -1000 36.21 1.53 502.376
car -1 -1 0.00 0.00 0.00 100.00 100.00 -1000 1.41 3.33 -2.96 -1000 36.87 1.54 500.066
car -1 -1 0.00 0.00 0.00 100.00 100.00 -1000 1.80 4.96 1.11 -1000 28.05 1.55 498.051
car -1 -1 0.00 0.00 0.00 100.00 100.00 -1000 1.63 3.87 15.69 -1000 35.57 1.49 487.318
car -1 -1 0.00 0.00 0.00 100.00 100.00 -1000 1.60 3.77 -0.13 -1000 47.54 1.55 480.562
car -1 -1 0.00 0.00 0.00 100.00 100.00 -1000 1.74 4.16 0.67 -1000 28.98 1.54 477.471
car -1 -1 0.00 0.00 0.00 100.00 100.00 -1000 1.39 3.01 -18.39 -1000 32.71 1.52 476.207
car -1 -1 0.00 0.00 0.00 100.00 100.00 -1000 1.79 4.90 -12.03 -1000 46.28 1.45 455.415
car -1 -1 0.00 0.00 0.00 100.00 100.00 -1000 1.48 3.78 3.08 -1000 12.77 1.51 451.286
car -1 -1 0.00 0.00 0.00 100.00 100.00 -1000 1.53 2.85 4.53 -1000 25.13 1.42 448.905
car -1 -1 0.00 0.00 0.00 100.00 100.00 -1000 1.47 3.36 -17.23 -1000 39.42 1.54 443.478
car -1 -1 0.00 0.00 0.00 100.00 100.00 -1000 1.45 2.78 18.54 -1000 44.93 1.66 443.254
car -1 -1 0.00 0.00 0.00 100.00 100.00 -1000 1.53 3.81 4.23 -1000 37.08 1.50 442.272
car -1 -1 0.00 0.00 0.00 100.00 100.00 -1000 1.67 3.49 8.41 -1000 25.86 1.60 441.740
car -1 -1 0.00 0.00 0.00 100.00 100.00 -1000 1.56 3.42 -1.69 -1000 35.98 0.09 435.790
car -1 -1 0.00 0.00 0.00 100.00 100.00 -1000 1.86 5.14 3.25 -1000 32.29 1.50 434.284
car -1 -1 0.00 0.00 0.00 100.00 100.00 -1000 1.48 3.60 -16.05 -1000 39.86 1.59 431.060
car -1 -1 0.00 0.00 0.00 100.00 100.00 -1000 1.84 5.30 6.57 -1000 9.12 1.58 428.870
car -1 -1 0.00 0.00 0.00 100.00 100.00 -1000 1.47 3.77 -14.30 -1000 47.57 1.64 427.630
car -1 -1 0.00 0.00 0.00 100.00 100.00 -1000 2.10 6.67 11.45 -1000 28.95 1.39 427.390
car -1 -1 0.00 0.00 0.00 100.00 100.00 -1000 1.50 3.64 -14.20 -1000 36.93 1.51 426.491
car -1 -1 0.00 0.00 0.00 100.00 100.00 -1000 1.56 3.26 9.12 -1000 24.90 1.52 425.886
car -1 -1 0.00 0.00 0.00 100.00 100.00 -1000 1.67 4.23 -13.69 -1000 45.95 1.51 425.598
car -1 -1 0.00 0.00 0.00 100.00 100.00 -1000 1.55 3.83 14.22 -1000 16.90 1.52 424.806
car -1 -1 0.00 0.00 0.00 100.00 100.00 -1000 1.47 3.13 3.67 -1000 38.66 1.48 424.530
car -1 -1 0.00 0.00 0.00 100.00 100.00 -1000 1.52 3.70 -1.40 -1000 37.34 1.55 423.082
car -1 -1 0.00 0.00 0.00 100.00 100.00 -1000 1.69 4.12 14.49 -1000 31.67 -0.04 422.516
car -1 -1 0.00 0.00 0.00 100.00 100.00 -1000 1.58 3.85 11.41 -1000 32.17 1.50 416.811
car -1 -1 0.00 0.00 0.00 100.00 100.00 -1000 1.47 3.31 -6.05 -1000 32.48 1.53 412.560
car -1 -1 0.00 0.00 0.00 100.00 100.00 -1000 1.60 3.67 1.25 -1000 32.84 -0.03 406.314
car -1 -1 0.00 0.00 0.00 100.00 100.00 -1000 1.58 4.51 -1.32 -1000 33.53 1.56 403.820
car -1 -1 0.00 0.00 0.00 100.00 100.00 -1000 1.53 3.90 -12.48 -1000 38.42 1.57 402.549
car -1 -1 0.00 0.00 0.00 100.00 100.00 -1000 1.50 2.55 -3.93 -1000 10.29 1.24 401.218
car -1 -1 0.00 0.00 0.00 100.00 100.00 -1000 1.46 3.23 -16.90 -1000 34.31 1.50 397.629
car -1 -1 0.00 0.00 0.00 100.00 100.00 -1000 1.52 3.70 -2.85 -1000 30.05 1.63 397.337
car -1 -1 0.00 0.00 0.00 100.00 100.00 -1000 1.51 3.71 -17.08 -1000 24.57 1.64 397.320
car -1 -1 0.00 0.00 0.00 100.00 100.00 -1000 1.64 3.89 0.57 -1000 46.70 0.07 392.705
car -1 -1 0.00 0.00 0.00 100.00 100.00 -1000 1.55 3.70 18.04 -1000 34.14 1.59 389.157
car -1 -1 0.00 0.00 0.00 100.00 100.00 -1000 1.60 3.96 -13.63 -1000 24.52 1.60 387.648
car -1 -1 0.00 0.00 0.00 100.00 100.00 -1000 1.49 3.50 -17.92 -1000 31.64 -0.10 386.439
car -1 -1 0.00 0.00 0.00 100.00 100.00 -1000 1.47 3.47 -4.23 -1000 32.90 1.49 386.114
car -1 -1 0.00 0.00 0.00 100.00 100.00 -1000 1.50 3.22 -15.09 -1000 35.90 1.44 385.530
car -1 -1 0.00 0.00 0.00 100.00 100.00 -1000 1.32 3.12 17.99 -1000 38.61 0.20 384.533
car -1 -1 0.00 0.00 0.00 100.00 100.00 -1000 1.64 4.34 11.31 -1000 24.58 1.54 380.983
car -1 -1 0.00 0.00 0.00 100.00 100.00 -1000 1.66 3.96 6.90 -1000 40.35 1.57 379.959
car -1 -1 0.00 0.00 0.00 100.00 100.00 -1000 1.64 3.65 14.94 -1000 36.61 0.23 379.093
car -1 -1 0.00 0.00 0.00 100.00 100.00 -1000 1.44 3.19 14.94 -1000 32.54 1.55 373.136
car -1 -1 0.00 0.00 0.00 100.00 100.00 -1000 1.62 4.08 18.36 -1000 46.33 1.70 368.717
car -1 -1 0.00 0.00 0.00 100.00 100.00 -1000 3.67 9.48 2.24 -1000 40.07 -0.22 367.391
car -1 -1 0.00 0.00 0.00 100.00 100.00 -1000 1.56 3.91 10.60 -1000 31.18 0.05 365.330
car -1 -1 0.00 0.00 0.00 100.00 100.00 -1000 2.12 6.89 9.86 -1000 35.74 1.39 364.677
car -1 -1 0.00 0.00 0.00 100.00 100.00 -1000 1.81 4.76 3.12 -1000 35.84 1.60 363.153
car -1 -1 0.00 0.00 0.00 100.00 100.00 -1000 1.43 3.09 -17.53 -1000 23.86 1.66 362.116
car -1 -1 0.00 0.00 0.00 100.00 100.00 -1000 1.58 3.62 -9.53 -1000 34.50 0.10 360.999
car -1 -1 0.00 0.00 0.00 100.00 100.00 -1000 1.56 3.92 18.15 -1000 39.43 1.44 355.989
car -1 -1 0.00 0.00 0.00 100.00 100.00 -1000 1.48 3.47 0.66 -1000 36.99 0.19 355.174
car -1 -1 0.00 0.00 0.00 100.00 100.00 -1000 1.44 3.32 17.80 -1000 37.13 1.51 354.597
car -1 -1 0.00 0.00 0.00 100.00 100.00 -1000 1.54 3.51 -8.05 -1000 31.24 0.15 351.407
car -1 -1 0.00 0.00 0.00 100.00 100.00 -1000 2.21 7.32 5.52 -1000 42.64 1.35 345.239
car -1 -1 0.00 0.00 0.00 100.00 100.00 -1000 1.73 4.81 11.02 -1000 17.61 1.45 343.802
car -1 -1 0.00 0.00 0.00 100.00 100.00 -1000 1.96 7.73 8.00 -1000 11.43 1.47 338.368
car -1 -1 0.00 0.00 0.00 100.00 100.00 -1000 1.72 4.66 7.10 -1000 39.32 1.56 335.327
car -1 -1 0.00 0.00 0.00 100.00 100.00 -1000 1.56 3.93 -13.34 -1000 30.71 1.61 334.193
car -1 -1 0.00 0.00 0.00 100.00 100.00 -1000 1.79 5.09 8.06 -1000 41.89 1.39 333.563
car -1 -1 0.00 0.00 0.00 100.00 100.00 -1000 1.51 3.65 1.27 -1000 47.31 1.61 330.044
car -1 -1 0.00 0.00 0.00 100.00 100.00 -1000 1.51 3.71 -7.73 -1000 32.07 1.46 327.559
car -1 -1 0.00 0.00 0.00 100.00 100.00 -1000 1.60 3.93 -14.67 -1000 46.84 1.63 326.700
car -1 -1 0.00 0.00 0.00 100.00 100.00 -1000 2.27 7.92 6.63 -1000 12.32 1.44 326.188
car -1 -1 0.00 0.00 0.00 100.00 100.00 -1000 2.00 6.08 8.13 -1000 34.55 1.37 325.885
car -1 -1 0.00 0.00 0.00 100.00 100.00 -1000 1.79 4.38 -1.20 -1000 39.51 1.60 324.254
car -1 -1 0.00 0.00 0.00 100.00 100.00 -1000 1.70 4.51 12.79 -1000 26.86 1.42 323.909
car -1 -1 0.00 0.00 0.00 100.00 100.00 -1000 1.85 5.00 8.58 -1000 32.95 1.42 323.121
car -1 -1 0.00 0.00 0.00 100.00 100.00 -1000 1.62 3.61 -1.54 -1000 45.09 1.53 321.715
car -1 -1 0.00 0.00 0.00 100.00 100.00 -1000 1.85 4.82 1.80 -1000 26.34 1.31 320.282
car -1 -1 0.00 0.00 0.00 100.00 100.00 -1000 1.83 5.26 3.42 -1000 34.83 1.59 317.600
car -1 -1 0.00 0.00 0.00 100.00 100.00 -1000 1.46 3.36 -9.18 -1000 35.40 1.46 315.957
car -1 -1 0.00 0.00 0.00 100.00 100.00 -1000 1.49 3.66 16.60 -1000 47.65 0.13 315.611
car -1 -1 0.00 0.00 0.00 100.00 100.00 -1000 1.47 3.09 -13.68 -1000 21.30 1.54 315.053
car -1 -1 0.00 0.00 0.00 100.00 100.00 -1000 1.67 4.78 0.48 -1000 33.80 1.55 314.018
car -1 -1 0.00 0.00 0.00 100.00 100.00 -1000 1.52 3.74 -15.68 -1000 35.12 1.55 313.127
car -1 -1 0.00 0.00 0.00 100.00 100.00 -1000 1.78 4.61 -9.48 -1000 44.27 -0.08 311.758
car -1 -1 0.00 0.00 0.00 100.00 100.00 -1000 1.71 4.85 -13.93 -1000 45.00 1.49 309.426
car -1 -1 0.00 0.00 0.00 100.00 100.00 -1000 1.50 3.15 -8.55 -1000 43.59 1.48 308.265
car -1 -1 0.00 0.00 0.00 100.00 100.00 -1000 1.62 3.79 -4.39 -1000 46.97 -0.32 308.142
car -1 -1 0.00 0.00 0.00 100.00 100.00 -1000 1.91 5.61 7.07 -1000 35.32 1.47 308.121
car -1 -1 0.00 0.00 0.00 100.00 100.00 -1000 1.71 4.50 13.31 -1000 24.16 1.48 307.593
car -1 -1 0.00 0.00 0.00 100.00 100.00 -1000 1.54 3.76 -13.21 -1000 34.18 1.60 301.229
car -1 -1 0.00 0.00 0.00 100.00 100.00 -1000 1.47 3.54 -13.10 -1000 37.28 -0.14 301.129
car -1 -1 0.00 0.00 0.00 100.00 100.00 -1000 1.46 3.70 -2.53 -1000 29.32 0.14 300.981
car -1 -1 0.00 0.00 0.00 100.00 100.00 -1000 1.50 3.53 -13.37 -1000 32.81 0.04 300.515
car -1 -1 0.00 0.00 0.00 100.00 100.00 -1000 1.82 4.99 11.13 -1000 26.48 1.40 299.506
car -1 -1 0.00 0.00 0.00 100.00 100.00 -1000 1.92 6.35 8.87 -1000 9.87 1.45 299.246
car -1 -1 0.00 0.00 0.00 100.00 100.00 -1000 1.51 3.43 13.53 -1000 16.23 1.66 297.562
car -1 -1 0.00 0.00 0.00 100.00 100.00 -1000 1.64 4.06 10.12 -1000 25.41 1.53 297.155
car -1 -1 0.00 0.00 0.00 100.00 100.00 -1000 1.69 4.14 3.84 -1000 40.01 1.59 296.350
car -1 -1 0.00 0.00 0.00 100.00 100.00 -1000 1.62 3.87 -11.19 -1000 38.15 0.00 296.103
car -1 -1 0.00 0.00 0.00 100.00 100.00 -1000 1.86 5.64 -1.34 -1000 42.14 1.46 295.905
car -1 -1 0.00 0.00 0.00 100.00 100.00 -1000 1.54 3.78 -18.09 -1000 26.15 1.53 295.051
car -1 -1 0.00 0.00 0.00 100.00 100.00 -1000 1.51 3.52 -16.87 -1000 30.69 1.53 294.576
car -1 -1 0.00 0.00 0.00 100.00 100.00 -1000 1.54 3.77 -18.47 -1000 28.90 1.49 287.875
car -1 -1 0.00 0.00 0.00 100.00 100.00 -1000 1.60 3.94 -4.99 -1000 32.02 0.09 284.987
car -1 -1 0.00 0.00 0.00 100.00 100.00 -1000 1.81 4.45 1.48 -1000 45.88 1.53 284.636
car -1 -1 0.00 0.00 0.00 100.00 100.00 -1000 2.06 6.01 8.55 -1000 37.00 1.37 282.849
car -1 -1 0.00 0.00 0.00 100.00 100.00 -1000 1.55 3.61 -15.87 -1000 28.55 1.55 281.129
car -1 -1 0.00 0.00 0.00 100.00 100.00 -1000 1.66 4.34 15.42 -1000 34.68 1.42 278.727
car -1 -1 0.00 0.00 0.00 100.00 100.00 -1000 2.05 6.11 -6.27 -1000 47.33 1.46 278.474
car -1 -1 0.00 0.00 0.00 100.00 100.00 -1000 1.43 2.93 17.98 -1000 45.66 1.64 277.767
car -1 -1 0.00 0.00 0.00 100.00 100.00 -1000 1.36 3.08 -11.80 -1000 42.61 1.55 276.539
car -1 -1 0.00 0.00 0.00 100.00 100.00 -1000 1.58 4.04 -1.39 -1000 43.82 1.42 275.004
car -1 -1 0.00 0.00 0.00 100.00 100.00 -1000 1.47 3.35 -14.65 -1000 28.90 1.52 273.993
car -1 -1 0.00 0.00 0.00 100.00 100.00 -1000 1.51 3.54 -11.32 -1000 39.02 1.46 273.777
car -1 -1 0.00 0.00 0.00 100.00 100.00 -1000 1.96 5.79 9.95 -1000 34.14 1.39 273.212
car -1 -1 0.00 0.00 0.00 100.00 100.00 -1000 1.47 3.11 -17.71 -1000 33.56 1.49 272.605
car -1 -1 0.00 0.00 0.00 100.00 100.00 -1000 1.75 4.51 4.11 -1000 7.75 1.60 272.485
car -1 -1 0.00 0.00 0.00 100.00 100.00 -1000 1.64 3.95 -1.35 -1000 46.59 1.68 271.435
car -1 -1 0.00 0.00 0.00 100.00 100.00 -1000 1.47 3.16 -13.06 -1000 44.05 0.17 268.524
car -1 -1 0.00 0.00 0.00 100.00 100.00 -1000 1.59 4.20 -5.80 -1000 29.55 1.56 267.487
car -1 -1 0.00 0.00 0.00 100.00 100.00 -1000 1.67 4.95 0.86 -1000 25.57 1.58 267.283
car -1 -1 0.00 0.00 0.00 100.00 100.00 -1000 1.79 4.89 7.70 -1000 32.21 1.50 266.057
car -1 -1 0.00 0.00 0.00 100.00 100.00 -1000 1.63 4.17 13.06 -1000 32.21 1.42 264.699
car -1 -1 0.00 0.00 0.00 100.00 100.00 -1000 1.69 3.84 -6.25 -1000 44.26 1.54 263.960
car -1 -1 0.00 0.00 0.00 100.00 100.00 -1000 1.87 5.25 13.82 -1000 33.02 1.39 262.306
car -1 -1 0.00 0.00 0.00 100.00 100.00 -1000 1.74 4.62 5.57 -1000 8.09 1.57 262.024
car -1 -1 0.00 0.00 0.00 100.00 100.00 -1000 1.91 5.25 8.70 -1000 41.08 1.40 260.997
car -1 -1 0.00 0.00 0.00 100.00 100.00 -1000 1.56 3.22 -11.11 -1000 43.64 1.43 260.436
car -1 -1 0.00 0.00 0.00 100.00 100.00 -1000 1.60 3.88 -12.58 -1000 41.93 1.55 260.170
car -1 -1 0.00 0.00 0.00 100.00 100.00 -1000 1.53 3.80 -7.35 -1000 43.34 1.52 259.738
car -1 -1 0.00 0.00 0.00 100.00 100.00 -1000 1.71 4.22 -14.78 -1000 38.27 1.60 259.545
car -1 -1 0.00 0.00 0.00 100.00 100.00 -1000 1.58 4.34 0.68 -1000 38.47 1.45 257.772
car -1 -1 0.00 0.00 0.00 100.00 100.00 -1000 1.69 4.30 -15.38 -1000 39.15 1.65 257.452
car -1 -1 0.00 0.00 0.00 100.00 100.00 -1000 2.35 5.29 18.45 -1000 44.23 -0.32 254.072
car -1 -1 0.00 0.00 0.00 100.00 100.00 -1000 1.77 4.06 -7.89 -1000 44.41 1.58 253.019
car -1 -1 0.00 0.00 0.00 100.00 100.00 -1000 1.52 3.59 13.29 -1000 15.31 1.57 251.585
car -1 -1 0.00 0.00 0.00 100.00 100.00 -1000 1.60 3.99 -15.29 -1000 40.60 1.42 251.090
car -1 -1 0.00 0.00 0.00 100.00 100.00 -1000 1.80 4.94 8.31 -1000 8.35 1.50 250.949
car -1 -1 0.00 0.00 0.00 100.00 100.00 -1000 1.62 4.21 -0.30 -1000 29.58 1.43 250.644
car -1 -1 0.00 0.00 0.00 100.00 100.00 -1000 1.58 3.92 19.61 -1000 34.45 1.49 250.620
car -1 -1 0.00 0.00 0.00 100.00 100.00 -1000 1.76 4.45 -15.99 -1000 23.72 0.03 248.233
car -1 -1 0.00 0.00 0.00 100.00 100.00 -1000 1.76 4.51 -12.22 -1000 31.36 1.60 245.963
car -1 -1 0.00 0.00 0.00 100.00 100.00 -1000 1.52 3.61 -0.83 -1000 35.31 0.22 245.179
car -1 -1 0.00 0.00 0.00 100.00 100.00 -1000 1.44 3.60 -19.07 -1000 24.22 1.53 244.989
car -1 -1 0.00 0.00 0.00 100.00 100.00 -1000 1.56 3.58 -18.43 -1000 25.39 1.51 244.557
car -1 -1 0.00 0.00 0.00 100.00 100.00 -1000 1.67 4.55 13.72 -1000 30.58 1.40 244.041
car -1 -1 0.00 0.00 0.00 100.00 100.00 -1000 1.68 4.42 -12.69 -1000 32.19 1.65 243.001
car -1 -1 0.00 0.00 0.00 100.00 100.00 -1000 1.68 4.03 -5.49 -1000 45.22 1.59 242.830
car -1 -1 0.00 0.00 0.00 100.00 100.00 -1000 1.60 3.74 -2.26 -1000 45.69 1.56 241.681
car -1 -1 0.00 0.00 0.00 100.00 100.00 -1000 1.59 4.75 14.48 -1000 15.76 1.52 241.558
car -1 -1 0.00 0.00 0.00 100.00 100.00 -1000 2.21 4.54 19.70 -1000 43.19 -0.21 241.018
car -1 -1 0.00 0.00 0.00 100.00 100.00 -1000 1.73 4.26 17.12 -1000 35.11 1.59 240.175
car -1 -1 0.00 0.00 0.00 100.00 100.00 -1000 1.67 5.21 7.17 -1000 26.60 1.23 240.131
car -1 -1 0.00 0.00 0.00 100.00 100.00 -1000 1.72 4.24 -18.69 -1000 36.70 1.65 239.566
car -1 -1 0.00 0.00 0.00 100.00 100.00 -1000 1.62 3.44 -17.52 -1000 22.59 1.54 239.161
car -1 -1 0.00 0.00 0.00 100.00 100.00 -1000 1.69 4.60 3.61 -1000 38.08 1.48 238.006
car -1 -1 0.00 0.00 0.00 100.00 100.00 -1000 1.89 5.71 -9.06 -1000 46.98 1.41 237.900
car -1 -1 0.00 0.00 0.00 100.00 100.00 -1000 1.69 4.89 10.31 -1000 16.06 1.51 235.673
car -1 -1 0.00 0.00 0.00 100.00 100.00 -1000 2.00 6.80 5.76 -1000 11.04 1.43 232.850
car -1 -1 0.00 0.00 0.00 100.00 100.00 -1000 1.59 3.90 -4.83 -1000 30.04 1.57 232.760
car -1 -1 0.00 0.00 0.00 100.00 100.00 -1000 1.74 4.88 6.34 -1000 38.58 1.40 231.885
car -1 -1 0.00 0.00 0.00 100.00 100.00 -1000 1.71 4.70 12.17 -1000 23.35 1.41 230.938
car -1 -1 0.00 0.00 0.00 100.00 100.00 -1000 1.87 5.35 11.72 -1000 27.68 1.37 230.741
car -1 -1 0.00 0.00 0.00 100.00 100.00 -1000 1.37 2.85 19.42 -1000 44.14 1.61 230.612
car -1 -1 0.00 0.00 0.00 100.00 100.00 -1000 1.62 4.16 -5.02 -1000 28.89 0.19 228.899
car -1 -1 0.00 0.00 0.00 100.00 100.00 -1000 1.67 4.12 -12.64 -1000 27.74 1.55 228.611
car -1 -1 0.00 0.00 0.00 100.00 100.00 -1000 1.54 4.25 -1.37 -1000 38.49 1.51 228.488
car -1 -1 0.00 0.00 0.00 100.00 100.00 -1000 1.68 4.31 -13.44 -1000 22.49 1.64 228.087
car -1 -1 0.00 0.00 0.00 100.00 100.00 -1000 1.84 5.62 18.46 -1000 40.59 1.34 227.597
car -1 -1 0.00 0.00 0.00 100.00 100.00 -1000 1.94 5.88 5.12 -1000 13.15 1.38 225.849
car -1 -1 0.00 0.00 0.00 100.00 100.00 -1000 1.52 3.87 -6.78 -1000 31.56 0.05 225.296
car -1 -1 0.00 0.00 0.00 100.00 100.00 -1000 1.60 3.50 17.07 -1000 44.13 1.45 224.844
car -1 -1 0.00 0.00 0.00 100.00 100.00 -1000 1.68 4.48 16.37 -1000 24.99 1.65 224.775
car -1 -1 0.00 0.00 0.00 100.00 100.00 -1000 1.52 3.91 -6.87 -1000 28.89 1.49 221.645
car -1 -1 0.00 0.00 0.00 100.00 100.00 -1000 1.66 4.01 15.89 -1000 32.97 1.47 221.106
