car -1 -1 0.00 0.00 0.00 100.00 100.00 -1000 1.84 5.00 -5.40 -1000 10.98 1.51 999.820
car -1 -1 0.00 0.00 0.00 100.00 100.00 -1000 2.14 4.25 -3.83 -1000 37.18 1.33 999.370
car -1 -1 0.00 0.00 0.00 100.00 100.00 -1000 2.35 7.67 -5.90 -1000 12.39 1.61 998.676
car -1 -1 0.00 0.00 0.00 100.00 100.00 -1000 1.68 3.86 -7.51 -1000 11.20 1.55 998.290
car -1 -1 0.00 0.00 0.00 100.00 100.00 -1000 1.68 4.47 -6.23 -1000 10.36 -0.13 997.762
car -1 -1 0.00 0.00 0.00 100.00 100.00 -1000 1.74 4.51 5.33 -1000 30.05 1.61 994.584
car -1 -1 0.00 0.00 0.00 100.00 100.00 -1000 2.02 5.92 -5.07 -1000 14.05 1.49 990.152
car -1 -1 0.00 0.00 0.00 100.00 100.00 -1000 1.90 4.77 -2.52 -1000 36.33 0.38 988.343
car -1 -1 0.00 0.00 0.00 100.00 100.00 -1000 1.53 3.65 -5.26 -1000 20.80 1.48 980.923
car -1 -1 0.00 0.00 0.00 100.00 100.00 -1000 1.84 4.25 -3.94 -1000 36.00 -0.04 978.525
car -1 -1 0.00 0.00 0.00 100.00 100.00 -1000 1.57 4.10 -4.96 -1000 17.64 1.58 952.188
car -1 -1 0.00 0.00 0.00 100.00 100.00 -1000 2.08 6.75 -7.62 -1000 13.77 1.56 942.658
car -1 -1 0.00 0.00 0.00 100.00 100.00 -1000 1.56 3.72 -4.72 -1000 20.11 0.20 937.817
car -1 -1 0.00 0.00 0.00 100.00 100.00 -1000 1.42 3.56 -4.67 -1000 16.85 1.60 924.774
car -1 -1 0.00 0.00 0.00 100.00 100.00 -1000 1.50 3.54 -4.91 -1000 24.47 1.56 924.205
car -1 -1 0.00 0.00 0.00 100.00 100.00 -1000 1.54 3.57 2.89 -1000 35.20 1.50 921.259
car -1 -1 0.00 0.00 0.00 100.00 100.00 -1000 2.25 6.58 -5.23 -1000 39.19 1.58 919.984
car -1 -1 0.00 0.00 0.00 100.00 100.00 -1000 1.67 4.45 -8.19 -1000 10.57 -0.04 912.519
car -1 -1 0.00 0.00 0.00 100.00 100.00 -1000 2.49 4.94 5.66 -1000 29.03 -0.36 911.207
car -1 -1 0.00 0.00 0.00 100.00 100.00 -1000 1.54 3.76 4.14 -1000 17.79 1.60 909.095
car -1 -1 0.00 0.00 0.00 100.00 100.00 -1000 1.91 5.26 -7.82 -1000 12.78 1.54 907.866
car -1 -1 0.00 0.00 0.00 100.00 100.00 -1000 1.89 4.62 4.12 -1000 30.67 1.59 907.733
car -1 -1 0.00 0.00 0.00 100.00 100.00 -1000 1.55 4.18 -4.95 -1000 9.97 -0.25 907.032
car -1 -1 0.00 0.00 0.00 100.00 100.00 -1000 2.18 5.88 3.74 -1000 33.65 -0.26 905.647
car -1 -1 0.00 0.00 0.00 100.00 100.00 -1000 2.18 6.62 3.79 -1000 32.56 1.59 904.980
car -1 -1 0.00 0.00 0.00 100.00 100.00 -1000 1.36 3.78 2.40 -1000 34.40 0.34 902.815
car -1 -1 0.00 0.00 0.00 100.00 100.00 -1000 1.51 3.61 -5.72 -1000 32.17 1.52 897.795
car -1 -1 0.00 0.00 0.00 100.00 100.00 -1000 1.73 4.72 -4.93 -1000 15.04 1.60 883.137
car -1 -1 0.00 0.00 0.00 100.00 100.00 -1000 1.59 3.87 -5.49 -1000 21.70 1.50 870.692
car -1 -1 0.00 0.00 0.00 100.00 100.00 -1000 1.55 3.30 4.37 -1000 16.88 -0.16 861.637
car -1 -1 0.00 0.00 0.00 100.00 100.00 -1000 1.58 3.71 -5.03 -1000 19.04 1.67 846.512
car -1 -1 0.00 0.00 0.00 100.00 100.00 -1000 1.99 5.85 -8.65 -1000 12.03 1.52 843.867
car -1 -1 0.00 0.00 0.00 100.00 100.00 -1000 1.63 4.89 -4.81 -1000 11.77 -0.73 838.575
car -1 -1 0.00 0.00 0.00 100.00 100.00 -1000 1.60 3.97 -5.35 -1000 35.75 -0.22 835.555
car -1 -1 0.00 0.00 0.00 100.00 100.00 -1000 1.73 4.33 -6.37 -1000 12.07 -0.26 826.079
car -1 -1 0.00 0.00 0.00 100.00 100.00 -1000 1.60 3.74 -5.94 -1000 33.38 1.50 815.010
car -1 -1 0.00 0.00 0.00 100.00 100.00 -1000 1.91 5.22 -2.06 -1000 38.90 1.56 812.524
car -1 -1 0.00 0.00 0.00 100.00 100.00 -1000 2.02 6.10 -5.70 -1000 38.23 1.65 808.792
car -1 -1 0.00 0.00 0.00 100.00 100.00 -1000 1.50 3.46 -5.47 -1000 36.98 1.52 799.626
car -1 -1 0.00 0.00 0.00 100.00 100.00 -1000 1.47 3.33 -16.64 -1000 27.07 1.53 793.030
car -1 -1 0.00 0.00 0.00 100.00 100.00 -1000 1.57 3.75 -5.91 -1000 30.22 1.52 785.639
car -1 -1 0.00 0.00 0.00 100.00 100.00 -1000 1.51 3.97 1.92 -1000 40.33 0.40 778.692
car -1 -1 0.00 0.00 0.00 100.00 100.00 -1000 1.90 5.48 -9.13 -1000 13.28 1.59 770.846
car -1 -1 0.00 0.00 0.00 100.00 100.00 -1000 1.52 3.47 -5.73 -1000 31.08 1.53 769.270
car -1 -1 0.00 0.00 0.00 100.00 100.00 -1000 1.54 3.48 -6.16 -1000 34.72 1.53 762.231
car -1 -1 0.00 0.00 0.00 100.00 100.00 -1000 1.42 3.20 -4.64 -1000 23.44 1.55 759.199
car -1 -1 0.00 0.00 0.00 100.00 100.00 -1000 1.60 3.83 -5.18 -1000 25.34 1.56 759.180
car -1 -1 0.00 0.00 0.00 100.00 100.00 -1000 1.23 4.06 4.05 -1000 18.79 0.19 757.860
car -1 -1 0.00 0.00 0.00 100.00 100.00 -1000 2.09 6.05 3.64 -1000 31.41 1.64 755.740
car -1 -1 0.00 0.00 0.00 100.00 100.00 -1000 1.50 3.62 -4.96 -1000 22.56 1.55 754.241
car -1 -1 0.00 0.00 0.00 100.00 100.00 -1000 1.46 3.20 -7.24 -1000 44.76 1.57 736.926
car -1 -1 0.00 0.00 0.00 100.00 100.00 -1000 1.63 3.76 6.57 -1000 29.61 1.71 733.351
car -1 -1 0.00 0.00 0.00 100.00 100.00 -1000 1.63 4.12 -4.83 -1000 40.53 1.60 729.133
car -1 -1 0.00 0.00 0.00 100.00 100.00 -1000 1.57 3.68 -1.38 -1000 35.42 1.65 728.596
car -1 -1 0.00 0.00 0.00 100.00 100.00 -1000 1.82 5.15 -9.64 -1000 14.07 1.65 714.185
car -1 -1 0.00 0.00 0.00 100.00 100.00 -1000 1.63 3.89 1.18 -1000 45.50 0.10 713.524
car -1 -1 0.00 0.00 0.00 100.00 100.00 -1000 1.95 4.64 -2.86 -1000 35.40 -0.09 705.032
car -1 -1 0.00 0.00 0.00 100.00 100.00 -1000 1.50 3.54 -11.68 -1000 30.85 -0.12 694.989
car -1 -1 0.00 0.00 0.00 100.00 100.00 -1000 1.70 3.68 -16.42 -1000 26.13 0.10 694.062
car -1 -1 0.00 0.00 0.00 100.00 100.00 -1000 1.71 4.47 -3.87 -1000 10.57 1.82 692.317
car -1 -1 0.00 0.00 0.00 100.00 100.00 -1000 1.37 3.81 2.01 -1000 36.14 0.37 683.643
car -1 -1 0.00 0.00 0.00 100.00 100.00 -1000 1.98 5.75 -3.47 -1000 38.30 1.63 679.217
car -1 -1 0.00 0.00 0.00 100.00 100.00 -1000 1.53 3.78 -7.17 -1000 43.75 -0.05 669.137
car -1 -1 0.00 0.00 0.00 100.00 100.00 -1000 1.81 4.05 3.98 -1000 10.44 -0.24 657.401
car -1 -1 0.00 0.00 0.00 100.00 100.00 -1000 2.62 9.42 6.39 -1000 33.30 1.48 647.165
car -1 -1 0.00 0.00 0.00 100.00 100.00 -1000 2.21 7.97 -7.71 -1000 14.65 1.57 645.683
car -1 -1 0.00 0.00 0.00 100.00 100.00 -1000 2.84 10.94 6.15 -1000 31.67 1.47 618.023
car -1 -1 0.00 0.00 0.00 100.00 100.00 -1000 1.42 3.32 -15.64 -1000 27.41 1.62 608.592
car -1 -1 0.00 0.00 0.00 100.00 100.00 -1000 1.48 3.31 4.36 -1000 9.24 1.55 608.323
car -1 -1 0.00 0.00 0.00 100.00 100.00 -1000 2.06 6.94 -0.82 -1000 37.56 1.65 603.846
car -1 -1 0.00 0.00 0.00 100.00 100.00 -1000 1.22 3.95 -4.54 -1000 16.11 0.17 596.222
car -1 -1 0.00 0.00 0.00 100.00 100.00 -1000 1.61 3.91 -5.71 -1000 28.61 1.54 589.213
car -1 -1 0.00 0.00 0.00 100.00 100.00 -1000 1.48 3.69 -12.11 -1000 21.49 0.05 582.195
car -1 -1 0.00 0.00 0.00 100.00 100.00 -1000 1.48 3.20 -13.54 -1000 35.87 1.54 580.938
car -1 -1 0.00 0.00 0.00 100.00 100.00 -1000 1.50 3.33 -2.30 -1000 43.03 1.52 579.038
car -1 -1 0.00 0.00 0.00 100.00 100.00 -1000 1.41 3.18 4.54 -1000 16.07 1.55 576.961
car -1 -1 0.00 0.00 0.00 100.00 100.00 -1000 2.30 7.64 6.44 -1000 30.84 1.47 572.655
car -1 -1 0.00 0.00 0.00 100.00 100.00 -1000 1.48 3.29 0.17 -1000 46.46 1.53 568.349
car -1 -1 0.00 0.00 0.00 100.00 100.00 -1000 1.57 3.73 -6.14 -1000 36.37 1.56 558.289
car -1 -1 0.00 0.00 0.00 100.00 100.00 -1000 2.49 8.89 7.85 -1000 32.49 1.46 556.465
car -1 -1 0.00 0.00 0.00 100.00 100.00 -1000 1.58 4.19 -2.53 -1000 47.32 0.01 546.782
car -1 -1 0.00 0.00 0.00 100.00 100.00 -1000 1.68 3.16 -2.16 -1000 34.77 1.43 545.948
car -1 -1 0.00 0.00 0.00 100.00 100.00 -1000 1.44 3.98 -0.59 -1000 42.61 0.22 540.438
car -1 -1 0.00 0.00 0.00 100.00 100.00 -1000 1.71 4.78 1.37 -1000 37.01 1.61 540.420
car -1 -1 0.00 0.00 0.00 100.00 100.00 -1000 1.63 4.00 3.81 -1000 34.70 1.65 533.331
car -1 -1 0.00 0.00 0.00 100.00 100.00 -1000 1.75 4.78 -9.79 -1000 10.81 1.55 531.180
car -1 -1 0.00 0.00 0.00 100.00 100.00 -1000 1.73 4.18 1.98 -1000 33.63 1.45 529.965
car -1 -1 0.00 0.00 0.00 100.00 100.00 -1000 2.93 8.22 -3.87 -1000 35.57 -0.22 528.081
car -1 -1 0.00 0.00 0.00 100.00 100.00 -1000 1.59 3.79 4.23 -1000 11.60 1.54 525.977
car -1 -1 0.00 0.00 0.00 100.00 100.00 -1000 1.45 3.09 -0.71 -1000 43.84 1.51 523.983
car -1 -1 0.00 0.00 0.00 100.00 100.00 -1000 1.57 3.92 -0.91 -1000 34.17 0.05 521.428
car -1 -1 0.00 0.00 0.00 100.00 100.00 -1000 1.87 4.87 2.84 -1000 30.24 1.53 519.533
car -1 -1 0.00 0.00 0.00 100.00 100.00 -1000 1.55 3.67 -9.64 -1000 21.53 -0.01 512.956
car -1 -1 0.00 0.00 0.00 100.00 100.00 -1000 1.73 4.65 -5.41 -1000 26.11 1.46 511.568
car -1 -1 0.00 0.00 0.00 100.00 100.00 -1000 2.05 5.42 3.95 -1000 29.62 0.02 510.764
car -1 -1 0.00 0.00 0.00 100.00 100.00 -1000 1.58 4.12 0.27 -1000 35.22 1.57 509.352
car -1 -1 0.00 0.00 0.00 100.00 100.00 -1000 1.61 4.13 -0.46 -1000 39.29 1.54 503.594
car -1 -1 0.00 0.00 0.00 100.00 100.00 -1000 1.52 3.77 -5.90 -1000 44.99 1.59 497.311
car -1 -1 0.00 0.00 0.00 100.00 100.00 -1000 1.71 3.76 -4.58 -1000 8.88 1.58 492.782
car -1 -1 0.00 0.00 0.00 100.00 100.00 -1000 1.53 3.66 4.43 -1000 15.35 1.54 489.235
car -1 -1 0.00 0.00 0.00 100.00 100.00 -1000 1.95 6.36 -7.82 -1000 15.53 1.61 487.635
car -1 -1 0.00 0.00 0.00 100.00 100.00 -1000 1.50 3.63 4.34 -1000 8.01 1.56 484.826
car -1 -1 0.00 0.00 0.00 100.00 100.00 -1000 2.01 6.63 -3.45 -1000 39.69 1.51 483.911
car -1 -1 0.00 0.00 0.00 100.00 100.00 -1000 1.60 3.71 -6.52 -1000 32.69 1.42 479.379
car -1 -1 0.00 0.00 0.00 100.00 100.00 -1000 2.06 6.00 5.38 -1000 34.12 1.55 476.548
car -1 -1 0.00 0.00 0.00 100.00 100.00 -1000 1.64 3.06 6.52 -1000 27.45 1.48 465.740
car -1 -1 0.00 0.00 0.00 100.00 100.00 -1000 1.45 3.32 -9.71 -1000 22.85 1.57 463.111
car -1 -1 0.00 0.00 0.00 100.00 100.00 -1000 1.68 3.84 -2.62 -1000 41.84 0.07 462.055
car -1 -1 0.00 0.00 0.00 100.00 100.00 -1000 1.46 3.26 -6.14 -1000 24.25 1.46 456.796
car -1 -1 0.00 0.00 0.00 100.00 100.00 -1000 1.50 3.59 2.86 -1000 41.10 1.49 456.679
car -1 -1 0.00 0.00 0.00 100.00 100.00 -1000 1.48 3.25 -15.45 -1000 22.21 1.60 454.733
car -1 -1 0.00 0.00 0.00 100.00 100.00 -1000 2.16 7.12 9.01 -1000 31.70 1.45 446.821
car -1 -1 0.00 0.00 0.00 100.00 100.00 -1000 1.58 3.79 3.92 -1000 19.65 1.58 445.047
car -1 -1 0.00 0.00 0.00 100.00 100.00 -1000 1.44 3.60 -6.01 -1000 16.49 0.19 440.393
car -1 -1 0.00 0.00 0.00 100.00 100.00 -1000 2.56 8.50 -3.12 -1000 13.19 1.66 436.301
car -1 -1 0.00 0.00 0.00 100.00 100.00 -1000 1.60 3.43 -15.02 -1000 21.48 1.63 434.218
car -1 -1 0.00 0.00 0.00 100.00 100.00 -1000 1.43 3.57 -6.54 -1000 21.03 0.17 422.742
car -1 -1 0.00 0.00 0.00 100.00 100.00 -1000 1.56 3.36 -6.54 -1000 31.56 1.42 419.913
car -1 -1 0.00 0.00 0.00 100.00 100.00 -1000 1.76 4.45 7.76 -1000 29.02 1.51 419.227
car -1 -1 0.00 0.00 0.00 100.00 100.00 -1000 1.52 3.47 -3.89 -1000 47.57 1.48 417.116
car -1 -1 0.00 0.00 0.00 100.00 100.00 -1000 1.58 3.89 0.94 -1000 41.14 1.52 415.583
car -1 -1 0.00 0.00 0.00 100.00 100.00 -1000 1.57 3.79 -10.71 -1000 31.88 1.61 412.574
car -1 -1 0.00 0.00 0.00 100.00 100.00 -1000 1.48 3.40 -11.66 -1000 22.83 1.59 412.217
car -1 -1 0.00 0.00 0.00 100.00 100.00 -1000 1.51 3.39 -12.71 -1000 22.24 1.62 411.065
car -1 -1 0.00 0.00 0.00 100.00 100.00 -1000 1.66 4.04 4.28 -1000 12.46 1.54 410.090
car -1 -1 0.00 0.00 0.00 100.00 100.00 -1000 1.31 3.73 -0.01 -1000 38.10 0.24 408.747
car -1 -1 0.00 0.00 0.00 100.00 100.00 -1000 1.56 3.60 -10.38 -1000 29.48 1.63 398.147
car -1 -1 0.00 0.00 0.00 100.00 100.00 -1000 1.84 4.89 -6.22 -1000 13.23 -0.31 386.260
car -1 -1 0.00 0.00 0.00 100.00 100.00 -1000 1.54 3.26 -12.84 -1000 35.25 1.64 372.781
car -1 -1 0.00 0.00 0.00 100.00 100.00 -1000 3.22 9.57 -7.41 -1000 9.74 -0.05 371.204
car -1 -1 0.00 0.00 0.00 100.00 100.00 -1000 1.67 4.13 -11.78 -1000 30.09 -0.13 368.454
car -1 -1 0.00 0.00 0.00 100.00 100.00 -1000 1.73 4.50 -9.52 -1000 9.70 1.46 365.698
car -1 -1 0.00 0.00 0.00 100.00 100.00 -1000 1.61 4.04 4.48 -1000 13.58 1.51 361.246
car -1 -1 0.00 0.00 0.00 100.00 100.00 -1000 1.79 5.20 -0.44 -1000 36.08 1.60 359.433
car -1 -1 0.00 0.00 0.00 100.00 100.00 -1000 1.89 5.53 -15.11 -1000 36.56 1.46 359.086
car -1 -1 0.00 0.00 0.00 100.00 100.00 -1000 1.95 6.15 -2.58 -1000 14.30 1.61 354.553
car -1 -1 0.00 0.00 0.00 100.00 100.00 -1000 1.96 5.95 7.64 -1000 34.94 1.45 352.849
car -1 -1 0.00 0.00 0.00 100.00 100.00 -1000 1.72 4.66 -11.16 -1000 11.18 1.45 349.385
car -1 -1 0.00 0.00 0.00 100.00 100.00 -1000 1.49 3.57 -17.91 -1000 27.35 1.51 348.094
car -1 -1 0.00 0.00 0.00 100.00 100.00 -1000 1.67 3.90 3.27 -1000 39.63 -0.08 345.805
car -1 -1 0.00 0.00 0.00 100.00 100.00 -1000 1.57 3.80 0.68 -1000 32.44 1.58 344.283
car -1 -1 0.00 0.00 0.00 100.00 100.00 -1000 1.59 4.14 4.35 -1000 14.53 1.57 344.012
car -1 -1 0.00 0.00 0.00 100.00 100.00 -1000 1.62 3.50 -11.97 -1000 20.14 1.50 343.788
car -1 -1 0.00 0.00 0.00 100.00 100.00 -1000 1.60 3.81 -6.40 -1000 37.42 1.55 342.856
car -1 -1 0.00 0.00 0.00 100.00 100.00 -1000 1.48 3.21 -6.82 -1000 30.64 0.16 340.221
car -1 -1 0.00 0.00 0.00 100.00 100.00 -1000 1.58 3.86 4.63 -1000 22.01 1.56 339.876
car -1 -1 0.00 0.00 0.00 100.00 100.00 -1000 1.68 4.10 -15.09 -1000 25.46 1.61 336.250
car -1 -1 0.00 0.00 0.00 100.00 100.00 -1000 1.59 3.94 6.18 -1000 16.89 1.52 328.184
car -1 -1 0.00 0.00 0.00 100.00 100.00 -1000 1.64 4.26 -11.03 -1000 14.40 1.46 323.822
car -1 -1 0.00 0.00 0.00 100.00 100.00 -1000 1.69 5.13 -1.89 -1000 40.13 1.49 322.784
car -1 -1 0.00 0.00 0.00 100.00 100.00 -1000 1.68 4.01 -3.46 -1000 8.08 1.54 322.126
car -1 -1 0.00 0.00 0.00 100.00 100.00 -1000 1.54 3.49 -10.21 -1000 31.07 1.61 320.920
car -1 -1 0.00 0.00 0.00 100.00 100.00 -1000 1.51 3.56 -13.86 -1000 22.91 1.54 320.536
car -1 -1 0.00 0.00 0.00 100.00 100.00 -1000 1.91 5.70 9.11 -1000 30.52 1.42 319.363
car -1 -1 0.00 0.00 0.00 100.00 100.00 -1000 1.57 4.23 -1.48 -1000 31.31 0.27 317.938
car -1 -1 0.00 0.00 0.00 100.00 100.00 -1000 3.01 7.28 5.67 -1000 28.22 -0.31 314.862
car -1 -1 0.00 0.00 0.00 100.00 100.00 -1000 1.52 3.49 2.78 -1000 42.40 1.53 314.027
car -1 -1 0.00 0.00 0.00 100.00 100.00 -1000 2.17 7.16 8.20 -1000 34.09 1.39 310.610
car -1 -1 0.00 0.00 0.00 100.00 100.00 -1000 1.56 3.74 -14.79 -1000 26.67 1.59 306.923
car -1 -1 0.00 0.00 0.00 100.00 100.00 -1000 1.76 4.91 2.52 -1000 28.96 1.56 305.910
car -1 -1 0.00 0.00 0.00 100.00 100.00 -1000 1.86 4.29 -12.58 -1000 34.36 -0.07 303.919
car -1 -1 0.00 0.00 0.00 100.00 100.00 -1000 1.62 3.82 4.27 -1000 6.85 1.62 302.847
car -1 -1 0.00 0.00 0.00 100.00 100.00 -1000 1.45 3.34 -7.18 -1000 35.92 0.22 301.825
car -1 -1 0.00 0.00 0.00 100.00 100.00 -1000 1.69 4.15 6.95 -1000 28.23 1.55 299.042
car -1 -1 0.00 0.00 0.00 100.00 100.00 -1000 1.58 3.57 2.62 -1000 43.20 1.55 296.011
car -1 -1 0.00 0.00 0.00 100.00 100.00 -1000 1.88 5.73 8.46 -1000 19.61 1.45 292.747
car -1 -1 0.00 0.00 0.00 100.00 100.00 -1000 1.52 3.63 -13.55 -1000 30.58 1.49 291.770
car -1 -1 0.00 0.00 0.00 100.00 100.00 -1000 1.75 4.62 9.45 -1000 29.35 1.45 291.499
car -1 -1 0.00 0.00 0.00 100.00 100.00 -1000 1.97 6.14 -14.01 -1000 37.27 1.44 289.610
car -1 -1 0.00 0.00 0.00 100.00 100.00 -1000 1.85 4.59 -3.26 -1000 9.74 1.61 289.204
car -1 -1 0.00 0.00 0.00 100.00 100.00 -1000 1.46 3.56 -10.72 -1000 21.86 -0.09 284.187
car -1 -1 0.00 0.00 0.00 100.00 100.00 -1000 1.71 4.31 5.43 -1000 18.45 1.60 281.801
car -1 -1 0.00 0.00 0.00 100.00 100.00 -1000 1.83 4.86 2.31 -1000 3.73 0.03 280.716
car -1 -1 0.00 0.00 0.00 100.00 100.00 -1000 1.49 3.76 -5.96 -1000 41.01 1.59 280.005
car -1 -1 0.00 0.00 0.00 100.00 100.00 -1000 2.13 6.85 -2.51 -1000 11.50 1.66 279.817
car -1 -1 0.00 0.00 0.00 100.00 100.00 -1000 1.72 4.55 8.71 -1000 28.16 1.42 279.489
car -1 -1 0.00 0.00 0.00 100.00 100.00 -1000 1.71 4.16 0.71 -1000 34.36 1.56 279.242
car -1 -1 0.00 0.00 0.00 100.00 100.00 -1000 2.03 6.23 -3.43 -1000 15.51 1.69 277.699
car -1 -1 0.00 0.00 0.00 100.00 100.00 -1000 1.52 3.49 -11.80 -1000 32.63 1.62 272.314
car -1 -1 0.00 0.00 0.00 100.00 100.00 -1000 1.82 5.40 -9.69 -1000 15.15 1.44 271.730
car -1 -1 0.00 0.00 0.00 100.00 100.00 -1000 1.83 5.42 -3.04 -1000 17.18 1.73 271.715
car -1 -1 0.00 0.00 0.00 100.00 100.00 -1000 1.75 4.38 -6.07 -1000 23.07 0.09 270.664
car -1 -1 0.00 0.00 0.00 100.00 100.00 -1000 1.64 3.98 3.80 -1000 35.77 1.65 269.588
car -1 -1 0.00 0.00 0.00 100.00 100.00 -1000 1.68 4.35 -6.82 -1000 33.90 1.45 267.271
car -1 -1 0.00 0.00 0.00 100.00 100.00 -1000 1.66 3.96 -10.25 -1000 28.66 1.63 266.978
car -1 -1 0.00 0.00 0.00 100.00 100.00 -1000 1.74 4.70 -3.59 -1000 24.10 1.65 266.223
car -1 -1 0.00 0.00 0.00 100.00 100.00 -1000 1.90 5.70 7.62 -1000 36.58 1.45 266.095
car -1 -1 0.00 0.00 0.00 100.00 100.00 -1000 1.69 4.54 -9.69 -1000 8.78 1.44 265.959
car -1 -1 0.00 0.00 0.00 100.00 100.00 -1000 1.74 4.62 -3.47 -1000 20.83 1.64 265.907
car -1 -1 0.00 0.00 0.00 100.00 100.00 -1000 1.83 4.94 1.66 -1000 30.93 1.53 261.707
car -1 -1 0.00 0.00 0.00 100.00 100.00 -1000 1.54 3.80 4.35 -1000 40.25 1.58 260.605
car -1 -1 0.00 0.00 0.00 100.00 100.00 -1000 1.86 8.39 -4.89 -1000 7.04 -0.08 260.016
car -1 -1 0.00 0.00 0.00 100.00 100.00 -1000 1.74 4.72 -8.80 -1000 45.07 1.44 259.836
car -1 -1 0.00 0.00 0.00 100.00 100.00 -1000 1.65 4.31 -8.49 -1000 16.44 1.47 257.006
car -1 -1 0.00 0.00 0.00 100.00 100.00 -1000 1.45 3.44 -17.81 -1000 25.88 0.16 256.365
car -1 -1 0.00 0.00 0.00 100.00 100.00 -1000 1.72 4.20 -6.81 -1000 42.73 1.58 256.279
car -1 -1 0.00 0.00 0.00 100.00 100.00 -1000 1.49 3.26 -6.27 -1000 29.48 0.17 256.278
car -1 -1 0.00 0.00 0.00 100.00 100.00 -1000 1.49 3.38 2.73 -1000 12.65 1.44 252.082
car -1 -1 0.00 0.00 0.00 100.00 100.00 -1000 1.57 3.86 -6.98 -1000 23.69 1.45 252.048
car -1 -1 0.00 0.00 0.00 100.00 100.00 -1000 1.71 4.62 -12.04 -1000 12.44 1.40 251.512
car -1 -1 0.00 0.00 0.00 100.00 100.00 -1000 1.55 3.72 2.47 -1000 45.17 1.60 251.085
car -1 -1 0.00 0.00 0.00 100.00 100.00 -1000 1.67 4.07 -5.86 -1000 44.07 1.64 250.446
car -1 -1 0.00 0.00 0.00 100.00 100.00 -1000 1.61 3.88 -13.43 -1000 25.46 1.59 246.981
car -1 -1 0.00 0.00 0.00 100.00 100.00 -1000 1.90 5.83 6.89 -1000 43.81 1.44 245.920
car -1 -1 0.00 0.00 0.00 100.00 100.00 -1000 1.81 5.10 8.53 -1000 18.01 1.45 245.860
car -1 -1 0.00 0.00 0.00 100.00 100.00 -1000 1.62 4.17 -16.22 -1000 28.11 1.56 241.914
car -1 -1 0.00 0.00 0.00 100.00 100.00 -1000 1.59 4.07 6.26 -1000 9.59 1.52 241.444
car -1 -1 0.00 0.00 0.00 100.00 100.00 -1000 1.68 4.51 -16.90 -1000 20.47 1.47 240.378
car -1 -1 0.00 0.00 0.00 100.00 100.00 -1000 1.62 4.22 4.69 -1000 41.83 1.50 240.064
car -1 -1 0.00 0.00 0.00 100.00 100.00 -1000 1.66 4.42 3.87 -1000 20.70 -0.03 239.868
car -1 -1 0.00 0.00 0.00 100.00 100.00 -1000 1.55 3.61 -6.48 -1000 22.14 1.50 239.673
car -1 -1 0.00 0.00 0.00 100.00 100.00 -1000 1.68 4.54 -15.29 -1000 35.39 1.43 237.590
car -1 -1 0.00 0.00 0.00 100.00 100.00 -1000 1.75 5.61 1.51 -1000 28.19 0.19 237.090
car -1 -1 0.00 0.00 0.00 100.00 100.00 -1000 1.54 3.60 -18.35 -1000 35.00 1.53 234.111
car -1 -1 0.00 0.00 0.00 100.00 100.00 -1000 1.68 4.43 -14.30 -1000 28.09 1.45 231.174
car -1 -1 0.00 0.00 0.00 100.00 100.00 -1000 1.55 3.96 3.93 -1000 43.44 1.59 230.373
car -1 -1 0.00 0.00 0.00 100.00 100.00 -1000 1.75 4.94 8.62 -1000 9.16 1.45 227.123
car -1 -1 0.00 0.00 0.00 100.00 100.00 -1000 1.51 4.17 0.16 -1000 31.23 0.28 225.837
car -1 -1 0.00 0.00 0.00 100.00 100.00 -1000 1.79 5.11 8.59 -1000 13.18 1.45 225.283
car -1 -1 0.00 0.00 0.00 100.00 100.00 -1000 1.42 3.07 -7.91 -1000 44.25 0.25 224.925
car -1 -1 0.00 0.00 0.00 100.00 100.00 -1000 2.00 6.47 -11.01 -1000 37.29 1.44 224.623
car -1 -1 0.00 0.00 0.00 100.00 100.00 -1000 1.78 4.89 8.61 -1000 16.41 1.45 224.304
car -1 -1 0.00 0.00 0.00 100.00 100.00 -1000 1.79 4.87 -10.96 -1000 10.07 1.38 222.097
car -1 -1 0.00 0.00 0.00 100.00 100.00 -1000 1.63 4.02 6.11 -1000 15.71 1.56 221.876
car -1 -1 0.00 0.00 0.00 100.00 100.00 -1000 1.77 5.02 8.60 -1000 11.56 1.45 221.828
car -1 -1 0.00 0.00 0.00 100.00 100.00 -1000 1.78 4.99 8.62 -1000 14.79 1.44 220.850
car -1 -1 0.00 0.00 0.00 100.00 100.00 -1000 1.81 5.16 6.94 -1000 42.21 1.45 220.743
car -1 -1 0.00 0.00 0.00 100.00 100.00 -1000 2.25 5.83 -15.19 -1000 20.67 0.03 218.917
car -1 -1 0.00 0.00 0.00 100.00 100.00 -1000 1.60 3.94 -9.63 -1000 30.23 1.54 218.442
car -1 -1 0.00 0.00 0.00 100.00 100.00 -1000 1.58 3.76 -13.38 -1000 31.43 1.42 217.554
car -1 -1 0.00 0.00 0.00 100.00 100.00 -1000 1.62 4.26 -13.61 -1000 29.82 1.48 217.352
car -1 -1 0.00 0.00 0.00 100.00 100.00 -1000 1.53 4.01 -8.44 -1000 22.43 1.58 216.009
car -1 -1 0.00 0.00 0.00 100.00 100.00 -1000 1.68 4.37 -1.39 -1000 46.82 1.54 215.752
car -1 -1 0.00 0.00 0.00 100.00 100.00 -1000 1.49 3.96 -3.98 -1000 34.12 1.38 215.426
car -1 -1 0.00 0.00 0.00 100.00 100.00 -1000 1.67 4.28 -12.01 -1000 13.67 1.41 214.458
car -1 -1 0.00 0.00 0.00 100.00 100.00 -1000 1.89 5.12 -9.41 -1000 44.29 1.46 213.666
car -1 -1 0.00 0.00 0.00 100.00 100.00 -1000 1.66 4.17 -16.21 -1000 30.13 1.49 213.660
car -1 -1 0.00 0.00 0.00 100.00 100.00 -1000 1.54 3.76 -6.51 -1000 40.01 0.20 210.928
car -1 -1 0.00 0.00 0.00 100.00 100.00 -1000 1.69 4.40 -11.23 -1000 20.93 1.55 207.251
car -1 -1 0.00 0.00 0.00 100.00 100.00 -1000 1.66 4.41 -5.33 -1000 27.33 1.59 206.948
car -1 -1 0.00 0.00 0.00 100.00 100.00 -1000 1.55 3.83 5.23 -1000 21.32 1.59 206.137
car -1 -1 0.00 0.00 0.00 100.00 100.00 -1000 1.64 4.28 3.95 -1000 36.97 1.60 205.384
car -1 -1 0.00 0.00 0.00 100.00 100.00 -1000 1.65 4.18 -6.23 -1000 41.85 1.57 205.296
car -1 -1 0.00 0.00 0.00 100.00 100.00 -1000 1.63 4.38 0.01 -1000 29.22 1.50 204.636
car -1 -1 0.00 0.00 0.00 100.00 100.00 -1000 1.85 5.41 6.85 -1000 37.35 1.44 203.818
car -1 -1 0.00 0.00 0.00 100.00 100.00 -1000 1.59 4.22 -16.06 -1000 22.81 1.49 203.735
car -1 -1 0.00 0.00 0.00 100.00 100.00 -1000 1.66 4.50 -11.20 -1000 35.33 1.46 201.505
car -1 -1 0.00 0.00 0.00 100.00 100.00 -1000 1.66 4.27 -8.92 -1000 43.51 1.43 200.011
car -1 -1 0.00 0.00 0.00 100.00 100.00 -1000 1.63 4.12 -19.60 -1000 34.34 0.02 199.620
car -1 -1 0.00 0.00 0.00 100.00 100.00 -1000 1.60 3.87 2.27 -1000 46.39 1.64 199.364
car -1 -1 0.00 0.00 0.00 100.00 100.00 -1000 1.54 3.64 -6.06 -1000 8.77 1.46 199.231
car -1 -1 0.00 0.00 0.00 100.00 100.00 -1000 1.45 3.13 -6.32 -1000 27.82 0.21 199.164
car -1 -1 0.00 0.00 0.00 100.00 100.00 -1000 1.71 4.63 8.73 -1000 7.98 1.44 198.547
car -1 -1 0.00 0.00 0.00 100.00 100.00 -1000 1.97 6.35 -8.84 -1000 46.20 1.43 198.268
car -1 -1 0.00 0.00 0.00 100.00 100.00 -1000 1.72 4.62 8.62 -1000 10.42 1.41 196.460
car -1 -1 0.00 0.00 0.00 100.00 100.00 -1000 1.79 4.49 -3.28 -1000 46.66 0.10 195.644
car -1 -1 0.00 0.00 0.00 100.00 100.00 -1000 1.58 4.03 -8.91 -1000 28.98 1.50 195.598
car -1 -1 0.00 0.00 0.00 100.00 100.00 -1000 1.64 4.14 -11.04 -1000 26.13 1.54 194.853
car -1 -1 0.00 0.00 0.00 100.00 100.00 -1000 1.76 4.85 7.00 -1000 40.60 1.44 194.096
car -1 -1 0.00 0.00 0.00 100.00 100.00 -1000 1.63 4.11 6.19 -1000 13.25 1.53 193.606
car -1 -1 0.00 0.00 0.00 100.00 100.00 -1000 1.76 4.98 5.71 -1000 35.36 1.45 193.072
car -1 -1 0.00 0.00 0.00 100.00 100.00 -1000 1.75 5.14 -12.37 -1000 23.62 1.59 192.707
car -1 -1 0.00 0.00 0.00 100.00 100.00 -1000 1.70 4.08 -10.07 -1000 27.79 1.57 191.727
car -1 -1 0.00 0.00 0.00 100.00 100.00 -1000 1.62 4.58 7.73 -1000 20.86 1.45 190.991
car -1 -1 0.00 0.00 0.00 100.00 100.00 -1000 1.74 4.49 5.08 -1000 10.90 1.63 190.710
car -1 -1 0.00 0.00 0.00 100.00 100.00 -1000 1.35 3.19 -18.44 -1000 26.55 0.09 187.350
car -1 -1 0.00 0.00 0.00 100.00 100.00 -1000 1.77 4.78 8.25 -1000 27.35 1.42 186.932
car -1 -1 0.00 0.00 0.00 100.00 100.00 -1000 1.65 4.22 -17.73 -1000 22.10 1.42 186.639
car -1 -1 0.00 0.00 0.00 100.00 100.00 -1000 1.56 3.08 -12.10 -1000 33.48 1.55 185.167
car -1 -1 0.00 0.00 0.00 100.00 100.00 -1000 1.55 3.82 -2.14 -1000 45.48 1.50 184.918
car -1 -1 0.00 0.00 0.00 100.00 100.00 -1000 1.59 4.12 6.27 -1000 14.43 1.51 184.849
car -1 -1 0.00 0.00 0.00 100.00 100.00 -1000 2.10 5.27 4.29 -1000 5.77 -0.18 184.650
car -1 -1 0.00 0.00 0.00 100.00 100.00 -1000 1.49 3.90 -17.28 -1000 33.59 0.19 183.990
car -1 -1 0.00 0.00 0.00 100.00 100.00 -1000 1.57 3.71 4.25 -1000 39.06 1.61 183.278
car -1 -1 0.00 0.00 0.00 100.00 100.00 -1000 1.74 4.20 -14.91 -1000 24.60 1.58 182.766
car -1 -1 0.00 0.00 0.00 100.00 100.00 -1000 1.65 4.19 -4.39 -1000 41.43 1.46 182.722
car -1 -1 0.00 0.00 0.00 100.00 100.00 -1000 1.72 4.29 -13.94 -1000 34.85 1.39 182.116
car -1 -1 0.00 0.00 0.00 100.00 100.00 -1000 1.51 3.82 4.96 -1000 20.09 1.62 181.653
car -1 -1 0.00 0.00 0.00 100.00 100.00 -1000 1.75 4.84 7.01 -1000 38.98 1.44 181.233
car -1 -1 0.00 0.00 0.00 100.00 100.00 -1000 1.57 3.71 -6.72 -1000 38.99 1.44 180.200
car -1 -1 0.00 0.00 0.00 100.00 100.00 -1000 1.50 4.08 -3.17 -1000 31.60 0.17 180.162
car -1 -1 0.00 0.00 0.00 100.00 100.00 -1000 1.71 4.50 -16.92 -1000 23.67 1.42 179.852
car -1 -1 0.00 0.00 0.00 100.00 100.00 -1000 1.23 3.52 -4.48 -1000 31.35 -0.44 179.126
car -1 -1 0.00 0.00 0.00 100.00 100.00 -1000 1.64 4.55 2.65 -1000 11.87 0.07 175.843
car -1 -1 0.00 0.00 0.00 100.00 100.00 -1000 1.70 4.59 5.05 -1000 42.65 1.43 175.029
car -1 -1 0.00 0.00 0.00 100.00 100.00 -1000 1.66 4.38 -7.29 -1000 45.45 1.44 174.667
car -1 -1 0.00 0.00 0.00 100.00 100.00 -1000 1.60 3.93 4.10 -1000 38.22 1.64 174.150
car -1 -1 0.00 0.00 0.00 100.00 100.00 -1000 1.57 4.16 -10.53 -1000 32.91 1.52 170.792
car -1 -1 0.00 0.00 0.00 100.00 100.00 -1000 1.80 5.07 -2.88 -1000 19.26 1.70 170.775
car -1 -1 0.00 0.00 0.00 100.00 100.00 -1000 1.68 4.64 -17.14 -1000 35.33 1.42 170.641
car -1 -1 0.00 0.00 0.00 100.00 100.00 -1000 1.49 3.44 -7.06 -1000 28.99 0.24 169.293
car -1 -1 0.00 0.00 0.00 100.00 100.00 -1000 1.68 4.49 -4.52 -1000 44.70 1.52 169.226
car -1 -1 0.00 0.00 0.00 100.00 100.00 -1000 1.88 5.70 -17.05 -1000 36.22 1.42 169.157
car -1 -1 0.00 0.00 0.00 100.00 100.00 -1000 1.78 4.50 -0.84 -1000 45.96 1.48 169.107
car -1 -1 0.00 0.00 0.00 100.00 100.00 -1000 1.89 5.76 7.60 -1000 22.04 1.45 168.293
car -1 -1 0.00 0.00 0.00 100.00 100.00 -1000 1.65 4.18 -15.56 -1000 34.23 1.44 168.192
car -1 -1 0.00 0.00 0.00 100.00 100.00 -1000 1.96 6.02 6.78 -1000 45.39 1.38 168.123
car -1 -1 0.00 0.00 0.00 100.00 100.00 -1000 1.67 4.77 -12.87 -1000 28.91 1.56 167.770
car -1 -1 0.00 0.00 0.00 100.00 100.00 -1000 1.63 3.99 -17.40 -1000 28.59 1.51 167.534
car -1 -1 0.00 0.00 0.00 100.00 100.00 -1000 1.54 4.06 -1.63 -1000 32.53 1.49 167.366
