car -1 -1 0.00 0.00 0.00 100.00 100.00 -1000 1.21 3.93 3.62 -1000 11.17 0.18 999.220
car -1 -1 0.00 0.00 0.00 100.00 100.00 -1000 1.25 4.07 -5.05 -1000 13.79 2.09 999.010
car -1 -1 0.00 0.00 0.00 100.00 100.00 -1000 1.27 3.57 -4.54 -1000 14.83 2.20 998.703
car -1 -1 0.00 0.00 0.00 100.00 100.00 -1000 1.02 3.88 3.32 -1000 16.46 0.50 998.481
car -1 -1 0.00 0.00 0.00 100.00 100.00 -1000 1.64 3.83 -5.36 -1000 31.50 1.60 997.925
car -1 -1 0.00 0.00 0.00 100.00 100.00 -1000 2.11 8.05 5.80 -1000 13.05 1.92 996.722
car -1 -1 0.00 0.00 0.00 100.00 100.00 -1000 1.05 4.70 5.60 -1000 11.07 0.52 995.861
car -1 -1 0.00 0.00 0.00 100.00 100.00 -1000 0.88 3.97 8.42 -1000 9.46 0.80 995.797
car -1 -1 0.00 0.00 0.00 100.00 100.00 -1000 1.42 3.12 2.78 -1000 11.96 1.78 995.274
car -1 -1 0.00 0.00 0.00 100.00 100.00 -1000 0.69 4.08 7.65 -1000 12.86 0.76 994.208
car -1 -1 0.00 0.00 0.00 100.00 100.00 -1000 1.52 3.64 -4.84 -1000 9.80 1.62 993.884
car -1 -1 0.00 0.00 0.00 100.00 100.00 -1000 1.83 5.28 1.17 -1000 44.92 1.51 993.156
car -1 -1 0.00 0.00 0.00 100.00 100.00 -1000 1.44 3.74 -4.04 -1000 8.78 -0.08 992.446
car -1 -1 0.00 0.00 0.00 100.00 100.00 -1000 1.50 3.41 -5.24 -1000 24.36 1.69 991.110
car -1 -1 0.00 0.00 0.00 100.00 100.00 -1000 1.00 2.50 5.73 -1000 10.58 3.31 987.349
car -1 -1 0.00 0.00 0.00 100.00 100.00 -1000 1.51 3.36 2.03 -1000 16.90 1.63 987.312
car -1 -1 0.00 0.00 0.00 100.00 100.00 -1000 1.84 4.79 5.39 -1000 12.37 2.13 986.073
car -1 -1 0.00 0.00 0.00 100.00 100.00 -1000 0.50 3.34 -3.68 -1000 13.93 0.75 982.641
car -1 -1 0.00 0.00 0.00 100.00 100.00 -1000 1.82 4.79 -5.64 -1000 32.41 1.59 974.342
car -1 -1 0.00 0.00 0.00 100.00 100.00 -1000 1.48 3.69 -5.14 -1000 25.22 1.66 972.008
car -1 -1 0.00 0.00 0.00 100.00 100.00 -1000 0.54 3.38 -3.12 -1000 15.33 0.75 971.695
car -1 -1 0.00 0.00 0.00 100.00 100.00 -1000 1.72 4.59 0.66 -1000 43.84 0.03 971.481
car -1 -1 0.00 0.00 0.00 100.00 100.00 -1000 1.45 4.15 2.52 -1000 15.87 0.04 970.419
car -1 -1 0.00 0.00 0.00 100.00 100.00 -1000 1.56 3.80 0.64 -1000 39.36 -0.13 969.381
car -1 -1 0.00 0.00 0.00 100.00 100.00 -1000 1.44 3.63 1.95 -1000 21.35 -0.12 969.374
car -1 -1 0.00 0.00 0.00 100.00 100.00 -1000 1.51 3.49 0.35 -1000 40.14 1.57 968.681
car -1 -1 0.00 0.00 0.00 100.00 100.00 -1000 1.77 4.76 -0.28 -1000 45.32 1.58 968.535
car -1 -1 0.00 0.00 0.00 100.00 100.00 -1000 1.62 4.33 -5.15 -1000 8.33 -0.23 968.227
car -1 -1 0.00 0.00 0.00 100.00 100.00 -1000 1.50 4.00 -5.02 -1000 30.57 -0.08 965.238
car -1 -1 0.00 0.00 0.00 100.00 100.00 -1000 1.58 3.59 -4.24 -1000 15.82 1.54 960.930
car -1 -1 0.00 0.00 0.00 100.00 100.00 -1000 1.61 3.71 -0.18 -1000 44.46 1.54 959.027
car -1 -1 0.00 0.00 0.00 100.00 100.00 -1000 1.56 3.65 -4.82 -1000 42.55 1.55 956.490
car -1 -1 0.00 0.00 0.00 100.00 100.00 -1000 1.69 3.99 -5.86 -1000 7.56 0.04 956.246
car -1 -1 0.00 0.00 0.00 100.00 100.00 -1000 1.48 3.50 1.71 -1000 22.43 1.61 954.837
car -1 -1 0.00 0.00 0.00 100.00 100.00 -1000 1.58 4.03 -4.61 -1000 41.77 -0.09 952.659
car -1 -1 0.00 0.00 0.00 100.00 100.00 -1000 1.56 4.04 -0.67 -1000 39.63 0.01 950.470
car -1 -1 0.00 0.00 0.00 100.00 100.00 -1000 1.12 3.12 -5.07 -1000 18.37 0.39 946.164
car -1 -1 0.00 0.00 0.00 100.00 100.00 -1000 1.56 3.53 -5.88 -1000 9.35 1.47 942.926
car -1 -1 0.00 0.00 0.00 100.00 100.00 -1000 1.54 3.60 -0.97 -1000 40.53 1.60 941.224
car -1 -1 0.00 0.00 0.00 100.00 100.00 -1000 2.93 9.33 3.07 -1000 43.48 0.20 940.821
car -1 -1 0.00 0.00 0.00 100.00 100.00 -1000 1.24 2.98 7.64 -1000 8.52 2.44 938.716
car -1 -1 0.00 0.00 0.00 100.00 100.00 -1000 1.32 3.83 -5.96 -1000 12.92 0.24 935.636
car -1 -1 0.00 0.00 0.00 100.00 100.00 -1000 1.42 3.93 6.41 -1000 10.02 -0.00 934.734
car -1 -1 0.00 0.00 0.00 100.00 100.00 -1000 0.50 4.39 10.13 -1000 9.61 1.71 932.473
car -1 -1 0.00 0.00 0.00 100.00 100.00 -1000 1.50 3.53 1.89 -1000 40.14 1.57 931.927
car -1 -1 0.00 0.00 0.00 100.00 100.00 -1000 1.57 3.92 6.70 -1000 9.15 -0.19 930.038
car -1 -1 0.00 0.00 0.00 100.00 100.00 -1000 1.61 4.14 -5.50 -1000 23.62 0.02 919.282
car -1 -1 0.00 0.00 0.00 100.00 100.00 -1000 1.19 3.35 -2.18 -1000 41.02 0.41 910.283
car -1 -1 0.00 0.00 0.00 100.00 100.00 -1000 1.60 3.96 -3.60 -1000 42.22 1.58 902.368
car -1 -1 0.00 0.00 0.00 100.00 100.00 -1000 0.72 4.07 4.36 -1000 16.07 1.16 892.639
car -1 -1 0.00 0.00 0.00 100.00 100.00 -1000 1.45 3.48 -3.82 -1000 36.98 0.06 889.964
car -1 -1 0.00 0.00 0.00 100.00 100.00 -1000 1.75 5.16 2.17 -1000 12.65 1.71 886.287
car -1 -1 0.00 0.00 0.00 100.00 100.00 -1000 1.90 4.94 -5.04 -1000 33.53 1.64 881.187
car -1 -1 0.00 0.00 0.00 100.00 100.00 -1000 1.68 4.34 2.61 -1000 44.26 1.67 880.917
car -1 -1 0.00 0.00 0.00 100.00 100.00 -1000 1.41 3.44 -2.08 -1000 36.10 0.16 875.724
car -1 -1 0.00 0.00 0.00 100.00 100.00 -1000 1.48 3.24 -6.11 -1000 14.16 1.52 875.405
car -1 -1 0.00 0.00 0.00 100.00 100.00 -1000 1.53 3.55 -1.06 -1000 35.73 -0.02 853.914
car -1 -1 0.00 0.00 0.00 100.00 100.00 -1000 1.49 3.80 -0.64 -1000 32.59 -0.03 853.468
car -1 -1 0.00 0.00 0.00 100.00 100.00 -1000 1.46 3.29 2.95 -1000 15.18 2.08 848.506
car -1 -1 0.00 0.00 0.00 100.00 100.00 -1000 0.57 3.44 6.17 -1000 11.59 0.38 847.339
car -1 -1 0.00 0.00 0.00 100.00 100.00 -1000 1.55 4.10 -4.45 -1000 16.70 1.45 840.333
car -1 -1 0.00 0.00 0.00 100.00 100.00 -1000 1.82 4.20 5.04 -1000 16.46 1.57 839.262
car -1 -1 0.00 0.00 0.00 100.00 100.00 -1000 1.49 3.84 -7.47 -1000 47.83 0.10 834.316
car -1 -1 0.00 0.00 0.00 100.00 100.00 -1000 2.45 8.90 0.05 -1000 46.13 1.55 833.278
car -1 -1 0.00 0.00 0.00 100.00 100.00 -1000 1.60 3.97 0.58 -1000 35.72 0.02 827.043
car -1 -1 0.00 0.00 0.00 100.00 100.00 -1000 1.80 4.15 -3.35 -1000 41.06 0.03 819.352
car -1 -1 0.00 0.00 0.00 100.00 100.00 -1000 0.20 2.47 8.49 -1000 12.06 2.21 805.985
car -1 -1 0.00 0.00 0.00 100.00 100.00 -1000 2.71 11.55 0.10 -1000 47.03 1.50 780.859
car -1 -1 0.00 0.00 0.00 100.00 100.00 -1000 1.50 3.43 -6.24 -1000 10.06 1.49 776.506
car -1 -1 0.00 0.00 0.00 100.00 100.00 -1000 1.45 3.27 -5.60 -1000 18.96 1.52 772.844
car -1 -1 0.00 0.00 0.00 100.00 100.00 -1000 1.52 3.84 -2.76 -1000 30.10 0.13 768.292
car -1 -1 0.00 0.00 0.00 100.00 100.00 -1000 1.51 3.70 -1.64 -1000 29.76 0.23 755.555
car -1 -1 0.00 0.00 0.00 100.00 100.00 -1000 1.42 4.15 6.57 -1000 14.48 2.31 755.088
car -1 -1 0.00 0.00 0.00 100.00 100.00 -1000 1.09 3.28 -3.73 -1000 17.28 0.01 753.995
car -1 -1 0.00 0.00 0.00 100.00 100.00 -1000 1.84 5.03 4.66 -1000 17.30 1.56 743.284
car -1 -1 0.00 0.00 0.00 100.00 100.00 -1000 1.69 5.56 5.90 -1000 13.71 1.56 741.967
car -1 -1 0.00 0.00 0.00 100.00 100.00 -1000 1.69 4.18 4.52 -1000 11.67 1.69 739.350
car -1 -1 0.00 0.00 0.00 100.00 100.00 -1000 1.49 3.38 -5.18 -1000 10.61 1.41 733.523
car -1 -1 0.00 0.00 0.00 100.00 100.00 -1000 2.05 5.99 2.47 -1000 13.91 1.60 732.440
car -1 -1 0.00 0.00 0.00 100.00 100.00 -1000 1.60 3.79 -5.61 -1000 34.28 1.49 731.606
car -1 -1 0.00 0.00 0.00 100.00 100.00 -1000 0.86 3.29 -4.37 -1000 48.03 0.47 729.373
car -1 -1 0.00 0.00 0.00 100.00 100.00 -1000 2.32 4.72 1.92 -1000 42.87 -0.27 724.181
car -1 -1 0.00 0.00 0.00 100.00 100.00 -1000 1.64 3.63 -6.55 -1000 30.79 1.49 714.355
car -1 -1 0.00 0.00 0.00 100.00 100.00 -1000 1.56 3.85 -2.19 -1000 41.80 1.61 713.617
car -1 -1 0.00 0.00 0.00 100.00 100.00 -1000 1.54 3.54 2.03 -1000 11.19 1.49 711.375
car -1 -1 0.00 0.00 0.00 100.00 100.00 -1000 1.79 5.68 -3.21 -1000 32.80 1.63 710.861
car -1 -1 0.00 0.00 0.00 100.00 100.00 -1000 1.71 3.96 -4.89 -1000 22.85 -0.12 703.964
car -1 -1 0.00 0.00 0.00 100.00 100.00 -1000 1.45 3.30 -1.33 -1000 33.73 1.57 703.336
car -1 -1 0.00 0.00 0.00 100.00 100.00 -1000 1.70 3.51 -6.14 -1000 47.48 -0.05 702.522
car -1 -1 0.00 0.00 0.00 100.00 100.00 -1000 1.32 3.60 -4.50 -1000 17.83 0.08 700.657
car -1 -1 0.00 0.00 0.00 100.00 100.00 -1000 1.11 4.27 3.87 -1000 12.48 0.12 696.637
car -1 -1 0.00 0.00 0.00 100.00 100.00 -1000 1.41 3.09 -4.49 -1000 38.09 1.55 686.913
car -1 -1 0.00 0.00 0.00 100.00 100.00 -1000 1.39 3.67 -5.32 -1000 15.36 0.09 676.838
car -1 -1 0.00 0.00 0.00 100.00 100.00 -1000 1.61 3.59 -6.07 -1000 42.19 1.49 676.296
car -1 -1 0.00 0.00 0.00 100.00 100.00 -1000 1.78 4.64 -1.66 -1000 44.89 1.47 670.473
car -1 -1 0.00 0.00 0.00 100.00 100.00 -1000 1.56 4.13 2.31 -1000 17.60 1.59 655.734
car -1 -1 0.00 0.00 0.00 100.00 100.00 -1000 1.55 3.78 -4.68 -1000 26.85 1.54 653.636
car -1 -1 0.00 0.00 0.00 100.00 100.00 -1000 2.86 6.20 -4.68 -1000 30.23 -0.16 651.786
car -1 -1 0.00 0.00 0.00 100.00 100.00 -1000 1.60 3.77 3.35 -1000 43.59 1.63 643.966
car -1 -1 0.00 0.00 0.00 100.00 100.00 -1000 1.74 4.53 -7.77 -1000 31.39 1.62 639.052
car -1 -1 0.00 0.00 0.00 100.00 100.00 -1000 1.64 3.85 -3.98 -1000 31.24 1.64 633.701
car -1 -1 0.00 0.00 0.00 100.00 100.00 -1000 1.82 5.12 -7.90 -1000 33.32 1.63 632.068
car -1 -1 0.00 0.00 0.00 100.00 100.00 -1000 1.01 3.43 3.22 -1000 10.49 2.06 623.867
car -1 -1 0.00 0.00 0.00 100.00 100.00 -1000 1.36 3.10 -2.02 -1000 36.95 1.53 619.294
car -1 -1 0.00 0.00 0.00 100.00 100.00 -1000 1.78 4.88 -3.82 -1000 34.23 1.57 618.451
car -1 -1 0.00 0.00 0.00 100.00 100.00 -1000 1.60 4.29 -0.89 -1000 41.36 1.60 617.810
car -1 -1 0.00 0.00 0.00 100.00 100.00 -1000 1.74 4.77 -5.94 -1000 42.99 1.49 617.611
car -1 -1 0.00 0.00 0.00 100.00 100.00 -1000 1.61 3.60 -6.68 -1000 8.52 1.45 616.734
car -1 -1 0.00 0.00 0.00 100.00 100.00 -1000 1.58 3.81 2.15 -1000 35.15 1.66 615.673
car -1 -1 0.00 0.00 0.00 100.00 100.00 -1000 1.64 4.26 0.52 -1000 27.27 0.19 603.999
car -1 -1 0.00 0.00 0.00 100.00 100.00 -1000 2.42 9.02 2.56 -1000 45.75 1.46 590.175
car -1 -1 0.00 0.00 0.00 100.00 100.00 -1000 1.42 3.12 0.06 -1000 33.66 1.54 588.255
car -1 -1 0.00 0.00 0.00 100.00 100.00 -1000 2.21 5.28 0.79 -1000 38.65 -0.14 587.239
car -1 -1 0.00 0.00 0.00 100.00 100.00 -1000 1.34 2.95 0.32 -1000 36.89 1.57 577.679
car -1 -1 0.00 0.00 0.00 100.00 100.00 -1000 1.51 3.43 5.75 -1000 15.80 1.58 567.661
car -1 -1 0.00 0.00 0.00 100.00 100.00 -1000 1.37 2.82 -0.72 -1000 36.65 1.56 567.163
car -1 -1 0.00 0.00 0.00 100.00 100.00 -1000 1.50 3.89 1.46 -1000 23.22 1.57 560.801
car -1 -1 0.00 0.00 0.00 100.00 100.00 -1000 1.44 3.63 1.63 -1000 28.01 1.56 559.824
car -1 -1 0.00 0.00 0.00 100.00 100.00 -1000 1.67 4.17 -8.19 -1000 30.62 1.64 548.620
car -1 -1 0.00 0.00 0.00 100.00 100.00 -1000 1.44 5.09 -5.55 -1000 12.25 0.15 541.619
car -1 -1 0.00 0.00 0.00 100.00 100.00 -1000 1.50 3.45 6.04 -1000 30.02 1.63 522.275
car -1 -1 0.00 0.00 0.00 100.00 100.00 -1000 1.53 3.83 -9.06 -1000 47.75 -0.02 521.647
car -1 -1 0.00 0.00 0.00 100.00 100.00 -1000 1.57 3.89 -2.24 -1000 27.23 0.14 517.789
car -1 -1 0.00 0.00 0.00 100.00 100.00 -1000 1.49 3.32 5.65 -1000 25.92 0.01 516.861
car -1 -1 0.00 0.00 0.00 100.00 100.00 -1000 1.47 3.89 -4.74 -1000 6.91 1.60 516.147
car -1 -1 0.00 0.00 0.00 100.00 100.00 -1000 1.33 3.60 -3.55 -1000 27.67 -0.12 515.534
car -1 -1 0.00 0.00 0.00 100.00 100.00 -1000 1.58 3.98 1.54 -1000 24.56 1.56 512.647
car -1 -1 0.00 0.00 0.00 100.00 100.00 -1000 1.61 4.53 0.10 -1000 29.76 0.23 510.801
car -1 -1 0.00 0.00 0.00 100.00 100.00 -1000 1.56 3.64 2.74 -1000 21.88 1.68 507.600
car -1 -1 0.00 0.00 0.00 100.00 100.00 -1000 1.62 4.57 1.52 -1000 19.26 1.59 502.418
car -1 -1 0.00 0.00 0.00 100.00 100.00 -1000 1.45 3.35 -2.79 -1000 37.43 1.59 499.596
car -1 -1 0.00 0.00 0.00 100.00 100.00 -1000 1.59 4.42 0.36 -1000 40.96 1.54 490.667
car -1 -1 0.00 0.00 0.00 100.00 100.00 -1000 1.52 3.89 1.86 -1000 36.85 1.58 483.034
car -1 -1 0.00 0.00 0.00 100.00 100.00 -1000 1.81 4.64 -3.14 -1000 31.83 1.45 481.151
car -1 -1 0.00 0.00 0.00 100.00 100.00 -1000 1.46 3.33 -5.28 -1000 37.58 1.51 480.252
car -1 -1 0.00 0.00 0.00 100.00 100.00 -1000 1.54 3.60 -6.63 -1000 24.27 1.50 479.295
car -1 -1 0.00 0.00 0.00 100.00 100.00 -1000 1.52 3.63 -5.91 -1000 25.79 1.48 475.578
car -1 -1 0.00 0.00 0.00 100.00 100.00 -1000 0.60 4.25 7.54 -1000 15.37 0.83 473.932
car -1 -1 0.00 0.00 0.00 100.00 100.00 -1000 1.57 3.57 1.27 -1000 16.27 1.46 467.874
car -1 -1 0.00 0.00 0.00 100.00 100.00 -1000 1.47 2.76 -4.03 -1000 29.18 1.44 459.119
car -1 -1 0.00 0.00 0.00 100.00 100.00 -1000 1.54 3.65 -8.38 -1000 41.85 1.63 453.416
car -1 -1 0.00 0.00 0.00 100.00 100.00 -1000 1.42 3.41 -4.92 -1000 34.94 1.60 451.501
car -1 -1 0.00 0.00 0.00 100.00 100.00 -1000 1.88 5.83 -2.97 -1000 43.29 1.52 450.737
car -1 -1 0.00 0.00 0.00 100.00 100.00 -1000 1.64 4.40 3.41 -1000 18.01 1.54 446.316
car -1 -1 0.00 0.00 0.00 100.00 100.00 -1000 1.95 5.62 6.81 -1000 11.18 1.66 441.896
car -1 -1 0.00 0.00 0.00 100.00 100.00 -1000 2.06 6.66 -2.51 -1000 46.99 1.56 431.749
car -1 -1 0.00 0.00 0.00 100.00 100.00 -1000 1.63 4.09 3.42 -1000 22.95 1.57 428.247
car -1 -1 0.00 0.00 0.00 100.00 100.00 -1000 1.46 3.36 -0.83 -1000 30.48 1.55 421.550
car -1 -1 0.00 0.00 0.00 100.00 100.00 -1000 1.51 3.67 2.76 -1000 27.42 1.61 418.867
car -1 -1 0.00 0.00 0.00 100.00 100.00 -1000 1.46 3.35 5.30 -1000 26.61 1.45 417.518
car -1 -1 0.00 0.00 0.00 100.00 100.00 -1000 1.70 3.79 -8.58 -1000 34.15 1.60 413.138
car -1 -1 0.00 0.00 0.00 100.00 100.00 -1000 1.55 3.69 5.63 -1000 18.08 1.60 407.778
car -1 -1 0.00 0.00 0.00 100.00 100.00 -1000 1.72 4.24 2.27 -1000 23.78 1.66 406.543
car -1 -1 0.00 0.00 0.00 100.00 100.00 -1000 1.49 4.92 2.18 -1000 20.76 0.05 405.824
car -1 -1 0.00 0.00 0.00 100.00 100.00 -1000 1.74 4.38 8.00 -1000 14.10 1.61 393.549
car -1 -1 0.00 0.00 0.00 100.00 100.00 -1000 1.56 3.58 -5.94 -1000 38.21 1.56 392.330
car -1 -1 0.00 0.00 0.00 100.00 100.00 -1000 1.56 3.65 8.97 -1000 17.33 1.50 391.638
car -1 -1 0.00 0.00 0.00 100.00 100.00 -1000 1.58 3.77 -8.03 -1000 23.78 1.61 391.319
car -1 -1 0.00 0.00 0.00 100.00 100.00 -1000 1.39 2.93 -6.18 -1000 18.14 0.20 388.747
car -1 -1 0.00 0.00 0.00 100.00 100.00 -1000 2.83 8.47 -2.97 -1000 7.92 -0.25 386.848
car -1 -1 0.00 0.00 0.00 100.00 100.00 -1000 1.68 4.60 2.33 -1000 18.56 1.60 384.173
car -1 -1 0.00 0.00 0.00 100.00 100.00 -1000 2.40 8.97 3.85 -1000 46.96 1.46 379.542
car -1 -1 0.00 0.00 0.00 100.00 100.00 -1000 1.58 5.72 5.15 -1000 14.80 0.00 377.884
car -1 -1 0.00 0.00 0.00 100.00 100.00 -1000 1.52 3.42 -8.91 -1000 32.74 1.69 377.242
car -1 -1 0.00 0.00 0.00 100.00 100.00 -1000 1.48 3.26 0.35 -1000 30.86 1.56 373.724
car -1 -1 0.00 0.00 0.00 100.00 100.00 -1000 1.44 3.27 -2.56 -1000 31.07 1.58 371.828
car -1 -1 0.00 0.00 0.00 100.00 100.00 -1000 1.74 4.00 -3.11 -1000 35.16 1.43 367.184
car -1 -1 0.00 0.00 0.00 100.00 100.00 -1000 1.52 2.95 -9.19 -1000 31.05 1.63 362.321
car -1 -1 0.00 0.00 0.00 100.00 100.00 -1000 1.80 4.97 3.35 -1000 40.51 1.51 360.075
car -1 -1 0.00 0.00 0.00 100.00 100.00 -1000 1.49 3.13 0.85 -1000 34.17 1.51 360.015
car -1 -1 0.00 0.00 0.00 100.00 100.00 -1000 1.59 4.00 -7.92 -1000 24.91 1.57 358.301
car -1 -1 0.00 0.00 0.00 100.00 100.00 -1000 1.57 3.23 -8.97 -1000 31.81 1.61 357.091
car -1 -1 0.00 0.00 0.00 100.00 100.00 -1000 2.08 6.31 7.45 -1000 12.41 1.56 349.072
car -1 -1 0.00 0.00 0.00 100.00 100.00 -1000 1.53 3.64 6.51 -1000 16.55 1.68 347.288
car -1 -1 0.00 0.00 0.00 100.00 100.00 -1000 1.70 4.52 -8.07 -1000 42.60 1.57 346.640
car -1 -1 0.00 0.00 0.00 100.00 100.00 -1000 1.59 4.17 1.88 -1000 30.49 1.58 343.831
car -1 -1 0.00 0.00 0.00 100.00 100.00 -1000 1.48 4.13 6.65 -1000 12.94 -0.50 343.173
car -1 -1 0.00 0.00 0.00 100.00 100.00 -1000 1.55 3.66 -7.26 -1000 13.71 1.44 340.707
car -1 -1 0.00 0.00 0.00 100.00 100.00 -1000 1.97 5.00 -3.37 -1000 36.15 0.07 340.058
car -1 -1 0.00 0.00 0.00 100.00 100.00 -1000 1.65 4.13 2.71 -1000 25.33 1.58 339.851
car -1 -1 0.00 0.00 0.00 100.00 100.00 -1000 1.60 3.90 -8.52 -1000 29.81 1.63 339.092
car -1 -1 0.00 0.00 0.00 100.00 100.00 -1000 1.63 4.01 0.97 -1000 33.13 1.54 335.093
car -1 -1 0.00 0.00 0.00 100.00 100.00 -1000 2.56 10.81 7.56 -1000 8.85 0.27 334.590
car -1 -1 0.00 0.00 0.00 100.00 100.00 -1000 1.47 3.35 2.21 -1000 20.18 1.42 333.067
car -1 -1 0.00 0.00 0.00 100.00 100.00 -1000 1.84 5.64 -2.99 -1000 46.09 1.53 331.863
car -1 -1 0.00 0.00 0.00 100.00 100.00 -1000 1.66 4.52 -6.25 -1000 22.55 1.50 329.237
car -1 -1 0.00 0.00 0.00 100.00 100.00 -1000 1.53 3.65 -7.61 -1000 12.89 1.50 328.895
car -1 -1 0.00 0.00 0.00 100.00 100.00 -1000 1.72 3.40 2.79 -1000 41.99 1.37 323.998
car -1 -1 0.00 0.00 0.00 100.00 100.00 -1000 1.79 4.53 -1.13 -1000 43.67 1.34 321.821
car -1 -1 0.00 0.00 0.00 100.00 100.00 -1000 1.58 3.99 6.54 -1000 19.70 1.62 321.669
car -1 -1 0.00 0.00 0.00 100.00 100.00 -1000 2.23 7.68 4.02 -1000 44.96 1.41 319.666
car -1 -1 0.00 0.00 0.00 100.00 100.00 -1000 1.76 4.74 -8.34 -1000 34.96 1.63 319.631
car -1 -1 0.00 0.00 0.00 100.00 100.00 -1000 1.50 3.94 2.27 -1000 39.44 -0.19 318.141
car -1 -1 0.00 0.00 0.00 100.00 100.00 -1000 1.95 5.91 4.69 -1000 44.17 1.44 315.403
car -1 -1 0.00 0.00 0.00 100.00 100.00 -1000 1.48 2.77 -4.65 -1000 29.95 1.33 314.579
car -1 -1 0.00 0.00 0.00 100.00 100.00 -1000 1.77 5.07 8.34 -1000 10.26 1.59 313.630
car -1 -1 0.00 0.00 0.00 100.00 100.00 -1000 1.57 3.79 -8.48 -1000 35.81 1.62 308.837
car -1 -1 0.00 0.00 0.00 100.00 100.00 -1000 1.79 4.92 -3.98 -1000 25.85 1.61 302.066
car -1 -1 0.00 0.00 0.00 100.00 100.00 -1000 1.75 4.76 -8.08 -1000 43.82 1.59 302.008
car -1 -1 0.00 0.00 0.00 100.00 100.00 -1000 1.55 3.89 7.71 -1000 16.15 1.61 295.978
car -1 -1 0.00 0.00 0.00 100.00 100.00 -1000 1.58 3.89 -2.89 -1000 25.26 -0.06 295.253
car -1 -1 0.00 0.00 0.00 100.00 100.00 -1000 1.72 4.07 5.79 -1000 22.32 -0.01 294.331
car -1 -1 0.00 0.00 0.00 100.00 100.00 -1000 1.63 4.22 10.07 -1000 17.72 1.65 292.797
car -1 -1 0.00 0.00 0.00 100.00 100.00 -1000 1.54 3.77 6.33 -1000 32.91 1.53 291.181
car -1 -1 0.00 0.00 0.00 100.00 100.00 -1000 1.64 4.26 2.67 -1000 36.26 1.57 288.836
car -1 -1 0.00 0.00 0.00 100.00 100.00 -1000 1.95 6.06 6.14 -1000 42.20 1.43 288.089
car -1 -1 0.00 0.00 0.00 100.00 100.00 -1000 1.77 4.06 6.22 -1000 25.18 -0.09 287.899
car -1 -1 0.00 0.00 0.00 100.00 100.00 -1000 1.64 3.80 6.23 -1000 27.21 1.56 286.285
car -1 -1 0.00 0.00 0.00 100.00 100.00 -1000 1.51 3.52 6.72 -1000 29.45 1.63 285.419
car -1 -1 0.00 0.00 0.00 100.00 100.00 -1000 1.41 3.05 -9.93 -1000 35.91 1.44 283.843
car -1 -1 0.00 0.00 0.00 100.00 100.00 -1000 2.09 6.05 -4.31 -1000 14.31 -0.47 282.430
car -1 -1 0.00 0.00 0.00 100.00 100.00 -1000 1.45 3.49 -7.42 -1000 7.69 0.22 281.896
car -1 -1 0.00 0.00 0.00 100.00 100.00 -1000 1.63 3.77 2.51 -1000 34.37 1.64 278.946
car -1 -1 0.00 0.00 0.00 100.00 100.00 -1000 1.55 3.86 7.77 -1000 17.70 1.56 277.982
car -1 -1 0.00 0.00 0.00 100.00 100.00 -1000 1.64 3.82 0.16 -1000 28.49 1.49 276.682
car -1 -1 0.00 0.00 0.00 100.00 100.00 -1000 1.59 4.10 -8.18 -1000 12.03 1.54 270.220
car -1 -1 0.00 0.00 0.00 100.00 100.00 -1000 1.73 4.62 4.94 -1000 23.62 1.51 267.196
car -1 -1 0.00 0.00 0.00 100.00 100.00 -1000 1.65 4.45 -7.11 -1000 6.82 1.44 265.692
car -1 -1 0.00 0.00 0.00 100.00 100.00 -1000 1.70 5.30 -0.97 -1000 42.42 1.45 265.659
car -1 -1 0.00 0.00 0.00 100.00 100.00 -1000 1.61 4.01 3.62 -1000 42.76 1.56 265.167
car -1 -1 0.00 0.00 0.00 100.00 100.00 -1000 1.63 4.18 10.91 -1000 18.86 1.55 263.820
car -1 -1 0.00 0.00 0.00 100.00 100.00 -1000 1.70 3.33 7.39 -1000 7.65 1.50 262.796
car -1 -1 0.00 0.00 0.00 100.00 100.00 -1000 1.58 3.53 -9.59 -1000 12.39 1.63 260.911
car -1 -1 0.00 0.00 0.00 100.00 100.00 -1000 1.94 4.38 5.97 -1000 28.77 -0.04 260.018
car -1 -1 0.00 0.00 0.00 100.00 100.00 -1000 1.62 4.01 -8.48 -1000 40.23 1.61 259.972
car -1 -1 0.00 0.00 0.00 100.00 100.00 -1000 1.58 3.85 -1.15 -1000 28.13 1.45 257.254
car -1 -1 0.00 0.00 0.00 100.00 100.00 -1000 1.69 4.86 10.56 -1000 11.12 1.55 255.086
car -1 -1 0.00 0.00 0.00 100.00 100.00 -1000 1.78 4.24 5.70 -1000 32.01 0.05 252.499
car -1 -1 0.00 0.00 0.00 100.00 100.00 -1000 1.72 4.20 -6.27 -1000 29.99 1.31 250.080
car -1 -1 0.00 0.00 0.00 100.00 100.00 -1000 1.61 3.21 2.80 -1000 37.91 1.43 249.747
car -1 -1 0.00 0.00 0.00 100.00 100.00 -1000 1.62 3.99 5.91 -1000 18.97 1.63 246.614
car -1 -1 0.00 0.00 0.00 100.00 100.00 -1000 2.00 6.35 -5.66 -1000 43.73 1.44 245.305
car -1 -1 0.00 0.00 0.00 100.00 100.00 -1000 1.61 3.96 -8.36 -1000 22.92 1.60 244.771
car -1 -1 0.00 0.00 0.00 100.00 100.00 -1000 1.52 3.19 -9.31 -1000 36.59 1.61 241.612
car -1 -1 0.00 0.00 0.00 100.00 100.00 -1000 1.50 2.94 -9.37 -1000 30.26 1.62 238.367
car -1 -1 0.00 0.00 0.00 100.00 100.00 -1000 1.48 3.48 -9.82 -1000 47.12 1.43 237.908
car -1 -1 0.00 0.00 0.00 100.00 100.00 -1000 1.52 2.98 -9.24 -1000 24.53 1.62 237.051
car -1 -1 0.00 0.00 0.00 100.00 100.00 -1000 1.64 3.79 6.55 -1000 23.97 1.53 236.624
car -1 -1 0.00 0.00 0.00 100.00 100.00 -1000 1.61 4.06 6.15 -1000 23.25 1.57 236.071
car -1 -1 0.00 0.00 0.00 100.00 100.00 -1000 1.58 3.94 -8.58 -1000 28.92 1.59 234.632
car -1 -1 0.00 0.00 0.00 100.00 100.00 -1000 1.65 3.94 -4.30 -1000 28.24 1.55 234.369
car -1 -1 0.00 0.00 0.00 100.00 100.00 -1000 1.97 6.08 -6.34 -1000 44.59 1.44 233.930
car -1 -1 0.00 0.00 0.00 100.00 100.00 -1000 1.99 6.27 5.90 -1000 45.43 1.46 233.652
car -1 -1 0.00 0.00 0.00 100.00 100.00 -1000 1.67 4.75 0.88 -1000 17.29 1.53 230.993
car -1 -1 0.00 0.00 0.00 100.00 100.00 -1000 1.64 3.88 9.87 -1000 16.61 1.64 229.618
car -1 -1 0.00 0.00 0.00 100.00 100.00 -1000 1.59 4.08 13.55 -1000 25.79 1.49 229.147
car -1 -1 0.00 0.00 0.00 100.00 100.00 -1000 1.95 5.85 -3.38 -1000 44.59 1.42 228.818
car -1 -1 0.00 0.00 0.00 100.00 100.00 -1000 1.76 4.71 -6.70 -1000 41.39 -0.05 227.956
car -1 -1 0.00 0.00 0.00 100.00 100.00 -1000 1.62 4.12 -6.18 -1000 17.31 1.48 227.889
car -1 -1 0.00 0.00 0.00 100.00 100.00 -1000 1.63 3.90 -3.04 -1000 28.61 1.51 227.707
car -1 -1 0.00 0.00 0.00 100.00 100.00 -1000 1.73 5.04 9.76 -1000 9.47 1.49 227.530
car -1 -1 0.00 0.00 0.00 100.00 100.00 -1000 1.66 4.34 3.40 -1000 30.15 1.50 226.544
car -1 -1 0.00 0.00 0.00 100.00 100.00 -1000 1.79 5.12 6.20 -1000 43.44 1.41 226.161
car -1 -1 0.00 0.00 0.00 100.00 100.00 -1000 1.50 3.19 -9.06 -1000 39.44 1.56 224.146
car -1 -1 0.00 0.00 0.00 100.00 100.00 -1000 2.15 6.28 6.87 -1000 7.97 -0.08 221.814
car -1 -1 0.00 0.00 0.00 100.00 100.00 -1000 1.57 3.21 -9.57 -1000 22.15 1.63 221.366
car -1 -1 0.00 0.00 0.00 100.00 100.00 -1000 1.53 3.17 -9.20 -1000 45.05 1.54 221.275
car -1 -1 0.00 0.00 0.00 100.00 100.00 -1000 1.46 4.09 -4.97 -1000 45.34 1.49 217.101
car -1 -1 0.00 0.00 0.00 100.00 100.00 -1000 1.59 3.32 -9.29 -1000 43.09 1.64 216.127
car -1 -1 0.00 0.00 0.00 100.00 100.00 -1000 1.82 5.10 -3.08 -1000 26.55 1.45 215.364
car -1 -1 0.00 0.00 0.00 100.00 100.00 -1000 1.84 5.02 -1.94 -1000 25.78 1.56 214.587
car -1 -1 0.00 0.00 0.00 100.00 100.00 -1000 1.96 4.85 2.92 -1000 41.36 1.49 214.559
car -1 -1 0.00 0.00 0.00 100.00 100.00 -1000 1.74 4.75 -6.25 -1000 11.56 1.51 213.222
car -1 -1 0.00 0.00 0.00 100.00 100.00 -1000 0.58 3.69 -4.04 -1000 13.49 0.21 210.173
car -1 -1 0.00 0.00 0.00 100.00 100.00 -1000 1.69 4.57 -5.75 -1000 19.61 1.49 209.677
car -1 -1 0.00 0.00 0.00 100.00 100.00 -1000 1.92 5.85 6.13 -1000 40.54 1.42 207.247
car -1 -1 0.00 0.00 0.00 100.00 100.00 -1000 1.56 4.01 1.75 -1000 26.63 1.64 206.532
car -1 -1 0.00 0.00 0.00 100.00 100.00 -1000 1.54 3.74 16.12 -1000 29.00 1.60 206.074
car -1 -1 0.00 0.00 0.00 100.00 100.00 -1000 1.78 5.08 9.50 -1000 30.54 1.43 205.686
car -1 -1 0.00 0.00 0.00 100.00 100.00 -1000 1.37 3.28 1.14 -1000 37.59 1.47 204.960
car -1 -1 0.00 0.00 0.00 100.00 100.00 -1000 1.49 3.38 -6.54 -1000 39.50 1.57 203.480
car -1 -1 0.00 0.00 0.00 100.00 100.00 -1000 1.68 4.40 2.95 -1000 32.95 1.51 203.062
car -1 -1 0.00 0.00 0.00 100.00 100.00 -1000 1.90 6.73 10.30 -1000 11.93 1.62 202.229
car -1 -1 0.00 0.00 0.00 100.00 100.00 -1000 1.79 4.45 -4.11 -1000 18.92 1.51 201.230
car -1 -1 0.00 0.00 0.00 100.00 100.00 -1000 1.58 3.27 -5.01 -1000 46.32 1.47 200.515
car -1 -1 0.00 0.00 0.00 100.00 100.00 -1000 1.72 4.51 -6.51 -1000 14.85 1.41 200.227
car -1 -1 0.00 0.00 0.00 100.00 100.00 -1000 1.67 4.03 0.73 -1000 21.83 1.42 200.094
car -1 -1 0.00 0.00 0.00 100.00 100.00 -1000 1.75 4.64 0.62 -1000 32.18 0.14 199.891
car -1 -1 0.00 0.00 0.00 100.00 100.00 -1000 1.76 5.08 13.76 -1000 26.82 1.49 199.596
car -1 -1 0.00 0.00 0.00 100.00 100.00 -1000 1.74 4.66 8.82 -1000 7.96 1.47 199.489
car -1 -1 0.00 0.00 0.00 100.00 100.00 -1000 1.76 4.55 -3.84 -1000 23.42 1.64 198.888
car -1 -1 0.00 0.00 0.00 100.00 100.00 -1000 1.50 3.68 -10.45 -1000 38.70 1.43 198.843
car -1 -1 0.00 0.00 0.00 100.00 100.00 -1000 1.44 3.38 4.10 -1000 26.15 0.36 198.196
car -1 -1 0.00 0.00 0.00 100.00 100.00 -1000 1.69 4.67 8.88 -1000 18.43 1.41 197.976
car -1 -1 0.00 0.00 0.00 100.00 100.00 -1000 1.50 3.35 -9.33 -1000 41.20 1.66 197.199
car -1 -1 0.00 0.00 0.00 100.00 100.00 -1000 1.56 3.67 -1.06 -1000 34.83 1.26 194.847
car -1 -1 0.00 0.00 0.00 100.00 100.00 -1000 1.68 4.44 11.27 -1000 16.90 1.46 193.541
car -1 -1 0.00 0.00 0.00 100.00 100.00 -1000 1.76 7.77 3.59 -1000 10.75 0.21 193.155
car -1 -1 0.00 0.00 0.00 100.00 100.00 -1000 2.08 5.78 -2.61 -1000 40.12 0.11 192.705
car -1 -1 0.00 0.00 0.00 100.00 100.00 -1000 1.57 3.03 -9.15 -1000 25.35 1.61 190.003
car -1 -1 0.00 0.00 0.00 100.00 100.00 -1000 1.73 4.63 8.77 -1000 14.76 1.61 187.853
car -1 -1 0.00 0.00 0.00 100.00 100.00 -1000 1.60 3.89 -9.53 -1000 16.00 1.63 187.372
