car -1 -1 0.00 0.00 0.00 100.00 100.00 -1000 1.58 3.41 -4.24 -1000 11.63 1.31 999.378
car -1 -1 0.00 0.00 0.00 100.00 100.00 -1000 1.62 4.05 -4.79 -1000 12.40 1.58 994.093
car -1 -1 0.00 0.00 0.00 100.00 100.00 -1000 1.68 4.24 3.46 -1000 19.43 1.56 993.930
car -1 -1 0.00 0.00 0.00 100.00 100.00 -1000 1.81 4.35 3.10 -1000 18.63 -0.22 989.909
car -1 -1 0.00 0.00 0.00 100.00 100.00 -1000 1.59 3.76 -15.59 -1000 22.00 1.52 983.204
car -1 -1 0.00 0.00 0.00 100.00 100.00 -1000 1.69 4.51 -5.96 -1000 13.24 1.83 981.619
car -1 -1 0.00 0.00 0.00 100.00 100.00 -1000 1.59 3.97 7.80 -1000 13.39 1.59 978.519
car -1 -1 0.00 0.00 0.00 100.00 100.00 -1000 1.60 3.70 1.21 -1000 19.58 1.59 977.882
car -1 -1 0.00 0.00 0.00 100.00 100.00 -1000 1.74 4.49 -1.46 -1000 14.13 1.55 974.971
car -1 -1 0.00 0.00 0.00 100.00 100.00 -1000 1.60 3.86 -5.03 -1000 17.02 1.57 972.663
car -1 -1 0.00 0.00 0.00 100.00 100.00 -1000 1.63 4.33 4.71 -1000 18.47 -0.22 972.200
car -1 -1 0.00 0.00 0.00 100.00 100.00 -1000 1.57 3.43 -18.30 -1000 26.73 1.52 967.223
car -1 -1 0.00 0.00 0.00 100.00 100.00 -1000 1.70 4.49 -3.74 -1000 16.70 1.53 964.378
car -1 -1 0.00 0.00 0.00 100.00 100.00 -1000 1.70 3.93 0.98 -1000 15.53 0.07 963.776
car -1 -1 0.00 0.00 0.00 100.00 100.00 -1000 2.05 4.17 1.38 -1000 18.64 -0.09 963.468
car -1 -1 0.00 0.00 0.00 100.00 100.00 -1000 1.84 5.16 -4.96 -1000 16.11 -0.25 963.432
car -1 -1 0.00 0.00 0.00 100.00 100.00 -1000 1.96 4.21 -3.75 -1000 10.58 -0.22 953.301
car -1 -1 0.00 0.00 0.00 100.00 100.00 -1000 1.63 4.16 -5.68 -1000 14.75 2.21 951.542
car -1 -1 0.00 0.00 0.00 100.00 100.00 -1000 1.63 3.99 -0.14 -1000 19.91 1.57 948.841
car -1 -1 0.00 0.00 0.00 100.00 100.00 -1000 2.81 3.44 2.02 -1000 15.42 0.75 940.336
car -1 -1 0.00 0.00 0.00 100.00 100.00 -1000 1.59 3.91 5.51 -1000 13.88 1.59 939.988
car -1 -1 0.00 0.00 0.00 100.00 100.00 -1000 1.61 3.87 -1.50 -1000 19.67 1.60 938.074
car -1 -1 0.00 0.00 0.00 100.00 100.00 -1000 1.07 2.43 -5.77 -1000 15.28 2.56 928.720
car -1 -1 0.00 0.00 0.00 100.00 100.00 -1000 1.86 4.13 -0.94 -1000 15.02 1.09 927.541
car -1 -1 0.00 0.00 0.00 100.00 100.00 -1000 1.59 4.02 6.17 -1000 12.69 -0.17 919.236
car -1 -1 0.00 0.00 0.00 100.00 100.00 -1000 1.63 4.08 5.11 -1000 19.50 1.62 916.904
car -1 -1 0.00 0.00 0.00 100.00 100.00 -1000 3.49 7.62 0.80 -1000 18.50 -0.18 910.241
car -1 -1 0.00 0.00 0.00 100.00 100.00 -1000 1.67 3.74 -0.28 -1000 17.39 1.41 905.016
car -1 -1 0.00 0.00 0.00 100.00 100.00 -1000 1.48 3.86 2.80 -1000 15.17 -0.16 904.780
car -1 -1 0.00 0.00 0.00 100.00 100.00 -1000 1.53 3.29 6.11 -1000 19.05 1.58 900.333
car -1 -1 0.00 0.00 0.00 100.00 100.00 -1000 1.57 3.81 -18.45 -1000 27.57 1.58 898.616
car -1 -1 0.00 0.00 0.00 100.00 100.00 -1000 1.90 4.32 8.16 -1000 12.35 -0.28 894.319
car -1 -1 0.00 0.00 0.00 100.00 100.00 -1000 1.22 2.94 -2.58 -1000 15.24 2.32 893.911
car -1 -1 0.00 0.00 0.00 100.00 100.00 -1000 1.75 4.58 -6.27 -1000 14.05 1.56 869.480
car -1 -1 0.00 0.00 0.00 100.00 100.00 -1000 1.45 3.10 -15.42 -1000 21.17 1.59 864.362
car -1 -1 0.00 0.00 0.00 100.00 100.00 -1000 2.55 9.15 0.04 -1000 22.06 1.65 861.098
car -1 -1 0.00 0.00 0.00 100.00 100.00 -1000 1.47 3.33 -6.95 -1000 15.42 2.17 852.719
car -1 -1 0.00 0.00 0.00 100.00 100.00 -1000 1.74 4.60 4.13 -1000 15.54 1.58 836.303
car -1 -1 0.00 0.00 0.00 100.00 100.00 -1000 1.55 3.57 1.66 -1000 13.89 1.49 829.918
car -1 -1 0.00 0.00 0.00 100.00 100.00 -1000 1.87 5.32 -6.51 -1000 19.68 1.67 829.655
car -1 -1 0.00 0.00 0.00 100.00 100.00 -1000 1.71 4.51 0.96 -1000 16.40 1.45 822.578
car -1 -1 0.00 0.00 0.00 100.00 100.00 -1000 1.65 4.34 9.31 -1000 13.56 1.61 809.242
car -1 -1 0.00 0.00 0.00 100.00 100.00 -1000 1.93 5.41 8.51 -1000 14.82 1.55 799.907
car -1 -1 0.00 0.00 0.00 100.00 100.00 -1000 1.59 4.13 4.37 -1000 14.28 1.59 796.182
car -1 -1 0.00 0.00 0.00 100.00 100.00 -1000 2.37 7.57 -1.07 -1000 21.21 1.71 790.102
car -1 -1 0.00 0.00 0.00 100.00 100.00 -1000 1.45 3.29 -6.75 -1000 17.23 1.57 778.405
car -1 -1 0.00 0.00 0.00 100.00 100.00 -1000 1.50 3.27 -18.03 -1000 25.99 1.60 764.653
car -1 -1 0.00 0.00 0.00 100.00 100.00 -1000 1.55 3.88 -4.11 -1000 14.98 2.00 763.465
car -1 -1 0.00 0.00 0.00 100.00 100.00 -1000 1.98 5.23 5.14 -1000 10.52 -0.03 762.388
car -1 -1 0.00 0.00 0.00 100.00 100.00 -1000 1.86 4.80 -2.38 -1000 19.10 1.52 761.116
car -1 -1 0.00 0.00 0.00 100.00 100.00 -1000 2.22 7.05 1.05 -1000 20.29 1.57 743.040
car -1 -1 0.00 0.00 0.00 100.00 100.00 -1000 2.37 5.13 -15.26 -1000 20.84 -0.25 735.734
car -1 -1 0.00 0.00 0.00 100.00 100.00 -1000 1.40 3.39 4.68 -1000 13.06 -0.01 723.381
car -1 -1 0.00 0.00 0.00 100.00 100.00 -1000 1.39 3.76 4.14 -1000 8.23 0.10 710.096
car -1 -1 0.00 0.00 0.00 100.00 100.00 -1000 1.53 3.65 -11.72 -1000 17.96 1.59 704.932
car -1 -1 0.00 0.00 0.00 100.00 100.00 -1000 2.52 9.24 2.08 -1000 22.78 1.53 704.405
car -1 -1 0.00 0.00 0.00 100.00 100.00 -1000 1.53 3.61 -13.83 -1000 18.36 1.59 699.727
car -1 -1 0.00 0.00 0.00 100.00 100.00 -1000 2.40 6.49 -3.84 -1000 13.37 1.28 699.130
car -1 -1 0.00 0.00 0.00 100.00 100.00 -1000 1.37 2.94 -10.14 -1000 15.80 1.69 692.012
car -1 -1 0.00 0.00 0.00 100.00 100.00 -1000 2.04 6.60 -2.28 -1000 20.36 1.46 685.795
car -1 -1 0.00 0.00 0.00 100.00 100.00 -1000 1.75 4.48 3.01 -1000 16.36 1.55 678.617
car -1 -1 0.00 0.00 0.00 100.00 100.00 -1000 1.53 3.91 -2.27 -1000 15.85 -0.11 676.794
car -1 -1 0.00 0.00 0.00 100.00 100.00 -1000 2.03 4.81 -0.92 -1000 18.72 -0.20 674.129
car -1 -1 0.00 0.00 0.00 100.00 100.00 -1000 1.49 3.12 5.14 -1000 11.09 1.54 673.246
car -1 -1 0.00 0.00 0.00 100.00 100.00 -1000 1.59 3.90 8.20 -1000 14.17 -0.30 672.951
car -1 -1 0.00 0.00 0.00 100.00 100.00 -1000 1.73 4.54 -4.02 -1000 17.60 1.51 660.679
car -1 -1 0.00 0.00 0.00 100.00 100.00 -1000 1.61 3.76 -17.23 -1000 21.82 1.58 656.213
car -1 -1 0.00 0.00 0.00 100.00 100.00 -1000 3.14 6.45 -3.79 -1000 10.55 -0.10 652.561
car -1 -1 0.00 0.00 0.00 100.00 100.00 -1000 1.91 6.09 5.92 -1000 15.17 1.58 644.421
car -1 -1 0.00 0.00 0.00 100.00 100.00 -1000 1.53 3.42 -8.60 -1000 15.76 1.63 642.045
car -1 -1 0.00 0.00 0.00 100.00 100.00 -1000 1.64 4.68 6.40 -1000 19.88 1.54 638.898
car -1 -1 0.00 0.00 0.00 100.00 100.00 -1000 1.55 3.64 -6.55 -1000 12.08 1.50 634.242
car -1 -1 0.00 0.00 0.00 100.00 100.00 -1000 1.55 3.82 -17.20 -1000 23.05 1.61 632.481
car -1 -1 0.00 0.00 0.00 100.00 100.00 -1000 2.01 5.31 4.32 -1000 17.30 1.61 632.439
car -1 -1 0.00 0.00 0.00 100.00 100.00 -1000 1.52 3.68 2.02 -1000 13.07 -0.06 627.237
car -1 -1 0.00 0.00 0.00 100.00 100.00 -1000 1.65 4.30 -8.58 -1000 19.72 1.52 622.880
car -1 -1 0.00 0.00 0.00 100.00 100.00 -1000 1.96 6.02 -0.40 -1000 22.75 1.58 614.565
car -1 -1 0.00 0.00 0.00 100.00 100.00 -1000 1.53 3.35 6.30 -1000 18.28 1.64 608.995
car -1 -1 0.00 0.00 0.00 100.00 100.00 -1000 1.73 4.04 -1.77 -1000 12.11 1.49 604.992
car -1 -1 0.00 0.00 0.00 100.00 100.00 -1000 1.49 3.28 10.47 -1000 12.95 1.68 594.982
car -1 -1 0.00 0.00 0.00 100.00 100.00 -1000 1.72 3.90 -7.54 -1000 14.63 1.60 586.435
car -1 -1 0.00 0.00 0.00 100.00 100.00 -1000 2.88 11.50 2.07 -1000 21.15 1.50 584.018
car -1 -1 0.00 0.00 0.00 100.00 100.00 -1000 1.63 4.06 -10.24 -1000 17.54 1.61 547.458
car -1 -1 0.00 0.00 0.00 100.00 100.00 -1000 0.76 3.68 -4.68 -1000 16.34 0.57 546.544
car -1 -1 0.00 0.00 0.00 100.00 100.00 -1000 1.57 3.33 -14.33 -1000 19.45 1.48 545.979
car -1 -1 0.00 0.00 0.00 100.00 100.00 -1000 1.80 5.37 6.59 -1000 14.40 1.56 543.185
car -1 -1 0.00 0.00 0.00 100.00 100.00 -1000 1.91 4.94 6.27 -1000 16.81 1.55 540.724
car -1 -1 0.00 0.00 0.00 100.00 100.00 -1000 1.52 3.68 -7.42 -1000 20.30 1.57 530.405
car -1 -1 0.00 0.00 0.00 100.00 100.00 -1000 2.45 8.66 3.91 -1000 20.29 1.51 523.840
car -1 -1 0.00 0.00 0.00 100.00 100.00 -1000 1.75 5.20 -0.69 -1000 16.12 1.51 517.001
car -1 -1 0.00 0.00 0.00 100.00 100.00 -1000 1.56 3.68 -16.81 -1000 24.07 1.55 514.855
car -1 -1 0.00 0.00 0.00 100.00 100.00 -1000 1.87 5.28 -3.37 -1000 18.48 1.45 505.545
car -1 -1 0.00 0.00 0.00 100.00 100.00 -1000 1.65 3.74 -9.82 -1000 15.05 1.61 500.714
car -1 -1 0.00 0.00 0.00 100.00 100.00 -1000 1.53 3.63 -18.65 -1000 22.67 1.60 495.703
car -1 -1 0.00 0.00 0.00 100.00 100.00 -1000 1.64 4.03 -16.40 -1000 26.96 1.59 495.385
car -1 -1 0.00 0.00 0.00 100.00 100.00 -1000 1.67 3.76 5.40 -1000 7.64 1.45 491.079
car -1 -1 0.00 0.00 0.00 100.00 100.00 -1000 2.14 7.03 2.27 -1000 23.58 1.48 489.386
car -1 -1 0.00 0.00 0.00 100.00 100.00 -1000 2.13 6.98 -4.99 -1000 19.15 1.51 487.230
car -1 -1 0.00 0.00 0.00 100.00 100.00 -1000 0.82 3.66 -6.13 -1000 15.97 0.68 486.252
car -1 -1 0.00 0.00 0.00 100.00 100.00 -1000 1.63 3.47 -15.32 -1000 20.23 1.60 482.733
car -1 -1 0.00 0.00 0.00 100.00 100.00 -1000 1.88 5.19 -7.73 -1000 18.97 1.64 482.359
car -1 -1 0.00 0.00 0.00 100.00 100.00 -1000 1.95 6.22 -2.41 -1000 21.97 1.44 481.967
car -1 -1 0.00 0.00 0.00 100.00 100.00 -1000 2.46 9.03 3.84 -1000 21.97 1.48 480.588
car -1 -1 0.00 0.00 0.00 100.00 100.00 -1000 1.36 2.99 3.63 -1000 41.89 1.56 477.397
car -1 -1 0.00 0.00 0.00 100.00 100.00 -1000 2.16 7.23 5.01 -1000 22.78 1.49 461.216
car -1 -1 0.00 0.00 0.00 100.00 100.00 -1000 1.63 4.08 -13.09 -1000 17.71 -0.10 460.409
car -1 -1 0.00 0.00 0.00 100.00 100.00 -1000 1.99 6.36 -3.68 -1000 21.18 1.50 449.584
car -1 -1 0.00 0.00 0.00 100.00 100.00 -1000 1.53 3.52 1.62 -1000 17.09 1.40 449.561
car -1 -1 0.00 0.00 0.00 100.00 100.00 -1000 1.55 3.67 15.59 -1000 19.76 1.61 446.508
car -1 -1 0.00 0.00 0.00 100.00 100.00 -1000 1.85 4.95 -15.46 -1000 22.89 1.66 444.861
car -1 -1 0.00 0.00 0.00 100.00 100.00 -1000 1.54 3.53 -10.46 -1000 13.84 1.50 437.530
car -1 -1 0.00 0.00 0.00 100.00 100.00 -1000 1.88 5.16 10.70 -1000 14.02 1.63 417.971
car -1 -1 0.00 0.00 0.00 100.00 100.00 -1000 2.03 5.97 -6.26 -1000 18.47 1.57 405.701
car -1 -1 0.00 0.00 0.00 100.00 100.00 -1000 1.44 3.84 -2.09 -1000 17.06 1.46 403.082
car -1 -1 0.00 0.00 0.00 100.00 100.00 -1000 1.37 2.95 -11.06 -1000 16.14 1.56 398.855
car -1 -1 0.00 0.00 0.00 100.00 100.00 -1000 1.97 5.88 9.62 -1000 15.54 1.56 395.849
car -1 -1 0.00 0.00 0.00 100.00 100.00 -1000 1.67 4.82 -8.24 -1000 17.48 1.57 393.567
car -1 -1 0.00 0.00 0.00 100.00 100.00 -1000 1.92 5.97 -10.39 -1000 18.33 1.50 390.525
car -1 -1 0.00 0.00 0.00 100.00 100.00 -1000 1.69 3.91 -16.83 -1000 20.68 1.46 378.900
car -1 -1 0.00 0.00 0.00 100.00 100.00 -1000 1.56 3.74 14.42 -1000 19.16 0.01 378.078
car -1 -1 0.00 0.00 0.00 100.00 100.00 -1000 1.59 3.25 -17.91 -1000 25.07 1.55 370.153
car -1 -1 0.00 0.00 0.00 100.00 100.00 -1000 1.68 4.27 -7.23 -1000 16.26 -0.05 367.365
car -1 -1 0.00 0.00 0.00 100.00 100.00 -1000 1.50 3.25 4.20 -1000 9.01 1.42 365.155
car -1 -1 0.00 0.00 0.00 100.00 100.00 -1000 1.68 4.08 4.63 -1000 6.89 1.57 350.775
car -1 -1 0.00 0.00 0.00 100.00 100.00 -1000 1.63 3.92 0.45 -1000 13.44 1.54 349.290
car -1 -1 0.00 0.00 0.00 100.00 100.00 -1000 1.77 4.72 -13.41 -1000 21.64 1.55 341.455
car -1 -1 0.00 0.00 0.00 100.00 100.00 -1000 1.64 3.44 10.39 -1000 12.10 1.63 334.016
car -1 -1 0.00 0.00 0.00 100.00 100.00 -1000 1.56 3.36 3.71 -1000 13.44 1.54 332.709
car -1 -1 0.00 0.00 0.00 100.00 100.00 -1000 1.48 3.11 4.10 -1000 41.27 1.67 330.809
car -1 -1 0.00 0.00 0.00 100.00 100.00 -1000 1.42 3.43 -17.99 -1000 23.63 1.59 321.145
car -1 -1 0.00 0.00 0.00 100.00 100.00 -1000 1.95 3.16 0.46 -1000 14.42 1.38 317.281
car -1 -1 0.00 0.00 0.00 100.00 100.00 -1000 1.52 3.70 -14.85 -1000 17.70 1.48 316.961
car -1 -1 0.00 0.00 0.00 100.00 100.00 -1000 1.59 3.85 7.57 -1000 18.56 1.62 312.021
car -1 -1 0.00 0.00 0.00 100.00 100.00 -1000 1.55 3.64 14.29 -1000 20.08 1.48 305.822
car -1 -1 0.00 0.00 0.00 100.00 100.00 -1000 1.55 3.97 3.56 -1000 5.49 0.15 299.103
car -1 -1 0.00 0.00 0.00 100.00 100.00 -1000 1.78 4.79 -9.98 -1000 12.62 0.14 288.721
car -1 -1 0.00 0.00 0.00 100.00 100.00 -1000 1.60 4.15 2.58 -1000 41.48 1.49 288.017
car -1 -1 0.00 0.00 0.00 100.00 100.00 -1000 1.56 3.69 -0.54 -1000 33.07 1.46 284.379
car -1 -1 0.00 0.00 0.00 100.00 100.00 -1000 1.85 5.40 -14.89 -1000 24.37 1.58 280.286
car -1 -1 0.00 0.00 0.00 100.00 100.00 -1000 1.59 3.61 -11.01 -1000 16.99 1.63 279.036
car -1 -1 0.00 0.00 0.00 100.00 100.00 -1000 1.70 4.01 -11.24 -1000 14.89 -0.07 276.991
car -1 -1 0.00 0.00 0.00 100.00 100.00 -1000 1.61 3.96 -19.36 -1000 23.24 1.59 273.896
car -1 -1 0.00 0.00 0.00 100.00 100.00 -1000 1.85 5.50 -3.82 -1000 22.46 1.46 272.695
car -1 -1 0.00 0.00 0.00 100.00 100.00 -1000 1.59 3.86 4.50 -1000 27.79 1.58 270.556
car -1 -1 0.00 0.00 0.00 100.00 100.00 -1000 2.04 7.06 7.27 -1000 15.91 1.47 268.006
car -1 -1 0.00 0.00 0.00 100.00 100.00 -1000 1.74 4.71 9.57 -1000 17.28 1.52 265.936
car -1 -1 0.00 0.00 0.00 100.00 100.00 -1000 1.58 3.09 9.72 -1000 11.43 1.47 265.167
car -1 -1 0.00 0.00 0.00 100.00 100.00 -1000 1.56 4.08 3.39 -1000 27.37 1.51 261.157
car -1 -1 0.00 0.00 0.00 100.00 100.00 -1000 2.07 7.03 6.41 -1000 21.64 1.43 256.518
car -1 -1 0.00 0.00 0.00 100.00 100.00 -1000 1.78 5.01 -13.11 -1000 20.47 1.49 254.174
car -1 -1 0.00 0.00 0.00 100.00 100.00 -1000 1.77 4.11 4.15 -1000 40.38 -0.12 252.982
car -1 -1 0.00 0.00 0.00 100.00 100.00 -1000 1.72 3.82 -18.30 -1000 21.34 1.57 251.126
car -1 -1 0.00 0.00 0.00 100.00 100.00 -1000 1.79 5.07 -12.62 -1000 18.77 1.49 250.150
car -1 -1 0.00 0.00 0.00 100.00 100.00 -1000 1.77 4.59 -9.50 -1000 16.57 -0.03 249.895
car -1 -1 0.00 0.00 0.00 100.00 100.00 -1000 1.49 3.42 -16.47 -1000 26.17 0.03 241.294
car -1 -1 0.00 0.00 0.00 100.00 100.00 -1000 1.72 4.63 -8.84 -1000 11.87 0.14 239.033
car -1 -1 0.00 0.00 0.00 100.00 100.00 -1000 1.65 4.08 1.16 -1000 33.47 1.60 238.252
car -1 -1 0.00 0.00 0.00 100.00 100.00 -1000 1.76 4.90 8.57 -1000 19.18 1.51 236.098
car -1 -1 0.00 0.00 0.00 100.00 100.00 -1000 1.90 5.39 -16.11 -1000 27.65 1.49 233.051
car -1 -1 0.00 0.00 0.00 100.00 100.00 -1000 1.73 4.80 0.86 -1000 41.84 1.48 228.283
car -1 -1 0.00 0.00 0.00 100.00 100.00 -1000 3.22 6.89 -11.59 -1000 16.67 -0.10 228.192
car -1 -1 0.00 0.00 0.00 100.00 100.00 -1000 1.82 5.07 1.95 -1000 42.60 1.48 223.511
car -1 -1 0.00 0.00 0.00 100.00 100.00 -1000 2.10 6.14 9.39 -1000 11.51 -0.27 219.407
car -1 -1 0.00 0.00 0.00 100.00 100.00 -1000 1.59 3.86 2.56 -1000 28.63 1.50 218.710
car -1 -1 0.00 0.00 0.00 100.00 100.00 -1000 1.47 2.38 5.53 -1000 8.29 1.24 218.198
car -1 -1 0.00 0.00 0.00 100.00 100.00 -1000 1.74 5.00 -0.40 -1000 23.55 1.50 216.534
car -1 -1 0.00 0.00 0.00 100.00 100.00 -1000 1.99 6.11 -11.18 -1000 19.57 1.46 215.583
car -1 -1 0.00 0.00 0.00 100.00 100.00 -1000 1.88 5.76 -9.53 -1000 20.39 1.44 213.215
car -1 -1 0.00 0.00 0.00 100.00 100.00 -1000 1.94 6.41 -16.08 -1000 30.04 1.48 208.572
car -1 -1 0.00 0.00 0.00 100.00 100.00 -1000 1.63 4.10 -5.18 -1000 10.94 1.35 208.467
car -1 -1 0.00 0.00 0.00 100.00 100.00 -1000 1.81 5.54 8.32 -1000 16.78 1.47 207.755
car -1 -1 0.00 0.00 0.00 100.00 100.00 -1000 1.62 3.56 4.85 -1000 9.72 1.38 207.159
car -1 -1 0.00 0.00 0.00 100.00 100.00 -1000 2.28 5.60 -18.54 -1000 25.70 -0.18 206.599
car -1 -1 0.00 0.00 0.00 100.00 100.00 -1000 1.74 4.39 -19.31 -1000 22.03 0.03 206.426
car -1 -1 0.00 0.00 0.00 100.00 100.00 -1000 1.64 4.01 9.67 -1000 18.12 1.51 205.672
car -1 -1 0.00 0.00 0.00 100.00 100.00 -1000 1.85 5.89 -14.44 -1000 29.19 1.46 205.404
car -1 -1 0.00 0.00 0.00 100.00 100.00 -1000 1.70 4.74 -2.35 -1000 23.28 1.45 202.884
car -1 -1 0.00 0.00 0.00 100.00 100.00 -1000 1.86 5.60 -18.00 -1000 28.46 1.51 199.052
car -1 -1 0.00 0.00 0.00 100.00 100.00 -1000 1.64 4.34 7.91 -1000 17.68 1.56 198.461
car -1 -1 0.00 0.00 0.00 100.00 100.00 -1000 1.56 4.07 -0.76 -1000 34.15 1.48 196.896
car -1 -1 0.00 0.00 0.00 100.00 100.00 -1000 1.50 4.06 15.55 -1000 18.65 -0.00 194.603
car -1 -1 0.00 0.00 0.00 100.00 100.00 -1000 1.54 3.58 12.66 -1000 47.22 1.63 193.557
car -1 -1 0.00 0.00 0.00 100.00 100.00 -1000 1.68 4.64 5.12 -1000 41.79 1.54 191.818
car -1 -1 0.00 0.00 0.00 100.00 100.00 -1000 1.67 4.28 -15.15 -1000 26.57 1.48 191.670
car -1 -1 0.00 0.00 0.00 100.00 100.00 -1000 1.61 4.05 3.67 -1000 29.39 1.58 191.045
car -1 -1 0.00 0.00 0.00 100.00 100.00 -1000 1.79 5.51 -5.97 -1000 20.76 1.44 190.090
car -1 -1 0.00 0.00 0.00 100.00 100.00 -1000 1.78 4.52 11.07 -1000 11.13 1.56 189.581
car -1 -1 0.00 0.00 0.00 100.00 100.00 -1000 1.62 3.30 -11.69 -1000 15.58 1.52 188.801
car -1 -1 0.00 0.00 0.00 100.00 100.00 -1000 1.62 4.49 -12.68 -1000 27.30 1.47 188.297
car -1 -1 0.00 0.00 0.00 100.00 100.00 -1000 1.78 5.25 -11.88 -1000 24.11 1.46 182.095
car -1 -1 0.00 0.00 0.00 100.00 100.00 -1000 2.05 6.16 -13.02 -1000 22.82 1.46 179.089
car -1 -1 0.00 0.00 0.00 100.00 100.00 -1000 1.77 5.23 -11.00 -1000 22.82 1.46 177.965
car -1 -1 0.00 0.00 0.00 100.00 100.00 -1000 1.81 4.65 12.34 -1000 46.54 0.03 176.545
car -1 -1 0.00 0.00 0.00 100.00 100.00 -1000 1.82 5.53 9.88 -1000 21.18 1.46 174.213
car -1 -1 0.00 0.00 0.00 100.00 100.00 -1000 2.32 8.32 6.29 -1000 20.73 1.40 173.190
car -1 -1 0.00 0.00 0.00 100.00 100.00 -1000 1.66 4.25 0.39 -1000 32.24 1.60 173.136
car -1 -1 0.00 0.00 0.00 100.00 100.00 -1000 1.94 5.97 10.63 -1000 16.34 1.57 172.874
car -1 -1 0.00 0.00 0.00 100.00 100.00 -1000 1.89 5.72 5.14 -1000 23.59 1.38 172.061
car -1 -1 0.00 0.00 0.00 100.00 100.00 -1000 1.56 4.07 5.73 -1000 27.33 1.50 171.556
car -1 -1 0.00 0.00 0.00 100.00 100.00 -1000 1.56 3.69 -13.63 -1000 14.05 1.35 171.002
car -1 -1 0.00 0.00 0.00 100.00 100.00 -1000 1.73 4.61 -2.48 -1000 33.01 1.45 168.368
car -1 -1 0.00 0.00 0.00 100.00 100.00 -1000 1.55 3.43 10.23 -1000 10.47 1.51 167.166
car -1 -1 0.00 0.00 0.00 100.00 100.00 -1000 1.55 4.11 -17.77 -1000 20.02 1.51 166.123
car -1 -1 0.00 0.00 0.00 100.00 100.00 -1000 1.99 6.28 8.45 -1000 22.00 1.44 165.505
car -1 -1 0.00 0.00 0.00 100.00 100.00 -1000 3.32 10.65 3.21 -1000 17.80 -0.01 164.702
car -1 -1 0.00 0.00 0.00 100.00 100.00 -1000 1.59 4.02 1.82 -1000 40.29 1.47 162.762
car -1 -1 0.00 0.00 0.00 100.00 100.00 -1000 1.70 4.48 13.44 -1000 12.41 1.46 160.281
car -1 -1 0.00 0.00 0.00 100.00 100.00 -1000 1.86 5.44 11.74 -1000 14.74 1.53 159.474
car -1 -1 0.00 0.00 0.00 100.00 100.00 -1000 1.78 5.07 -10.83 -1000 21.18 1.46 158.428
car -1 -1 0.00 0.00 0.00 100.00 100.00 -1000 2.08 6.91 -14.74 -1000 23.61 1.48 156.242
car -1 -1 0.00 0.00 0.00 100.00 100.00 -1000 1.84 5.75 6.67 -1000 42.97 1.47 156.108
car -1 -1 0.00 0.00 0.00 100.00 100.00 -1000 1.68 3.99 4.74 -1000 39.40 1.55 155.402
car -1 -1 0.00 0.00 0.00 100.00 100.00 -1000 1.73 4.41 4.54 -1000 26.60 1.54 154.669
car -1 -1 0.00 0.00 0.00 100.00 100.00 -1000 1.73 4.70 5.87 -1000 6.46 1.58 154.335
car -1 -1 0.00 0.00 0.00 100.00 100.00 -1000 1.59 4.14 -1.73 -1000 32.18 1.45 151.495
car -1 -1 0.00 0.00 0.00 100.00 100.00 -1000 1.59 3.91 -16.20 -1000 17.26 1.45 150.935
car -1 -1 0.00 0.00 0.00 100.00 100.00 -1000 1.87 5.44 13.08 -1000 15.59 1.45 148.557
car -1 -1 0.00 0.00 0.00 100.00 100.00 -1000 1.64 4.52 17.11 -1000 19.25 1.49 148.556
car -1 -1 0.00 0.00 0.00 100.00 100.00 -1000 1.65 4.24 10.39 -1000 46.32 1.42 147.838
car -1 -1 0.00 0.00 0.00 100.00 100.00 -1000 1.63 4.42 13.56 -1000 11.17 1.43 147.678
car -1 -1 0.00 0.00 0.00 100.00 100.00 -1000 1.69 4.61 1.92 -1000 34.58 1.47 147.293
car -1 -1 0.00 0.00 0.00 100.00 100.00 -1000 1.62 4.20 2.31 -1000 39.44 1.43 146.815
car -1 -1 0.00 0.00 0.00 100.00 100.00 -1000 1.73 3.93 13.20 -1000 45.49 1.54 145.848
car -1 -1 0.00 0.00 0.00 100.00 100.00 -1000 1.59 4.09 -17.00 -1000 17.96 1.40 145.511
car -1 -1 0.00 0.00 0.00 100.00 100.00 -1000 2.61 7.40 -15.43 -1000 20.00 -0.24 144.061
car -1 -1 0.00 0.00 0.00 100.00 100.00 -1000 1.63 4.39 7.05 -1000 40.19 1.43 144.055
car -1 -1 0.00 0.00 0.00 100.00 100.00 -1000 1.83 5.67 -6.13 -1000 21.96 1.47 143.803
car -1 -1 0.00 0.00 0.00 100.00 100.00 -1000 5.06 14.07 -0.06 -1000 18.11 -0.17 143.796
car -1 -1 0.00 0.00 0.00 100.00 100.00 -1000 1.71 4.63 -16.24 -1000 25.33 1.56 143.191
car -1 -1 0.00 0.00 0.00 100.00 100.00 -1000 1.65 4.43 6.97 -1000 27.70 1.46 142.346
car -1 -1 0.00 0.00 0.00 100.00 100.00 -1000 1.74 4.24 5.00 -1000 5.24 1.62 142.090
car -1 -1 0.00 0.00 0.00 100.00 100.00 -1000 1.61 4.14 -15.58 -1000 18.39 1.55 140.985
car -1 -1 0.00 0.00 0.00 100.00 100.00 -1000 1.60 3.44 -12.96 -1000 15.02 1.40 140.373
car -1 -1 0.00 0.00 0.00 100.00 100.00 -1000 1.67 4.80 11.80 -1000 19.15 1.47 138.855
car -1 -1 0.00 0.00 0.00 100.00 100.00 -1000 1.67 4.72 7.00 -1000 28.90 1.46 138.217
car -1 -1 0.00 0.00 0.00 100.00 100.00 -1000 1.73 4.86 -14.17 -1000 27.63 1.49 138.125
car -1 -1 0.00 0.00 0.00 100.00 100.00 -1000 1.61 4.18 -16.31 -1000 16.09 1.42 137.921
car -1 -1 0.00 0.00 0.00 100.00 100.00 -1000 1.75 4.74 15.79 -1000 17.59 1.55 136.436
car -1 -1 0.00 0.00 0.00 100.00 100.00 -1000 1.62 3.74 -0.11 -1000 12.32 1.46 135.426
car -1 -1 0.00 0.00 0.00 100.00 100.00 -1000 1.69 4.83 5.14 -1000 28.86 1.47 135.181
car -1 -1 0.00 0.00 0.00 100.00 100.00 -1000 1.78 5.18 1.96 -1000 24.41 1.39 132.750
car -1 -1 0.00 0.00 0.00 100.00 100.00 -1000 1.73 4.78 6.91 -1000 41.42 1.47 132.466
car -1 -1 0.00 0.00 0.00 100.00 100.00 -1000 1.80 5.46 2.33 -1000 43.48 1.44 132.293
car -1 -1 0.00 0.00 0.00 100.00 100.00 -1000 1.65 4.51 3.97 -1000 25.27 1.51 130.441
car -1 -1 0.00 0.00 0.00 100.00 100.00 -1000 1.71 4.51 4.20 -1000 30.12 1.50 129.544
car -1 -1 0.00 0.00 0.00 100.00 100.00 -1000 1.78 5.24 -12.75 -1000 25.26 1.49 128.856
car -1 -1 0.00 0.00 0.00 100.00 100.00 -1000 1.62 4.19 2.39 -1000 26.15 1.42 128.320
car -1 -1 0.00 0.00 0.00 100.00 100.00 -1000 1.70 4.90 13.66 -1000 20.83 1.46 127.895
car -1 -1 0.00 0.00 0.00 100.00 100.00 -1000 1.80 5.12 13.10 -1000 14.01 1.48 126.824
car -1 -1 0.00 0.00 0.00 100.00 100.00 -1000 1.66 4.35 -12.83 -1000 26.12 1.51 126.708
car -1 -1 0.00 0.00 0.00 100.00 100.00 -1000 1.60 4.26 11.18 -1000 45.11 1.43 126.520
car -1 -1 0.00 0.00 0.00 100.00 100.00 -1000 1.64 4.49 12.03 -1000 11.96 1.54 126.356
car -1 -1 0.00 0.00 0.00 100.00 100.00 -1000 1.74 4.86 11.85 -1000 20.42 1.46 126.351
car -1 -1 0.00 0.00 0.00 100.00 100.00 -1000 1.77 5.00 18.20 -1000 20.43 1.46 125.269
car -1 -1 0.00 0.00 0.00 100.00 100.00 -1000 1.74 4.98 3.65 -1000 33.31 1.47 124.375
car -1 -1 0.00 0.00 0.00 100.00 100.00 -1000 1.61 4.22 1.57 -1000 27.36 1.44 124.276
car -1 -1 0.00 0.00 0.00 100.00 100.00 -1000 1.65 4.44 7.09 -1000 26.55 1.42 123.993
car -1 -1 0.00 0.00 0.00 100.00 100.00 -1000 1.73 4.60 15.08 -1000 46.29 1.45 123.168
car -1 -1 0.00 0.00 0.00 100.00 100.00 -1000 1.67 4.48 18.39 -1000 18.44 1.41 123.103
car -1 -1 0.00 0.00 0.00 100.00 100.00 -1000 1.58 3.63 10.26 -1000 9.57 1.49 123.055
car -1 -1 0.00 0.00 0.00 100.00 100.00 -1000 1.74 4.98 12.07 -1000 40.26 1.44 120.479
car -1 -1 0.00 0.00 0.00 100.00 100.00 -1000 1.83 5.60 10.04 -1000 20.02 1.42 118.812
car -1 -1 0.00 0.00 0.00 100.00 100.00 -1000 1.68 4.71 3.81 -1000 32.16 1.44 118.793
car -1 -1 0.00 0.00 0.00 100.00 100.00 -1000 1.68 4.03 -3.34 -1000 19.71 0.10 118.640
car -1 -1 0.00 0.00 0.00 100.00 100.00 -1000 1.61 4.39 -0.90 -1000 30.49 1.46 117.312
car -1 -1 0.00 0.00 0.00 100.00 100.00 -1000 1.86 5.25 -11.91 -1000 22.05 1.47 117.082
car -1 -1 0.00 0.00 0.00 100.00 100.00 -1000 1.56 3.88 -13.97 -1000 13.23 1.22 117.081
car -1 -1 0.00 0.00 0.00 100.00 100.00 -1000 1.54 3.49 11.55 -1000 13.29 0.00 116.638
car -1 -1 0.00 0.00 0.00 100.00 100.00 -1000 1.77 5.28 5.36 -1000 43.44 1.45 115.937
car -1 -1 0.00 0.00 0.00 100.00 100.00 -1000 1.68 3.90 -15.51 -1000 15.30 1.34 115.937
car -1 -1 0.00 0.00 0.00 100.00 100.00 -1000 1.77 4.80 1.78 -1000 31.79 1.49 115.466
car -1 -1 0.00 0.00 0.00 100.00 100.00 -1000 1.64 4.03 12.00 -1000 44.38 1.35 114.971
car -1 -1 0.00 0.00 0.00 100.00 100.00 -1000 1.76 5.12 -2.63 -1000 33.85 1.40 114.234
car -1 -1 0.00 0.00 0.00 100.00 100.00 -1000 1.64 4.46 -16.96 -1000 19.28 1.49 112.736
car -1 -1 0.00 0.00 0.00 100.00 100.00 -1000 1.90 6.39 7.63 -1000 22.86 1.46 112.262
car -1 -1 0.00 0.00 0.00 100.00 100.00 -1000 1.92 4.73 4.80 -1000 4.37 1.56 111.346
car -1 -1 0.00 0.00 0.00 100.00 100.00 -1000 1.49 2.46 -3.71 -1000 10.16 1.26 111.133
car -1 -1 0.00 0.00 0.00 100.00 100.00 -1000 1.90 5.11 11.54 -1000 17.26 1.53 110.802
car -1 -1 0.00 0.00 0.00 100.00 100.00 -1000 1.71 4.42 15.21 -1000 16.43 1.40 110.550
car -1 -1 0.00 0.00 0.00 100.00 100.00 -1000 1.80 4.75 0.27 -1000 31.38 1.52 110.463
car -1 -1 0.00 0.00 0.00 100.00 100.00 -1000 1.62 4.17 5.87 -1000 40.67 1.52 109.653
car -1 -1 0.00 0.00 0.00 100.00 100.00 -1000 1.44 3.28 4.40 -1000 3.71 1.42 108.901
car -1 -1 0.00 0.00 0.00 100.00 100.00 -1000 1.77 5.14 -7.61 -1000 21.22 1.45 107.992
car -1 -1 0.00 0.00 0.00 100.00 100.00 -1000 1.61 4.02 3.89 -1000 38.09 1.34 107.694
car -1 -1 0.00 0.00 0.00 100.00 100.00 -1000 1.51 3.71 4.10 -1000 2.56 1.41 107.170
car -1 -1 0.00 0.00 0.00 100.00 100.00 -1000 1.69 5.05 6.70 -1000 30.04 1.37 106.790
car -1 -1 0.00 0.00 0.00 100.00 100.00 -1000 1.71 4.51 3.81 -1000 24.15 1.37 106.314
car -1 -1 0.00 0.00 0.00 100.00 100.00 -1000 1.72 4.90 13.69 -1000 18.48 1.47 106.282
car -1 -1 0.00 0.00 0.00 100.00 100.00 -1000 1.63 4.37 12.07 -1000 38.61 1.44 106.148
car -1 -1 0.00 0.00 0.00 100.00 100.00 -1000 1.63 4.33 13.57 -1000 38.14 1.51 106.144
car -1 -1 0.00 0.00 0.00 100.00 100.00 -1000 1.47 3.67 2.13 -1000 29.40 0.29 106.108
car -1 -1 0.00 0.00 0.00 100.00 100.00 -1000 2.69 8.29 -6.79 -1000 11.42 -0.03 106.016
car -1 -1 0.00 0.00 0.00 100.00 100.00 -1000 1.78 4.74 13.44 -1000 17.23 1.49 105.465
car -1 -1 0.00 0.00 0.00 100.00 100.00 -1000 1.77 5.13 16.60 -1000 21.21 1.45 105.039
car -1 -1 0.00 0.00 0.00 100.00 100.00 -1000 1.70 4.40 -18.95 -1000 18.84 1.36 104.766
car -1 -1 0.00 0.00 0.00 100.00 100.00 -1000 1.74 5.00 14.06 -1000 14.78 1.46 104.585
car -1 -1 0.00 0.00 0.00 100.00 100.00 -1000 1.73 4.70 15.00 -1000 15.58 1.39 104.048
car -1 -1 0.00 0.00 0.00 100.00 100.00 -1000 1.69 4.55 16.75 -1000 46.73 1.39 104.003
car -1 -1 0.00 0.00 0.00 100.00 100.00 -1000 1.75 4.68 11.96 -1000 9.96 1.40 103.856
car -1 -1 0.00 0.00 0.00 100.00 100.00 -1000 1.81 4.90 2.27 -1000 30.15 1.45 103.575
