car -1 -1 0.00 0.00 0.00 100.00 100.00 -1000 1.90 5.18 2.04 -1000 37.05 1.53 999.981
car -1 -1 0.00 0.00 0.00 100.00 100.00 -1000 2.00 5.13 9.64 -1000 44.44 1.51 999.622
car -1 -1 0.00 0.00 0.00 100.00 100.00 -1000 2.12 6.44 2.21 -1000 37.84 1.58 998.589
car -1 -1 0.00 0.00 0.00 100.00 100.00 -1000 1.61 4.56 6.42 -1000 46.91 0.14 994.628
car -1 -1 0.00 0.00 0.00 100.00 100.00 -1000 2.46 8.54 1.03 -1000 38.74 1.58 994.281
car -1 -1 0.00 0.00 0.00 100.00 100.00 -1000 3.13 5.75 3.37 -1000 36.53 -0.46 992.618
car -1 -1 0.00 0.00 0.00 100.00 100.00 -1000 1.65 3.67 10.32 -1000 43.79 1.65 986.325
car -1 -1 0.00 0.00 0.00 100.00 100.00 -1000 2.27 6.93 4.48 -1000 40.71 1.65 986.284
car -1 -1 0.00 0.00 0.00 100.00 100.00 -1000 4.16 11.75 3.56 -1000 39.62 1.43 985.767
car -1 -1 0.00 0.00 0.00 100.00 100.00 -1000 1.87 5.17 8.80 -1000 46.12 1.58 977.606
car -1 -1 0.00 0.00 0.00 100.00 100.00 -1000 4.68 9.06 4.41 -1000 35.96 -0.42 974.458
car -1 -1 0.00 0.00 0.00 100.00 100.00 -1000 2.17 6.73 -0.75 -1000 39.26 1.57 973.247
car -1 -1 0.00 0.00 0.00 100.00 100.00 -1000 1.52 3.39 8.66 -1000 30.62 1.63 967.331
car -1 -1 0.00 0.00 0.00 100.00 100.00 -1000 1.63 4.20 -2.32 -1000 43.59 0.05 958.358
car -1 -1 0.00 0.00 0.00 100.00 100.00 -1000 1.61 4.40 -3.79 -1000 38.25 -0.00 947.337
car -1 -1 0.00 0.00 0.00 100.00 100.00 -1000 1.61 7.14 6.01 -1000 40.00 0.04 945.392
car -1 -1 0.00 0.00 0.00 100.00 100.00 -1000 1.74 4.25 -1.22 -1000 43.17 -0.03 937.420
car -1 -1 0.00 0.00 0.00 100.00 100.00 -1000 1.66 4.18 6.12 -1000 40.48 1.62 936.524
car -1 -1 0.00 0.00 0.00 100.00 100.00 -1000 1.50 3.45 5.54 -1000 35.73 1.59 932.759
car -1 -1 0.00 0.00 0.00 100.00 100.00 -1000 1.60 3.50 5.41 -1000 47.68 1.60 921.564
car -1 -1 0.00 0.00 0.00 100.00 100.00 -1000 1.51 3.53 -2.19 -1000 44.61 1.62 920.745
car -1 -1 0.00 0.00 0.00 100.00 100.00 -1000 1.57 3.79 3.44 -1000 36.68 1.62 915.698
car -1 -1 0.00 0.00 0.00 100.00 100.00 -1000 3.09 13.25 0.73 -1000 40.59 1.47 913.106
car -1 -1 0.00 0.00 0.00 100.00 100.00 -1000 1.65 4.32 -3.31 -1000 39.64 1.61 904.421
car -1 -1 0.00 0.00 0.00 100.00 100.00 -1000 1.53 3.81 5.32 -1000 34.87 0.01 904.381
car -1 -1 0.00 0.00 0.00 100.00 100.00 -1000 1.51 3.79 6.93 -1000 30.91 0.21 904.191
car -1 -1 0.00 0.00 0.00 100.00 100.00 -1000 1.57 3.81 -4.44 -1000 45.08 1.60 903.143
car -1 -1 0.00 0.00 0.00 100.00 100.00 -1000 1.53 3.44 -0.72 -1000 44.19 1.62 903.127
car -1 -1 0.00 0.00 0.00 100.00 100.00 -1000 1.34 4.82 4.55 -1000 32.38 1.40 898.404
car -1 -1 0.00 0.00 0.00 100.00 100.00 -1000 1.91 5.05 7.33 -1000 47.64 1.60 878.806
car -1 -1 0.00 0.00 0.00 100.00 100.00 -1000 1.63 4.48 -1.58 -1000 38.14 0.05 876.498
car -1 -1 0.00 0.00 0.00 100.00 100.00 -1000 1.55 3.66 8.87 -1000 31.80 1.64 872.016
car -1 -1 0.00 0.00 0.00 100.00 100.00 -1000 1.43 3.33 10.21 -1000 20.23 -0.19 869.053
car -1 -1 0.00 0.00 0.00 100.00 100.00 -1000 1.45 3.29 10.13 -1000 16.27 -0.15 866.473
car -1 -1 0.00 0.00 0.00 100.00 100.00 -1000 1.62 4.02 5.71 -1000 41.35 1.57 862.023
car -1 -1 0.00 0.00 0.00 100.00 100.00 -1000 1.51 3.44 9.29 -1000 45.12 1.61 861.414
car -1 -1 0.00 0.00 0.00 100.00 100.00 -1000 1.67 4.03 -3.78 -1000 43.87 0.12 860.760
car -1 -1 0.00 0.00 0.00 100.00 100.00 -1000 2.00 5.96 8.75 -1000 47.00 1.63 859.062
car -1 -1 0.00 0.00 0.00 100.00 100.00 -1000 1.56 3.58 -4.83 -1000 38.80 1.55 854.267
car -1 -1 0.00 0.00 0.00 100.00 100.00 -1000 1.41 3.44 -4.02 -1000 34.63 0.14 840.063
car -1 -1 0.00 0.00 0.00 100.00 100.00 -1000 1.48 3.24 -1.53 -1000 35.67 1.62 835.247
car -1 -1 0.00 0.00 0.00 100.00 100.00 -1000 1.45 3.20 8.77 -1000 11.75 1.61 834.911
car -1 -1 0.00 0.00 0.00 100.00 100.00 -1000 1.77 4.67 1.20 -1000 42.67 0.07 831.375
car -1 -1 0.00 0.00 0.00 100.00 100.00 -1000 2.99 5.70 10.63 -1000 42.51 -0.33 830.174
car -1 -1 0.00 0.00 0.00 100.00 100.00 -1000 2.43 7.91 10.70 -1000 45.48 1.73 827.795
car -1 -1 0.00 0.00 0.00 100.00 100.00 -1000 1.50 3.37 5.29 -1000 31.29 0.08 824.276
car -1 -1 0.00 0.00 0.00 100.00 100.00 -1000 1.44 3.19 10.55 -1000 19.37 1.66 823.527
car -1 -1 0.00 0.00 0.00 100.00 100.00 -1000 2.40 6.42 5.97 -1000 38.79 1.47 822.215
car -1 -1 0.00 0.00 0.00 100.00 100.00 -1000 2.09 7.78 1.05 -1000 41.13 1.54 814.389
car -1 -1 0.00 0.00 0.00 100.00 100.00 -1000 1.44 3.42 7.28 -1000 32.58 1.54 806.246
car -1 -1 0.00 0.00 0.00 100.00 100.00 -1000 1.57 3.97 -5.44 -1000 38.18 0.03 805.944
car -1 -1 0.00 0.00 0.00 100.00 100.00 -1000 2.08 4.02 7.31 -1000 42.71 1.40 795.354
car -1 -1 0.00 0.00 0.00 100.00 100.00 -1000 1.46 3.44 1.02 -1000 43.82 1.64 789.828
car -1 -1 0.00 0.00 0.00 100.00 100.00 -1000 1.30 5.10 2.83 -1000 33.05 0.62 787.276
car -1 -1 0.00 0.00 0.00 100.00 100.00 -1000 1.48 3.37 -5.39 -1000 45.66 1.56 769.569
car -1 -1 0.00 0.00 0.00 100.00 100.00 -1000 1.60 4.01 4.04 -1000 35.24 1.53 769.413
car -1 -1 0.00 0.00 0.00 100.00 100.00 -1000 1.75 4.78 2.59 -1000 42.29 0.04 768.027
car -1 -1 0.00 0.00 0.00 100.00 100.00 -1000 1.55 3.75 -20.17 -1000 26.74 1.59 767.896
car -1 -1 0.00 0.00 0.00 100.00 100.00 -1000 1.58 3.93 8.49 -1000 32.84 1.60 762.935
car -1 -1 0.00 0.00 0.00 100.00 100.00 -1000 1.45 3.37 9.86 -1000 17.20 1.57 752.223
car -1 -1 0.00 0.00 0.00 100.00 100.00 -1000 2.14 6.69 10.66 -1000 46.62 1.51 748.883
car -1 -1 0.00 0.00 0.00 100.00 100.00 -1000 1.40 3.14 -3.46 -1000 35.73 1.58 748.556
car -1 -1 0.00 0.00 0.00 100.00 100.00 -1000 1.52 3.61 -2.42 -1000 34.58 0.15 744.682
car -1 -1 0.00 0.00 0.00 100.00 100.00 -1000 1.54 3.64 8.91 -1000 12.50 1.65 743.225
car -1 -1 0.00 0.00 0.00 100.00 100.00 -1000 1.57 3.62 4.58 -1000 46.93 0.20 740.056
car -1 -1 0.00 0.00 0.00 100.00 100.00 -1000 2.55 4.59 7.06 -1000 43.72 1.21 738.397
car -1 -1 0.00 0.00 0.00 100.00 100.00 -1000 1.67 4.01 11.78 -1000 43.59 1.66 735.119
car -1 -1 0.00 0.00 0.00 100.00 100.00 -1000 2.19 4.04 7.52 -1000 44.86 1.35 734.626
car -1 -1 0.00 0.00 0.00 100.00 100.00 -1000 1.59 3.83 6.64 -1000 35.37 1.63 734.589
car -1 -1 0.00 0.00 0.00 100.00 100.00 -1000 0.94 3.43 6.00 -1000 34.34 -0.06 734.331
car -1 -1 0.00 0.00 0.00 100.00 100.00 -1000 1.56 4.38 -0.74 -1000 34.05 0.22 732.898
car -1 -1 0.00 0.00 0.00 100.00 100.00 -1000 1.50 3.48 -4.68 -1000 31.36 0.17 728.647
car -1 -1 0.00 0.00 0.00 100.00 100.00 -1000 1.47 3.51 -13.21 -1000 20.97 1.56 718.490
car -1 -1 0.00 0.00 0.00 100.00 100.00 -1000 1.49 3.67 9.67 -1000 14.41 1.61 717.109
car -1 -1 0.00 0.00 0.00 100.00 100.00 -1000 1.45 3.77 -3.55 -1000 31.06 0.23 716.326
car -1 -1 0.00 0.00 0.00 100.00 100.00 -1000 2.07 6.13 5.26 -1000 37.78 1.59 709.420
car -1 -1 0.00 0.00 0.00 100.00 100.00 -1000 1.67 3.75 10.67 -1000 42.98 1.70 703.185
car -1 -1 0.00 0.00 0.00 100.00 100.00 -1000 1.54 3.85 11.38 -1000 22.44 1.65 695.138
car -1 -1 0.00 0.00 0.00 100.00 100.00 -1000 1.69 4.20 -2.39 -1000 38.93 1.61 688.290
car -1 -1 0.00 0.00 0.00 100.00 100.00 -1000 7.12 14.58 4.53 -1000 36.17 -0.23 675.593
car -1 -1 0.00 0.00 0.00 100.00 100.00 -1000 1.37 2.98 -3.64 -1000 32.41 1.61 673.594
car -1 -1 0.00 0.00 0.00 100.00 100.00 -1000 1.44 3.49 2.92 -1000 43.38 1.56 667.558
car -1 -1 0.00 0.00 0.00 100.00 100.00 -1000 1.61 4.10 -4.49 -1000 46.42 1.60 654.348
car -1 -1 0.00 0.00 0.00 100.00 100.00 -1000 2.39 7.79 -1.52 -1000 40.18 1.38 653.944
car -1 -1 0.00 0.00 0.00 100.00 100.00 -1000 1.55 3.64 -13.51 -1000 41.18 1.57 647.501
car -1 -1 0.00 0.00 0.00 100.00 100.00 -1000 1.49 3.55 -20.20 -1000 25.75 1.53 642.630
car -1 -1 0.00 0.00 0.00 100.00 100.00 -1000 1.71 4.30 5.70 -1000 36.71 1.60 640.934
car -1 -1 0.00 0.00 0.00 100.00 100.00 -1000 1.42 3.16 -7.56 -1000 46.25 1.58 633.365
car -1 -1 0.00 0.00 0.00 100.00 100.00 -1000 1.52 3.71 7.26 -1000 31.77 -0.03 632.957
car -1 -1 0.00 0.00 0.00 100.00 100.00 -1000 1.89 6.11 0.99 -1000 33.49 -0.04 632.680
car -1 -1 0.00 0.00 0.00 100.00 100.00 -1000 1.57 3.88 8.67 -1000 23.79 1.66 631.834
car -1 -1 0.00 0.00 0.00 100.00 100.00 -1000 1.69 4.34 -5.77 -1000 44.80 0.07 625.825
car -1 -1 0.00 0.00 0.00 100.00 100.00 -1000 1.50 3.16 10.58 -1000 21.39 -0.45 614.066
car -1 -1 0.00 0.00 0.00 100.00 100.00 -1000 1.66 4.09 9.82 -1000 31.13 1.72 606.178
car -1 -1 0.00 0.00 0.00 100.00 100.00 -1000 1.50 3.66 -4.96 -1000 35.40 1.54 605.929
car -1 -1 0.00 0.00 0.00 100.00 100.00 -1000 1.75 4.57 -0.32 -1000 37.11 1.45 596.153
car -1 -1 0.00 0.00 0.00 100.00 100.00 -1000 1.84 5.88 3.71 -1000 33.80 1.55 595.045
car -1 -1 0.00 0.00 0.00 100.00 100.00 -1000 1.64 3.89 8.28 -1000 29.88 -0.20 592.994
car -1 -1 0.00 0.00 0.00 100.00 100.00 -1000 1.63 4.16 7.11 -1000 45.76 0.03 587.407
car -1 -1 0.00 0.00 0.00 100.00 100.00 -1000 1.53 3.78 9.05 -1000 22.97 1.62 586.279
car -1 -1 0.00 0.00 0.00 100.00 100.00 -1000 1.25 4.26 -13.13 -1000 19.61 1.65 572.894
car -1 -1 0.00 0.00 0.00 100.00 100.00 -1000 1.46 3.33 3.92 -1000 31.84 1.56 570.001
car -1 -1 0.00 0.00 0.00 100.00 100.00 -1000 1.43 3.36 -1.55 -1000 31.99 1.57 568.456
car -1 -1 0.00 0.00 0.00 100.00 100.00 -1000 2.50 9.81 11.28 -1000 47.47 1.48 552.162
car -1 -1 0.00 0.00 0.00 100.00 100.00 -1000 1.61 4.15 -11.61 -1000 45.96 1.59 550.047
car -1 -1 0.00 0.00 0.00 100.00 100.00 -1000 1.49 3.67 5.45 -1000 28.00 0.38 542.271
car -1 -1 0.00 0.00 0.00 100.00 100.00 -1000 1.53 3.58 -13.13 -1000 25.05 1.54 541.994
car -1 -1 0.00 0.00 0.00 100.00 100.00 -1000 1.41 3.27 9.09 -1000 16.59 1.43 541.426
car -1 -1 0.00 0.00 0.00 100.00 100.00 -1000 1.51 3.42 1.61 -1000 31.55 1.60 535.836
car -1 -1 0.00 0.00 0.00 100.00 100.00 -1000 2.12 6.69 13.44 -1000 47.05 1.48 534.507
car -1 -1 0.00 0.00 0.00 100.00 100.00 -1000 1.57 3.66 -13.81 -1000 38.75 1.51 532.305
car -1 -1 0.00 0.00 0.00 100.00 100.00 -1000 1.44 3.38 -13.23 -1000 30.66 1.56 531.086
car -1 -1 0.00 0.00 0.00 100.00 100.00 -1000 1.61 3.81 -7.50 -1000 45.33 1.64 529.732
car -1 -1 0.00 0.00 0.00 100.00 100.00 -1000 1.51 3.61 -12.77 -1000 46.29 1.58 528.818
car -1 -1 0.00 0.00 0.00 100.00 100.00 -1000 2.28 7.01 12.79 -1000 44.63 1.46 526.153
car -1 -1 0.00 0.00 0.00 100.00 100.00 -1000 1.47 3.46 -20.15 -1000 27.77 1.55 522.721
car -1 -1 0.00 0.00 0.00 100.00 100.00 -1000 1.48 3.37 -18.63 -1000 36.55 1.57 522.218
car -1 -1 0.00 0.00 0.00 100.00 100.00 -1000 1.66 4.66 -2.54 -1000 41.24 1.51 517.444
car -1 -1 0.00 0.00 0.00 100.00 100.00 -1000 1.53 3.76 -7.37 -1000 40.19 1.59 516.463
car -1 -1 0.00 0.00 0.00 100.00 100.00 -1000 1.66 4.30 -11.86 -1000 44.36 1.61 515.964
car -1 -1 0.00 0.00 0.00 100.00 100.00 -1000 1.55 3.68 4.67 -1000 15.54 1.57 514.580
car -1 -1 0.00 0.00 0.00 100.00 100.00 -1000 1.48 3.87 -19.97 -1000 29.01 1.59 513.446
car -1 -1 0.00 0.00 0.00 100.00 100.00 -1000 1.48 3.34 9.34 -1000 13.45 -0.25 505.884
car -1 -1 0.00 0.00 0.00 100.00 100.00 -1000 1.40 3.09 5.56 -1000 29.29 1.62 505.221
car -1 -1 0.00 0.00 0.00 100.00 100.00 -1000 1.90 5.04 0.60 -1000 41.84 1.54 502.918
car -1 -1 0.00 0.00 0.00 100.00 100.00 -1000 1.49 3.54 -19.81 -1000 45.48 1.55 502.322
car -1 -1 0.00 0.00 0.00 100.00 100.00 -1000 1.60 4.53 -0.43 -1000 36.06 1.54 500.910
car -1 -1 0.00 0.00 0.00 100.00 100.00 -1000 1.69 4.26 -3.05 -1000 45.45 1.51 500.400
car -1 -1 0.00 0.00 0.00 100.00 100.00 -1000 1.53 3.66 -13.14 -1000 42.30 1.60 496.989
car -1 -1 0.00 0.00 0.00 100.00 100.00 -1000 1.57 3.85 -0.66 -1000 35.16 1.56 496.036
car -1 -1 0.00 0.00 0.00 100.00 100.00 -1000 1.45 3.51 -12.88 -1000 45.38 0.10 495.946
car -1 -1 0.00 0.00 0.00 100.00 100.00 -1000 1.49 3.70 9.70 -1000 26.60 1.65 495.090
car -1 -1 0.00 0.00 0.00 100.00 100.00 -1000 1.47 3.58 -4.75 -1000 32.17 1.61 488.229
car -1 -1 0.00 0.00 0.00 100.00 100.00 -1000 1.69 4.12 -8.57 -1000 44.35 1.61 482.386
car -1 -1 0.00 0.00 0.00 100.00 100.00 -1000 1.63 3.75 8.75 -1000 10.57 1.62 477.486
car -1 -1 0.00 0.00 0.00 100.00 100.00 -1000 1.49 3.51 6.04 -1000 32.04 1.60 475.081
car -1 -1 0.00 0.00 0.00 100.00 100.00 -1000 1.62 4.14 -13.54 -1000 40.37 1.61 474.742
car -1 -1 0.00 0.00 0.00 100.00 100.00 -1000 1.50 3.26 7.57 -1000 41.17 1.63 470.321
car -1 -1 0.00 0.00 0.00 100.00 100.00 -1000 1.55 3.73 10.96 -1000 28.95 1.49 468.892
car -1 -1 0.00 0.00 0.00 100.00 100.00 -1000 1.70 4.10 7.24 -1000 39.49 1.58 456.209
car -1 -1 0.00 0.00 0.00 100.00 100.00 -1000 1.60 4.09 7.57 -1000 34.64 1.52 452.207
car -1 -1 0.00 0.00 0.00 100.00 100.00 -1000 1.58 4.11 -12.63 -1000 43.58 1.63 451.242
car -1 -1 0.00 0.00 0.00 100.00 100.00 -1000 1.66 4.31 7.28 -1000 37.01 1.57 450.544
car -1 -1 0.00 0.00 0.00 100.00 100.00 -1000 1.58 4.01 -6.13 -1000 39.87 1.59 449.094
car -1 -1 0.00 0.00 0.00 100.00 100.00 -1000 1.59 3.84 12.21 -1000 21.81 1.58 448.923
car -1 -1 0.00 0.00 0.00 100.00 100.00 -1000 1.61 4.12 -12.88 -1000 29.08 1.61 446.717
car -1 -1 0.00 0.00 0.00 100.00 100.00 -1000 1.48 3.08 8.86 -1000 14.92 1.53 446.420
car -1 -1 0.00 0.00 0.00 100.00 100.00 -1000 2.23 7.24 14.67 -1000 46.25 1.39 444.723
car -1 -1 0.00 0.00 0.00 100.00 100.00 -1000 1.52 3.42 -8.66 -1000 45.97 1.40 443.758
car -1 -1 0.00 0.00 0.00 100.00 100.00 -1000 1.82 4.76 14.90 -1000 41.92 1.42 442.967
car -1 -1 0.00 0.00 0.00 100.00 100.00 -1000 1.58 4.04 6.87 -1000 27.29 0.26 440.319
car -1 -1 0.00 0.00 0.00 100.00 100.00 -1000 1.74 4.41 -4.58 -1000 37.60 1.65 437.613
car -1 -1 0.00 0.00 0.00 100.00 100.00 -1000 1.69 3.58 10.60 -1000 42.07 1.62 437.495
car -1 -1 0.00 0.00 0.00 100.00 100.00 -1000 1.86 4.41 8.62 -1000 43.85 1.44 430.789
car -1 -1 0.00 0.00 0.00 100.00 100.00 -1000 1.54 2.79 10.90 -1000 41.11 1.51 430.506
car -1 -1 0.00 0.00 0.00 100.00 100.00 -1000 1.38 3.41 9.81 -1000 20.91 1.50 427.287
car -1 -1 0.00 0.00 0.00 100.00 100.00 -1000 1.70 4.08 -0.67 -1000 42.41 1.43 425.946
car -1 -1 0.00 0.00 0.00 100.00 100.00 -1000 1.54 3.41 -13.63 -1000 24.28 1.44 420.392
car -1 -1 0.00 0.00 0.00 100.00 100.00 -1000 1.64 3.97 8.60 -1000 29.08 1.64 419.613
car -1 -1 0.00 0.00 0.00 100.00 100.00 -1000 1.96 5.72 14.83 -1000 45.12 1.39 418.726
car -1 -1 0.00 0.00 0.00 100.00 100.00 -1000 1.51 3.52 2.58 -1000 30.45 0.30 416.028
car -1 -1 0.00 0.00 0.00 100.00 100.00 -1000 1.55 4.12 -12.75 -1000 33.51 1.57 414.338
car -1 -1 0.00 0.00 0.00 100.00 100.00 -1000 1.55 3.81 -3.16 -1000 29.61 1.57 414.009
car -1 -1 0.00 0.00 0.00 100.00 100.00 -1000 1.51 3.55 -1.34 -1000 29.18 1.60 412.275
car -1 -1 0.00 0.00 0.00 100.00 100.00 -1000 2.13 6.72 11.42 -1000 34.15 1.37 410.481
car -1 -1 0.00 0.00 0.00 100.00 100.00 -1000 1.61 3.95 4.68 -1000 43.04 1.46 406.319
car -1 -1 0.00 0.00 0.00 100.00 100.00 -1000 1.44 3.44 -0.72 -1000 30.90 0.22 406.047
car -1 -1 0.00 0.00 0.00 100.00 100.00 -1000 1.57 4.11 9.68 -1000 22.20 1.58 405.468
car -1 -1 0.00 0.00 0.00 100.00 100.00 -1000 1.57 4.03 12.40 -1000 24.16 1.57 398.541
car -1 -1 0.00 0.00 0.00 100.00 100.00 -1000 1.80 4.55 12.88 -1000 42.76 1.46 396.667
car -1 -1 0.00 0.00 0.00 100.00 100.00 -1000 1.95 5.68 14.94 -1000 43.87 1.40 394.763
car -1 -1 0.00 0.00 0.00 100.00 100.00 -1000 1.54 3.62 -20.03 -1000 44.40 1.56 394.105
car -1 -1 0.00 0.00 0.00 100.00 100.00 -1000 1.56 3.76 -13.71 -1000 29.83 0.12 390.053
car -1 -1 0.00 0.00 0.00 100.00 100.00 -1000 1.71 4.31 10.63 -1000 29.77 1.54 389.402
car -1 -1 0.00 0.00 0.00 100.00 100.00 -1000 1.54 3.69 10.60 -1000 18.13 1.66 386.487
car -1 -1 0.00 0.00 0.00 100.00 100.00 -1000 1.52 3.68 0.13 -1000 31.69 1.59 386.374
car -1 -1 0.00 0.00 0.00 100.00 100.00 -1000 1.43 3.48 -5.67 -1000 34.63 0.16 384.163
car -1 -1 0.00 0.00 0.00 100.00 100.00 -1000 1.41 3.13 8.40 -1000 17.71 1.60 380.424
car -1 -1 0.00 0.00 0.00 100.00 100.00 -1000 1.80 4.84 9.53 -1000 33.31 1.44 376.883
car -1 -1 0.00 0.00 0.00 100.00 100.00 -1000 1.59 4.04 9.08 -1000 24.94 1.63 376.116
car -1 -1 0.00 0.00 0.00 100.00 100.00 -1000 1.76 4.24 -4.50 -1000 36.52 1.60 375.064
car -1 -1 0.00 0.00 0.00 100.00 100.00 -1000 1.64 4.08 -14.20 -1000 20.21 1.44 371.497
car -1 -1 0.00 0.00 0.00 100.00 100.00 -1000 1.65 4.31 10.80 -1000 13.80 1.61 370.621
car -1 -1 0.00 0.00 0.00 100.00 100.00 -1000 1.67 3.80 -13.92 -1000 39.58 1.50 370.476
car -1 -1 0.00 0.00 0.00 100.00 100.00 -1000 1.54 3.74 0.55 -1000 29.16 1.58 370.409
car -1 -1 0.00 0.00 0.00 100.00 100.00 -1000 2.04 6.57 10.68 -1000 34.99 1.40 366.228
car -1 -1 0.00 0.00 0.00 100.00 100.00 -1000 1.63 3.86 7.10 -1000 29.49 1.50 364.056
car -1 -1 0.00 0.00 0.00 100.00 100.00 -1000 1.70 4.74 4.03 -1000 45.42 1.51 360.273
car -1 -1 0.00 0.00 0.00 100.00 100.00 -1000 1.78 4.86 -17.17 -1000 34.77 1.61 359.193
car -1 -1 0.00 0.00 0.00 100.00 100.00 -1000 1.65 4.15 8.33 -1000 28.21 1.63 358.452
car -1 -1 0.00 0.00 0.00 100.00 100.00 -1000 1.84 5.50 11.55 -1000 30.51 1.52 356.929
car -1 -1 0.00 0.00 0.00 100.00 100.00 -1000 1.73 4.43 0.85 -1000 44.63 1.48 354.722
car -1 -1 0.00 0.00 0.00 100.00 100.00 -1000 1.58 4.10 -18.71 -1000 41.87 1.48 353.589
car -1 -1 0.00 0.00 0.00 100.00 100.00 -1000 0.82 3.01 5.89 -1000 30.51 -0.24 352.282
car -1 -1 0.00 0.00 0.00 100.00 100.00 -1000 1.55 4.03 -7.00 -1000 35.53 1.61 351.896
car -1 -1 0.00 0.00 0.00 100.00 100.00 -1000 1.91 5.34 10.52 -1000 32.53 1.43 351.016
car -1 -1 0.00 0.00 0.00 100.00 100.00 -1000 1.61 3.81 12.83 -1000 24.89 1.49 350.735
car -1 -1 0.00 0.00 0.00 100.00 100.00 -1000 1.63 4.32 3.53 -1000 47.53 1.48 350.506
car -1 -1 0.00 0.00 0.00 100.00 100.00 -1000 1.66 4.41 12.03 -1000 31.91 1.47 349.209
car -1 -1 0.00 0.00 0.00 100.00 100.00 -1000 1.62 3.73 4.16 -1000 13.40 1.54 348.843
car -1 -1 0.00 0.00 0.00 100.00 100.00 -1000 1.66 4.33 7.28 -1000 33.33 1.55 347.328
car -1 -1 0.00 0.00 0.00 100.00 100.00 -1000 1.61 4.23 9.23 -1000 25.85 1.66 346.215
car -1 -1 0.00 0.00 0.00 100.00 100.00 -1000 1.61 4.24 -16.72 -1000 25.67 1.44 341.700
car -1 -1 0.00 0.00 0.00 100.00 100.00 -1000 1.68 4.30 -9.45 -1000 43.75 1.59 341.388
car -1 -1 0.00 0.00 0.00 100.00 100.00 -1000 1.63 3.93 9.16 -1000 9.64 1.54 339.713
car -1 -1 0.00 0.00 0.00 100.00 100.00 -1000 1.84 4.80 12.43 -1000 41.93 1.46 339.095
car -1 -1 0.00 0.00 0.00 100.00 100.00 -1000 1.63 3.79 5.63 -1000 46.19 1.28 337.193
car -1 -1 0.00 0.00 0.00 100.00 100.00 -1000 1.51 3.67 4.35 -1000 14.74 -0.02 336.468
car -1 -1 0.00 0.00 0.00 100.00 100.00 -1000 1.66 4.22 -10.05 -1000 44.82 1.60 335.189
car -1 -1 0.00 0.00 0.00 100.00 100.00 -1000 1.43 3.44 6.90 -1000 41.80 0.14 334.965
car -1 -1 0.00 0.00 0.00 100.00 100.00 -1000 1.54 3.85 -18.58 -1000 32.11 1.52 332.771
car -1 -1 0.00 0.00 0.00 100.00 100.00 -1000 1.61 3.97 8.31 -1000 38.76 1.50 331.820
car -1 -1 0.00 0.00 0.00 100.00 100.00 -1000 1.57 4.13 -5.30 -1000 47.03 1.44 331.602
car -1 -1 0.00 0.00 0.00 100.00 100.00 -1000 1.69 4.30 10.14 -1000 15.30 1.64 330.857
car -1 -1 0.00 0.00 0.00 100.00 100.00 -1000 1.99 6.07 13.23 -1000 30.13 1.39 329.693
car -1 -1 0.00 0.00 0.00 100.00 100.00 -1000 1.91 5.32 -15.33 -1000 19.34 1.41 327.126
car -1 -1 0.00 0.00 0.00 100.00 100.00 -1000 1.61 4.27 -18.46 -1000 33.73 1.59 326.034
car -1 -1 0.00 0.00 0.00 100.00 100.00 -1000 1.90 5.58 13.14 -1000 13.19 1.48 324.954
car -1 -1 0.00 0.00 0.00 100.00 100.00 -1000 1.68 4.32 10.84 -1000 12.91 1.54 320.569
car -1 -1 0.00 0.00 0.00 100.00 100.00 -1000 1.95 5.78 -15.03 -1000 20.93 1.39 320.311
car -1 -1 0.00 0.00 0.00 100.00 100.00 -1000 1.54 3.87 7.55 -1000 20.19 1.46 315.736
car -1 -1 0.00 0.00 0.00 100.00 100.00 -1000 1.46 3.35 9.72 -1000 11.32 1.64 315.192
car -1 -1 0.00 0.00 0.00 100.00 100.00 -1000 1.60 4.09 12.66 -1000 15.63 1.53 314.813
car -1 -1 0.00 0.00 0.00 100.00 100.00 -1000 1.56 4.03 2.05 -1000 28.79 1.58 313.597
car -1 -1 0.00 0.00 0.00 100.00 100.00 -1000 1.69 4.06 13.49 -1000 14.85 1.51 311.712
car -1 -1 0.00 0.00 0.00 100.00 100.00 -1000 1.52 3.75 -8.48 -1000 35.77 1.51 310.755
car -1 -1 0.00 0.00 0.00 100.00 100.00 -1000 1.58 3.67 -13.13 -1000 47.47 -0.01 309.040
car -1 -1 0.00 0.00 0.00 100.00 100.00 -1000 1.79 5.65 4.33 -1000 41.69 -0.12 305.462
car -1 -1 0.00 0.00 0.00 100.00 100.00 -1000 1.63 4.16 -18.61 -1000 46.16 1.61 302.784
car -1 -1 0.00 0.00 0.00 100.00 100.00 -1000 1.69 4.50 7.52 -1000 37.85 1.56 300.327
car -1 -1 0.00 0.00 0.00 100.00 100.00 -1000 1.66 4.32 -14.30 -1000 22.58 1.42 297.450
car -1 -1 0.00 0.00 0.00 100.00 100.00 -1000 1.92 5.60 10.10 -1000 36.60 1.40 297.420
car -1 -1 0.00 0.00 0.00 100.00 100.00 -1000 1.98 5.94 13.24 -1000 28.50 1.38 296.332
car -1 -1 0.00 0.00 0.00 100.00 100.00 -1000 1.66 4.45 -2.80 -1000 36.46 1.53 296.012
car -1 -1 0.00 0.00 0.00 100.00 100.00 -1000 1.66 4.32 -12.15 -1000 42.74 1.64 294.307
car -1 -1 0.00 0.00 0.00 100.00 100.00 -1000 1.57 3.71 -18.94 -1000 35.27 0.21 292.222
car -1 -1 0.00 0.00 0.00 100.00 100.00 -1000 1.54 3.74 -2.24 -1000 42.34 1.46 291.011
car -1 -1 0.00 0.00 0.00 100.00 100.00 -1000 1.57 3.77 1.13 -1000 30.58 0.33 290.885
car -1 -1 0.00 0.00 0.00 100.00 100.00 -1000 1.65 4.21 11.35 -1000 16.54 1.67 288.963
car -1 -1 0.00 0.00 0.00 100.00 100.00 -1000 1.73 4.78 5.71 -1000 44.25 1.40 288.950
car -1 -1 0.00 0.00 0.00 100.00 100.00 -1000 1.64 4.08 12.80 -1000 20.89 1.55 288.490
car -1 -1 0.00 0.00 0.00 100.00 100.00 -1000 1.78 5.09 -0.62 -1000 44.99 1.40 287.119
car -1 -1 0.00 0.00 0.00 100.00 100.00 -1000 1.59 3.74 -13.17 -1000 38.06 1.51 287.011
car -1 -1 0.00 0.00 0.00 100.00 100.00 -1000 1.57 3.82 10.63 -1000 23.77 0.09 284.627
car -1 -1 0.00 0.00 0.00 100.00 100.00 -1000 1.64 4.14 -12.15 -1000 41.86 1.66 284.116
car -1 -1 0.00 0.00 0.00 100.00 100.00 -1000 1.43 3.98 6.14 -1000 45.18 1.44 281.628
car -1 -1 0.00 0.00 0.00 100.00 100.00 -1000 1.89 4.94 6.97 -1000 36.17 1.58 281.248
car -1 -1 0.00 0.00 0.00 100.00 100.00 -1000 1.87 5.24 13.44 -1000 27.39 1.38 280.264
car -1 -1 0.00 0.00 0.00 100.00 100.00 -1000 1.59 4.32 12.60 -1000 14.13 1.60 279.450
car -1 -1 0.00 0.00 0.00 100.00 100.00 -1000 1.74 5.50 -18.24 -1000 23.86 1.66 277.313
car -1 -1 0.00 0.00 0.00 100.00 100.00 -1000 1.75 4.73 -7.99 -1000 38.67 1.58 276.962
car -1 -1 0.00 0.00 0.00 100.00 100.00 -1000 2.04 6.71 0.43 -1000 47.00 1.42 276.648
car -1 -1 0.00 0.00 0.00 100.00 100.00 -1000 1.67 4.18 -9.91 -1000 46.32 1.43 275.770
car -1 -1 0.00 0.00 0.00 100.00 100.00 -1000 1.64 4.04 10.81 -1000 27.84 1.53 275.752
car -1 -1 0.00 0.00 0.00 100.00 100.00 -1000 1.37 2.65 8.62 -1000 8.26 1.43 274.808
car -1 -1 0.00 0.00 0.00 100.00 100.00 -1000 1.78 4.77 -16.93 -1000 36.46 1.44 274.446
car -1 -1 0.00 0.00 0.00 100.00 100.00 -1000 1.91 5.78 14.71 -1000 17.25 1.46 274.044
car -1 -1 0.00 0.00 0.00 100.00 100.00 -1000 1.62 4.01 4.07 -1000 43.84 1.45 273.906
car -1 -1 0.00 0.00 0.00 100.00 100.00 -1000 1.83 5.37 14.99 -1000 24.47 1.39 272.603
car -1 -1 0.00 0.00 0.00 100.00 100.00 -1000 1.69 4.62 -16.79 -1000 32.18 1.43 271.869
car -1 -1 0.00 0.00 0.00 100.00 100.00 -1000 1.78 4.64 12.48 -1000 29.33 1.40 271.351
car -1 -1 0.00 0.00 0.00 100.00 100.00 -1000 1.72 4.27 10.24 -1000 12.04 1.57 271.054
car -1 -1 0.00 0.00 0.00 100.00 100.00 -1000 1.60 3.83 3.06 -1000 31.39 1.58 270.846
car -1 -1 0.00 0.00 0.00 100.00 100.00 -1000 1.93 5.39 -19.18 -1000 30.42 1.63 270.696
car -1 -1 0.00 0.00 0.00 100.00 100.00 -1000 1.34 4.00 -4.60 -1000 28.15 0.47 270.514
car -1 -1 0.00 0.00 0.00 100.00 100.00 -1000 1.57 3.54 9.56 -1000 30.18 -0.19 267.087
car -1 -1 0.00 0.00 0.00 100.00 100.00 -1000 1.60 4.11 3.77 -1000 29.34 1.54 267.023
car -1 -1 0.00 0.00 0.00 100.00 100.00 -1000 1.63 4.13 -8.78 -1000 40.63 1.41 266.069
car -1 -1 0.00 0.00 0.00 100.00 100.00 -1000 1.63 4.23 -14.16 -1000 27.40 1.42 266.009
car -1 -1 0.00 0.00 0.00 100.00 100.00 -1000 1.64 4.13 -11.51 -1000 37.53 1.60 265.996
car -1 -1 0.00 0.00 0.00 100.00 100.00 -1000 1.84 5.21 14.99 -1000 22.86 1.39 263.670
car -1 -1 0.00 0.00 0.00 100.00 100.00 -1000 1.74 4.53 12.76 -1000 18.41 1.59 261.942
car -1 -1 0.00 0.00 0.00 100.00 100.00 -1000 1.76 4.72 13.53 -1000 41.18 1.38 261.217
car -1 -1 0.00 0.00 0.00 100.00 100.00 -1000 1.61 3.74 -13.43 -1000 35.06 1.46 259.765
car -1 -1 0.00 0.00 0.00 100.00 100.00 -1000 1.66 4.99 4.03 -1000 30.82 1.50 256.768
car -1 -1 0.00 0.00 0.00 100.00 100.00 -1000 1.70 4.35 -14.59 -1000 29.06 1.40 255.243
car -1 -1 0.00 0.00 0.00 100.00 100.00 -1000 1.68 4.23 -13.96 -1000 33.88 1.42 255.162
car -1 -1 0.00 0.00 0.00 100.00 100.00 -1000 1.60 3.62 5.06 -1000 14.13 1.58 254.939
car -1 -1 0.00 0.00 0.00 100.00 100.00 -1000 1.52 3.59 8.46 -1000 21.42 1.52 254.340
car -1 -1 0.00 0.00 0.00 100.00 100.00 -1000 1.80 4.85 15.27 -1000 19.27 1.40 251.719
car -1 -1 0.00 0.00 0.00 100.00 100.00 -1000 1.77 4.80 14.91 -1000 20.88 1.38 248.100
car -1 -1 0.00 0.00 0.00 100.00 100.00 -1000 1.54 3.27 -12.37 -1000 18.59 1.50 247.922
car -1 -1 0.00 0.00 0.00 100.00 100.00 -1000 1.70 4.42 -14.50 -1000 18.61 1.43 246.321
car -1 -1 0.00 0.00 0.00 100.00 100.00 -1000 1.52 3.72 -1.64 -1000 28.06 0.28 246.221
car -1 -1 0.00 0.00 0.00 100.00 100.00 -1000 1.76 4.60 -15.63 -1000 28.57 1.39 244.468
car -1 -1 0.00 0.00 0.00 100.00 100.00 -1000 1.59 3.98 -13.24 -1000 32.18 1.44 243.857
car -1 -1 0.00 0.00 0.00 100.00 100.00 -1000 1.74 4.54 -15.49 -1000 24.17 1.38 243.166
car -1 -1 0.00 0.00 0.00 100.00 100.00 -1000 1.64 4.29 -18.61 -1000 29.62 1.62 242.368
car -1 -1 0.00 0.00 0.00 100.00 100.00 -1000 1.61 4.12 -14.44 -1000 41.89 1.39 241.220
car -1 -1 0.00 0.00 0.00 100.00 100.00 -1000 1.70 4.41 -11.72 -1000 30.28 1.63 240.711
car -1 -1 0.00 0.00 0.00 100.00 100.00 -1000 1.63 3.83 -19.95 -1000 43.53 1.56 239.850
car -1 -1 0.00 0.00 0.00 100.00 100.00 -1000 1.79 4.70 9.68 -1000 39.06 1.32 239.149
car -1 -1 0.00 0.00 0.00 100.00 100.00 -1000 1.66 4.13 -15.15 -1000 40.74 1.38 237.317
car -1 -1 0.00 0.00 0.00 100.00 100.00 -1000 1.58 3.99 -13.28 -1000 36.23 1.42 237.253
car -1 -1 0.00 0.00 0.00 100.00 100.00 -1000 1.82 5.01 15.13 -1000 16.09 1.38 237.143
car -1 -1 0.00 0.00 0.00 100.00 100.00 -1000 1.61 4.16 -13.11 -1000 37.10 1.49 236.970
car -1 -1 0.00 0.00 0.00 100.00 100.00 -1000 1.75 4.79 -16.19 -1000 35.78 1.44 236.492
car -1 -1 0.00 0.00 0.00 100.00 100.00 -1000 1.66 4.67 -5.77 -1000 36.13 1.54 236.378
car -1 -1 0.00 0.00 0.00 100.00 100.00 -1000 1.63 3.97 -19.88 -1000 24.62 1.58 235.328
car -1 -1 0.00 0.00 0.00 100.00 100.00 -1000 1.53 5.18 12.54 -1000 33.03 1.40 233.659
