car -1 -1 0.00 0.00 0.00 100.00 100.00 -1000 1.72 4.21 -6.68 -1000 19.67 1.81 999.531
car -1 -1 0.00 0.00 0.00 100.00 100.00 -1000 1.72 4.74 -6.38 -1000 20.70 1.94 998.787
car -1 -1 0.00 0.00 0.00 100.00 100.00 -1000 1.19 5.05 11.84 -1000 16.14 0.72 998.728
car -1 -1 0.00 0.00 0.00 100.00 100.00 -1000 0.42 3.48 -4.69 -1000 19.53 2.06 998.407
car -1 -1 0.00 0.00 0.00 100.00 100.00 -1000 0.64 3.58 -5.18 -1000 19.11 1.25 996.932
car -1 -1 0.00 0.00 0.00 100.00 100.00 -1000 1.72 4.29 -5.98 -1000 18.91 2.88 994.186
car -1 -1 0.00 0.00 0.00 100.00 100.00 -1000 1.72 4.33 8.93 -1000 17.09 1.58 993.660
car -1 -1 0.00 0.00 0.00 100.00 100.00 -1000 1.50 4.43 -11.94 -1000 32.74 -0.04 992.836
car -1 -1 0.00 0.00 0.00 100.00 100.00 -1000 1.47 3.54 -11.74 -1000 28.93 2.04 992.404
car -1 -1 0.00 0.00 0.00 100.00 100.00 -1000 1.60 3.96 5.14 -1000 33.99 1.61 990.668
car -1 -1 0.00 0.00 0.00 100.00 100.00 -1000 1.93 4.90 10.31 -1000 16.42 0.09 990.431
car -1 -1 0.00 0.00 0.00 100.00 100.00 -1000 1.45 3.95 4.55 -1000 39.65 0.23 983.359
car -1 -1 0.00 0.00 0.00 100.00 100.00 -1000 1.55 4.12 4.92 -1000 34.78 1.57 980.346
car -1 -1 0.00 0.00 0.00 100.00 100.00 -1000 1.56 4.08 3.22 -1000 40.03 0.17 979.629
car -1 -1 0.00 0.00 0.00 100.00 100.00 -1000 1.75 4.85 -14.59 -1000 26.55 -0.30 979.447
car -1 -1 0.00 0.00 0.00 100.00 100.00 -1000 1.89 5.20 8.33 -1000 18.03 1.63 978.797
car -1 -1 0.00 0.00 0.00 100.00 100.00 -1000 1.50 4.14 3.89 -1000 44.79 0.24 977.030
car -1 -1 0.00 0.00 0.00 100.00 100.00 -1000 1.51 3.88 5.12 -1000 44.03 0.26 975.574
car -1 -1 0.00 0.00 0.00 100.00 100.00 -1000 1.69 4.63 -18.21 -1000 26.36 -0.09 971.468
car -1 -1 0.00 0.00 0.00 100.00 100.00 -1000 1.63 4.22 1.38 -1000 40.61 0.10 970.307
car -1 -1 0.00 0.00 0.00 100.00 100.00 -1000 1.52 3.43 7.40 -1000 38.60 1.59 970.263
car -1 -1 0.00 0.00 0.00 100.00 100.00 -1000 1.47 3.71 9.30 -1000 28.18 0.07 970.195
car -1 -1 0.00 0.00 0.00 100.00 100.00 -1000 1.69 4.10 -15.66 -1000 27.07 1.55 968.102
car -1 -1 0.00 0.00 0.00 100.00 100.00 -1000 1.31 3.30 -4.57 -1000 34.12 1.69 968.038
car -1 -1 0.00 0.00 0.00 100.00 100.00 -1000 0.77 3.47 -10.82 -1000 28.68 0.75 967.777
car -1 -1 0.00 0.00 0.00 100.00 100.00 -1000 1.74 4.74 8.34 -1000 19.24 1.55 967.394
car -1 -1 0.00 0.00 0.00 100.00 100.00 -1000 1.40 3.26 -11.58 -1000 27.80 2.76 966.742
car -1 -1 0.00 0.00 0.00 100.00 100.00 -1000 1.33 3.96 -4.44 -1000 34.87 1.46 964.589
car -1 -1 0.00 0.00 0.00 100.00 100.00 -1000 2.01 4.52 5.74 -1000 32.69 -0.09 961.717
car -1 -1 0.00 0.00 0.00 100.00 100.00 -1000 1.74 4.34 12.05 -1000 15.39 0.03 960.879
car -1 -1 0.00 0.00 0.00 100.00 100.00 -1000 1.51 3.64 6.34 -1000 29.15 1.57 960.473
car -1 -1 0.00 0.00 0.00 100.00 100.00 -1000 1.49 3.77 9.16 -1000 12.44 -0.06 959.512
car -1 -1 0.00 0.00 0.00 100.00 100.00 -1000 1.79 6.06 -9.81 -1000 32.37 0.38 956.954
car -1 -1 0.00 0.00 0.00 100.00 100.00 -1000 1.62 4.14 10.33 -1000 41.00 -0.24 955.028
car -1 -1 0.00 0.00 0.00 100.00 100.00 -1000 1.81 4.55 -13.07 -1000 26.99 -0.25 942.980
car -1 -1 0.00 0.00 0.00 100.00 100.00 -1000 2.40 5.67 7.46 -1000 22.20 1.22 942.403
car -1 -1 0.00 0.00 0.00 100.00 100.00 -1000 1.53 3.72 2.68 -1000 40.88 1.54 938.193
car -1 -1 0.00 0.00 0.00 100.00 100.00 -1000 1.50 3.93 0.33 -1000 41.06 0.18 933.374
car -1 -1 0.00 0.00 0.00 100.00 100.00 -1000 1.95 6.76 3.66 -1000 32.92 1.55 931.318
car -1 -1 0.00 0.00 0.00 100.00 100.00 -1000 1.93 4.79 -16.70 -1000 26.07 -0.20 929.503
car -1 -1 0.00 0.00 0.00 100.00 100.00 -1000 2.03 7.29 4.16 -1000 35.55 1.59 929.392
car -1 -1 0.00 0.00 0.00 100.00 100.00 -1000 1.60 4.00 8.59 -1000 20.10 1.58 928.006
car -1 -1 0.00 0.00 0.00 100.00 100.00 -1000 1.52 3.58 2.96 -1000 45.76 1.57 924.056
car -1 -1 0.00 0.00 0.00 100.00 100.00 -1000 1.55 3.66 7.70 -1000 28.14 -0.04 923.649
car -1 -1 0.00 0.00 0.00 100.00 100.00 -1000 3.00 6.46 7.82 -1000 37.51 -0.30 921.368
car -1 -1 0.00 0.00 0.00 100.00 100.00 -1000 1.50 3.67 8.59 -1000 22.01 1.53 920.012
car -1 -1 0.00 0.00 0.00 100.00 100.00 -1000 1.67 4.20 9.54 -1000 42.26 1.54 918.330
car -1 -1 0.00 0.00 0.00 100.00 100.00 -1000 1.56 3.75 -12.90 -1000 33.96 1.62 912.905
car -1 -1 0.00 0.00 0.00 100.00 100.00 -1000 1.70 4.40 -11.76 -1000 29.69 1.59 912.167
car -1 -1 0.00 0.00 0.00 100.00 100.00 -1000 1.56 3.95 8.83 -1000 28.87 1.61 909.119
car -1 -1 0.00 0.00 0.00 100.00 100.00 -1000 1.85 5.13 -14.25 -1000 28.20 1.65 909.116
car -1 -1 0.00 0.00 0.00 100.00 100.00 -1000 1.50 3.65 -0.34 -1000 42.11 1.62 907.922
car -1 -1 0.00 0.00 0.00 100.00 100.00 -1000 1.40 4.26 -9.99 -1000 33.06 0.27 904.827
car -1 -1 0.00 0.00 0.00 100.00 100.00 -1000 1.03 3.60 10.66 -1000 12.22 0.37 901.483
car -1 -1 0.00 0.00 0.00 100.00 100.00 -1000 1.70 4.17 -17.55 -1000 27.02 1.64 896.607
car -1 -1 0.00 0.00 0.00 100.00 100.00 -1000 1.52 3.47 -9.30 -1000 47.25 1.54 891.128
car -1 -1 0.00 0.00 0.00 100.00 100.00 -1000 1.58 3.75 9.03 -1000 38.37 1.62 880.778
car -1 -1 0.00 0.00 0.00 100.00 100.00 -1000 1.05 3.86 2.62 -1000 35.95 0.68 880.745
car -1 -1 0.00 0.00 0.00 100.00 100.00 -1000 1.36 3.24 -5.71 -1000 18.01 2.85 879.504
car -1 -1 0.00 0.00 0.00 100.00 100.00 -1000 1.31 3.56 -8.96 -1000 37.83 0.24 875.707
car -1 -1 0.00 0.00 0.00 100.00 100.00 -1000 1.15 4.63 4.79 -1000 35.54 0.81 873.811
car -1 -1 0.00 0.00 0.00 100.00 100.00 -1000 1.54 3.64 8.85 -1000 20.96 1.65 872.442
car -1 -1 0.00 0.00 0.00 100.00 100.00 -1000 1.78 4.82 -1.81 -1000 42.42 1.54 870.529
car -1 -1 0.00 0.00 0.00 100.00 100.00 -1000 1.92 5.54 -17.91 -1000 27.92 1.53 869.398
car -1 -1 0.00 0.00 0.00 100.00 100.00 -1000 1.48 3.61 9.55 -1000 37.65 0.02 867.259
car -1 -1 0.00 0.00 0.00 100.00 100.00 -1000 1.41 3.07 9.20 -1000 13.25 1.55 865.607
car -1 -1 0.00 0.00 0.00 100.00 100.00 -1000 1.69 4.18 -13.64 -1000 32.51 -0.25 863.750
car -1 -1 0.00 0.00 0.00 100.00 100.00 -1000 1.28 3.73 -9.04 -1000 36.72 0.27 860.681
car -1 -1 0.00 0.00 0.00 100.00 100.00 -1000 0.85 4.09 4.58 -1000 32.86 1.12 846.516
car -1 -1 0.00 0.00 0.00 100.00 100.00 -1000 1.57 4.06 1.14 -1000 41.60 1.55 843.315
car -1 -1 0.00 0.00 0.00 100.00 100.00 -1000 2.07 4.85 8.44 -1000 24.39 1.31 842.163
car -1 -1 0.00 0.00 0.00 100.00 100.00 -1000 1.62 4.39 5.86 -1000 39.02 0.18 842.014
car -1 -1 0.00 0.00 0.00 100.00 100.00 -1000 1.74 5.00 -6.43 -1000 21.70 1.54 835.845
car -1 -1 0.00 0.00 0.00 100.00 100.00 -1000 1.72 5.07 -8.20 -1000 18.40 0.07 835.765
car -1 -1 0.00 0.00 0.00 100.00 100.00 -1000 1.85 4.01 7.83 -1000 37.36 -0.16 832.711
car -1 -1 0.00 0.00 0.00 100.00 100.00 -1000 1.97 4.49 -17.95 -1000 31.76 -0.19 832.028
car -1 -1 0.00 0.00 0.00 100.00 100.00 -1000 1.31 3.78 -3.80 -1000 38.33 0.41 826.781
car -1 -1 0.00 0.00 0.00 100.00 100.00 -1000 1.54 3.73 8.80 -1000 26.50 1.54 826.098
car -1 -1 0.00 0.00 0.00 100.00 100.00 -1000 1.49 3.43 9.12 -1000 33.15 1.47 823.684
car -1 -1 0.00 0.00 0.00 100.00 100.00 -1000 2.16 6.45 -16.14 -1000 28.44 1.41 823.244
car -1 -1 0.00 0.00 0.00 100.00 100.00 -1000 1.68 4.55 5.88 -1000 41.80 1.60 820.935
car -1 -1 0.00 0.00 0.00 100.00 100.00 -1000 1.61 3.97 -9.96 -1000 46.26 -0.16 808.373
car -1 -1 0.00 0.00 0.00 100.00 100.00 -1000 1.37 3.69 -4.88 -1000 33.12 0.07 804.162
car -1 -1 0.00 0.00 0.00 100.00 100.00 -1000 1.70 4.64 -13.21 -1000 29.33 1.58 800.641
car -1 -1 0.00 0.00 0.00 100.00 100.00 -1000 1.98 5.61 11.36 -1000 17.09 1.50 788.420
car -1 -1 0.00 0.00 0.00 100.00 100.00 -1000 1.83 5.26 -14.96 -1000 29.59 1.55 784.708
car -1 -1 0.00 0.00 0.00 100.00 100.00 -1000 2.26 6.86 8.56 -1000 23.57 1.29 782.325
car -1 -1 0.00 0.00 0.00 100.00 100.00 -1000 1.91 4.14 6.19 -1000 28.13 -0.06 781.113
car -1 -1 0.00 0.00 0.00 100.00 100.00 -1000 1.56 3.82 -10.74 -1000 33.87 1.64 774.241
car -1 -1 0.00 0.00 0.00 100.00 100.00 -1000 1.99 6.25 2.16 -1000 35.96 1.58 773.149
car -1 -1 0.00 0.00 0.00 100.00 100.00 -1000 1.56 3.92 2.10 -1000 46.27 1.64 772.388
car -1 -1 0.00 0.00 0.00 100.00 100.00 -1000 1.45 3.60 -2.15 -1000 43.41 1.58 761.986
car -1 -1 0.00 0.00 0.00 100.00 100.00 -1000 1.75 4.40 8.02 -1000 39.40 1.52 756.849
car -1 -1 0.00 0.00 0.00 100.00 100.00 -1000 1.71 4.32 -15.73 -1000 33.39 -0.05 752.874
car -1 -1 0.00 0.00 0.00 100.00 100.00 -1000 1.59 3.65 -9.89 -1000 36.07 1.80 751.007
car -1 -1 0.00 0.00 0.00 100.00 100.00 -1000 1.87 4.82 5.86 -1000 18.57 -0.15 748.270
car -1 -1 0.00 0.00 0.00 100.00 100.00 -1000 1.19 3.63 9.64 -1000 22.78 0.19 745.661
car -1 -1 0.00 0.00 0.00 100.00 100.00 -1000 1.54 3.63 6.27 -1000 44.34 1.61 745.124
car -1 -1 0.00 0.00 0.00 100.00 100.00 -1000 1.51 3.64 9.59 -1000 33.84 1.63 739.659
car -1 -1 0.00 0.00 0.00 100.00 100.00 -1000 1.84 4.72 8.44 -1000 41.56 1.46 739.034
car -1 -1 0.00 0.00 0.00 100.00 100.00 -1000 1.60 4.18 -14.13 -1000 33.21 0.03 734.435
car -1 -1 0.00 0.00 0.00 100.00 100.00 -1000 1.40 3.16 -0.22 -1000 37.28 1.58 732.667
car -1 -1 0.00 0.00 0.00 100.00 100.00 -1000 1.42 3.18 -9.90 -1000 45.09 1.63 727.740
car -1 -1 0.00 0.00 0.00 100.00 100.00 -1000 1.74 4.75 -6.78 -1000 38.90 1.74 725.372
car -1 -1 0.00 0.00 0.00 100.00 100.00 -1000 1.53 3.70 3.57 -1000 33.98 1.60 724.923
car -1 -1 0.00 0.00 0.00 100.00 100.00 -1000 1.98 5.22 -14.50 -1000 31.82 -0.19 721.897
car -1 -1 0.00 0.00 0.00 100.00 100.00 -1000 1.86 4.38 2.22 -1000 45.13 0.15 719.461
car -1 -1 0.00 0.00 0.00 100.00 100.00 -1000 1.46 3.72 10.07 -1000 40.19 -0.16 714.018
car -1 -1 0.00 0.00 0.00 100.00 100.00 -1000 1.65 4.21 -14.35 -1000 34.45 1.56 710.438
car -1 -1 0.00 0.00 0.00 100.00 100.00 -1000 1.64 4.35 4.63 -1000 40.48 1.64 710.275
car -1 -1 0.00 0.00 0.00 100.00 100.00 -1000 1.66 4.07 -1.34 -1000 36.55 0.09 710.110
car -1 -1 0.00 0.00 0.00 100.00 100.00 -1000 1.63 4.27 10.71 -1000 41.85 1.71 702.264
car -1 -1 0.00 0.00 0.00 100.00 100.00 -1000 1.58 3.57 -18.28 -1000 33.36 1.52 699.665
car -1 -1 0.00 0.00 0.00 100.00 100.00 -1000 1.54 3.68 9.07 -1000 23.40 1.57 699.038
car -1 -1 0.00 0.00 0.00 100.00 100.00 -1000 1.62 3.64 0.11 -1000 36.20 0.17 698.331
car -1 -1 0.00 0.00 0.00 100.00 100.00 -1000 1.55 3.81 9.14 -1000 32.35 1.50 689.363
car -1 -1 0.00 0.00 0.00 100.00 100.00 -1000 1.68 4.69 -11.05 -1000 30.45 1.62 673.027
car -1 -1 0.00 0.00 0.00 100.00 100.00 -1000 1.63 4.60 8.22 -1000 29.56 1.51 671.845
car -1 -1 0.00 0.00 0.00 100.00 100.00 -1000 1.41 3.38 3.23 -1000 36.85 1.55 667.911
car -1 -1 0.00 0.00 0.00 100.00 100.00 -1000 1.37 3.57 -9.20 -1000 38.95 0.04 665.454
car -1 -1 0.00 0.00 0.00 100.00 100.00 -1000 1.56 3.93 9.15 -1000 25.76 1.56 652.471
car -1 -1 0.00 0.00 0.00 100.00 100.00 -1000 1.21 3.66 -4.89 -1000 44.62 0.30 650.490
car -1 -1 0.00 0.00 0.00 100.00 100.00 -1000 1.78 4.75 5.43 -1000 43.11 -0.05 643.179
car -1 -1 0.00 0.00 0.00 100.00 100.00 -1000 1.50 3.49 -2.16 -1000 38.18 1.58 637.150
car -1 -1 0.00 0.00 0.00 100.00 100.00 -1000 2.82 7.29 -17.60 -1000 25.41 -0.23 628.494
car -1 -1 0.00 0.00 0.00 100.00 100.00 -1000 1.55 3.71 -6.73 -1000 33.90 1.61 618.686
car -1 -1 0.00 0.00 0.00 100.00 100.00 -1000 1.71 4.31 13.44 -1000 16.34 1.51 616.177
car -1 -1 0.00 0.00 0.00 100.00 100.00 -1000 1.91 7.43 -7.60 -1000 15.93 1.64 614.607
car -1 -1 0.00 0.00 0.00 100.00 100.00 -1000 1.50 3.41 1.71 -1000 37.22 1.54 613.186
car -1 -1 0.00 0.00 0.00 100.00 100.00 -1000 1.58 3.95 1.27 -1000 45.64 0.33 608.962
car -1 -1 0.00 0.00 0.00 100.00 100.00 -1000 1.42 3.52 -2.94 -1000 44.16 1.57 607.573
car -1 -1 0.00 0.00 0.00 100.00 100.00 -1000 2.49 9.00 11.25 -1000 19.57 1.48 601.314
car -1 -1 0.00 0.00 0.00 100.00 100.00 -1000 1.54 3.70 -9.89 -1000 13.36 1.53 598.632
car -1 -1 0.00 0.00 0.00 100.00 100.00 -1000 1.78 4.56 6.74 -1000 37.89 0.03 598.509
car -1 -1 0.00 0.00 0.00 100.00 100.00 -1000 1.56 3.71 7.95 -1000 33.62 1.58 594.904
car -1 -1 0.00 0.00 0.00 100.00 100.00 -1000 1.70 3.87 -10.32 -1000 43.84 -0.02 592.368
car -1 -1 0.00 0.00 0.00 100.00 100.00 -1000 1.51 3.91 -4.70 -1000 17.32 1.61 585.014
car -1 -1 0.00 0.00 0.00 100.00 100.00 -1000 2.23 7.10 9.89 -1000 18.84 1.53 582.374
car -1 -1 0.00 0.00 0.00 100.00 100.00 -1000 1.48 3.51 -6.22 -1000 40.55 1.58 581.396
car -1 -1 0.00 0.00 0.00 100.00 100.00 -1000 1.86 5.01 -7.66 -1000 43.03 1.86 578.267
car -1 -1 0.00 0.00 0.00 100.00 100.00 -1000 1.90 5.28 -9.37 -1000 41.83 1.83 577.621
car -1 -1 0.00 0.00 0.00 100.00 100.00 -1000 1.55 3.62 -3.60 -1000 39.31 1.50 576.753
car -1 -1 0.00 0.00 0.00 100.00 100.00 -1000 3.23 9.21 -10.68 -1000 31.78 -0.21 571.572
car -1 -1 0.00 0.00 0.00 100.00 100.00 -1000 1.56 4.23 8.80 -1000 27.49 1.49 567.511
car -1 -1 0.00 0.00 0.00 100.00 100.00 -1000 1.45 3.39 -1.12 -1000 37.65 1.55 565.784
car -1 -1 0.00 0.00 0.00 100.00 100.00 -1000 1.52 3.90 -3.74 -1000 44.97 1.53 563.350
car -1 -1 0.00 0.00 0.00 100.00 100.00 -1000 1.84 4.85 6.65 -1000 41.10 1.63 562.177
car -1 -1 0.00 0.00 0.00 100.00 100.00 -1000 1.82 5.21 6.58 -1000 35.37 1.63 558.253
car -1 -1 0.00 0.00 0.00 100.00 100.00 -1000 1.44 3.08 5.44 -1000 33.30 1.67 557.762
car -1 -1 0.00 0.00 0.00 100.00 100.00 -1000 1.19 3.78 -9.41 -1000 40.15 0.28 554.874
car -1 -1 0.00 0.00 0.00 100.00 100.00 -1000 1.68 4.37 -11.31 -1000 34.53 1.43 553.641
car -1 -1 0.00 0.00 0.00 100.00 100.00 -1000 1.69 4.49 9.05 -1000 34.58 1.48 553.540
car -1 -1 0.00 0.00 0.00 100.00 100.00 -1000 1.50 4.93 -7.30 -1000 35.05 1.61 549.805
car -1 -1 0.00 0.00 0.00 100.00 100.00 -1000 1.55 3.73 3.65 -1000 31.27 1.57 545.789
car -1 -1 0.00 0.00 0.00 100.00 100.00 -1000 1.62 3.97 -4.62 -1000 32.25 1.59 543.258
car -1 -1 0.00 0.00 0.00 100.00 100.00 -1000 1.66 4.37 -7.29 -1000 36.84 1.61 540.208
car -1 -1 0.00 0.00 0.00 100.00 100.00 -1000 1.61 4.02 -7.18 -1000 43.88 1.58 535.116
car -1 -1 0.00 0.00 0.00 100.00 100.00 -1000 1.81 5.17 4.25 -1000 36.23 1.57 532.216
car -1 -1 0.00 0.00 0.00 100.00 100.00 -1000 1.57 3.24 7.85 -1000 36.37 1.50 523.107
car -1 -1 0.00 0.00 0.00 100.00 100.00 -1000 1.66 4.27 -0.89 -1000 41.46 1.46 520.444
car -1 -1 0.00 0.00 0.00 100.00 100.00 -1000 1.39 2.89 -10.32 -1000 46.92 1.43 513.731
car -1 -1 0.00 0.00 0.00 100.00 100.00 -1000 1.94 5.60 6.33 -1000 40.20 1.57 511.602
car -1 -1 0.00 0.00 0.00 100.00 100.00 -1000 1.30 3.06 10.28 -1000 13.58 1.60 511.406
car -1 -1 0.00 0.00 0.00 100.00 100.00 -1000 1.68 4.14 -12.54 -1000 32.05 1.59 509.874
car -1 -1 0.00 0.00 0.00 100.00 100.00 -1000 1.52 3.57 -2.58 -1000 37.22 0.33 509.773
car -1 -1 0.00 0.00 0.00 100.00 100.00 -1000 1.63 4.37 10.61 -1000 37.12 1.66 499.496
car -1 -1 0.00 0.00 0.00 100.00 100.00 -1000 1.66 4.18 -3.83 -1000 33.60 -0.01 499.207
car -1 -1 0.00 0.00 0.00 100.00 100.00 -1000 2.07 5.98 -8.18 -1000 17.11 1.76 499.185
car -1 -1 0.00 0.00 0.00 100.00 100.00 -1000 1.76 4.35 -8.21 -1000 38.48 1.69 496.342
car -1 -1 0.00 0.00 0.00 100.00 100.00 -1000 1.75 4.71 8.81 -1000 31.47 1.52 496.130
car -1 -1 0.00 0.00 0.00 100.00 100.00 -1000 1.70 4.45 5.28 -1000 29.65 1.56 494.275
car -1 -1 0.00 0.00 0.00 100.00 100.00 -1000 1.71 4.91 4.61 -1000 45.72 1.47 493.537
car -1 -1 0.00 0.00 0.00 100.00 100.00 -1000 2.58 9.26 12.82 -1000 18.80 1.38 490.485
car -1 -1 0.00 0.00 0.00 100.00 100.00 -1000 1.54 3.56 -18.15 -1000 32.49 1.71 490.008
car -1 -1 0.00 0.00 0.00 100.00 100.00 -1000 1.45 3.32 0.19 -1000 33.97 1.60 484.679
car -1 -1 0.00 0.00 0.00 100.00 100.00 -1000 1.56 3.92 10.55 -1000 21.94 -0.10 481.150
car -1 -1 0.00 0.00 0.00 100.00 100.00 -1000 1.46 3.55 -4.99 -1000 35.64 1.59 480.198
car -1 -1 0.00 0.00 0.00 100.00 100.00 -1000 1.74 4.61 7.58 -1000 44.64 1.51 476.885
car -1 -1 0.00 0.00 0.00 100.00 100.00 -1000 1.58 3.95 -3.00 -1000 42.80 0.19 473.387
car -1 -1 0.00 0.00 0.00 100.00 100.00 -1000 1.73 4.62 -8.01 -1000 34.32 1.70 471.049
car -1 -1 0.00 0.00 0.00 100.00 100.00 -1000 1.38 3.02 11.15 -1000 13.15 1.58 469.773
car -1 -1 0.00 0.00 0.00 100.00 100.00 -1000 1.41 3.34 11.70 -1000 25.66 1.55 466.466
car -1 -1 0.00 0.00 0.00 100.00 100.00 -1000 1.45 3.21 5.07 -1000 19.31 1.58 464.020
car -1 -1 0.00 0.00 0.00 100.00 100.00 -1000 1.76 4.45 5.18 -1000 28.70 1.53 463.850
car -1 -1 0.00 0.00 0.00 100.00 100.00 -1000 1.48 3.61 -1.44 -1000 34.34 1.60 457.186
car -1 -1 0.00 0.00 0.00 100.00 100.00 -1000 2.35 8.54 -13.36 -1000 36.54 1.42 456.746
car -1 -1 0.00 0.00 0.00 100.00 100.00 -1000 1.71 4.72 -9.47 -1000 18.82 1.55 456.452
car -1 -1 0.00 0.00 0.00 100.00 100.00 -1000 1.57 3.71 7.67 -1000 27.00 1.57 453.989
car -1 -1 0.00 0.00 0.00 100.00 100.00 -1000 2.49 8.64 11.48 -1000 17.95 1.39 443.235
car -1 -1 0.00 0.00 0.00 100.00 100.00 -1000 1.70 4.52 -10.12 -1000 35.02 1.57 442.871
car -1 -1 0.00 0.00 0.00 100.00 100.00 -1000 1.65 4.31 1.36 -1000 46.86 1.51 441.210
car -1 -1 0.00 0.00 0.00 100.00 100.00 -1000 1.66 3.93 -15.14 -1000 32.72 1.47 440.467
car -1 -1 0.00 0.00 0.00 100.00 100.00 -1000 1.72 4.52 9.89 -1000 36.25 1.63 438.934
car -1 -1 0.00 0.00 0.00 100.00 100.00 -1000 2.03 6.96 9.10 -1000 42.87 1.56 436.873
car -1 -1 0.00 0.00 0.00 100.00 100.00 -1000 1.78 4.90 -0.50 -1000 42.96 1.45 435.096
car -1 -1 0.00 0.00 0.00 100.00 100.00 -1000 1.46 3.69 -2.93 -1000 34.52 1.62 434.733
car -1 -1 0.00 0.00 0.00 100.00 100.00 -1000 1.77 4.50 -7.58 -1000 33.38 1.63 433.129
car -1 -1 0.00 0.00 0.00 100.00 100.00 -1000 1.65 3.74 9.91 -1000 24.76 -0.18 431.589
car -1 -1 0.00 0.00 0.00 100.00 100.00 -1000 1.58 4.08 -8.26 -1000 40.67 1.59 428.291
car -1 -1 0.00 0.00 0.00 100.00 100.00 -1000 1.62 3.44 -17.63 -1000 30.95 1.54 426.779
car -1 -1 0.00 0.00 0.00 100.00 100.00 -1000 1.53 3.80 -9.14 -1000 43.36 0.14 424.656
car -1 -1 0.00 0.00 0.00 100.00 100.00 -1000 1.68 4.91 8.85 -1000 16.03 1.29 419.300
car -1 -1 0.00 0.00 0.00 100.00 100.00 -1000 1.66 4.19 -4.96 -1000 45.74 1.51 418.175
car -1 -1 0.00 0.00 0.00 100.00 100.00 -1000 1.56 4.32 -10.02 -1000 18.06 0.11 417.903
car -1 -1 0.00 0.00 0.00 100.00 100.00 -1000 1.55 4.01 -17.34 -1000 30.05 1.49 417.712
car -1 -1 0.00 0.00 0.00 100.00 100.00 -1000 1.52 3.75 -1.18 -1000 31.09 1.58 417.174
car -1 -1 0.00 0.00 0.00 100.00 100.00 -1000 1.56 3.85 -16.11 -1000 34.54 1.48 415.753
car -1 -1 0.00 0.00 0.00 100.00 100.00 -1000 1.64 3.76 9.98 -1000 11.58 1.36 403.149
car -1 -1 0.00 0.00 0.00 100.00 100.00 -1000 1.82 5.20 4.42 -1000 30.56 1.60 400.389
car -1 -1 0.00 0.00 0.00 100.00 100.00 -1000 1.71 3.51 5.89 -1000 31.84 1.47 399.840
car -1 -1 0.00 0.00 0.00 100.00 100.00 -1000 1.85 5.32 9.02 -1000 35.38 1.50 398.905
car -1 -1 0.00 0.00 0.00 100.00 100.00 -1000 1.59 3.96 -4.33 -1000 44.01 0.23 395.369
car -1 -1 0.00 0.00 0.00 100.00 100.00 -1000 1.51 3.69 -1.68 -1000 33.27 0.20 391.832
car -1 -1 0.00 0.00 0.00 100.00 100.00 -1000 2.24 7.45 13.21 -1000 20.41 1.39 390.675
car -1 -1 0.00 0.00 0.00 100.00 100.00 -1000 1.77 4.84 10.19 -1000 38.97 1.67 390.044
car -1 -1 0.00 0.00 0.00 100.00 100.00 -1000 1.78 4.27 5.20 -1000 38.28 1.47 389.198
car -1 -1 0.00 0.00 0.00 100.00 100.00 -1000 1.59 3.66 1.63 -1000 32.97 0.24 389.190
car -1 -1 0.00 0.00 0.00 100.00 100.00 -1000 2.05 6.39 -14.94 -1000 30.52 1.52 384.100
car -1 -1 0.00 0.00 0.00 100.00 100.00 -1000 1.51 4.15 -8.77 -1000 42.54 0.10 383.450
car -1 -1 0.00 0.00 0.00 100.00 100.00 -1000 1.53 3.87 2.23 -1000 33.74 1.59 382.965
car -1 -1 0.00 0.00 0.00 100.00 100.00 -1000 2.31 8.12 14.65 -1000 17.98 1.36 382.820
car -1 -1 0.00 0.00 0.00 100.00 100.00 -1000 1.73 4.47 -10.14 -1000 29.42 1.59 381.548
car -1 -1 0.00 0.00 0.00 100.00 100.00 -1000 1.47 3.90 -6.00 -1000 36.15 1.58 376.142
car -1 -1 0.00 0.00 0.00 100.00 100.00 -1000 1.52 2.45 9.34 -1000 14.57 1.61 371.092
car -1 -1 0.00 0.00 0.00 100.00 100.00 -1000 1.62 4.39 11.38 -1000 42.71 1.56 369.611
car -1 -1 0.00 0.00 0.00 100.00 100.00 -1000 1.53 3.72 13.05 -1000 35.46 1.60 367.778
car -1 -1 0.00 0.00 0.00 100.00 100.00 -1000 1.63 3.99 19.38 -1000 42.25 1.40 367.196
car -1 -1 0.00 0.00 0.00 100.00 100.00 -1000 2.20 7.67 -8.32 -1000 21.99 1.42 366.353
car -1 -1 0.00 0.00 0.00 100.00 100.00 -1000 1.62 4.07 -6.06 -1000 44.30 1.55 363.149
car -1 -1 0.00 0.00 0.00 100.00 100.00 -1000 1.59 4.12 2.23 -1000 31.09 1.57 359.458
car -1 -1 0.00 0.00 0.00 100.00 100.00 -1000 1.46 3.52 11.47 -1000 22.54 1.61 353.804
car -1 -1 0.00 0.00 0.00 100.00 100.00 -1000 1.70 4.60 10.94 -1000 34.33 1.64 351.228
car -1 -1 0.00 0.00 0.00 100.00 100.00 -1000 1.65 4.19 -3.68 -1000 31.69 1.63 348.479
car -1 -1 0.00 0.00 0.00 100.00 100.00 -1000 1.61 4.07 10.68 -1000 27.81 1.58 345.916
car -1 -1 0.00 0.00 0.00 100.00 100.00 -1000 1.68 4.12 -8.79 -1000 44.66 1.61 345.477
car -1 -1 0.00 0.00 0.00 100.00 100.00 -1000 1.62 4.19 -4.85 -1000 38.86 1.53 344.140
car -1 -1 0.00 0.00 0.00 100.00 100.00 -1000 1.63 4.51 5.82 -1000 45.26 1.56 344.007
car -1 -1 0.00 0.00 0.00 100.00 100.00 -1000 1.70 4.58 11.01 -1000 23.21 1.61 343.834
car -1 -1 0.00 0.00 0.00 100.00 100.00 -1000 1.71 4.47 -18.85 -1000 25.65 1.43 341.362
car -1 -1 0.00 0.00 0.00 100.00 100.00 -1000 1.56 3.47 4.42 -1000 38.87 1.36 335.972
car -1 -1 0.00 0.00 0.00 100.00 100.00 -1000 1.98 5.49 5.96 -1000 31.28 1.56 334.492
car -1 -1 0.00 0.00 0.00 100.00 100.00 -1000 1.55 3.86 5.20 -1000 37.28 1.65 333.568
car -1 -1 0.00 0.00 0.00 100.00 100.00 -1000 1.74 4.65 10.52 -1000 28.60 1.70 333.494
car -1 -1 0.00 0.00 0.00 100.00 100.00 -1000 1.80 4.13 12.46 -1000 14.52 1.64 327.062
car -1 -1 0.00 0.00 0.00 100.00 100.00 -1000 2.05 6.99 -9.11 -1000 20.34 1.44 324.155
car -1 -1 0.00 0.00 0.00 100.00 100.00 -1000 0.89 3.18 -1.47 -1000 42.61 0.34 323.254
car -1 -1 0.00 0.00 0.00 100.00 100.00 -1000 1.78 4.01 -10.29 -1000 31.33 1.57 322.688
car -1 -1 0.00 0.00 0.00 100.00 100.00 -1000 1.65 4.23 6.93 -1000 34.26 1.65 321.917
car -1 -1 0.00 0.00 0.00 100.00 100.00 -1000 1.90 6.08 1.04 -1000 44.21 1.47 321.168
car -1 -1 0.00 0.00 0.00 100.00 100.00 -1000 1.66 4.60 11.11 -1000 35.51 1.62 320.999
car -1 -1 0.00 0.00 0.00 100.00 100.00 -1000 1.78 4.51 14.06 -1000 15.31 1.46 320.641
car -1 -1 0.00 0.00 0.00 100.00 100.00 -1000 1.57 3.62 -10.76 -1000 45.57 0.19 320.622
car -1 -1 0.00 0.00 0.00 100.00 100.00 -1000 1.50 3.09 7.43 -1000 21.49 1.52 315.935
car -1 -1 0.00 0.00 0.00 100.00 100.00 -1000 1.72 3.42 -14.01 -1000 25.07 1.46 313.913
car -1 -1 0.00 0.00 0.00 100.00 100.00 -1000 1.62 3.78 1.92 -1000 39.73 1.32 313.131
car -1 -1 0.00 0.00 0.00 100.00 100.00 -1000 1.93 5.60 15.26 -1000 14.49 1.38 313.054
car -1 -1 0.00 0.00 0.00 100.00 100.00 -1000 1.58 3.87 -5.12 -1000 39.85 1.54 312.938
car -1 -1 0.00 0.00 0.00 100.00 100.00 -1000 1.63 4.03 -0.09 -1000 32.95 0.29 312.662
car -1 -1 0.00 0.00 0.00 100.00 100.00 -1000 1.35 2.91 -19.01 -1000 24.23 1.53 308.286
car -1 -1 0.00 0.00 0.00 100.00 100.00 -1000 1.71 4.69 10.65 -1000 31.05 1.66 308.064
car -1 -1 0.00 0.00 0.00 100.00 100.00 -1000 2.19 7.02 -13.51 -1000 35.30 1.34 307.681
car -1 -1 0.00 0.00 0.00 100.00 100.00 -1000 1.50 2.92 10.57 -1000 10.92 1.50 306.265
car -1 -1 0.00 0.00 0.00 100.00 100.00 -1000 1.74 4.94 12.69 -1000 43.32 1.47 305.647
car -1 -1 0.00 0.00 0.00 100.00 100.00 -1000 1.79 5.06 7.33 -1000 43.51 1.52 303.268
car -1 -1 0.00 0.00 0.00 100.00 100.00 -1000 1.69 5.27 3.67 -1000 41.61 1.45 302.040
car -1 -1 0.00 0.00 0.00 100.00 100.00 -1000 1.71 4.59 -10.26 -1000 12.54 1.46 301.991
car -1 -1 0.00 0.00 0.00 100.00 100.00 -1000 1.74 5.14 -5.18 -1000 22.22 1.55 300.343
car -1 -1 0.00 0.00 0.00 100.00 100.00 -1000 1.75 4.62 -16.60 -1000 31.39 1.54 299.376
car -1 -1 0.00 0.00 0.00 100.00 100.00 -1000 1.71 4.17 12.24 -1000 41.07 1.63 294.902
car -1 -1 0.00 0.00 0.00 100.00 100.00 -1000 1.40 3.34 2.58 -1000 30.14 0.24 288.694
car -1 -1 0.00 0.00 0.00 100.00 100.00 -1000 1.50 3.03 -12.41 -1000 25.51 1.40 288.276
car -1 -1 0.00 0.00 0.00 100.00 100.00 -1000 1.85 5.98 1.66 -1000 43.34 1.46 287.718
car -1 -1 0.00 0.00 0.00 100.00 100.00 -1000 1.54 3.83 -1.70 -1000 30.13 0.23 286.829
