car -1 -1 0.00 0.00 0.00 100.00 100.00 -1000 1.86 4.91 -0.28 -1000 25.48 1.51 999.939
car -1 -1 0.00 0.00 0.00 100.00 100.00 -1000 1.72 4.36 6.89 -1000 33.97 1.57 999.479
car -1 -1 0.00 0.00 0.00 100.00 100.00 -1000 1.74 4.72 3.66 -1000 43.56 -0.02 989.201
car -1 -1 0.00 0.00 0.00 100.00 100.00 -1000 1.64 3.96 6.58 -1000 39.40 1.53 989.105
car -1 -1 0.00 0.00 0.00 100.00 100.00 -1000 2.65 9.87 -0.68 -1000 27.56 1.66 988.204
car -1 -1 0.00 0.00 0.00 100.00 100.00 -1000 2.13 6.66 -0.33 -1000 26.39 1.65 988.168
car -1 -1 0.00 0.00 0.00 100.00 100.00 -1000 1.63 4.05 7.95 -1000 21.07 0.07 987.610
car -1 -1 0.00 0.00 0.00 100.00 100.00 -1000 1.59 3.70 8.48 -1000 32.95 1.63 979.552
car -1 -1 0.00 0.00 0.00 100.00 100.00 -1000 1.57 3.83 3.29 -1000 44.42 1.59 976.882
car -1 -1 0.00 0.00 0.00 100.00 100.00 -1000 1.63 4.06 5.15 -1000 41.66 1.56 976.810
car -1 -1 0.00 0.00 0.00 100.00 100.00 -1000 1.62 4.19 7.40 -1000 10.81 -0.12 974.785
car -1 -1 0.00 0.00 0.00 100.00 100.00 -1000 1.71 4.56 -5.74 -1000 41.56 0.01 970.162
car -1 -1 0.00 0.00 0.00 100.00 100.00 -1000 1.55 4.73 1.14 -1000 25.12 -0.25 969.235
car -1 -1 0.00 0.00 0.00 100.00 100.00 -1000 1.54 3.83 7.38 -1000 28.05 -0.10 968.134
car -1 -1 0.00 0.00 0.00 100.00 100.00 -1000 1.73 4.85 2.74 -1000 30.67 0.04 945.442
car -1 -1 0.00 0.00 0.00 100.00 100.00 -1000 1.53 3.77 3.02 -1000 33.83 0.10 942.037
car -1 -1 0.00 0.00 0.00 100.00 100.00 -1000 1.53 3.84 3.19 -1000 38.25 -0.00 941.579
car -1 -1 0.00 0.00 0.00 100.00 100.00 -1000 2.54 9.32 1.51 -1000 26.97 1.66 935.931
car -1 -1 0.00 0.00 0.00 100.00 100.00 -1000 1.55 3.60 7.99 -1000 11.62 1.67 933.383
car -1 -1 0.00 0.00 0.00 100.00 100.00 -1000 1.67 4.12 6.37 -1000 38.33 -0.25 933.267
car -1 -1 0.00 0.00 0.00 100.00 100.00 -1000 1.58 3.78 -15.83 -1000 37.50 1.62 933.215
car -1 -1 0.00 0.00 0.00 100.00 100.00 -1000 1.62 3.75 -4.40 -1000 47.44 -0.00 922.648
car -1 -1 0.00 0.00 0.00 100.00 100.00 -1000 2.25 7.30 2.39 -1000 28.47 1.61 919.353
car -1 -1 0.00 0.00 0.00 100.00 100.00 -1000 2.03 5.75 5.68 -1000 42.94 1.62 916.810
car -1 -1 0.00 0.00 0.00 100.00 100.00 -1000 1.62 4.13 -4.19 -1000 41.37 -0.07 912.445
car -1 -1 0.00 0.00 0.00 100.00 100.00 -1000 1.48 3.41 -3.61 -1000 42.17 1.61 903.824
car -1 -1 0.00 0.00 0.00 100.00 100.00 -1000 1.54 3.53 -5.38 -1000 42.49 1.62 902.008
car -1 -1 0.00 0.00 0.00 100.00 100.00 -1000 1.50 3.70 2.93 -1000 34.78 1.62 901.017
car -1 -1 0.00 0.00 0.00 100.00 100.00 -1000 1.84 5.02 7.83 -1000 40.11 1.58 900.226
car -1 -1 0.00 0.00 0.00 100.00 100.00 -1000 1.72 4.74 4.09 -1000 27.68 -0.16 891.583
car -1 -1 0.00 0.00 0.00 100.00 100.00 -1000 1.57 3.65 7.97 -1000 22.11 1.66 888.995
car -1 -1 0.00 0.00 0.00 100.00 100.00 -1000 1.62 4.43 -1.75 -1000 25.04 0.21 885.856
car -1 -1 0.00 0.00 0.00 100.00 100.00 -1000 1.51 3.70 18.93 -1000 38.97 0.19 871.580
car -1 -1 0.00 0.00 0.00 100.00 100.00 -1000 2.13 4.81 7.10 -1000 33.03 -0.16 870.839
car -1 -1 0.00 0.00 0.00 100.00 100.00 -1000 1.56 3.75 -6.98 -1000 42.57 1.59 852.229
car -1 -1 0.00 0.00 0.00 100.00 100.00 -1000 1.47 3.24 2.43 -1000 39.16 1.61 849.589
car -1 -1 0.00 0.00 0.00 100.00 100.00 -1000 2.47 9.69 -2.57 -1000 28.29 1.62 847.646
car -1 -1 0.00 0.00 0.00 100.00 100.00 -1000 1.91 5.39 6.56 -1000 41.09 1.68 842.578
car -1 -1 0.00 0.00 0.00 100.00 100.00 -1000 1.46 3.25 18.74 -1000 47.77 1.47 840.014
car -1 -1 0.00 0.00 0.00 100.00 100.00 -1000 1.56 3.69 18.96 -1000 46.92 -0.05 817.455
car -1 -1 0.00 0.00 0.00 100.00 100.00 -1000 1.97 5.70 2.95 -1000 26.44 1.52 812.423
car -1 -1 0.00 0.00 0.00 100.00 100.00 -1000 1.51 3.85 5.65 -1000 27.94 -0.09 811.130
car -1 -1 0.00 0.00 0.00 100.00 100.00 -1000 1.56 3.77 16.83 -1000 43.48 0.17 799.206
car -1 -1 0.00 0.00 0.00 100.00 100.00 -1000 1.56 3.39 8.47 -1000 32.14 1.60 797.586
car -1 -1 0.00 0.00 0.00 100.00 100.00 -1000 1.67 4.11 -4.73 -1000 36.53 0.03 792.984
car -1 -1 0.00 0.00 0.00 100.00 100.00 -1000 2.03 6.23 7.62 -1000 35.80 1.70 789.286
car -1 -1 0.00 0.00 0.00 100.00 100.00 -1000 1.57 3.88 -7.55 -1000 41.75 0.03 788.454
car -1 -1 0.00 0.00 0.00 100.00 100.00 -1000 1.90 5.31 7.24 -1000 34.89 1.68 773.171
car -1 -1 0.00 0.00 0.00 100.00 100.00 -1000 1.89 4.22 5.66 -1000 40.46 -0.30 771.438
car -1 -1 0.00 0.00 0.00 100.00 100.00 -1000 1.62 4.17 4.37 -1000 28.54 1.55 763.439
car -1 -1 0.00 0.00 0.00 100.00 100.00 -1000 1.65 4.19 1.77 -1000 43.61 0.11 762.941
car -1 -1 0.00 0.00 0.00 100.00 100.00 -1000 1.62 3.91 18.74 -1000 28.21 1.51 756.364
car -1 -1 0.00 0.00 0.00 100.00 100.00 -1000 1.92 5.19 5.01 -1000 44.25 1.64 741.426
car -1 -1 0.00 0.00 0.00 100.00 100.00 -1000 1.71 4.34 4.34 -1000 36.55 1.60 737.123
car -1 -1 0.00 0.00 0.00 100.00 100.00 -1000 1.62 3.99 -6.24 -1000 36.24 0.13 732.958
car -1 -1 0.00 0.00 0.00 100.00 100.00 -1000 1.75 4.77 -14.90 -1000 38.17 1.60 730.951
car -1 -1 0.00 0.00 0.00 100.00 100.00 -1000 1.63 5.71 2.05 -1000 27.40 -0.27 726.054
car -1 -1 0.00 0.00 0.00 100.00 100.00 -1000 1.63 4.11 3.01 -1000 25.26 -0.09 721.038
car -1 -1 0.00 0.00 0.00 100.00 100.00 -1000 1.54 3.98 5.93 -1000 22.32 0.02 719.863
car -1 -1 0.00 0.00 0.00 100.00 100.00 -1000 1.40 3.27 -7.06 -1000 34.12 1.59 718.161
car -1 -1 0.00 0.00 0.00 100.00 100.00 -1000 2.75 10.33 -0.25 -1000 28.95 1.56 714.487
car -1 -1 0.00 0.00 0.00 100.00 100.00 -1000 1.67 4.15 8.23 -1000 39.28 1.74 714.138
car -1 -1 0.00 0.00 0.00 100.00 100.00 -1000 1.51 3.30 19.16 -1000 24.26 1.46 713.566
car -1 -1 0.00 0.00 0.00 100.00 100.00 -1000 1.40 3.39 8.16 -1000 29.23 1.60 712.913
car -1 -1 0.00 0.00 0.00 100.00 100.00 -1000 1.57 3.78 -6.11 -1000 32.95 0.24 711.150
car -1 -1 0.00 0.00 0.00 100.00 100.00 -1000 1.44 3.58 5.07 -1000 23.11 0.31 702.533
car -1 -1 0.00 0.00 0.00 100.00 100.00 -1000 1.38 3.14 -3.45 -1000 37.33 1.59 701.997
car -1 -1 0.00 0.00 0.00 100.00 100.00 -1000 1.73 4.25 -16.60 -1000 36.50 -0.23 701.748
car -1 -1 0.00 0.00 0.00 100.00 100.00 -1000 1.49 3.37 2.02 -1000 31.49 1.57 695.422
car -1 -1 0.00 0.00 0.00 100.00 100.00 -1000 1.62 3.67 7.24 -1000 36.66 1.59 677.037
car -1 -1 0.00 0.00 0.00 100.00 100.00 -1000 1.53 3.55 13.94 -1000 45.04 0.16 675.946
car -1 -1 0.00 0.00 0.00 100.00 100.00 -1000 1.66 4.13 9.78 -1000 32.67 1.66 674.302
car -1 -1 0.00 0.00 0.00 100.00 100.00 -1000 1.38 3.27 14.62 -1000 45.78 1.61 670.923
car -1 -1 0.00 0.00 0.00 100.00 100.00 -1000 1.72 4.25 -12.44 -1000 37.99 1.58 664.505
car -1 -1 0.00 0.00 0.00 100.00 100.00 -1000 1.69 4.37 -15.13 -1000 43.54 1.62 662.090
car -1 -1 0.00 0.00 0.00 100.00 100.00 -1000 1.61 4.08 -5.88 -1000 47.68 0.09 661.969
car -1 -1 0.00 0.00 0.00 100.00 100.00 -1000 1.58 3.57 4.54 -1000 34.30 1.65 659.568
car -1 -1 0.00 0.00 0.00 100.00 100.00 -1000 1.56 3.73 6.80 -1000 28.75 1.60 657.836
car -1 -1 0.00 0.00 0.00 100.00 100.00 -1000 1.54 3.47 8.84 -1000 11.03 1.69 655.707
car -1 -1 0.00 0.00 0.00 100.00 100.00 -1000 1.43 3.47 19.37 -1000 30.57 1.56 655.098
car -1 -1 0.00 0.00 0.00 100.00 100.00 -1000 1.65 3.91 6.78 -1000 21.55 0.10 654.020
car -1 -1 0.00 0.00 0.00 100.00 100.00 -1000 1.55 3.32 -16.31 -1000 41.61 1.45 652.353
car -1 -1 0.00 0.00 0.00 100.00 100.00 -1000 1.56 3.84 1.61 -1000 34.02 0.15 652.351
car -1 -1 0.00 0.00 0.00 100.00 100.00 -1000 1.41 3.20 6.33 -1000 12.03 1.60 651.563
car -1 -1 0.00 0.00 0.00 100.00 100.00 -1000 1.55 3.60 -2.13 -1000 41.91 1.53 650.408
car -1 -1 0.00 0.00 0.00 100.00 100.00 -1000 2.00 4.78 0.91 -1000 24.03 -0.14 643.645
car -1 -1 0.00 0.00 0.00 100.00 100.00 -1000 1.51 3.72 -8.07 -1000 45.21 1.61 641.775
car -1 -1 0.00 0.00 0.00 100.00 100.00 -1000 1.50 3.49 -7.46 -1000 39.20 1.62 639.999
car -1 -1 0.00 0.00 0.00 100.00 100.00 -1000 1.39 2.97 -4.71 -1000 33.96 1.59 631.213
car -1 -1 0.00 0.00 0.00 100.00 100.00 -1000 1.63 4.36 5.52 -1000 46.62 1.57 629.375
car -1 -1 0.00 0.00 0.00 100.00 100.00 -1000 1.70 4.38 2.40 -1000 44.99 1.40 622.456
car -1 -1 0.00 0.00 0.00 100.00 100.00 -1000 2.08 7.20 -2.12 -1000 25.93 1.57 621.049
car -1 -1 0.00 0.00 0.00 100.00 100.00 -1000 1.66 3.57 4.00 -1000 38.91 1.55 617.495
car -1 -1 0.00 0.00 0.00 100.00 100.00 -1000 1.68 4.26 3.79 -1000 31.33 1.59 611.081
car -1 -1 0.00 0.00 0.00 100.00 100.00 -1000 1.79 4.98 5.16 -1000 35.85 1.64 605.643
car -1 -1 0.00 0.00 0.00 100.00 100.00 -1000 1.45 3.35 15.50 -1000 41.39 1.60 602.762
car -1 -1 0.00 0.00 0.00 100.00 100.00 -1000 1.46 3.10 -16.74 -1000 30.68 1.44 602.264
car -1 -1 0.00 0.00 0.00 100.00 100.00 -1000 1.60 3.87 7.86 -1000 46.96 1.61 600.321
car -1 -1 0.00 0.00 0.00 100.00 100.00 -1000 1.57 3.85 8.08 -1000 12.46 1.68 596.415
car -1 -1 0.00 0.00 0.00 100.00 100.00 -1000 1.63 4.14 -12.48 -1000 43.67 1.57 594.354
car -1 -1 0.00 0.00 0.00 100.00 100.00 -1000 1.87 5.14 3.32 -1000 29.24 1.56 593.855
car -1 -1 0.00 0.00 0.00 100.00 100.00 -1000 1.42 3.25 -5.06 -1000 37.42 1.60 587.844
car -1 -1 0.00 0.00 0.00 100.00 100.00 -1000 1.60 3.51 -4.10 -1000 32.93 0.18 580.416
car -1 -1 0.00 0.00 0.00 100.00 100.00 -1000 1.40 3.04 16.76 -1000 44.56 1.56 578.149
car -1 -1 0.00 0.00 0.00 100.00 100.00 -1000 1.39 3.27 2.68 -1000 32.02 1.58 577.885
car -1 -1 0.00 0.00 0.00 100.00 100.00 -1000 2.50 10.22 8.41 -1000 42.82 1.58 576.888
car -1 -1 0.00 0.00 0.00 100.00 100.00 -1000 1.48 3.40 -3.14 -1000 33.95 1.59 576.505
car -1 -1 0.00 0.00 0.00 100.00 100.00 -1000 1.46 3.52 8.98 -1000 47.54 1.58 576.044
car -1 -1 0.00 0.00 0.00 100.00 100.00 -1000 1.69 4.12 5.53 -1000 35.08 1.70 566.422
car -1 -1 0.00 0.00 0.00 100.00 100.00 -1000 1.45 3.67 8.29 -1000 24.05 1.58 566.376
car -1 -1 0.00 0.00 0.00 100.00 100.00 -1000 1.44 3.14 -9.09 -1000 45.58 1.48 562.974
car -1 -1 0.00 0.00 0.00 100.00 100.00 -1000 2.07 6.16 4.86 -1000 46.00 1.65 562.636
car -1 -1 0.00 0.00 0.00 100.00 100.00 -1000 2.26 7.74 2.88 -1000 47.01 1.41 551.078
car -1 -1 0.00 0.00 0.00 100.00 100.00 -1000 1.56 3.81 -15.73 -1000 32.68 1.54 550.500
car -1 -1 0.00 0.00 0.00 100.00 100.00 -1000 1.99 6.15 9.55 -1000 39.71 1.58 548.407
car -1 -1 0.00 0.00 0.00 100.00 100.00 -1000 2.60 9.65 7.97 -1000 41.33 1.49 548.077
car -1 -1 0.00 0.00 0.00 100.00 100.00 -1000 1.60 3.91 6.44 -1000 27.37 0.03 547.512
car -1 -1 0.00 0.00 0.00 100.00 100.00 -1000 1.42 3.34 18.65 -1000 39.81 1.55 546.309
car -1 -1 0.00 0.00 0.00 100.00 100.00 -1000 1.64 4.10 -7.95 -1000 43.40 1.61 543.425
car -1 -1 0.00 0.00 0.00 100.00 100.00 -1000 1.60 3.35 4.51 -1000 42.51 1.36 541.702
car -1 -1 0.00 0.00 0.00 100.00 100.00 -1000 1.93 5.00 6.72 -1000 37.48 1.66 538.765
car -1 -1 0.00 0.00 0.00 100.00 100.00 -1000 1.55 3.82 5.66 -1000 29.30 1.51 533.345
car -1 -1 0.00 0.00 0.00 100.00 100.00 -1000 1.62 3.79 18.77 -1000 23.48 1.53 531.926
car -1 -1 0.00 0.00 0.00 100.00 100.00 -1000 1.51 3.56 -1.98 -1000 37.01 1.49 526.138
car -1 -1 0.00 0.00 0.00 100.00 100.00 -1000 1.50 3.77 3.43 -1000 39.54 1.49 524.262
car -1 -1 0.00 0.00 0.00 100.00 100.00 -1000 1.67 4.43 6.59 -1000 23.01 -0.23 523.987
car -1 -1 0.00 0.00 0.00 100.00 100.00 -1000 2.00 6.52 10.20 -1000 41.83 1.51 521.947
car -1 -1 0.00 0.00 0.00 100.00 100.00 -1000 1.50 3.57 8.91 -1000 28.71 1.67 521.407
car -1 -1 0.00 0.00 0.00 100.00 100.00 -1000 1.53 3.28 -16.60 -1000 29.65 0.07 513.719
car -1 -1 0.00 0.00 0.00 100.00 100.00 -1000 1.51 3.66 -6.65 -1000 37.47 1.61 513.212
car -1 -1 0.00 0.00 0.00 100.00 100.00 -1000 1.73 4.69 3.64 -1000 35.40 1.57 510.320
car -1 -1 0.00 0.00 0.00 100.00 100.00 -1000 2.01 5.86 5.77 -1000 45.15 1.63 506.070
car -1 -1 0.00 0.00 0.00 100.00 100.00 -1000 1.43 3.40 12.61 -1000 43.30 1.57 505.901
car -1 -1 0.00 0.00 0.00 100.00 100.00 -1000 1.51 3.57 -7.04 -1000 30.86 1.58 505.595
car -1 -1 0.00 0.00 0.00 100.00 100.00 -1000 1.97 5.21 4.39 -1000 37.82 -0.15 504.794
car -1 -1 0.00 0.00 0.00 100.00 100.00 -1000 1.49 3.75 -15.97 -1000 24.22 1.57 501.066
car -1 -1 0.00 0.00 0.00 100.00 100.00 -1000 1.50 3.59 -2.92 -1000 30.69 1.61 498.918
car -1 -1 0.00 0.00 0.00 100.00 100.00 -1000 1.44 3.45 1.17 -1000 30.99 0.23 495.955
car -1 -1 0.00 0.00 0.00 100.00 100.00 -1000 1.70 3.98 -3.63 -1000 46.69 0.03 495.652
car -1 -1 0.00 0.00 0.00 100.00 100.00 -1000 1.70 4.12 9.65 -1000 11.62 1.48 489.371
car -1 -1 0.00 0.00 0.00 100.00 100.00 -1000 2.35 8.00 6.63 -1000 43.77 1.49 489.238
car -1 -1 0.00 0.00 0.00 100.00 100.00 -1000 1.59 4.00 -6.84 -1000 29.65 0.14 488.993
car -1 -1 0.00 0.00 0.00 100.00 100.00 -1000 1.42 3.29 19.01 -1000 29.82 0.13 488.508
car -1 -1 0.00 0.00 0.00 100.00 100.00 -1000 1.82 4.77 1.20 -1000 44.31 1.37 487.318
car -1 -1 0.00 0.00 0.00 100.00 100.00 -1000 1.90 5.03 5.18 -1000 32.88 -0.02 486.173
car -1 -1 0.00 0.00 0.00 100.00 100.00 -1000 1.48 3.57 16.60 -1000 39.79 0.28 484.236
car -1 -1 0.00 0.00 0.00 100.00 100.00 -1000 1.40 3.06 5.15 -1000 8.38 1.63 483.114
car -1 -1 0.00 0.00 0.00 100.00 100.00 -1000 1.69 3.86 8.94 -1000 10.19 1.62 482.685
car -1 -1 0.00 0.00 0.00 100.00 100.00 -1000 1.57 3.87 -15.11 -1000 44.61 1.60 480.781
car -1 -1 0.00 0.00 0.00 100.00 100.00 -1000 1.57 3.64 -8.03 -1000 38.38 1.59 479.754
car -1 -1 0.00 0.00 0.00 100.00 100.00 -1000 1.67 3.98 9.51 -1000 21.75 1.55 478.630
car -1 -1 0.00 0.00 0.00 100.00 100.00 -1000 1.49 3.42 5.02 -1000 39.34 1.45 476.146
car -1 -1 0.00 0.00 0.00 100.00 100.00 -1000 1.45 3.35 -7.41 -1000 45.91 1.53 472.073
car -1 -1 0.00 0.00 0.00 100.00 100.00 -1000 1.50 3.34 12.40 -1000 42.53 0.25 470.717
car -1 -1 0.00 0.00 0.00 100.00 100.00 -1000 1.45 3.36 13.24 -1000 46.33 1.59 470.450
car -1 -1 0.00 0.00 0.00 100.00 100.00 -1000 1.60 3.80 -3.55 -1000 36.12 0.16 460.712
car -1 -1 0.00 0.00 0.00 100.00 100.00 -1000 1.40 3.37 16.51 -1000 40.93 1.60 457.545
car -1 -1 0.00 0.00 0.00 100.00 100.00 -1000 1.62 3.94 -2.82 -1000 47.64 1.65 456.692
car -1 -1 0.00 0.00 0.00 100.00 100.00 -1000 2.17 7.01 1.19 -1000 46.24 1.40 454.492
car -1 -1 0.00 0.00 0.00 100.00 100.00 -1000 1.67 3.72 -16.69 -1000 40.55 -0.00 453.780
car -1 -1 0.00 0.00 0.00 100.00 100.00 -1000 1.95 5.63 9.05 -1000 37.42 1.59 452.244
car -1 -1 0.00 0.00 0.00 100.00 100.00 -1000 1.51 3.39 18.62 -1000 27.35 0.17 450.475
car -1 -1 0.00 0.00 0.00 100.00 100.00 -1000 1.65 4.08 -7.16 -1000 28.44 1.59 447.958
car -1 -1 0.00 0.00 0.00 100.00 100.00 -1000 1.54 3.72 14.01 -1000 42.58 1.60 445.732
car -1 -1 0.00 0.00 0.00 100.00 100.00 -1000 1.46 3.29 -6.94 -1000 39.81 1.57 444.165
car -1 -1 0.00 0.00 0.00 100.00 100.00 -1000 1.90 6.04 9.44 -1000 33.63 1.63 443.931
car -1 -1 0.00 0.00 0.00 100.00 100.00 -1000 1.61 3.75 -15.83 -1000 20.18 1.58 443.727
car -1 -1 0.00 0.00 0.00 100.00 100.00 -1000 1.53 4.35 -7.78 -1000 24.91 0.21 442.139
car -1 -1 0.00 0.00 0.00 100.00 100.00 -1000 1.42 3.44 7.69 -1000 47.77 -0.05 440.137
car -1 -1 0.00 0.00 0.00 100.00 100.00 -1000 1.57 3.44 4.17 -1000 41.17 1.49 438.469
car -1 -1 0.00 0.00 0.00 100.00 100.00 -1000 1.72 4.62 -5.32 -1000 28.36 1.59 436.386
car -1 -1 0.00 0.00 0.00 100.00 100.00 -1000 1.63 4.33 16.21 -1000 45.82 1.48 430.895
car -1 -1 0.00 0.00 0.00 100.00 100.00 -1000 1.73 4.25 -8.01 -1000 44.34 1.63 429.709
car -1 -1 0.00 0.00 0.00 100.00 100.00 -1000 1.41 3.41 15.43 -1000 40.48 0.25 429.610
car -1 -1 0.00 0.00 0.00 100.00 100.00 -1000 1.53 3.62 -9.55 -1000 39.52 1.45 428.168
car -1 -1 0.00 0.00 0.00 100.00 100.00 -1000 1.56 3.70 2.01 -1000 35.27 1.45 427.068
car -1 -1 0.00 0.00 0.00 100.00 100.00 -1000 2.06 6.32 -2.89 -1000 29.43 1.53 426.315
car -1 -1 0.00 0.00 0.00 100.00 100.00 -1000 1.66 4.19 4.42 -1000 25.58 -0.00 425.704
car -1 -1 0.00 0.00 0.00 100.00 100.00 -1000 1.65 3.95 -13.42 -1000 37.48 0.13 421.481
car -1 -1 0.00 0.00 0.00 100.00 100.00 -1000 1.98 5.49 3.10 -1000 24.18 1.60 417.585
car -1 -1 0.00 0.00 0.00 100.00 100.00 -1000 1.49 3.51 -17.39 -1000 35.75 0.20 416.615
car -1 -1 0.00 0.00 0.00 100.00 100.00 -1000 1.62 3.99 -8.66 -1000 42.74 1.39 414.065
car -1 -1 0.00 0.00 0.00 100.00 100.00 -1000 1.62 4.11 -16.59 -1000 46.81 1.62 412.085
car -1 -1 0.00 0.00 0.00 100.00 100.00 -1000 1.76 4.39 8.20 -1000 38.39 1.75 410.689
car -1 -1 0.00 0.00 0.00 100.00 100.00 -1000 1.74 4.40 -15.76 -1000 42.79 1.65 410.006
car -1 -1 0.00 0.00 0.00 100.00 100.00 -1000 1.45 3.34 -5.47 -1000 30.78 1.62 409.365
car -1 -1 0.00 0.00 0.00 100.00 100.00 -1000 1.72 4.88 1.72 -1000 41.81 1.48 405.431
car -1 -1 0.00 0.00 0.00 100.00 100.00 -1000 1.59 3.76 -4.78 -1000 29.74 0.17 402.774
car -1 -1 0.00 0.00 0.00 100.00 100.00 -1000 1.67 4.27 -7.97 -1000 36.63 1.60 402.512
car -1 -1 0.00 0.00 0.00 100.00 100.00 -1000 1.47 3.44 -9.24 -1000 44.67 0.09 399.235
car -1 -1 0.00 0.00 0.00 100.00 100.00 -1000 1.51 3.75 11.87 -1000 44.11 1.61 394.074
car -1 -1 0.00 0.00 0.00 100.00 100.00 -1000 1.52 3.55 6.38 -1000 10.10 1.52 392.907
car -1 -1 0.00 0.00 0.00 100.00 100.00 -1000 1.47 4.04 3.38 -1000 41.90 1.47 389.432
car -1 -1 0.00 0.00 0.00 100.00 100.00 -1000 1.55 3.43 -16.32 -1000 47.63 1.42 386.909
car -1 -1 0.00 0.00 0.00 100.00 100.00 -1000 2.21 7.78 9.27 -1000 36.55 1.57 386.741
car -1 -1 0.00 0.00 0.00 100.00 100.00 -1000 1.60 3.83 -16.34 -1000 32.02 -0.07 385.406
car -1 -1 0.00 0.00 0.00 100.00 100.00 -1000 1.70 4.43 7.10 -1000 29.63 1.41 382.668
car -1 -1 0.00 0.00 0.00 100.00 100.00 -1000 1.73 4.39 4.00 -1000 30.24 1.61 382.618
car -1 -1 0.00 0.00 0.00 100.00 100.00 -1000 1.67 3.87 8.68 -1000 13.13 1.44 380.691
car -1 -1 0.00 0.00 0.00 100.00 100.00 -1000 1.50 3.56 16.02 -1000 45.07 1.53 380.182
car -1 -1 0.00 0.00 0.00 100.00 100.00 -1000 2.11 6.55 1.24 -1000 30.22 1.48 379.163
car -1 -1 0.00 0.00 0.00 100.00 100.00 -1000 1.62 3.94 7.95 -1000 26.56 1.61 377.354
car -1 -1 0.00 0.00 0.00 100.00 100.00 -1000 1.71 4.31 9.43 -1000 45.03 1.59 375.672
car -1 -1 0.00 0.00 0.00 100.00 100.00 -1000 1.73 4.41 -7.00 -1000 26.09 1.58 375.080
car -1 -1 0.00 0.00 0.00 100.00 100.00 -1000 1.43 3.37 -7.36 -1000 33.21 0.10 373.062
car -1 -1 0.00 0.00 0.00 100.00 100.00 -1000 1.52 3.83 6.78 -1000 23.86 1.58 372.990
car -1 -1 0.00 0.00 0.00 100.00 100.00 -1000 1.49 3.61 -10.43 -1000 45.18 1.57 372.526
car -1 -1 0.00 0.00 0.00 100.00 100.00 -1000 1.56 3.89 15.96 -1000 38.52 1.57 370.724
car -1 -1 0.00 0.00 0.00 100.00 100.00 -1000 1.51 3.56 17.21 -1000 47.70 1.54 370.139
car -1 -1 0.00 0.00 0.00 100.00 100.00 -1000 1.43 3.34 -16.62 -1000 33.77 1.51 368.434
car -1 -1 0.00 0.00 0.00 100.00 100.00 -1000 1.57 3.83 17.87 -1000 37.80 1.51 366.970
car -1 -1 0.00 0.00 0.00 100.00 100.00 -1000 1.63 3.96 -6.29 -1000 17.25 1.52 366.037
car -1 -1 0.00 0.00 0.00 100.00 100.00 -1000 1.55 4.53 19.14 -1000 25.29 1.49 364.220
car -1 -1 0.00 0.00 0.00 100.00 100.00 -1000 1.86 5.26 0.52 -1000 45.03 1.36 362.368
car -1 -1 0.00 0.00 0.00 100.00 100.00 -1000 1.32 2.80 6.04 -1000 13.12 1.66 361.463
car -1 -1 0.00 0.00 0.00 100.00 100.00 -1000 2.09 6.87 -3.57 -1000 27.01 1.55 360.728
car -1 -1 0.00 0.00 0.00 100.00 100.00 -1000 1.70 4.92 -13.26 -1000 38.59 1.53 360.365
car -1 -1 0.00 0.00 0.00 100.00 100.00 -1000 1.49 3.57 5.26 -1000 27.02 1.57 359.871
car -1 -1 0.00 0.00 0.00 100.00 100.00 -1000 1.81 5.05 -4.18 -1000 42.97 1.40 355.359
car -1 -1 0.00 0.00 0.00 100.00 100.00 -1000 1.41 3.21 18.87 -1000 28.99 0.04 355.077
car -1 -1 0.00 0.00 0.00 100.00 100.00 -1000 1.60 4.19 -7.00 -1000 27.20 0.14 353.695
car -1 -1 0.00 0.00 0.00 100.00 100.00 -1000 1.59 3.49 1.26 -1000 38.52 0.36 352.483
car -1 -1 0.00 0.00 0.00 100.00 100.00 -1000 1.59 3.97 -1.35 -1000 30.82 1.45 352.454
car -1 -1 0.00 0.00 0.00 100.00 100.00 -1000 1.33 3.01 5.97 -1000 11.28 1.47 351.528
car -1 -1 0.00 0.00 0.00 100.00 100.00 -1000 2.19 8.32 9.64 -1000 35.27 1.63 351.496
car -1 -1 0.00 0.00 0.00 100.00 100.00 -1000 1.43 3.41 18.09 -1000 40.67 1.55 350.813
car -1 -1 0.00 0.00 0.00 100.00 100.00 -1000 1.83 5.71 -2.95 -1000 24.03 1.60 347.872
car -1 -1 0.00 0.00 0.00 100.00 100.00 -1000 1.60 4.23 13.00 -1000 47.02 1.49 346.909
car -1 -1 0.00 0.00 0.00 100.00 100.00 -1000 1.61 3.92 -15.37 -1000 41.10 1.59 346.832
car -1 -1 0.00 0.00 0.00 100.00 100.00 -1000 1.55 3.76 -1.67 -1000 33.71 1.42 346.180
car -1 -1 0.00 0.00 0.00 100.00 100.00 -1000 1.71 3.97 -16.02 -1000 35.54 1.64 344.563
car -1 -1 0.00 0.00 0.00 100.00 100.00 -1000 1.50 3.41 -9.18 -1000 38.78 1.47 343.607
car -1 -1 0.00 0.00 0.00 100.00 100.00 -1000 2.28 8.06 9.57 -1000 40.53 1.46 341.482
car -1 -1 0.00 0.00 0.00 100.00 100.00 -1000 1.52 3.39 -15.41 -1000 34.55 1.54 341.404
car -1 -1 0.00 0.00 0.00 100.00 100.00 -1000 1.46 3.63 -12.86 -1000 29.64 0.30 340.580
car -1 -1 0.00 0.00 0.00 100.00 100.00 -1000 1.79 4.38 1.97 -1000 37.86 -0.06 337.972
car -1 -1 0.00 0.00 0.00 100.00 100.00 -1000 1.67 4.23 -7.71 -1000 30.27 1.61 331.576
car -1 -1 0.00 0.00 0.00 100.00 100.00 -1000 1.66 4.19 9.09 -1000 23.36 1.51 328.840
car -1 -1 0.00 0.00 0.00 100.00 100.00 -1000 1.50 3.68 10.41 -1000 47.16 1.60 328.590
car -1 -1 0.00 0.00 0.00 100.00 100.00 -1000 1.61 4.07 19.12 -1000 41.49 1.45 328.222
car -1 -1 0.00 0.00 0.00 100.00 100.00 -1000 1.76 4.80 -14.73 -1000 24.88 1.55 325.205
car -1 -1 0.00 0.00 0.00 100.00 100.00 -1000 1.60 4.15 -2.21 -1000 45.35 1.56 324.883
car -1 -1 0.00 0.00 0.00 100.00 100.00 -1000 1.64 3.79 -11.26 -1000 43.15 1.60 323.669
car -1 -1 0.00 0.00 0.00 100.00 100.00 -1000 1.76 4.68 -16.81 -1000 22.18 1.39 321.985
car -1 -1 0.00 0.00 0.00 100.00 100.00 -1000 1.56 3.71 3.25 -1000 37.11 1.42 316.282
car -1 -1 0.00 0.00 0.00 100.00 100.00 -1000 1.61 3.94 -8.77 -1000 34.25 1.46 315.584
car -1 -1 0.00 0.00 0.00 100.00 100.00 -1000 1.70 4.06 -2.50 -1000 39.79 1.56 314.489
car -1 -1 0.00 0.00 0.00 100.00 100.00 -1000 1.42 2.97 5.21 -1000 26.28 1.68 314.018
car -1 -1 0.00 0.00 0.00 100.00 100.00 -1000 1.65 4.05 2.60 -1000 42.91 1.31 313.059
car -1 -1 0.00 0.00 0.00 100.00 100.00 -1000 1.59 4.20 -15.99 -1000 23.40 1.60 310.102
car -1 -1 0.00 0.00 0.00 100.00 100.00 -1000 1.82 4.82 0.82 -1000 42.77 1.35 309.295
car -1 -1 0.00 0.00 0.00 100.00 100.00 -1000 1.71 4.42 18.87 -1000 22.65 1.44 309.016
car -1 -1 0.00 0.00 0.00 100.00 100.00 -1000 1.86 5.08 4.12 -1000 32.13 1.61 308.690
car -1 -1 0.00 0.00 0.00 100.00 100.00 -1000 1.60 3.97 16.17 -1000 36.93 0.27 306.721
car -1 -1 0.00 0.00 0.00 100.00 100.00 -1000 1.64 4.12 -11.27 -1000 39.77 1.48 306.694
car -1 -1 0.00 0.00 0.00 100.00 100.00 -1000 1.63 4.09 9.00 -1000 46.43 0.09 305.800
car -1 -1 0.00 0.00 0.00 100.00 100.00 -1000 1.66 3.67 8.78 -1000 19.69 1.50 305.537
car -1 -1 0.00 0.00 0.00 100.00 100.00 -1000 1.67 4.61 19.10 -1000 32.13 1.40 305.117
car -1 -1 0.00 0.00 0.00 100.00 100.00 -1000 1.88 5.05 0.97 -1000 39.45 1.34 304.995
car -1 -1 0.00 0.00 0.00 100.00 100.00 -1000 1.84 3.80 19.53 -1000 46.07 -0.23 304.401
car -1 -1 0.00 0.00 0.00 100.00 100.00 -1000 1.30 2.69 5.97 -1000 5.34 1.47 304.004
car -1 -1 0.00 0.00 0.00 100.00 100.00 -1000 1.71 4.26 -7.55 -1000 34.96 1.65 301.525
car -1 -1 0.00 0.00 0.00 100.00 100.00 -1000 1.61 4.05 -11.08 -1000 38.72 1.59 300.457
car -1 -1 0.00 0.00 0.00 100.00 100.00 -1000 1.66 4.11 5.02 -1000 30.91 1.62 299.635
car -1 -1 0.00 0.00 0.00 100.00 100.00 -1000 1.99 6.00 0.94 -1000 40.57 1.37 299.485
car -1 -1 0.00 0.00 0.00 100.00 100.00 -1000 1.68 4.27 3.78 -1000 23.48 1.57 298.287
car -1 -1 0.00 0.00 0.00 100.00 100.00 -1000 1.59 3.61 -15.60 -1000 39.42 1.46 297.340
car -1 -1 0.00 0.00 0.00 100.00 100.00 -1000 1.97 6.24 11.91 -1000 22.84 1.39 296.886
car -1 -1 0.00 0.00 0.00 100.00 100.00 -1000 1.54 3.49 -6.13 -1000 40.33 1.44 296.713
car -1 -1 0.00 0.00 0.00 100.00 100.00 -1000 1.55 3.35 17.59 -1000 39.41 0.35 296.214
car -1 -1 0.00 0.00 0.00 100.00 100.00 -1000 1.75 5.87 -0.42 -1000 24.49 1.29 294.941
car -1 -1 0.00 0.00 0.00 100.00 100.00 -1000 1.78 4.74 17.56 -1000 35.38 1.50 292.042
car -1 -1 0.00 0.00 0.00 100.00 100.00 -1000 1.42 3.27 4.39 -1000 7.74 1.59 290.212
car -1 -1 0.00 0.00 0.00 100.00 100.00 -1000 1.82 5.37 -17.05 -1000 38.96 1.38 289.522
car -1 -1 0.00 0.00 0.00 100.00 100.00 -1000 1.99 4.94 2.10 -1000 23.48 1.59 288.619
car -1 -1 0.00 0.00 0.00 100.00 100.00 -1000 1.65 4.34 6.18 -1000 25.69 1.65 286.652
car -1 -1 0.00 0.00 0.00 100.00 100.00 -1000 1.76 4.62 -17.75 -1000 37.07 1.39 285.753
car -1 -1 0.00 0.00 0.00 100.00 100.00 -1000 1.50 3.75 15.07 -1000 44.42 0.23 285.734
car -1 -1 0.00 0.00 0.00 100.00 100.00 -1000 1.72 4.61 -14.86 -1000 33.31 1.56 283.457
car -1 -1 0.00 0.00 0.00 100.00 100.00 -1000 1.89 4.82 10.12 -1000 9.69 1.40 283.365
car -1 -1 0.00 0.00 0.00 100.00 100.00 -1000 1.52 3.87 17.70 -1000 42.93 0.22 281.270
car -1 -1 0.00 0.00 0.00 100.00 100.00 -1000 1.73 5.05 1.65 -1000 36.96 1.51 280.505
car -1 -1 0.00 0.00 0.00 100.00 100.00 -1000 1.79 5.10 11.43 -1000 32.17 1.43 280.418
car -1 -1 0.00 0.00 0.00 100.00 100.00 -1000 1.59 3.45 -4.15 -1000 40.43 1.37 280.333
car -1 -1 0.00 0.00 0.00 100.00 100.00 -1000 1.54 4.00 14.40 -1000 38.71 1.57 278.710
car -1 -1 0.00 0.00 0.00 100.00 100.00 -1000 1.82 5.13 2.51 -1000 41.03 1.36 278.538
car -1 -1 0.00 0.00 0.00 100.00 100.00 -1000 1.61 4.05 -2.96 -1000 41.04 -0.07 275.762
car -1 -1 0.00 0.00 0.00 100.00 100.00 -1000 1.46 3.11 6.34 -1000 9.19 1.59 275.596
car -1 -1 0.00 0.00 0.00 100.00 100.00 -1000 1.62 4.14 -13.51 -1000 27.65 1.58 274.889
car -1 -1 0.00 0.00 0.00 100.00 100.00 -1000 1.47 3.33 12.42 -1000 45.64 0.36 274.429
car -1 -1 0.00 0.00 0.00 100.00 100.00 -1000 1.98 6.36 12.18 -1000 28.94 1.41 271.460
car -1 -1 0.00 0.00 0.00 100.00 100.00 -1000 1.53 3.68 13.40 -1000 41.73 0.42 270.986
car -1 -1 0.00 0.00 0.00 100.00 100.00 -1000 1.70 4.72 -8.41 -1000 40.26 1.42 269.717
car -1 -1 0.00 0.00 0.00 100.00 100.00 -1000 1.64 4.34 8.49 -1000 8.67 1.57 269.221
car -1 -1 0.00 0.00 0.00 100.00 100.00 -1000 1.69 4.62 1.06 -1000 32.15 1.37 268.645
car -1 -1 0.00 0.00 0.00 100.00 100.00 -1000 1.77 5.30 -5.15 -1000 25.66 1.63 267.451
car -1 -1 0.00 0.00 0.00 100.00 100.00 -1000 1.42 3.31 -8.40 -1000 41.26 0.08 266.215
car -1 -1 0.00 0.00 0.00 100.00 100.00 -1000 1.68 3.95 9.28 -1000 31.55 1.65 265.772
car -1 -1 0.00 0.00 0.00 100.00 100.00 -1000 1.71 4.70 -7.57 -1000 32.22 1.57 264.722
car -1 -1 0.00 0.00 0.00 100.00 100.00 -1000 1.58 3.77 9.06 -1000 27.87 1.63 263.642
