car -1 -1 0.00 0.00 0.00 100.00 100.00 -1000 2.93 5.51 -0.95 -1000 28.06 1.35 999.680
car -1 -1 0.00 0.00 0.00 100.00 100.00 -1000 2.03 4.30 -7.61 -1000 32.23 1.30 999.656
car -1 -1 0.00 0.00 0.00 100.00 100.00 -1000 1.68 3.95 -11.63 -1000 43.79 1.55 999.641
car -1 -1 0.00 0.00 0.00 100.00 100.00 -1000 1.55 4.65 4.41 -1000 16.46 0.04 999.617
car -1 -1 0.00 0.00 0.00 100.00 100.00 -1000 1.69 4.05 -0.03 -1000 27.34 1.60 999.482
car -1 -1 0.00 0.00 0.00 100.00 100.00 -1000 1.35 4.08 3.72 -1000 23.08 0.06 998.573
car -1 -1 0.00 0.00 0.00 100.00 100.00 -1000 1.67 4.78 3.40 -1000 37.54 -0.21 998.268
car -1 -1 0.00 0.00 0.00 100.00 100.00 -1000 1.85 4.56 4.89 -1000 17.52 1.56 997.741
car -1 -1 0.00 0.00 0.00 100.00 100.00 -1000 1.74 4.61 0.33 -1000 26.36 -0.23 997.670
car -1 -1 0.00 0.00 0.00 100.00 100.00 -1000 1.33 3.94 4.23 -1000 5.53 0.17 997.209
car -1 -1 0.00 0.00 0.00 100.00 100.00 -1000 1.68 4.56 2.38 -1000 38.34 1.53 995.650
car -1 -1 0.00 0.00 0.00 100.00 100.00 -1000 1.61 3.49 3.55 -1000 17.10 1.62 995.186
car -1 -1 0.00 0.00 0.00 100.00 100.00 -1000 1.45 4.51 -6.85 -1000 31.56 0.10 992.905
car -1 -1 0.00 0.00 0.00 100.00 100.00 -1000 1.67 3.96 2.95 -1000 23.82 1.48 991.667
car -1 -1 0.00 0.00 0.00 100.00 100.00 -1000 1.93 4.62 4.12 -1000 36.84 -0.20 988.260
car -1 -1 0.00 0.00 0.00 100.00 100.00 -1000 1.60 4.15 -11.64 -1000 42.92 -0.17 986.697
car -1 -1 0.00 0.00 0.00 100.00 100.00 -1000 3.92 9.77 19.48 -1000 34.10 0.11 984.152
car -1 -1 0.00 0.00 0.00 100.00 100.00 -1000 2.14 5.42 19.12 -1000 33.53 -0.22 982.788
car -1 -1 0.00 0.00 0.00 100.00 100.00 -1000 1.66 4.09 -11.30 -1000 44.58 1.60 980.944
car -1 -1 0.00 0.00 0.00 100.00 100.00 -1000 1.53 4.23 -7.62 -1000 31.01 -0.01 976.946
car -1 -1 0.00 0.00 0.00 100.00 100.00 -1000 1.62 3.91 18.65 -1000 34.81 1.59 971.889
car -1 -1 0.00 0.00 0.00 100.00 100.00 -1000 1.46 3.37 3.62 -1000 6.29 1.68 957.047
car -1 -1 0.00 0.00 0.00 100.00 100.00 -1000 1.53 3.90 3.22 -1000 26.99 -0.06 956.880
car -1 -1 0.00 0.00 0.00 100.00 100.00 -1000 1.47 3.17 19.12 -1000 33.05 1.53 952.240
car -1 -1 0.00 0.00 0.00 100.00 100.00 -1000 1.51 3.54 2.43 -1000 45.88 1.55 951.927
car -1 -1 0.00 0.00 0.00 100.00 100.00 -1000 1.63 3.51 17.45 -1000 35.30 1.68 950.060
car -1 -1 0.00 0.00 0.00 100.00 100.00 -1000 2.24 4.83 20.42 -1000 31.92 -0.17 941.616
car -1 -1 0.00 0.00 0.00 100.00 100.00 -1000 1.88 5.06 -11.14 -1000 45.43 1.67 940.463
car -1 -1 0.00 0.00 0.00 100.00 100.00 -1000 3.00 7.51 3.86 -1000 36.84 -0.00 916.894
car -1 -1 0.00 0.00 0.00 100.00 100.00 -1000 1.85 5.11 1.02 -1000 39.00 1.55 911.241
car -1 -1 0.00 0.00 0.00 100.00 100.00 -1000 1.47 3.25 -3.65 -1000 47.31 1.52 909.384
car -1 -1 0.00 0.00 0.00 100.00 100.00 -1000 1.80 4.88 1.71 -1000 27.70 1.60 908.041
car -1 -1 0.00 0.00 0.00 100.00 100.00 -1000 1.60 4.05 3.95 -1000 24.38 1.60 900.740
car -1 -1 0.00 0.00 0.00 100.00 100.00 -1000 1.37 3.14 3.28 -1000 7.00 1.66 899.360
car -1 -1 0.00 0.00 0.00 100.00 100.00 -1000 1.73 4.67 3.92 -1000 15.71 1.74 892.514
car -1 -1 0.00 0.00 0.00 100.00 100.00 -1000 1.68 4.48 3.42 -1000 17.80 1.67 879.380
car -1 -1 0.00 0.00 0.00 100.00 100.00 -1000 1.88 5.42 5.05 -1000 18.37 1.52 874.463
car -1 -1 0.00 0.00 0.00 100.00 100.00 -1000 1.60 3.74 2.37 -1000 24.51 1.54 874.139
car -1 -1 0.00 0.00 0.00 100.00 100.00 -1000 1.53 3.49 -3.58 -1000 35.40 -0.01 868.654
car -1 -1 0.00 0.00 0.00 100.00 100.00 -1000 1.81 5.07 2.13 -1000 41.55 1.53 866.749
car -1 -1 0.00 0.00 0.00 100.00 100.00 -1000 1.81 5.18 -0.59 -1000 29.12 1.61 842.591
car -1 -1 0.00 0.00 0.00 100.00 100.00 -1000 1.56 3.58 -12.64 -1000 43.34 1.52 837.194
car -1 -1 0.00 0.00 0.00 100.00 100.00 -1000 2.28 7.14 3.15 -1000 40.70 1.68 835.703
car -1 -1 0.00 0.00 0.00 100.00 100.00 -1000 1.68 4.35 3.78 -1000 22.26 -0.12 834.003
car -1 -1 0.00 0.00 0.00 100.00 100.00 -1000 1.75 4.65 2.60 -1000 28.35 1.61 828.657
car -1 -1 0.00 0.00 0.00 100.00 100.00 -1000 1.58 3.46 2.77 -1000 5.84 1.53 814.670
car -1 -1 0.00 0.00 0.00 100.00 100.00 -1000 1.52 3.39 1.99 -1000 44.94 -0.09 810.845
car -1 -1 0.00 0.00 0.00 100.00 100.00 -1000 1.86 5.01 4.35 -1000 38.17 1.66 806.065
car -1 -1 0.00 0.00 0.00 100.00 100.00 -1000 1.74 4.58 -2.05 -1000 40.74 1.65 802.473
car -1 -1 0.00 0.00 0.00 100.00 100.00 -1000 1.42 3.22 -3.68 -1000 36.49 1.56 794.779
car -1 -1 0.00 0.00 0.00 100.00 100.00 -1000 1.62 4.23 -6.99 -1000 32.94 1.50 787.286
car -1 -1 0.00 0.00 0.00 100.00 100.00 -1000 1.43 3.22 18.51 -1000 24.60 1.56 781.291
car -1 -1 0.00 0.00 0.00 100.00 100.00 -1000 1.45 3.49 2.58 -1000 42.22 1.59 771.152
car -1 -1 0.00 0.00 0.00 100.00 100.00 -1000 1.35 4.13 6.70 -1000 26.67 0.18 770.019
car -1 -1 0.00 0.00 0.00 100.00 100.00 -1000 1.74 4.55 -0.61 -1000 38.65 1.59 765.643
car -1 -1 0.00 0.00 0.00 100.00 100.00 -1000 1.84 5.29 0.79 -1000 25.41 0.03 765.150
car -1 -1 0.00 0.00 0.00 100.00 100.00 -1000 1.75 4.85 -2.32 -1000 28.45 1.56 763.823
car -1 -1 0.00 0.00 0.00 100.00 100.00 -1000 1.69 3.96 -6.16 -1000 29.45 1.29 756.620
car -1 -1 0.00 0.00 0.00 100.00 100.00 -1000 1.46 3.65 -3.53 -1000 32.53 0.05 755.208
car -1 -1 0.00 0.00 0.00 100.00 100.00 -1000 1.95 5.42 -10.78 -1000 46.34 1.64 750.974
car -1 -1 0.00 0.00 0.00 100.00 100.00 -1000 1.82 4.86 16.77 -1000 37.03 1.57 750.058
car -1 -1 0.00 0.00 0.00 100.00 100.00 -1000 1.48 3.24 -13.84 -1000 42.56 1.61 747.982
car -1 -1 0.00 0.00 0.00 100.00 100.00 -1000 1.60 4.19 -6.41 -1000 33.68 1.59 745.563
car -1 -1 0.00 0.00 0.00 100.00 100.00 -1000 1.87 5.37 -1.07 -1000 41.40 1.59 741.047
car -1 -1 0.00 0.00 0.00 100.00 100.00 -1000 1.63 4.41 0.96 -1000 37.84 0.10 736.998
car -1 -1 0.00 0.00 0.00 100.00 100.00 -1000 2.22 4.66 8.07 -1000 17.50 1.30 736.209
car -1 -1 0.00 0.00 0.00 100.00 100.00 -1000 3.01 5.92 -1.09 -1000 25.98 1.00 736.001
car -1 -1 0.00 0.00 0.00 100.00 100.00 -1000 1.62 4.13 -2.54 -1000 27.19 0.14 732.384
car -1 -1 0.00 0.00 0.00 100.00 100.00 -1000 1.67 3.83 -12.67 -1000 44.31 1.54 723.879
car -1 -1 0.00 0.00 0.00 100.00 100.00 -1000 1.65 4.00 3.47 -1000 4.76 -0.08 722.495
car -1 -1 0.00 0.00 0.00 100.00 100.00 -1000 2.36 8.49 1.29 -1000 39.79 1.46 710.735
car -1 -1 0.00 0.00 0.00 100.00 100.00 -1000 1.65 3.96 -3.73 -1000 46.30 -0.15 706.022
car -1 -1 0.00 0.00 0.00 100.00 100.00 -1000 1.50 3.66 -5.73 -1000 32.39 -0.19 701.008
car -1 -1 0.00 0.00 0.00 100.00 100.00 -1000 1.44 3.48 4.43 -1000 28.11 1.57 688.968
car -1 -1 0.00 0.00 0.00 100.00 100.00 -1000 1.90 5.53 -9.04 -1000 45.13 1.57 679.851
car -1 -1 0.00 0.00 0.00 100.00 100.00 -1000 1.70 4.12 2.33 -1000 16.56 1.47 677.098
car -1 -1 0.00 0.00 0.00 100.00 100.00 -1000 1.51 3.57 18.53 -1000 23.77 1.58 672.166
car -1 -1 0.00 0.00 0.00 100.00 100.00 -1000 1.90 5.91 16.14 -1000 35.74 1.50 659.052
car -1 -1 0.00 0.00 0.00 100.00 100.00 -1000 1.70 4.01 16.50 -1000 34.86 1.53 655.292
car -1 -1 0.00 0.00 0.00 100.00 100.00 -1000 1.83 4.80 -2.00 -1000 39.38 1.61 650.103
car -1 -1 0.00 0.00 0.00 100.00 100.00 -1000 3.47 8.21 -11.62 -1000 46.17 -0.17 644.155
car -1 -1 0.00 0.00 0.00 100.00 100.00 -1000 1.71 4.23 16.88 -1000 37.89 1.56 643.696
car -1 -1 0.00 0.00 0.00 100.00 100.00 -1000 2.08 4.30 17.46 -1000 47.35 -0.10 642.181
car -1 -1 0.00 0.00 0.00 100.00 100.00 -1000 2.06 5.73 7.67 -1000 20.16 1.43 635.136
car -1 -1 0.00 0.00 0.00 100.00 100.00 -1000 2.14 6.28 -0.63 -1000 40.27 1.53 628.442
car -1 -1 0.00 0.00 0.00 100.00 100.00 -1000 1.36 3.05 -18.65 -1000 47.10 1.56 617.097
car -1 -1 0.00 0.00 0.00 100.00 100.00 -1000 1.39 3.18 -18.96 -1000 40.66 1.58 614.960
car -1 -1 0.00 0.00 0.00 100.00 100.00 -1000 1.33 2.82 -3.28 -1000 33.73 1.59 607.551
car -1 -1 0.00 0.00 0.00 100.00 100.00 -1000 1.83 5.15 2.58 -1000 26.19 1.65 606.140
car -1 -1 0.00 0.00 0.00 100.00 100.00 -1000 1.59 3.74 -11.24 -1000 42.14 1.61 599.910
car -1 -1 0.00 0.00 0.00 100.00 100.00 -1000 1.54 3.33 8.29 -1000 21.40 1.62 596.555
car -1 -1 0.00 0.00 0.00 100.00 100.00 -1000 1.92 5.34 3.50 -1000 25.16 1.63 588.103
car -1 -1 0.00 0.00 0.00 100.00 100.00 -1000 1.87 5.56 4.71 -1000 41.37 1.52 587.349
car -1 -1 0.00 0.00 0.00 100.00 100.00 -1000 1.52 3.35 2.99 -1000 34.03 1.57 578.788
car -1 -1 0.00 0.00 0.00 100.00 100.00 -1000 1.79 4.63 5.50 -1000 39.00 1.60 571.522
car -1 -1 0.00 0.00 0.00 100.00 100.00 -1000 1.58 6.19 6.57 -1000 18.89 1.25 568.977
car -1 -1 0.00 0.00 0.00 100.00 100.00 -1000 1.89 4.46 18.95 -1000 32.24 -0.15 566.613
car -1 -1 0.00 0.00 0.00 100.00 100.00 -1000 1.40 3.10 -15.07 -1000 42.23 1.56 566.487
car -1 -1 0.00 0.00 0.00 100.00 100.00 -1000 1.63 3.91 -19.81 -1000 45.74 -0.05 565.072
car -1 -1 0.00 0.00 0.00 100.00 100.00 -1000 1.57 3.93 -2.51 -1000 47.66 1.58 564.008
car -1 -1 0.00 0.00 0.00 100.00 100.00 -1000 1.57 3.89 4.58 -1000 6.71 1.59 562.390
car -1 -1 0.00 0.00 0.00 100.00 100.00 -1000 1.46 3.73 8.43 -1000 18.41 1.51 558.253
car -1 -1 0.00 0.00 0.00 100.00 100.00 -1000 1.51 3.69 18.75 -1000 25.68 1.53 554.288
car -1 -1 0.00 0.00 0.00 100.00 100.00 -1000 1.46 3.41 -3.94 -1000 38.47 0.04 546.455
car -1 -1 0.00 0.00 0.00 100.00 100.00 -1000 1.55 4.03 4.46 -1000 23.71 -0.50 542.996
car -1 -1 0.00 0.00 0.00 100.00 100.00 -1000 1.69 3.74 -19.63 -1000 39.44 0.03 541.206
car -1 -1 0.00 0.00 0.00 100.00 100.00 -1000 1.48 3.12 -3.87 -1000 18.93 1.55 536.498
car -1 -1 0.00 0.00 0.00 100.00 100.00 -1000 1.94 6.19 -8.53 -1000 33.24 1.50 532.656
car -1 -1 0.00 0.00 0.00 100.00 100.00 -1000 1.48 3.43 -4.73 -1000 33.36 1.63 531.297
car -1 -1 0.00 0.00 0.00 100.00 100.00 -1000 1.62 3.62 17.14 -1000 43.71 -0.12 525.097
car -1 -1 0.00 0.00 0.00 100.00 100.00 -1000 2.04 6.72 15.05 -1000 36.55 1.54 525.048
car -1 -1 0.00 0.00 0.00 100.00 100.00 -1000 1.67 4.22 -8.74 -1000 31.54 1.47 524.349
car -1 -1 0.00 0.00 0.00 100.00 100.00 -1000 1.53 3.69 -2.54 -1000 25.67 1.58 523.811
car -1 -1 0.00 0.00 0.00 100.00 100.00 -1000 1.71 4.14 -10.25 -1000 43.18 1.72 521.845
car -1 -1 0.00 0.00 0.00 100.00 100.00 -1000 1.51 3.74 2.21 -1000 17.40 1.56 520.191
car -1 -1 0.00 0.00 0.00 100.00 100.00 -1000 1.63 4.02 -6.20 -1000 30.68 1.65 515.773
car -1 -1 0.00 0.00 0.00 100.00 100.00 -1000 1.83 4.36 6.69 -1000 41.34 -0.14 512.792
car -1 -1 0.00 0.00 0.00 100.00 100.00 -1000 1.63 3.84 -2.40 -1000 36.03 1.65 508.414
car -1 -1 0.00 0.00 0.00 100.00 100.00 -1000 1.77 4.33 5.30 -1000 37.54 1.61 505.458
car -1 -1 0.00 0.00 0.00 100.00 100.00 -1000 1.54 3.52 -13.51 -1000 47.72 1.52 502.830
car -1 -1 0.00 0.00 0.00 100.00 100.00 -1000 2.10 6.29 1.61 -1000 30.28 1.56 500.627
car -1 -1 0.00 0.00 0.00 100.00 100.00 -1000 1.64 3.58 3.28 -1000 35.88 1.60 500.508
car -1 -1 0.00 0.00 0.00 100.00 100.00 -1000 1.61 4.17 15.21 -1000 34.38 0.14 492.571
car -1 -1 0.00 0.00 0.00 100.00 100.00 -1000 2.41 9.11 4.96 -1000 39.57 1.56 489.891
car -1 -1 0.00 0.00 0.00 100.00 100.00 -1000 1.77 4.36 -1.05 -1000 37.05 1.57 489.495
car -1 -1 0.00 0.00 0.00 100.00 100.00 -1000 1.56 3.87 -3.63 -1000 39.28 1.57 489.383
car -1 -1 0.00 0.00 0.00 100.00 100.00 -1000 1.48 3.28 6.83 -1000 42.44 1.64 489.027
car -1 -1 0.00 0.00 0.00 100.00 100.00 -1000 1.66 3.79 -14.66 -1000 47.34 0.18 480.266
car -1 -1 0.00 0.00 0.00 100.00 100.00 -1000 1.52 3.69 -6.19 -1000 45.73 1.52 475.908
car -1 -1 0.00 0.00 0.00 100.00 100.00 -1000 1.68 3.94 17.08 -1000 38.86 -0.11 472.525
car -1 -1 0.00 0.00 0.00 100.00 100.00 -1000 1.44 3.44 17.09 -1000 45.14 1.52 471.498
car -1 -1 0.00 0.00 0.00 100.00 100.00 -1000 1.68 4.18 0.01 -1000 35.02 1.44 468.262
car -1 -1 0.00 0.00 0.00 100.00 100.00 -1000 1.43 3.24 -18.74 -1000 35.43 1.52 467.189
car -1 -1 0.00 0.00 0.00 100.00 100.00 -1000 1.45 3.22 -4.66 -1000 35.85 0.24 464.403
car -1 -1 0.00 0.00 0.00 100.00 100.00 -1000 1.94 5.67 -7.88 -1000 45.80 1.42 461.948
car -1 -1 0.00 0.00 0.00 100.00 100.00 -1000 1.45 3.29 17.13 -1000 42.80 1.50 450.626
car -1 -1 0.00 0.00 0.00 100.00 100.00 -1000 1.49 3.47 0.66 -1000 31.43 1.44 448.945
car -1 -1 0.00 0.00 0.00 100.00 100.00 -1000 1.68 3.87 6.49 -1000 17.10 1.54 446.779
car -1 -1 0.00 0.00 0.00 100.00 100.00 -1000 1.74 3.98 8.52 -1000 19.36 1.55 446.482
car -1 -1 0.00 0.00 0.00 100.00 100.00 -1000 1.52 3.74 -17.69 -1000 41.12 1.54 445.885
car -1 -1 0.00 0.00 0.00 100.00 100.00 -1000 1.80 5.44 -9.26 -1000 32.50 1.48 441.456
car -1 -1 0.00 0.00 0.00 100.00 100.00 -1000 1.57 3.92 5.34 -1000 27.04 0.04 438.054
car -1 -1 0.00 0.00 0.00 100.00 100.00 -1000 1.68 4.30 17.89 -1000 34.15 1.56 437.003
car -1 -1 0.00 0.00 0.00 100.00 100.00 -1000 2.28 5.46 17.26 -1000 41.70 -0.02 436.219
car -1 -1 0.00 0.00 0.00 100.00 100.00 -1000 1.55 3.76 18.55 -1000 22.87 0.08 435.176
car -1 -1 0.00 0.00 0.00 100.00 100.00 -1000 1.65 4.02 -18.67 -1000 46.22 -0.08 434.810
car -1 -1 0.00 0.00 0.00 100.00 100.00 -1000 1.61 3.86 3.63 -1000 46.26 1.54 434.125
car -1 -1 0.00 0.00 0.00 100.00 100.00 -1000 1.64 4.49 -18.74 -1000 34.47 1.62 430.814
car -1 -1 0.00 0.00 0.00 100.00 100.00 -1000 1.69 3.85 7.13 -1000 40.24 1.44 429.350
car -1 -1 0.00 0.00 0.00 100.00 100.00 -1000 1.45 3.38 -4.56 -1000 29.63 0.17 426.275
car -1 -1 0.00 0.00 0.00 100.00 100.00 -1000 1.99 5.81 -2.45 -1000 29.48 1.61 424.967
car -1 -1 0.00 0.00 0.00 100.00 100.00 -1000 1.90 5.53 14.28 -1000 35.44 1.42 423.165
car -1 -1 0.00 0.00 0.00 100.00 100.00 -1000 1.45 2.79 -10.32 -1000 41.25 1.44 421.929
car -1 -1 0.00 0.00 0.00 100.00 100.00 -1000 1.52 3.71 -2.77 -1000 41.36 1.58 420.754
car -1 -1 0.00 0.00 0.00 100.00 100.00 -1000 1.51 3.48 3.50 -1000 45.27 1.62 420.135
car -1 -1 0.00 0.00 0.00 100.00 100.00 -1000 1.61 3.49 -16.38 -1000 47.34 -0.02 415.211
car -1 -1 0.00 0.00 0.00 100.00 100.00 -1000 1.43 3.34 5.60 -1000 27.83 1.63 414.928
car -1 -1 0.00 0.00 0.00 100.00 100.00 -1000 1.48 3.54 5.26 -1000 4.91 1.56 413.212
car -1 -1 0.00 0.00 0.00 100.00 100.00 -1000 1.74 4.36 17.27 -1000 46.13 -0.12 412.514
car -1 -1 0.00 0.00 0.00 100.00 100.00 -1000 1.74 4.34 2.21 -1000 22.90 0.12 402.157
car -1 -1 0.00 0.00 0.00 100.00 100.00 -1000 1.47 3.53 -16.48 -1000 41.79 1.53 400.812
car -1 -1 0.00 0.00 0.00 100.00 100.00 -1000 1.65 3.33 4.06 -1000 21.41 1.44 400.677
car -1 -1 0.00 0.00 0.00 100.00 100.00 -1000 1.58 3.86 -2.30 -1000 33.04 1.58 399.064
car -1 -1 0.00 0.00 0.00 100.00 100.00 -1000 2.33 7.55 1.69 -1000 29.34 1.62 397.977
car -1 -1 0.00 0.00 0.00 100.00 100.00 -1000 1.53 3.79 19.03 -1000 26.49 1.51 396.795
car -1 -1 0.00 0.00 0.00 100.00 100.00 -1000 2.17 7.03 18.30 -1000 36.56 1.50 396.581
car -1 -1 0.00 0.00 0.00 100.00 100.00 -1000 1.41 3.17 -2.33 -1000 30.91 1.55 394.461
car -1 -1 0.00 0.00 0.00 100.00 100.00 -1000 1.53 3.79 -17.72 -1000 35.88 1.57 391.973
car -1 -1 0.00 0.00 0.00 100.00 100.00 -1000 1.60 4.09 2.69 -1000 30.87 1.59 390.656
car -1 -1 0.00 0.00 0.00 100.00 100.00 -1000 2.10 6.66 -1.16 -1000 30.12 1.63 389.701
car -1 -1 0.00 0.00 0.00 100.00 100.00 -1000 2.04 6.61 5.84 -1000 24.69 1.55 388.940
car -1 -1 0.00 0.00 0.00 100.00 100.00 -1000 2.32 7.84 19.40 -1000 37.34 1.48 388.916
car -1 -1 0.00 0.00 0.00 100.00 100.00 -1000 1.58 4.66 4.66 -1000 20.31 1.53 385.997
car -1 -1 0.00 0.00 0.00 100.00 100.00 -1000 1.69 4.38 2.97 -1000 42.96 1.53 381.495
car -1 -1 0.00 0.00 0.00 100.00 100.00 -1000 1.45 3.27 -11.96 -1000 46.82 1.73 380.814
car -1 -1 0.00 0.00 0.00 100.00 100.00 -1000 1.89 4.39 2.24 -1000 44.21 -0.02 377.416
car -1 -1 0.00 0.00 0.00 100.00 100.00 -1000 1.67 4.35 4.60 -1000 42.23 1.47 375.799
car -1 -1 0.00 0.00 0.00 100.00 100.00 -1000 1.77 4.92 1.05 -1000 46.29 1.44 374.683
car -1 -1 0.00 0.00 0.00 100.00 100.00 -1000 1.86 5.19 0.94 -1000 36.68 1.47 374.356
car -1 -1 0.00 0.00 0.00 100.00 100.00 -1000 1.51 3.88 1.42 -1000 42.57 1.55 373.581
car -1 -1 0.00 0.00 0.00 100.00 100.00 -1000 1.59 3.86 -3.23 -1000 27.84 1.58 373.215
car -1 -1 0.00 0.00 0.00 100.00 100.00 -1000 1.50 3.83 14.70 -1000 43.33 1.59 371.729
car -1 -1 0.00 0.00 0.00 100.00 100.00 -1000 1.96 6.35 14.86 -1000 38.17 1.51 370.190
car -1 -1 0.00 0.00 0.00 100.00 100.00 -1000 2.05 6.87 3.70 -1000 19.10 1.62 369.663
car -1 -1 0.00 0.00 0.00 100.00 100.00 -1000 1.49 3.51 -15.49 -1000 36.91 1.47 366.427
car -1 -1 0.00 0.00 0.00 100.00 100.00 -1000 1.74 4.46 -13.85 -1000 44.77 1.55 365.172
car -1 -1 0.00 0.00 0.00 100.00 100.00 -1000 1.55 3.27 -2.56 -1000 45.09 1.50 362.003
car -1 -1 0.00 0.00 0.00 100.00 100.00 -1000 1.50 3.51 -16.97 -1000 21.37 1.50 361.923
car -1 -1 0.00 0.00 0.00 100.00 100.00 -1000 1.46 3.53 -4.36 -1000 30.42 1.60 359.409
car -1 -1 0.00 0.00 0.00 100.00 100.00 -1000 1.53 4.26 7.38 -1000 12.00 0.34 358.997
car -1 -1 0.00 0.00 0.00 100.00 100.00 -1000 1.95 6.01 18.46 -1000 38.17 1.49 358.782
car -1 -1 0.00 0.00 0.00 100.00 100.00 -1000 1.56 3.88 -14.87 -1000 41.38 0.04 358.686
car -1 -1 0.00 0.00 0.00 100.00 100.00 -1000 1.83 4.94 6.90 -1000 36.67 1.42 358.418
car -1 -1 0.00 0.00 0.00 100.00 100.00 -1000 1.49 3.68 -4.57 -1000 27.22 0.20 357.281
car -1 -1 0.00 0.00 0.00 100.00 100.00 -1000 1.52 3.37 7.60 -1000 13.16 1.54 354.537
car -1 -1 0.00 0.00 0.00 100.00 100.00 -1000 1.73 4.01 4.21 -1000 4.08 1.56 353.373
car -1 -1 0.00 0.00 0.00 100.00 100.00 -1000 1.55 4.00 -4.71 -1000 46.92 0.20 350.531
car -1 -1 0.00 0.00 0.00 100.00 100.00 -1000 1.73 4.80 -7.74 -1000 42.58 1.49 349.768
car -1 -1 0.00 0.00 0.00 100.00 100.00 -1000 1.50 3.67 9.19 -1000 20.88 1.54 348.439
car -1 -1 0.00 0.00 0.00 100.00 100.00 -1000 1.58 4.24 -4.62 -1000 36.93 1.47 347.976
car -1 -1 0.00 0.00 0.00 100.00 100.00 -1000 1.74 4.90 15.52 -1000 33.40 1.50 347.476
car -1 -1 0.00 0.00 0.00 100.00 100.00 -1000 1.42 3.02 17.45 -1000 24.09 0.28 345.500
car -1 -1 0.00 0.00 0.00 100.00 100.00 -1000 1.62 3.88 -3.78 -1000 17.98 -0.11 345.241
car -1 -1 0.00 0.00 0.00 100.00 100.00 -1000 1.61 3.87 5.63 -1000 6.09 1.53 342.348
car -1 -1 0.00 0.00 0.00 100.00 100.00 -1000 1.76 4.27 -6.98 -1000 30.09 -0.11 340.980
car -1 -1 0.00 0.00 0.00 100.00 100.00 -1000 1.68 4.58 -0.82 -1000 30.98 1.59 340.734
car -1 -1 0.00 0.00 0.00 100.00 100.00 -1000 1.77 4.81 -9.02 -1000 30.63 1.52 340.118
car -1 -1 0.00 0.00 0.00 100.00 100.00 -1000 1.55 3.80 8.00 -1000 27.73 1.49 338.733
car -1 -1 0.00 0.00 0.00 100.00 100.00 -1000 1.76 4.75 5.71 -1000 43.00 1.43 338.217
car -1 -1 0.00 0.00 0.00 100.00 100.00 -1000 1.59 3.82 -16.21 -1000 40.95 0.14 337.813
car -1 -1 0.00 0.00 0.00 100.00 100.00 -1000 1.55 3.59 -18.17 -1000 26.08 1.46 336.929
car -1 -1 0.00 0.00 0.00 100.00 100.00 -1000 2.03 6.46 5.90 -1000 25.70 1.51 335.494
car -1 -1 0.00 0.00 0.00 100.00 100.00 -1000 1.51 3.82 -11.83 -1000 47.63 1.61 333.427
car -1 -1 0.00 0.00 0.00 100.00 100.00 -1000 1.87 5.07 -9.15 -1000 43.95 1.69 332.416
car -1 -1 0.00 0.00 0.00 100.00 100.00 -1000 1.70 4.12 15.25 -1000 28.12 1.50 331.273
car -1 -1 0.00 0.00 0.00 100.00 100.00 -1000 1.62 3.92 5.04 -1000 22.63 1.55 329.324
car -1 -1 0.00 0.00 0.00 100.00 100.00 -1000 1.63 3.56 8.65 -1000 16.60 1.51 328.467
car -1 -1 0.00 0.00 0.00 100.00 100.00 -1000 1.97 6.11 -9.09 -1000 46.68 1.42 328.449
car -1 -1 0.00 0.00 0.00 100.00 100.00 -1000 1.51 3.60 -1.09 -1000 34.64 1.53 327.457
car -1 -1 0.00 0.00 0.00 100.00 100.00 -1000 1.92 5.85 -9.08 -1000 34.10 1.56 327.165
car -1 -1 0.00 0.00 0.00 100.00 100.00 -1000 1.49 3.48 -18.48 -1000 22.98 1.49 325.647
car -1 -1 0.00 0.00 0.00 100.00 100.00 -1000 1.82 5.18 4.17 -1000 28.80 1.46 323.786
car -1 -1 0.00 0.00 0.00 100.00 100.00 -1000 1.73 4.49 4.42 -1000 35.41 1.53 322.640
car -1 -1 0.00 0.00 0.00 100.00 100.00 -1000 1.51 3.48 -1.09 -1000 31.73 1.54 319.532
car -1 -1 0.00 0.00 0.00 100.00 100.00 -1000 1.58 4.54 -2.15 -1000 26.42 0.14 316.909
car -1 -1 0.00 0.00 0.00 100.00 100.00 -1000 1.65 4.39 9.40 -1000 23.65 1.50 315.101
car -1 -1 0.00 0.00 0.00 100.00 100.00 -1000 1.48 3.66 -3.92 -1000 24.43 0.10 312.275
car -1 -1 0.00 0.00 0.00 100.00 100.00 -1000 2.17 6.74 19.60 -1000 35.71 1.48 310.726
car -1 -1 0.00 0.00 0.00 100.00 100.00 -1000 1.47 3.52 -18.94 -1000 29.41 1.54 306.804
car -1 -1 0.00 0.00 0.00 100.00 100.00 -1000 1.53 3.89 14.70 -1000 44.94 0.22 306.409
car -1 -1 0.00 0.00 0.00 100.00 100.00 -1000 1.41 3.06 4.65 -1000 14.80 1.28 306.382
car -1 -1 0.00 0.00 0.00 100.00 100.00 -1000 1.57 3.61 -4.91 -1000 47.71 1.44 305.427
car -1 -1 0.00 0.00 0.00 100.00 100.00 -1000 1.63 4.49 -1.25 -1000 37.95 0.08 302.957
car -1 -1 0.00 0.00 0.00 100.00 100.00 -1000 1.56 3.70 -17.17 -1000 36.54 1.50 302.105
car -1 -1 0.00 0.00 0.00 100.00 100.00 -1000 1.63 3.98 -16.16 -1000 26.17 1.58 301.846
car -1 -1 0.00 0.00 0.00 100.00 100.00 -1000 1.51 3.46 7.62 -1000 41.97 1.62 301.459
car -1 -1 0.00 0.00 0.00 100.00 100.00 -1000 1.49 3.33 16.94 -1000 39.92 1.58 296.060
car -1 -1 0.00 0.00 0.00 100.00 100.00 -1000 1.43 3.24 17.18 -1000 41.99 1.54 294.572
car -1 -1 0.00 0.00 0.00 100.00 100.00 -1000 1.54 3.92 15.92 -1000 26.91 0.12 293.693
car -1 -1 0.00 0.00 0.00 100.00 100.00 -1000 1.55 3.96 -3.30 -1000 37.81 0.08 291.717
car -1 -1 0.00 0.00 0.00 100.00 100.00 -1000 1.69 4.22 -0.77 -1000 35.89 1.46 288.182
car -1 -1 0.00 0.00 0.00 100.00 100.00 -1000 1.44 3.64 -3.48 -1000 25.21 1.57 288.125
car -1 -1 0.00 0.00 0.00 100.00 100.00 -1000 1.54 3.54 -18.33 -1000 30.18 1.44 287.236
car -1 -1 0.00 0.00 0.00 100.00 100.00 -1000 1.82 4.75 6.20 -1000 38.29 1.50 285.740
car -1 -1 0.00 0.00 0.00 100.00 100.00 -1000 1.71 4.37 -9.66 -1000 42.35 1.53 285.101
car -1 -1 0.00 0.00 0.00 100.00 100.00 -1000 1.50 3.66 17.75 -1000 26.23 1.50 279.878
car -1 -1 0.00 0.00 0.00 100.00 100.00 -1000 1.69 4.98 -5.38 -1000 38.08 1.56 276.119
car -1 -1 0.00 0.00 0.00 100.00 100.00 -1000 2.09 4.51 -13.17 -1000 46.80 -0.04 275.860
car -1 -1 0.00 0.00 0.00 100.00 100.00 -1000 1.83 5.58 -10.60 -1000 33.70 1.60 274.186
car -1 -1 0.00 0.00 0.00 100.00 100.00 -1000 1.55 3.82 -0.72 -1000 43.44 1.45 272.322
car -1 -1 0.00 0.00 0.00 100.00 100.00 -1000 1.82 5.01 -13.87 -1000 43.92 1.51 271.295
car -1 -1 0.00 0.00 0.00 100.00 100.00 -1000 1.89 5.28 -7.81 -1000 44.40 1.54 268.635
car -1 -1 0.00 0.00 0.00 100.00 100.00 -1000 1.71 4.63 -11.90 -1000 32.96 1.58 268.145
car -1 -1 0.00 0.00 0.00 100.00 100.00 -1000 1.44 2.87 9.54 -1000 14.82 1.51 264.084
car -1 -1 0.00 0.00 0.00 100.00 100.00 -1000 1.75 4.49 6.95 -1000 5.22 1.42 262.825
car -1 -1 0.00 0.00 0.00 100.00 100.00 -1000 2.13 7.22 6.53 -1000 8.26 1.38 262.039
car -1 -1 0.00 0.00 0.00 100.00 100.00 -1000 1.73 4.78 -7.05 -1000 40.28 1.44 259.896
car -1 -1 0.00 0.00 0.00 100.00 100.00 -1000 1.54 3.67 -17.31 -1000 30.97 1.52 259.425
car -1 -1 0.00 0.00 0.00 100.00 100.00 -1000 1.64 3.77 -17.82 -1000 26.96 1.50 259.072
car -1 -1 0.00 0.00 0.00 100.00 100.00 -1000 1.81 4.99 7.72 -1000 37.43 1.42 258.231
car -1 -1 0.00 0.00 0.00 100.00 100.00 -1000 1.78 4.79 6.03 -1000 35.87 1.43 257.983
car -1 -1 0.00 0.00 0.00 100.00 100.00 -1000 1.77 5.53 2.20 -1000 18.48 1.50 256.122
car -1 -1 0.00 0.00 0.00 100.00 100.00 -1000 1.68 4.15 -18.24 -1000 40.07 1.68 255.695
car -1 -1 0.00 0.00 0.00 100.00 100.00 -1000 1.46 3.85 -10.46 -1000 39.98 1.53 253.560
car -1 -1 0.00 0.00 0.00 100.00 100.00 -1000 1.66 3.97 -16.15 -1000 29.40 1.57 253.459
car -1 -1 0.00 0.00 0.00 100.00 100.00 -1000 1.51 3.83 4.11 -1000 34.50 1.54 250.939
car -1 -1 0.00 0.00 0.00 100.00 100.00 -1000 1.81 4.93 14.05 -1000 46.02 1.36 249.548
car -1 -1 0.00 0.00 0.00 100.00 100.00 -1000 1.64 4.25 -12.07 -1000 39.70 1.46 249.269
car -1 -1 0.00 0.00 0.00 100.00 100.00 -1000 1.67 4.27 0.71 -1000 43.93 1.42 248.986
car -1 -1 0.00 0.00 0.00 100.00 100.00 -1000 1.49 4.71 1.04 -1000 23.77 1.40 247.490
car -1 -1 0.00 0.00 0.00 100.00 100.00 -1000 1.69 4.14 7.78 -1000 23.32 1.40 247.241
car -1 -1 0.00 0.00 0.00 100.00 100.00 -1000 1.69 4.18 -2.08 -1000 45.95 1.54 244.898
car -1 -1 0.00 0.00 0.00 100.00 100.00 -1000 1.65 4.06 -16.08 -1000 22.96 1.57 244.547
car -1 -1 0.00 0.00 0.00 100.00 100.00 -1000 1.63 4.12 -13.55 -1000 34.11 1.45 243.961
car -1 -1 0.00 0.00 0.00 100.00 100.00 -1000 1.40 2.84 8.79 -1000 14.03 1.44 243.290
car -1 -1 0.00 0.00 0.00 100.00 100.00 -1000 1.48 3.40 -14.68 -1000 37.44 1.50 241.763
car -1 -1 0.00 0.00 0.00 100.00 100.00 -1000 1.65 4.64 -9.67 -1000 29.69 1.48 240.679
car -1 -1 0.00 0.00 0.00 100.00 100.00 -1000 1.50 3.24 17.08 -1000 40.73 1.55 240.228
car -1 -1 0.00 0.00 0.00 100.00 100.00 -1000 1.91 5.75 -8.48 -1000 34.97 1.47 240.217
car -1 -1 0.00 0.00 0.00 100.00 100.00 -1000 1.92 5.32 8.68 -1000 15.84 0.10 239.175
car -1 -1 0.00 0.00 0.00 100.00 100.00 -1000 1.61 3.96 1.44 -1000 34.62 1.41 237.405
car -1 -1 0.00 0.00 0.00 100.00 100.00 -1000 1.57 3.92 2.19 -1000 33.50 1.54 236.115
car -1 -1 0.00 0.00 0.00 100.00 100.00 -1000 1.55 4.06 4.82 -1000 3.00 1.51 235.191
car -1 -1 0.00 0.00 0.00 100.00 100.00 -1000 1.37 3.34 15.84 -1000 39.10 0.44 234.589
car -1 -1 0.00 0.00 0.00 100.00 100.00 -1000 1.56 3.80 -19.00 -1000 25.42 1.53 234.497
car -1 -1 0.00 0.00 0.00 100.00 100.00 -1000 1.54 4.18 14.74 -1000 25.59 1.58 233.547
car -1 -1 0.00 0.00 0.00 100.00 100.00 -1000 1.56 3.62 0.42 -1000 44.69 0.28 233.344
car -1 -1 0.00 0.00 0.00 100.00 100.00 -1000 1.72 4.31 -17.75 -1000 23.73 1.57 232.716
car -1 -1 0.00 0.00 0.00 100.00 100.00 -1000 1.78 4.58 14.09 -1000 27.47 1.44 231.817
car -1 -1 0.00 0.00 0.00 100.00 100.00 -1000 1.63 4.68 7.62 -1000 39.29 1.50 231.589
car -1 -1 0.00 0.00 0.00 100.00 100.00 -1000 1.60 3.89 -1.92 -1000 46.77 1.60 231.296
car -1 -1 0.00 0.00 0.00 100.00 100.00 -1000 1.69 4.50 6.92 -1000 20.90 1.39 227.125
car -1 -1 0.00 0.00 0.00 100.00 100.00 -1000 1.68 4.36 3.55 -1000 30.23 1.52 226.999
car -1 -1 0.00 0.00 0.00 100.00 100.00 -1000 1.56 4.28 -0.22 -1000 24.14 1.31 226.628
car -1 -1 0.00 0.00 0.00 100.00 100.00 -1000 1.72 4.98 4.78 -1000 7.41 1.48 223.369
car -1 -1 0.00 0.00 0.00 100.00 100.00 -1000 1.66 4.68 -6.95 -1000 45.17 1.54 222.575
car -1 -1 0.00 0.00 0.00 100.00 100.00 -1000 2.15 6.93 5.51 -1000 19.57 1.33 222.390
car -1 -1 0.00 0.00 0.00 100.00 100.00 -1000 1.61 4.45 17.05 -1000 25.18 1.52 222.253
car -1 -1 0.00 0.00 0.00 100.00 100.00 -1000 1.74 4.19 -17.88 -1000 45.08 1.56 221.806
car -1 -1 0.00 0.00 0.00 100.00 100.00 -1000 2.02 6.16 -10.38 -1000 47.31 1.51 221.668
