car -1 -1 0.00 0.00 0.00 100.00 100.00 -1000 1.52 4.59 7.19 -1000 15.09 0.05 999.430
car -1 -1 0.00 0.00 0.00 100.00 100.00 -1000 1.67 3.66 6.54 -1000 15.78 1.53 999.256
car -1 -1 0.00 0.00 0.00 100.00 100.00 -1000 1.69 4.38 10.48 -1000 47.16 1.54 997.010
car -1 -1 0.00 0.00 0.00 100.00 100.00 -1000 1.63 4.20 17.52 -1000 30.41 -0.20 994.614
car -1 -1 0.00 0.00 0.00 100.00 100.00 -1000 1.62 4.22 13.37 -1000 28.92 -0.20 990.131
car -1 -1 0.00 0.00 0.00 100.00 100.00 -1000 1.75 4.64 10.60 -1000 44.64 1.55 986.344
car -1 -1 0.00 0.00 0.00 100.00 100.00 -1000 1.75 4.77 6.38 -1000 16.49 1.54 980.589
car -1 -1 0.00 0.00 0.00 100.00 100.00 -1000 1.62 3.87 11.62 -1000 41.85 1.63 974.710
car -1 -1 0.00 0.00 0.00 100.00 100.00 -1000 1.45 3.27 -9.77 -1000 42.43 1.56 948.907
car -1 -1 0.00 0.00 0.00 100.00 100.00 -1000 1.54 3.59 -16.26 -1000 45.78 1.56 943.871
car -1 -1 0.00 0.00 0.00 100.00 100.00 -1000 1.54 3.78 10.03 -1000 43.85 1.50 942.915
car -1 -1 0.00 0.00 0.00 100.00 100.00 -1000 1.62 4.14 -16.99 -1000 44.96 -0.13 938.316
car -1 -1 0.00 0.00 0.00 100.00 100.00 -1000 1.67 4.36 15.78 -1000 30.92 -0.05 933.558
car -1 -1 0.00 0.00 0.00 100.00 100.00 -1000 2.14 7.02 6.10 -1000 17.07 1.66 929.549
car -1 -1 0.00 0.00 0.00 100.00 100.00 -1000 1.43 3.24 11.39 -1000 31.25 -0.22 925.761
car -1 -1 0.00 0.00 0.00 100.00 100.00 -1000 1.42 3.34 -15.90 -1000 25.75 1.61 913.919
car -1 -1 0.00 0.00 0.00 100.00 100.00 -1000 1.59 3.92 -16.91 -1000 40.63 0.03 909.962
car -1 -1 0.00 0.00 0.00 100.00 100.00 -1000 1.90 3.99 11.26 -1000 46.34 -0.30 909.213
car -1 -1 0.00 0.00 0.00 100.00 100.00 -1000 1.47 3.31 1.02 -1000 47.35 1.59 908.796
car -1 -1 0.00 0.00 0.00 100.00 100.00 -1000 2.14 6.33 13.04 -1000 35.79 1.73 908.244
car -1 -1 0.00 0.00 0.00 100.00 100.00 -1000 1.72 4.42 1.67 -1000 41.45 -0.10 906.795
car -1 -1 0.00 0.00 0.00 100.00 100.00 -1000 1.52 3.40 -17.88 -1000 45.81 1.61 905.453
car -1 -1 0.00 0.00 0.00 100.00 100.00 -1000 1.65 4.01 -12.84 -1000 43.09 0.03 902.371
car -1 -1 0.00 0.00 0.00 100.00 100.00 -1000 1.57 3.75 -18.39 -1000 40.97 0.10 900.991
car -1 -1 0.00 0.00 0.00 100.00 100.00 -1000 1.56 3.78 -10.44 -1000 41.83 -0.03 900.015
car -1 -1 0.00 0.00 0.00 100.00 100.00 -1000 1.50 3.61 11.06 -1000 35.44 1.55 894.992
car -1 -1 0.00 0.00 0.00 100.00 100.00 -1000 1.53 3.61 15.90 -1000 29.50 1.60 888.811
car -1 -1 0.00 0.00 0.00 100.00 100.00 -1000 1.56 3.45 -4.36 -1000 41.40 1.57 887.426
car -1 -1 0.00 0.00 0.00 100.00 100.00 -1000 1.58 3.69 12.05 -1000 28.54 -0.22 881.648
car -1 -1 0.00 0.00 0.00 100.00 100.00 -1000 1.65 3.77 3.93 -1000 42.87 1.68 880.854
car -1 -1 0.00 0.00 0.00 100.00 100.00 -1000 1.55 3.70 -15.84 -1000 40.27 0.15 880.403
car -1 -1 0.00 0.00 0.00 100.00 100.00 -1000 1.56 3.57 10.77 -1000 30.65 0.08 879.153
car -1 -1 0.00 0.00 0.00 100.00 100.00 -1000 1.48 3.48 -1.62 -1000 41.77 1.59 877.786
car -1 -1 0.00 0.00 0.00 100.00 100.00 -1000 1.50 3.58 -12.74 -1000 44.18 1.59 876.496
car -1 -1 0.00 0.00 0.00 100.00 100.00 -1000 1.54 3.60 18.13 -1000 31.11 1.57 871.726
car -1 -1 0.00 0.00 0.00 100.00 100.00 -1000 1.48 3.38 -16.34 -1000 30.74 1.59 871.018
car -1 -1 0.00 0.00 0.00 100.00 100.00 -1000 1.54 3.39 2.26 -1000 42.59 1.56 870.778
car -1 -1 0.00 0.00 0.00 100.00 100.00 -1000 1.50 3.42 -6.24 -1000 41.02 1.60 869.307
car -1 -1 0.00 0.00 0.00 100.00 100.00 -1000 1.65 4.12 -5.41 -1000 40.23 0.01 867.933
car -1 -1 0.00 0.00 0.00 100.00 100.00 -1000 1.75 4.87 10.19 -1000 43.15 1.50 860.421
car -1 -1 0.00 0.00 0.00 100.00 100.00 -1000 1.56 3.70 9.99 -1000 41.91 1.51 857.313
car -1 -1 0.00 0.00 0.00 100.00 100.00 -1000 1.68 4.23 -2.37 -1000 40.57 -0.09 856.486
car -1 -1 0.00 0.00 0.00 100.00 100.00 -1000 1.48 3.58 4.54 -1000 43.52 1.58 849.433
car -1 -1 0.00 0.00 0.00 100.00 100.00 -1000 1.64 4.03 -11.12 -1000 20.22 1.62 848.733
car -1 -1 0.00 0.00 0.00 100.00 100.00 -1000 1.64 3.98 -0.36 -1000 41.00 -0.13 843.651
car -1 -1 0.00 0.00 0.00 100.00 100.00 -1000 1.60 3.73 13.69 -1000 29.78 1.58 842.948
car -1 -1 0.00 0.00 0.00 100.00 100.00 -1000 1.70 4.30 -18.82 -1000 44.92 -0.04 842.242
car -1 -1 0.00 0.00 0.00 100.00 100.00 -1000 1.66 3.90 0.69 -1000 46.32 -0.13 841.792
car -1 -1 0.00 0.00 0.00 100.00 100.00 -1000 1.67 3.90 3.25 -1000 42.11 1.72 840.884
car -1 -1 0.00 0.00 0.00 100.00 100.00 -1000 1.50 3.25 0.54 -1000 42.19 1.59 821.516
car -1 -1 0.00 0.00 0.00 100.00 100.00 -1000 1.54 3.73 -9.43 -1000 15.35 1.49 818.208
car -1 -1 0.00 0.00 0.00 100.00 100.00 -1000 1.53 3.69 -12.62 -1000 38.63 0.03 816.577
car -1 -1 0.00 0.00 0.00 100.00 100.00 -1000 1.50 3.66 8.88 -1000 45.21 1.55 807.077
car -1 -1 0.00 0.00 0.00 100.00 100.00 -1000 1.48 3.29 -3.13 -1000 41.85 1.60 800.865
car -1 -1 0.00 0.00 0.00 100.00 100.00 -1000 1.55 3.82 12.51 -1000 29.43 1.60 800.708
car -1 -1 0.00 0.00 0.00 100.00 100.00 -1000 2.70 10.21 16.49 -1000 35.63 1.39 795.423
car -1 -1 0.00 0.00 0.00 100.00 100.00 -1000 1.39 3.36 -14.67 -1000 39.76 0.10 795.250
car -1 -1 0.00 0.00 0.00 100.00 100.00 -1000 1.70 3.96 -7.01 -1000 39.88 -0.01 792.513
car -1 -1 0.00 0.00 0.00 100.00 100.00 -1000 1.60 3.78 -14.17 -1000 44.31 1.61 791.997
car -1 -1 0.00 0.00 0.00 100.00 100.00 -1000 1.77 4.47 17.17 -1000 34.14 1.53 791.100
car -1 -1 0.00 0.00 0.00 100.00 100.00 -1000 1.63 4.05 18.78 -1000 33.82 1.58 779.458
car -1 -1 0.00 0.00 0.00 100.00 100.00 -1000 1.41 3.30 -17.87 -1000 41.74 1.58 779.374
car -1 -1 0.00 0.00 0.00 100.00 100.00 -1000 1.44 3.36 10.57 -1000 31.80 1.53 774.243
car -1 -1 0.00 0.00 0.00 100.00 100.00 -1000 1.80 4.96 11.81 -1000 36.50 1.65 773.349
car -1 -1 0.00 0.00 0.00 100.00 100.00 -1000 1.38 3.16 -16.57 -1000 41.36 1.59 767.991
car -1 -1 0.00 0.00 0.00 100.00 100.00 -1000 1.61 3.94 3.30 -1000 37.40 -0.19 765.531
car -1 -1 0.00 0.00 0.00 100.00 100.00 -1000 1.43 3.49 -8.70 -1000 46.60 1.54 765.135
car -1 -1 0.00 0.00 0.00 100.00 100.00 -1000 2.02 5.94 6.34 -1000 17.94 1.54 762.573
car -1 -1 0.00 0.00 0.00 100.00 100.00 -1000 1.44 3.47 -13.69 -1000 39.21 0.26 762.352
car -1 -1 0.00 0.00 0.00 100.00 100.00 -1000 1.52 3.74 16.90 -1000 31.43 1.50 760.089
car -1 -1 0.00 0.00 0.00 100.00 100.00 -1000 1.59 3.74 -8.09 -1000 35.77 -0.01 757.030
car -1 -1 0.00 0.00 0.00 100.00 100.00 -1000 1.76 4.64 10.61 -1000 41.23 0.05 756.957
car -1 -1 0.00 0.00 0.00 100.00 100.00 -1000 1.84 5.14 15.41 -1000 33.78 1.57 747.393
car -1 -1 0.00 0.00 0.00 100.00 100.00 -1000 1.56 3.84 -11.65 -1000 19.50 -0.04 741.404
car -1 -1 0.00 0.00 0.00 100.00 100.00 -1000 1.31 2.89 -18.85 -1000 42.09 1.60 738.120
car -1 -1 0.00 0.00 0.00 100.00 100.00 -1000 1.40 3.25 -15.02 -1000 31.36 1.54 736.937
car -1 -1 0.00 0.00 0.00 100.00 100.00 -1000 1.66 3.89 12.99 -1000 41.49 1.61 732.920
car -1 -1 0.00 0.00 0.00 100.00 100.00 -1000 1.49 3.62 -9.07 -1000 37.00 1.62 725.499
car -1 -1 0.00 0.00 0.00 100.00 100.00 -1000 1.58 4.06 12.25 -1000 34.85 -0.31 723.653
car -1 -1 0.00 0.00 0.00 100.00 100.00 -1000 1.53 3.60 5.98 -1000 43.82 1.57 722.016
car -1 -1 0.00 0.00 0.00 100.00 100.00 -1000 1.65 4.13 8.43 -1000 40.58 1.62 719.111
car -1 -1 0.00 0.00 0.00 100.00 100.00 -1000 1.56 3.75 -7.93 -1000 41.07 1.60 714.226
car -1 -1 0.00 0.00 0.00 100.00 100.00 -1000 1.61 4.05 10.48 -1000 34.71 0.01 711.329
car -1 -1 0.00 0.00 0.00 100.00 100.00 -1000 1.49 3.19 2.49 -1000 37.88 1.51 711.071
car -1 -1 0.00 0.00 0.00 100.00 100.00 -1000 1.43 3.17 4.01 -1000 38.62 1.54 707.968
car -1 -1 0.00 0.00 0.00 100.00 100.00 -1000 1.51 3.61 -11.51 -1000 43.35 1.60 706.338
car -1 -1 0.00 0.00 0.00 100.00 100.00 -1000 1.76 4.22 17.28 -1000 29.16 1.68 702.933
car -1 -1 0.00 0.00 0.00 100.00 100.00 -1000 2.28 7.23 14.86 -1000 34.59 1.62 701.257
car -1 -1 0.00 0.00 0.00 100.00 100.00 -1000 1.64 4.06 -16.57 -1000 25.04 -0.13 699.093
car -1 -1 0.00 0.00 0.00 100.00 100.00 -1000 2.04 5.78 11.54 -1000 43.98 1.72 697.997
car -1 -1 0.00 0.00 0.00 100.00 100.00 -1000 1.52 3.66 -1.01 -1000 35.84 0.01 696.266
car -1 -1 0.00 0.00 0.00 100.00 100.00 -1000 1.67 4.06 5.32 -1000 38.19 -0.22 695.347
car -1 -1 0.00 0.00 0.00 100.00 100.00 -1000 1.59 3.75 7.76 -1000 35.30 0.09 693.227
car -1 -1 0.00 0.00 0.00 100.00 100.00 -1000 1.49 3.45 -4.47 -1000 35.76 0.12 690.060
car -1 -1 0.00 0.00 0.00 100.00 100.00 -1000 1.43 3.44 13.24 -1000 32.05 -0.17 689.123
car -1 -1 0.00 0.00 0.00 100.00 100.00 -1000 2.49 8.45 14.68 -1000 36.52 1.46 686.613
car -1 -1 0.00 0.00 0.00 100.00 100.00 -1000 1.44 3.26 -12.62 -1000 39.74 1.57 679.445
car -1 -1 0.00 0.00 0.00 100.00 100.00 -1000 1.45 3.38 -10.29 -1000 43.10 1.59 679.075
car -1 -1 0.00 0.00 0.00 100.00 100.00 -1000 2.60 9.06 17.93 -1000 36.48 1.36 670.732
car -1 -1 0.00 0.00 0.00 100.00 100.00 -1000 1.57 3.59 -6.46 -1000 35.78 0.03 670.375
car -1 -1 0.00 0.00 0.00 100.00 100.00 -1000 1.79 5.05 6.45 -1000 14.47 -0.23 668.647
car -1 -1 0.00 0.00 0.00 100.00 100.00 -1000 1.84 4.47 14.79 -1000 28.58 -0.25 667.516
car -1 -1 0.00 0.00 0.00 100.00 100.00 -1000 2.20 8.36 6.32 -1000 18.68 1.56 667.036
car -1 -1 0.00 0.00 0.00 100.00 100.00 -1000 1.43 3.17 9.79 -1000 39.07 1.49 666.913
car -1 -1 0.00 0.00 0.00 100.00 100.00 -1000 1.39 3.18 -14.27 -1000 40.57 1.58 664.928
car -1 -1 0.00 0.00 0.00 100.00 100.00 -1000 1.42 3.44 -7.45 -1000 36.85 1.58 659.092
car -1 -1 0.00 0.00 0.00 100.00 100.00 -1000 1.46 3.28 -9.33 -1000 45.38 -0.09 657.859
car -1 -1 0.00 0.00 0.00 100.00 100.00 -1000 1.39 3.26 -0.08 -1000 36.99 1.57 654.357
car -1 -1 0.00 0.00 0.00 100.00 100.00 -1000 1.41 3.38 -11.60 -1000 34.10 0.17 640.401
car -1 -1 0.00 0.00 0.00 100.00 100.00 -1000 1.79 4.74 -14.92 -1000 46.15 1.49 639.398
car -1 -1 0.00 0.00 0.00 100.00 100.00 -1000 1.54 3.68 -11.06 -1000 45.19 1.46 637.886
car -1 -1 0.00 0.00 0.00 100.00 100.00 -1000 1.49 3.39 8.44 -1000 45.92 1.55 636.815
car -1 -1 0.00 0.00 0.00 100.00 100.00 -1000 1.43 3.15 5.34 -1000 39.09 1.58 636.750
car -1 -1 0.00 0.00 0.00 100.00 100.00 -1000 1.52 3.64 7.91 -1000 38.79 0.07 636.438
car -1 -1 0.00 0.00 0.00 100.00 100.00 -1000 1.65 3.63 -14.85 -1000 43.62 1.51 632.674
car -1 -1 0.00 0.00 0.00 100.00 100.00 -1000 1.72 4.09 -15.04 -1000 44.92 1.67 630.104
car -1 -1 0.00 0.00 0.00 100.00 100.00 -1000 1.86 5.27 11.61 -1000 42.57 1.63 630.002
car -1 -1 0.00 0.00 0.00 100.00 100.00 -1000 1.62 3.75 2.14 -1000 36.90 -0.01 624.797
car -1 -1 0.00 0.00 0.00 100.00 100.00 -1000 1.42 3.18 0.50 -1000 33.97 1.60 621.048
car -1 -1 0.00 0.00 0.00 100.00 100.00 -1000 1.51 3.50 7.26 -1000 36.47 1.57 620.760
car -1 -1 0.00 0.00 0.00 100.00 100.00 -1000 1.56 3.54 12.78 -1000 33.43 1.67 619.527
car -1 -1 0.00 0.00 0.00 100.00 100.00 -1000 1.92 4.49 -18.03 -1000 44.23 0.03 617.065
car -1 -1 0.00 0.00 0.00 100.00 100.00 -1000 1.54 3.34 10.60 -1000 33.02 1.55 606.208
car -1 -1 0.00 0.00 0.00 100.00 100.00 -1000 1.46 3.24 3.83 -1000 34.89 1.60 605.625
car -1 -1 0.00 0.00 0.00 100.00 100.00 -1000 1.60 3.42 7.49 -1000 13.88 1.48 603.006
car -1 -1 0.00 0.00 0.00 100.00 100.00 -1000 1.66 4.19 -16.64 -1000 30.02 -0.01 602.172
car -1 -1 0.00 0.00 0.00 100.00 100.00 -1000 1.51 3.60 -2.08 -1000 37.50 1.60 599.500
car -1 -1 0.00 0.00 0.00 100.00 100.00 -1000 1.47 3.38 2.62 -1000 34.39 1.53 590.579
car -1 -1 0.00 0.00 0.00 100.00 100.00 -1000 1.48 3.61 -1.05 -1000 32.59 0.09 585.009
car -1 -1 0.00 0.00 0.00 100.00 100.00 -1000 1.66 4.11 14.15 -1000 33.09 1.62 584.229
car -1 -1 0.00 0.00 0.00 100.00 100.00 -1000 1.46 3.58 6.44 -1000 39.46 1.53 582.664
car -1 -1 0.00 0.00 0.00 100.00 100.00 -1000 1.53 3.96 11.75 -1000 30.14 -0.12 581.478
car -1 -1 0.00 0.00 0.00 100.00 100.00 -1000 1.50 3.37 5.75 -1000 35.72 1.53 581.309
car -1 -1 0.00 0.00 0.00 100.00 100.00 -1000 2.04 4.75 17.90 -1000 32.81 -0.26 580.349
car -1 -1 0.00 0.00 0.00 100.00 100.00 -1000 1.72 4.51 8.88 -1000 44.40 1.46 576.806
car -1 -1 0.00 0.00 0.00 100.00 100.00 -1000 1.60 3.99 9.61 -1000 35.92 1.56 574.507
car -1 -1 0.00 0.00 0.00 100.00 100.00 -1000 2.20 7.36 8.51 -1000 16.70 1.45 571.975
car -1 -1 0.00 0.00 0.00 100.00 100.00 -1000 1.70 4.40 -8.96 -1000 43.39 1.61 569.724
car -1 -1 0.00 0.00 0.00 100.00 100.00 -1000 1.49 3.27 10.29 -1000 45.35 1.43 564.429
car -1 -1 0.00 0.00 0.00 100.00 100.00 -1000 1.89 5.20 12.87 -1000 45.01 1.46 563.203
car -1 -1 0.00 0.00 0.00 100.00 100.00 -1000 1.43 3.10 1.43 -1000 37.46 1.53 561.751
car -1 -1 0.00 0.00 0.00 100.00 100.00 -1000 1.72 4.44 -9.74 -1000 37.80 1.60 560.431
car -1 -1 0.00 0.00 0.00 100.00 100.00 -1000 1.57 3.47 8.90 -1000 42.78 1.46 549.924
car -1 -1 0.00 0.00 0.00 100.00 100.00 -1000 1.93 5.73 9.18 -1000 15.58 1.56 546.284
car -1 -1 0.00 0.00 0.00 100.00 100.00 -1000 1.54 3.70 -10.70 -1000 36.15 0.26 542.920
car -1 -1 0.00 0.00 0.00 100.00 100.00 -1000 2.41 8.39 16.48 -1000 37.33 1.37 542.330
car -1 -1 0.00 0.00 0.00 100.00 100.00 -1000 1.63 3.73 1.70 -1000 44.99 1.55 538.390
car -1 -1 0.00 0.00 0.00 100.00 100.00 -1000 2.03 5.64 13.49 -1000 42.19 1.46 533.334
car -1 -1 0.00 0.00 0.00 100.00 100.00 -1000 1.50 3.49 11.72 -1000 32.71 1.59 530.564
car -1 -1 0.00 0.00 0.00 100.00 100.00 -1000 1.48 3.57 -7.97 -1000 45.21 1.60 530.144
car -1 -1 0.00 0.00 0.00 100.00 100.00 -1000 1.45 3.26 -11.18 -1000 24.75 0.32 530.086
car -1 -1 0.00 0.00 0.00 100.00 100.00 -1000 1.66 3.72 1.35 -1000 33.01 0.04 528.414
car -1 -1 0.00 0.00 0.00 100.00 100.00 -1000 1.65 3.98 16.61 -1000 33.24 1.59 526.008
car -1 -1 0.00 0.00 0.00 100.00 100.00 -1000 1.52 3.63 12.88 -1000 31.29 -0.22 525.655
car -1 -1 0.00 0.00 0.00 100.00 100.00 -1000 1.43 3.37 -4.44 -1000 36.90 1.51 524.716
car -1 -1 0.00 0.00 0.00 100.00 100.00 -1000 1.54 3.59 16.18 -1000 32.37 -0.19 524.308
car -1 -1 0.00 0.00 0.00 100.00 100.00 -1000 1.49 3.62 14.72 -1000 31.94 -0.05 520.892
car -1 -1 0.00 0.00 0.00 100.00 100.00 -1000 2.40 7.63 13.64 -1000 42.99 1.40 519.996
car -1 -1 0.00 0.00 0.00 100.00 100.00 -1000 1.43 3.25 -8.01 -1000 34.05 1.58 512.346
car -1 -1 0.00 0.00 0.00 100.00 100.00 -1000 1.65 3.94 -12.75 -1000 20.15 1.54 511.454
car -1 -1 0.00 0.00 0.00 100.00 100.00 -1000 1.53 3.75 8.27 -1000 36.99 1.51 509.655
car -1 -1 0.00 0.00 0.00 100.00 100.00 -1000 1.53 3.73 -11.55 -1000 39.34 1.54 506.446
car -1 -1 0.00 0.00 0.00 100.00 100.00 -1000 2.96 6.05 12.15 -1000 40.98 -0.26 503.978
car -1 -1 0.00 0.00 0.00 100.00 100.00 -1000 1.57 4.10 14.11 -1000 22.61 1.62 502.955
car -1 -1 0.00 0.00 0.00 100.00 100.00 -1000 2.15 6.59 18.57 -1000 34.88 1.40 498.315
car -1 -1 0.00 0.00 0.00 100.00 100.00 -1000 1.67 4.05 8.63 -1000 39.47 1.59 498.311
car -1 -1 0.00 0.00 0.00 100.00 100.00 -1000 1.56 3.37 11.99 -1000 40.99 1.65 497.486
car -1 -1 0.00 0.00 0.00 100.00 100.00 -1000 2.48 8.73 9.26 -1000 18.77 1.38 491.245
car -1 -1 0.00 0.00 0.00 100.00 100.00 -1000 1.63 3.85 3.35 -1000 33.72 0.01 488.103
car -1 -1 0.00 0.00 0.00 100.00 100.00 -1000 1.43 3.52 -0.99 -1000 33.69 1.59 482.606
car -1 -1 0.00 0.00 0.00 100.00 100.00 -1000 1.89 5.37 12.96 -1000 46.97 1.44 481.929
car -1 -1 0.00 0.00 0.00 100.00 100.00 -1000 1.54 3.85 -10.43 -1000 33.61 0.31 479.460
car -1 -1 0.00 0.00 0.00 100.00 100.00 -1000 1.57 3.66 -8.61 -1000 32.94 0.31 474.749
car -1 -1 0.00 0.00 0.00 100.00 100.00 -1000 2.00 6.03 0.20 -1000 44.62 1.45 471.794
car -1 -1 0.00 0.00 0.00 100.00 100.00 -1000 1.65 4.30 -14.53 -1000 25.96 1.63 471.351
car -1 -1 0.00 0.00 0.00 100.00 100.00 -1000 1.55 3.65 -14.25 -1000 37.33 0.08 469.701
car -1 -1 0.00 0.00 0.00 100.00 100.00 -1000 1.55 3.86 -11.63 -1000 44.55 -0.38 467.556
car -1 -1 0.00 0.00 0.00 100.00 100.00 -1000 1.47 3.51 -16.81 -1000 21.43 1.51 466.525
car -1 -1 0.00 0.00 0.00 100.00 100.00 -1000 1.65 4.24 -19.70 -1000 27.41 1.61 466.132
car -1 -1 0.00 0.00 0.00 100.00 100.00 -1000 1.83 4.46 3.56 -1000 41.16 1.66 465.456
car -1 -1 0.00 0.00 0.00 100.00 100.00 -1000 1.58 3.99 -1.41 -1000 36.79 1.58 461.469
car -1 -1 0.00 0.00 0.00 100.00 100.00 -1000 1.48 3.44 -8.21 -1000 45.97 1.61 460.381
car -1 -1 0.00 0.00 0.00 100.00 100.00 -1000 2.32 7.38 14.58 -1000 45.42 1.39 458.330
car -1 -1 0.00 0.00 0.00 100.00 100.00 -1000 1.47 3.52 2.24 -1000 31.12 1.57 457.488
car -1 -1 0.00 0.00 0.00 100.00 100.00 -1000 1.56 3.50 -10.13 -1000 46.31 1.44 455.685
car -1 -1 0.00 0.00 0.00 100.00 100.00 -1000 1.61 4.07 -3.08 -1000 36.65 1.57 450.670
car -1 -1 0.00 0.00 0.00 100.00 100.00 -1000 2.31 7.57 13.79 -1000 44.23 1.36 446.561
car -1 -1 0.00 0.00 0.00 100.00 100.00 -1000 1.57 3.78 -8.79 -1000 40.22 1.51 445.375
car -1 -1 0.00 0.00 0.00 100.00 100.00 -1000 1.57 3.72 6.00 -1000 34.93 -0.06 445.303
car -1 -1 0.00 0.00 0.00 100.00 100.00 -1000 1.66 4.22 9.57 -1000 47.75 1.44 443.733
car -1 -1 0.00 0.00 0.00 100.00 100.00 -1000 1.47 3.53 4.83 -1000 35.30 1.58 442.388
car -1 -1 0.00 0.00 0.00 100.00 100.00 -1000 1.37 2.99 11.31 -1000 27.47 0.18 438.106
car -1 -1 0.00 0.00 0.00 100.00 100.00 -1000 1.48 3.30 -3.54 -1000 32.77 0.31 437.629
car -1 -1 0.00 0.00 0.00 100.00 100.00 -1000 1.46 3.41 -0.87 -1000 30.81 1.61 435.804
car -1 -1 0.00 0.00 0.00 100.00 100.00 -1000 1.56 3.11 8.18 -1000 13.32 1.50 433.325
car -1 -1 0.00 0.00 0.00 100.00 100.00 -1000 1.46 3.48 -5.99 -1000 33.96 1.59 430.405
car -1 -1 0.00 0.00 0.00 100.00 100.00 -1000 1.55 3.87 -17.52 -1000 25.73 1.51 428.285
car -1 -1 0.00 0.00 0.00 100.00 100.00 -1000 1.82 4.66 14.20 -1000 41.03 1.42 426.498
car -1 -1 0.00 0.00 0.00 100.00 100.00 -1000 1.48 3.52 11.63 -1000 37.75 -0.25 426.382
car -1 -1 0.00 0.00 0.00 100.00 100.00 -1000 1.52 3.77 -12.85 -1000 40.47 1.55 426.220
car -1 -1 0.00 0.00 0.00 100.00 100.00 -1000 1.55 3.71 7.38 -1000 32.84 1.51 424.381
car -1 -1 0.00 0.00 0.00 100.00 100.00 -1000 1.62 4.03 -10.53 -1000 37.20 0.13 423.384
car -1 -1 0.00 0.00 0.00 100.00 100.00 -1000 1.65 4.11 -19.31 -1000 33.71 1.51 423.123
car -1 -1 0.00 0.00 0.00 100.00 100.00 -1000 1.52 3.63 0.65 -1000 30.80 1.57 422.425
car -1 -1 0.00 0.00 0.00 100.00 100.00 -1000 1.66 4.17 -14.01 -1000 19.70 1.63 421.945
car -1 -1 0.00 0.00 0.00 100.00 100.00 -1000 2.13 6.80 -4.11 -1000 43.76 1.38 413.881
car -1 -1 0.00 0.00 0.00 100.00 100.00 -1000 1.57 3.65 19.31 -1000 33.12 -0.20 413.422
car -1 -1 0.00 0.00 0.00 100.00 100.00 -1000 2.33 8.69 9.98 -1000 17.59 1.42 407.923
car -1 -1 0.00 0.00 0.00 100.00 100.00 -1000 1.51 3.62 5.42 -1000 32.05 1.54 407.431
car -1 -1 0.00 0.00 0.00 100.00 100.00 -1000 1.60 3.95 14.13 -1000 30.70 1.51 406.528
car -1 -1 0.00 0.00 0.00 100.00 100.00 -1000 1.84 4.87 -9.23 -1000 14.57 1.61 405.881
car -1 -1 0.00 0.00 0.00 100.00 100.00 -1000 1.62 4.57 10.00 -1000 36.94 1.50 405.361
car -1 -1 0.00 0.00 0.00 100.00 100.00 -1000 2.13 6.50 15.46 -1000 43.49 1.36 404.556
car -1 -1 0.00 0.00 0.00 100.00 100.00 -1000 2.16 6.72 15.77 -1000 44.65 1.36 402.997
car -1 -1 0.00 0.00 0.00 100.00 100.00 -1000 1.52 3.66 7.49 -1000 39.98 1.56 401.133
car -1 -1 0.00 0.00 0.00 100.00 100.00 -1000 1.68 4.24 -14.67 -1000 18.93 1.58 400.780
car -1 -1 0.00 0.00 0.00 100.00 100.00 -1000 1.59 3.88 3.72 -1000 31.63 1.57 399.696
car -1 -1 0.00 0.00 0.00 100.00 100.00 -1000 1.50 3.53 -4.34 -1000 33.98 1.58 399.185
car -1 -1 0.00 0.00 0.00 100.00 100.00 -1000 1.49 3.68 10.24 -1000 37.96 0.13 397.780
car -1 -1 0.00 0.00 0.00 100.00 100.00 -1000 2.15 6.95 -0.94 -1000 43.78 1.38 395.437
car -1 -1 0.00 0.00 0.00 100.00 100.00 -1000 1.39 3.22 8.57 -1000 41.49 0.18 395.327
car -1 -1 0.00 0.00 0.00 100.00 100.00 -1000 1.63 3.92 -15.02 -1000 30.40 1.73 391.049
car -1 -1 0.00 0.00 0.00 100.00 100.00 -1000 1.58 3.68 9.54 -1000 46.59 1.49 388.457
car -1 -1 0.00 0.00 0.00 100.00 100.00 -1000 1.75 4.71 -0.31 -1000 45.54 1.40 388.275
car -1 -1 0.00 0.00 0.00 100.00 100.00 -1000 2.13 6.58 15.59 -1000 38.17 1.36 387.167
car -1 -1 0.00 0.00 0.00 100.00 100.00 -1000 1.80 5.78 2.20 -1000 44.42 1.47 386.475
car -1 -1 0.00 0.00 0.00 100.00 100.00 -1000 1.77 4.30 4.79 -1000 41.94 1.61 386.070
car -1 -1 0.00 0.00 0.00 100.00 100.00 -1000 1.46 3.30 11.45 -1000 38.50 1.63 381.199
car -1 -1 0.00 0.00 0.00 100.00 100.00 -1000 1.64 4.05 -8.41 -1000 41.96 1.57 378.562
car -1 -1 0.00 0.00 0.00 100.00 100.00 -1000 1.64 4.14 -8.14 -1000 44.36 1.61 377.893
car -1 -1 0.00 0.00 0.00 100.00 100.00 -1000 1.47 3.39 17.29 -1000 22.23 1.53 373.836
car -1 -1 0.00 0.00 0.00 100.00 100.00 -1000 1.74 4.77 -7.81 -1000 42.66 1.50 373.738
car -1 -1 0.00 0.00 0.00 100.00 100.00 -1000 1.72 4.16 3.71 -1000 40.15 1.53 371.638
car -1 -1 0.00 0.00 0.00 100.00 100.00 -1000 1.44 3.42 -5.77 -1000 36.72 1.56 370.532
car -1 -1 0.00 0.00 0.00 100.00 100.00 -1000 1.55 3.64 2.30 -1000 47.17 1.58 370.337
car -1 -1 0.00 0.00 0.00 100.00 100.00 -1000 1.60 4.03 -12.02 -1000 25.65 1.47 368.423
car -1 -1 0.00 0.00 0.00 100.00 100.00 -1000 1.95 5.64 13.25 -1000 37.33 1.49 368.168
car -1 -1 0.00 0.00 0.00 100.00 100.00 -1000 1.73 4.45 -2.07 -1000 38.52 1.59 367.649
car -1 -1 0.00 0.00 0.00 100.00 100.00 -1000 1.55 3.88 -8.85 -1000 30.45 0.35 367.322
car -1 -1 0.00 0.00 0.00 100.00 100.00 -1000 1.75 4.79 -0.49 -1000 47.12 1.41 366.721
car -1 -1 0.00 0.00 0.00 100.00 100.00 -1000 1.52 3.56 -13.82 -1000 38.29 1.47 366.226
car -1 -1 0.00 0.00 0.00 100.00 100.00 -1000 1.62 4.18 -14.59 -1000 22.72 1.56 362.805
car -1 -1 0.00 0.00 0.00 100.00 100.00 -1000 1.58 3.77 -1.81 -1000 29.66 0.22 358.990
car -1 -1 0.00 0.00 0.00 100.00 100.00 -1000 2.01 5.89 15.59 -1000 41.85 1.34 358.746
car -1 -1 0.00 0.00 0.00 100.00 100.00 -1000 1.57 3.78 -6.58 -1000 32.81 0.26 357.029
car -1 -1 0.00 0.00 0.00 100.00 100.00 -1000 1.35 3.33 -10.19 -1000 30.87 0.35 354.074
car -1 -1 0.00 0.00 0.00 100.00 100.00 -1000 1.98 6.18 10.60 -1000 14.73 1.49 353.852
car -1 -1 0.00 0.00 0.00 100.00 100.00 -1000 1.96 5.64 15.73 -1000 40.62 1.38 352.653
car -1 -1 0.00 0.00 0.00 100.00 100.00 -1000 2.07 6.31 -4.93 -1000 42.98 1.37 352.550
car -1 -1 0.00 0.00 0.00 100.00 100.00 -1000 1.55 3.15 -16.43 -1000 43.68 1.42 351.576
car -1 -1 0.00 0.00 0.00 100.00 100.00 -1000 1.63 3.90 -13.97 -1000 31.74 1.50 351.493
car -1 -1 0.00 0.00 0.00 100.00 100.00 -1000 1.63 3.54 11.71 -1000 39.50 1.61 344.226
car -1 -1 0.00 0.00 0.00 100.00 100.00 -1000 1.64 4.06 5.85 -1000 42.78 1.53 342.871
car -1 -1 0.00 0.00 0.00 100.00 100.00 -1000 1.61 3.58 0.28 -1000 36.13 0.04 342.000
car -1 -1 0.00 0.00 0.00 100.00 100.00 -1000 1.58 3.63 12.93 -1000 40.29 1.59 339.677
car -1 -1 0.00 0.00 0.00 100.00 100.00 -1000 1.62 4.28 16.26 -1000 23.91 1.55 339.341
car -1 -1 0.00 0.00 0.00 100.00 100.00 -1000 2.19 6.81 15.54 -1000 46.28 1.37 336.354
car -1 -1 0.00 0.00 0.00 100.00 100.00 -1000 2.08 6.33 -4.91 -1000 44.61 1.34 336.277
car -1 -1 0.00 0.00 0.00 100.00 100.00 -1000 1.51 3.51 -18.05 -1000 22.98 1.45 334.691
car -1 -1 0.00 0.00 0.00 100.00 100.00 -1000 1.59 3.89 5.91 -1000 31.29 0.11 334.643
car -1 -1 0.00 0.00 0.00 100.00 100.00 -1000 2.02 6.56 5.79 -1000 46.98 1.39 334.444
car -1 -1 0.00 0.00 0.00 100.00 100.00 -1000 1.71 4.58 -8.69 -1000 38.53 1.57 333.721
car -1 -1 0.00 0.00 0.00 100.00 100.00 -1000 1.65 4.68 -10.90 -1000 13.93 1.49 332.466
car -1 -1 0.00 0.00 0.00 100.00 100.00 -1000 1.46 3.51 -11.21 -1000 23.27 1.56 330.860
car -1 -1 0.00 0.00 0.00 100.00 100.00 -1000 1.68 4.34 -6.45 -1000 45.86 1.37 330.474
car -1 -1 0.00 0.00 0.00 100.00 100.00 -1000 1.60 4.17 -10.06 -1000 16.12 1.48 328.616
car -1 -1 0.00 0.00 0.00 100.00 100.00 -1000 1.85 6.01 -13.72 -1000 33.23 1.53 326.228
car -1 -1 0.00 0.00 0.00 100.00 100.00 -1000 1.74 4.27 13.19 -1000 27.97 1.57 325.425
car -1 -1 0.00 0.00 0.00 100.00 100.00 -1000 1.85 4.88 0.59 -1000 40.38 1.62 322.369
car -1 -1 0.00 0.00 0.00 100.00 100.00 -1000 1.46 3.26 -18.05 -1000 29.46 1.52 321.614
car -1 -1 0.00 0.00 0.00 100.00 100.00 -1000 1.88 4.25 19.64 -1000 32.32 -0.33 321.366
car -1 -1 0.00 0.00 0.00 100.00 100.00 -1000 1.64 3.82 -3.53 -1000 37.40 1.40 319.026
car -1 -1 0.00 0.00 0.00 100.00 100.00 -1000 1.82 5.04 2.79 -1000 43.39 1.35 317.667
car -1 -1 0.00 0.00 0.00 100.00 100.00 -1000 1.43 3.06 -10.97 -1000 35.04 1.51 316.313
car -1 -1 0.00 0.00 0.00 100.00 100.00 -1000 1.77 4.71 0.36 -1000 39.33 1.54 315.631
car -1 -1 0.00 0.00 0.00 100.00 100.00 -1000 1.53 3.87 -16.61 -1000 22.51 1.56 313.903
car -1 -1 0.00 0.00 0.00 100.00 100.00 -1000 1.96 5.69 -5.73 -1000 42.17 1.36 313.162
car -1 -1 0.00 0.00 0.00 100.00 100.00 -1000 1.96 6.23 -18.24 -1000 46.99 1.39 312.559
car -1 -1 0.00 0.00 0.00 100.00 100.00 -1000 1.59 3.80 -9.49 -1000 39.42 1.52 312.556
car -1 -1 0.00 0.00 0.00 100.00 100.00 -1000 1.62 3.96 8.45 -1000 33.24 1.60 312.105
car -1 -1 0.00 0.00 0.00 100.00 100.00 -1000 1.67 4.18 12.86 -1000 38.24 1.64 307.004
car -1 -1 0.00 0.00 0.00 100.00 100.00 -1000 1.59 4.34 -3.87 -1000 38.48 1.53 306.244
car -1 -1 0.00 0.00 0.00 100.00 100.00 -1000 1.54 4.06 4.09 -1000 17.30 1.54 304.975
car -1 -1 0.00 0.00 0.00 100.00 100.00 -1000 1.55 3.58 -11.86 -1000 41.97 1.41 304.468
car -1 -1 0.00 0.00 0.00 100.00 100.00 -1000 1.49 3.55 9.93 -1000 31.16 1.46 304.139
car -1 -1 0.00 0.00 0.00 100.00 100.00 -1000 1.52 4.03 -9.47 -1000 41.29 -0.13 303.814
car -1 -1 0.00 0.00 0.00 100.00 100.00 -1000 1.67 4.49 -13.48 -1000 20.87 1.53 302.042
car -1 -1 0.00 0.00 0.00 100.00 100.00 -1000 1.89 5.26 15.74 -1000 39.46 1.36 300.961
car -1 -1 0.00 0.00 0.00 100.00 100.00 -1000 1.39 3.39 9.48 -1000 32.29 0.16 299.007
car -1 -1 0.00 0.00 0.00 100.00 100.00 -1000 1.63 3.90 18.95 -1000 28.99 1.60 297.871
car -1 -1 0.00 0.00 0.00 100.00 100.00 -1000 1.60 3.76 -12.54 -1000 37.12 1.57 295.328
car -1 -1 0.00 0.00 0.00 100.00 100.00 -1000 1.65 4.44 12.16 -1000 26.54 1.50 294.892
car -1 -1 0.00 0.00 0.00 100.00 100.00 -1000 1.68 4.15 -16.11 -1000 19.86 1.63 294.230
car -1 -1 0.00 0.00 0.00 100.00 100.00 -1000 1.39 3.38 7.01 -1000 31.63 0.10 294.137
car -1 -1 0.00 0.00 0.00 100.00 100.00 -1000 1.71 5.08 4.73 -1000 15.93 1.62 290.990
car -1 -1 0.00 0.00 0.00 100.00 100.00 -1000 1.59 4.12 -4.33 -1000 31.15 1.54 287.453
car -1 -1 0.00 0.00 0.00 100.00 100.00 -1000 1.72 4.62 -18.00 -1000 26.89 1.63 286.524
car -1 -1 0.00 0.00 0.00 100.00 100.00 -1000 1.97 5.84 0.76 -1000 42.97 1.38 285.993
car -1 -1 0.00 0.00 0.00 100.00 100.00 -1000 1.57 4.05 -2.65 -1000 30.82 1.60 283.139
car -1 -1 0.00 0.00 0.00 100.00 100.00 -1000 1.68 4.03 11.94 -1000 34.04 -0.30 282.501
