car -1 -1 0.00 0.00 0.00 100.00 100.00 -1000 1.72 4.36 -0.41 -1000 11.98 1.53 999.927
car -1 -1 0.00 0.00 0.00 100.00 100.00 -1000 1.36 3.86 0.60 -1000 11.17 -0.03 999.590
car -1 -1 0.00 0.00 0.00 100.00 100.00 -1000 1.83 4.81 -0.54 -1000 12.85 1.50 997.382
car -1 -1 0.00 0.00 0.00 100.00 100.00 -1000 1.35 3.77 14.63 -1000 25.78 0.20 992.637
car -1 -1 0.00 0.00 0.00 100.00 100.00 -1000 7.17 10.23 14.42 -1000 20.82 0.71 992.280
car -1 -1 0.00 0.00 0.00 100.00 100.00 -1000 2.23 6.28 1.99 -1000 10.77 -0.02 990.736
car -1 -1 0.00 0.00 0.00 100.00 100.00 -1000 1.35 3.16 -15.31 -1000 40.72 1.62 984.520
car -1 -1 0.00 0.00 0.00 100.00 100.00 -1000 1.53 3.40 16.16 -1000 26.03 1.89 984.294
car -1 -1 0.00 0.00 0.00 100.00 100.00 -1000 1.58 4.04 16.10 -1000 25.29 -0.11 984.189
car -1 -1 0.00 0.00 0.00 100.00 100.00 -1000 1.35 3.09 -15.47 -1000 42.62 1.53 982.758
car -1 -1 0.00 0.00 0.00 100.00 100.00 -1000 1.57 3.93 7.60 -1000 24.73 1.62 973.150
car -1 -1 0.00 0.00 0.00 100.00 100.00 -1000 1.60 3.76 -6.31 -1000 41.60 1.51 969.306
car -1 -1 0.00 0.00 0.00 100.00 100.00 -1000 1.50 3.81 -3.46 -1000 44.74 -0.07 966.217
car -1 -1 0.00 0.00 0.00 100.00 100.00 -1000 2.11 6.76 -0.40 -1000 13.83 1.68 963.636
car -1 -1 0.00 0.00 0.00 100.00 100.00 -1000 3.05 6.57 8.66 -1000 23.36 -0.24 959.269
car -1 -1 0.00 0.00 0.00 100.00 100.00 -1000 4.10 6.28 9.66 -1000 21.73 0.77 958.349
car -1 -1 0.00 0.00 0.00 100.00 100.00 -1000 1.55 3.72 6.62 -1000 25.23 1.62 945.244
car -1 -1 0.00 0.00 0.00 100.00 100.00 -1000 1.49 3.62 -15.36 -1000 43.38 1.50 941.126
car -1 -1 0.00 0.00 0.00 100.00 100.00 -1000 1.51 3.47 13.89 -1000 26.62 1.60 939.014
car -1 -1 0.00 0.00 0.00 100.00 100.00 -1000 3.84 8.31 13.87 -1000 21.12 0.99 935.209
car -1 -1 0.00 0.00 0.00 100.00 100.00 -1000 1.46 3.35 17.55 -1000 26.09 1.61 932.355
car -1 -1 0.00 0.00 0.00 100.00 100.00 -1000 1.52 3.36 -18.70 -1000 39.14 1.69 930.003
car -1 -1 0.00 0.00 0.00 100.00 100.00 -1000 1.38 3.20 17.03 -1000 41.71 0.06 924.574
car -1 -1 0.00 0.00 0.00 100.00 100.00 -1000 2.01 5.50 2.08 -1000 14.77 1.65 923.144
car -1 -1 0.00 0.00 0.00 100.00 100.00 -1000 1.37 3.15 6.86 -1000 43.84 0.04 918.444
car -1 -1 0.00 0.00 0.00 100.00 100.00 -1000 1.47 3.23 3.00 -1000 8.90 1.58 915.819
car -1 -1 0.00 0.00 0.00 100.00 100.00 -1000 1.58 3.65 -15.43 -1000 39.51 0.07 897.065
car -1 -1 0.00 0.00 0.00 100.00 100.00 -1000 1.54 3.67 -5.23 -1000 41.01 1.67 894.580
car -1 -1 0.00 0.00 0.00 100.00 100.00 -1000 1.50 3.80 8.39 -1000 23.99 -0.21 888.883
car -1 -1 0.00 0.00 0.00 100.00 100.00 -1000 1.54 3.53 -15.35 -1000 41.56 1.57 888.567
car -1 -1 0.00 0.00 0.00 100.00 100.00 -1000 1.69 4.54 -8.42 -1000 43.72 1.62 887.952
car -1 -1 0.00 0.00 0.00 100.00 100.00 -1000 1.42 3.35 9.35 -1000 35.87 0.11 886.868
car -1 -1 0.00 0.00 0.00 100.00 100.00 -1000 1.41 3.18 18.43 -1000 40.66 0.01 877.895
car -1 -1 0.00 0.00 0.00 100.00 100.00 -1000 1.35 3.04 15.67 -1000 42.10 0.07 868.490
car -1 -1 0.00 0.00 0.00 100.00 100.00 -1000 1.38 2.89 17.44 -1000 40.98 -0.03 867.811
car -1 -1 0.00 0.00 0.00 100.00 100.00 -1000 1.33 2.80 12.54 -1000 47.27 1.54 862.044
car -1 -1 0.00 0.00 0.00 100.00 100.00 -1000 1.28 3.14 -12.81 -1000 35.41 0.35 857.088
car -1 -1 0.00 0.00 0.00 100.00 100.00 -1000 1.38 3.10 7.92 -1000 38.52 1.57 856.555
car -1 -1 0.00 0.00 0.00 100.00 100.00 -1000 1.59 3.64 8.66 -1000 13.62 -0.15 853.469
car -1 -1 0.00 0.00 0.00 100.00 100.00 -1000 3.77 7.06 -5.28 -1000 39.98 -0.14 851.383
car -1 -1 0.00 0.00 0.00 100.00 100.00 -1000 1.58 3.89 15.24 -1000 26.95 1.60 850.391
car -1 -1 0.00 0.00 0.00 100.00 100.00 -1000 1.39 2.99 7.52 -1000 15.17 1.60 844.606
car -1 -1 0.00 0.00 0.00 100.00 100.00 -1000 1.29 3.01 6.06 -1000 39.75 0.00 840.400
car -1 -1 0.00 0.00 0.00 100.00 100.00 -1000 1.50 3.53 -18.30 -1000 40.20 1.63 839.251
car -1 -1 0.00 0.00 0.00 100.00 100.00 -1000 1.35 2.94 18.60 -1000 41.81 1.69 838.968
car -1 -1 0.00 0.00 0.00 100.00 100.00 -1000 1.35 3.10 13.94 -1000 43.29 0.24 837.860
car -1 -1 0.00 0.00 0.00 100.00 100.00 -1000 1.24 2.54 3.19 -1000 10.05 1.56 837.517
car -1 -1 0.00 0.00 0.00 100.00 100.00 -1000 1.81 5.04 -7.29 -1000 42.36 1.63 836.229
car -1 -1 0.00 0.00 0.00 100.00 100.00 -1000 1.48 3.51 -10.49 -1000 43.80 0.10 834.619
car -1 -1 0.00 0.00 0.00 100.00 100.00 -1000 1.42 3.00 -4.20 -1000 45.83 1.55 834.040
car -1 -1 0.00 0.00 0.00 100.00 100.00 -1000 1.63 4.14 -11.17 -1000 44.78 1.57 833.241
car -1 -1 0.00 0.00 0.00 100.00 100.00 -1000 4.73 15.09 1.53 -1000 10.74 -0.06 832.819
car -1 -1 0.00 0.00 0.00 100.00 100.00 -1000 1.20 3.28 -18.37 -1000 38.31 0.40 831.138
car -1 -1 0.00 0.00 0.00 100.00 100.00 -1000 1.47 3.46 -3.25 -1000 39.48 0.11 829.283
car -1 -1 0.00 0.00 0.00 100.00 100.00 -1000 1.57 4.08 -14.98 -1000 44.29 1.62 825.046
car -1 -1 0.00 0.00 0.00 100.00 100.00 -1000 1.32 2.87 16.89 -1000 45.71 0.05 824.223
car -1 -1 0.00 0.00 0.00 100.00 100.00 -1000 1.76 4.16 17.43 -1000 24.50 -0.11 819.251
car -1 -1 0.00 0.00 0.00 100.00 100.00 -1000 1.51 3.86 5.89 -1000 24.26 0.13 812.666
car -1 -1 0.00 0.00 0.00 100.00 100.00 -1000 1.69 4.27 -6.68 -1000 40.78 0.23 800.781
car -1 -1 0.00 0.00 0.00 100.00 100.00 -1000 1.55 3.75 17.10 -1000 26.90 1.61 797.579
car -1 -1 0.00 0.00 0.00 100.00 100.00 -1000 1.73 3.45 3.26 -1000 8.13 -0.12 785.010
car -1 -1 0.00 0.00 0.00 100.00 100.00 -1000 1.51 3.01 3.07 -1000 47.74 1.45 782.967
car -1 -1 0.00 0.00 0.00 100.00 100.00 -1000 1.45 3.27 4.38 -1000 35.77 0.00 781.125
car -1 -1 0.00 0.00 0.00 100.00 100.00 -1000 1.93 5.22 1.60 -1000 12.30 1.58 778.287
car -1 -1 0.00 0.00 0.00 100.00 100.00 -1000 1.35 2.90 6.78 -1000 44.68 1.58 773.754
car -1 -1 0.00 0.00 0.00 100.00 100.00 -1000 1.29 3.28 -12.44 -1000 31.34 0.30 770.027
car -1 -1 0.00 0.00 0.00 100.00 100.00 -1000 1.40 3.15 4.16 -1000 40.11 0.21 766.184
car -1 -1 0.00 0.00 0.00 100.00 100.00 -1000 1.49 3.51 18.10 -1000 38.59 0.08 764.980
car -1 -1 0.00 0.00 0.00 100.00 100.00 -1000 1.27 3.09 13.03 -1000 43.71 0.16 753.058
car -1 -1 0.00 0.00 0.00 100.00 100.00 -1000 1.52 3.62 -9.78 -1000 44.35 1.59 752.800
car -1 -1 0.00 0.00 0.00 100.00 100.00 -1000 1.46 3.38 -3.77 -1000 40.64 1.61 749.679
car -1 -1 0.00 0.00 0.00 100.00 100.00 -1000 1.56 3.70 -13.97 -1000 40.41 1.64 742.292
car -1 -1 0.00 0.00 0.00 100.00 100.00 -1000 1.37 3.15 7.26 -1000 39.33 0.11 742.072
car -1 -1 0.00 0.00 0.00 100.00 100.00 -1000 1.44 3.21 10.85 -1000 36.10 0.10 741.208
car -1 -1 0.00 0.00 0.00 100.00 100.00 -1000 1.52 3.55 -16.89 -1000 40.69 1.55 741.046
car -1 -1 0.00 0.00 0.00 100.00 100.00 -1000 1.33 3.62 13.48 -1000 32.23 0.33 740.020
car -1 -1 0.00 0.00 0.00 100.00 100.00 -1000 1.60 3.61 0.84 -1000 10.40 1.66 737.288
car -1 -1 0.00 0.00 0.00 100.00 100.00 -1000 1.36 3.12 9.06 -1000 46.58 1.56 734.098
car -1 -1 0.00 0.00 0.00 100.00 100.00 -1000 1.87 4.05 8.05 -1000 23.20 -0.20 733.034
car -1 -1 0.00 0.00 0.00 100.00 100.00 -1000 1.46 3.26 -12.09 -1000 40.08 1.59 730.120
car -1 -1 0.00 0.00 0.00 100.00 100.00 -1000 1.42 3.16 -2.48 -1000 45.83 1.60 729.143
car -1 -1 0.00 0.00 0.00 100.00 100.00 -1000 1.43 3.35 18.62 -1000 43.11 1.57 727.775
car -1 -1 0.00 0.00 0.00 100.00 100.00 -1000 2.47 10.13 -0.44 -1000 14.70 1.64 722.256
car -1 -1 0.00 0.00 0.00 100.00 100.00 -1000 1.22 2.98 -13.48 -1000 35.95 0.30 715.574
car -1 -1 0.00 0.00 0.00 100.00 100.00 -1000 2.31 5.19 16.83 -1000 20.71 1.22 712.677
car -1 -1 0.00 0.00 0.00 100.00 100.00 -1000 1.46 3.13 8.45 -1000 14.65 1.67 709.438
car -1 -1 0.00 0.00 0.00 100.00 100.00 -1000 1.50 3.34 3.51 -1000 41.11 1.61 708.879
car -1 -1 0.00 0.00 0.00 100.00 100.00 -1000 2.42 8.95 1.11 -1000 15.51 1.45 708.258
car -1 -1 0.00 0.00 0.00 100.00 100.00 -1000 1.36 3.04 5.52 -1000 45.02 1.57 707.738
car -1 -1 0.00 0.00 0.00 100.00 100.00 -1000 1.61 3.84 -8.42 -1000 42.86 1.54 707.456
car -1 -1 0.00 0.00 0.00 100.00 100.00 -1000 1.51 3.35 4.35 -1000 32.15 0.11 705.718
car -1 -1 0.00 0.00 0.00 100.00 100.00 -1000 1.38 3.19 8.84 -1000 45.44 -0.01 704.046
car -1 -1 0.00 0.00 0.00 100.00 100.00 -1000 1.39 3.23 14.86 -1000 42.79 0.06 701.299
car -1 -1 0.00 0.00 0.00 100.00 100.00 -1000 1.40 3.06 5.57 -1000 36.08 0.01 700.565
car -1 -1 0.00 0.00 0.00 100.00 100.00 -1000 1.39 3.21 -11.63 -1000 39.24 0.14 692.485
car -1 -1 0.00 0.00 0.00 100.00 100.00 -1000 1.41 3.43 -12.08 -1000 34.84 0.23 691.035
car -1 -1 0.00 0.00 0.00 100.00 100.00 -1000 1.76 4.88 -4.88 -1000 42.57 1.58 690.634
car -1 -1 0.00 0.00 0.00 100.00 100.00 -1000 1.40 3.15 -10.69 -1000 34.36 0.06 688.276
car -1 -1 0.00 0.00 0.00 100.00 100.00 -1000 1.33 2.88 -10.03 -1000 35.02 1.59 687.736
car -1 -1 0.00 0.00 0.00 100.00 100.00 -1000 1.58 4.19 -5.23 -1000 44.80 0.03 686.440
car -1 -1 0.00 0.00 0.00 100.00 100.00 -1000 1.67 4.08 -9.57 -1000 43.29 1.53 675.118
car -1 -1 0.00 0.00 0.00 100.00 100.00 -1000 1.50 3.25 12.56 -1000 46.22 -0.22 671.696
car -1 -1 0.00 0.00 0.00 100.00 100.00 -1000 1.82 3.76 8.34 -1000 37.29 -0.11 669.631
car -1 -1 0.00 0.00 0.00 100.00 100.00 -1000 1.84 4.43 14.68 -1000 24.92 -0.03 662.798
car -1 -1 0.00 0.00 0.00 100.00 100.00 -1000 1.40 3.07 13.04 -1000 44.61 1.55 660.857
car -1 -1 0.00 0.00 0.00 100.00 100.00 -1000 1.41 3.32 9.85 -1000 37.07 1.59 659.304
car -1 -1 0.00 0.00 0.00 100.00 100.00 -1000 1.44 3.26 17.44 -1000 45.03 0.14 657.829
car -1 -1 0.00 0.00 0.00 100.00 100.00 -1000 1.34 2.89 -10.78 -1000 39.83 1.57 648.452
car -1 -1 0.00 0.00 0.00 100.00 100.00 -1000 1.42 3.14 18.56 -1000 25.75 1.58 643.719
car -1 -1 0.00 0.00 0.00 100.00 100.00 -1000 1.96 2.68 -5.21 -1000 39.31 1.08 638.224
car -1 -1 0.00 0.00 0.00 100.00 100.00 -1000 1.39 2.88 -8.89 -1000 39.02 1.54 636.626
car -1 -1 0.00 0.00 0.00 100.00 100.00 -1000 1.42 3.56 14.66 -1000 35.25 0.05 634.972
car -1 -1 0.00 0.00 0.00 100.00 100.00 -1000 1.97 5.75 2.68 -1000 13.76 1.67 630.812
car -1 -1 0.00 0.00 0.00 100.00 100.00 -1000 1.50 3.68 -17.12 -1000 39.59 -0.16 626.552
car -1 -1 0.00 0.00 0.00 100.00 100.00 -1000 1.54 3.38 -5.76 -1000 40.18 1.62 623.967
car -1 -1 0.00 0.00 0.00 100.00 100.00 -1000 1.35 3.12 10.09 -1000 45.24 0.10 617.280
car -1 -1 0.00 0.00 0.00 100.00 100.00 -1000 1.41 3.18 5.39 -1000 43.77 -0.02 616.656
car -1 -1 0.00 0.00 0.00 100.00 100.00 -1000 1.37 3.16 13.98 -1000 44.20 1.55 615.103
car -1 -1 0.00 0.00 0.00 100.00 100.00 -1000 1.32 3.33 13.96 -1000 34.23 0.11 615.068
car -1 -1 0.00 0.00 0.00 100.00 100.00 -1000 1.40 3.10 -9.92 -1000 39.40 1.54 612.456
car -1 -1 0.00 0.00 0.00 100.00 100.00 -1000 1.64 4.20 9.34 -1000 24.50 1.63 611.122
car -1 -1 0.00 0.00 0.00 100.00 100.00 -1000 1.36 2.93 17.88 -1000 42.32 1.61 609.321
car -1 -1 0.00 0.00 0.00 100.00 100.00 -1000 1.37 2.88 -13.76 -1000 36.61 1.55 604.378
car -1 -1 0.00 0.00 0.00 100.00 100.00 -1000 1.43 3.20 4.41 -1000 47.59 1.65 600.304
car -1 -1 0.00 0.00 0.00 100.00 100.00 -1000 1.92 6.11 8.17 -1000 25.53 1.53 598.191
car -1 -1 0.00 0.00 0.00 100.00 100.00 -1000 1.42 3.18 -16.45 -1000 41.97 0.08 598.041
car -1 -1 0.00 0.00 0.00 100.00 100.00 -1000 1.40 3.12 5.25 -1000 40.68 1.55 594.658
car -1 -1 0.00 0.00 0.00 100.00 100.00 -1000 1.33 2.86 -13.13 -1000 32.55 1.57 591.825
car -1 -1 0.00 0.00 0.00 100.00 100.00 -1000 1.38 2.94 16.02 -1000 46.44 1.56 588.242
car -1 -1 0.00 0.00 0.00 100.00 100.00 -1000 1.54 3.30 -16.02 -1000 40.17 1.58 585.090
car -1 -1 0.00 0.00 0.00 100.00 100.00 -1000 1.36 2.83 3.73 -1000 36.64 1.59 583.979
car -1 -1 0.00 0.00 0.00 100.00 100.00 -1000 1.57 3.58 3.34 -1000 14.24 1.61 578.530
car -1 -1 0.00 0.00 0.00 100.00 100.00 -1000 1.32 2.81 5.15 -1000 36.92 1.55 573.528
car -1 -1 0.00 0.00 0.00 100.00 100.00 -1000 1.48 3.46 -14.44 -1000 26.37 0.14 571.946
car -1 -1 0.00 0.00 0.00 100.00 100.00 -1000 1.39 3.04 -15.54 -1000 20.13 1.54 571.192
car -1 -1 0.00 0.00 0.00 100.00 100.00 -1000 1.56 3.79 -4.39 -1000 39.91 0.06 567.762
car -1 -1 0.00 0.00 0.00 100.00 100.00 -1000 1.52 3.21 17.67 -1000 25.23 1.68 562.576
car -1 -1 0.00 0.00 0.00 100.00 100.00 -1000 1.37 2.88 17.18 -1000 43.10 1.54 555.101
car -1 -1 0.00 0.00 0.00 100.00 100.00 -1000 1.42 3.25 -14.13 -1000 31.93 0.05 554.417
car -1 -1 0.00 0.00 0.00 100.00 100.00 -1000 1.44 3.16 -5.19 -1000 45.54 1.50 552.992
car -1 -1 0.00 0.00 0.00 100.00 100.00 -1000 1.37 2.90 9.74 -1000 42.23 1.56 552.754
car -1 -1 0.00 0.00 0.00 100.00 100.00 -1000 1.41 3.45 12.97 -1000 34.83 0.08 552.370
car -1 -1 0.00 0.00 0.00 100.00 100.00 -1000 1.64 4.40 -14.44 -1000 44.97 1.58 547.568
car -1 -1 0.00 0.00 0.00 100.00 100.00 -1000 1.39 3.06 -2.39 -1000 40.30 1.59 546.376
car -1 -1 0.00 0.00 0.00 100.00 100.00 -1000 1.34 2.98 -11.40 -1000 35.51 1.59 544.490
car -1 -1 0.00 0.00 0.00 100.00 100.00 -1000 1.41 3.10 7.81 -1000 44.30 1.59 543.622
car -1 -1 0.00 0.00 0.00 100.00 100.00 -1000 1.37 3.02 11.13 -1000 37.31 1.56 541.214
car -1 -1 0.00 0.00 0.00 100.00 100.00 -1000 1.36 3.27 -14.13 -1000 29.14 0.06 539.253
car -1 -1 0.00 0.00 0.00 100.00 100.00 -1000 1.38 3.00 -15.57 -1000 24.60 1.57 537.483
car -1 -1 0.00 0.00 0.00 100.00 100.00 -1000 2.94 5.57 4.55 -1000 46.47 -0.21 537.403
car -1 -1 0.00 0.00 0.00 100.00 100.00 -1000 2.08 6.80 5.98 -1000 26.85 1.66 531.889
car -1 -1 0.00 0.00 0.00 100.00 100.00 -1000 1.48 3.74 17.26 -1000 35.33 -0.03 531.529
car -1 -1 0.00 0.00 0.00 100.00 100.00 -1000 1.63 4.76 -12.57 -1000 45.09 1.54 531.035
car -1 -1 0.00 0.00 0.00 100.00 100.00 -1000 1.45 3.43 -15.23 -1000 23.89 0.15 530.040
car -1 -1 0.00 0.00 0.00 100.00 100.00 -1000 2.35 5.74 10.53 -1000 20.70 1.20 529.897
car -1 -1 0.00 0.00 0.00 100.00 100.00 -1000 1.51 3.76 -12.79 -1000 28.77 0.18 528.771
car -1 -1 0.00 0.00 0.00 100.00 100.00 -1000 1.42 3.35 -10.82 -1000 38.49 0.21 527.425
car -1 -1 0.00 0.00 0.00 100.00 100.00 -1000 1.88 5.58 5.22 -1000 25.56 1.59 526.043
car -1 -1 0.00 0.00 0.00 100.00 100.00 -1000 1.51 3.72 3.99 -1000 15.11 1.58 525.816
car -1 -1 0.00 0.00 0.00 100.00 100.00 -1000 1.35 2.90 -15.23 -1000 27.29 1.51 525.477
car -1 -1 0.00 0.00 0.00 100.00 100.00 -1000 1.45 3.08 11.31 -1000 24.45 1.51 524.834
car -1 -1 0.00 0.00 0.00 100.00 100.00 -1000 1.58 3.25 2.23 -1000 10.49 1.65 523.908
car -1 -1 0.00 0.00 0.00 100.00 100.00 -1000 1.37 2.83 -5.83 -1000 37.31 1.54 522.789
car -1 -1 0.00 0.00 0.00 100.00 100.00 -1000 1.86 5.14 -12.60 -1000 44.21 1.56 518.814
car -1 -1 0.00 0.00 0.00 100.00 100.00 -1000 1.36 2.92 -14.31 -1000 32.66 1.57 514.470
car -1 -1 0.00 0.00 0.00 100.00 100.00 -1000 1.44 3.48 13.44 -1000 27.31 1.54 514.457
car -1 -1 0.00 0.00 0.00 100.00 100.00 -1000 1.71 4.37 16.21 -1000 27.52 1.48 512.684
car -1 -1 0.00 0.00 0.00 100.00 100.00 -1000 2.17 7.86 9.22 -1000 26.72 1.53 510.064
car -1 -1 0.00 0.00 0.00 100.00 100.00 -1000 1.47 3.20 8.90 -1000 40.92 -0.07 505.340
car -1 -1 0.00 0.00 0.00 100.00 100.00 -1000 1.38 3.12 12.12 -1000 23.97 1.56 501.432
car -1 -1 0.00 0.00 0.00 100.00 100.00 -1000 1.39 2.93 -12.36 -1000 36.54 1.56 501.228
car -1 -1 0.00 0.00 0.00 100.00 100.00 -1000 1.36 2.88 -14.34 -1000 30.07 1.59 501.092
car -1 -1 0.00 0.00 0.00 100.00 100.00 -1000 1.51 3.62 -12.12 -1000 46.39 1.62 500.314
car -1 -1 0.00 0.00 0.00 100.00 100.00 -1000 1.36 3.10 -10.93 -1000 45.40 1.59 500.283
car -1 -1 0.00 0.00 0.00 100.00 100.00 -1000 1.35 2.88 5.09 -1000 33.27 1.58 498.518
car -1 -1 0.00 0.00 0.00 100.00 100.00 -1000 1.86 4.88 -13.22 -1000 43.05 1.54 498.463
car -1 -1 0.00 0.00 0.00 100.00 100.00 -1000 1.41 3.30 2.91 -1000 35.62 0.10 497.741
car -1 -1 0.00 0.00 0.00 100.00 100.00 -1000 1.44 3.35 -8.13 -1000 37.19 0.21 494.856
car -1 -1 0.00 0.00 0.00 100.00 100.00 -1000 1.53 3.29 13.03 -1000 26.19 1.46 493.995
car -1 -1 0.00 0.00 0.00 100.00 100.00 -1000 1.78 5.00 -7.99 -1000 44.58 1.48 493.813
car -1 -1 0.00 0.00 0.00 100.00 100.00 -1000 1.74 4.21 -3.39 -1000 43.45 1.49 492.422
car -1 -1 0.00 0.00 0.00 100.00 100.00 -1000 1.52 3.42 -15.30 -1000 19.25 0.05 492.357
car -1 -1 0.00 0.00 0.00 100.00 100.00 -1000 1.31 3.00 11.06 -1000 44.59 0.12 489.619
car -1 -1 0.00 0.00 0.00 100.00 100.00 -1000 1.54 3.87 -7.94 -1000 39.81 1.51 487.078
car -1 -1 0.00 0.00 0.00 100.00 100.00 -1000 1.43 3.29 11.69 -1000 28.08 0.19 486.474
car -1 -1 0.00 0.00 0.00 100.00 100.00 -1000 2.03 6.79 -6.51 -1000 43.68 1.66 485.312
car -1 -1 0.00 0.00 0.00 100.00 100.00 -1000 1.37 2.93 16.75 -1000 39.16 0.17 484.395
car -1 -1 0.00 0.00 0.00 100.00 100.00 -1000 1.36 2.96 -8.34 -1000 38.25 1.54 483.249
car -1 -1 0.00 0.00 0.00 100.00 100.00 -1000 1.83 5.76 12.88 -1000 19.81 1.33 477.419
car -1 -1 0.00 0.00 0.00 100.00 100.00 -1000 1.42 3.26 -16.83 -1000 22.37 1.51 475.429
car -1 -1 0.00 0.00 0.00 100.00 100.00 -1000 1.36 3.29 -9.37 -1000 37.95 0.18 474.148
car -1 -1 0.00 0.00 0.00 100.00 100.00 -1000 1.59 3.89 13.08 -1000 28.85 1.44 470.829
car -1 -1 0.00 0.00 0.00 100.00 100.00 -1000 1.30 2.84 -9.18 -1000 34.67 1.58 469.148
car -1 -1 0.00 0.00 0.00 100.00 100.00 -1000 1.60 3.74 -14.85 -1000 21.60 0.09 466.105
car -1 -1 0.00 0.00 0.00 100.00 100.00 -1000 1.36 2.84 16.39 -1000 36.55 1.53 465.925
car -1 -1 0.00 0.00 0.00 100.00 100.00 -1000 1.46 3.81 9.58 -1000 23.65 -0.04 464.373
car -1 -1 0.00 0.00 0.00 100.00 100.00 -1000 1.41 3.16 18.96 -1000 39.43 1.53 458.218
car -1 -1 0.00 0.00 0.00 100.00 100.00 -1000 1.50 2.81 8.64 -1000 36.40 1.51 457.138
car -1 -1 0.00 0.00 0.00 100.00 100.00 -1000 1.36 3.06 -12.24 -1000 32.14 1.56 455.023
car -1 -1 0.00 0.00 0.00 100.00 100.00 -1000 1.47 2.99 3.65 -1000 32.98 1.53 454.248
car -1 -1 0.00 0.00 0.00 100.00 100.00 -1000 1.62 4.05 -14.41 -1000 42.22 1.62 453.289
car -1 -1 0.00 0.00 0.00 100.00 100.00 -1000 1.51 3.34 2.55 -1000 46.75 -0.02 451.134
car -1 -1 0.00 0.00 0.00 100.00 100.00 -1000 1.39 3.23 8.19 -1000 46.03 1.53 449.108
car -1 -1 0.00 0.00 0.00 100.00 100.00 -1000 1.37 3.07 16.26 -1000 42.77 1.55 447.364
car -1 -1 0.00 0.00 0.00 100.00 100.00 -1000 1.50 3.77 -11.54 -1000 30.84 0.25 443.557
car -1 -1 0.00 0.00 0.00 100.00 100.00 -1000 1.46 3.24 2.65 -1000 40.34 0.13 440.632
car -1 -1 0.00 0.00 0.00 100.00 100.00 -1000 1.42 3.14 17.43 -1000 39.92 1.54 435.372
car -1 -1 0.00 0.00 0.00 100.00 100.00 -1000 1.39 3.03 -9.58 -1000 31.63 1.56 434.286
car -1 -1 0.00 0.00 0.00 100.00 100.00 -1000 1.62 3.77 -12.85 -1000 45.79 -0.12 434.214
car -1 -1 0.00 0.00 0.00 100.00 100.00 -1000 1.38 2.95 6.08 -1000 37.29 1.55 434.160
car -1 -1 0.00 0.00 0.00 100.00 100.00 -1000 1.42 3.18 -15.08 -1000 22.45 1.53 433.506
car -1 -1 0.00 0.00 0.00 100.00 100.00 -1000 1.48 3.52 4.37 -1000 41.92 1.53 432.200
car -1 -1 0.00 0.00 0.00 100.00 100.00 -1000 1.41 3.00 8.09 -1000 41.91 1.60 431.512
car -1 -1 0.00 0.00 0.00 100.00 100.00 -1000 1.73 5.24 11.45 -1000 26.78 1.55 430.484
car -1 -1 0.00 0.00 0.00 100.00 100.00 -1000 1.41 3.06 15.11 -1000 36.61 1.54 429.990
car -1 -1 0.00 0.00 0.00 100.00 100.00 -1000 1.43 3.20 -13.01 -1000 29.70 1.52 424.996
car -1 -1 0.00 0.00 0.00 100.00 100.00 -1000 2.88 7.56 3.00 -1000 7.63 -0.19 424.560
car -1 -1 0.00 0.00 0.00 100.00 100.00 -1000 1.43 3.27 4.10 -1000 28.88 0.20 422.163
car -1 -1 0.00 0.00 0.00 100.00 100.00 -1000 1.51 3.43 -16.69 -1000 43.09 1.42 421.205
car -1 -1 0.00 0.00 0.00 100.00 100.00 -1000 2.76 5.39 15.21 -1000 20.16 1.19 419.880
car -1 -1 0.00 0.00 0.00 100.00 100.00 -1000 1.80 4.92 -17.27 -1000 45.03 1.39 417.238
car -1 -1 0.00 0.00 0.00 100.00 100.00 -1000 1.47 3.63 5.05 -1000 14.73 1.63 416.819
car -1 -1 0.00 0.00 0.00 100.00 100.00 -1000 1.36 3.38 -12.78 -1000 25.94 0.17 414.453
car -1 -1 0.00 0.00 0.00 100.00 100.00 -1000 1.42 3.25 13.15 -1000 36.97 1.52 414.215
car -1 -1 0.00 0.00 0.00 100.00 100.00 -1000 1.39 3.15 -13.85 -1000 27.21 1.55 412.498
car -1 -1 0.00 0.00 0.00 100.00 100.00 -1000 1.50 3.41 -3.52 -1000 35.30 0.09 410.484
car -1 -1 0.00 0.00 0.00 100.00 100.00 -1000 1.56 3.83 -12.91 -1000 39.59 0.10 410.435
car -1 -1 0.00 0.00 0.00 100.00 100.00 -1000 1.50 3.40 19.03 -1000 47.66 0.03 410.055
car -1 -1 0.00 0.00 0.00 100.00 100.00 -1000 1.43 3.46 -7.19 -1000 36.68 0.20 408.815
car -1 -1 0.00 0.00 0.00 100.00 100.00 -1000 1.45 3.24 -1.69 -1000 45.22 1.57 408.213
car -1 -1 0.00 0.00 0.00 100.00 100.00 -1000 1.73 4.29 10.33 -1000 25.26 1.45 407.687
car -1 -1 0.00 0.00 0.00 100.00 100.00 -1000 1.51 3.78 -11.29 -1000 25.55 0.20 407.215
car -1 -1 0.00 0.00 0.00 100.00 100.00 -1000 2.33 5.00 10.66 -1000 21.72 1.32 405.601
car -1 -1 0.00 0.00 0.00 100.00 100.00 -1000 1.49 3.62 -10.32 -1000 30.45 0.29 402.534
car -1 -1 0.00 0.00 0.00 100.00 100.00 -1000 1.90 5.59 7.95 -1000 27.58 1.61 402.483
car -1 -1 0.00 0.00 0.00 100.00 100.00 -1000 1.54 3.85 -9.15 -1000 40.19 1.45 402.388
car -1 -1 0.00 0.00 0.00 100.00 100.00 -1000 1.52 3.46 5.72 -1000 32.39 0.04 399.610
car -1 -1 0.00 0.00 0.00 100.00 100.00 -1000 1.46 3.20 -12.95 -1000 24.45 1.54 397.293
car -1 -1 0.00 0.00 0.00 100.00 100.00 -1000 1.36 3.21 11.75 -1000 32.50 0.19 395.414
car -1 -1 0.00 0.00 0.00 100.00 100.00 -1000 1.39 3.67 15.68 -1000 34.86 0.02 395.275
car -1 -1 0.00 0.00 0.00 100.00 100.00 -1000 1.45 3.30 10.01 -1000 46.06 1.61 394.919
car -1 -1 0.00 0.00 0.00 100.00 100.00 -1000 1.67 3.89 -2.23 -1000 38.69 1.55 394.513
car -1 -1 0.00 0.00 0.00 100.00 100.00 -1000 1.47 3.26 -3.21 -1000 36.48 1.50 394.115
car -1 -1 0.00 0.00 0.00 100.00 100.00 -1000 2.02 5.42 13.51 -1000 20.89 1.43 393.518
car -1 -1 0.00 0.00 0.00 100.00 100.00 -1000 1.51 3.18 15.31 -1000 24.29 1.38 389.631
car -1 -1 0.00 0.00 0.00 100.00 100.00 -1000 1.45 3.44 13.55 -1000 46.92 -0.17 389.427
car -1 -1 0.00 0.00 0.00 100.00 100.00 -1000 2.36 1.80 8.19 -1000 15.85 1.61 388.553
car -1 -1 0.00 0.00 0.00 100.00 100.00 -1000 1.40 3.33 15.68 -1000 43.41 1.56 387.049
car -1 -1 0.00 0.00 0.00 100.00 100.00 -1000 1.46 3.42 13.15 -1000 35.58 0.03 386.659
car -1 -1 0.00 0.00 0.00 100.00 100.00 -1000 1.44 3.33 6.65 -1000 40.58 1.54 386.601
car -1 -1 0.00 0.00 0.00 100.00 100.00 -1000 1.71 4.22 -8.61 -1000 41.90 1.41 384.444
car -1 -1 0.00 0.00 0.00 100.00 100.00 -1000 1.41 3.06 18.16 -1000 23.20 1.52 382.197
car -1 -1 0.00 0.00 0.00 100.00 100.00 -1000 2.06 7.65 -0.38 -1000 16.22 1.54 381.993
car -1 -1 0.00 0.00 0.00 100.00 100.00 -1000 1.45 3.17 -11.35 -1000 29.28 1.56 381.658
car -1 -1 0.00 0.00 0.00 100.00 100.00 -1000 1.43 3.29 6.89 -1000 33.64 1.50 381.595
car -1 -1 0.00 0.00 0.00 100.00 100.00 -1000 1.92 5.91 -15.62 -1000 46.19 1.42 377.503
car -1 -1 0.00 0.00 0.00 100.00 100.00 -1000 1.78 4.92 14.76 -1000 28.42 1.42 376.479
car -1 -1 0.00 0.00 0.00 100.00 100.00 -1000 1.32 3.29 -13.76 -1000 23.57 0.17 375.330
car -1 -1 0.00 0.00 0.00 100.00 100.00 -1000 1.39 2.98 -8.04 -1000 34.21 1.52 375.302
car -1 -1 0.00 0.00 0.00 100.00 100.00 -1000 1.84 5.49 15.21 -1000 29.24 1.44 374.341
car -1 -1 0.00 0.00 0.00 100.00 100.00 -1000 1.63 4.29 12.16 -1000 25.71 1.40 373.635
car -1 -1 0.00 0.00 0.00 100.00 100.00 -1000 1.41 2.99 12.26 -1000 35.97 0.14 373.574
car -1 -1 0.00 0.00 0.00 100.00 100.00 -1000 1.40 3.10 17.67 -1000 22.09 1.55 373.429
car -1 -1 0.00 0.00 0.00 100.00 100.00 -1000 1.41 3.35 7.15 -1000 28.85 0.21 372.263
car -1 -1 0.00 0.00 0.00 100.00 100.00 -1000 1.29 3.10 10.68 -1000 28.38 0.22 372.009
car -1 -1 0.00 0.00 0.00 100.00 100.00 -1000 1.46 3.54 16.33 -1000 40.25 1.53 370.052
car -1 -1 0.00 0.00 0.00 100.00 100.00 -1000 1.52 3.62 9.16 -1000 37.92 1.66 367.749
car -1 -1 0.00 0.00 0.00 100.00 100.00 -1000 1.46 3.17 6.77 -1000 45.50 1.52 367.682
car -1 -1 0.00 0.00 0.00 100.00 100.00 -1000 1.87 5.09 -4.49 -1000 43.96 1.50 365.046
car -1 -1 0.00 0.00 0.00 100.00 100.00 -1000 1.40 3.12 -6.36 -1000 33.75 1.45 364.180
car -1 -1 0.00 0.00 0.00 100.00 100.00 -1000 1.50 3.31 -13.80 -1000 20.51 1.55 362.748
car -1 -1 0.00 0.00 0.00 100.00 100.00 -1000 1.37 3.47 -11.32 -1000 28.34 0.21 362.144
car -1 -1 0.00 0.00 0.00 100.00 100.00 -1000 1.38 2.95 12.23 -1000 45.22 1.54 362.013
car -1 -1 0.00 0.00 0.00 100.00 100.00 -1000 1.32 3.21 2.91 -1000 32.24 0.21 361.830
car -1 -1 0.00 0.00 0.00 100.00 100.00 -1000 1.40 3.25 -7.83 -1000 30.82 1.47 359.533
car -1 -1 0.00 0.00 0.00 100.00 100.00 -1000 1.27 2.65 -7.26 -1000 37.91 1.53 358.778
car -1 -1 0.00 0.00 0.00 100.00 100.00 -1000 1.90 5.17 -3.97 -1000 41.43 1.44 358.674
car -1 -1 0.00 0.00 0.00 100.00 100.00 -1000 1.42 3.42 10.84 -1000 23.21 0.21 357.555
car -1 -1 0.00 0.00 0.00 100.00 100.00 -1000 1.61 4.13 11.60 -1000 29.18 1.46 357.470
car -1 -1 0.00 0.00 0.00 100.00 100.00 -1000 1.63 4.16 -12.09 -1000 40.92 1.39 357.441
car -1 -1 0.00 0.00 0.00 100.00 100.00 -1000 1.44 3.43 -9.42 -1000 33.59 0.31 356.226
car -1 -1 0.00 0.00 0.00 100.00 100.00 -1000 1.36 3.32 -15.20 -1000 29.41 0.33 355.790
car -1 -1 0.00 0.00 0.00 100.00 100.00 -1000 1.76 4.32 2.09 -1000 36.25 1.42 352.495
car -1 -1 0.00 0.00 0.00 100.00 100.00 -1000 1.40 3.16 -4.80 -1000 37.01 1.43 351.516
car -1 -1 0.00 0.00 0.00 100.00 100.00 -1000 1.70 4.63 -6.17 -1000 46.17 1.41 341.188
car -1 -1 0.00 0.00 0.00 100.00 100.00 -1000 1.73 4.57 4.81 -1000 9.17 1.66 341.187
car -1 -1 0.00 0.00 0.00 100.00 100.00 -1000 1.47 3.35 -11.15 -1000 26.44 1.55 341.120
car -1 -1 0.00 0.00 0.00 100.00 100.00 -1000 1.46 3.54 -16.55 -1000 19.68 1.45 340.485
car -1 -1 0.00 0.00 0.00 100.00 100.00 -1000 1.50 3.52 10.09 -1000 38.99 1.61 340.131
car -1 -1 0.00 0.00 0.00 100.00 100.00 -1000 1.53 3.38 -1.40 -1000 39.94 1.48 339.174
car -1 -1 0.00 0.00 0.00 100.00 100.00 -1000 1.30 2.77 -5.10 -1000 37.82 1.54 336.358
car -1 -1 0.00 0.00 0.00 100.00 100.00 -1000 1.42 3.61 14.13 -1000 47.72 -0.13 336.136
car -1 -1 0.00 0.00 0.00 100.00 100.00 -1000 1.54 3.44 4.87 -1000 39.41 0.15 334.882
car -1 -1 0.00 0.00 0.00 100.00 100.00 -1000 1.42 3.40 5.27 -1000 29.95 1.57 332.769
car -1 -1 0.00 0.00 0.00 100.00 100.00 -1000 1.76 4.80 2.74 -1000 37.04 1.37 332.501
car -1 -1 0.00 0.00 0.00 100.00 100.00 -1000 1.47 3.70 -15.22 -1000 30.47 1.46 332.390
car -1 -1 0.00 0.00 0.00 100.00 100.00 -1000 1.50 3.57 -16.46 -1000 21.55 0.21 331.644
car -1 -1 0.00 0.00 0.00 100.00 100.00 -1000 2.04 4.89 7.41 -1000 14.04 -0.02 327.380
car -1 -1 0.00 0.00 0.00 100.00 100.00 -1000 1.40 3.44 -14.01 -1000 19.55 0.12 326.521
car -1 -1 0.00 0.00 0.00 100.00 100.00 -1000 1.39 3.35 -9.34 -1000 35.63 1.54 325.092
