car -1 -1 0.00 0.00 0.00 100.00 100.00 -1000 2.94 7.78 -1.27 -1000 25.11 1.63 1000.000
car -1 -1 0.00 0.00 0.00 100.00 100.00 -1000 2.08 5.30 -0.71 -1000 24.26 1.54 999.985
car -1 -1 0.00 0.00 0.00 100.00 100.00 -1000 1.25 5.05 0.69 -1000 23.40 0.38 999.619
car -1 -1 0.00 0.00 0.00 100.00 100.00 -1000 0.55 5.37 2.02 -1000 24.23 1.38 999.375
car -1 -1 0.00 0.00 0.00 100.00 100.00 -1000 1.62 3.40 -0.72 -1000 23.69 1.53 998.471
car -1 -1 0.00 0.00 0.00 100.00 100.00 -1000 1.69 4.16 -6.15 -1000 29.73 1.74 998.172
car -1 -1 0.00 0.00 0.00 100.00 100.00 -1000 1.57 4.09 -16.01 -1000 46.31 1.62 991.648
car -1 -1 0.00 0.00 0.00 100.00 100.00 -1000 3.02 9.33 -1.47 -1000 26.23 1.68 989.566
car -1 -1 0.00 0.00 0.00 100.00 100.00 -1000 1.00 3.71 -5.77 -1000 28.74 0.41 989.476
car -1 -1 0.00 0.00 0.00 100.00 100.00 -1000 1.70 4.56 -0.53 -1000 23.00 -0.25 984.742
car -1 -1 0.00 0.00 0.00 100.00 100.00 -1000 1.57 3.51 5.07 -1000 31.77 1.62 982.501
car -1 -1 0.00 0.00 0.00 100.00 100.00 -1000 1.51 4.13 5.17 -1000 20.61 0.09 973.773
car -1 -1 0.00 0.00 0.00 100.00 100.00 -1000 1.89 4.16 13.73 -1000 18.96 1.47 963.674
car -1 -1 0.00 0.00 0.00 100.00 100.00 -1000 1.52 3.54 13.71 -1000 31.32 1.53 961.455
car -1 -1 0.00 0.00 0.00 100.00 100.00 -1000 1.65 4.14 -9.34 -1000 31.31 1.64 960.281
car -1 -1 0.00 0.00 0.00 100.00 100.00 -1000 1.54 3.49 5.04 -1000 41.41 1.65 958.994
car -1 -1 0.00 0.00 0.00 100.00 100.00 -1000 1.63 3.90 4.96 -1000 30.91 -0.24 957.715
car -1 -1 0.00 0.00 0.00 100.00 100.00 -1000 1.48 3.41 -15.43 -1000 19.75 1.58 947.885
car -1 -1 0.00 0.00 0.00 100.00 100.00 -1000 1.66 4.15 -6.03 -1000 30.93 1.60 944.021
car -1 -1 0.00 0.00 0.00 100.00 100.00 -1000 1.51 3.59 4.64 -1000 21.52 1.58 936.081
car -1 -1 0.00 0.00 0.00 100.00 100.00 -1000 1.51 3.51 -8.36 -1000 41.84 1.65 924.269
car -1 -1 0.00 0.00 0.00 100.00 100.00 -1000 1.09 5.25 0.95 -1000 22.44 0.82 919.562
car -1 -1 0.00 0.00 0.00 100.00 100.00 -1000 1.61 4.00 5.61 -1000 35.00 -0.01 916.498
car -1 -1 0.00 0.00 0.00 100.00 100.00 -1000 1.46 3.51 -19.38 -1000 47.08 1.53 915.491
car -1 -1 0.00 0.00 0.00 100.00 100.00 -1000 1.46 3.34 14.03 -1000 38.16 1.56 909.295
car -1 -1 0.00 0.00 0.00 100.00 100.00 -1000 1.61 4.05 6.32 -1000 31.38 -0.07 908.423
car -1 -1 0.00 0.00 0.00 100.00 100.00 -1000 1.49 3.49 13.45 -1000 37.26 0.03 904.961
car -1 -1 0.00 0.00 0.00 100.00 100.00 -1000 1.69 4.19 -9.43 -1000 20.50 -0.08 898.122
car -1 -1 0.00 0.00 0.00 100.00 100.00 -1000 1.44 3.42 -19.86 -1000 43.38 1.61 896.898
car -1 -1 0.00 0.00 0.00 100.00 100.00 -1000 1.49 3.50 5.94 -1000 32.37 1.61 896.569
car -1 -1 0.00 0.00 0.00 100.00 100.00 -1000 1.64 3.84 -7.54 -1000 29.48 1.56 893.808
car -1 -1 0.00 0.00 0.00 100.00 100.00 -1000 1.47 3.42 9.97 -1000 35.79 0.09 883.445
car -1 -1 0.00 0.00 0.00 100.00 100.00 -1000 1.43 3.31 -8.87 -1000 21.35 1.64 881.682
car -1 -1 0.00 0.00 0.00 100.00 100.00 -1000 1.54 3.65 2.34 -1000 38.53 0.10 880.939
car -1 -1 0.00 0.00 0.00 100.00 100.00 -1000 1.44 3.35 -20.08 -1000 39.82 1.47 875.223
car -1 -1 0.00 0.00 0.00 100.00 100.00 -1000 1.39 3.20 6.01 -1000 35.75 1.60 874.980
car -1 -1 0.00 0.00 0.00 100.00 100.00 -1000 1.41 3.21 -20.00 -1000 39.03 1.45 866.134
car -1 -1 0.00 0.00 0.00 100.00 100.00 -1000 1.89 4.35 -15.52 -1000 45.45 -0.21 860.052
car -1 -1 0.00 0.00 0.00 100.00 100.00 -1000 1.62 3.67 13.81 -1000 17.94 1.60 857.021
car -1 -1 0.00 0.00 0.00 100.00 100.00 -1000 1.63 3.76 5.14 -1000 40.27 -0.16 856.417
car -1 -1 0.00 0.00 0.00 100.00 100.00 -1000 1.41 3.20 13.76 -1000 22.86 1.53 853.039
car -1 -1 0.00 0.00 0.00 100.00 100.00 -1000 1.84 5.23 -18.69 -1000 47.67 1.67 852.109
car -1 -1 0.00 0.00 0.00 100.00 100.00 -1000 1.51 3.66 4.94 -1000 28.19 0.07 851.328
car -1 -1 0.00 0.00 0.00 100.00 100.00 -1000 1.40 3.18 -20.09 -1000 31.76 1.51 848.368
car -1 -1 0.00 0.00 0.00 100.00 100.00 -1000 1.57 3.68 3.52 -1000 38.20 0.13 846.136
car -1 -1 0.00 0.00 0.00 100.00 100.00 -1000 1.72 4.37 -6.99 -1000 28.50 0.10 845.618
car -1 -1 0.00 0.00 0.00 100.00 100.00 -1000 1.57 4.04 3.26 -1000 33.34 0.10 844.943
car -1 -1 0.00 0.00 0.00 100.00 100.00 -1000 1.40 3.22 -19.93 -1000 40.63 1.46 844.301
car -1 -1 0.00 0.00 0.00 100.00 100.00 -1000 1.44 3.39 -20.07 -1000 41.44 1.48 836.140
car -1 -1 0.00 0.00 0.00 100.00 100.00 -1000 1.67 4.18 -15.57 -1000 23.74 1.58 822.209
car -1 -1 0.00 0.00 0.00 100.00 100.00 -1000 1.57 3.72 3.37 -1000 30.61 0.16 821.424
car -1 -1 0.00 0.00 0.00 100.00 100.00 -1000 1.39 3.35 14.30 -1000 22.04 0.10 813.636
car -1 -1 0.00 0.00 0.00 100.00 100.00 -1000 1.87 4.65 -9.48 -1000 30.41 -0.24 812.571
car -1 -1 0.00 0.00 0.00 100.00 100.00 -1000 1.45 3.36 13.64 -1000 19.67 1.54 805.877
car -1 -1 0.00 0.00 0.00 100.00 100.00 -1000 1.56 3.66 1.68 -1000 33.77 0.14 804.283
car -1 -1 0.00 0.00 0.00 100.00 100.00 -1000 1.50 3.43 13.46 -1000 30.38 -0.06 796.431
car -1 -1 0.00 0.00 0.00 100.00 100.00 -1000 2.23 4.97 -8.44 -1000 40.60 -0.14 794.677
car -1 -1 0.00 0.00 0.00 100.00 100.00 -1000 1.43 3.28 -20.07 -1000 35.80 1.47 792.586
car -1 -1 0.00 0.00 0.00 100.00 100.00 -1000 1.75 4.54 -7.50 -1000 30.28 1.65 787.547
car -1 -1 0.00 0.00 0.00 100.00 100.00 -1000 1.43 3.25 13.80 -1000 26.99 1.54 786.078
car -1 -1 0.00 0.00 0.00 100.00 100.00 -1000 1.42 3.27 -20.06 -1000 37.44 1.48 781.793
car -1 -1 0.00 0.00 0.00 100.00 100.00 -1000 2.08 5.52 -7.17 -1000 21.95 1.65 768.376
car -1 -1 0.00 0.00 0.00 100.00 100.00 -1000 1.56 3.88 4.02 -1000 32.19 1.50 768.182
car -1 -1 0.00 0.00 0.00 100.00 100.00 -1000 1.95 6.03 -17.41 -1000 47.06 1.70 759.993
car -1 -1 0.00 0.00 0.00 100.00 100.00 -1000 2.28 8.75 1.39 -1000 26.67 1.58 755.859
car -1 -1 0.00 0.00 0.00 100.00 100.00 -1000 1.80 4.38 -6.35 -1000 31.84 1.47 755.816
car -1 -1 0.00 0.00 0.00 100.00 100.00 -1000 1.63 3.34 19.22 -1000 36.41 1.42 738.718
car -1 -1 0.00 0.00 0.00 100.00 100.00 -1000 1.41 3.21 -19.96 -1000 34.21 1.48 737.881
car -1 -1 0.00 0.00 0.00 100.00 100.00 -1000 1.51 3.75 13.65 -1000 32.24 1.53 735.845
car -1 -1 0.00 0.00 0.00 100.00 100.00 -1000 1.44 3.16 2.81 -1000 39.40 1.60 733.658
car -1 -1 0.00 0.00 0.00 100.00 100.00 -1000 1.53 3.62 3.16 -1000 31.67 1.64 731.659
car -1 -1 0.00 0.00 0.00 100.00 100.00 -1000 1.40 3.23 10.82 -1000 36.66 1.62 721.364
car -1 -1 0.00 0.00 0.00 100.00 100.00 -1000 1.44 3.53 13.72 -1000 35.33 1.52 715.635
car -1 -1 0.00 0.00 0.00 100.00 100.00 -1000 1.40 3.15 -19.74 -1000 42.28 1.50 710.820
car -1 -1 0.00 0.00 0.00 100.00 100.00 -1000 1.61 4.09 -9.62 -1000 41.48 0.10 702.714
car -1 -1 0.00 0.00 0.00 100.00 100.00 -1000 1.44 3.62 9.80 -1000 31.63 0.15 701.310
car -1 -1 0.00 0.00 0.00 100.00 100.00 -1000 1.62 3.94 -15.69 -1000 18.76 -0.02 697.504
car -1 -1 0.00 0.00 0.00 100.00 100.00 -1000 1.54 4.22 4.99 -1000 32.80 1.62 692.761
car -1 -1 0.00 0.00 0.00 100.00 100.00 -1000 1.63 4.24 5.88 -1000 42.57 1.59 683.050
car -1 -1 0.00 0.00 0.00 100.00 100.00 -1000 2.96 5.64 -13.44 -1000 31.88 1.08 682.067
car -1 -1 0.00 0.00 0.00 100.00 100.00 -1000 1.44 3.55 3.13 -1000 34.50 1.55 679.459
car -1 -1 0.00 0.00 0.00 100.00 100.00 -1000 1.42 3.35 7.35 -1000 35.55 1.66 676.128
car -1 -1 0.00 0.00 0.00 100.00 100.00 -1000 1.62 4.03 -14.28 -1000 30.60 1.61 676.004
car -1 -1 0.00 0.00 0.00 100.00 100.00 -1000 2.38 9.51 -1.22 -1000 27.54 1.56 672.632
car -1 -1 0.00 0.00 0.00 100.00 100.00 -1000 1.43 3.27 5.75 -1000 29.28 1.61 670.661
car -1 -1 0.00 0.00 0.00 100.00 100.00 -1000 1.40 3.07 -19.87 -1000 30.75 1.54 668.203
car -1 -1 0.00 0.00 0.00 100.00 100.00 -1000 2.38 8.69 0.77 -1000 25.71 1.54 664.148
car -1 -1 0.00 0.00 0.00 100.00 100.00 -1000 1.51 3.24 6.13 -1000 21.08 1.34 660.452
car -1 -1 0.00 0.00 0.00 100.00 100.00 -1000 2.11 6.10 -6.33 -1000 32.92 1.43 660.356
car -1 -1 0.00 0.00 0.00 100.00 100.00 -1000 1.48 3.49 12.54 -1000 45.97 1.54 655.625
car -1 -1 0.00 0.00 0.00 100.00 100.00 -1000 1.56 3.59 19.78 -1000 35.02 0.07 652.041
car -1 -1 0.00 0.00 0.00 100.00 100.00 -1000 1.39 3.56 13.70 -1000 20.46 1.55 643.533
car -1 -1 0.00 0.00 0.00 100.00 100.00 -1000 1.54 3.81 5.91 -1000 19.98 -0.01 641.868
car -1 -1 0.00 0.00 0.00 100.00 100.00 -1000 1.44 3.83 13.64 -1000 23.74 1.56 637.258
car -1 -1 0.00 0.00 0.00 100.00 100.00 -1000 1.44 3.10 1.35 -1000 39.26 1.54 628.484
car -1 -1 0.00 0.00 0.00 100.00 100.00 -1000 1.74 4.39 -4.99 -1000 30.33 1.73 619.229
car -1 -1 0.00 0.00 0.00 100.00 100.00 -1000 1.47 3.24 -19.55 -1000 46.16 1.59 613.881
car -1 -1 0.00 0.00 0.00 100.00 100.00 -1000 1.81 5.02 -10.91 -1000 43.37 1.42 609.616
car -1 -1 0.00 0.00 0.00 100.00 100.00 -1000 2.02 4.91 -10.87 -1000 30.78 1.27 607.357
car -1 -1 0.00 0.00 0.00 100.00 100.00 -1000 1.45 3.48 12.27 -1000 41.49 1.59 605.852
car -1 -1 0.00 0.00 0.00 100.00 100.00 -1000 1.56 3.57 5.19 -1000 30.05 -0.19 604.859
car -1 -1 0.00 0.00 0.00 100.00 100.00 -1000 1.44 3.38 4.02 -1000 40.67 0.20 599.780
car -1 -1 0.00 0.00 0.00 100.00 100.00 -1000 1.68 4.02 -16.54 -1000 23.21 1.56 599.245
car -1 -1 0.00 0.00 0.00 100.00 100.00 -1000 1.43 3.24 -19.84 -1000 33.10 1.48 594.477
car -1 -1 0.00 0.00 0.00 100.00 100.00 -1000 1.54 3.51 1.48 -1000 43.79 0.12 588.187
car -1 -1 0.00 0.00 0.00 100.00 100.00 -1000 1.53 3.46 -15.43 -1000 22.74 1.72 585.680
car -1 -1 0.00 0.00 0.00 100.00 100.00 -1000 1.99 6.44 -10.78 -1000 33.31 1.48 584.372
car -1 -1 0.00 0.00 0.00 100.00 100.00 -1000 1.46 3.49 12.04 -1000 37.18 1.57 583.924
car -1 -1 0.00 0.00 0.00 100.00 100.00 -1000 1.74 4.49 -18.04 -1000 46.10 1.67 576.327
car -1 -1 0.00 0.00 0.00 100.00 100.00 -1000 1.41 3.19 1.80 -1000 34.81 1.57 575.872
car -1 -1 0.00 0.00 0.00 100.00 100.00 -1000 2.00 5.87 1.48 -1000 24.07 1.62 574.777
car -1 -1 0.00 0.00 0.00 100.00 100.00 -1000 1.51 3.40 -14.67 -1000 43.45 1.64 574.118
car -1 -1 0.00 0.00 0.00 100.00 100.00 -1000 1.46 3.40 14.37 -1000 38.89 1.56 572.928
car -1 -1 0.00 0.00 0.00 100.00 100.00 -1000 1.97 6.51 -5.16 -1000 21.50 1.67 572.674
car -1 -1 0.00 0.00 0.00 100.00 100.00 -1000 1.61 4.36 4.19 -1000 34.03 1.58 570.119
car -1 -1 0.00 0.00 0.00 100.00 100.00 -1000 1.44 3.82 10.81 -1000 31.03 0.28 563.313
car -1 -1 0.00 0.00 0.00 100.00 100.00 -1000 1.48 3.32 2.65 -1000 45.03 1.51 562.592
car -1 -1 0.00 0.00 0.00 100.00 100.00 -1000 1.93 6.33 -3.48 -1000 23.75 1.61 560.782
car -1 -1 0.00 0.00 0.00 100.00 100.00 -1000 1.66 3.16 -8.61 -1000 29.12 1.45 559.474
car -1 -1 0.00 0.00 0.00 100.00 100.00 -1000 1.41 3.30 9.41 -1000 47.01 1.56 558.593
car -1 -1 0.00 0.00 0.00 100.00 100.00 -1000 1.38 3.30 14.50 -1000 29.01 1.63 556.759
car -1 -1 0.00 0.00 0.00 100.00 100.00 -1000 1.59 4.10 -7.13 -1000 42.17 1.63 555.585
car -1 -1 0.00 0.00 0.00 100.00 100.00 -1000 1.86 4.65 -5.71 -1000 28.01 1.70 545.490
car -1 -1 0.00 0.00 0.00 100.00 100.00 -1000 1.33 3.90 14.00 -1000 25.37 1.60 543.571
car -1 -1 0.00 0.00 0.00 100.00 100.00 -1000 1.38 2.94 10.41 -1000 46.45 1.60 542.694
car -1 -1 0.00 0.00 0.00 100.00 100.00 -1000 1.50 3.63 4.71 -1000 35.52 1.47 542.528
car -1 -1 0.00 0.00 0.00 100.00 100.00 -1000 1.53 3.75 8.00 -1000 32.44 1.62 542.214
car -1 -1 0.00 0.00 0.00 100.00 100.00 -1000 1.82 4.74 -9.96 -1000 42.28 1.40 540.349
car -1 -1 0.00 0.00 0.00 100.00 100.00 -1000 1.41 3.26 3.72 -1000 45.34 1.59 539.901
car -1 -1 0.00 0.00 0.00 100.00 100.00 -1000 2.02 6.81 -10.21 -1000 31.98 1.52 539.399
car -1 -1 0.00 0.00 0.00 100.00 100.00 -1000 1.51 3.55 -12.70 -1000 43.75 1.49 538.855
car -1 -1 0.00 0.00 0.00 100.00 100.00 -1000 1.59 3.73 13.72 -1000 17.06 1.63 536.170
car -1 -1 0.00 0.00 0.00 100.00 100.00 -1000 1.54 3.51 18.74 -1000 35.40 0.07 533.453
car -1 -1 0.00 0.00 0.00 100.00 100.00 -1000 1.55 3.31 19.14 -1000 37.53 1.40 528.761
car -1 -1 0.00 0.00 0.00 100.00 100.00 -1000 1.52 3.62 -16.58 -1000 24.20 1.47 522.474
car -1 -1 0.00 0.00 0.00 100.00 100.00 -1000 3.18 7.03 -15.39 -1000 45.16 -0.11 516.073
car -1 -1 0.00 0.00 0.00 100.00 100.00 -1000 1.39 3.19 11.62 -1000 45.44 0.08 514.469
car -1 -1 0.00 0.00 0.00 100.00 100.00 -1000 1.49 3.59 3.41 -1000 28.16 0.18 513.472
car -1 -1 0.00 0.00 0.00 100.00 100.00 -1000 1.36 2.38 -14.29 -1000 44.05 1.53 500.278
car -1 -1 0.00 0.00 0.00 100.00 100.00 -1000 2.13 5.70 -1.80 -1000 22.48 1.43 496.995
car -1 -1 0.00 0.00 0.00 100.00 100.00 -1000 1.48 3.54 4.82 -1000 38.59 1.62 495.404
car -1 -1 0.00 0.00 0.00 100.00 100.00 -1000 1.53 3.84 12.14 -1000 31.90 1.58 494.216
car -1 -1 0.00 0.00 0.00 100.00 100.00 -1000 1.51 3.45 13.83 -1000 45.70 1.67 491.981
car -1 -1 0.00 0.00 0.00 100.00 100.00 -1000 1.55 4.02 -10.21 -1000 40.73 0.14 491.535
car -1 -1 0.00 0.00 0.00 100.00 100.00 -1000 1.62 4.22 -7.65 -1000 20.97 1.60 491.106
car -1 -1 0.00 0.00 0.00 100.00 100.00 -1000 1.53 3.90 -16.10 -1000 30.51 1.60 490.218
car -1 -1 0.00 0.00 0.00 100.00 100.00 -1000 2.20 7.37 -15.60 -1000 47.53 1.49 489.410
car -1 -1 0.00 0.00 0.00 100.00 100.00 -1000 1.48 3.35 11.73 -1000 46.47 1.49 481.420
car -1 -1 0.00 0.00 0.00 100.00 100.00 -1000 1.88 5.21 -14.59 -1000 46.64 1.62 478.510
car -1 -1 0.00 0.00 0.00 100.00 100.00 -1000 1.67 4.04 0.65 -1000 38.42 0.07 478.425
car -1 -1 0.00 0.00 0.00 100.00 100.00 -1000 1.62 4.21 6.44 -1000 43.50 1.51 475.230
car -1 -1 0.00 0.00 0.00 100.00 100.00 -1000 1.64 3.96 6.84 -1000 29.70 1.65 472.857
car -1 -1 0.00 0.00 0.00 100.00 100.00 -1000 1.52 3.68 8.56 -1000 35.15 1.60 469.058
car -1 -1 0.00 0.00 0.00 100.00 100.00 -1000 1.50 3.45 -19.55 -1000 35.15 1.64 468.245
car -1 -1 0.00 0.00 0.00 100.00 100.00 -1000 3.39 5.71 -14.46 -1000 35.28 1.05 468.218
car -1 -1 0.00 0.00 0.00 100.00 100.00 -1000 1.50 3.57 13.77 -1000 34.29 1.59 467.993
car -1 -1 0.00 0.00 0.00 100.00 100.00 -1000 1.65 4.44 -3.99 -1000 46.09 1.55 463.382
car -1 -1 0.00 0.00 0.00 100.00 100.00 -1000 1.59 3.77 3.60 -1000 29.33 1.51 462.700
car -1 -1 0.00 0.00 0.00 100.00 100.00 -1000 1.67 4.00 8.57 -1000 46.08 1.48 462.689
car -1 -1 0.00 0.00 0.00 100.00 100.00 -1000 1.62 3.72 19.26 -1000 40.31 1.41 460.744
car -1 -1 0.00 0.00 0.00 100.00 100.00 -1000 1.62 4.01 -17.79 -1000 42.70 1.55 457.045
car -1 -1 0.00 0.00 0.00 100.00 100.00 -1000 2.12 5.48 -17.16 -1000 45.13 -0.03 455.544
car -1 -1 0.00 0.00 0.00 100.00 100.00 -1000 1.73 4.38 -4.73 -1000 29.09 1.70 450.368
car -1 -1 0.00 0.00 0.00 100.00 100.00 -1000 1.70 4.48 -13.43 -1000 19.30 1.53 449.221
car -1 -1 0.00 0.00 0.00 100.00 100.00 -1000 1.53 3.48 1.55 -1000 44.72 1.44 448.781
car -1 -1 0.00 0.00 0.00 100.00 100.00 -1000 1.73 4.87 -9.18 -1000 22.01 1.46 448.296
car -1 -1 0.00 0.00 0.00 100.00 100.00 -1000 1.55 3.63 13.88 -1000 36.28 1.61 446.567
car -1 -1 0.00 0.00 0.00 100.00 100.00 -1000 1.52 3.45 -7.83 -1000 41.22 1.61 443.858
car -1 -1 0.00 0.00 0.00 100.00 100.00 -1000 1.18 6.88 -0.48 -1000 25.63 0.67 439.861
car -1 -1 0.00 0.00 0.00 100.00 100.00 -1000 1.63 4.01 12.49 -1000 30.81 1.55 436.596
car -1 -1 0.00 0.00 0.00 100.00 100.00 -1000 1.43 3.31 1.83 -1000 30.81 0.16 436.240
car -1 -1 0.00 0.00 0.00 100.00 100.00 -1000 1.69 4.68 -4.55 -1000 46.89 1.57 434.495
car -1 -1 0.00 0.00 0.00 100.00 100.00 -1000 1.50 3.96 13.16 -1000 46.60 1.61 433.572
car -1 -1 0.00 0.00 0.00 100.00 100.00 -1000 1.40 2.87 -5.79 -1000 27.54 1.70 432.150
car -1 -1 0.00 0.00 0.00 100.00 100.00 -1000 2.09 7.11 -3.33 -1000 24.78 1.45 430.402
car -1 -1 0.00 0.00 0.00 100.00 100.00 -1000 1.57 2.89 -7.98 -1000 39.51 1.49 430.107
car -1 -1 0.00 0.00 0.00 100.00 100.00 -1000 1.81 5.34 -12.86 -1000 45.68 1.58 429.293
car -1 -1 0.00 0.00 0.00 100.00 100.00 -1000 1.65 3.68 3.27 -1000 44.08 0.01 421.363
car -1 -1 0.00 0.00 0.00 100.00 100.00 -1000 1.56 3.77 15.75 -1000 22.48 1.49 420.330
car -1 -1 0.00 0.00 0.00 100.00 100.00 -1000 1.95 6.16 -11.78 -1000 32.52 1.41 418.557
car -1 -1 0.00 0.00 0.00 100.00 100.00 -1000 1.61 4.06 13.85 -1000 24.57 1.52 416.406
car -1 -1 0.00 0.00 0.00 100.00 100.00 -1000 1.87 4.96 -19.25 -1000 45.65 1.72 412.591
car -1 -1 0.00 0.00 0.00 100.00 100.00 -1000 1.50 3.41 15.06 -1000 37.61 1.63 411.465
car -1 -1 0.00 0.00 0.00 100.00 100.00 -1000 1.60 4.09 -17.98 -1000 34.54 1.58 411.253
car -1 -1 0.00 0.00 0.00 100.00 100.00 -1000 1.62 4.23 13.54 -1000 33.39 1.60 410.195
car -1 -1 0.00 0.00 0.00 100.00 100.00 -1000 1.55 3.82 12.73 -1000 37.83 1.49 403.689
car -1 -1 0.00 0.00 0.00 100.00 100.00 -1000 1.50 3.62 -16.93 -1000 37.38 1.54 402.308
car -1 -1 0.00 0.00 0.00 100.00 100.00 -1000 1.57 3.57 -12.99 -1000 39.44 1.39 400.985
car -1 -1 0.00 0.00 0.00 100.00 100.00 -1000 1.45 3.52 5.18 -1000 45.11 1.55 400.823
car -1 -1 0.00 0.00 0.00 100.00 100.00 -1000 1.61 3.69 13.82 -1000 29.63 0.05 396.970
car -1 -1 0.00 0.00 0.00 100.00 100.00 -1000 1.53 3.78 11.90 -1000 40.79 1.55 392.945
car -1 -1 0.00 0.00 0.00 100.00 100.00 -1000 2.29 8.55 -9.13 -1000 34.01 1.42 391.368
car -1 -1 0.00 0.00 0.00 100.00 100.00 -1000 1.64 4.29 7.09 -1000 41.90 1.69 390.797
car -1 -1 0.00 0.00 0.00 100.00 100.00 -1000 1.61 3.65 14.86 -1000 18.60 1.67 387.799
car -1 -1 0.00 0.00 0.00 100.00 100.00 -1000 1.79 5.48 1.36 -1000 41.80 1.48 386.248
car -1 -1 0.00 0.00 0.00 100.00 100.00 -1000 1.59 3.86 13.96 -1000 27.78 1.57 384.333
car -1 -1 0.00 0.00 0.00 100.00 100.00 -1000 1.56 3.66 -17.92 -1000 23.83 1.57 383.995
car -1 -1 0.00 0.00 0.00 100.00 100.00 -1000 2.36 8.53 -8.17 -1000 32.42 1.45 383.940
car -1 -1 0.00 0.00 0.00 100.00 100.00 -1000 1.75 4.78 -11.43 -1000 41.40 1.52 379.799
car -1 -1 0.00 0.00 0.00 100.00 100.00 -1000 1.44 3.49 12.29 -1000 36.42 -0.15 376.353
car -1 -1 0.00 0.00 0.00 100.00 100.00 -1000 1.61 3.72 -14.15 -1000 29.49 1.54 371.677
car -1 -1 0.00 0.00 0.00 100.00 100.00 -1000 1.71 3.84 -4.83 -1000 26.92 1.53 368.038
car -1 -1 0.00 0.00 0.00 100.00 100.00 -1000 1.63 3.84 5.69 -1000 44.31 1.55 367.225
car -1 -1 0.00 0.00 0.00 100.00 100.00 -1000 1.52 4.09 1.27 -1000 32.05 1.51 365.186
car -1 -1 0.00 0.00 0.00 100.00 100.00 -1000 1.78 4.79 -6.29 -1000 41.50 1.47 364.508
car -1 -1 0.00 0.00 0.00 100.00 100.00 -1000 1.76 5.67 -3.58 -1000 22.11 1.60 364.200
car -1 -1 0.00 0.00 0.00 100.00 100.00 -1000 2.01 6.19 6.72 -1000 33.21 1.58 363.599
car -1 -1 0.00 0.00 0.00 100.00 100.00 -1000 1.58 4.09 10.61 -1000 32.36 1.58 362.062
car -1 -1 0.00 0.00 0.00 100.00 100.00 -1000 1.48 3.65 11.63 -1000 42.24 1.62 360.598
car -1 -1 0.00 0.00 0.00 100.00 100.00 -1000 1.48 3.56 -13.06 -1000 42.55 0.31 358.398
car -1 -1 0.00 0.00 0.00 100.00 100.00 -1000 1.51 3.54 14.39 -1000 21.04 1.63 357.916
car -1 -1 0.00 0.00 0.00 100.00 100.00 -1000 1.83 5.80 -2.25 -1000 28.04 1.49 356.688
car -1 -1 0.00 0.00 0.00 100.00 100.00 -1000 1.51 3.56 7.64 -1000 34.59 0.02 355.172
car -1 -1 0.00 0.00 0.00 100.00 100.00 -1000 1.74 4.67 19.36 -1000 30.55 -0.02 353.782
car -1 -1 0.00 0.00 0.00 100.00 100.00 -1000 1.65 4.42 -15.27 -1000 26.12 1.65 353.572
car -1 -1 0.00 0.00 0.00 100.00 100.00 -1000 1.91 4.93 -16.50 -1000 21.89 0.02 353.148
car -1 -1 0.00 0.00 0.00 100.00 100.00 -1000 1.56 3.87 7.78 -1000 31.52 0.05 352.295
car -1 -1 0.00 0.00 0.00 100.00 100.00 -1000 1.73 4.58 -1.34 -1000 40.26 1.45 351.847
car -1 -1 0.00 0.00 0.00 100.00 100.00 -1000 1.63 3.43 0.93 -1000 21.37 1.44 351.514
car -1 -1 0.00 0.00 0.00 100.00 100.00 -1000 1.53 3.63 11.19 -1000 43.02 1.56 350.221
car -1 -1 0.00 0.00 0.00 100.00 100.00 -1000 1.57 3.78 15.73 -1000 26.95 1.52 348.697
car -1 -1 0.00 0.00 0.00 100.00 100.00 -1000 1.78 5.34 2.20 -1000 27.20 1.52 346.455
car -1 -1 0.00 0.00 0.00 100.00 100.00 -1000 1.73 4.51 -12.53 -1000 30.23 1.45 344.569
car -1 -1 0.00 0.00 0.00 100.00 100.00 -1000 1.43 3.40 9.56 -1000 40.22 1.55 343.555
car -1 -1 0.00 0.00 0.00 100.00 100.00 -1000 1.40 3.32 3.97 -1000 39.62 1.47 343.429
car -1 -1 0.00 0.00 0.00 100.00 100.00 -1000 1.50 3.27 0.82 -1000 34.36 1.44 343.302
car -1 -1 0.00 0.00 0.00 100.00 100.00 -1000 1.49 3.45 11.09 -1000 44.75 0.14 342.448
car -1 -1 0.00 0.00 0.00 100.00 100.00 -1000 1.47 3.60 12.25 -1000 47.14 1.51 342.397
car -1 -1 0.00 0.00 0.00 100.00 100.00 -1000 1.64 4.33 -16.65 -1000 18.17 1.41 342.031
car -1 -1 0.00 0.00 0.00 100.00 100.00 -1000 1.65 4.34 -18.21 -1000 39.45 1.56 341.243
car -1 -1 0.00 0.00 0.00 100.00 100.00 -1000 1.93 5.71 -18.12 -1000 25.64 1.39 340.660
car -1 -1 0.00 0.00 0.00 100.00 100.00 -1000 1.78 4.76 16.28 -1000 38.18 1.42 338.466
car -1 -1 0.00 0.00 0.00 100.00 100.00 -1000 1.92 5.22 2.31 -1000 22.61 1.61 337.571
car -1 -1 0.00 0.00 0.00 100.00 100.00 -1000 1.70 4.10 15.20 -1000 31.38 1.59 336.677
car -1 -1 0.00 0.00 0.00 100.00 100.00 -1000 1.58 3.83 -16.20 -1000 35.22 -0.12 336.260
car -1 -1 0.00 0.00 0.00 100.00 100.00 -1000 1.91 5.75 3.49 -1000 23.32 1.55 335.463
car -1 -1 0.00 0.00 0.00 100.00 100.00 -1000 1.78 5.00 2.59 -1000 32.57 1.48 333.462
car -1 -1 0.00 0.00 0.00 100.00 100.00 -1000 1.62 4.47 8.97 -1000 36.21 1.50 332.970
car -1 -1 0.00 0.00 0.00 100.00 100.00 -1000 1.76 5.36 3.67 -1000 42.07 1.63 332.185
car -1 -1 0.00 0.00 0.00 100.00 100.00 -1000 1.42 3.00 10.28 -1000 45.48 -0.03 329.246
car -1 -1 0.00 0.00 0.00 100.00 100.00 -1000 1.51 4.12 3.80 -1000 20.96 0.21 325.187
car -1 -1 0.00 0.00 0.00 100.00 100.00 -1000 1.66 5.08 -3.93 -1000 25.87 1.57 324.805
car -1 -1 0.00 0.00 0.00 100.00 100.00 -1000 1.90 5.54 -13.10 -1000 47.79 1.55 323.037
car -1 -1 0.00 0.00 0.00 100.00 100.00 -1000 1.74 4.84 -10.96 -1000 29.45 1.40 322.140
car -1 -1 0.00 0.00 0.00 100.00 100.00 -1000 1.56 4.02 10.30 -1000 42.01 1.43 320.919
car -1 -1 0.00 0.00 0.00 100.00 100.00 -1000 1.60 3.94 -15.52 -1000 37.80 1.38 318.775
car -1 -1 0.00 0.00 0.00 100.00 100.00 -1000 1.50 3.47 14.48 -1000 26.36 1.68 317.680
car -1 -1 0.00 0.00 0.00 100.00 100.00 -1000 2.07 6.43 -9.33 -1000 43.77 1.34 314.579
car -1 -1 0.00 0.00 0.00 100.00 100.00 -1000 1.81 5.17 -13.23 -1000 23.26 1.49 312.300
car -1 -1 0.00 0.00 0.00 100.00 100.00 -1000 2.48 5.29 -14.08 -1000 33.54 1.38 311.509
car -1 -1 0.00 0.00 0.00 100.00 100.00 -1000 1.64 4.87 -3.36 -1000 45.30 1.60 311.043
car -1 -1 0.00 0.00 0.00 100.00 100.00 -1000 2.21 7.53 -10.60 -1000 44.56 1.35 309.687
car -1 -1 0.00 0.00 0.00 100.00 100.00 -1000 1.82 5.08 18.46 -1000 29.37 1.41 302.569
car -1 -1 0.00 0.00 0.00 100.00 100.00 -1000 1.60 3.78 19.23 -1000 38.69 1.43 302.490
car -1 -1 0.00 0.00 0.00 100.00 100.00 -1000 1.66 6.51 -6.11 -1000 20.17 1.53 301.792
car -1 -1 0.00 0.00 0.00 100.00 100.00 -1000 1.97 6.02 18.23 -1000 22.86 1.38 299.447
car -1 -1 0.00 0.00 0.00 100.00 100.00 -1000 1.64 3.83 6.30 -1000 40.75 1.60 296.497
car -1 -1 0.00 0.00 0.00 100.00 100.00 -1000 1.30 3.50 -7.81 -1000 20.21 0.30 295.079
car -1 -1 0.00 0.00 0.00 100.00 100.00 -1000 2.06 7.07 -12.46 -1000 25.21 1.43 293.172
car -1 -1 0.00 0.00 0.00 100.00 100.00 -1000 2.01 6.18 18.18 -1000 21.24 1.37 293.038
car -1 -1 0.00 0.00 0.00 100.00 100.00 -1000 1.84 5.24 -3.61 -1000 29.75 1.58 292.683
car -1 -1 0.00 0.00 0.00 100.00 100.00 -1000 1.63 4.19 8.01 -1000 30.68 1.55 290.733
car -1 -1 0.00 0.00 0.00 100.00 100.00 -1000 2.32 8.76 2.54 -1000 24.90 1.50 288.984
car -1 -1 0.00 0.00 0.00 100.00 100.00 -1000 2.00 6.09 18.19 -1000 28.54 1.39 287.991
car -1 -1 0.00 0.00 0.00 100.00 100.00 -1000 1.74 4.41 -14.21 -1000 18.27 1.63 287.408
car -1 -1 0.00 0.00 0.00 100.00 100.00 -1000 1.50 3.72 -14.12 -1000 39.05 1.56 287.019
car -1 -1 0.00 0.00 0.00 100.00 100.00 -1000 1.62 4.39 -4.18 -1000 44.26 1.51 286.915
car -1 -1 0.00 0.00 0.00 100.00 100.00 -1000 1.55 4.19 -19.12 -1000 32.25 1.73 286.032
car -1 -1 0.00 0.00 0.00 100.00 100.00 -1000 1.64 4.33 8.12 -1000 45.17 1.56 285.073
car -1 -1 0.00 0.00 0.00 100.00 100.00 -1000 2.04 6.41 18.16 -1000 24.45 1.37 284.989
car -1 -1 0.00 0.00 0.00 100.00 100.00 -1000 1.89 5.99 -12.29 -1000 21.60 1.40 284.387
car -1 -1 0.00 0.00 0.00 100.00 100.00 -1000 2.03 6.33 18.20 -1000 26.07 1.37 281.416
car -1 -1 0.00 0.00 0.00 100.00 100.00 -1000 1.72 5.38 -5.82 -1000 42.66 1.51 281.036
car -1 -1 0.00 0.00 0.00 100.00 100.00 -1000 1.61 4.34 -12.67 -1000 36.16 1.44 280.024
car -1 -1 0.00 0.00 0.00 100.00 100.00 -1000 1.93 6.28 -6.69 -1000 43.49 1.51 279.864
car -1 -1 0.00 0.00 0.00 100.00 100.00 -1000 1.58 4.25 -3.76 -1000 40.26 1.52 278.878
car -1 -1 0.00 0.00 0.00 100.00 100.00 -1000 1.65 4.22 15.93 -1000 19.25 1.43 278.328
car -1 -1 0.00 0.00 0.00 100.00 100.00 -1000 1.58 4.43 0.99 -1000 36.93 1.49 277.292
car -1 -1 0.00 0.00 0.00 100.00 100.00 -1000 1.57 3.70 15.63 -1000 21.39 1.56 276.744
car -1 -1 0.00 0.00 0.00 100.00 100.00 -1000 1.78 4.73 7.93 -1000 33.92 1.50 276.640
car -1 -1 0.00 0.00 0.00 100.00 100.00 -1000 1.73 4.39 -18.84 -1000 24.90 1.45 275.709
car -1 -1 0.00 0.00 0.00 100.00 100.00 -1000 1.58 3.69 13.84 -1000 44.81 1.60 274.895
car -1 -1 0.00 0.00 0.00 100.00 100.00 -1000 1.73 5.21 -4.49 -1000 32.54 1.61 274.887
car -1 -1 0.00 0.00 0.00 100.00 100.00 -1000 1.46 3.60 -15.40 -1000 42.49 0.30 273.067
car -1 -1 0.00 0.00 0.00 100.00 100.00 -1000 1.73 4.87 1.02 -1000 42.68 1.49 273.039
car -1 -1 0.00 0.00 0.00 100.00 100.00 -1000 1.68 4.46 -18.25 -1000 22.44 1.54 272.980
car -1 -1 0.00 0.00 0.00 100.00 100.00 -1000 1.94 6.62 -2.87 -1000 33.20 1.47 272.591
car -1 -1 0.00 0.00 0.00 100.00 100.00 -1000 1.60 4.17 -4.21 -1000 39.42 1.52 272.515
car -1 -1 0.00 0.00 0.00 100.00 100.00 -1000 1.69 4.94 -10.65 -1000 38.93 1.37 272.296
car -1 -1 0.00 0.00 0.00 100.00 100.00 -1000 1.67 4.26 -17.17 -1000 29.93 1.55 271.716
car -1 -1 0.00 0.00 0.00 100.00 100.00 -1000 1.76 4.61 7.17 -1000 20.57 1.60 268.569
car -1 -1 0.00 0.00 0.00 100.00 100.00 -1000 1.53 4.13 -17.06 -1000 19.25 1.49 266.184
car -1 -1 0.00 0.00 0.00 100.00 100.00 -1000 1.72 4.58 18.07 -1000 36.99 1.37 264.919
car -1 -1 0.00 0.00 0.00 100.00 100.00 -1000 1.12 5.20 -2.81 -1000 26.74 0.95 264.638
car -1 -1 0.00 0.00 0.00 100.00 100.00 -1000 1.56 3.90 10.36 -1000 37.32 1.63 261.972
car -1 -1 0.00 0.00 0.00 100.00 100.00 -1000 1.83 5.36 5.93 -1000 22.03 1.60 261.515
car -1 -1 0.00 0.00 0.00 100.00 100.00 -1000 1.93 6.00 -11.12 -1000 20.82 1.40 260.966
car -1 -1 0.00 0.00 0.00 100.00 100.00 -1000 1.66 4.07 14.81 -1000 23.28 1.61 260.939
car -1 -1 0.00 0.00 0.00 100.00 100.00 -1000 1.57 3.92 15.26 -1000 35.40 1.51 259.614
car -1 -1 0.00 0.00 0.00 100.00 100.00 -1000 1.75 4.81 -9.06 -1000 19.30 1.46 259.438
