car -1 -1 0.00 0.00 0.00 100.00 100.00 -1000 0.64 3.73 9.39 -1000 10.33 1.46 999.776
car -1 -1 0.00 0.00 0.00 100.00 100.00 -1000 2.10 6.13 7.38 -1000 10.98 2.06 999.054
car -1 -1 0.00 0.00 0.00 100.00 100.00 -1000 1.06 4.20 8.53 -1000 13.23 0.68 998.324
car -1 -1 0.00 0.00 0.00 100.00 100.00 -1000 1.33 3.84 7.18 -1000 16.51 0.18 997.983
car -1 -1 0.00 0.00 0.00 100.00 100.00 -1000 1.37 3.41 5.93 -1000 18.91 0.25 997.165
car -1 -1 0.00 0.00 0.00 100.00 100.00 -1000 1.24 3.71 8.18 -1000 10.38 0.16 997.043
car -1 -1 0.00 0.00 0.00 100.00 100.00 -1000 1.61 3.82 -3.63 -1000 6.08 1.68 996.264
car -1 -1 0.00 0.00 0.00 100.00 100.00 -1000 1.14 3.88 -3.13 -1000 6.73 0.40 995.991
car -1 -1 0.00 0.00 0.00 100.00 100.00 -1000 1.71 4.22 -0.73 -1000 29.81 1.53 995.732
car -1 -1 0.00 0.00 0.00 100.00 100.00 -1000 1.75 4.06 -4.48 -1000 17.38 1.50 995.632
car -1 -1 0.00 0.00 0.00 100.00 100.00 -1000 1.62 4.18 7.10 -1000 46.37 1.57 995.009
car -1 -1 0.00 0.00 0.00 100.00 100.00 -1000 1.83 5.12 7.35 -1000 13.58 1.55 994.448
car -1 -1 0.00 0.00 0.00 100.00 100.00 -1000 1.59 3.95 -3.74 -1000 7.64 1.67 988.110
car -1 -1 0.00 0.00 0.00 100.00 100.00 -1000 1.73 4.41 6.01 -1000 26.44 1.64 986.673
car -1 -1 0.00 0.00 0.00 100.00 100.00 -1000 1.63 3.82 6.31 -1000 17.11 1.61 986.668
car -1 -1 0.00 0.00 0.00 100.00 100.00 -1000 2.15 7.36 -0.74 -1000 31.10 1.47 982.824
car -1 -1 0.00 0.00 0.00 100.00 100.00 -1000 1.42 3.67 -4.08 -1000 12.91 -0.07 978.668
car -1 -1 0.00 0.00 0.00 100.00 100.00 -1000 1.86 4.69 7.65 -1000 45.57 -0.17 977.685
car -1 -1 0.00 0.00 0.00 100.00 100.00 -1000 1.48 3.30 -3.59 -1000 5.29 1.67 971.215
car -1 -1 0.00 0.00 0.00 100.00 100.00 -1000 1.57 4.34 17.17 -1000 24.51 -0.08 968.415
car -1 -1 0.00 0.00 0.00 100.00 100.00 -1000 1.49 4.08 3.82 -1000 25.56 0.22 962.046
car -1 -1 0.00 0.00 0.00 100.00 100.00 -1000 1.59 4.00 -4.19 -1000 11.88 2.02 954.801
car -1 -1 0.00 0.00 0.00 100.00 100.00 -1000 1.66 4.00 0.51 -1000 29.44 1.67 946.769
car -1 -1 0.00 0.00 0.00 100.00 100.00 -1000 1.74 5.17 -3.99 -1000 14.75 1.34 945.327
car -1 -1 0.00 0.00 0.00 100.00 100.00 -1000 1.50 3.90 -4.60 -1000 16.47 0.02 943.285
car -1 -1 0.00 0.00 0.00 100.00 100.00 -1000 1.43 3.95 3.64 -1000 28.38 0.05 941.910
car -1 -1 0.00 0.00 0.00 100.00 100.00 -1000 1.54 3.73 7.44 -1000 11.56 1.60 935.942
car -1 -1 0.00 0.00 0.00 100.00 100.00 -1000 6.14 11.51 2.01 -1000 28.74 -0.31 932.644
car -1 -1 0.00 0.00 0.00 100.00 100.00 -1000 1.70 3.78 5.32 -1000 19.59 1.44 931.446
car -1 -1 0.00 0.00 0.00 100.00 100.00 -1000 0.74 3.36 8.73 -1000 16.11 0.37 930.839
car -1 -1 0.00 0.00 0.00 100.00 100.00 -1000 1.64 3.76 8.57 -1000 46.18 1.63 929.442
car -1 -1 0.00 0.00 0.00 100.00 100.00 -1000 1.78 4.44 2.16 -1000 26.52 1.49 928.872
car -1 -1 0.00 0.00 0.00 100.00 100.00 -1000 1.38 4.22 16.22 -1000 25.17 -0.01 926.936
car -1 -1 0.00 0.00 0.00 100.00 100.00 -1000 1.33 4.64 -3.48 -1000 15.86 0.32 926.664
car -1 -1 0.00 0.00 0.00 100.00 100.00 -1000 1.54 3.50 4.47 -1000 45.86 1.61 923.367
car -1 -1 0.00 0.00 0.00 100.00 100.00 -1000 1.50 3.39 -4.49 -1000 6.93 1.51 919.727
car -1 -1 0.00 0.00 0.00 100.00 100.00 -1000 1.71 4.35 4.60 -1000 44.69 -0.10 909.669
car -1 -1 0.00 0.00 0.00 100.00 100.00 -1000 1.80 4.80 5.30 -1000 27.17 1.58 907.325
car -1 -1 0.00 0.00 0.00 100.00 100.00 -1000 1.65 5.27 2.03 -1000 3.92 2.44 903.793
car -1 -1 0.00 0.00 0.00 100.00 100.00 -1000 1.62 3.71 5.42 -1000 46.34 1.55 902.897
car -1 -1 0.00 0.00 0.00 100.00 100.00 -1000 1.30 3.44 7.82 -1000 12.51 0.01 894.134
car -1 -1 0.00 0.00 0.00 100.00 100.00 -1000 1.32 4.96 -3.26 -1000 8.39 -0.10 890.096
car -1 -1 0.00 0.00 0.00 100.00 100.00 -1000 1.90 4.33 6.41 -1000 15.87 -0.12 889.569
car -1 -1 0.00 0.00 0.00 100.00 100.00 -1000 1.35 4.31 8.13 -1000 15.63 1.94 887.380
car -1 -1 0.00 0.00 0.00 100.00 100.00 -1000 1.51 3.31 6.86 -1000 10.59 1.45 886.051
car -1 -1 0.00 0.00 0.00 100.00 100.00 -1000 1.53 3.72 2.46 -1000 37.00 1.52 882.297
car -1 -1 0.00 0.00 0.00 100.00 100.00 -1000 2.03 6.76 -0.86 -1000 33.09 1.57 881.526
car -1 -1 0.00 0.00 0.00 100.00 100.00 -1000 3.06 6.45 0.25 -1000 28.90 -0.30 871.342
car -1 -1 0.00 0.00 0.00 100.00 100.00 -1000 1.65 4.36 -4.41 -1000 18.50 1.55 870.370
car -1 -1 0.00 0.00 0.00 100.00 100.00 -1000 1.93 5.21 4.38 -1000 29.38 1.64 867.860
car -1 -1 0.00 0.00 0.00 100.00 100.00 -1000 1.60 3.59 6.97 -1000 25.88 1.73 866.137
car -1 -1 0.00 0.00 0.00 100.00 100.00 -1000 2.05 5.95 13.01 -1000 23.80 0.13 863.756
car -1 -1 0.00 0.00 0.00 100.00 100.00 -1000 1.70 4.42 5.76 -1000 45.36 -0.19 863.278
car -1 -1 0.00 0.00 0.00 100.00 100.00 -1000 1.49 3.43 7.29 -1000 9.91 1.58 862.636
car -1 -1 0.00 0.00 0.00 100.00 100.00 -1000 1.54 3.80 5.04 -1000 30.59 1.53 858.641
car -1 -1 0.00 0.00 0.00 100.00 100.00 -1000 1.19 3.78 6.45 -1000 18.04 -0.06 849.821
car -1 -1 0.00 0.00 0.00 100.00 100.00 -1000 1.73 4.50 3.00 -1000 29.00 1.55 847.412
car -1 -1 0.00 0.00 0.00 100.00 100.00 -1000 2.62 10.22 -0.88 -1000 32.49 1.52 832.227
car -1 -1 0.00 0.00 0.00 100.00 100.00 -1000 0.48 3.31 2.99 -1000 4.12 1.59 829.533
car -1 -1 0.00 0.00 0.00 100.00 100.00 -1000 1.78 5.02 3.88 -1000 27.66 -0.08 828.713
car -1 -1 0.00 0.00 0.00 100.00 100.00 -1000 1.65 3.95 4.26 -1000 26.31 1.56 822.375
car -1 -1 0.00 0.00 0.00 100.00 100.00 -1000 2.06 5.75 0.55 -1000 30.27 1.63 820.882
car -1 -1 0.00 0.00 0.00 100.00 100.00 -1000 1.49 3.68 4.21 -1000 34.45 1.54 819.686
car -1 -1 0.00 0.00 0.00 100.00 100.00 -1000 1.81 4.68 14.10 -1000 24.38 -0.19 814.891
car -1 -1 0.00 0.00 0.00 100.00 100.00 -1000 1.63 3.77 -4.16 -1000 10.98 1.52 806.095
car -1 -1 0.00 0.00 0.00 100.00 100.00 -1000 1.67 4.31 8.63 -1000 12.01 1.57 799.916
car -1 -1 0.00 0.00 0.00 100.00 100.00 -1000 1.71 4.62 -2.18 -1000 29.44 0.16 790.823
car -1 -1 0.00 0.00 0.00 100.00 100.00 -1000 2.26 5.03 6.49 -1000 25.17 -0.30 788.548
car -1 -1 0.00 0.00 0.00 100.00 100.00 -1000 1.62 3.80 8.78 -1000 14.11 1.66 783.981
car -1 -1 0.00 0.00 0.00 100.00 100.00 -1000 1.83 5.15 8.42 -1000 46.85 1.60 776.627
car -1 -1 0.00 0.00 0.00 100.00 100.00 -1000 1.93 5.74 6.26 -1000 47.00 1.55 763.415
car -1 -1 0.00 0.00 0.00 100.00 100.00 -1000 1.62 3.93 -5.69 -1000 43.34 -0.02 754.964
car -1 -1 0.00 0.00 0.00 100.00 100.00 -1000 1.48 3.37 5.34 -1000 16.35 1.34 741.671
car -1 -1 0.00 0.00 0.00 100.00 100.00 -1000 1.61 3.60 8.11 -1000 25.53 1.68 739.425
car -1 -1 0.00 0.00 0.00 100.00 100.00 -1000 1.58 3.81 12.80 -1000 25.41 1.61 732.858
car -1 -1 0.00 0.00 0.00 100.00 100.00 -1000 1.51 3.57 -6.00 -1000 44.24 1.54 722.636
car -1 -1 0.00 0.00 0.00 100.00 100.00 -1000 1.89 4.63 17.17 -1000 23.61 -0.01 721.374
car -1 -1 0.00 0.00 0.00 100.00 100.00 -1000 1.53 3.73 5.77 -1000 31.72 1.56 718.162
car -1 -1 0.00 0.00 0.00 100.00 100.00 -1000 1.70 4.26 14.57 -1000 25.42 1.62 715.954
car -1 -1 0.00 0.00 0.00 100.00 100.00 -1000 1.71 4.81 -4.38 -1000 13.55 1.47 712.354
car -1 -1 0.00 0.00 0.00 100.00 100.00 -1000 1.73 5.44 11.62 -1000 24.44 0.19 711.681
car -1 -1 0.00 0.00 0.00 100.00 100.00 -1000 1.85 5.29 2.01 -1000 24.33 1.49 707.885
car -1 -1 0.00 0.00 0.00 100.00 100.00 -1000 1.55 3.77 -7.12 -1000 43.00 0.01 704.889
car -1 -1 0.00 0.00 0.00 100.00 100.00 -1000 1.49 3.41 -7.71 -1000 43.93 1.61 704.086
car -1 -1 0.00 0.00 0.00 100.00 100.00 -1000 1.62 3.59 3.61 -1000 45.35 1.49 698.610
car -1 -1 0.00 0.00 0.00 100.00 100.00 -1000 1.56 4.09 6.99 -1000 14.51 1.36 698.192
car -1 -1 0.00 0.00 0.00 100.00 100.00 -1000 1.69 4.46 8.96 -1000 24.42 -0.11 696.270
car -1 -1 0.00 0.00 0.00 100.00 100.00 -1000 1.82 4.80 3.44 -1000 30.26 1.52 676.660
car -1 -1 0.00 0.00 0.00 100.00 100.00 -1000 1.58 3.93 4.97 -1000 17.65 1.48 665.296
car -1 -1 0.00 0.00 0.00 100.00 100.00 -1000 1.29 4.51 1.44 -1000 25.02 0.62 649.274
car -1 -1 0.00 0.00 0.00 100.00 100.00 -1000 1.77 4.69 8.21 -1000 17.16 1.62 644.728
car -1 -1 0.00 0.00 0.00 100.00 100.00 -1000 2.14 6.73 4.60 -1000 28.44 1.64 643.044
car -1 -1 0.00 0.00 0.00 100.00 100.00 -1000 1.66 3.72 -3.88 -1000 9.26 1.43 638.907
car -1 -1 0.00 0.00 0.00 100.00 100.00 -1000 2.28 7.38 7.77 -1000 26.83 1.53 631.089
car -1 -1 0.00 0.00 0.00 100.00 100.00 -1000 1.61 4.07 3.45 -1000 33.27 -0.22 627.737
car -1 -1 0.00 0.00 0.00 100.00 100.00 -1000 0.80 5.71 0.49 -1000 25.53 0.13 626.496
car -1 -1 0.00 0.00 0.00 100.00 100.00 -1000 2.69 9.95 7.76 -1000 28.44 1.47 620.901
car -1 -1 0.00 0.00 0.00 100.00 100.00 -1000 1.54 3.83 -4.60 -1000 4.92 0.06 613.026
car -1 -1 0.00 0.00 0.00 100.00 100.00 -1000 1.48 3.59 -4.86 -1000 44.55 1.60 609.131
car -1 -1 0.00 0.00 0.00 100.00 100.00 -1000 1.60 3.34 5.51 -1000 43.57 1.54 593.524
car -1 -1 0.00 0.00 0.00 100.00 100.00 -1000 1.56 3.44 -4.83 -1000 5.78 1.47 582.354
car -1 -1 0.00 0.00 0.00 100.00 100.00 -1000 1.76 4.45 1.06 -1000 28.33 1.67 579.153
car -1 -1 0.00 0.00 0.00 100.00 100.00 -1000 1.51 3.48 2.50 -1000 35.95 1.56 577.979
car -1 -1 0.00 0.00 0.00 100.00 100.00 -1000 0.97 7.21 -0.69 -1000 24.87 0.99 573.777
car -1 -1 0.00 0.00 0.00 100.00 100.00 -1000 1.54 3.99 17.09 -1000 25.68 1.60 563.157
car -1 -1 0.00 0.00 0.00 100.00 100.00 -1000 1.63 4.11 9.29 -1000 15.18 1.60 556.654
car -1 -1 0.00 0.00 0.00 100.00 100.00 -1000 1.58 4.11 4.34 -1000 20.05 1.50 551.461
car -1 -1 0.00 0.00 0.00 100.00 100.00 -1000 1.66 4.23 7.58 -1000 9.19 -0.17 537.213
car -1 -1 0.00 0.00 0.00 100.00 100.00 -1000 2.03 5.78 3.53 -1000 31.28 1.44 533.812
car -1 -1 0.00 0.00 0.00 100.00 100.00 -1000 1.47 3.29 -10.56 -1000 45.40 1.54 527.711
car -1 -1 0.00 0.00 0.00 100.00 100.00 -1000 2.05 6.74 -2.28 -1000 30.36 1.55 524.786
car -1 -1 0.00 0.00 0.00 100.00 100.00 -1000 1.57 4.06 3.18 -1000 38.75 1.58 517.471
car -1 -1 0.00 0.00 0.00 100.00 100.00 -1000 1.66 4.62 10.60 -1000 25.14 -0.01 516.492
car -1 -1 0.00 0.00 0.00 100.00 100.00 -1000 1.75 3.25 1.24 -1000 27.48 1.57 502.993
car -1 -1 0.00 0.00 0.00 100.00 100.00 -1000 1.69 4.61 -4.17 -1000 19.94 1.53 502.406
car -1 -1 0.00 0.00 0.00 100.00 100.00 -1000 1.59 4.19 2.91 -1000 37.86 1.62 494.301
car -1 -1 0.00 0.00 0.00 100.00 100.00 -1000 1.65 3.99 -4.52 -1000 43.70 1.65 491.030
car -1 -1 0.00 0.00 0.00 100.00 100.00 -1000 1.66 4.04 8.75 -1000 9.76 1.66 486.940
car -1 -1 0.00 0.00 0.00 100.00 100.00 -1000 1.33 5.42 -10.43 -1000 14.68 0.30 485.302
car -1 -1 0.00 0.00 0.00 100.00 100.00 -1000 1.46 3.97 1.84 -1000 3.26 2.40 483.191
car -1 -1 0.00 0.00 0.00 100.00 100.00 -1000 2.07 7.12 -3.35 -1000 31.60 1.57 480.294
car -1 -1 0.00 0.00 0.00 100.00 100.00 -1000 1.57 3.57 -9.42 -1000 44.01 1.66 473.760
car -1 -1 0.00 0.00 0.00 100.00 100.00 -1000 2.41 8.65 9.65 -1000 27.63 1.45 473.134
car -1 -1 0.00 0.00 0.00 100.00 100.00 -1000 1.98 5.80 9.70 -1000 26.01 1.49 472.478
car -1 -1 0.00 0.00 0.00 100.00 100.00 -1000 2.08 6.26 6.65 -1000 30.13 1.54 463.976
car -1 -1 0.00 0.00 0.00 100.00 100.00 -1000 1.52 3.51 -6.90 -1000 40.66 1.56 460.815
car -1 -1 0.00 0.00 0.00 100.00 100.00 -1000 1.66 4.19 9.54 -1000 11.32 1.65 455.501
car -1 -1 0.00 0.00 0.00 100.00 100.00 -1000 1.64 4.29 4.07 -1000 39.50 1.55 453.298
car -1 -1 0.00 0.00 0.00 100.00 100.00 -1000 1.64 3.75 15.93 -1000 24.08 1.59 453.117
car -1 -1 0.00 0.00 0.00 100.00 100.00 -1000 2.29 7.81 9.14 -1000 29.23 1.43 451.041
car -1 -1 0.00 0.00 0.00 100.00 100.00 -1000 1.96 4.22 -0.60 -1000 25.81 1.19 448.891
car -1 -1 0.00 0.00 0.00 100.00 100.00 -1000 2.14 7.44 13.64 -1000 27.61 1.47 447.926
car -1 -1 0.00 0.00 0.00 100.00 100.00 -1000 1.95 4.49 -4.55 -1000 42.50 1.35 445.235
car -1 -1 0.00 0.00 0.00 100.00 100.00 -1000 1.48 3.23 2.65 -1000 33.93 1.56 443.157
car -1 -1 0.00 0.00 0.00 100.00 100.00 -1000 1.65 4.60 5.60 -1000 20.40 1.60 442.487
car -1 -1 0.00 0.00 0.00 100.00 100.00 -1000 1.80 5.33 11.78 -1000 25.94 1.61 440.283
car -1 -1 0.00 0.00 0.00 100.00 100.00 -1000 1.53 3.46 -16.58 -1000 32.59 1.48 437.013
car -1 -1 0.00 0.00 0.00 100.00 100.00 -1000 1.45 3.34 -5.32 -1000 6.41 0.08 436.955
car -1 -1 0.00 0.00 0.00 100.00 100.00 -1000 1.88 4.55 1.07 -1000 33.55 1.55 429.240
car -1 -1 0.00 0.00 0.00 100.00 100.00 -1000 1.62 4.88 -15.88 -1000 31.01 0.32 423.460
car -1 -1 0.00 0.00 0.00 100.00 100.00 -1000 1.66 4.58 3.11 -1000 24.89 0.08 421.096
car -1 -1 0.00 0.00 0.00 100.00 100.00 -1000 1.55 3.42 -5.25 -1000 12.55 1.46 421.015
car -1 -1 0.00 0.00 0.00 100.00 100.00 -1000 2.07 5.08 8.51 -1000 44.60 -0.14 415.717
car -1 -1 0.00 0.00 0.00 100.00 100.00 -1000 1.74 4.63 10.12 -1000 12.77 1.58 413.058
car -1 -1 0.00 0.00 0.00 100.00 100.00 -1000 1.55 3.93 4.08 -1000 18.88 0.15 411.102
car -1 -1 0.00 0.00 0.00 100.00 100.00 -1000 1.52 3.50 -5.66 -1000 17.76 1.48 410.075
car -1 -1 0.00 0.00 0.00 100.00 100.00 -1000 1.86 4.88 -8.34 -1000 42.62 0.10 405.721
car -1 -1 0.00 0.00 0.00 100.00 100.00 -1000 1.53 3.12 6.27 -1000 15.14 1.45 405.362
car -1 -1 0.00 0.00 0.00 100.00 100.00 -1000 1.58 4.22 -3.48 -1000 44.91 1.53 405.220
car -1 -1 0.00 0.00 0.00 100.00 100.00 -1000 1.67 4.32 15.22 -1000 26.17 1.52 404.375
car -1 -1 0.00 0.00 0.00 100.00 100.00 -1000 1.49 3.61 -5.45 -1000 18.95 0.13 404.239
car -1 -1 0.00 0.00 0.00 100.00 100.00 -1000 1.67 4.27 -10.73 -1000 44.69 -0.11 400.580
car -1 -1 0.00 0.00 0.00 100.00 100.00 -1000 1.62 8.35 -3.34 -1000 7.23 -0.36 391.346
car -1 -1 0.00 0.00 0.00 100.00 100.00 -1000 1.66 3.90 -3.45 -1000 4.06 1.64 385.160
car -1 -1 0.00 0.00 0.00 100.00 100.00 -1000 1.49 3.65 5.03 -1000 33.90 1.64 384.325
car -1 -1 0.00 0.00 0.00 100.00 100.00 -1000 1.66 4.28 10.13 -1000 14.44 1.62 381.139
car -1 -1 0.00 0.00 0.00 100.00 100.00 -1000 1.52 3.87 9.18 -1000 45.50 -0.05 377.551
car -1 -1 0.00 0.00 0.00 100.00 100.00 -1000 1.55 3.67 -9.08 -1000 44.73 1.64 375.845
car -1 -1 0.00 0.00 0.00 100.00 100.00 -1000 1.99 5.87 8.50 -1000 18.14 1.76 375.657
car -1 -1 0.00 0.00 0.00 100.00 100.00 -1000 1.55 4.62 2.16 -1000 23.29 0.45 373.170
car -1 -1 0.00 0.00 0.00 100.00 100.00 -1000 1.61 4.34 -5.19 -1000 8.06 1.47 371.950
car -1 -1 0.00 0.00 0.00 100.00 100.00 -1000 1.66 4.14 6.64 -1000 31.03 1.61 352.087
car -1 -1 0.00 0.00 0.00 100.00 100.00 -1000 1.83 5.25 -3.93 -1000 10.34 -0.14 350.067
car -1 -1 0.00 0.00 0.00 100.00 100.00 -1000 1.69 4.74 -0.54 -1000 34.14 1.52 347.957
car -1 -1 0.00 0.00 0.00 100.00 100.00 -1000 2.03 6.66 -3.24 -1000 33.30 1.55 347.904
car -1 -1 0.00 0.00 0.00 100.00 100.00 -1000 1.54 3.45 1.63 -1000 36.48 1.40 344.688
car -1 -1 0.00 0.00 0.00 100.00 100.00 -1000 1.69 3.40 8.35 -1000 8.46 1.47 339.238
car -1 -1 0.00 0.00 0.00 100.00 100.00 -1000 1.51 3.61 -10.98 -1000 16.01 1.55 337.536
car -1 -1 0.00 0.00 0.00 100.00 100.00 -1000 1.65 4.05 -5.78 -1000 16.96 1.49 336.923
car -1 -1 0.00 0.00 0.00 100.00 100.00 -1000 1.48 3.61 2.64 -1000 44.74 0.28 335.227
car -1 -1 0.00 0.00 0.00 100.00 100.00 -1000 1.48 3.48 -5.74 -1000 16.17 0.09 334.993
car -1 -1 0.00 0.00 0.00 100.00 100.00 -1000 2.07 7.06 4.37 -1000 47.40 1.47 334.906
car -1 -1 0.00 0.00 0.00 100.00 100.00 -1000 1.65 4.50 17.50 -1000 26.52 1.52 327.255
car -1 -1 0.00 0.00 0.00 100.00 100.00 -1000 1.67 4.39 9.66 -1000 15.99 1.56 324.678
car -1 -1 0.00 0.00 0.00 100.00 100.00 -1000 1.74 4.39 10.38 -1000 46.29 1.54 322.270
car -1 -1 0.00 0.00 0.00 100.00 100.00 -1000 1.62 3.70 0.97 -1000 35.05 1.44 321.782
car -1 -1 0.00 0.00 0.00 100.00 100.00 -1000 1.35 3.23 6.96 -1000 43.79 1.49 312.470
car -1 -1 0.00 0.00 0.00 100.00 100.00 -1000 1.93 5.68 7.34 -1000 18.90 1.65 311.508
car -1 -1 0.00 0.00 0.00 100.00 100.00 -1000 1.84 5.33 9.30 -1000 30.53 1.43 310.603
car -1 -1 0.00 0.00 0.00 100.00 100.00 -1000 1.83 5.23 2.59 -1000 46.27 1.44 308.955
car -1 -1 0.00 0.00 0.00 100.00 100.00 -1000 1.57 3.68 -4.92 -1000 39.76 1.52 308.374
car -1 -1 0.00 0.00 0.00 100.00 100.00 -1000 1.78 4.19 9.78 -1000 23.29 1.57 305.451
car -1 -1 0.00 0.00 0.00 100.00 100.00 -1000 1.69 4.55 -12.49 -1000 45.09 1.46 302.057
car -1 -1 0.00 0.00 0.00 100.00 100.00 -1000 2.08 6.93 11.01 -1000 26.77 1.46 301.342
car -1 -1 0.00 0.00 0.00 100.00 100.00 -1000 1.65 4.08 6.62 -1000 12.81 1.12 298.575
car -1 -1 0.00 0.00 0.00 100.00 100.00 -1000 1.80 5.00 -3.10 -1000 28.57 1.51 295.308
car -1 -1 0.00 0.00 0.00 100.00 100.00 -1000 2.00 6.14 14.85 -1000 26.82 1.41 286.946
car -1 -1 0.00 0.00 0.00 100.00 100.00 -1000 1.93 5.58 2.69 -1000 32.22 1.42 284.402
car -1 -1 0.00 0.00 0.00 100.00 100.00 -1000 1.54 3.58 -7.99 -1000 41.08 1.64 283.965
car -1 -1 0.00 0.00 0.00 100.00 100.00 -1000 1.82 4.82 -9.38 -1000 43.25 -0.05 281.785
car -1 -1 0.00 0.00 0.00 100.00 100.00 -1000 1.99 6.31 8.31 -1000 34.10 1.44 277.695
car -1 -1 0.00 0.00 0.00 100.00 100.00 -1000 1.58 3.02 9.46 -1000 43.97 1.49 272.263
car -1 -1 0.00 0.00 0.00 100.00 100.00 -1000 1.67 4.71 7.22 -1000 32.08 1.47 271.107
car -1 -1 0.00 0.00 0.00 100.00 100.00 -1000 1.57 4.00 -1.70 -1000 41.84 1.50 270.585
car -1 -1 0.00 0.00 0.00 100.00 100.00 -1000 1.42 3.21 -5.74 -1000 11.72 0.19 268.910
car -1 -1 0.00 0.00 0.00 100.00 100.00 -1000 2.27 8.58 11.01 -1000 28.40 1.44 268.788
car -1 -1 0.00 0.00 0.00 100.00 100.00 -1000 1.68 3.84 14.74 -1000 23.62 1.39 266.957
car -1 -1 0.00 0.00 0.00 100.00 100.00 -1000 1.89 5.66 9.27 -1000 31.73 1.46 265.028
car -1 -1 0.00 0.00 0.00 100.00 100.00 -1000 2.00 6.26 13.27 -1000 13.96 1.46 264.421
car -1 -1 0.00 0.00 0.00 100.00 100.00 -1000 3.23 7.38 8.30 -1000 24.19 -0.06 263.361
car -1 -1 0.00 0.00 0.00 100.00 100.00 -1000 1.47 2.74 1.80 -1000 5.28 1.00 262.127
car -1 -1 0.00 0.00 0.00 100.00 100.00 -1000 1.82 5.30 10.41 -1000 19.30 1.51 262.043
car -1 -1 0.00 0.00 0.00 100.00 100.00 -1000 1.67 4.24 2.68 -1000 39.85 1.45 262.029
car -1 -1 0.00 0.00 0.00 100.00 100.00 -1000 1.73 4.63 1.64 -1000 45.50 1.45 261.454
car -1 -1 0.00 0.00 0.00 100.00 100.00 -1000 1.71 4.20 -16.24 -1000 31.85 -0.24 259.680
car -1 -1 0.00 0.00 0.00 100.00 100.00 -1000 1.91 5.78 13.34 -1000 12.35 1.46 256.965
car -1 -1 0.00 0.00 0.00 100.00 100.00 -1000 1.57 3.88 -7.74 -1000 40.03 0.22 252.282
car -1 -1 0.00 0.00 0.00 100.00 100.00 -1000 1.63 4.08 -1.57 -1000 36.58 1.51 252.243
car -1 -1 0.00 0.00 0.00 100.00 100.00 -1000 1.66 4.56 -2.57 -1000 34.02 1.58 251.369
car -1 -1 0.00 0.00 0.00 100.00 100.00 -1000 1.57 3.97 -3.04 -1000 42.63 1.60 249.184
car -1 -1 0.00 0.00 0.00 100.00 100.00 -1000 1.81 5.02 11.92 -1000 44.70 1.46 245.790
car -1 -1 0.00 0.00 0.00 100.00 100.00 -1000 1.49 7.76 1.63 -1000 21.56 1.05 244.401
car -1 -1 0.00 0.00 0.00 100.00 100.00 -1000 1.58 4.13 19.02 -1000 32.26 1.51 243.485
car -1 -1 0.00 0.00 0.00 100.00 100.00 -1000 1.94 5.26 5.88 -1000 21.27 1.50 241.167
car -1 -1 0.00 0.00 0.00 100.00 100.00 -1000 1.87 5.63 -12.04 -1000 46.22 1.47 240.785
car -1 -1 0.00 0.00 0.00 100.00 100.00 -1000 1.58 4.13 -7.12 -1000 35.84 1.51 239.726
car -1 -1 0.00 0.00 0.00 100.00 100.00 -1000 1.61 4.11 -5.61 -1000 31.73 1.48 238.280
car -1 -1 0.00 0.00 0.00 100.00 100.00 -1000 1.78 4.99 11.32 -1000 12.00 1.44 237.593
car -1 -1 0.00 0.00 0.00 100.00 100.00 -1000 1.70 4.22 2.58 -1000 35.16 1.64 236.648
car -1 -1 0.00 0.00 0.00 100.00 100.00 -1000 1.61 3.72 1.92 -1000 38.30 1.43 232.356
car -1 -1 0.00 0.00 0.00 100.00 100.00 -1000 1.94 5.33 -4.04 -1000 37.12 1.36 231.366
car -1 -1 0.00 0.00 0.00 100.00 100.00 -1000 1.71 4.88 5.93 -1000 42.52 0.05 230.078
car -1 -1 0.00 0.00 0.00 100.00 100.00 -1000 1.78 5.37 16.49 -1000 27.18 1.44 228.881
car -1 -1 0.00 0.00 0.00 100.00 100.00 -1000 1.64 4.93 2.08 -1000 2.40 1.73 228.130
car -1 -1 0.00 0.00 0.00 100.00 100.00 -1000 1.70 4.54 2.36 -1000 43.92 1.42 226.569
car -1 -1 0.00 0.00 0.00 100.00 100.00 -1000 1.68 4.18 10.15 -1000 10.09 1.55 223.856
car -1 -1 0.00 0.00 0.00 100.00 100.00 -1000 1.68 5.03 7.66 -1000 35.39 1.46 223.499
car -1 -1 0.00 0.00 0.00 100.00 100.00 -1000 1.99 6.48 -7.12 -1000 9.11 1.47 222.833
car -1 -1 0.00 0.00 0.00 100.00 100.00 -1000 1.68 4.48 -5.67 -1000 4.41 1.47 222.299
car -1 -1 0.00 0.00 0.00 100.00 100.00 -1000 1.60 3.89 -2.97 -1000 44.03 1.63 221.548
car -1 -1 0.00 0.00 0.00 100.00 100.00 -1000 1.81 5.47 1.84 -1000 47.03 1.49 220.419
car -1 -1 0.00 0.00 0.00 100.00 100.00 -1000 1.87 4.96 -12.62 -1000 15.26 1.47 217.355
car -1 -1 0.00 0.00 0.00 100.00 100.00 -1000 1.65 4.39 6.43 -1000 37.38 1.50 216.424
car -1 -1 0.00 0.00 0.00 100.00 100.00 -1000 2.56 9.92 8.86 -1000 47.36 1.46 211.106
car -1 -1 0.00 0.00 0.00 100.00 100.00 -1000 1.64 4.00 -6.02 -1000 41.40 1.53 210.449
car -1 -1 0.00 0.00 0.00 100.00 100.00 -1000 1.50 3.83 4.48 -1000 32.10 1.50 209.002
car -1 -1 0.00 0.00 0.00 100.00 100.00 -1000 1.73 4.75 4.88 -1000 40.20 1.44 207.985
car -1 -1 0.00 0.00 0.00 100.00 100.00 -1000 1.64 4.10 -9.68 -1000 15.64 1.52 207.853
car -1 -1 0.00 0.00 0.00 100.00 100.00 -1000 1.51 3.42 -5.94 -1000 5.23 0.19 207.564
car -1 -1 0.00 0.00 0.00 100.00 100.00 -1000 3.04 8.83 7.13 -1000 44.76 -0.21 207.072
car -1 -1 0.00 0.00 0.00 100.00 100.00 -1000 1.56 3.72 -4.15 -1000 39.01 1.55 206.807
car -1 -1 0.00 0.00 0.00 100.00 100.00 -1000 1.54 3.73 -19.49 -1000 44.68 1.61 204.344
car -1 -1 0.00 0.00 0.00 100.00 100.00 -1000 1.75 4.94 -7.10 -1000 8.34 1.44 202.734
car -1 -1 0.00 0.00 0.00 100.00 100.00 -1000 1.89 5.80 7.61 -1000 36.59 1.47 201.765
car -1 -1 0.00 0.00 0.00 100.00 100.00 -1000 1.71 4.70 -5.65 -1000 15.27 1.44 200.561
car -1 -1 0.00 0.00 0.00 100.00 100.00 -1000 1.51 3.21 0.79 -1000 35.85 0.24 200.542
car -1 -1 0.00 0.00 0.00 100.00 100.00 -1000 1.93 6.12 -7.54 -1000 46.96 1.45 200.308
car -1 -1 0.00 0.00 0.00 100.00 100.00 -1000 1.90 5.56 -7.05 -1000 20.10 1.43 199.420
car -1 -1 0.00 0.00 0.00 100.00 100.00 -1000 1.81 5.18 11.26 -1000 13.63 1.44 199.048
car -1 -1 0.00 0.00 0.00 100.00 100.00 -1000 1.66 4.24 10.57 -1000 45.16 1.50 197.958
car -1 -1 0.00 0.00 0.00 100.00 100.00 -1000 1.70 4.49 -7.25 -1000 6.37 1.44 197.612
car -1 -1 0.00 0.00 0.00 100.00 100.00 -1000 1.57 3.80 12.85 -1000 23.24 1.35 197.029
car -1 -1 0.00 0.00 0.00 100.00 100.00 -1000 1.86 5.45 8.43 -1000 32.99 1.40 195.244
car -1 -1 0.00 0.00 0.00 100.00 100.00 -1000 1.66 4.42 -17.70 -1000 32.20 1.44 193.999
car -1 -1 0.00 0.00 0.00 100.00 100.00 -1000 1.77 5.03 -7.91 -1000 17.67 1.46 193.595
car -1 -1 0.00 0.00 0.00 100.00 100.00 -1000 1.67 4.41 -12.97 -1000 44.32 1.46 192.077
car -1 -1 0.00 0.00 0.00 100.00 100.00 -1000 1.84 5.35 13.46 -1000 11.24 1.43 191.812
car -1 -1 0.00 0.00 0.00 100.00 100.00 -1000 2.02 6.11 8.22 -1000 21.28 1.37 190.606
car -1 -1 0.00 0.00 0.00 100.00 100.00 -1000 1.76 4.99 -4.82 -1000 30.58 1.53 189.583
car -1 -1 0.00 0.00 0.00 100.00 100.00 -1000 1.75 5.04 5.42 -1000 34.87 1.52 189.312
car -1 -1 0.00 0.00 0.00 100.00 100.00 -1000 1.71 4.34 -3.20 -1000 38.22 1.48 187.435
car -1 -1 0.00 0.00 0.00 100.00 100.00 -1000 1.92 5.61 11.75 -1000 18.52 1.42 187.145
car -1 -1 0.00 0.00 0.00 100.00 100.00 -1000 2.78 6.70 0.97 -1000 27.58 -0.32 186.172
car -1 -1 0.00 0.00 0.00 100.00 100.00 -1000 1.77 4.80 0.60 -1000 43.49 1.42 185.801
car -1 -1 0.00 0.00 0.00 100.00 100.00 -1000 1.73 4.67 -2.67 -1000 3.02 1.55 185.080
car -1 -1 0.00 0.00 0.00 100.00 100.00 -1000 1.67 4.52 11.90 -1000 9.57 1.42 184.209
car -1 -1 0.00 0.00 0.00 100.00 100.00 -1000 1.58 4.00 -2.32 -1000 37.37 1.51 182.264
car -1 -1 0.00 0.00 0.00 100.00 100.00 -1000 1.85 5.48 12.52 -1000 16.05 1.45 180.807
car -1 -1 0.00 0.00 0.00 100.00 100.00 -1000 1.70 3.95 -7.11 -1000 39.33 0.17 180.145
car -1 -1 0.00 0.00 0.00 100.00 100.00 -1000 1.52 3.14 -15.52 -1000 30.25 1.48 180.031
car -1 -1 0.00 0.00 0.00 100.00 100.00 -1000 1.74 4.76 -7.20 -1000 19.24 1.43 179.871
car -1 -1 0.00 0.00 0.00 100.00 100.00 -1000 1.84 5.45 11.52 -1000 15.20 1.40 176.672
car -1 -1 0.00 0.00 0.00 100.00 100.00 -1000 1.76 4.66 11.55 -1000 10.83 1.46 176.642
car -1 -1 0.00 0.00 0.00 100.00 100.00 -1000 2.07 6.95 9.70 -1000 20.40 1.43 176.072
car -1 -1 0.00 0.00 0.00 100.00 100.00 -1000 1.75 4.71 0.62 -1000 44.68 1.42 175.994
car -1 -1 0.00 0.00 0.00 100.00 100.00 -1000 1.64 4.25 -12.60 -1000 43.52 1.46 175.448
car -1 -1 0.00 0.00 0.00 100.00 100.00 -1000 1.98 6.40 0.74 -1000 41.33 1.47 175.029
car -1 -1 0.00 0.00 0.00 100.00 100.00 -1000 1.54 3.91 -15.03 -1000 32.21 1.56 174.987
