car -1 -1 0.00 0.00 0.00 100.00 100.00 -1000 1.82 4.73 7.11 -1000 46.99 1.60 992.786
car -1 -1 0.00 0.00 0.00 100.00 100.00 -1000 1.76 4.34 2.64 -1000 45.00 1.58 990.845
car -1 -1 0.00 0.00 0.00 100.00 100.00 -1000 1.26 3.75 -14.16 -1000 21.96 0.40 988.292
car -1 -1 0.00 0.00 0.00 100.00 100.00 -1000 1.75 4.43 8.93 -1000 47.60 1.52 985.733
car -1 -1 0.00 0.00 0.00 100.00 100.00 -1000 1.59 3.72 3.01 -1000 26.42 1.55 984.644
car -1 -1 0.00 0.00 0.00 100.00 100.00 -1000 2.03 5.59 5.65 -1000 46.41 1.54 983.653
car -1 -1 0.00 0.00 0.00 100.00 100.00 -1000 1.48 3.43 5.69 -1000 23.38 0.05 975.302
car -1 -1 0.00 0.00 0.00 100.00 100.00 -1000 1.59 3.95 -14.78 -1000 36.17 -0.24 972.374
car -1 -1 0.00 0.00 0.00 100.00 100.00 -1000 1.97 5.37 3.58 -1000 24.96 -0.00 968.719
car -1 -1 0.00 0.00 0.00 100.00 100.00 -1000 1.66 4.43 2.10 -1000 25.80 -0.08 964.869
car -1 -1 0.00 0.00 0.00 100.00 100.00 -1000 1.57 3.79 7.11 -1000 45.80 -0.24 962.646
car -1 -1 0.00 0.00 0.00 100.00 100.00 -1000 1.87 3.74 -1.95 -1000 41.57 -0.07 962.437
car -1 -1 0.00 0.00 0.00 100.00 100.00 -1000 1.57 3.68 10.52 -1000 30.66 1.57 962.385
car -1 -1 0.00 0.00 0.00 100.00 100.00 -1000 2.26 4.77 -2.41 -1000 26.18 1.42 960.866
car -1 -1 0.00 0.00 0.00 100.00 100.00 -1000 1.93 5.44 4.04 -1000 45.73 1.58 960.592
car -1 -1 0.00 0.00 0.00 100.00 100.00 -1000 1.58 3.38 -13.91 -1000 36.92 1.64 959.789
car -1 -1 0.00 0.00 0.00 100.00 100.00 -1000 1.58 3.48 4.35 -1000 44.91 1.70 956.846
car -1 -1 0.00 0.00 0.00 100.00 100.00 -1000 1.58 3.91 8.38 -1000 46.50 -0.28 955.980
car -1 -1 0.00 0.00 0.00 100.00 100.00 -1000 1.56 3.35 -4.82 -1000 40.98 1.62 955.979
car -1 -1 0.00 0.00 0.00 100.00 100.00 -1000 1.46 3.36 5.65 -1000 24.38 1.57 952.065
car -1 -1 0.00 0.00 0.00 100.00 100.00 -1000 1.60 3.70 0.51 -1000 44.24 1.57 951.801
car -1 -1 0.00 0.00 0.00 100.00 100.00 -1000 1.58 3.67 -2.35 -1000 42.69 1.60 946.754
car -1 -1 0.00 0.00 0.00 100.00 100.00 -1000 1.54 3.32 -8.37 -1000 39.27 1.65 945.243
car -1 -1 0.00 0.00 0.00 100.00 100.00 -1000 1.59 3.57 -15.40 -1000 36.80 1.60 944.553
car -1 -1 0.00 0.00 0.00 100.00 100.00 -1000 1.55 3.69 8.98 -1000 30.52 1.62 942.727
car -1 -1 0.00 0.00 0.00 100.00 100.00 -1000 1.65 4.07 3.26 -1000 44.25 -0.30 940.260
car -1 -1 0.00 0.00 0.00 100.00 100.00 -1000 1.46 3.34 11.86 -1000 31.03 1.58 939.656
car -1 -1 0.00 0.00 0.00 100.00 100.00 -1000 1.56 3.36 -11.80 -1000 37.68 1.66 935.053
car -1 -1 0.00 0.00 0.00 100.00 100.00 -1000 1.81 4.40 -5.21 -1000 25.81 0.01 927.229
car -1 -1 0.00 0.00 0.00 100.00 100.00 -1000 1.52 3.67 -9.08 -1000 38.54 -0.16 926.723
car -1 -1 0.00 0.00 0.00 100.00 100.00 -1000 1.62 3.70 -0.45 -1000 28.44 1.51 926.118
car -1 -1 0.00 0.00 0.00 100.00 100.00 -1000 1.64 4.10 5.97 -1000 45.37 -0.33 924.939
car -1 -1 0.00 0.00 0.00 100.00 100.00 -1000 1.50 3.80 9.14 -1000 29.66 -0.12 923.329
car -1 -1 0.00 0.00 0.00 100.00 100.00 -1000 1.41 3.39 19.09 -1000 39.32 0.15 918.931
car -1 -1 0.00 0.00 0.00 100.00 100.00 -1000 0.82 3.66 -0.44 -1000 25.35 0.47 917.536
car -1 -1 0.00 0.00 0.00 100.00 100.00 -1000 1.65 3.68 0.65 -1000 26.51 1.53 914.347
car -1 -1 0.00 0.00 0.00 100.00 100.00 -1000 1.35 3.90 -15.44 -1000 22.49 0.36 914.143
car -1 -1 0.00 0.00 0.00 100.00 100.00 -1000 1.59 3.92 -13.41 -1000 37.68 1.57 908.537
car -1 -1 0.00 0.00 0.00 100.00 100.00 -1000 1.51 3.36 10.90 -1000 20.15 1.57 908.456
car -1 -1 0.00 0.00 0.00 100.00 100.00 -1000 1.42 3.14 3.34 -1000 29.91 1.58 905.978
car -1 -1 0.00 0.00 0.00 100.00 100.00 -1000 1.48 4.05 -16.88 -1000 23.06 0.01 904.327
car -1 -1 0.00 0.00 0.00 100.00 100.00 -1000 1.84 4.33 -8.74 -1000 26.95 0.02 900.028
car -1 -1 0.00 0.00 0.00 100.00 100.00 -1000 1.68 4.23 -10.70 -1000 27.75 0.12 899.528
car -1 -1 0.00 0.00 0.00 100.00 100.00 -1000 1.44 3.48 2.79 -1000 29.25 -0.21 896.098
car -1 -1 0.00 0.00 0.00 100.00 100.00 -1000 1.57 3.86 -10.18 -1000 38.11 -0.31 895.248
car -1 -1 0.00 0.00 0.00 100.00 100.00 -1000 1.54 3.48 9.49 -1000 46.93 1.69 893.077
car -1 -1 0.00 0.00 0.00 100.00 100.00 -1000 2.64 9.77 5.52 -1000 47.00 1.50 889.679
car -1 -1 0.00 0.00 0.00 100.00 100.00 -1000 1.68 4.21 -0.72 -1000 42.56 -0.36 889.436
car -1 -1 0.00 0.00 0.00 100.00 100.00 -1000 1.62 3.80 -0.46 -1000 43.60 1.57 882.740
car -1 -1 0.00 0.00 0.00 100.00 100.00 -1000 2.96 12.71 1.53 -1000 47.08 1.46 882.255
car -1 -1 0.00 0.00 0.00 100.00 100.00 -1000 1.56 3.59 -7.75 -1000 39.94 1.59 881.644
car -1 -1 0.00 0.00 0.00 100.00 100.00 -1000 1.63 3.76 -1.45 -1000 43.15 1.58 877.709
car -1 -1 0.00 0.00 0.00 100.00 100.00 -1000 1.55 4.02 7.35 -1000 30.41 0.02 877.535
car -1 -1 0.00 0.00 0.00 100.00 100.00 -1000 1.63 3.89 -5.39 -1000 40.19 -0.24 874.004
car -1 -1 0.00 0.00 0.00 100.00 100.00 -1000 1.54 3.54 -4.40 -1000 41.72 1.59 870.026
car -1 -1 0.00 0.00 0.00 100.00 100.00 -1000 1.58 4.29 3.61 -1000 27.25 1.56 865.244
car -1 -1 0.00 0.00 0.00 100.00 100.00 -1000 1.65 4.22 -5.48 -1000 26.76 1.58 864.298
car -1 -1 0.00 0.00 0.00 100.00 100.00 -1000 2.12 5.03 -3.67 -1000 25.32 -0.08 856.596
car -1 -1 0.00 0.00 0.00 100.00 100.00 -1000 1.58 3.62 -6.62 -1000 40.72 1.61 855.506
car -1 -1 0.00 0.00 0.00 100.00 100.00 -1000 1.61 3.76 -9.79 -1000 39.15 1.59 854.790
car -1 -1 0.00 0.00 0.00 100.00 100.00 -1000 1.55 3.46 -17.23 -1000 36.28 1.54 839.199
car -1 -1 0.00 0.00 0.00 100.00 100.00 -1000 1.58 3.78 -11.60 -1000 38.48 1.59 838.931
car -1 -1 0.00 0.00 0.00 100.00 100.00 -1000 1.59 3.84 -6.45 -1000 39.73 -0.31 837.331
car -1 -1 0.00 0.00 0.00 100.00 100.00 -1000 1.41 3.67 5.84 -1000 13.51 0.17 831.235
car -1 -1 0.00 0.00 0.00 100.00 100.00 -1000 1.46 3.47 6.50 -1000 31.71 1.62 816.360
car -1 -1 0.00 0.00 0.00 100.00 100.00 -1000 1.42 3.35 4.32 -1000 36.11 1.53 813.160
car -1 -1 0.00 0.00 0.00 100.00 100.00 -1000 1.55 3.60 -10.48 -1000 28.63 1.59 797.753
car -1 -1 0.00 0.00 0.00 100.00 100.00 -1000 1.42 3.99 -12.89 -1000 20.60 0.35 797.316
car -1 -1 0.00 0.00 0.00 100.00 100.00 -1000 1.62 3.85 -3.06 -1000 42.07 1.51 788.580
car -1 -1 0.00 0.00 0.00 100.00 100.00 -1000 1.54 3.72 -17.14 -1000 23.85 1.60 775.567
car -1 -1 0.00 0.00 0.00 100.00 100.00 -1000 2.49 9.06 -0.77 -1000 46.12 1.40 771.989
car -1 -1 0.00 0.00 0.00 100.00 100.00 -1000 1.41 3.16 -18.75 -1000 36.18 1.61 770.989
car -1 -1 0.00 0.00 0.00 100.00 100.00 -1000 1.66 4.03 -8.92 -1000 27.82 1.66 764.338
car -1 -1 0.00 0.00 0.00 100.00 100.00 -1000 1.46 3.39 -14.43 -1000 46.71 1.64 760.386
car -1 -1 0.00 0.00 0.00 100.00 100.00 -1000 2.71 9.91 3.42 -1000 46.20 1.46 752.057
car -1 -1 0.00 0.00 0.00 100.00 100.00 -1000 1.49 3.57 13.65 -1000 33.44 1.59 750.168
car -1 -1 0.00 0.00 0.00 100.00 100.00 -1000 1.66 4.31 10.25 -1000 31.44 1.50 746.279
car -1 -1 0.00 0.00 0.00 100.00 100.00 -1000 1.66 3.93 -1.83 -1000 26.92 1.60 727.393
car -1 -1 0.00 0.00 0.00 100.00 100.00 -1000 2.32 7.84 1.74 -1000 45.43 1.48 726.987
car -1 -1 0.00 0.00 0.00 100.00 100.00 -1000 1.51 3.65 6.12 -1000 14.30 1.58 724.129
car -1 -1 0.00 0.00 0.00 100.00 100.00 -1000 2.50 5.47 0.93 -1000 42.93 -0.46 711.673
car -1 -1 0.00 0.00 0.00 100.00 100.00 -1000 1.75 4.43 -16.05 -1000 35.65 0.03 705.576
car -1 -1 0.00 0.00 0.00 100.00 100.00 -1000 1.72 4.60 9.46 -1000 32.06 1.57 703.331
car -1 -1 0.00 0.00 0.00 100.00 100.00 -1000 1.71 4.58 -6.97 -1000 27.08 1.65 700.014
car -1 -1 0.00 0.00 0.00 100.00 100.00 -1000 1.57 3.82 10.23 -1000 19.19 -0.10 697.319
car -1 -1 0.00 0.00 0.00 100.00 100.00 -1000 1.69 4.22 -0.31 -1000 27.59 -0.25 690.991
car -1 -1 0.00 0.00 0.00 100.00 100.00 -1000 2.93 6.34 3.33 -1000 43.34 -0.35 690.060
car -1 -1 0.00 0.00 0.00 100.00 100.00 -1000 1.56 4.01 6.04 -1000 30.73 -0.04 686.894
car -1 -1 0.00 0.00 0.00 100.00 100.00 -1000 1.57 3.54 -3.39 -1000 41.24 1.68 675.477
car -1 -1 0.00 0.00 0.00 100.00 100.00 -1000 1.45 3.49 0.94 -1000 32.56 1.58 673.191
car -1 -1 0.00 0.00 0.00 100.00 100.00 -1000 1.55 3.34 8.57 -1000 45.72 1.70 661.830
car -1 -1 0.00 0.00 0.00 100.00 100.00 -1000 1.54 3.77 8.59 -1000 11.59 1.57 658.184
car -1 -1 0.00 0.00 0.00 100.00 100.00 -1000 1.56 3.46 14.21 -1000 41.46 1.48 657.602
car -1 -1 0.00 0.00 0.00 100.00 100.00 -1000 1.69 4.32 -12.58 -1000 36.66 -0.26 657.050
car -1 -1 0.00 0.00 0.00 100.00 100.00 -1000 1.56 3.75 4.46 -1000 30.30 1.66 650.799
car -1 -1 0.00 0.00 0.00 100.00 100.00 -1000 1.61 3.85 10.51 -1000 47.33 1.79 645.673
car -1 -1 0.00 0.00 0.00 100.00 100.00 -1000 1.50 3.48 18.52 -1000 37.82 1.57 641.224
car -1 -1 0.00 0.00 0.00 100.00 100.00 -1000 1.59 3.77 -6.51 -1000 26.34 0.16 636.415
car -1 -1 0.00 0.00 0.00 100.00 100.00 -1000 1.61 3.96 -15.93 -1000 45.71 -0.01 630.968
car -1 -1 0.00 0.00 0.00 100.00 100.00 -1000 1.66 3.73 11.71 -1000 29.99 1.67 625.843
car -1 -1 0.00 0.00 0.00 100.00 100.00 -1000 2.33 7.76 -0.47 -1000 45.02 1.39 620.979
car -1 -1 0.00 0.00 0.00 100.00 100.00 -1000 2.30 7.72 -3.76 -1000 44.64 1.43 619.643
car -1 -1 0.00 0.00 0.00 100.00 100.00 -1000 1.46 3.40 6.93 -1000 24.12 1.68 615.402
car -1 -1 0.00 0.00 0.00 100.00 100.00 -1000 1.40 3.12 9.95 -1000 20.54 1.53 607.811
car -1 -1 0.00 0.00 0.00 100.00 100.00 -1000 1.49 3.56 1.73 -1000 30.34 -0.10 605.593
car -1 -1 0.00 0.00 0.00 100.00 100.00 -1000 1.35 2.95 -15.96 -1000 46.72 1.56 595.816
car -1 -1 0.00 0.00 0.00 100.00 100.00 -1000 1.79 4.78 -6.23 -1000 41.39 1.46 592.831
car -1 -1 0.00 0.00 0.00 100.00 100.00 -1000 1.49 3.80 11.55 -1000 20.84 1.63 589.121
car -1 -1 0.00 0.00 0.00 100.00 100.00 -1000 1.55 3.84 13.74 -1000 35.06 1.56 583.458
car -1 -1 0.00 0.00 0.00 100.00 100.00 -1000 1.62 4.35 -3.67 -1000 26.72 1.51 582.883
car -1 -1 0.00 0.00 0.00 100.00 100.00 -1000 1.61 3.89 9.82 -1000 17.61 0.03 574.914
car -1 -1 0.00 0.00 0.00 100.00 100.00 -1000 1.37 3.47 1.90 -1000 31.26 1.55 568.795
car -1 -1 0.00 0.00 0.00 100.00 100.00 -1000 1.53 4.01 1.77 -1000 28.79 -0.18 562.521
car -1 -1 0.00 0.00 0.00 100.00 100.00 -1000 1.47 3.55 -19.21 -1000 42.20 1.60 560.187
car -1 -1 0.00 0.00 0.00 100.00 100.00 -1000 1.58 4.02 12.91 -1000 36.83 -0.12 556.733
car -1 -1 0.00 0.00 0.00 100.00 100.00 -1000 1.84 4.14 -13.76 -1000 30.47 0.11 555.880
car -1 -1 0.00 0.00 0.00 100.00 100.00 -1000 1.89 5.37 -15.95 -1000 37.36 1.46 555.193
car -1 -1 0.00 0.00 0.00 100.00 100.00 -1000 1.48 3.56 18.86 -1000 38.54 -0.26 553.831
car -1 -1 0.00 0.00 0.00 100.00 100.00 -1000 1.70 3.83 14.86 -1000 40.11 -0.09 553.387
car -1 -1 0.00 0.00 0.00 100.00 100.00 -1000 1.47 3.49 -0.66 -1000 26.31 1.59 548.551
car -1 -1 0.00 0.00 0.00 100.00 100.00 -1000 1.65 4.91 9.52 -1000 10.75 0.08 546.407
car -1 -1 0.00 0.00 0.00 100.00 100.00 -1000 1.50 3.53 12.86 -1000 34.19 1.66 542.819
car -1 -1 0.00 0.00 0.00 100.00 100.00 -1000 1.43 3.71 12.07 -1000 33.20 0.05 542.674
car -1 -1 0.00 0.00 0.00 100.00 100.00 -1000 1.72 3.89 4.17 -1000 43.59 1.63 538.015
car -1 -1 0.00 0.00 0.00 100.00 100.00 -1000 1.56 3.89 8.56 -1000 31.45 -0.19 531.707
car -1 -1 0.00 0.00 0.00 100.00 100.00 -1000 1.65 4.37 3.14 -1000 28.08 1.57 531.063
car -1 -1 0.00 0.00 0.00 100.00 100.00 -1000 1.59 3.69 -10.53 -1000 12.67 1.50 527.269
car -1 -1 0.00 0.00 0.00 100.00 100.00 -1000 1.73 3.59 4.19 -1000 42.72 1.56 520.262
car -1 -1 0.00 0.00 0.00 100.00 100.00 -1000 1.59 3.97 -11.64 -1000 28.25 1.51 518.932
car -1 -1 0.00 0.00 0.00 100.00 100.00 -1000 1.43 3.25 -17.66 -1000 42.28 1.55 518.932
car -1 -1 0.00 0.00 0.00 100.00 100.00 -1000 1.67 4.66 -1.42 -1000 28.92 1.51 517.836
car -1 -1 0.00 0.00 0.00 100.00 100.00 -1000 1.60 4.71 1.62 -1000 27.13 1.48 516.334
car -1 -1 0.00 0.00 0.00 100.00 100.00 -1000 1.67 4.38 4.09 -1000 25.88 1.67 515.773
car -1 -1 0.00 0.00 0.00 100.00 100.00 -1000 1.46 3.42 -16.99 -1000 29.77 1.55 513.512
car -1 -1 0.00 0.00 0.00 100.00 100.00 -1000 1.69 4.12 0.55 -1000 25.40 -0.07 511.134
car -1 -1 0.00 0.00 0.00 100.00 100.00 -1000 1.50 3.67 3.45 -1000 35.42 0.19 510.887
car -1 -1 0.00 0.00 0.00 100.00 100.00 -1000 2.13 7.25 -0.47 -1000 47.44 1.47 509.411
car -1 -1 0.00 0.00 0.00 100.00 100.00 -1000 1.52 3.64 -13.62 -1000 47.20 1.67 501.865
car -1 -1 0.00 0.00 0.00 100.00 100.00 -1000 2.17 7.24 -7.06 -1000 43.02 1.44 501.139
car -1 -1 0.00 0.00 0.00 100.00 100.00 -1000 1.97 5.22 -14.96 -1000 21.25 -0.00 498.791
car -1 -1 0.00 0.00 0.00 100.00 100.00 -1000 2.17 7.37 -5.43 -1000 43.81 1.44 496.927
car -1 -1 0.00 0.00 0.00 100.00 100.00 -1000 1.91 4.65 6.88 -1000 29.63 0.04 494.783
car -1 -1 0.00 0.00 0.00 100.00 100.00 -1000 1.59 3.63 -10.83 -1000 37.22 1.69 491.368
car -1 -1 0.00 0.00 0.00 100.00 100.00 -1000 1.47 3.80 1.34 -1000 29.56 0.01 489.647
car -1 -1 0.00 0.00 0.00 100.00 100.00 -1000 1.77 3.82 4.48 -1000 34.87 -0.16 489.410
car -1 -1 0.00 0.00 0.00 100.00 100.00 -1000 1.46 2.86 3.16 -1000 8.12 1.44 488.432
car -1 -1 0.00 0.00 0.00 100.00 100.00 -1000 2.66 7.09 6.11 -1000 44.74 -0.24 485.104
car -1 -1 0.00 0.00 0.00 100.00 100.00 -1000 2.05 6.21 -1.47 -1000 44.20 1.39 481.790
car -1 -1 0.00 0.00 0.00 100.00 100.00 -1000 1.51 3.63 -0.09 -1000 31.65 0.02 481.558
car -1 -1 0.00 0.00 0.00 100.00 100.00 -1000 1.68 4.53 12.22 -1000 31.72 1.58 472.271
car -1 -1 0.00 0.00 0.00 100.00 100.00 -1000 1.69 3.81 -13.66 -1000 35.61 1.65 470.784
car -1 -1 0.00 0.00 0.00 100.00 100.00 -1000 1.56 3.65 13.74 -1000 40.69 0.06 468.872
car -1 -1 0.00 0.00 0.00 100.00 100.00 -1000 1.48 3.71 18.98 -1000 40.49 1.58 454.223
car -1 -1 0.00 0.00 0.00 100.00 100.00 -1000 1.48 3.73 15.28 -1000 35.46 1.54 453.920
car -1 -1 0.00 0.00 0.00 100.00 100.00 -1000 1.50 3.64 7.72 -1000 38.67 1.55 449.891
car -1 -1 0.00 0.00 0.00 100.00 100.00 -1000 1.53 3.76 14.54 -1000 33.88 1.60 449.436
car -1 -1 0.00 0.00 0.00 100.00 100.00 -1000 1.60 2.94 7.73 -1000 44.53 1.45 449.053
car -1 -1 0.00 0.00 0.00 100.00 100.00 -1000 2.17 7.46 -10.39 -1000 41.39 1.43 448.454
car -1 -1 0.00 0.00 0.00 100.00 100.00 -1000 1.58 3.92 14.20 -1000 32.76 1.61 444.991
car -1 -1 0.00 0.00 0.00 100.00 100.00 -1000 1.69 4.17 -1.64 -1000 25.39 0.10 444.317
car -1 -1 0.00 0.00 0.00 100.00 100.00 -1000 2.11 7.06 -8.69 -1000 42.20 1.43 443.884
car -1 -1 0.00 0.00 0.00 100.00 100.00 -1000 2.10 6.88 -12.08 -1000 40.56 1.43 441.247
car -1 -1 0.00 0.00 0.00 100.00 100.00 -1000 1.55 3.00 -1.51 -1000 40.29 1.47 434.076
car -1 -1 0.00 0.00 0.00 100.00 100.00 -1000 1.49 3.28 17.45 -1000 39.22 -0.06 433.525
car -1 -1 0.00 0.00 0.00 100.00 100.00 -1000 1.59 3.83 -8.01 -1000 28.77 -0.18 432.138
car -1 -1 0.00 0.00 0.00 100.00 100.00 -1000 1.45 3.35 12.91 -1000 37.68 1.54 429.378
car -1 -1 0.00 0.00 0.00 100.00 100.00 -1000 1.53 3.62 -9.89 -1000 29.26 1.51 427.719
car -1 -1 0.00 0.00 0.00 100.00 100.00 -1000 1.62 4.20 17.89 -1000 36.96 0.09 426.126
car -1 -1 0.00 0.00 0.00 100.00 100.00 -1000 1.49 3.47 -17.07 -1000 46.39 1.57 424.005
car -1 -1 0.00 0.00 0.00 100.00 100.00 -1000 1.87 6.40 9.70 -1000 12.10 1.57 423.960
car -1 -1 0.00 0.00 0.00 100.00 100.00 -1000 1.57 4.02 6.62 -1000 12.96 1.62 423.213
car -1 -1 0.00 0.00 0.00 100.00 100.00 -1000 1.49 3.43 16.99 -1000 35.83 1.56 421.611
car -1 -1 0.00 0.00 0.00 100.00 100.00 -1000 1.48 3.55 -3.86 -1000 29.62 0.19 420.528
car -1 -1 0.00 0.00 0.00 100.00 100.00 -1000 1.52 3.54 -17.45 -1000 32.84 1.53 418.207
car -1 -1 0.00 0.00 0.00 100.00 100.00 -1000 1.92 6.28 -15.23 -1000 39.62 1.54 418.195
car -1 -1 0.00 0.00 0.00 100.00 100.00 -1000 1.95 6.10 -16.67 -1000 38.94 1.45 414.320
car -1 -1 0.00 0.00 0.00 100.00 100.00 -1000 1.45 3.78 -9.70 -1000 11.94 0.23 412.661
car -1 -1 0.00 0.00 0.00 100.00 100.00 -1000 1.63 4.07 8.84 -1000 18.62 1.51 409.514
car -1 -1 0.00 0.00 0.00 100.00 100.00 -1000 1.91 5.58 -10.16 -1000 39.76 1.40 407.830
car -1 -1 0.00 0.00 0.00 100.00 100.00 -1000 1.65 4.22 -17.83 -1000 35.38 0.01 406.783
car -1 -1 0.00 0.00 0.00 100.00 100.00 -1000 1.57 4.01 12.65 -1000 21.23 1.57 406.404
car -1 -1 0.00 0.00 0.00 100.00 100.00 -1000 1.55 3.45 -6.90 -1000 38.84 1.63 401.412
car -1 -1 0.00 0.00 0.00 100.00 100.00 -1000 1.51 3.72 3.43 -1000 30.87 1.55 401.028
car -1 -1 0.00 0.00 0.00 100.00 100.00 -1000 1.59 3.78 10.95 -1000 18.60 1.64 400.434
car -1 -1 0.00 0.00 0.00 100.00 100.00 -1000 1.64 4.35 8.46 -1000 32.60 1.46 398.297
car -1 -1 0.00 0.00 0.00 100.00 100.00 -1000 1.60 4.20 -12.55 -1000 21.57 1.62 397.301
car -1 -1 0.00 0.00 0.00 100.00 100.00 -1000 2.06 6.36 -3.29 -1000 43.39 1.38 395.343
car -1 -1 0.00 0.00 0.00 100.00 100.00 -1000 1.67 4.58 -2.56 -1000 30.09 1.53 394.741
car -1 -1 0.00 0.00 0.00 100.00 100.00 -1000 1.72 4.15 9.97 -1000 45.12 1.59 393.404
car -1 -1 0.00 0.00 0.00 100.00 100.00 -1000 1.57 3.62 12.13 -1000 19.79 1.64 393.041
car -1 -1 0.00 0.00 0.00 100.00 100.00 -1000 1.61 4.23 13.29 -1000 32.28 1.62 388.335
car -1 -1 0.00 0.00 0.00 100.00 100.00 -1000 1.64 4.20 -14.75 -1000 23.09 1.62 387.994
car -1 -1 0.00 0.00 0.00 100.00 100.00 -1000 1.62 3.52 -14.84 -1000 35.22 1.60 380.673
car -1 -1 0.00 0.00 0.00 100.00 100.00 -1000 1.52 3.71 8.55 -1000 19.98 1.52 379.723
car -1 -1 0.00 0.00 0.00 100.00 100.00 -1000 1.58 4.95 -6.88 -1000 13.40 0.07 376.618
car -1 -1 0.00 0.00 0.00 100.00 100.00 -1000 1.64 3.93 11.99 -1000 29.01 1.61 376.178
car -1 -1 0.00 0.00 0.00 100.00 100.00 -1000 1.53 3.13 4.22 -1000 24.42 1.38 374.643
car -1 -1 0.00 0.00 0.00 100.00 100.00 -1000 1.62 3.89 16.20 -1000 33.08 1.57 369.525
car -1 -1 0.00 0.00 0.00 100.00 100.00 -1000 1.56 3.08 -4.79 -1000 38.66 1.52 365.477
car -1 -1 0.00 0.00 0.00 100.00 100.00 -1000 1.59 4.02 -7.42 -1000 29.42 1.67 364.215
car -1 -1 0.00 0.00 0.00 100.00 100.00 -1000 1.59 3.95 15.85 -1000 41.37 1.51 360.032
car -1 -1 0.00 0.00 0.00 100.00 100.00 -1000 1.67 4.05 -14.63 -1000 45.23 1.63 358.353
car -1 -1 0.00 0.00 0.00 100.00 100.00 -1000 1.48 3.62 18.02 -1000 39.89 0.20 356.091
car -1 -1 0.00 0.00 0.00 100.00 100.00 -1000 1.56 3.89 7.40 -1000 12.10 1.53 352.559
car -1 -1 0.00 0.00 0.00 100.00 100.00 -1000 1.55 3.93 -14.44 -1000 33.55 1.54 351.062
car -1 -1 0.00 0.00 0.00 100.00 100.00 -1000 1.69 4.09 -13.87 -1000 46.04 1.61 349.230
car -1 -1 0.00 0.00 0.00 100.00 100.00 -1000 1.49 3.45 11.38 -1000 35.97 0.33 347.885
car -1 -1 0.00 0.00 0.00 100.00 100.00 -1000 1.70 3.96 16.54 -1000 37.70 0.14 339.100
car -1 -1 0.00 0.00 0.00 100.00 100.00 -1000 1.52 3.00 -8.47 -1000 37.13 1.46 338.399
car -1 -1 0.00 0.00 0.00 100.00 100.00 -1000 1.44 2.72 5.05 -1000 33.93 1.45 336.291
car -1 -1 0.00 0.00 0.00 100.00 100.00 -1000 1.61 3.46 -3.09 -1000 40.48 1.44 335.785
car -1 -1 0.00 0.00 0.00 100.00 100.00 -1000 1.43 3.53 -18.18 -1000 23.35 0.21 335.501
car -1 -1 0.00 0.00 0.00 100.00 100.00 -1000 1.61 3.85 17.07 -1000 34.27 1.60 334.893
car -1 -1 0.00 0.00 0.00 100.00 100.00 -1000 1.54 3.60 15.84 -1000 39.06 1.57 334.749
car -1 -1 0.00 0.00 0.00 100.00 100.00 -1000 1.56 3.84 -13.29 -1000 31.36 1.63 333.892
car -1 -1 0.00 0.00 0.00 100.00 100.00 -1000 1.71 4.78 8.01 -1000 13.85 1.59 333.112
car -1 -1 0.00 0.00 0.00 100.00 100.00 -1000 1.61 4.44 -13.07 -1000 22.35 1.59 333.006
car -1 -1 0.00 0.00 0.00 100.00 100.00 -1000 1.91 3.88 10.36 -1000 29.30 -0.10 332.919
car -1 -1 0.00 0.00 0.00 100.00 100.00 -1000 1.88 5.33 12.17 -1000 41.46 1.42 332.531
car -1 -1 0.00 0.00 0.00 100.00 100.00 -1000 1.76 4.04 -4.55 -1000 39.55 1.64 332.031
car -1 -1 0.00 0.00 0.00 100.00 100.00 -1000 1.61 3.16 -14.10 -1000 34.67 1.49 324.641
car -1 -1 0.00 0.00 0.00 100.00 100.00 -1000 1.58 3.18 5.13 -1000 44.20 1.42 324.377
car -1 -1 0.00 0.00 0.00 100.00 100.00 -1000 1.79 4.67 0.23 -1000 30.61 1.45 321.925
car -1 -1 0.00 0.00 0.00 100.00 100.00 -1000 1.35 2.79 4.10 -1000 41.90 1.43 319.811
car -1 -1 0.00 0.00 0.00 100.00 100.00 -1000 1.46 3.38 3.26 -1000 7.38 1.50 316.843
car -1 -1 0.00 0.00 0.00 100.00 100.00 -1000 1.65 4.32 2.91 -1000 31.68 1.49 316.152
car -1 -1 0.00 0.00 0.00 100.00 100.00 -1000 1.82 4.33 8.98 -1000 44.26 1.59 314.529
car -1 -1 0.00 0.00 0.00 100.00 100.00 -1000 1.58 3.77 -18.99 -1000 34.80 -0.13 313.736
car -1 -1 0.00 0.00 0.00 100.00 100.00 -1000 1.56 3.91 -16.11 -1000 42.12 1.47 310.339
car -1 -1 0.00 0.00 0.00 100.00 100.00 -1000 1.54 3.60 -14.49 -1000 31.74 1.59 308.789
car -1 -1 0.00 0.00 0.00 100.00 100.00 -1000 1.58 4.06 13.36 -1000 30.59 1.63 308.754
car -1 -1 0.00 0.00 0.00 100.00 100.00 -1000 1.68 4.12 5.81 -1000 22.60 1.62 308.323
car -1 -1 0.00 0.00 0.00 100.00 100.00 -1000 1.52 3.82 -17.99 -1000 24.36 1.61 306.624
car -1 -1 0.00 0.00 0.00 100.00 100.00 -1000 1.60 4.27 -11.31 -1000 21.09 1.58 305.938
car -1 -1 0.00 0.00 0.00 100.00 100.00 -1000 1.80 5.24 13.16 -1000 46.27 1.52 305.450
car -1 -1 0.00 0.00 0.00 100.00 100.00 -1000 1.66 4.05 10.36 -1000 46.44 1.74 305.266
car -1 -1 0.00 0.00 0.00 100.00 100.00 -1000 1.61 4.21 6.03 -1000 35.71 1.55 304.727
car -1 -1 0.00 0.00 0.00 100.00 100.00 -1000 1.98 5.98 -14.73 -1000 38.14 1.41 304.003
car -1 -1 0.00 0.00 0.00 100.00 100.00 -1000 1.57 4.34 10.11 -1000 32.97 1.58 303.809
car -1 -1 0.00 0.00 0.00 100.00 100.00 -1000 1.25 2.57 9.77 -1000 9.79 1.54 302.065
car -1 -1 0.00 0.00 0.00 100.00 100.00 -1000 1.69 3.83 -11.73 -1000 35.38 1.57 299.385
car -1 -1 0.00 0.00 0.00 100.00 100.00 -1000 1.58 4.08 -4.63 -1000 30.82 1.48 298.422
car -1 -1 0.00 0.00 0.00 100.00 100.00 -1000 1.47 2.81 -0.35 -1000 41.38 1.37 297.951
car -1 -1 0.00 0.00 0.00 100.00 100.00 -1000 1.81 4.73 2.53 -1000 36.27 1.39 297.516
car -1 -1 0.00 0.00 0.00 100.00 100.00 -1000 1.47 3.33 17.24 -1000 38.41 1.62 296.157
car -1 -1 0.00 0.00 0.00 100.00 100.00 -1000 1.98 6.08 -4.28 -1000 42.58 1.36 295.657
car -1 -1 0.00 0.00 0.00 100.00 100.00 -1000 1.72 4.48 11.21 -1000 45.50 1.56 295.605
car -1 -1 0.00 0.00 0.00 100.00 100.00 -1000 1.99 6.13 -13.06 -1000 39.76 1.41 292.655
car -1 -1 0.00 0.00 0.00 100.00 100.00 -1000 1.71 4.53 1.89 -1000 35.46 1.43 291.973
car -1 -1 0.00 0.00 0.00 100.00 100.00 -1000 1.36 3.04 7.93 -1000 43.62 1.42 291.598
car -1 -1 0.00 0.00 0.00 100.00 100.00 -1000 1.62 3.81 5.12 -1000 33.27 1.62 291.275
car -1 -1 0.00 0.00 0.00 100.00 100.00 -1000 1.87 5.43 -7.05 -1000 28.03 1.66 290.852
car -1 -1 0.00 0.00 0.00 100.00 100.00 -1000 1.69 4.72 -8.50 -1000 11.42 1.57 288.729
car -1 -1 0.00 0.00 0.00 100.00 100.00 -1000 1.51 3.35 6.39 -1000 11.42 1.54 285.419
car -1 -1 0.00 0.00 0.00 100.00 100.00 -1000 1.55 3.78 -0.95 -1000 32.23 1.43 284.933
car -1 -1 0.00 0.00 0.00 100.00 100.00 -1000 1.76 5.14 -0.27 -1000 29.69 1.53 282.847
car -1 -1 0.00 0.00 0.00 100.00 100.00 -1000 1.49 3.51 -18.32 -1000 32.29 1.46 282.240
car -1 -1 0.00 0.00 0.00 100.00 100.00 -1000 1.69 4.19 -0.30 -1000 32.96 1.43 282.115
car -1 -1 0.00 0.00 0.00 100.00 100.00 -1000 1.74 4.54 12.05 -1000 40.31 1.41 279.216
car -1 -1 0.00 0.00 0.00 100.00 100.00 -1000 1.42 3.04 3.59 -1000 11.65 1.51 277.300
car -1 -1 0.00 0.00 0.00 100.00 100.00 -1000 1.92 6.19 -5.15 -1000 27.50 1.60 277.269
car -1 -1 0.00 0.00 0.00 100.00 100.00 -1000 1.57 4.07 -1.69 -1000 27.86 0.17 275.133
car -1 -1 0.00 0.00 0.00 100.00 100.00 -1000 1.92 5.65 -17.66 -1000 38.19 1.41 274.602
car -1 -1 0.00 0.00 0.00 100.00 100.00 -1000 1.87 5.37 13.37 -1000 42.22 1.39 274.424
car -1 -1 0.00 0.00 0.00 100.00 100.00 -1000 1.42 3.52 11.67 -1000 33.90 -0.08 273.429
car -1 -1 0.00 0.00 0.00 100.00 100.00 -1000 2.05 6.82 2.64 -1000 37.33 1.40 271.434
car -1 -1 0.00 0.00 0.00 100.00 100.00 -1000 1.43 3.09 6.62 -1000 43.72 1.35 270.858
car -1 -1 0.00 0.00 0.00 100.00 100.00 -1000 1.63 4.13 -8.11 -1000 30.14 1.48 270.561
car -1 -1 0.00 0.00 0.00 100.00 100.00 -1000 1.95 6.05 -15.06 -1000 40.61 1.52 267.379
car -1 -1 0.00 0.00 0.00 100.00 100.00 -1000 1.47 3.45 -16.39 -1000 33.22 1.53 266.303
car -1 -1 0.00 0.00 0.00 100.00 100.00 -1000 1.68 4.24 -13.03 -1000 45.09 1.52 261.106
car -1 -1 0.00 0.00 0.00 100.00 100.00 -1000 1.75 3.94 -17.40 -1000 45.42 0.10 259.367
car -1 -1 0.00 0.00 0.00 100.00 100.00 -1000 1.43 3.61 -17.36 -1000 29.05 0.09 259.123
car -1 -1 0.00 0.00 0.00 100.00 100.00 -1000 1.65 4.20 4.61 -1000 29.49 1.56 257.547
car -1 -1 0.00 0.00 0.00 100.00 100.00 -1000 1.55 3.15 -9.68 -1000 36.69 1.47 256.833
car -1 -1 0.00 0.00 0.00 100.00 100.00 -1000 1.66 4.14 12.47 -1000 47.13 1.62 253.692
car -1 -1 0.00 0.00 0.00 100.00 100.00 -1000 1.50 3.68 15.53 -1000 34.33 1.63 252.154
car -1 -1 0.00 0.00 0.00 100.00 100.00 -1000 1.59 4.28 5.04 -1000 31.32 1.43 251.504
car -1 -1 0.00 0.00 0.00 100.00 100.00 -1000 1.65 4.09 12.33 -1000 18.96 1.60 251.477
car -1 -1 0.00 0.00 0.00 100.00 100.00 -1000 1.39 2.62 1.03 -1000 41.26 1.40 250.751
car -1 -1 0.00 0.00 0.00 100.00 100.00 -1000 1.70 3.90 -11.24 -1000 36.26 1.61 249.791
car -1 -1 0.00 0.00 0.00 100.00 100.00 -1000 1.60 3.82 11.60 -1000 35.12 1.45 249.760
car -1 -1 0.00 0.00 0.00 100.00 100.00 -1000 1.49 3.52 17.41 -1000 40.68 1.50 248.823
car -1 -1 0.00 0.00 0.00 100.00 100.00 -1000 1.68 4.65 13.06 -1000 20.48 1.62 248.584
car -1 -1 0.00 0.00 0.00 100.00 100.00 -1000 1.64 4.22 10.21 -1000 11.53 1.51 243.356
car -1 -1 0.00 0.00 0.00 100.00 100.00 -1000 1.72 4.64 6.06 -1000 38.70 1.42 243.137
car -1 -1 0.00 0.00 0.00 100.00 100.00 -1000 1.53 3.13 -18.26 -1000 33.79 1.51 242.029
car -1 -1 0.00 0.00 0.00 100.00 100.00 -1000 1.58 4.25 -10.89 -1000 11.26 1.52 241.704
car -1 -1 0.00 0.00 0.00 100.00 100.00 -1000 1.60 4.02 -8.99 -1000 13.15 1.59 240.954
car -1 -1 0.00 0.00 0.00 100.00 100.00 -1000 1.64 3.76 -7.89 -1000 37.92 1.63 240.787
car -1 -1 0.00 0.00 0.00 100.00 100.00 -1000 1.83 5.25 -17.84 -1000 36.96 1.38 235.893
car -1 -1 0.00 0.00 0.00 100.00 100.00 -1000 1.57 3.52 -16.14 -1000 21.92 1.40 235.722
car -1 -1 0.00 0.00 0.00 100.00 100.00 -1000 1.66 4.66 8.45 -1000 23.98 1.50 234.889
car -1 -1 0.00 0.00 0.00 100.00 100.00 -1000 1.64 4.04 -13.93 -1000 44.19 1.50 234.105
car -1 -1 0.00 0.00 0.00 100.00 100.00 -1000 1.69 4.43 5.99 -1000 42.58 1.45 233.818
car -1 -1 0.00 0.00 0.00 100.00 100.00 -1000 1.45 3.19 3.61 -1000 6.03 1.44 232.732
car -1 -1 0.00 0.00 0.00 100.00 100.00 -1000 1.58 4.00 -12.60 -1000 28.83 1.61 231.637
car -1 -1 0.00 0.00 0.00 100.00 100.00 -1000 1.86 5.38 -9.12 -1000 40.57 1.39 230.446
car -1 -1 0.00 0.00 0.00 100.00 100.00 -1000 1.59 4.20 -12.48 -1000 27.68 1.46 228.343
car -1 -1 0.00 0.00 0.00 100.00 100.00 -1000 1.53 3.77 -18.85 -1000 45.12 1.46 226.201
