car -1 -1 0.00 0.00 0.00 100.00 100.00 -1000 1.76 4.44 -0.95 -1000 31.60 1.56 999.738
car -1 -1 0.00 0.00 0.00 100.00 100.00 -1000 1.71 4.55 -0.31 -1000 30.87 0.00 998.894
car -1 -1 0.00 0.00 0.00 100.00 100.00 -1000 1.59 3.80 5.95 -1000 35.25 1.61 997.108
car -1 -1 0.00 0.00 0.00 100.00 100.00 -1000 1.97 5.68 -0.96 -1000 32.42 1.66 982.078
car -1 -1 0.00 0.00 0.00 100.00 100.00 -1000 1.47 3.56 6.80 -1000 17.49 1.61 972.545
car -1 -1 0.00 0.00 0.00 100.00 100.00 -1000 1.65 4.29 5.62 -1000 34.30 -0.12 971.688
car -1 -1 0.00 0.00 0.00 100.00 100.00 -1000 2.16 6.99 -2.17 -1000 33.23 1.62 971.296
car -1 -1 0.00 0.00 0.00 100.00 100.00 -1000 2.46 7.99 -0.33 -1000 33.91 1.48 963.315
car -1 -1 0.00 0.00 0.00 100.00 100.00 -1000 1.52 3.61 4.95 -1000 41.75 1.58 961.566
car -1 -1 0.00 0.00 0.00 100.00 100.00 -1000 1.52 3.70 -3.60 -1000 47.33 1.52 956.226
car -1 -1 0.00 0.00 0.00 100.00 100.00 -1000 1.62 4.09 -6.88 -1000 45.53 -0.13 954.872
car -1 -1 0.00 0.00 0.00 100.00 100.00 -1000 1.59 3.83 -12.07 -1000 43.11 1.59 952.502
car -1 -1 0.00 0.00 0.00 100.00 100.00 -1000 1.67 4.15 -5.61 -1000 45.88 -0.21 946.402
car -1 -1 0.00 0.00 0.00 100.00 100.00 -1000 2.03 6.06 1.45 -1000 35.01 1.56 945.386
car -1 -1 0.00 0.00 0.00 100.00 100.00 -1000 1.60 3.99 -4.27 -1000 46.31 -0.21 940.867
car -1 -1 0.00 0.00 0.00 100.00 100.00 -1000 1.45 3.31 -5.96 -1000 46.65 1.59 936.758
car -1 -1 0.00 0.00 0.00 100.00 100.00 -1000 1.50 3.76 5.96 -1000 30.82 0.07 936.173
car -1 -1 0.00 0.00 0.00 100.00 100.00 -1000 1.51 3.56 -2.54 -1000 41.40 1.58 932.665
car -1 -1 0.00 0.00 0.00 100.00 100.00 -1000 1.49 3.43 6.78 -1000 31.32 1.60 928.837
car -1 -1 0.00 0.00 0.00 100.00 100.00 -1000 1.72 4.58 7.08 -1000 36.50 1.64 924.148
car -1 -1 0.00 0.00 0.00 100.00 100.00 -1000 1.49 3.43 -4.93 -1000 46.99 1.62 919.273
car -1 -1 0.00 0.00 0.00 100.00 100.00 -1000 1.70 4.33 -3.68 -1000 40.28 -0.15 914.461
car -1 -1 0.00 0.00 0.00 100.00 100.00 -1000 1.58 3.71 4.93 -1000 40.71 0.00 911.113
car -1 -1 0.00 0.00 0.00 100.00 100.00 -1000 1.61 4.01 -12.36 -1000 42.23 -0.12 909.496
car -1 -1 0.00 0.00 0.00 100.00 100.00 -1000 3.15 12.69 -1.85 -1000 34.95 1.61 907.804
car -1 -1 0.00 0.00 0.00 100.00 100.00 -1000 1.77 4.55 -3.73 -1000 32.85 1.56 904.251
car -1 -1 0.00 0.00 0.00 100.00 100.00 -1000 1.51 3.35 -7.41 -1000 46.37 1.63 901.413
car -1 -1 0.00 0.00 0.00 100.00 100.00 -1000 1.52 3.29 -4.31 -1000 41.01 1.58 897.181
car -1 -1 0.00 0.00 0.00 100.00 100.00 -1000 1.69 4.30 -5.19 -1000 39.84 -0.13 894.017
car -1 -1 0.00 0.00 0.00 100.00 100.00 -1000 1.63 4.18 6.48 -1000 16.63 -0.07 892.701
car -1 -1 0.00 0.00 0.00 100.00 100.00 -1000 1.53 3.91 3.13 -1000 43.84 0.15 884.194
car -1 -1 0.00 0.00 0.00 100.00 100.00 -1000 1.58 3.99 4.67 -1000 35.71 1.63 869.507
car -1 -1 0.00 0.00 0.00 100.00 100.00 -1000 1.62 4.29 4.03 -1000 34.80 0.08 869.429
car -1 -1 0.00 0.00 0.00 100.00 100.00 -1000 1.84 5.11 1.57 -1000 31.74 1.59 867.523
car -1 -1 0.00 0.00 0.00 100.00 100.00 -1000 2.10 6.57 2.31 -1000 33.37 1.57 866.852
car -1 -1 0.00 0.00 0.00 100.00 100.00 -1000 1.45 3.11 -5.32 -1000 40.69 1.62 855.016
car -1 -1 0.00 0.00 0.00 100.00 100.00 -1000 1.66 4.10 -9.26 -1000 44.95 0.06 852.564
car -1 -1 0.00 0.00 0.00 100.00 100.00 -1000 1.61 3.79 7.73 -1000 17.04 1.69 845.718
car -1 -1 0.00 0.00 0.00 100.00 100.00 -1000 1.63 3.95 -6.50 -1000 39.40 -0.04 839.822
car -1 -1 0.00 0.00 0.00 100.00 100.00 -1000 1.53 3.46 -0.91 -1000 41.84 1.51 837.971
car -1 -1 0.00 0.00 0.00 100.00 100.00 -1000 1.42 3.32 5.55 -1000 31.66 1.61 837.557
car -1 -1 0.00 0.00 0.00 100.00 100.00 -1000 1.39 3.12 13.00 -1000 20.93 1.54 835.031
car -1 -1 0.00 0.00 0.00 100.00 100.00 -1000 1.68 4.45 1.79 -1000 35.70 1.49 832.144
car -1 -1 0.00 0.00 0.00 100.00 100.00 -1000 1.43 3.38 3.69 -1000 44.68 1.57 830.350
car -1 -1 0.00 0.00 0.00 100.00 100.00 -1000 1.46 3.10 0.63 -1000 42.27 1.61 823.506
car -1 -1 0.00 0.00 0.00 100.00 100.00 -1000 1.78 4.74 -4.37 -1000 35.75 -0.12 817.601
car -1 -1 0.00 0.00 0.00 100.00 100.00 -1000 1.66 4.08 -2.56 -1000 30.49 1.59 813.471
car -1 -1 0.00 0.00 0.00 100.00 100.00 -1000 1.50 3.59 -18.34 -1000 30.26 1.60 811.774
car -1 -1 0.00 0.00 0.00 100.00 100.00 -1000 1.46 3.06 -6.48 -1000 40.27 1.57 811.463
car -1 -1 0.00 0.00 0.00 100.00 100.00 -1000 1.64 4.08 -5.63 -1000 35.38 -0.05 805.167
car -1 -1 0.00 0.00 0.00 100.00 100.00 -1000 1.49 3.52 10.36 -1000 35.82 1.61 803.903
car -1 -1 0.00 0.00 0.00 100.00 100.00 -1000 1.73 4.21 -19.85 -1000 28.61 -0.07 803.232
car -1 -1 0.00 0.00 0.00 100.00 100.00 -1000 2.37 7.02 -2.41 -1000 35.57 1.66 799.361
car -1 -1 0.00 0.00 0.00 100.00 100.00 -1000 1.47 3.36 -9.48 -1000 45.90 1.59 799.359
car -1 -1 0.00 0.00 0.00 100.00 100.00 -1000 1.66 3.93 6.90 -1000 30.27 0.06 799.193
car -1 -1 0.00 0.00 0.00 100.00 100.00 -1000 1.73 4.65 4.23 -1000 33.80 1.52 793.301
car -1 -1 0.00 0.00 0.00 100.00 100.00 -1000 1.67 4.05 -18.79 -1000 35.33 -0.08 790.819
car -1 -1 0.00 0.00 0.00 100.00 100.00 -1000 1.56 3.81 0.67 -1000 41.38 0.05 790.178
car -1 -1 0.00 0.00 0.00 100.00 100.00 -1000 1.40 3.31 12.54 -1000 26.50 1.57 790.017
car -1 -1 0.00 0.00 0.00 100.00 100.00 -1000 1.40 3.17 -17.99 -1000 36.45 1.60 789.932
car -1 -1 0.00 0.00 0.00 100.00 100.00 -1000 1.64 4.03 1.22 -1000 28.94 1.57 788.384
car -1 -1 0.00 0.00 0.00 100.00 100.00 -1000 1.42 3.05 -4.49 -1000 36.58 1.60 785.989
car -1 -1 0.00 0.00 0.00 100.00 100.00 -1000 1.47 3.61 12.21 -1000 41.93 1.51 778.097
car -1 -1 0.00 0.00 0.00 100.00 100.00 -1000 1.51 3.64 2.32 -1000 45.00 1.63 778.073
car -1 -1 0.00 0.00 0.00 100.00 100.00 -1000 1.74 4.11 7.04 -1000 34.76 1.66 773.867
car -1 -1 0.00 0.00 0.00 100.00 100.00 -1000 1.55 3.94 9.23 -1000 36.27 1.58 767.195
car -1 -1 0.00 0.00 0.00 100.00 100.00 -1000 1.61 3.59 12.99 -1000 17.06 1.42 764.451
car -1 -1 0.00 0.00 0.00 100.00 100.00 -1000 1.45 3.32 8.02 -1000 31.10 1.59 763.383
car -1 -1 0.00 0.00 0.00 100.00 100.00 -1000 1.63 3.71 -11.22 -1000 43.83 1.43 760.965
car -1 -1 0.00 0.00 0.00 100.00 100.00 -1000 1.52 3.59 -15.52 -1000 19.81 1.54 760.952
car -1 -1 0.00 0.00 0.00 100.00 100.00 -1000 1.54 3.50 3.14 -1000 28.48 0.03 760.830
car -1 -1 0.00 0.00 0.00 100.00 100.00 -1000 1.61 4.02 2.74 -1000 29.39 1.53 758.753
car -1 -1 0.00 0.00 0.00 100.00 100.00 -1000 1.94 5.44 -0.55 -1000 29.82 -0.01 754.905
car -1 -1 0.00 0.00 0.00 100.00 100.00 -1000 1.51 3.47 13.06 -1000 21.78 1.61 746.132
car -1 -1 0.00 0.00 0.00 100.00 100.00 -1000 1.58 3.66 -0.27 -1000 29.27 1.43 739.614
car -1 -1 0.00 0.00 0.00 100.00 100.00 -1000 2.47 8.39 -3.83 -1000 34.05 1.62 735.793
car -1 -1 0.00 0.00 0.00 100.00 100.00 -1000 1.39 3.13 12.99 -1000 45.07 1.63 724.916
car -1 -1 0.00 0.00 0.00 100.00 100.00 -1000 1.57 3.92 0.49 -1000 37.01 0.10 724.728
car -1 -1 0.00 0.00 0.00 100.00 100.00 -1000 1.44 3.56 6.60 -1000 43.77 1.59 712.049
car -1 -1 0.00 0.00 0.00 100.00 100.00 -1000 1.70 4.34 -15.13 -1000 43.92 1.66 711.148
car -1 -1 0.00 0.00 0.00 100.00 100.00 -1000 1.51 3.61 13.06 -1000 18.13 1.44 708.426
car -1 -1 0.00 0.00 0.00 100.00 100.00 -1000 1.41 3.04 -8.93 -1000 39.83 1.57 707.860
car -1 -1 0.00 0.00 0.00 100.00 100.00 -1000 1.73 4.74 6.53 -1000 38.23 1.58 701.694
car -1 -1 0.00 0.00 0.00 100.00 100.00 -1000 1.44 3.57 2.77 -1000 46.54 1.52 701.351
car -1 -1 0.00 0.00 0.00 100.00 100.00 -1000 1.47 3.54 4.06 -1000 30.89 0.11 699.552
car -1 -1 0.00 0.00 0.00 100.00 100.00 -1000 1.58 3.78 7.31 -1000 33.79 1.60 695.093
car -1 -1 0.00 0.00 0.00 100.00 100.00 -1000 1.36 3.07 13.00 -1000 20.13 1.56 694.542
car -1 -1 0.00 0.00 0.00 100.00 100.00 -1000 1.56 3.86 -2.75 -1000 36.80 1.60 686.206
car -1 -1 0.00 0.00 0.00 100.00 100.00 -1000 1.45 2.88 12.72 -1000 43.74 -0.20 679.572
car -1 -1 0.00 0.00 0.00 100.00 100.00 -1000 1.41 3.11 -11.91 -1000 37.02 1.49 679.384
car -1 -1 0.00 0.00 0.00 100.00 100.00 -1000 1.48 3.59 4.50 -1000 32.05 1.58 678.987
car -1 -1 0.00 0.00 0.00 100.00 100.00 -1000 1.56 3.54 4.85 -1000 37.63 0.02 674.666
car -1 -1 0.00 0.00 0.00 100.00 100.00 -1000 1.56 3.04 12.89 -1000 47.41 -0.11 673.643
car -1 -1 0.00 0.00 0.00 100.00 100.00 -1000 1.57 3.82 -17.23 -1000 35.20 0.21 673.517
car -1 -1 0.00 0.00 0.00 100.00 100.00 -1000 1.65 4.02 8.29 -1000 35.62 1.63 670.745
car -1 -1 0.00 0.00 0.00 100.00 100.00 -1000 1.66 4.15 -4.62 -1000 32.05 0.07 669.161
car -1 -1 0.00 0.00 0.00 100.00 100.00 -1000 1.49 3.59 7.63 -1000 42.76 1.57 645.870
car -1 -1 0.00 0.00 0.00 100.00 100.00 -1000 1.48 3.34 12.55 -1000 42.80 1.60 644.739
car -1 -1 0.00 0.00 0.00 100.00 100.00 -1000 1.50 3.48 5.15 -1000 44.21 1.57 644.176
car -1 -1 0.00 0.00 0.00 100.00 100.00 -1000 1.47 3.32 11.12 -1000 47.35 0.22 636.031
car -1 -1 0.00 0.00 0.00 100.00 100.00 -1000 1.48 3.60 3.77 -1000 38.03 0.18 632.463
car -1 -1 0.00 0.00 0.00 100.00 100.00 -1000 1.43 3.34 12.97 -1000 19.35 1.62 632.336
car -1 -1 0.00 0.00 0.00 100.00 100.00 -1000 1.57 3.61 -13.79 -1000 43.15 1.55 627.481
car -1 -1 0.00 0.00 0.00 100.00 100.00 -1000 1.39 3.19 10.95 -1000 34.96 0.20 627.118
car -1 -1 0.00 0.00 0.00 100.00 100.00 -1000 1.41 3.09 -5.92 -1000 36.23 1.53 626.733
car -1 -1 0.00 0.00 0.00 100.00 100.00 -1000 1.46 3.40 13.38 -1000 22.59 1.68 625.196
car -1 -1 0.00 0.00 0.00 100.00 100.00 -1000 1.68 3.95 -14.81 -1000 42.73 1.62 624.178
car -1 -1 0.00 0.00 0.00 100.00 100.00 -1000 1.53 3.72 -4.04 -1000 29.93 1.58 621.670
car -1 -1 0.00 0.00 0.00 100.00 100.00 -1000 1.39 3.33 -17.12 -1000 30.59 1.55 618.970
car -1 -1 0.00 0.00 0.00 100.00 100.00 -1000 1.38 3.17 13.00 -1000 25.87 1.58 617.305
car -1 -1 0.00 0.00 0.00 100.00 100.00 -1000 1.40 3.13 4.54 -1000 38.89 1.61 615.072
car -1 -1 0.00 0.00 0.00 100.00 100.00 -1000 1.80 4.87 9.35 -1000 37.00 1.52 611.684
car -1 -1 0.00 0.00 0.00 100.00 100.00 -1000 1.46 3.53 -16.76 -1000 36.83 1.56 610.100
car -1 -1 0.00 0.00 0.00 100.00 100.00 -1000 1.42 3.00 -18.06 -1000 26.11 1.45 610.059
car -1 -1 0.00 0.00 0.00 100.00 100.00 -1000 1.54 3.69 -10.32 -1000 45.37 1.59 604.667
car -1 -1 0.00 0.00 0.00 100.00 100.00 -1000 1.48 3.64 1.92 -1000 41.90 1.64 604.550
car -1 -1 0.00 0.00 0.00 100.00 100.00 -1000 1.78 4.62 13.21 -1000 46.25 1.72 595.201
car -1 -1 0.00 0.00 0.00 100.00 100.00 -1000 1.47 3.37 12.40 -1000 40.31 1.64 588.620
car -1 -1 0.00 0.00 0.00 100.00 100.00 -1000 1.52 3.67 7.56 -1000 39.79 1.55 582.586
car -1 -1 0.00 0.00 0.00 100.00 100.00 -1000 1.95 5.49 7.23 -1000 37.45 1.57 581.318
car -1 -1 0.00 0.00 0.00 100.00 100.00 -1000 1.48 3.36 -6.33 -1000 32.51 1.55 580.828
car -1 -1 0.00 0.00 0.00 100.00 100.00 -1000 1.66 3.87 -19.30 -1000 29.33 1.67 580.562
car -1 -1 0.00 0.00 0.00 100.00 100.00 -1000 1.46 3.27 -1.55 -1000 37.30 1.48 572.376
car -1 -1 0.00 0.00 0.00 100.00 100.00 -1000 2.16 6.95 -5.25 -1000 47.41 1.40 569.945
car -1 -1 0.00 0.00 0.00 100.00 100.00 -1000 1.51 3.66 1.86 -1000 44.10 0.16 569.456
car -1 -1 0.00 0.00 0.00 100.00 100.00 -1000 1.63 3.90 -6.92 -1000 37.76 1.60 569.324
car -1 -1 0.00 0.00 0.00 100.00 100.00 -1000 1.51 3.42 -10.39 -1000 39.78 1.53 568.788
car -1 -1 0.00 0.00 0.00 100.00 100.00 -1000 1.42 2.95 2.98 -1000 17.30 1.66 566.167
car -1 -1 0.00 0.00 0.00 100.00 100.00 -1000 1.42 3.47 -16.93 -1000 26.45 1.55 561.378
car -1 -1 0.00 0.00 0.00 100.00 100.00 -1000 1.51 3.59 8.76 -1000 42.37 1.54 554.416
car -1 -1 0.00 0.00 0.00 100.00 100.00 -1000 1.44 3.13 0.78 -1000 37.85 1.50 550.872
car -1 -1 0.00 0.00 0.00 100.00 100.00 -1000 1.48 3.62 5.17 -1000 21.84 0.10 549.679
car -1 -1 0.00 0.00 0.00 100.00 100.00 -1000 1.59 3.76 5.58 -1000 33.05 1.56 542.697
car -1 -1 0.00 0.00 0.00 100.00 100.00 -1000 1.50 3.53 -7.79 -1000 40.17 1.43 541.921
car -1 -1 0.00 0.00 0.00 100.00 100.00 -1000 1.42 3.31 12.82 -1000 27.46 1.59 534.117
car -1 -1 0.00 0.00 0.00 100.00 100.00 -1000 1.85 4.15 12.44 -1000 16.08 0.02 531.533
car -1 -1 0.00 0.00 0.00 100.00 100.00 -1000 1.59 3.86 6.84 -1000 41.92 1.62 530.711
car -1 -1 0.00 0.00 0.00 100.00 100.00 -1000 1.55 3.66 8.53 -1000 31.87 1.51 529.654
car -1 -1 0.00 0.00 0.00 100.00 100.00 -1000 1.56 3.98 -1.99 -1000 40.66 -0.09 529.654
car -1 -1 0.00 0.00 0.00 100.00 100.00 -1000 1.54 3.75 -5.27 -1000 29.54 1.56 527.456
car -1 -1 0.00 0.00 0.00 100.00 100.00 -1000 1.53 3.60 -15.88 -1000 20.56 1.51 526.506
car -1 -1 0.00 0.00 0.00 100.00 100.00 -1000 1.88 5.21 2.39 -1000 31.08 1.54 520.375
car -1 -1 0.00 0.00 0.00 100.00 100.00 -1000 1.52 3.70 9.99 -1000 32.23 1.54 516.668
car -1 -1 0.00 0.00 0.00 100.00 100.00 -1000 1.57 3.71 -6.68 -1000 34.95 -0.05 513.994
car -1 -1 0.00 0.00 0.00 100.00 100.00 -1000 1.41 3.26 -6.85 -1000 35.82 1.57 513.836
car -1 -1 0.00 0.00 0.00 100.00 100.00 -1000 1.40 3.25 -15.78 -1000 23.33 1.52 511.279
car -1 -1 0.00 0.00 0.00 100.00 100.00 -1000 1.44 3.25 12.85 -1000 28.30 1.57 510.355
car -1 -1 0.00 0.00 0.00 100.00 100.00 -1000 1.59 4.03 4.08 -1000 29.03 1.61 509.639
car -1 -1 0.00 0.00 0.00 100.00 100.00 -1000 1.40 3.30 -15.33 -1000 46.87 1.49 508.120
car -1 -1 0.00 0.00 0.00 100.00 100.00 -1000 1.55 3.79 8.18 -1000 43.55 1.45 506.748
car -1 -1 0.00 0.00 0.00 100.00 100.00 -1000 1.55 3.61 -11.64 -1000 20.43 0.04 505.753
car -1 -1 0.00 0.00 0.00 100.00 100.00 -1000 1.53 3.30 -17.55 -1000 21.62 0.13 505.116
car -1 -1 0.00 0.00 0.00 100.00 100.00 -1000 1.82 4.83 1.50 -1000 29.96 1.62 502.733
car -1 -1 0.00 0.00 0.00 100.00 100.00 -1000 1.33 3.03 13.21 -1000 23.35 1.59 496.488
car -1 -1 0.00 0.00 0.00 100.00 100.00 -1000 1.43 3.29 12.54 -1000 38.77 1.57 495.509
car -1 -1 0.00 0.00 0.00 100.00 100.00 -1000 1.65 4.11 -16.11 -1000 39.46 1.63 493.105
car -1 -1 0.00 0.00 0.00 100.00 100.00 -1000 1.40 3.16 2.16 -1000 45.91 1.53 490.083
car -1 -1 0.00 0.00 0.00 100.00 100.00 -1000 1.61 4.06 4.73 -1000 43.16 0.14 481.417
car -1 -1 0.00 0.00 0.00 100.00 100.00 -1000 2.35 8.10 1.52 -1000 32.42 1.53 481.160
car -1 -1 0.00 0.00 0.00 100.00 100.00 -1000 1.37 3.22 13.03 -1000 24.15 1.55 480.304
car -1 -1 0.00 0.00 0.00 100.00 100.00 -1000 1.56 3.48 -2.30 -1000 46.93 1.63 479.663
car -1 -1 0.00 0.00 0.00 100.00 100.00 -1000 1.47 3.39 3.56 -1000 41.60 1.54 476.035
car -1 -1 0.00 0.00 0.00 100.00 100.00 -1000 1.63 3.73 12.22 -1000 45.76 0.23 475.916
car -1 -1 0.00 0.00 0.00 100.00 100.00 -1000 1.56 3.59 -12.18 -1000 36.07 0.10 475.566
car -1 -1 0.00 0.00 0.00 100.00 100.00 -1000 1.44 3.41 0.97 -1000 27.70 0.21 474.388
car -1 -1 0.00 0.00 0.00 100.00 100.00 -1000 1.56 3.64 -16.93 -1000 34.28 1.49 473.842
car -1 -1 0.00 0.00 0.00 100.00 100.00 -1000 1.69 4.45 8.54 -1000 38.34 1.50 473.321
car -1 -1 0.00 0.00 0.00 100.00 100.00 -1000 1.51 3.69 -12.11 -1000 21.35 1.54 471.969
car -1 -1 0.00 0.00 0.00 100.00 100.00 -1000 1.51 3.70 -5.90 -1000 31.68 0.08 466.519
car -1 -1 0.00 0.00 0.00 100.00 100.00 -1000 1.48 3.44 -13.46 -1000 36.65 1.59 465.234
car -1 -1 0.00 0.00 0.00 100.00 100.00 -1000 1.67 4.01 -1.35 -1000 47.57 1.55 465.043
car -1 -1 0.00 0.00 0.00 100.00 100.00 -1000 1.50 3.55 8.01 -1000 10.65 -0.03 461.788
car -1 -1 0.00 0.00 0.00 100.00 100.00 -1000 1.60 4.26 9.37 -1000 33.77 1.53 461.472
car -1 -1 0.00 0.00 0.00 100.00 100.00 -1000 1.76 3.92 -2.96 -1000 45.09 1.54 460.747
car -1 -1 0.00 0.00 0.00 100.00 100.00 -1000 1.54 3.54 5.55 -1000 39.41 1.51 459.213
car -1 -1 0.00 0.00 0.00 100.00 100.00 -1000 1.57 3.80 8.49 -1000 39.13 1.50 454.573
car -1 -1 0.00 0.00 0.00 100.00 100.00 -1000 1.64 4.04 13.54 -1000 42.26 1.63 450.292
car -1 -1 0.00 0.00 0.00 100.00 100.00 -1000 1.36 2.99 12.71 -1000 41.22 1.54 448.585
car -1 -1 0.00 0.00 0.00 100.00 100.00 -1000 1.42 3.25 -0.19 -1000 28.51 1.59 447.524
car -1 -1 0.00 0.00 0.00 100.00 100.00 -1000 1.76 4.41 7.16 -1000 15.90 1.66 444.779
car -1 -1 0.00 0.00 0.00 100.00 100.00 -1000 1.78 4.22 -6.66 -1000 44.34 1.59 443.646
car -1 -1 0.00 0.00 0.00 100.00 100.00 -1000 1.57 4.02 11.04 -1000 20.46 1.54 442.425
car -1 -1 0.00 0.00 0.00 100.00 100.00 -1000 1.59 3.92 8.21 -1000 33.10 1.57 442.219
car -1 -1 0.00 0.00 0.00 100.00 100.00 -1000 1.53 3.65 -12.32 -1000 32.64 1.53 442.002
car -1 -1 0.00 0.00 0.00 100.00 100.00 -1000 1.60 3.89 9.16 -1000 43.10 1.48 440.932
car -1 -1 0.00 0.00 0.00 100.00 100.00 -1000 1.33 3.02 13.13 -1000 25.00 1.60 438.286
car -1 -1 0.00 0.00 0.00 100.00 100.00 -1000 1.58 4.02 8.09 -1000 24.12 1.53 437.435
car -1 -1 0.00 0.00 0.00 100.00 100.00 -1000 1.56 3.67 9.17 -1000 35.01 0.13 433.979
car -1 -1 0.00 0.00 0.00 100.00 100.00 -1000 1.82 4.80 -14.75 -1000 44.99 1.62 433.039
car -1 -1 0.00 0.00 0.00 100.00 100.00 -1000 1.50 3.56 1.86 -1000 39.08 1.57 425.693
car -1 -1 0.00 0.00 0.00 100.00 100.00 -1000 1.57 3.49 -16.53 -1000 43.69 1.46 422.572
car -1 -1 0.00 0.00 0.00 100.00 100.00 -1000 1.39 3.16 12.81 -1000 29.86 1.60 420.584
car -1 -1 0.00 0.00 0.00 100.00 100.00 -1000 1.50 3.61 -11.79 -1000 26.24 1.51 417.382
car -1 -1 0.00 0.00 0.00 100.00 100.00 -1000 1.46 3.45 -17.40 -1000 22.44 1.47 412.382
car -1 -1 0.00 0.00 0.00 100.00 100.00 -1000 1.52 3.68 3.32 -1000 45.51 1.63 411.663
car -1 -1 0.00 0.00 0.00 100.00 100.00 -1000 1.67 3.93 -17.50 -1000 28.24 1.51 408.588
car -1 -1 0.00 0.00 0.00 100.00 100.00 -1000 1.61 4.28 -2.62 -1000 28.07 1.53 408.542
car -1 -1 0.00 0.00 0.00 100.00 100.00 -1000 1.50 3.04 8.71 -1000 9.60 1.58 408.063
car -1 -1 0.00 0.00 0.00 100.00 100.00 -1000 1.58 4.07 9.90 -1000 41.88 1.62 403.188
car -1 -1 0.00 0.00 0.00 100.00 100.00 -1000 1.52 3.73 -18.81 -1000 25.53 1.58 401.224
car -1 -1 0.00 0.00 0.00 100.00 100.00 -1000 1.52 3.79 7.19 -1000 46.66 1.53 400.569
car -1 -1 0.00 0.00 0.00 100.00 100.00 -1000 1.88 5.18 9.77 -1000 37.84 1.58 396.114
car -1 -1 0.00 0.00 0.00 100.00 100.00 -1000 1.58 4.01 8.71 -1000 40.25 1.46 395.766
car -1 -1 0.00 0.00 0.00 100.00 100.00 -1000 1.72 4.15 -6.84 -1000 33.37 1.61 395.606
car -1 -1 0.00 0.00 0.00 100.00 100.00 -1000 1.67 4.22 8.76 -1000 16.54 1.51 394.069
car -1 -1 0.00 0.00 0.00 100.00 100.00 -1000 1.87 5.13 -2.07 -1000 28.98 1.60 392.097
car -1 -1 0.00 0.00 0.00 100.00 100.00 -1000 1.73 4.36 6.05 -1000 41.22 1.64 390.928
car -1 -1 0.00 0.00 0.00 100.00 100.00 -1000 1.67 4.26 -16.08 -1000 19.02 1.39 388.841
car -1 -1 0.00 0.00 0.00 100.00 100.00 -1000 1.60 4.22 3.14 -1000 39.35 1.57 385.669
car -1 -1 0.00 0.00 0.00 100.00 100.00 -1000 1.65 4.27 6.99 -1000 39.00 1.55 382.893
car -1 -1 0.00 0.00 0.00 100.00 100.00 -1000 1.74 4.15 -14.05 -1000 18.60 1.60 382.773
car -1 -1 0.00 0.00 0.00 100.00 100.00 -1000 1.45 3.22 12.48 -1000 37.97 1.56 381.565
car -1 -1 0.00 0.00 0.00 100.00 100.00 -1000 1.55 3.86 -9.10 -1000 37.42 1.54 379.391
car -1 -1 0.00 0.00 0.00 100.00 100.00 -1000 1.61 3.98 1.17 -1000 40.25 1.49 374.785
car -1 -1 0.00 0.00 0.00 100.00 100.00 -1000 1.80 5.19 8.63 -1000 17.92 1.39 374.756
car -1 -1 0.00 0.00 0.00 100.00 100.00 -1000 1.54 3.96 8.44 -1000 11.40 1.63 370.434
car -1 -1 0.00 0.00 0.00 100.00 100.00 -1000 1.47 3.46 -11.03 -1000 25.60 0.38 367.193
car -1 -1 0.00 0.00 0.00 100.00 100.00 -1000 1.81 4.87 -9.93 -1000 43.42 1.62 364.773
car -1 -1 0.00 0.00 0.00 100.00 100.00 -1000 2.06 6.18 16.62 -1000 42.21 1.36 364.517
car -1 -1 0.00 0.00 0.00 100.00 100.00 -1000 1.29 2.78 3.53 -1000 18.07 1.59 364.475
car -1 -1 0.00 0.00 0.00 100.00 100.00 -1000 1.56 4.04 2.64 -1000 23.72 1.59 362.944
car -1 -1 0.00 0.00 0.00 100.00 100.00 -1000 1.61 3.96 -10.61 -1000 35.10 1.50 362.600
car -1 -1 0.00 0.00 0.00 100.00 100.00 -1000 1.45 3.30 2.65 -1000 38.40 0.11 362.481
car -1 -1 0.00 0.00 0.00 100.00 100.00 -1000 1.60 4.14 10.18 -1000 31.42 1.57 362.174
car -1 -1 0.00 0.00 0.00 100.00 100.00 -1000 1.38 3.18 12.71 -1000 30.66 1.57 357.395
car -1 -1 0.00 0.00 0.00 100.00 100.00 -1000 1.65 4.62 -2.37 -1000 38.44 1.51 357.049
car -1 -1 0.00 0.00 0.00 100.00 100.00 -1000 1.45 3.25 12.59 -1000 37.17 1.66 356.645
car -1 -1 0.00 0.00 0.00 100.00 100.00 -1000 1.64 4.44 8.70 -1000 47.05 1.42 352.578
car -1 -1 0.00 0.00 0.00 100.00 100.00 -1000 2.07 6.34 16.62 -1000 40.60 1.35 351.178
car -1 -1 0.00 0.00 0.00 100.00 100.00 -1000 1.49 3.71 -17.56 -1000 25.05 0.23 350.442
car -1 -1 0.00 0.00 0.00 100.00 100.00 -1000 1.51 3.33 -18.76 -1000 30.96 1.48 349.741
car -1 -1 0.00 0.00 0.00 100.00 100.00 -1000 1.64 4.22 -14.59 -1000 36.15 1.58 349.615
car -1 -1 0.00 0.00 0.00 100.00 100.00 -1000 2.13 6.93 16.56 -1000 47.01 1.37 349.329
car -1 -1 0.00 0.00 0.00 100.00 100.00 -1000 1.57 3.99 -15.67 -1000 25.83 1.58 349.129
car -1 -1 0.00 0.00 0.00 100.00 100.00 -1000 1.47 3.41 12.49 -1000 35.48 1.63 348.047
car -1 -1 0.00 0.00 0.00 100.00 100.00 -1000 1.81 4.50 -2.94 -1000 39.59 1.61 347.334
car -1 -1 0.00 0.00 0.00 100.00 100.00 -1000 1.80 4.04 -2.72 -1000 46.07 1.65 346.569
car -1 -1 0.00 0.00 0.00 100.00 100.00 -1000 1.66 4.49 -6.21 -1000 43.34 1.53 345.791
car -1 -1 0.00 0.00 0.00 100.00 100.00 -1000 2.04 6.02 16.61 -1000 43.82 1.36 345.575
car -1 -1 0.00 0.00 0.00 100.00 100.00 -1000 1.56 3.82 -7.62 -1000 37.15 1.64 345.399
car -1 -1 0.00 0.00 0.00 100.00 100.00 -1000 1.51 3.87 6.14 -1000 22.29 1.53 344.546
car -1 -1 0.00 0.00 0.00 100.00 100.00 -1000 1.81 4.75 -1.42 -1000 36.34 1.54 344.286
car -1 -1 0.00 0.00 0.00 100.00 100.00 -1000 1.69 4.27 -17.58 -1000 29.19 1.65 344.089
car -1 -1 0.00 0.00 0.00 100.00 100.00 -1000 1.79 5.22 5.63 -1000 46.22 1.54 343.854
car -1 -1 0.00 0.00 0.00 100.00 100.00 -1000 1.43 3.22 13.02 -1000 29.06 1.68 341.920
car -1 -1 0.00 0.00 0.00 100.00 100.00 -1000 1.74 5.12 5.55 -1000 44.96 1.51 341.468
car -1 -1 0.00 0.00 0.00 100.00 100.00 -1000 2.09 6.36 16.54 -1000 45.40 1.36 340.305
car -1 -1 0.00 0.00 0.00 100.00 100.00 -1000 1.76 4.14 -4.59 -1000 44.65 1.55 339.528
car -1 -1 0.00 0.00 0.00 100.00 100.00 -1000 1.66 4.31 -14.33 -1000 41.96 1.62 339.239
car -1 -1 0.00 0.00 0.00 100.00 100.00 -1000 1.80 4.99 14.01 -1000 47.01 1.51 339.126
car -1 -1 0.00 0.00 0.00 100.00 100.00 -1000 1.93 6.05 3.95 -1000 36.41 1.53 339.027
car -1 -1 0.00 0.00 0.00 100.00 100.00 -1000 1.38 2.95 12.45 -1000 44.49 1.59 338.378
car -1 -1 0.00 0.00 0.00 100.00 100.00 -1000 1.41 3.38 -10.58 -1000 38.86 0.19 336.965
car -1 -1 0.00 0.00 0.00 100.00 100.00 -1000 1.60 3.78 12.98 -1000 39.44 1.69 335.446
car -1 -1 0.00 0.00 0.00 100.00 100.00 -1000 1.66 4.59 14.19 -1000 14.30 1.52 332.227
car -1 -1 0.00 0.00 0.00 100.00 100.00 -1000 2.00 5.97 0.21 -1000 33.05 -0.49 331.972
car -1 -1 0.00 0.00 0.00 100.00 100.00 -1000 2.09 6.33 16.53 -1000 24.44 1.35 331.949
car -1 -1 0.00 0.00 0.00 100.00 100.00 -1000 1.57 3.95 -16.39 -1000 36.05 1.64 331.816
car -1 -1 0.00 0.00 0.00 100.00 100.00 -1000 1.04 2.35 9.09 -1000 8.93 1.47 331.110
car -1 -1 0.00 0.00 0.00 100.00 100.00 -1000 1.45 3.68 -8.41 -1000 38.97 0.17 331.041
car -1 -1 0.00 0.00 0.00 100.00 100.00 -1000 2.05 6.21 16.59 -1000 29.29 1.35 329.213
car -1 -1 0.00 0.00 0.00 100.00 100.00 -1000 2.06 6.20 16.57 -1000 26.06 1.35 329.079
car -1 -1 0.00 0.00 0.00 100.00 100.00 -1000 2.04 6.13 16.59 -1000 27.68 1.36 327.428
car -1 -1 0.00 0.00 0.00 100.00 100.00 -1000 1.57 3.72 -11.07 -1000 44.72 0.15 326.655
car -1 -1 0.00 0.00 0.00 100.00 100.00 -1000 1.85 4.66 -4.19 -1000 38.58 1.58 325.392
car -1 -1 0.00 0.00 0.00 100.00 100.00 -1000 2.05 6.38 16.63 -1000 38.98 1.34 325.257
car -1 -1 0.00 0.00 0.00 100.00 100.00 -1000 1.55 3.66 14.15 -1000 17.70 1.60 325.185
car -1 -1 0.00 0.00 0.00 100.00 100.00 -1000 1.56 3.95 2.74 -1000 42.60 1.49 324.443
car -1 -1 0.00 0.00 0.00 100.00 100.00 -1000 1.61 4.28 6.76 -1000 32.08 1.56 323.328
car -1 -1 0.00 0.00 0.00 100.00 100.00 -1000 2.00 6.00 -3.96 -1000 41.75 1.32 323.084
car -1 -1 0.00 0.00 0.00 100.00 100.00 -1000 1.61 4.15 -14.08 -1000 31.82 1.56 320.527
car -1 -1 0.00 0.00 0.00 100.00 100.00 -1000 1.56 4.39 4.76 -1000 17.25 1.52 320.077
car -1 -1 0.00 0.00 0.00 100.00 100.00 -1000 2.10 5.99 15.18 -1000 46.27 1.42 319.993
car -1 -1 0.00 0.00 0.00 100.00 100.00 -1000 1.93 6.42 -6.89 -1000 41.27 1.43 319.395
car -1 -1 0.00 0.00 0.00 100.00 100.00 -1000 2.04 6.19 16.61 -1000 30.90 1.35 317.891
car -1 -1 0.00 0.00 0.00 100.00 100.00 -1000 1.97 6.12 -7.48 -1000 46.93 1.36 317.739
car -1 -1 0.00 0.00 0.00 100.00 100.00 -1000 1.71 4.24 3.68 -1000 32.66 1.62 317.491
car -1 -1 0.00 0.00 0.00 100.00 100.00 -1000 2.06 6.07 16.56 -1000 22.83 1.36 315.774
car -1 -1 0.00 0.00 0.00 100.00 100.00 -1000 1.48 3.12 9.20 -1000 30.89 -0.11 314.604
car -1 -1 0.00 0.00 0.00 100.00 100.00 -1000 2.01 5.83 16.63 -1000 21.23 1.36 312.520
car -1 -1 0.00 0.00 0.00 100.00 100.00 -1000 1.66 4.32 -14.51 -1000 23.07 1.59 311.938
car -1 -1 0.00 0.00 0.00 100.00 100.00 -1000 1.51 3.49 13.95 -1000 32.98 1.53 310.795
car -1 -1 0.00 0.00 0.00 100.00 100.00 -1000 1.70 4.96 9.93 -1000 38.85 1.59 310.333
car -1 -1 0.00 0.00 0.00 100.00 100.00 -1000 1.73 4.41 10.06 -1000 41.04 1.58 309.669
car -1 -1 0.00 0.00 0.00 100.00 100.00 -1000 1.81 4.09 -11.62 -1000 41.11 1.55 309.273
car -1 -1 0.00 0.00 0.00 100.00 100.00 -1000 1.51 3.20 5.32 -1000 11.20 1.54 309.082
car -1 -1 0.00 0.00 0.00 100.00 100.00 -1000 1.31 2.84 12.39 -1000 46.73 1.54 307.393
car -1 -1 0.00 0.00 0.00 100.00 100.00 -1000 1.60 4.14 -12.09 -1000 29.73 1.54 306.799
car -1 -1 0.00 0.00 0.00 100.00 100.00 -1000 1.99 6.00 16.64 -1000 32.52 1.35 304.402
car -1 -1 0.00 0.00 0.00 100.00 100.00 -1000 2.04 6.39 16.60 -1000 34.13 1.34 304.142
car -1 -1 0.00 0.00 0.00 100.00 100.00 -1000 1.77 5.53 -3.70 -1000 43.65 1.46 303.945
car -1 -1 0.00 0.00 0.00 100.00 100.00 -1000 1.79 5.09 12.72 -1000 15.29 1.46 303.028
car -1 -1 0.00 0.00 0.00 100.00 100.00 -1000 1.70 5.03 -2.16 -1000 44.12 1.44 302.323
car -1 -1 0.00 0.00 0.00 100.00 100.00 -1000 1.99 5.77 16.65 -1000 19.62 1.35 301.949
car -1 -1 0.00 0.00 0.00 100.00 100.00 -1000 1.54 3.49 14.20 -1000 16.54 1.56 301.590
car -1 -1 0.00 0.00 0.00 100.00 100.00 -1000 2.07 6.47 16.61 -1000 37.35 1.33 301.021
car -1 -1 0.00 0.00 0.00 100.00 100.00 -1000 1.65 4.33 8.71 -1000 44.30 1.33 300.170
car -1 -1 0.00 0.00 0.00 100.00 100.00 -1000 1.82 5.25 10.32 -1000 19.68 1.39 299.237
car -1 -1 0.00 0.00 0.00 100.00 100.00 -1000 1.62 3.45 0.38 -1000 47.41 0.18 296.127
car -1 -1 0.00 0.00 0.00 100.00 100.00 -1000 1.47 3.33 12.62 -1000 33.86 1.63 296.018
