car -1 -1 0.00 0.00 0.00 100.00 100.00 -1000 1.70 3.98 -8.24 -1000 30.12 1.52 998.718
car -1 -1 0.00 0.00 0.00 100.00 100.00 -1000 1.74 4.51 9.91 -1000 35.94 1.62 998.064
car -1 -1 0.00 0.00 0.00 100.00 100.00 -1000 1.70 4.27 8.17 -1000 43.73 1.57 993.526
car -1 -1 0.00 0.00 0.00 100.00 100.00 -1000 1.83 4.55 -7.96 -1000 29.19 -0.18 991.710
car -1 -1 0.00 0.00 0.00 100.00 100.00 -1000 1.59 4.11 11.32 -1000 31.24 1.49 989.093
car -1 -1 0.00 0.00 0.00 100.00 100.00 -1000 1.62 3.85 13.69 -1000 29.64 1.62 984.657
car -1 -1 0.00 0.00 0.00 100.00 100.00 -1000 1.56 3.96 10.84 -1000 35.22 -0.30 984.181
car -1 -1 0.00 0.00 0.00 100.00 100.00 -1000 1.60 3.75 8.63 -1000 40.65 1.49 983.463
car -1 -1 0.00 0.00 0.00 100.00 100.00 -1000 1.65 4.00 5.53 -1000 36.22 1.55 979.731
car -1 -1 0.00 0.00 0.00 100.00 100.00 -1000 1.61 3.92 13.47 -1000 28.74 -0.21 979.532
car -1 -1 0.00 0.00 0.00 100.00 100.00 -1000 1.97 4.75 8.33 -1000 42.80 -0.25 974.245
car -1 -1 0.00 0.00 0.00 100.00 100.00 -1000 1.81 5.02 8.95 -1000 36.91 1.57 960.915
car -1 -1 0.00 0.00 0.00 100.00 100.00 -1000 1.98 5.85 7.60 -1000 44.55 1.49 941.864
car -1 -1 0.00 0.00 0.00 100.00 100.00 -1000 1.44 3.35 14.60 -1000 24.93 1.62 941.851
car -1 -1 0.00 0.00 0.00 100.00 100.00 -1000 1.62 4.27 16.70 -1000 21.07 -0.30 927.749
car -1 -1 0.00 0.00 0.00 100.00 100.00 -1000 1.67 3.91 12.53 -1000 30.22 1.66 927.435
car -1 -1 0.00 0.00 0.00 100.00 100.00 -1000 2.30 7.91 6.97 -1000 38.21 1.70 925.786
car -1 -1 0.00 0.00 0.00 100.00 100.00 -1000 1.56 3.44 -16.57 -1000 27.12 1.64 924.339
car -1 -1 0.00 0.00 0.00 100.00 100.00 -1000 2.36 7.88 7.34 -1000 46.18 1.65 924.146
car -1 -1 0.00 0.00 0.00 100.00 100.00 -1000 1.91 5.31 -7.96 -1000 30.88 1.68 922.114
car -1 -1 0.00 0.00 0.00 100.00 100.00 -1000 1.83 5.02 5.57 -1000 44.30 1.57 918.610
car -1 -1 0.00 0.00 0.00 100.00 100.00 -1000 2.14 6.85 4.06 -1000 46.33 1.69 905.269
car -1 -1 0.00 0.00 0.00 100.00 100.00 -1000 1.56 3.59 9.31 -1000 39.99 1.60 901.459
car -1 -1 0.00 0.00 0.00 100.00 100.00 -1000 1.68 4.22 8.45 -1000 41.47 1.53 900.414
car -1 -1 0.00 0.00 0.00 100.00 100.00 -1000 1.57 3.76 -17.00 -1000 26.20 -0.18 893.766
car -1 -1 0.00 0.00 0.00 100.00 100.00 -1000 2.17 6.88 6.30 -1000 36.92 1.64 892.746
car -1 -1 0.00 0.00 0.00 100.00 100.00 -1000 1.95 5.16 10.50 -1000 39.14 1.68 880.792
car -1 -1 0.00 0.00 0.00 100.00 100.00 -1000 1.72 4.92 12.00 -1000 32.07 1.60 878.558
car -1 -1 0.00 0.00 0.00 100.00 100.00 -1000 1.73 4.16 13.42 -1000 24.07 0.11 875.110
car -1 -1 0.00 0.00 0.00 100.00 100.00 -1000 1.45 3.42 4.93 -1000 40.65 1.63 872.929
car -1 -1 0.00 0.00 0.00 100.00 100.00 -1000 1.62 3.75 11.01 -1000 34.34 1.74 865.718
car -1 -1 0.00 0.00 0.00 100.00 100.00 -1000 1.74 4.57 6.89 -1000 43.28 0.12 865.043
car -1 -1 0.00 0.00 0.00 100.00 100.00 -1000 2.08 6.25 10.66 -1000 38.15 1.61 864.051
car -1 -1 0.00 0.00 0.00 100.00 100.00 -1000 1.52 3.36 11.10 -1000 30.47 1.59 848.908
car -1 -1 0.00 0.00 0.00 100.00 100.00 -1000 2.77 9.89 9.25 -1000 45.47 1.66 848.208
car -1 -1 0.00 0.00 0.00 100.00 100.00 -1000 1.64 3.90 14.83 -1000 29.12 1.71 816.953
car -1 -1 0.00 0.00 0.00 100.00 100.00 -1000 2.01 5.86 7.05 -1000 39.13 1.58 810.253
car -1 -1 0.00 0.00 0.00 100.00 100.00 -1000 1.66 3.78 13.60 -1000 27.62 1.65 806.100
car -1 -1 0.00 0.00 0.00 100.00 100.00 -1000 1.54 3.74 -15.34 -1000 35.73 1.55 805.002
car -1 -1 0.00 0.00 0.00 100.00 100.00 -1000 1.84 5.16 11.96 -1000 36.53 1.59 804.201
car -1 -1 0.00 0.00 0.00 100.00 100.00 -1000 1.71 4.30 8.38 -1000 35.72 1.52 801.221
car -1 -1 0.00 0.00 0.00 100.00 100.00 -1000 1.48 3.63 15.10 -1000 24.30 -0.27 799.480
car -1 -1 0.00 0.00 0.00 100.00 100.00 -1000 2.16 7.08 -9.27 -1000 31.65 1.53 786.985
car -1 -1 0.00 0.00 0.00 100.00 100.00 -1000 1.49 3.56 15.76 -1000 23.21 1.54 784.938
car -1 -1 0.00 0.00 0.00 100.00 100.00 -1000 1.71 4.35 4.30 -1000 42.36 1.63 777.395
car -1 -1 0.00 0.00 0.00 100.00 100.00 -1000 2.00 5.88 12.28 -1000 43.43 1.50 776.957
car -1 -1 0.00 0.00 0.00 100.00 100.00 -1000 1.48 3.51 13.42 -1000 25.38 1.57 774.071
car -1 -1 0.00 0.00 0.00 100.00 100.00 -1000 1.75 4.34 -9.54 -1000 29.61 1.51 768.286
car -1 -1 0.00 0.00 0.00 100.00 100.00 -1000 2.16 6.56 8.02 -1000 47.15 1.73 757.347
car -1 -1 0.00 0.00 0.00 100.00 100.00 -1000 2.00 5.56 11.96 -1000 33.39 1.62 753.606
car -1 -1 0.00 0.00 0.00 100.00 100.00 -1000 1.50 3.29 7.47 -1000 40.34 1.48 753.012
car -1 -1 0.00 0.00 0.00 100.00 100.00 -1000 3.71 8.02 9.46 -1000 42.48 -0.01 752.802
car -1 -1 0.00 0.00 0.00 100.00 100.00 -1000 1.57 4.00 -16.91 -1000 46.66 1.53 746.910
car -1 -1 0.00 0.00 0.00 100.00 100.00 -1000 2.33 8.08 5.96 -1000 45.05 1.48 746.241
car -1 -1 0.00 0.00 0.00 100.00 100.00 -1000 1.79 4.48 5.84 -1000 35.29 1.67 742.166
car -1 -1 0.00 0.00 0.00 100.00 100.00 -1000 2.25 7.49 -10.29 -1000 32.53 1.60 721.133
car -1 -1 0.00 0.00 0.00 100.00 100.00 -1000 1.91 5.04 5.03 -1000 38.60 1.61 720.463
car -1 -1 0.00 0.00 0.00 100.00 100.00 -1000 1.87 5.14 4.01 -1000 44.60 1.58 715.596
car -1 -1 0.00 0.00 0.00 100.00 100.00 -1000 1.57 3.72 -15.49 -1000 27.57 -0.17 711.900
car -1 -1 0.00 0.00 0.00 100.00 100.00 -1000 2.01 5.79 -10.72 -1000 33.45 1.68 708.210
car -1 -1 0.00 0.00 0.00 100.00 100.00 -1000 1.61 3.77 4.12 -1000 40.16 1.57 708.051
car -1 -1 0.00 0.00 0.00 100.00 100.00 -1000 1.54 3.79 -15.01 -1000 31.29 0.14 707.202
car -1 -1 0.00 0.00 0.00 100.00 100.00 -1000 1.76 4.54 12.23 -1000 35.52 1.69 707.198
car -1 -1 0.00 0.00 0.00 100.00 100.00 -1000 1.58 4.18 15.50 -1000 25.64 1.58 700.722
car -1 -1 0.00 0.00 0.00 100.00 100.00 -1000 1.94 5.74 14.47 -1000 30.48 1.54 699.121
car -1 -1 0.00 0.00 0.00 100.00 100.00 -1000 1.56 3.91 10.50 -1000 33.04 1.53 696.931
car -1 -1 0.00 0.00 0.00 100.00 100.00 -1000 1.88 5.40 13.04 -1000 30.98 1.69 693.637
car -1 -1 0.00 0.00 0.00 100.00 100.00 -1000 1.81 4.92 10.17 -1000 41.07 1.70 693.142
car -1 -1 0.00 0.00 0.00 100.00 100.00 -1000 1.42 3.41 -18.51 -1000 46.23 -0.12 688.605
car -1 -1 0.00 0.00 0.00 100.00 100.00 -1000 2.39 5.66 9.60 -1000 34.99 -0.09 688.319
car -1 -1 0.00 0.00 0.00 100.00 100.00 -1000 2.43 8.79 10.04 -1000 46.64 1.51 680.645
car -1 -1 0.00 0.00 0.00 100.00 100.00 -1000 1.71 4.44 11.72 -1000 39.90 1.62 677.459
car -1 -1 0.00 0.00 0.00 100.00 100.00 -1000 1.72 3.79 -7.60 -1000 28.41 1.55 675.757
car -1 -1 0.00 0.00 0.00 100.00 100.00 -1000 1.66 3.99 11.54 -1000 29.69 0.04 662.649
car -1 -1 0.00 0.00 0.00 100.00 100.00 -1000 1.59 3.96 -15.65 -1000 40.72 1.58 661.066
car -1 -1 0.00 0.00 0.00 100.00 100.00 -1000 1.65 3.96 17.27 -1000 21.76 1.65 658.934
car -1 -1 0.00 0.00 0.00 100.00 100.00 -1000 1.75 4.40 4.98 -1000 43.29 1.60 658.201
car -1 -1 0.00 0.00 0.00 100.00 100.00 -1000 1.39 3.21 10.05 -1000 30.95 1.55 657.690
car -1 -1 0.00 0.00 0.00 100.00 100.00 -1000 1.65 4.23 5.25 -1000 41.48 1.68 644.825
car -1 -1 0.00 0.00 0.00 100.00 100.00 -1000 2.25 7.54 10.21 -1000 44.31 1.59 634.475
car -1 -1 0.00 0.00 0.00 100.00 100.00 -1000 1.53 3.46 12.79 -1000 24.72 1.48 629.969
car -1 -1 0.00 0.00 0.00 100.00 100.00 -1000 1.84 5.12 9.52 -1000 42.30 1.73 629.658
car -1 -1 0.00 0.00 0.00 100.00 100.00 -1000 1.51 3.53 -18.80 -1000 32.71 1.56 625.908
car -1 -1 0.00 0.00 0.00 100.00 100.00 -1000 1.53 3.82 -13.14 -1000 45.01 1.58 612.825
car -1 -1 0.00 0.00 0.00 100.00 100.00 -1000 1.67 4.41 13.26 -1000 39.39 1.59 605.070
car -1 -1 0.00 0.00 0.00 100.00 100.00 -1000 1.49 3.52 9.86 -1000 30.12 0.14 600.437
car -1 -1 0.00 0.00 0.00 100.00 100.00 -1000 1.52 3.17 12.80 -1000 26.59 1.50 598.300
car -1 -1 0.00 0.00 0.00 100.00 100.00 -1000 2.10 6.38 11.92 -1000 37.35 1.62 594.936
car -1 -1 0.00 0.00 0.00 100.00 100.00 -1000 1.67 4.06 15.29 -1000 28.30 1.64 593.876
car -1 -1 0.00 0.00 0.00 100.00 100.00 -1000 1.47 3.64 -11.78 -1000 38.60 1.55 592.933
car -1 -1 0.00 0.00 0.00 100.00 100.00 -1000 1.60 3.84 -15.38 -1000 18.93 -0.01 592.313
car -1 -1 0.00 0.00 0.00 100.00 100.00 -1000 1.54 3.71 -16.00 -1000 34.95 -0.06 572.975
car -1 -1 0.00 0.00 0.00 100.00 100.00 -1000 1.44 3.72 16.55 -1000 22.56 -0.16 569.346
car -1 -1 0.00 0.00 0.00 100.00 100.00 -1000 1.60 4.33 -14.40 -1000 32.03 1.54 561.889
car -1 -1 0.00 0.00 0.00 100.00 100.00 -1000 1.64 4.14 -15.28 -1000 38.21 1.55 561.103
car -1 -1 0.00 0.00 0.00 100.00 100.00 -1000 1.57 3.70 5.59 -1000 40.06 1.62 560.743
car -1 -1 0.00 0.00 0.00 100.00 100.00 -1000 1.74 4.41 16.28 -1000 29.34 1.50 549.743
car -1 -1 0.00 0.00 0.00 100.00 100.00 -1000 1.79 4.67 15.26 -1000 26.92 1.59 548.237
car -1 -1 0.00 0.00 0.00 100.00 100.00 -1000 1.84 4.74 -9.86 -1000 28.69 1.55 548.205
car -1 -1 0.00 0.00 0.00 100.00 100.00 -1000 1.67 4.49 -17.64 -1000 43.43 -0.05 545.585
car -1 -1 0.00 0.00 0.00 100.00 100.00 -1000 1.67 3.95 17.25 -1000 20.32 1.68 542.354
car -1 -1 0.00 0.00 0.00 100.00 100.00 -1000 1.50 3.62 -16.06 -1000 45.08 1.55 539.564
car -1 -1 0.00 0.00 0.00 100.00 100.00 -1000 1.72 4.57 -15.13 -1000 28.51 1.59 534.903
car -1 -1 0.00 0.00 0.00 100.00 100.00 -1000 1.82 4.50 6.20 -1000 33.75 1.61 532.618
car -1 -1 0.00 0.00 0.00 100.00 100.00 -1000 1.42 3.39 -18.48 -1000 47.19 1.55 531.909
car -1 -1 0.00 0.00 0.00 100.00 100.00 -1000 1.85 5.25 -11.43 -1000 31.22 1.59 522.361
car -1 -1 0.00 0.00 0.00 100.00 100.00 -1000 1.50 3.63 8.46 -1000 30.69 1.60 517.239
car -1 -1 0.00 0.00 0.00 100.00 100.00 -1000 1.60 3.93 -15.27 -1000 23.93 0.06 513.808
car -1 -1 0.00 0.00 0.00 100.00 100.00 -1000 1.99 5.78 12.52 -1000 38.66 1.60 507.957
car -1 -1 0.00 0.00 0.00 100.00 100.00 -1000 1.83 4.99 3.36 -1000 45.60 1.57 505.101
car -1 -1 0.00 0.00 0.00 100.00 100.00 -1000 1.61 3.86 -13.22 -1000 30.19 1.57 502.908
car -1 -1 0.00 0.00 0.00 100.00 100.00 -1000 1.58 4.08 8.02 -1000 47.84 -0.19 497.609
car -1 -1 0.00 0.00 0.00 100.00 100.00 -1000 2.26 7.54 13.87 -1000 32.50 1.51 496.039
car -1 -1 0.00 0.00 0.00 100.00 100.00 -1000 1.61 3.81 -17.33 -1000 45.80 -0.01 493.094
car -1 -1 0.00 0.00 0.00 100.00 100.00 -1000 1.59 3.82 -17.35 -1000 44.62 1.57 492.773
car -1 -1 0.00 0.00 0.00 100.00 100.00 -1000 1.72 3.95 3.84 -1000 39.36 -0.03 488.923
car -1 -1 0.00 0.00 0.00 100.00 100.00 -1000 1.54 3.86 -18.13 -1000 42.52 1.51 482.808
car -1 -1 0.00 0.00 0.00 100.00 100.00 -1000 1.81 4.85 6.16 -1000 42.45 1.47 478.576
car -1 -1 0.00 0.00 0.00 100.00 100.00 -1000 1.99 5.83 11.82 -1000 41.87 1.60 465.128
car -1 -1 0.00 0.00 0.00 100.00 100.00 -1000 1.64 4.16 14.15 -1000 20.53 1.55 462.641
car -1 -1 0.00 0.00 0.00 100.00 100.00 -1000 1.63 4.19 6.72 -1000 32.96 1.60 459.538
car -1 -1 0.00 0.00 0.00 100.00 100.00 -1000 1.68 4.30 10.66 -1000 29.04 1.47 459.482
car -1 -1 0.00 0.00 0.00 100.00 100.00 -1000 1.54 3.42 -6.77 -1000 27.36 1.53 459.238
car -1 -1 0.00 0.00 0.00 100.00 100.00 -1000 1.71 4.64 3.30 -1000 47.07 1.57 458.732
car -1 -1 0.00 0.00 0.00 100.00 100.00 -1000 1.62 4.00 14.00 -1000 43.89 1.58 455.574
car -1 -1 0.00 0.00 0.00 100.00 100.00 -1000 1.85 5.32 -10.28 -1000 30.56 1.51 455.024
car -1 -1 0.00 0.00 0.00 100.00 100.00 -1000 1.41 3.39 -13.27 -1000 38.71 1.53 451.828
car -1 -1 0.00 0.00 0.00 100.00 100.00 -1000 1.66 4.36 -15.78 -1000 19.68 1.57 445.530
car -1 -1 0.00 0.00 0.00 100.00 100.00 -1000 1.55 3.45 -17.60 -1000 32.39 1.71 440.239
car -1 -1 0.00 0.00 0.00 100.00 100.00 -1000 1.65 4.26 -10.93 -1000 34.22 1.60 436.652
car -1 -1 0.00 0.00 0.00 100.00 100.00 -1000 1.82 5.42 -5.72 -1000 30.52 1.56 435.503
car -1 -1 0.00 0.00 0.00 100.00 100.00 -1000 1.66 3.81 8.12 -1000 39.70 1.40 430.295
car -1 -1 0.00 0.00 0.00 100.00 100.00 -1000 2.11 6.90 16.09 -1000 32.19 1.40 426.251
car -1 -1 0.00 0.00 0.00 100.00 100.00 -1000 1.99 6.06 -7.83 -1000 33.28 1.37 418.500
car -1 -1 0.00 0.00 0.00 100.00 100.00 -1000 2.19 7.47 -7.08 -1000 32.01 1.56 412.367
car -1 -1 0.00 0.00 0.00 100.00 100.00 -1000 1.68 4.18 -13.64 -1000 24.54 1.57 410.490
car -1 -1 0.00 0.00 0.00 100.00 100.00 -1000 1.64 4.15 -16.02 -1000 23.19 0.16 410.015
car -1 -1 0.00 0.00 0.00 100.00 100.00 -1000 1.73 4.69 -14.30 -1000 29.67 1.54 409.288
car -1 -1 0.00 0.00 0.00 100.00 100.00 -1000 1.62 4.23 -9.96 -1000 34.97 1.51 407.264
car -1 -1 0.00 0.00 0.00 100.00 100.00 -1000 2.22 7.05 12.00 -1000 45.78 1.39 405.298
car -1 -1 0.00 0.00 0.00 100.00 100.00 -1000 1.46 3.61 -13.26 -1000 17.14 1.60 403.336
car -1 -1 0.00 0.00 0.00 100.00 100.00 -1000 2.11 6.25 13.39 -1000 34.18 1.49 403.195
car -1 -1 0.00 0.00 0.00 100.00 100.00 -1000 1.65 4.04 18.02 -1000 28.95 1.47 399.475
car -1 -1 0.00 0.00 0.00 100.00 100.00 -1000 1.75 4.42 -10.92 -1000 28.16 1.58 398.650
car -1 -1 0.00 0.00 0.00 100.00 100.00 -1000 1.71 4.23 -13.73 -1000 27.80 1.65 394.312
car -1 -1 0.00 0.00 0.00 100.00 100.00 -1000 1.77 5.09 14.12 -1000 26.08 1.61 391.503
car -1 -1 0.00 0.00 0.00 100.00 100.00 -1000 1.68 4.10 -13.55 -1000 31.09 1.65 389.702
car -1 -1 0.00 0.00 0.00 100.00 100.00 -1000 1.73 4.54 -15.39 -1000 42.74 1.58 388.909
car -1 -1 0.00 0.00 0.00 100.00 100.00 -1000 1.68 4.67 16.77 -1000 26.54 1.52 387.888
car -1 -1 0.00 0.00 0.00 100.00 100.00 -1000 1.90 5.69 3.94 -1000 36.61 1.45 385.788
car -1 -1 0.00 0.00 0.00 100.00 100.00 -1000 1.58 3.83 -16.21 -1000 21.18 1.61 385.091
car -1 -1 0.00 0.00 0.00 100.00 100.00 -1000 1.69 4.47 3.16 -1000 24.11 1.47 385.013
car -1 -1 0.00 0.00 0.00 100.00 100.00 -1000 1.54 4.28 -16.49 -1000 28.06 1.54 382.123
car -1 -1 0.00 0.00 0.00 100.00 100.00 -1000 1.82 4.78 7.94 -1000 34.92 1.42 381.983
car -1 -1 0.00 0.00 0.00 100.00 100.00 -1000 1.66 4.17 14.08 -1000 42.80 1.54 379.452
car -1 -1 0.00 0.00 0.00 100.00 100.00 -1000 1.67 4.31 -6.20 -1000 33.77 1.44 377.254
car -1 -1 0.00 0.00 0.00 100.00 100.00 -1000 2.22 7.14 15.07 -1000 31.32 1.41 375.666
car -1 -1 0.00 0.00 0.00 100.00 100.00 -1000 1.44 3.12 -18.50 -1000 45.21 1.61 373.602
car -1 -1 0.00 0.00 0.00 100.00 100.00 -1000 1.62 3.75 9.34 -1000 29.43 -0.00 371.132
car -1 -1 0.00 0.00 0.00 100.00 100.00 -1000 1.71 4.49 -14.82 -1000 20.54 1.63 364.476
car -1 -1 0.00 0.00 0.00 100.00 100.00 -1000 2.26 7.74 15.31 -1000 33.32 1.48 364.146
car -1 -1 0.00 0.00 0.00 100.00 100.00 -1000 1.88 5.22 -15.96 -1000 41.44 1.53 363.729
car -1 -1 0.00 0.00 0.00 100.00 100.00 -1000 1.53 3.96 -16.92 -1000 38.66 1.65 363.396
car -1 -1 0.00 0.00 0.00 100.00 100.00 -1000 1.85 5.49 12.52 -1000 41.10 1.52 358.583
car -1 -1 0.00 0.00 0.00 100.00 100.00 -1000 1.64 4.17 7.69 -1000 31.39 1.58 357.005
car -1 -1 0.00 0.00 0.00 100.00 100.00 -1000 1.68 4.33 -15.41 -1000 39.47 1.55 354.630
car -1 -1 0.00 0.00 0.00 100.00 100.00 -1000 1.74 4.61 16.25 -1000 24.70 1.58 349.464
car -1 -1 0.00 0.00 0.00 100.00 100.00 -1000 2.04 6.87 11.34 -1000 47.44 1.48 346.783
car -1 -1 0.00 0.00 0.00 100.00 100.00 -1000 1.66 3.96 16.63 -1000 19.45 1.66 338.163
car -1 -1 0.00 0.00 0.00 100.00 100.00 -1000 1.76 4.74 3.63 -1000 35.46 1.43 336.697
car -1 -1 0.00 0.00 0.00 100.00 100.00 -1000 1.56 3.88 -14.11 -1000 33.80 1.58 336.169
car -1 -1 0.00 0.00 0.00 100.00 100.00 -1000 1.65 4.32 -15.89 -1000 37.48 1.58 335.329
car -1 -1 0.00 0.00 0.00 100.00 100.00 -1000 1.72 4.38 -12.04 -1000 27.28 1.58 333.945
car -1 -1 0.00 0.00 0.00 100.00 100.00 -1000 1.68 4.04 -16.22 -1000 31.93 0.08 332.181
car -1 -1 0.00 0.00 0.00 100.00 100.00 -1000 1.58 4.04 2.69 -1000 44.17 1.50 331.794
car -1 -1 0.00 0.00 0.00 100.00 100.00 -1000 1.59 4.36 -16.32 -1000 47.53 1.59 331.629
car -1 -1 0.00 0.00 0.00 100.00 100.00 -1000 1.56 3.80 -18.01 -1000 40.06 -0.01 328.382
car -1 -1 0.00 0.00 0.00 100.00 100.00 -1000 1.79 4.52 18.90 -1000 30.60 1.40 327.243
car -1 -1 0.00 0.00 0.00 100.00 100.00 -1000 1.76 4.86 -15.10 -1000 36.67 1.59 327.117
car -1 -1 0.00 0.00 0.00 100.00 100.00 -1000 1.63 3.83 14.79 -1000 21.46 1.55 326.721
car -1 -1 0.00 0.00 0.00 100.00 100.00 -1000 1.61 3.98 -12.31 -1000 34.60 1.43 324.876
car -1 -1 0.00 0.00 0.00 100.00 100.00 -1000 2.03 6.86 -9.16 -1000 38.85 1.46 323.828
car -1 -1 0.00 0.00 0.00 100.00 100.00 -1000 1.50 3.68 15.65 -1000 22.06 1.54 319.914
car -1 -1 0.00 0.00 0.00 100.00 100.00 -1000 1.62 3.90 -13.57 -1000 44.08 1.64 319.716
car -1 -1 0.00 0.00 0.00 100.00 100.00 -1000 1.63 4.27 12.80 -1000 22.54 1.53 318.979
car -1 -1 0.00 0.00 0.00 100.00 100.00 -1000 1.83 5.46 17.78 -1000 27.25 1.57 316.873
car -1 -1 0.00 0.00 0.00 100.00 100.00 -1000 1.62 3.74 10.49 -1000 31.87 1.51 314.909
car -1 -1 0.00 0.00 0.00 100.00 100.00 -1000 1.52 3.99 -16.73 -1000 36.20 1.58 312.466
car -1 -1 0.00 0.00 0.00 100.00 100.00 -1000 1.68 4.14 -13.36 -1000 37.33 -0.02 311.082
car -1 -1 0.00 0.00 0.00 100.00 100.00 -1000 2.02 6.05 16.51 -1000 30.09 1.40 309.173
car -1 -1 0.00 0.00 0.00 100.00 100.00 -1000 1.53 3.94 -16.69 -1000 24.12 1.60 308.957
car -1 -1 0.00 0.00 0.00 100.00 100.00 -1000 1.85 5.86 -10.68 -1000 45.36 1.48 308.883
car -1 -1 0.00 0.00 0.00 100.00 100.00 -1000 1.81 4.05 -17.43 -1000 31.54 -0.17 306.791
car -1 -1 0.00 0.00 0.00 100.00 100.00 -1000 1.79 4.97 -17.20 -1000 33.74 1.63 304.558
car -1 -1 0.00 0.00 0.00 100.00 100.00 -1000 1.53 3.63 -14.61 -1000 45.53 1.55 304.288
car -1 -1 0.00 0.00 0.00 100.00 100.00 -1000 1.53 3.35 -16.76 -1000 29.71 1.59 304.286
car -1 -1 0.00 0.00 0.00 100.00 100.00 -1000 2.18 7.69 -5.05 -1000 31.53 1.58 303.554
car -1 -1 0.00 0.00 0.00 100.00 100.00 -1000 1.72 4.67 2.40 -1000 39.89 1.45 302.740
car -1 -1 0.00 0.00 0.00 100.00 100.00 -1000 1.50 3.35 11.81 -1000 24.10 0.24 300.954
car -1 -1 0.00 0.00 0.00 100.00 100.00 -1000 1.80 4.96 18.88 -1000 22.14 1.59 297.832
car -1 -1 0.00 0.00 0.00 100.00 100.00 -1000 1.73 4.48 18.63 -1000 29.76 1.35 295.186
car -1 -1 0.00 0.00 0.00 100.00 100.00 -1000 1.73 4.83 4.28 -1000 33.79 1.49 295.071
car -1 -1 0.00 0.00 0.00 100.00 100.00 -1000 1.52 3.74 -17.99 -1000 39.17 1.46 288.258
car -1 -1 0.00 0.00 0.00 100.00 100.00 -1000 1.59 4.00 18.40 -1000 21.01 1.58 286.081
car -1 -1 0.00 0.00 0.00 100.00 100.00 -1000 1.66 4.58 -5.54 -1000 34.43 1.55 283.654
car -1 -1 0.00 0.00 0.00 100.00 100.00 -1000 1.90 5.84 16.31 -1000 34.53 1.57 281.936
car -1 -1 0.00 0.00 0.00 100.00 100.00 -1000 1.73 4.89 -4.17 -1000 28.86 1.60 279.673
car -1 -1 0.00 0.00 0.00 100.00 100.00 -1000 1.54 3.83 -17.59 -1000 35.13 -0.13 278.986
car -1 -1 0.00 0.00 0.00 100.00 100.00 -1000 1.58 4.09 -15.25 -1000 46.70 1.56 278.400
car -1 -1 0.00 0.00 0.00 100.00 100.00 -1000 1.78 5.06 12.58 -1000 45.09 1.45 278.384
car -1 -1 0.00 0.00 0.00 100.00 100.00 -1000 2.05 6.51 13.16 -1000 46.98 1.39 277.093
car -1 -1 0.00 0.00 0.00 100.00 100.00 -1000 1.60 3.70 -16.74 -1000 24.95 1.62 277.039
car -1 -1 0.00 0.00 0.00 100.00 100.00 -1000 1.63 4.63 -17.24 -1000 41.97 1.61 273.998
car -1 -1 0.00 0.00 0.00 100.00 100.00 -1000 1.64 4.25 -12.51 -1000 38.03 1.61 270.991
car -1 -1 0.00 0.00 0.00 100.00 100.00 -1000 1.67 4.26 17.21 -1000 28.30 1.50 268.796
car -1 -1 0.00 0.00 0.00 100.00 100.00 -1000 1.54 3.97 13.30 -1000 21.71 1.54 268.305
car -1 -1 0.00 0.00 0.00 100.00 100.00 -1000 1.72 4.62 -13.96 -1000 19.81 1.61 266.691
car -1 -1 0.00 0.00 0.00 100.00 100.00 -1000 1.82 4.74 -15.41 -1000 26.74 1.68 266.313
car -1 -1 0.00 0.00 0.00 100.00 100.00 -1000 1.59 4.13 8.29 -1000 32.49 1.56 266.219
car -1 -1 0.00 0.00 0.00 100.00 100.00 -1000 1.68 4.70 18.15 -1000 25.71 1.52 266.113
car -1 -1 0.00 0.00 0.00 100.00 100.00 -1000 1.89 5.26 14.85 -1000 35.01 1.42 264.224
car -1 -1 0.00 0.00 0.00 100.00 100.00 -1000 1.74 4.31 7.78 -1000 29.88 1.54 264.124
car -1 -1 0.00 0.00 0.00 100.00 100.00 -1000 1.84 5.35 -8.39 -1000 34.13 1.44 260.259
car -1 -1 0.00 0.00 0.00 100.00 100.00 -1000 1.66 4.58 -11.51 -1000 29.84 1.53 260.057
car -1 -1 0.00 0.00 0.00 100.00 100.00 -1000 1.61 3.79 -14.00 -1000 16.19 1.40 259.672
car -1 -1 0.00 0.00 0.00 100.00 100.00 -1000 1.59 3.98 -14.70 -1000 34.69 1.64 258.911
car -1 -1 0.00 0.00 0.00 100.00 100.00 -1000 1.78 5.44 14.76 -1000 40.15 1.43 256.768
car -1 -1 0.00 0.00 0.00 100.00 100.00 -1000 1.84 5.40 4.15 -1000 34.64 1.46 255.799
car -1 -1 0.00 0.00 0.00 100.00 100.00 -1000 1.69 4.33 9.08 -1000 28.65 1.57 252.510
car -1 -1 0.00 0.00 0.00 100.00 100.00 -1000 1.60 4.35 7.00 -1000 30.50 1.56 252.232
car -1 -1 0.00 0.00 0.00 100.00 100.00 -1000 1.66 4.03 12.65 -1000 23.49 1.47 252.219
car -1 -1 0.00 0.00 0.00 100.00 100.00 -1000 1.63 4.01 1.09 -1000 46.43 1.57 250.568
car -1 -1 0.00 0.00 0.00 100.00 100.00 -1000 1.63 3.77 -16.98 -1000 30.51 1.62 250.412
car -1 -1 0.00 0.00 0.00 100.00 100.00 -1000 1.63 4.24 14.34 -1000 19.35 1.53 248.987
car -1 -1 0.00 0.00 0.00 100.00 100.00 -1000 1.43 3.28 -16.88 -1000 37.89 1.57 248.958
car -1 -1 0.00 0.00 0.00 100.00 100.00 -1000 1.91 4.92 -6.25 -1000 28.73 1.62 246.106
car -1 -1 0.00 0.00 0.00 100.00 100.00 -1000 1.76 4.77 13.95 -1000 37.90 1.48 245.941
car -1 -1 0.00 0.00 0.00 100.00 100.00 -1000 1.71 4.52 -16.85 -1000 18.52 1.39 245.380
car -1 -1 0.00 0.00 0.00 100.00 100.00 -1000 1.84 5.54 17.13 -1000 36.95 1.50 245.148
car -1 -1 0.00 0.00 0.00 100.00 100.00 -1000 1.79 5.01 14.79 -1000 36.20 1.37 244.931
car -1 -1 0.00 0.00 0.00 100.00 100.00 -1000 1.93 5.69 18.20 -1000 31.40 1.36 244.752
car -1 -1 0.00 0.00 0.00 100.00 100.00 -1000 1.66 3.63 17.19 -1000 18.49 1.47 244.022
car -1 -1 0.00 0.00 0.00 100.00 100.00 -1000 1.61 3.88 -0.47 -1000 46.74 1.37 242.313
car -1 -1 0.00 0.00 0.00 100.00 100.00 -1000 1.80 5.02 -18.70 -1000 33.29 1.54 241.492
car -1 -1 0.00 0.00 0.00 100.00 100.00 -1000 1.67 4.24 3.90 -1000 41.12 1.52 241.345
car -1 -1 0.00 0.00 0.00 100.00 100.00 -1000 1.73 4.53 -13.35 -1000 26.58 1.56 240.608
car -1 -1 0.00 0.00 0.00 100.00 100.00 -1000 1.59 4.27 -15.84 -1000 17.62 1.50 238.783
car -1 -1 0.00 0.00 0.00 100.00 100.00 -1000 1.99 5.92 -10.86 -1000 43.03 1.40 236.804
car -1 -1 0.00 0.00 0.00 100.00 100.00 -1000 1.72 4.59 -14.45 -1000 41.84 1.59 236.020
car -1 -1 0.00 0.00 0.00 100.00 100.00 -1000 1.80 5.29 17.46 -1000 23.31 1.56 235.955
car -1 -1 0.00 0.00 0.00 100.00 100.00 -1000 1.64 4.21 -17.44 -1000 40.74 1.49 233.040
car -1 -1 0.00 0.00 0.00 100.00 100.00 -1000 1.96 4.40 -18.93 -1000 31.97 -0.07 230.797
car -1 -1 0.00 0.00 0.00 100.00 100.00 -1000 1.80 5.53 0.94 -1000 24.03 1.42 230.308
car -1 -1 0.00 0.00 0.00 100.00 100.00 -1000 1.71 4.26 -16.46 -1000 44.10 1.58 229.083
car -1 -1 0.00 0.00 0.00 100.00 100.00 -1000 1.78 4.83 -13.33 -1000 35.33 1.57 227.040
car -1 -1 0.00 0.00 0.00 100.00 100.00 -1000 1.60 3.85 16.48 -1000 23.82 -0.50 226.739
car -1 -1 0.00 0.00 0.00 100.00 100.00 -1000 1.82 5.01 -12.71 -1000 31.70 1.58 226.349
car -1 -1 0.00 0.00 0.00 100.00 100.00 -1000 1.64 4.49 -16.91 -1000 28.99 1.44 226.042
car -1 -1 0.00 0.00 0.00 100.00 100.00 -1000 1.69 4.30 -11.85 -1000 37.07 1.54 222.397
car -1 -1 0.00 0.00 0.00 100.00 100.00 -1000 1.81 5.02 -10.76 -1000 43.86 1.39 221.513
car -1 -1 0.00 0.00 0.00 100.00 100.00 -1000 1.44 3.85 -16.59 -1000 40.24 0.01 219.121
car -1 -1 0.00 0.00 0.00 100.00 100.00 -1000 1.78 4.39 -13.62 -1000 43.11 1.59 218.163
car -1 -1 0.00 0.00 0.00 100.00 100.00 -1000 1.71 4.79 19.51 -1000 26.08 1.50 217.674
car -1 -1 0.00 0.00 0.00 100.00 100.00 -1000 1.39 3.44 -12.31 -1000 33.73 0.10 215.960
car -1 -1 0.00 0.00 0.00 100.00 100.00 -1000 1.76 4.94 15.63 -1000 43.52 1.44 211.868
car -1 -1 0.00 0.00 0.00 100.00 100.00 -1000 1.58 4.33 14.66 -1000 18.46 1.51 211.428
car -1 -1 0.00 0.00 0.00 100.00 100.00 -1000 1.69 4.28 -15.34 -1000 16.91 1.35 210.723
car -1 -1 0.00 0.00 0.00 100.00 100.00 -1000 1.39 3.35 4.72 -1000 12.79 1.61 209.213
car -1 -1 0.00 0.00 0.00 100.00 100.00 -1000 1.73 4.74 -11.09 -1000 39.36 1.36 209.113
car -1 -1 0.00 0.00 0.00 100.00 100.00 -1000 1.64 4.50 -14.02 -1000 33.01 1.55 208.262
car -1 -1 0.00 0.00 0.00 100.00 100.00 -1000 1.70 4.45 -14.93 -1000 44.56 1.59 208.127
car -1 -1 0.00 0.00 0.00 100.00 100.00 -1000 1.48 3.39 -18.17 -1000 25.78 0.22 207.521
car -1 -1 0.00 0.00 0.00 100.00 100.00 -1000 1.66 4.19 1.01 -1000 45.55 1.52 206.857
car -1 -1 0.00 0.00 0.00 100.00 100.00 -1000 1.76 5.00 4.57 -1000 37.74 1.50 206.749
car -1 -1 0.00 0.00 0.00 100.00 100.00 -1000 1.81 4.96 14.66 -1000 38.64 1.48 205.666
car -1 -1 0.00 0.00 0.00 100.00 100.00 -1000 1.75 4.72 2.12 -1000 41.05 1.49 204.815
car -1 -1 0.00 0.00 0.00 100.00 100.00 -1000 1.63 4.50 -5.71 -1000 36.62 1.55 204.514
car -1 -1 0.00 0.00 0.00 100.00 100.00 -1000 1.83 5.05 -9.11 -1000 37.88 1.36 202.712
car -1 -1 0.00 0.00 0.00 100.00 100.00 -1000 1.64 4.25 5.63 -1000 32.30 1.46 202.584
car -1 -1 0.00 0.00 0.00 100.00 100.00 -1000 1.67 4.53 10.28 -1000 26.94 1.48 202.035
car -1 -1 0.00 0.00 0.00 100.00 100.00 -1000 1.71 4.64 2.12 -1000 23.44 1.59 200.791
car -1 -1 0.00 0.00 0.00 100.00 100.00 -1000 1.44 3.81 -18.82 -1000 41.39 0.01 200.475
car -1 -1 0.00 0.00 0.00 100.00 100.00 -1000 1.90 5.84 2.55 -1000 38.27 1.43 199.535
car -1 -1 0.00 0.00 0.00 100.00 100.00 -1000 1.67 4.60 -15.33 -1000 22.56 1.57 195.477
car -1 -1 0.00 0.00 0.00 100.00 100.00 -1000 1.65 4.35 -18.18 -1000 28.52 1.51 194.634
car -1 -1 0.00 0.00 0.00 100.00 100.00 -1000 1.62 4.42 12.22 -1000 42.64 -0.11 193.269
car -1 -1 0.00 0.00 0.00 100.00 100.00 -1000 1.87 5.44 -16.14 -1000 32.93 1.55 191.325
car -1 -1 0.00 0.00 0.00 100.00 100.00 -1000 1.73 4.82 16.84 -1000 38.63 1.37 190.463
car -1 -1 0.00 0.00 0.00 100.00 100.00 -1000 1.61 4.22 -14.12 -1000 40.27 1.51 189.132
car -1 -1 0.00 0.00 0.00 100.00 100.00 -1000 1.73 4.67 -14.83 -1000 43.52 1.64 187.395
car -1 -1 0.00 0.00 0.00 100.00 100.00 -1000 1.61 4.38 -15.25 -1000 21.67 1.52 187.005
car -1 -1 0.00 0.00 0.00 100.00 100.00 -1000 1.83 5.57 -7.37 -1000 34.90 1.44 186.669
car -1 -1 0.00 0.00 0.00 100.00 100.00 -1000 1.77 5.37 14.87 -1000 44.56 1.55 186.454
car -1 -1 0.00 0.00 0.00 100.00 100.00 -1000 1.63 4.57 11.35 -1000 25.66 1.43 184.102
car -1 -1 0.00 0.00 0.00 100.00 100.00 -1000 1.56 4.30 17.37 -1000 17.49 1.45 183.997
car -1 -1 0.00 0.00 0.00 100.00 100.00 -1000 1.61 4.34 4.98 -1000 33.02 1.42 182.291
car -1 -1 0.00 0.00 0.00 100.00 100.00 -1000 1.46 3.71 -17.73 -1000 27.53 0.17 182.024
car -1 -1 0.00 0.00 0.00 100.00 100.00 -1000 1.76 4.34 -16.97 -1000 22.39 -0.13 181.542
car -1 -1 0.00 0.00 0.00 100.00 100.00 -1000 1.57 3.25 -17.61 -1000 37.11 1.60 181.504
car -1 -1 0.00 0.00 0.00 100.00 100.00 -1000 1.95 5.74 -10.83 -1000 41.94 1.35 180.195
