car -1 -1 0.00 0.00 0.00 100.00 100.00 -1000 1.76 4.20 -4.58 -1000 9.90 1.80 999.738
car -1 -1 0.00 0.00 0.00 100.00 100.00 -1000 1.66 4.33 -3.83 -1000 20.37 1.67 999.402
car -1 -1 0.00 0.00 0.00 100.00 100.00 -1000 2.30 5.24 -4.72 -1000 11.28 1.44 997.751
car -1 -1 0.00 0.00 0.00 100.00 100.00 -1000 1.70 3.93 4.67 -1000 24.65 1.56 996.288
car -1 -1 0.00 0.00 0.00 100.00 100.00 -1000 1.60 4.42 -3.97 -1000 19.39 -0.12 991.213
car -1 -1 0.00 0.00 0.00 100.00 100.00 -1000 1.70 4.74 4.15 -1000 23.80 -0.16 990.384
car -1 -1 0.00 0.00 0.00 100.00 100.00 -1000 1.08 3.89 -3.67 -1000 9.14 0.54 987.265
car -1 -1 0.00 0.00 0.00 100.00 100.00 -1000 1.66 4.05 9.01 -1000 22.83 1.58 977.494
car -1 -1 0.00 0.00 0.00 100.00 100.00 -1000 1.35 3.97 0.83 -1000 39.06 0.17 973.537
car -1 -1 0.00 0.00 0.00 100.00 100.00 -1000 1.68 4.13 -0.44 -1000 43.95 1.67 973.208
car -1 -1 0.00 0.00 0.00 100.00 100.00 -1000 2.08 6.15 5.25 -1000 25.16 1.65 968.895
car -1 -1 0.00 0.00 0.00 100.00 100.00 -1000 1.67 4.00 -3.46 -1000 33.34 1.60 964.644
car -1 -1 0.00 0.00 0.00 100.00 100.00 -1000 1.64 4.03 -9.39 -1000 37.25 1.57 963.620
car -1 -1 0.00 0.00 0.00 100.00 100.00 -1000 7.54 14.22 1.07 -1000 22.11 0.89 962.639
car -1 -1 0.00 0.00 0.00 100.00 100.00 -1000 1.59 3.85 -11.16 -1000 37.34 1.63 961.260
car -1 -1 0.00 0.00 0.00 100.00 100.00 -1000 1.82 5.06 3.67 -1000 9.98 -0.21 958.039
car -1 -1 0.00 0.00 0.00 100.00 100.00 -1000 1.87 4.39 9.02 -1000 21.83 -0.15 952.828
car -1 -1 0.00 0.00 0.00 100.00 100.00 -1000 1.44 3.77 4.13 -1000 10.65 -0.14 948.612
car -1 -1 0.00 0.00 0.00 100.00 100.00 -1000 1.60 3.67 -7.37 -1000 25.03 1.52 947.619
car -1 -1 0.00 0.00 0.00 100.00 100.00 -1000 1.59 3.61 3.47 -1000 24.97 1.54 946.190
car -1 -1 0.00 0.00 0.00 100.00 100.00 -1000 1.65 4.10 -1.61 -1000 38.59 -0.06 944.023
car -1 -1 0.00 0.00 0.00 100.00 100.00 -1000 1.80 4.72 -12.67 -1000 37.67 1.56 942.647
car -1 -1 0.00 0.00 0.00 100.00 100.00 -1000 1.73 4.40 0.78 -1000 44.58 1.62 939.557
car -1 -1 0.00 0.00 0.00 100.00 100.00 -1000 1.63 3.83 4.57 -1000 41.48 1.54 935.758
car -1 -1 0.00 0.00 0.00 100.00 100.00 -1000 1.64 3.72 -4.95 -1000 9.14 1.52 932.001
car -1 -1 0.00 0.00 0.00 100.00 100.00 -1000 1.56 3.70 -1.61 -1000 39.72 1.61 925.323
car -1 -1 0.00 0.00 0.00 100.00 100.00 -1000 1.45 3.66 3.85 -1000 43.42 0.30 925.208
car -1 -1 0.00 0.00 0.00 100.00 100.00 -1000 1.82 4.81 -3.89 -1000 21.21 1.58 915.072
car -1 -1 0.00 0.00 0.00 100.00 100.00 -1000 1.52 3.73 -5.70 -1000 10.47 1.54 914.070
car -1 -1 0.00 0.00 0.00 100.00 100.00 -1000 1.53 3.26 -3.07 -1000 32.49 1.60 913.242
car -1 -1 0.00 0.00 0.00 100.00 100.00 -1000 1.65 4.07 7.59 -1000 23.28 1.59 911.260
car -1 -1 0.00 0.00 0.00 100.00 100.00 -1000 1.51 3.41 -3.47 -1000 24.31 1.58 909.030
car -1 -1 0.00 0.00 0.00 100.00 100.00 -1000 1.61 3.90 4.29 -1000 42.32 1.52 907.751
car -1 -1 0.00 0.00 0.00 100.00 100.00 -1000 1.60 3.72 -1.54 -1000 44.64 1.61 905.048
car -1 -1 0.00 0.00 0.00 100.00 100.00 -1000 1.68 4.08 -1.21 -1000 34.60 -0.14 903.413
car -1 -1 0.00 0.00 0.00 100.00 100.00 -1000 1.55 3.82 -0.78 -1000 43.08 -0.07 893.367
car -1 -1 0.00 0.00 0.00 100.00 100.00 -1000 3.25 15.65 -10.94 -1000 39.73 1.49 884.224
car -1 -1 0.00 0.00 0.00 100.00 100.00 -1000 0.72 4.57 -1.60 -1000 9.10 1.08 881.011
car -1 -1 0.00 0.00 0.00 100.00 100.00 -1000 1.68 4.38 6.67 -1000 42.09 1.64 876.709
car -1 -1 0.00 0.00 0.00 100.00 100.00 -1000 1.55 3.66 8.23 -1000 41.74 1.61 864.482
car -1 -1 0.00 0.00 0.00 100.00 100.00 -1000 1.50 3.34 5.96 -1000 10.93 -0.31 855.176
car -1 -1 0.00 0.00 0.00 100.00 100.00 -1000 2.69 5.94 6.30 -1000 39.91 -0.23 846.396
car -1 -1 0.00 0.00 0.00 100.00 100.00 -1000 1.53 3.74 -2.62 -1000 31.77 -0.03 842.435
car -1 -1 0.00 0.00 0.00 100.00 100.00 -1000 1.39 4.13 3.75 -1000 11.51 -0.07 841.564
car -1 -1 0.00 0.00 0.00 100.00 100.00 -1000 1.66 4.10 -7.74 -1000 37.05 1.61 838.183
car -1 -1 0.00 0.00 0.00 100.00 100.00 -1000 1.49 3.29 -7.07 -1000 26.29 1.57 834.431
car -1 -1 0.00 0.00 0.00 100.00 100.00 -1000 1.54 3.42 3.00 -1000 5.25 1.56 833.847
car -1 -1 0.00 0.00 0.00 100.00 100.00 -1000 1.73 4.23 5.61 -1000 23.41 1.63 831.686
car -1 -1 0.00 0.00 0.00 100.00 100.00 -1000 1.65 4.17 1.08 -1000 45.51 1.51 825.280
car -1 -1 0.00 0.00 0.00 100.00 100.00 -1000 1.45 3.54 -4.38 -1000 23.80 -0.20 824.123
car -1 -1 0.00 0.00 0.00 100.00 100.00 -1000 1.44 3.23 -0.01 -1000 35.72 1.56 820.244
car -1 -1 0.00 0.00 0.00 100.00 100.00 -1000 1.50 3.40 -2.97 -1000 39.51 1.58 820.178
car -1 -1 0.00 0.00 0.00 100.00 100.00 -1000 1.41 3.53 3.72 -1000 38.14 0.18 806.817
car -1 -1 0.00 0.00 0.00 100.00 100.00 -1000 1.97 5.10 7.09 -1000 21.92 -0.13 805.184
car -1 -1 0.00 0.00 0.00 100.00 100.00 -1000 1.44 4.01 -2.73 -1000 34.83 0.01 803.226
car -1 -1 0.00 0.00 0.00 100.00 100.00 -1000 1.58 3.54 -0.47 -1000 39.33 1.65 801.060
car -1 -1 0.00 0.00 0.00 100.00 100.00 -1000 1.53 3.61 0.72 -1000 40.58 1.55 796.630
car -1 -1 0.00 0.00 0.00 100.00 100.00 -1000 2.31 5.58 7.69 -1000 40.58 -0.27 789.067
car -1 -1 0.00 0.00 0.00 100.00 100.00 -1000 1.40 3.18 -1.46 -1000 35.65 1.56 786.122
car -1 -1 0.00 0.00 0.00 100.00 100.00 -1000 1.58 3.99 1.45 -1000 39.71 -0.24 779.577
car -1 -1 0.00 0.00 0.00 100.00 100.00 -1000 1.29 3.28 -3.63 -1000 8.39 1.78 778.775
car -1 -1 0.00 0.00 0.00 100.00 100.00 -1000 1.56 3.59 3.42 -1000 6.80 1.54 777.437
car -1 -1 0.00 0.00 0.00 100.00 100.00 -1000 1.43 3.52 0.31 -1000 34.90 -0.18 771.979
car -1 -1 0.00 0.00 0.00 100.00 100.00 -1000 1.55 3.65 -7.70 -1000 26.90 1.56 767.487
car -1 -1 0.00 0.00 0.00 100.00 100.00 -1000 1.50 3.78 -2.42 -1000 44.16 0.23 763.648
car -1 -1 0.00 0.00 0.00 100.00 100.00 -1000 1.72 4.76 -3.66 -1000 22.45 1.51 760.923
car -1 -1 0.00 0.00 0.00 100.00 100.00 -1000 2.69 10.83 -12.75 -1000 38.84 1.40 758.359
car -1 -1 0.00 0.00 0.00 100.00 100.00 -1000 4.49 9.33 0.67 -1000 22.09 1.19 750.953
car -1 -1 0.00 0.00 0.00 100.00 100.00 -1000 1.44 3.36 -5.51 -1000 24.14 1.59 720.942
car -1 -1 0.00 0.00 0.00 100.00 100.00 -1000 1.56 3.82 -0.20 -1000 45.07 1.53 720.359
car -1 -1 0.00 0.00 0.00 100.00 100.00 -1000 1.57 3.79 3.33 -1000 8.40 1.61 718.340
car -1 -1 0.00 0.00 0.00 100.00 100.00 -1000 4.79 10.20 1.73 -1000 20.46 1.07 714.613
car -1 -1 0.00 0.00 0.00 100.00 100.00 -1000 2.73 10.54 -9.99 -1000 40.45 1.42 712.856
car -1 -1 0.00 0.00 0.00 100.00 100.00 -1000 1.55 3.51 2.46 -1000 10.96 1.48 708.841
car -1 -1 0.00 0.00 0.00 100.00 100.00 -1000 1.66 4.47 -5.18 -1000 12.37 1.51 691.853
car -1 -1 0.00 0.00 0.00 100.00 100.00 -1000 1.75 4.27 6.64 -1000 22.74 1.63 690.433
car -1 -1 0.00 0.00 0.00 100.00 100.00 -1000 1.90 4.99 6.20 -1000 24.20 1.67 676.332
car -1 -1 0.00 0.00 0.00 100.00 100.00 -1000 1.49 3.45 -8.00 -1000 25.88 1.48 676.016
car -1 -1 0.00 0.00 0.00 100.00 100.00 -1000 1.71 4.03 5.40 -1000 40.92 1.60 674.437
car -1 -1 0.00 0.00 0.00 100.00 100.00 -1000 1.59 4.08 -2.45 -1000 45.35 1.59 667.291
car -1 -1 0.00 0.00 0.00 100.00 100.00 -1000 1.73 4.27 -13.78 -1000 37.06 1.45 664.042
car -1 -1 0.00 0.00 0.00 100.00 100.00 -1000 1.97 5.85 4.80 -1000 42.94 1.65 661.474
car -1 -1 0.00 0.00 0.00 100.00 100.00 -1000 2.64 9.91 -10.61 -1000 38.10 1.50 660.847
car -1 -1 0.00 0.00 0.00 100.00 100.00 -1000 1.79 5.32 3.42 -1000 12.18 -0.23 659.157
car -1 -1 0.00 0.00 0.00 100.00 100.00 -1000 2.76 10.66 -8.66 -1000 38.96 1.49 655.902
car -1 -1 0.00 0.00 0.00 100.00 100.00 -1000 1.15 4.52 -3.78 -1000 11.15 0.16 655.703
car -1 -1 0.00 0.00 0.00 100.00 100.00 -1000 1.82 4.39 4.95 -1000 22.64 1.61 653.763
car -1 -1 0.00 0.00 0.00 100.00 100.00 -1000 1.55 4.14 -6.45 -1000 27.27 1.58 650.202
car -1 -1 0.00 0.00 0.00 100.00 100.00 -1000 1.60 4.09 1.74 -1000 31.69 -0.03 647.706
car -1 -1 0.00 0.00 0.00 100.00 100.00 -1000 1.57 3.46 2.60 -1000 9.41 1.53 644.572
car -1 -1 0.00 0.00 0.00 100.00 100.00 -1000 2.03 6.07 9.59 -1000 23.50 1.53 643.112
car -1 -1 0.00 0.00 0.00 100.00 100.00 -1000 1.62 4.11 -3.36 -1000 23.38 1.58 629.928
car -1 -1 0.00 0.00 0.00 100.00 100.00 -1000 1.46 3.40 2.39 -1000 39.15 1.53 627.744
car -1 -1 0.00 0.00 0.00 100.00 100.00 -1000 1.68 3.92 10.11 -1000 22.32 1.68 619.441
car -1 -1 0.00 0.00 0.00 100.00 100.00 -1000 1.41 5.65 10.36 -1000 28.24 1.12 616.673
car -1 -1 0.00 0.00 0.00 100.00 100.00 -1000 1.96 5.53 5.25 -1000 44.69 1.66 608.118
car -1 -1 0.00 0.00 0.00 100.00 100.00 -1000 1.54 3.91 -6.95 -1000 24.02 0.16 607.761
car -1 -1 0.00 0.00 0.00 100.00 100.00 -1000 1.57 3.88 2.54 -1000 44.54 1.58 604.519
car -1 -1 0.00 0.00 0.00 100.00 100.00 -1000 1.60 3.85 -3.25 -1000 25.27 1.55 599.844
car -1 -1 0.00 0.00 0.00 100.00 100.00 -1000 1.58 3.86 6.16 -1000 9.72 1.67 598.022
car -1 -1 0.00 0.00 0.00 100.00 100.00 -1000 1.56 3.73 2.09 -1000 40.43 1.57 595.506
car -1 -1 0.00 0.00 0.00 100.00 100.00 -1000 1.58 3.92 3.52 -1000 40.14 -0.17 589.102
car -1 -1 0.00 0.00 0.00 100.00 100.00 -1000 1.58 3.78 1.41 -1000 35.58 1.60 588.412
car -1 -1 0.00 0.00 0.00 100.00 100.00 -1000 1.65 3.78 9.17 -1000 41.30 1.68 581.677
car -1 -1 0.00 0.00 0.00 100.00 100.00 -1000 1.52 3.59 -5.95 -1000 23.40 1.54 578.370
car -1 -1 0.00 0.00 0.00 100.00 100.00 -1000 1.46 3.39 1.95 -1000 32.82 1.54 576.097
car -1 -1 0.00 0.00 0.00 100.00 100.00 -1000 1.48 3.77 -0.75 -1000 31.68 0.02 573.757
car -1 -1 0.00 0.00 0.00 100.00 100.00 -1000 1.60 3.94 1.60 -1000 46.28 1.56 572.571
car -1 -1 0.00 0.00 0.00 100.00 100.00 -1000 2.34 8.04 6.43 -1000 25.99 1.47 570.311
car -1 -1 0.00 0.00 0.00 100.00 100.00 -1000 1.48 3.23 -1.42 -1000 33.06 1.53 569.675
car -1 -1 0.00 0.00 0.00 100.00 100.00 -1000 2.70 8.64 -1.59 -1000 21.58 1.55 568.408
car -1 -1 0.00 0.00 0.00 100.00 100.00 -1000 2.49 9.09 -14.88 -1000 39.78 1.44 564.632
car -1 -1 0.00 0.00 0.00 100.00 100.00 -1000 1.43 3.31 3.37 -1000 6.01 1.52 564.122
car -1 -1 0.00 0.00 0.00 100.00 100.00 -1000 1.60 3.95 7.26 -1000 11.62 1.62 563.926
car -1 -1 0.00 0.00 0.00 100.00 100.00 -1000 1.55 3.55 2.90 -1000 7.45 1.49 561.142
car -1 -1 0.00 0.00 0.00 100.00 100.00 -1000 1.68 3.81 3.51 -1000 34.53 0.04 556.963
car -1 -1 0.00 0.00 0.00 100.00 100.00 -1000 1.62 4.25 0.93 -1000 43.69 -0.06 556.524
car -1 -1 0.00 0.00 0.00 100.00 100.00 -1000 2.07 5.36 -7.52 -1000 37.79 1.61 555.912
car -1 -1 0.00 0.00 0.00 100.00 100.00 -1000 1.81 4.33 -5.13 -1000 19.94 1.47 538.533
car -1 -1 0.00 0.00 0.00 100.00 100.00 -1000 1.62 4.13 -5.98 -1000 22.57 1.59 528.796
car -1 -1 0.00 0.00 0.00 100.00 100.00 -1000 1.81 5.43 -6.49 -1000 11.09 1.66 527.702
car -1 -1 0.00 0.00 0.00 100.00 100.00 -1000 1.53 3.85 4.10 -1000 35.33 1.57 518.869
car -1 -1 0.00 0.00 0.00 100.00 100.00 -1000 1.73 4.41 2.20 -1000 38.49 0.12 517.811
car -1 -1 0.00 0.00 0.00 100.00 100.00 -1000 1.57 3.93 2.17 -1000 34.89 0.03 513.805
car -1 -1 0.00 0.00 0.00 100.00 100.00 -1000 1.59 4.03 6.01 -1000 12.27 1.59 510.325
car -1 -1 0.00 0.00 0.00 100.00 100.00 -1000 4.03 7.95 -8.39 -1000 36.02 -0.29 503.532
car -1 -1 0.00 0.00 0.00 100.00 100.00 -1000 1.67 4.10 5.46 -1000 8.46 1.63 500.144
car -1 -1 0.00 0.00 0.00 100.00 100.00 -1000 1.48 3.24 0.39 -1000 32.94 1.53 499.946
car -1 -1 0.00 0.00 0.00 100.00 100.00 -1000 1.49 3.48 -3.02 -1000 35.66 1.57 498.508
car -1 -1 0.00 0.00 0.00 100.00 100.00 -1000 1.49 3.37 10.40 -1000 29.01 1.58 497.748
car -1 -1 0.00 0.00 0.00 100.00 100.00 -1000 2.12 6.68 -15.50 -1000 38.58 1.43 480.200
car -1 -1 0.00 0.00 0.00 100.00 100.00 -1000 1.64 4.05 -5.30 -1000 24.99 1.62 478.405
car -1 -1 0.00 0.00 0.00 100.00 100.00 -1000 1.72 4.19 2.84 -1000 24.30 1.43 468.409
car -1 -1 0.00 0.00 0.00 100.00 100.00 -1000 1.60 3.98 4.16 -1000 37.33 0.02 465.798
car -1 -1 0.00 0.00 0.00 100.00 100.00 -1000 1.95 4.94 -7.57 -1000 39.01 1.66 463.044
car -1 -1 0.00 0.00 0.00 100.00 100.00 -1000 1.46 3.28 1.65 -1000 36.61 1.55 460.856
car -1 -1 0.00 0.00 0.00 100.00 100.00 -1000 1.64 3.81 2.99 -1000 41.08 1.57 456.759
car -1 -1 0.00 0.00 0.00 100.00 100.00 -1000 2.14 5.86 -9.65 -1000 36.66 -0.32 456.577
car -1 -1 0.00 0.00 0.00 100.00 100.00 -1000 1.65 4.03 -8.06 -1000 24.42 0.13 453.554
car -1 -1 0.00 0.00 0.00 100.00 100.00 -1000 2.39 8.07 7.38 -1000 26.87 1.45 448.910
car -1 -1 0.00 0.00 0.00 100.00 100.00 -1000 1.58 3.69 2.71 -1000 4.46 1.54 447.994
car -1 -1 0.00 0.00 0.00 100.00 100.00 -1000 1.54 3.46 -2.74 -1000 27.65 1.56 440.825
car -1 -1 0.00 0.00 0.00 100.00 100.00 -1000 1.77 4.28 9.26 -1000 40.49 -0.24 434.569
car -1 -1 0.00 0.00 0.00 100.00 100.00 -1000 1.48 3.75 5.49 -1000 11.57 -0.06 432.899
car -1 -1 0.00 0.00 0.00 100.00 100.00 -1000 1.68 4.44 -3.03 -1000 40.17 1.60 430.241
car -1 -1 0.00 0.00 0.00 100.00 100.00 -1000 1.71 4.00 -7.06 -1000 36.27 1.68 422.758
car -1 -1 0.00 0.00 0.00 100.00 100.00 -1000 1.66 4.14 -4.60 -1000 26.94 1.52 421.776
car -1 -1 0.00 0.00 0.00 100.00 100.00 -1000 1.63 4.27 -3.78 -1000 40.97 0.05 418.562
car -1 -1 0.00 0.00 0.00 100.00 100.00 -1000 1.69 4.24 2.75 -1000 13.29 1.60 416.730
car -1 -1 0.00 0.00 0.00 100.00 100.00 -1000 1.79 5.23 3.25 -1000 25.60 1.57 413.671
car -1 -1 0.00 0.00 0.00 100.00 100.00 -1000 1.97 5.16 -2.09 -1000 19.86 1.72 413.232
car -1 -1 0.00 0.00 0.00 100.00 100.00 -1000 2.16 6.74 5.71 -1000 43.80 1.60 410.905
car -1 -1 0.00 0.00 0.00 100.00 100.00 -1000 1.56 3.48 -3.75 -1000 42.26 1.46 407.548
car -1 -1 0.00 0.00 0.00 100.00 100.00 -1000 2.39 6.20 -12.37 -1000 36.60 -0.25 407.386
car -1 -1 0.00 0.00 0.00 100.00 100.00 -1000 2.47 8.50 8.07 -1000 25.23 1.45 407.050
car -1 -1 0.00 0.00 0.00 100.00 100.00 -1000 1.47 3.53 11.90 -1000 28.82 1.56 406.995
car -1 -1 0.00 0.00 0.00 100.00 100.00 -1000 1.62 4.02 -3.70 -1000 38.78 0.10 406.089
car -1 -1 0.00 0.00 0.00 100.00 100.00 -1000 1.51 3.51 -4.42 -1000 31.90 0.16 405.063
car -1 -1 0.00 0.00 0.00 100.00 100.00 -1000 1.99 5.94 -14.65 -1000 37.75 1.40 403.065
car -1 -1 0.00 0.00 0.00 100.00 100.00 -1000 1.65 3.97 2.75 -1000 30.07 1.57 398.612
car -1 -1 0.00 0.00 0.00 100.00 100.00 -1000 1.79 5.00 -5.05 -1000 21.70 1.51 388.147
car -1 -1 0.00 0.00 0.00 100.00 100.00 -1000 2.26 8.71 -13.04 -1000 40.51 1.33 385.901
car -1 -1 0.00 0.00 0.00 100.00 100.00 -1000 2.29 7.32 -7.60 -1000 39.78 1.45 385.109
car -1 -1 0.00 0.00 0.00 100.00 100.00 -1000 1.47 3.39 4.82 -1000 44.06 -0.51 379.686
car -1 -1 0.00 0.00 0.00 100.00 100.00 -1000 2.54 8.08 -0.21 -1000 20.34 1.50 372.043
car -1 -1 0.00 0.00 0.00 100.00 100.00 -1000 1.98 5.43 -8.01 -1000 12.33 1.62 367.020
car -1 -1 0.00 0.00 0.00 100.00 100.00 -1000 1.80 5.47 4.52 -1000 26.42 1.52 364.299
car -1 -1 0.00 0.00 0.00 100.00 100.00 -1000 2.14 5.83 -3.72 -1000 18.43 -0.08 361.104
car -1 -1 0.00 0.00 0.00 100.00 100.00 -1000 1.62 4.11 2.79 -1000 32.32 1.54 359.368
car -1 -1 0.00 0.00 0.00 100.00 100.00 -1000 1.62 4.08 -6.97 -1000 29.78 1.56 355.441
car -1 -1 0.00 0.00 0.00 100.00 100.00 -1000 1.54 3.66 -3.98 -1000 34.39 0.11 354.224
car -1 -1 0.00 0.00 0.00 100.00 100.00 -1000 2.11 5.58 -2.22 -1000 43.46 -0.03 350.074
car -1 -1 0.00 0.00 0.00 100.00 100.00 -1000 1.61 4.52 4.48 -1000 12.78 1.59 340.565
car -1 -1 0.00 0.00 0.00 100.00 100.00 -1000 1.55 2.84 -6.09 -1000 34.72 1.49 339.898
car -1 -1 0.00 0.00 0.00 100.00 100.00 -1000 1.67 3.47 0.12 -1000 41.87 1.46 339.550
car -1 -1 0.00 0.00 0.00 100.00 100.00 -1000 1.70 4.28 7.20 -1000 10.56 1.65 339.157
car -1 -1 0.00 0.00 0.00 100.00 100.00 -1000 1.95 4.61 5.49 -1000 47.33 0.08 337.909
car -1 -1 0.00 0.00 0.00 100.00 100.00 -1000 1.60 3.35 -2.17 -1000 30.71 1.43 335.121
car -1 -1 0.00 0.00 0.00 100.00 100.00 -1000 1.84 5.12 -16.07 -1000 37.01 1.43 335.108
car -1 -1 0.00 0.00 0.00 100.00 100.00 -1000 1.78 4.27 11.08 -1000 27.58 -0.11 330.770
car -1 -1 0.00 0.00 0.00 100.00 100.00 -1000 1.77 4.72 11.29 -1000 22.84 1.50 330.644
car -1 -1 0.00 0.00 0.00 100.00 100.00 -1000 1.42 3.39 -6.52 -1000 9.73 1.47 329.989
car -1 -1 0.00 0.00 0.00 100.00 100.00 -1000 1.77 4.74 9.78 -1000 42.12 1.51 325.304
car -1 -1 0.00 0.00 0.00 100.00 100.00 -1000 1.78 4.74 -8.19 -1000 13.17 1.70 321.656
car -1 -1 0.00 0.00 0.00 100.00 100.00 -1000 2.07 6.70 9.37 -1000 25.94 1.51 316.795
car -1 -1 0.00 0.00 0.00 100.00 100.00 -1000 1.56 3.76 -9.16 -1000 11.65 1.47 315.659
car -1 -1 0.00 0.00 0.00 100.00 100.00 -1000 1.55 3.49 2.88 -1000 35.94 1.53 312.668
car -1 -1 0.00 0.00 0.00 100.00 100.00 -1000 1.78 4.53 -7.50 -1000 20.07 1.64 311.024
car -1 -1 0.00 0.00 0.00 100.00 100.00 -1000 1.75 3.95 10.04 -1000 20.06 1.52 310.719
car -1 -1 0.00 0.00 0.00 100.00 100.00 -1000 1.67 3.71 9.29 -1000 21.03 1.49 306.594
car -1 -1 0.00 0.00 0.00 100.00 100.00 -1000 1.70 4.33 11.11 -1000 21.77 1.51 305.824
car -1 -1 0.00 0.00 0.00 100.00 100.00 -1000 1.49 3.70 -3.66 -1000 44.72 0.28 305.602
car -1 -1 0.00 0.00 0.00 100.00 100.00 -1000 1.79 5.13 -4.84 -1000 39.35 1.53 299.838
car -1 -1 0.00 0.00 0.00 100.00 100.00 -1000 1.51 4.22 0.97 -1000 29.27 0.18 299.757
car -1 -1 0.00 0.00 0.00 100.00 100.00 -1000 1.79 4.64 6.02 -1000 45.49 1.66 299.188
car -1 -1 0.00 0.00 0.00 100.00 100.00 -1000 2.14 7.13 -9.02 -1000 41.36 1.40 293.747
car -1 -1 0.00 0.00 0.00 100.00 100.00 -1000 1.79 4.74 -1.51 -1000 29.65 0.23 292.989
car -1 -1 0.00 0.00 0.00 100.00 100.00 -1000 6.35 13.55 -10.70 -1000 36.09 -0.27 292.675
car -1 -1 0.00 0.00 0.00 100.00 100.00 -1000 1.67 4.32 3.48 -1000 27.69 1.62 291.598
car -1 -1 0.00 0.00 0.00 100.00 100.00 -1000 1.67 3.61 9.38 -1000 39.46 1.54 291.142
car -1 -1 0.00 0.00 0.00 100.00 100.00 -1000 1.62 4.23 -5.58 -1000 25.86 1.68 290.459
car -1 -1 0.00 0.00 0.00 100.00 100.00 -1000 2.92 7.33 -4.24 -1000 8.34 -0.20 288.742
car -1 -1 0.00 0.00 0.00 100.00 100.00 -1000 1.84 4.88 -6.15 -1000 20.46 1.53 288.407
car -1 -1 0.00 0.00 0.00 100.00 100.00 -1000 1.80 4.92 8.09 -1000 12.36 1.56 285.987
car -1 -1 0.00 0.00 0.00 100.00 100.00 -1000 1.73 4.95 2.95 -1000 46.60 1.58 285.434
car -1 -1 0.00 0.00 0.00 100.00 100.00 -1000 1.61 3.87 -8.49 -1000 29.39 1.46 284.427
car -1 -1 0.00 0.00 0.00 100.00 100.00 -1000 1.59 3.98 3.62 -1000 32.88 1.53 276.578
car -1 -1 0.00 0.00 0.00 100.00 100.00 -1000 1.81 4.93 -7.68 -1000 13.99 1.51 273.502
car -1 -1 0.00 0.00 0.00 100.00 100.00 -1000 1.80 4.88 -15.39 -1000 36.24 1.42 272.654
car -1 -1 0.00 0.00 0.00 100.00 100.00 -1000 1.95 5.81 13.48 -1000 22.04 1.43 270.252
car -1 -1 0.00 0.00 0.00 100.00 100.00 -1000 1.68 4.38 -4.62 -1000 22.99 1.61 266.367
car -1 -1 0.00 0.00 0.00 100.00 100.00 -1000 1.55 3.54 -3.11 -1000 41.63 1.57 265.664
car -1 -1 0.00 0.00 0.00 100.00 100.00 -1000 1.74 4.91 1.44 -1000 41.31 1.53 261.950
car -1 -1 0.00 0.00 0.00 100.00 100.00 -1000 1.74 4.82 -4.61 -1000 32.60 1.47 261.804
car -1 -1 0.00 0.00 0.00 100.00 100.00 -1000 1.38 3.73 -0.09 -1000 34.22 1.28 261.372
car -1 -1 0.00 0.00 0.00 100.00 100.00 -1000 1.71 4.59 -7.74 -1000 27.63 1.59 260.363
car -1 -1 0.00 0.00 0.00 100.00 100.00 -1000 2.30 7.37 6.66 -1000 38.93 -0.11 259.842
car -1 -1 0.00 0.00 0.00 100.00 100.00 -1000 2.17 7.12 7.29 -1000 42.95 1.46 257.959
car -1 -1 0.00 0.00 0.00 100.00 100.00 -1000 1.78 4.99 -3.74 -1000 45.85 1.41 256.683
car -1 -1 0.00 0.00 0.00 100.00 100.00 -1000 1.77 3.92 -6.88 -1000 40.66 1.61 252.737
car -1 -1 0.00 0.00 0.00 100.00 100.00 -1000 1.38 3.51 10.19 -1000 15.25 1.59 251.342
car -1 -1 0.00 0.00 0.00 100.00 100.00 -1000 2.08 6.76 10.81 -1000 25.22 1.49 249.645
car -1 -1 0.00 0.00 0.00 100.00 100.00 -1000 1.79 4.18 -0.30 -1000 38.02 1.61 247.536
car -1 -1 0.00 0.00 0.00 100.00 100.00 -1000 1.76 4.60 -9.96 -1000 10.91 1.42 246.087
car -1 -1 0.00 0.00 0.00 100.00 100.00 -1000 1.68 4.64 8.45 -1000 11.22 1.58 245.212
car -1 -1 0.00 0.00 0.00 100.00 100.00 -1000 1.97 6.17 9.04 -1000 30.07 1.46 243.731
car -1 -1 0.00 0.00 0.00 100.00 100.00 -1000 1.74 4.81 9.13 -1000 29.33 1.45 240.025
car -1 -1 0.00 0.00 0.00 100.00 100.00 -1000 1.63 4.51 -1.90 -1000 24.74 0.01 238.383
car -1 -1 0.00 0.00 0.00 100.00 100.00 -1000 1.77 4.16 -6.80 -1000 35.41 1.64 237.398
car -1 -1 0.00 0.00 0.00 100.00 100.00 -1000 1.71 4.59 12.78 -1000 20.88 1.41 236.778
car -1 -1 0.00 0.00 0.00 100.00 100.00 -1000 2.02 6.56 13.26 -1000 23.64 1.44 233.763
car -1 -1 0.00 0.00 0.00 100.00 100.00 -1000 2.14 6.85 8.03 -1000 44.61 1.45 233.490
car -1 -1 0.00 0.00 0.00 100.00 100.00 -1000 1.63 4.39 1.50 -1000 25.10 0.17 232.255
car -1 -1 0.00 0.00 0.00 100.00 100.00 -1000 1.71 4.31 2.36 -1000 28.93 0.14 231.123
car -1 -1 0.00 0.00 0.00 100.00 100.00 -1000 1.82 4.86 -7.28 -1000 28.66 1.65 226.623
car -1 -1 0.00 0.00 0.00 100.00 100.00 -1000 2.28 7.68 9.61 -1000 24.42 1.41 221.495
car -1 -1 0.00 0.00 0.00 100.00 100.00 -1000 1.71 4.54 9.02 -1000 14.07 1.51 219.835
car -1 -1 0.00 0.00 0.00 100.00 100.00 -1000 1.70 4.10 12.24 -1000 26.51 1.46 216.625
car -1 -1 0.00 0.00 0.00 100.00 100.00 -1000 1.54 4.04 -4.40 -1000 13.15 1.31 214.085
car -1 -1 0.00 0.00 0.00 100.00 100.00 -1000 1.64 4.15 12.88 -1000 28.17 1.47 213.960
car -1 -1 0.00 0.00 0.00 100.00 100.00 -1000 1.59 3.85 9.14 -1000 14.89 1.47 212.608
car -1 -1 0.00 0.00 0.00 100.00 100.00 -1000 1.62 4.18 -0.77 -1000 30.53 1.49 212.461
car -1 -1 0.00 0.00 0.00 100.00 100.00 -1000 1.80 4.80 5.55 -1000 7.25 1.59 212.049
car -1 -1 0.00 0.00 0.00 100.00 100.00 -1000 1.75 4.64 11.53 -1000 41.44 1.46 211.127
car -1 -1 0.00 0.00 0.00 100.00 100.00 -1000 2.16 7.21 11.45 -1000 43.72 1.40 210.547
car -1 -1 0.00 0.00 0.00 100.00 100.00 -1000 1.45 3.75 3.91 -1000 39.00 1.31 210.032
car -1 -1 0.00 0.00 0.00 100.00 100.00 -1000 1.73 4.25 -3.56 -1000 26.37 -0.08 210.019
car -1 -1 0.00 0.00 0.00 100.00 100.00 -1000 1.60 3.69 0.25 -1000 36.98 1.52 207.725
car -1 -1 0.00 0.00 0.00 100.00 100.00 -1000 1.86 5.15 7.98 -1000 45.45 1.50 205.643
car -1 -1 0.00 0.00 0.00 100.00 100.00 -1000 1.77 5.32 4.84 -1000 27.30 1.45 205.245
car -1 -1 0.00 0.00 0.00 100.00 100.00 -1000 1.55 3.68 -2.35 -1000 33.94 1.43 205.066
car -1 -1 0.00 0.00 0.00 100.00 100.00 -1000 2.00 6.20 -5.02 -1000 38.19 1.45 203.654
car -1 -1 0.00 0.00 0.00 100.00 100.00 -1000 1.74 4.52 7.56 -1000 8.86 1.53 202.116
car -1 -1 0.00 0.00 0.00 100.00 100.00 -1000 1.67 4.41 -6.28 -1000 30.47 1.45 201.846
car -1 -1 0.00 0.00 0.00 100.00 100.00 -1000 1.83 4.93 -15.00 -1000 35.44 1.42 201.067
car -1 -1 0.00 0.00 0.00 100.00 100.00 -1000 1.63 3.45 6.90 -1000 38.92 1.35 200.859
car -1 -1 0.00 0.00 0.00 100.00 100.00 -1000 1.80 4.53 2.86 -1000 3.69 1.58 200.197
car -1 -1 0.00 0.00 0.00 100.00 100.00 -1000 1.82 5.24 -5.11 -1000 36.96 1.46 197.851
car -1 -1 0.00 0.00 0.00 100.00 100.00 -1000 2.24 7.01 3.30 -1000 19.88 1.44 197.310
car -1 -1 0.00 0.00 0.00 100.00 100.00 -1000 1.79 4.08 -8.26 -1000 17.24 1.57 197.102
car -1 -1 0.00 0.00 0.00 100.00 100.00 -1000 1.84 4.64 2.88 -1000 18.96 1.22 195.438
car -1 -1 0.00 0.00 0.00 100.00 100.00 -1000 1.75 4.39 9.10 -1000 38.55 1.62 194.731
car -1 -1 0.00 0.00 0.00 100.00 100.00 -1000 1.72 4.72 1.71 -1000 23.59 1.57 194.594
car -1 -1 0.00 0.00 0.00 100.00 100.00 -1000 1.77 4.96 8.91 -1000 13.20 1.51 192.271
car -1 -1 0.00 0.00 0.00 100.00 100.00 -1000 1.66 4.47 -5.54 -1000 34.02 1.52 190.890
car -1 -1 0.00 0.00 0.00 100.00 100.00 -1000 2.00 5.98 6.84 -1000 27.69 1.42 190.154
car -1 -1 0.00 0.00 0.00 100.00 100.00 -1000 1.72 4.87 -1.28 -1000 40.51 1.54 190.051
car -1 -1 0.00 0.00 0.00 100.00 100.00 -1000 1.72 4.62 4.97 -1000 6.42 1.67 189.443
car -1 -1 0.00 0.00 0.00 100.00 100.00 -1000 1.85 5.57 12.54 -1000 42.17 1.44 188.526
car -1 -1 0.00 0.00 0.00 100.00 100.00 -1000 1.70 4.69 -9.50 -1000 10.01 1.42 188.224
car -1 -1 0.00 0.00 0.00 100.00 100.00 -1000 1.65 3.96 -5.81 -1000 41.48 1.58 187.264
car -1 -1 0.00 0.00 0.00 100.00 100.00 -1000 1.60 3.60 6.06 -1000 40.19 1.57 187.028
car -1 -1 0.00 0.00 0.00 100.00 100.00 -1000 1.93 5.65 -6.13 -1000 13.17 1.42 186.579
car -1 -1 0.00 0.00 0.00 100.00 100.00 -1000 1.71 4.65 -9.56 -1000 20.91 1.47 185.849
car -1 -1 0.00 0.00 0.00 100.00 100.00 -1000 1.80 5.24 -4.12 -1000 36.14 1.41 185.802
car -1 -1 0.00 0.00 0.00 100.00 100.00 -1000 1.68 3.96 -6.72 -1000 43.16 1.65 185.507
car -1 -1 0.00 0.00 0.00 100.00 100.00 -1000 1.62 3.96 4.49 -1000 9.08 -0.35 183.790
car -1 -1 0.00 0.00 0.00 100.00 100.00 -1000 1.82 5.16 9.07 -1000 27.76 1.45 182.926
car -1 -1 0.00 0.00 0.00 100.00 100.00 -1000 1.82 4.81 4.51 -1000 4.82 1.61 182.733
car -1 -1 0.00 0.00 0.00 100.00 100.00 -1000 1.67 4.39 -8.71 -1000 23.77 1.45 182.708
car -1 -1 0.00 0.00 0.00 100.00 100.00 -1000 1.79 5.13 -10.19 -1000 25.73 1.44 182.575
car -1 -1 0.00 0.00 0.00 100.00 100.00 -1000 1.89 5.93 -2.19 -1000 46.96 1.44 182.201
