car -1 -1 0.00 0.00 0.00 100.00 100.00 -1000 8.72 14.83 -5.24 -1000 43.35 0.90 999.686
car -1 -1 0.00 0.00 0.00 100.00 100.00 -1000 2.73 8.60 -5.32 -1000 27.46 1.75 996.656
car -1 -1 0.00 0.00 0.00 100.00 100.00 -1000 5.15 10.90 -5.31 -1000 42.71 1.36 995.483
car -1 -1 0.00 0.00 0.00 100.00 100.00 -1000 2.24 5.79 -5.68 -1000 25.86 1.65 992.945
car -1 -1 0.00 0.00 0.00 100.00 100.00 -1000 0.53 4.33 -3.53 -1000 26.84 1.43 991.488
car -1 -1 0.00 0.00 0.00 100.00 100.00 -1000 2.40 7.34 -5.40 -1000 24.81 1.69 987.550
car -1 -1 0.00 0.00 0.00 100.00 100.00 -1000 1.76 4.81 -7.56 -1000 39.90 1.60 987.540
car -1 -1 0.00 0.00 0.00 100.00 100.00 -1000 3.26 6.60 -5.72 -1000 42.73 1.64 987.274
car -1 -1 0.00 0.00 0.00 100.00 100.00 -1000 2.58 5.68 -6.51 -1000 41.70 1.78 981.963
car -1 -1 0.00 0.00 0.00 100.00 100.00 -1000 1.58 3.67 -5.15 -1000 27.42 1.54 974.877
car -1 -1 0.00 0.00 0.00 100.00 100.00 -1000 1.94 4.64 -5.19 -1000 23.68 1.59 974.771
car -1 -1 0.00 0.00 0.00 100.00 100.00 -1000 1.43 3.88 -7.47 -1000 38.93 0.07 967.973
car -1 -1 0.00 0.00 0.00 100.00 100.00 -1000 1.50 3.83 -7.57 -1000 28.13 0.19 966.987
car -1 -1 0.00 0.00 0.00 100.00 100.00 -1000 1.87 5.28 -2.66 -1000 43.23 1.59 962.304
car -1 -1 0.00 0.00 0.00 100.00 100.00 -1000 3.29 5.67 -7.14 -1000 11.85 0.93 961.113
car -1 -1 0.00 0.00 0.00 100.00 100.00 -1000 1.72 4.74 1.59 -1000 42.25 -0.14 957.061
car -1 -1 0.00 0.00 0.00 100.00 100.00 -1000 1.65 4.08 -5.39 -1000 39.71 1.60 955.919
car -1 -1 0.00 0.00 0.00 100.00 100.00 -1000 3.95 7.68 -2.14 -1000 41.58 0.80 954.672
car -1 -1 0.00 0.00 0.00 100.00 100.00 -1000 1.65 3.84 -0.98 -1000 42.97 1.60 954.395
car -1 -1 0.00 0.00 0.00 100.00 100.00 -1000 1.69 4.82 -8.30 -1000 46.78 1.52 952.962
car -1 -1 0.00 0.00 0.00 100.00 100.00 -1000 1.58 3.83 4.17 -1000 24.08 1.58 951.105
car -1 -1 0.00 0.00 0.00 100.00 100.00 -1000 1.93 5.36 -1.58 -1000 41.91 -0.04 949.673
car -1 -1 0.00 0.00 0.00 100.00 100.00 -1000 1.80 4.66 0.67 -1000 43.28 1.54 949.636
car -1 -1 0.00 0.00 0.00 100.00 100.00 -1000 1.76 4.90 -3.81 -1000 42.28 -0.19 946.827
car -1 -1 0.00 0.00 0.00 100.00 100.00 -1000 1.86 3.31 -3.80 -1000 28.31 1.82 942.085
car -1 -1 0.00 0.00 0.00 100.00 100.00 -1000 1.75 4.65 -4.57 -1000 38.71 -0.04 941.697
car -1 -1 0.00 0.00 0.00 100.00 100.00 -1000 1.50 3.71 -6.86 -1000 28.78 1.50 940.125
car -1 -1 0.00 0.00 0.00 100.00 100.00 -1000 1.54 3.65 -1.71 -1000 29.66 1.53 939.667
car -1 -1 0.00 0.00 0.00 100.00 100.00 -1000 1.66 4.17 0.91 -1000 38.68 -0.14 938.020
car -1 -1 0.00 0.00 0.00 100.00 100.00 -1000 1.55 3.68 0.12 -1000 30.05 1.57 934.425
car -1 -1 0.00 0.00 0.00 100.00 100.00 -1000 1.50 3.46 -1.28 -1000 39.26 1.59 933.369
car -1 -1 0.00 0.00 0.00 100.00 100.00 -1000 1.56 3.73 0.67 -1000 39.73 1.63 933.179
car -1 -1 0.00 0.00 0.00 100.00 100.00 -1000 1.62 4.30 -2.08 -1000 28.86 -0.04 931.096
car -1 -1 0.00 0.00 0.00 100.00 100.00 -1000 1.61 4.22 -9.95 -1000 27.65 1.82 929.357
car -1 -1 0.00 0.00 0.00 100.00 100.00 -1000 1.09 4.61 -9.26 -1000 41.64 0.43 929.210
car -1 -1 0.00 0.00 0.00 100.00 100.00 -1000 1.19 3.87 -5.10 -1000 26.63 0.25 928.715
car -1 -1 0.00 0.00 0.00 100.00 100.00 -1000 1.78 4.69 -2.69 -1000 38.30 0.05 926.253
car -1 -1 0.00 0.00 0.00 100.00 100.00 -1000 1.09 3.80 -6.88 -1000 24.13 0.61 925.335
car -1 -1 0.00 0.00 0.00 100.00 100.00 -1000 1.63 4.10 -3.64 -1000 39.60 1.63 921.154
car -1 -1 0.00 0.00 0.00 100.00 100.00 -1000 1.53 3.84 1.18 -1000 29.37 -0.08 917.052
car -1 -1 0.00 0.00 0.00 100.00 100.00 -1000 1.69 4.12 2.63 -1000 38.68 -0.07 915.681
car -1 -1 0.00 0.00 0.00 100.00 100.00 -1000 1.12 4.05 -7.91 -1000 25.79 0.76 913.906
car -1 -1 0.00 0.00 0.00 100.00 100.00 -1000 1.85 5.14 -3.55 -1000 26.59 1.56 906.068
car -1 -1 0.00 0.00 0.00 100.00 100.00 -1000 1.63 3.92 -15.12 -1000 39.14 1.57 904.896
car -1 -1 0.00 0.00 0.00 100.00 100.00 -1000 2.22 5.97 -10.17 -1000 41.80 1.61 903.583
car -1 -1 0.00 0.00 0.00 100.00 100.00 -1000 1.19 3.89 -2.22 -1000 26.57 0.35 896.296
car -1 -1 0.00 0.00 0.00 100.00 100.00 -1000 1.36 3.33 3.26 -1000 26.93 0.04 890.985
car -1 -1 0.00 0.00 0.00 100.00 100.00 -1000 1.63 4.13 -3.66 -1000 29.87 1.58 890.751
car -1 -1 0.00 0.00 0.00 100.00 100.00 -1000 1.58 4.01 -0.34 -1000 28.99 -0.15 890.197
car -1 -1 0.00 0.00 0.00 100.00 100.00 -1000 1.64 3.97 2.49 -1000 43.01 1.62 887.797
car -1 -1 0.00 0.00 0.00 100.00 100.00 -1000 1.59 3.85 -5.36 -1000 28.42 1.63 884.519
car -1 -1 0.00 0.00 0.00 100.00 100.00 -1000 1.37 5.54 -4.53 -1000 22.86 1.38 882.290
car -1 -1 0.00 0.00 0.00 100.00 100.00 -1000 1.63 3.93 2.57 -1000 40.12 1.55 881.586
car -1 -1 0.00 0.00 0.00 100.00 100.00 -1000 1.53 3.88 2.12 -1000 27.24 0.04 879.149
car -1 -1 0.00 0.00 0.00 100.00 100.00 -1000 1.58 3.83 3.79 -1000 23.13 0.07 877.823
car -1 -1 0.00 0.00 0.00 100.00 100.00 -1000 0.83 8.09 -1.34 -1000 42.45 1.66 876.732
car -1 -1 0.00 0.00 0.00 100.00 100.00 -1000 1.59 3.93 -9.65 -1000 38.62 -0.18 867.484
car -1 -1 0.00 0.00 0.00 100.00 100.00 -1000 1.52 6.38 -7.70 -1000 22.08 1.49 862.325
car -1 -1 0.00 0.00 0.00 100.00 100.00 -1000 1.55 3.81 5.39 -1000 9.63 1.54 856.150
car -1 -1 0.00 0.00 0.00 100.00 100.00 -1000 1.43 5.21 -7.89 -1000 23.64 1.57 853.514
car -1 -1 0.00 0.00 0.00 100.00 100.00 -1000 1.49 3.33 1.60 -1000 28.07 1.52 853.047
car -1 -1 0.00 0.00 0.00 100.00 100.00 -1000 1.54 3.85 1.99 -1000 34.99 0.02 852.248
car -1 -1 0.00 0.00 0.00 100.00 100.00 -1000 1.46 3.29 2.86 -1000 27.77 1.57 847.238
car -1 -1 0.00 0.00 0.00 100.00 100.00 -1000 1.62 4.01 -0.79 -1000 38.45 -0.18 844.996
car -1 -1 0.00 0.00 0.00 100.00 100.00 -1000 1.74 4.97 -2.59 -1000 25.88 1.41 844.437
car -1 -1 0.00 0.00 0.00 100.00 100.00 -1000 1.61 3.88 -1.87 -1000 34.24 0.07 836.218
car -1 -1 0.00 0.00 0.00 100.00 100.00 -1000 1.59 3.71 -6.83 -1000 25.28 1.53 831.552
car -1 -1 0.00 0.00 0.00 100.00 100.00 -1000 1.55 3.93 2.02 -1000 30.30 1.60 814.940
car -1 -1 0.00 0.00 0.00 100.00 100.00 -1000 1.60 4.02 -4.66 -1000 34.95 0.07 801.628
car -1 -1 0.00 0.00 0.00 100.00 100.00 -1000 1.50 3.55 0.71 -1000 36.07 1.56 800.764
car -1 -1 0.00 0.00 0.00 100.00 100.00 -1000 1.79 4.46 -11.53 -1000 40.90 1.66 792.356
car -1 -1 0.00 0.00 0.00 100.00 100.00 -1000 1.40 3.14 -3.47 -1000 35.65 1.58 791.914
car -1 -1 0.00 0.00 0.00 100.00 100.00 -1000 1.54 3.79 -8.13 -1000 29.25 1.56 791.905
car -1 -1 0.00 0.00 0.00 100.00 100.00 -1000 1.88 5.03 -6.38 -1000 40.71 1.71 790.085
car -1 -1 0.00 0.00 0.00 100.00 100.00 -1000 1.49 3.90 2.69 -1000 31.72 -0.05 787.775
car -1 -1 0.00 0.00 0.00 100.00 100.00 -1000 1.60 3.97 -6.59 -1000 34.97 -0.11 786.263
car -1 -1 0.00 0.00 0.00 100.00 100.00 -1000 1.50 5.14 -7.10 -1000 10.81 0.33 779.051
car -1 -1 0.00 0.00 0.00 100.00 100.00 -1000 0.95 5.13 -4.05 -1000 24.44 0.58 778.097
car -1 -1 0.00 0.00 0.00 100.00 100.00 -1000 2.86 12.28 -0.16 -1000 45.35 1.48 778.085
car -1 -1 0.00 0.00 0.00 100.00 100.00 -1000 1.61 3.81 -4.59 -1000 43.41 1.51 778.072
car -1 -1 0.00 0.00 0.00 100.00 100.00 -1000 2.41 2.03 -1.63 -1000 28.46 1.63 775.089
car -1 -1 0.00 0.00 0.00 100.00 100.00 -1000 1.39 3.05 -1.02 -1000 35.62 1.61 772.959
car -1 -1 0.00 0.00 0.00 100.00 100.00 -1000 1.61 3.88 -9.37 -1000 34.58 0.17 772.833
car -1 -1 0.00 0.00 0.00 100.00 100.00 -1000 3.31 5.64 -1.98 -1000 47.93 0.91 771.537
car -1 -1 0.00 0.00 0.00 100.00 100.00 -1000 1.58 3.88 -3.35 -1000 34.55 0.17 769.961
car -1 -1 0.00 0.00 0.00 100.00 100.00 -1000 1.39 5.20 -11.31 -1000 18.98 1.94 763.085
car -1 -1 0.00 0.00 0.00 100.00 100.00 -1000 1.57 4.03 2.90 -1000 29.24 0.09 759.126
car -1 -1 0.00 0.00 0.00 100.00 100.00 -1000 1.48 3.29 -1.14 -1000 27.69 1.58 758.648
car -1 -1 0.00 0.00 0.00 100.00 100.00 -1000 1.51 3.66 -1.67 -1000 32.35 1.58 756.848
car -1 -1 0.00 0.00 0.00 100.00 100.00 -1000 1.37 3.07 -2.07 -1000 35.32 1.58 755.468
car -1 -1 0.00 0.00 0.00 100.00 100.00 -1000 1.47 3.55 -5.25 -1000 36.02 1.54 755.329
car -1 -1 0.00 0.00 0.00 100.00 100.00 -1000 2.42 2.24 -6.56 -1000 29.84 1.68 753.861
car -1 -1 0.00 0.00 0.00 100.00 100.00 -1000 1.59 3.62 -10.59 -1000 28.50 1.59 749.521
car -1 -1 0.00 0.00 0.00 100.00 100.00 -1000 1.54 3.94 4.61 -1000 19.24 1.53 746.071
car -1 -1 0.00 0.00 0.00 100.00 100.00 -1000 1.61 4.85 -13.50 -1000 39.36 1.61 745.447
car -1 -1 0.00 0.00 0.00 100.00 100.00 -1000 2.47 6.46 -11.52 -1000 46.51 1.58 743.680
car -1 -1 0.00 0.00 0.00 100.00 100.00 -1000 1.70 4.09 -3.33 -1000 27.51 1.58 738.204
car -1 -1 0.00 0.00 0.00 100.00 100.00 -1000 1.59 3.94 -11.15 -1000 34.97 0.07 734.845
car -1 -1 0.00 0.00 0.00 100.00 100.00 -1000 1.59 3.96 -9.46 -1000 39.75 1.66 731.076
car -1 -1 0.00 0.00 0.00 100.00 100.00 -1000 1.52 3.74 0.16 -1000 34.85 -0.15 730.660
car -1 -1 0.00 0.00 0.00 100.00 100.00 -1000 1.50 3.59 3.33 -1000 39.49 1.60 728.291
car -1 -1 0.00 0.00 0.00 100.00 100.00 -1000 1.76 4.91 -5.07 -1000 41.86 -0.39 722.886
car -1 -1 0.00 0.00 0.00 100.00 100.00 -1000 1.66 4.26 5.55 -1000 11.21 1.57 722.724
car -1 -1 0.00 0.00 0.00 100.00 100.00 -1000 1.62 4.16 -4.61 -1000 31.80 0.06 714.896
car -1 -1 0.00 0.00 0.00 100.00 100.00 -1000 1.84 5.51 -8.75 -1000 11.59 1.83 711.711
car -1 -1 0.00 0.00 0.00 100.00 100.00 -1000 1.58 3.63 -16.22 -1000 39.54 1.52 709.795
car -1 -1 0.00 0.00 0.00 100.00 100.00 -1000 1.55 3.54 -18.05 -1000 39.91 1.66 708.090
car -1 -1 0.00 0.00 0.00 100.00 100.00 -1000 2.73 6.68 -5.50 -1000 46.48 1.51 706.099
car -1 -1 0.00 0.00 0.00 100.00 100.00 -1000 1.58 6.60 -4.05 -1000 21.05 1.35 703.729
car -1 -1 0.00 0.00 0.00 100.00 100.00 -1000 1.54 4.22 -17.32 -1000 27.30 1.75 701.179
car -1 -1 0.00 0.00 0.00 100.00 100.00 -1000 1.52 4.02 -0.17 -1000 26.91 -0.04 701.016
car -1 -1 0.00 0.00 0.00 100.00 100.00 -1000 1.79 5.15 -6.55 -1000 45.12 0.20 699.855
car -1 -1 0.00 0.00 0.00 100.00 100.00 -1000 1.62 3.84 -1.71 -1000 31.34 -0.02 698.902
car -1 -1 0.00 0.00 0.00 100.00 100.00 -1000 1.59 4.16 -4.94 -1000 24.95 1.52 698.036
car -1 -1 0.00 0.00 0.00 100.00 100.00 -1000 2.28 5.43 -11.73 -1000 45.48 1.60 692.373
car -1 -1 0.00 0.00 0.00 100.00 100.00 -1000 1.96 6.31 -8.02 -1000 25.77 1.52 686.924
car -1 -1 0.00 0.00 0.00 100.00 100.00 -1000 1.50 3.69 4.82 -1000 17.65 1.53 686.679
car -1 -1 0.00 0.00 0.00 100.00 100.00 -1000 1.83 5.42 -2.61 -1000 24.28 1.42 679.396
car -1 -1 0.00 0.00 0.00 100.00 100.00 -1000 1.65 4.19 -14.73 -1000 39.88 1.55 675.017
car -1 -1 0.00 0.00 0.00 100.00 100.00 -1000 1.77 4.99 -10.54 -1000 26.71 1.85 673.626
car -1 -1 0.00 0.00 0.00 100.00 100.00 -1000 1.53 3.70 -10.12 -1000 36.03 1.57 671.435
car -1 -1 0.00 0.00 0.00 100.00 100.00 -1000 1.47 3.27 -11.54 -1000 29.87 1.56 667.669
car -1 -1 0.00 0.00 0.00 100.00 100.00 -1000 1.39 3.03 -7.86 -1000 35.76 1.58 667.550
car -1 -1 0.00 0.00 0.00 100.00 100.00 -1000 1.57 4.12 -2.97 -1000 31.69 0.05 667.428
car -1 -1 0.00 0.00 0.00 100.00 100.00 -1000 1.53 3.61 -3.47 -1000 32.81 1.55 666.275
car -1 -1 0.00 0.00 0.00 100.00 100.00 -1000 1.64 4.24 5.61 -1000 12.81 1.58 662.610
car -1 -1 0.00 0.00 0.00 100.00 100.00 -1000 1.35 6.62 -16.70 -1000 25.97 1.64 655.095
car -1 -1 0.00 0.00 0.00 100.00 100.00 -1000 1.59 3.90 5.46 -1000 14.04 1.57 654.519
car -1 -1 0.00 0.00 0.00 100.00 100.00 -1000 1.57 3.91 0.29 -1000 32.92 1.50 653.266
car -1 -1 0.00 0.00 0.00 100.00 100.00 -1000 1.75 4.51 -7.70 -1000 46.03 1.71 642.648
car -1 -1 0.00 0.00 0.00 100.00 100.00 -1000 2.28 6.18 0.29 -1000 40.59 1.50 638.679
car -1 -1 0.00 0.00 0.00 100.00 100.00 -1000 1.74 4.29 5.20 -1000 24.54 1.67 638.273
car -1 -1 0.00 0.00 0.00 100.00 100.00 -1000 2.31 7.70 0.95 -1000 43.72 1.44 630.203
car -1 -1 0.00 0.00 0.00 100.00 100.00 -1000 1.71 4.24 -12.69 -1000 37.86 0.06 627.477
car -1 -1 0.00 0.00 0.00 100.00 100.00 -1000 1.57 4.11 -17.21 -1000 28.74 1.65 622.398
car -1 -1 0.00 0.00 0.00 100.00 100.00 -1000 1.56 3.81 -11.42 -1000 39.94 1.60 622.110
car -1 -1 0.00 0.00 0.00 100.00 100.00 -1000 1.74 4.22 -6.01 -1000 38.98 1.69 617.599
car -1 -1 0.00 0.00 0.00 100.00 100.00 -1000 1.56 4.10 2.63 -1000 24.18 1.51 613.341
car -1 -1 0.00 0.00 0.00 100.00 100.00 -1000 1.48 3.49 -9.89 -1000 42.92 1.60 612.812
car -1 -1 0.00 0.00 0.00 100.00 100.00 -1000 1.90 4.95 -14.87 -1000 38.17 -0.02 612.573
car -1 -1 0.00 0.00 0.00 100.00 100.00 -1000 1.59 4.00 5.21 -1000 18.54 1.61 611.369
car -1 -1 0.00 0.00 0.00 100.00 100.00 -1000 1.48 3.48 -5.08 -1000 32.87 1.56 608.547
car -1 -1 0.00 0.00 0.00 100.00 100.00 -1000 3.61 3.00 -2.55 -1000 31.68 1.94 608.055
car -1 -1 0.00 0.00 0.00 100.00 100.00 -1000 1.52 3.84 -8.53 -1000 42.59 1.57 607.562
car -1 -1 0.00 0.00 0.00 100.00 100.00 -1000 1.87 4.73 -11.35 -1000 43.17 1.68 606.498
car -1 -1 0.00 0.00 0.00 100.00 100.00 -1000 1.52 3.75 1.46 -1000 32.03 0.07 602.761
car -1 -1 0.00 0.00 0.00 100.00 100.00 -1000 1.51 3.78 -6.85 -1000 42.53 1.51 602.451
car -1 -1 0.00 0.00 0.00 100.00 100.00 -1000 1.75 5.98 -9.10 -1000 23.15 1.47 596.579
car -1 -1 0.00 0.00 0.00 100.00 100.00 -1000 1.47 3.21 3.60 -1000 24.76 0.05 589.238
car -1 -1 0.00 0.00 0.00 100.00 100.00 -1000 2.15 4.52 -3.38 -1000 30.73 1.68 587.500
car -1 -1 0.00 0.00 0.00 100.00 100.00 -1000 2.23 8.64 -0.92 -1000 46.05 1.51 586.039
car -1 -1 0.00 0.00 0.00 100.00 100.00 -1000 1.78 4.35 -9.60 -1000 46.02 1.60 585.929
car -1 -1 0.00 0.00 0.00 100.00 100.00 -1000 1.51 3.46 1.65 -1000 26.08 1.53 583.388
car -1 -1 0.00 0.00 0.00 100.00 100.00 -1000 1.86 4.86 -18.20 -1000 38.59 0.01 582.346
car -1 -1 0.00 0.00 0.00 100.00 100.00 -1000 1.51 3.16 -0.15 -1000 9.65 1.79 582.246
car -1 -1 0.00 0.00 0.00 100.00 100.00 -1000 1.52 4.87 -13.18 -1000 40.63 1.41 578.796
car -1 -1 0.00 0.00 0.00 100.00 100.00 -1000 1.36 4.66 -7.66 -1000 21.41 1.24 578.008
car -1 -1 0.00 0.00 0.00 100.00 100.00 -1000 1.62 3.84 -6.37 -1000 23.07 1.52 577.678
car -1 -1 0.00 0.00 0.00 100.00 100.00 -1000 2.96 1.87 -5.52 -1000 28.42 1.50 576.091
car -1 -1 0.00 0.00 0.00 100.00 100.00 -1000 2.01 5.18 2.39 -1000 41.48 -0.10 573.450
car -1 -1 0.00 0.00 0.00 100.00 100.00 -1000 1.43 3.50 2.24 -1000 36.01 1.58 569.843
car -1 -1 0.00 0.00 0.00 100.00 100.00 -1000 1.60 4.21 2.97 -1000 32.84 1.54 568.602
car -1 -1 0.00 0.00 0.00 100.00 100.00 -1000 1.59 3.91 5.43 -1000 15.28 1.52 566.777
car -1 -1 0.00 0.00 0.00 100.00 100.00 -1000 1.64 4.34 -16.23 -1000 38.68 0.08 566.106
car -1 -1 0.00 0.00 0.00 100.00 100.00 -1000 1.57 3.80 -8.42 -1000 32.80 1.56 564.840
car -1 -1 0.00 0.00 0.00 100.00 100.00 -1000 1.56 4.01 4.52 -1000 20.86 1.56 560.418
car -1 -1 0.00 0.00 0.00 100.00 100.00 -1000 1.66 3.97 0.27 -1000 27.89 1.53 555.741
car -1 -1 0.00 0.00 0.00 100.00 100.00 -1000 1.70 4.15 -7.97 -1000 26.86 1.50 549.595
car -1 -1 0.00 0.00 0.00 100.00 100.00 -1000 2.57 9.56 -2.07 -1000 44.17 1.37 549.269
car -1 -1 0.00 0.00 0.00 100.00 100.00 -1000 1.53 3.48 3.27 -1000 42.49 1.69 548.576
car -1 -1 0.00 0.00 0.00 100.00 100.00 -1000 1.60 3.86 5.34 -1000 16.94 1.57 537.592
car -1 -1 0.00 0.00 0.00 100.00 100.00 -1000 1.22 5.15 -6.67 -1000 11.65 1.00 536.518
car -1 -1 0.00 0.00 0.00 100.00 100.00 -1000 1.06 5.58 -4.60 -1000 25.67 0.18 531.104
car -1 -1 0.00 0.00 0.00 100.00 100.00 -1000 1.66 4.44 4.12 -1000 20.08 1.52 528.031
car -1 -1 0.00 0.00 0.00 100.00 100.00 -1000 1.73 4.25 5.42 -1000 8.09 1.66 524.103
car -1 -1 0.00 0.00 0.00 100.00 100.00 -1000 1.54 3.90 5.02 -1000 16.04 1.56 520.675
car -1 -1 0.00 0.00 0.00 100.00 100.00 -1000 1.41 3.10 -9.63 -1000 32.53 1.60 516.014
car -1 -1 0.00 0.00 0.00 100.00 100.00 -1000 1.50 3.77 -4.43 -1000 29.02 -0.17 516.008
car -1 -1 0.00 0.00 0.00 100.00 100.00 -1000 1.82 6.41 -2.12 -1000 40.12 1.51 512.642
car -1 -1 0.00 0.00 0.00 100.00 100.00 -1000 1.62 3.77 -12.63 -1000 38.79 1.71 510.838
car -1 -1 0.00 0.00 0.00 100.00 100.00 -1000 1.20 4.43 -9.42 -1000 25.33 0.40 507.552
car -1 -1 0.00 0.00 0.00 100.00 100.00 -1000 1.66 4.35 4.26 -1000 25.71 1.62 507.060
car -1 -1 0.00 0.00 0.00 100.00 100.00 -1000 1.56 3.87 -8.63 -1000 28.51 0.09 504.802
car -1 -1 0.00 0.00 0.00 100.00 100.00 -1000 1.63 4.02 -4.96 -1000 20.56 1.52 501.053
car -1 -1 0.00 0.00 0.00 100.00 100.00 -1000 1.42 4.99 -14.53 -1000 24.34 1.47 499.594
car -1 -1 0.00 0.00 0.00 100.00 100.00 -1000 1.46 3.96 1.87 -1000 25.22 0.08 495.943
car -1 -1 0.00 0.00 0.00 100.00 100.00 -1000 1.28 3.71 -1.11 -1000 37.59 -0.30 486.877
car -1 -1 0.00 0.00 0.00 100.00 100.00 -1000 1.47 3.57 -11.99 -1000 14.49 1.53 483.636
car -1 -1 0.00 0.00 0.00 100.00 100.00 -1000 1.50 3.46 -10.87 -1000 42.31 1.57 483.562
car -1 -1 0.00 0.00 0.00 100.00 100.00 -1000 1.48 3.66 -6.76 -1000 32.87 1.58 482.010
car -1 -1 0.00 0.00 0.00 100.00 100.00 -1000 1.60 3.98 6.50 -1000 17.69 1.59 479.590
car -1 -1 0.00 0.00 0.00 100.00 100.00 -1000 1.70 4.19 3.61 -1000 40.62 1.63 477.130
car -1 -1 0.00 0.00 0.00 100.00 100.00 -1000 1.57 3.93 -9.75 -1000 29.25 1.53 476.980
car -1 -1 0.00 0.00 0.00 100.00 100.00 -1000 1.72 4.11 -9.94 -1000 31.35 -0.04 475.164
car -1 -1 0.00 0.00 0.00 100.00 100.00 -1000 2.93 7.62 -9.58 -1000 16.44 1.34 468.125
car -1 -1 0.00 0.00 0.00 100.00 100.00 -1000 1.59 3.90 1.72 -1000 33.20 1.53 463.028
car -1 -1 0.00 0.00 0.00 100.00 100.00 -1000 1.65 4.25 -0.46 -1000 31.66 -0.24 461.605
car -1 -1 0.00 0.00 0.00 100.00 100.00 -1000 1.74 4.50 -9.78 -1000 40.67 1.60 460.942
car -1 -1 0.00 0.00 0.00 100.00 100.00 -1000 2.13 5.75 -4.32 -1000 41.09 1.47 459.634
car -1 -1 0.00 0.00 0.00 100.00 100.00 -1000 2.50 7.20 -9.40 -1000 15.14 1.46 458.321
car -1 -1 0.00 0.00 0.00 100.00 100.00 -1000 1.53 3.55 -5.42 -1000 42.78 1.54 455.055
car -1 -1 0.00 0.00 0.00 100.00 100.00 -1000 2.82 8.33 -6.98 -1000 45.10 0.01 449.824
car -1 -1 0.00 0.00 0.00 100.00 100.00 -1000 1.65 3.94 5.40 -1000 23.42 1.66 447.433
car -1 -1 0.00 0.00 0.00 100.00 100.00 -1000 1.70 4.71 -8.04 -1000 24.91 1.51 446.236
car -1 -1 0.00 0.00 0.00 100.00 100.00 -1000 1.65 3.32 -6.63 -1000 44.41 1.43 446.067
car -1 -1 0.00 0.00 0.00 100.00 100.00 -1000 1.69 4.26 -11.40 -1000 29.05 -0.08 441.075
car -1 -1 0.00 0.00 0.00 100.00 100.00 -1000 1.51 3.72 -7.14 -1000 15.94 1.55 435.854
car -1 -1 0.00 0.00 0.00 100.00 100.00 -1000 1.50 3.27 4.08 -1000 38.81 1.68 435.729
car -1 -1 0.00 0.00 0.00 100.00 100.00 -1000 2.17 7.98 2.96 -1000 45.31 1.44 430.334
car -1 -1 0.00 0.00 0.00 100.00 100.00 -1000 1.71 5.05 -15.13 -1000 44.08 1.41 425.756
car -1 -1 0.00 0.00 0.00 100.00 100.00 -1000 1.51 3.45 -13.73 -1000 25.74 1.47 417.841
car -1 -1 0.00 0.00 0.00 100.00 100.00 -1000 1.54 3.63 4.45 -1000 21.67 1.59 412.248
car -1 -1 0.00 0.00 0.00 100.00 100.00 -1000 1.53 3.52 4.78 -1000 22.63 1.63 411.614
car -1 -1 0.00 0.00 0.00 100.00 100.00 -1000 1.78 4.85 -9.60 -1000 47.24 1.70 411.293
car -1 -1 0.00 0.00 0.00 100.00 100.00 -1000 1.58 3.83 6.63 -1000 14.45 1.68 411.139
car -1 -1 0.00 0.00 0.00 100.00 100.00 -1000 1.74 4.63 6.37 -1000 24.07 1.53 411.048
car -1 -1 0.00 0.00 0.00 100.00 100.00 -1000 1.66 3.99 5.87 -1000 8.87 1.65 410.490
car -1 -1 0.00 0.00 0.00 100.00 100.00 -1000 1.69 4.49 -0.40 -1000 25.70 1.52 407.028
car -1 -1 0.00 0.00 0.00 100.00 100.00 -1000 1.86 5.44 -5.48 -1000 30.40 1.54 406.816
car -1 -1 0.00 0.00 0.00 100.00 100.00 -1000 1.51 3.49 -5.91 -1000 32.03 0.24 400.408
car -1 -1 0.00 0.00 0.00 100.00 100.00 -1000 1.25 4.73 -7.49 -1000 20.38 1.29 396.528
car -1 -1 0.00 0.00 0.00 100.00 100.00 -1000 1.50 3.70 2.01 -1000 23.49 0.06 395.430
car -1 -1 0.00 0.00 0.00 100.00 100.00 -1000 1.45 4.92 -11.25 -1000 25.97 0.31 393.701
car -1 -1 0.00 0.00 0.00 100.00 100.00 -1000 1.80 4.58 7.38 -1000 13.22 1.57 393.276
car -1 -1 0.00 0.00 0.00 100.00 100.00 -1000 1.76 5.45 -16.86 -1000 40.40 1.56 391.032
car -1 -1 0.00 0.00 0.00 100.00 100.00 -1000 1.61 4.01 4.37 -1000 28.94 1.61 387.183
car -1 -1 0.00 0.00 0.00 100.00 100.00 -1000 1.71 3.76 -17.77 -1000 37.78 1.56 386.925
car -1 -1 0.00 0.00 0.00 100.00 100.00 -1000 2.31 8.54 -13.22 -1000 31.67 1.43 379.459
car -1 -1 0.00 0.00 0.00 100.00 100.00 -1000 1.72 4.28 6.32 -1000 12.00 1.69 377.424
car -1 -1 0.00 0.00 0.00 100.00 100.00 -1000 1.73 4.49 6.98 -1000 15.62 1.54 374.515
car -1 -1 0.00 0.00 0.00 100.00 100.00 -1000 1.87 5.02 -10.44 -1000 44.74 1.68 369.835
car -1 -1 0.00 0.00 0.00 100.00 100.00 -1000 2.17 7.90 -3.63 -1000 45.24 1.46 364.981
car -1 -1 0.00 0.00 0.00 100.00 100.00 -1000 1.84 4.88 7.89 -1000 14.79 1.48 364.108
car -1 -1 0.00 0.00 0.00 100.00 100.00 -1000 2.81 6.76 -6.55 -1000 47.90 1.65 355.459
car -1 -1 0.00 0.00 0.00 100.00 100.00 -1000 1.63 4.18 5.25 -1000 39.40 1.50 349.166
car -1 -1 0.00 0.00 0.00 100.00 100.00 -1000 1.35 4.84 -10.49 -1000 24.90 0.55 349.066
car -1 -1 0.00 0.00 0.00 100.00 100.00 -1000 1.63 3.97 -0.80 -1000 24.79 0.13 345.783
car -1 -1 0.00 0.00 0.00 100.00 100.00 -1000 1.61 4.26 -7.81 -1000 41.28 0.09 343.458
car -1 -1 0.00 0.00 0.00 100.00 100.00 -1000 1.30 3.50 -7.77 -1000 34.48 -0.05 340.935
car -1 -1 0.00 0.00 0.00 100.00 100.00 -1000 1.88 4.55 -12.92 -1000 42.68 1.37 340.461
car -1 -1 0.00 0.00 0.00 100.00 100.00 -1000 1.45 3.87 -5.67 -1000 21.98 0.16 338.963
car -1 -1 0.00 0.00 0.00 100.00 100.00 -1000 1.51 3.49 -12.71 -1000 26.18 1.52 335.016
car -1 -1 0.00 0.00 0.00 100.00 100.00 -1000 1.84 4.13 -0.46 -1000 36.99 1.52 331.892
car -1 -1 0.00 0.00 0.00 100.00 100.00 -1000 0.79 3.76 -6.86 -1000 22.03 0.89 330.884
car -1 -1 0.00 0.00 0.00 100.00 100.00 -1000 1.56 3.31 3.80 -1000 47.12 1.62 329.469
car -1 -1 0.00 0.00 0.00 100.00 100.00 -1000 0.79 3.03 -2.67 -1000 37.91 -0.22 328.113
car -1 -1 0.00 0.00 0.00 100.00 100.00 -1000 1.94 6.46 2.03 -1000 46.09 1.46 327.978
car -1 -1 0.00 0.00 0.00 100.00 100.00 -1000 1.68 4.16 6.43 -1000 10.39 1.69 325.356
car -1 -1 0.00 0.00 0.00 100.00 100.00 -1000 1.48 3.72 -7.73 -1000 22.74 0.06 324.446
car -1 -1 0.00 0.00 0.00 100.00 100.00 -1000 1.71 4.56 -9.34 -1000 10.83 1.52 322.010
car -1 -1 0.00 0.00 0.00 100.00 100.00 -1000 2.10 6.84 10.19 -1000 16.38 1.39 321.922
car -1 -1 0.00 0.00 0.00 100.00 100.00 -1000 2.06 6.46 9.35 -1000 21.21 1.41 320.887
car -1 -1 0.00 0.00 0.00 100.00 100.00 -1000 1.76 4.89 -7.34 -1000 30.16 1.56 320.534
car -1 -1 0.00 0.00 0.00 100.00 100.00 -1000 1.76 5.07 -9.43 -1000 21.38 1.63 319.567
car -1 -1 0.00 0.00 0.00 100.00 100.00 -1000 1.57 3.74 4.45 -1000 26.51 1.65 318.303
car -1 -1 0.00 0.00 0.00 100.00 100.00 -1000 1.58 3.70 3.23 -1000 35.63 1.60 317.084
car -1 -1 0.00 0.00 0.00 100.00 100.00 -1000 1.62 4.15 3.95 -1000 18.14 1.44 314.115
car -1 -1 0.00 0.00 0.00 100.00 100.00 -1000 1.72 4.66 0.76 -1000 24.11 1.49 311.150
car -1 -1 0.00 0.00 0.00 100.00 100.00 -1000 1.67 4.36 -16.05 -1000 42.58 1.50 309.680
car -1 -1 0.00 0.00 0.00 100.00 100.00 -1000 1.67 4.34 -15.04 -1000 45.85 1.42 308.798
car -1 -1 0.00 0.00 0.00 100.00 100.00 -1000 1.81 4.65 -7.16 -1000 14.95 1.63 308.147
car -1 -1 0.00 0.00 0.00 100.00 100.00 -1000 2.07 6.40 10.24 -1000 12.35 1.40 307.933
car -1 -1 0.00 0.00 0.00 100.00 100.00 -1000 2.07 6.73 7.74 -1000 41.39 1.40 307.233
car -1 -1 0.00 0.00 0.00 100.00 100.00 -1000 2.06 6.45 9.34 -1000 19.61 1.41 307.091
car -1 -1 0.00 0.00 0.00 100.00 100.00 -1000 1.64 4.00 -11.34 -1000 38.36 -0.08 306.221
car -1 -1 0.00 0.00 0.00 100.00 100.00 -1000 2.08 6.54 10.21 -1000 13.96 1.40 306.217
car -1 -1 0.00 0.00 0.00 100.00 100.00 -1000 1.76 4.84 7.69 -1000 11.18 1.49 303.811
car -1 -1 0.00 0.00 0.00 100.00 100.00 -1000 2.10 6.62 9.38 -1000 22.81 1.39 303.343
car -1 -1 0.00 0.00 0.00 100.00 100.00 -1000 1.48 4.01 -3.41 -1000 20.35 0.10 301.865
car -1 -1 0.00 0.00 0.00 100.00 100.00 -1000 1.86 4.94 -6.60 -1000 37.99 1.56 300.635
car -1 -1 0.00 0.00 0.00 100.00 100.00 -1000 1.85 4.88 -3.40 -1000 22.25 1.52 298.973
car -1 -1 0.00 0.00 0.00 100.00 100.00 -1000 2.02 6.53 -13.16 -1000 30.85 1.41 297.645
car -1 -1 0.00 0.00 0.00 100.00 100.00 -1000 1.48 3.81 -12.29 -1000 15.22 1.53 297.412
car -1 -1 0.00 0.00 0.00 100.00 100.00 -1000 1.57 5.45 -11.41 -1000 17.96 1.71 296.205
car -1 -1 0.00 0.00 0.00 100.00 100.00 -1000 1.79 4.57 6.84 -1000 18.87 1.52 295.939
car -1 -1 0.00 0.00 0.00 100.00 100.00 -1000 1.68 4.46 -10.55 -1000 39.23 1.61 295.642
car -1 -1 0.00 0.00 0.00 100.00 100.00 -1000 2.19 8.40 3.16 -1000 44.14 1.43 295.427
car -1 -1 0.00 0.00 0.00 100.00 100.00 -1000 1.50 4.08 -12.87 -1000 35.65 1.52 294.751
car -1 -1 0.00 0.00 0.00 100.00 100.00 -1000 1.60 3.90 6.28 -1000 16.48 1.66 293.138
car -1 -1 0.00 0.00 0.00 100.00 100.00 -1000 1.99 5.98 10.33 -1000 10.75 1.40 292.852
car -1 -1 0.00 0.00 0.00 100.00 100.00 -1000 1.59 3.95 2.66 -1000 19.10 0.23 292.273
car -1 -1 0.00 0.00 0.00 100.00 100.00 -1000 1.44 3.75 -1.95 -1000 19.20 0.35 290.017
car -1 -1 0.00 0.00 0.00 100.00 100.00 -1000 1.60 4.06 -10.90 -1000 47.58 1.54 288.038
car -1 -1 0.00 0.00 0.00 100.00 100.00 -1000 1.63 4.32 2.90 -1000 20.67 0.22 287.922
car -1 -1 0.00 0.00 0.00 100.00 100.00 -1000 1.72 4.56 -10.34 -1000 43.86 1.59 287.569
car -1 -1 0.00 0.00 0.00 100.00 100.00 -1000 1.86 5.49 7.79 -1000 40.21 1.37 287.515
car -1 -1 0.00 0.00 0.00 100.00 100.00 -1000 1.89 2.65 -6.62 -1000 27.35 1.41 285.395
car -1 -1 0.00 0.00 0.00 100.00 100.00 -1000 1.68 4.19 7.67 -1000 10.01 1.53 284.618
car -1 -1 0.00 0.00 0.00 100.00 100.00 -1000 1.58 4.02 -13.17 -1000 17.70 1.49 284.316
car -1 -1 0.00 0.00 0.00 100.00 100.00 -1000 1.82 5.28 7.30 -1000 20.84 1.41 283.132
car -1 -1 0.00 0.00 0.00 100.00 100.00 -1000 1.78 5.20 -8.69 -1000 30.57 1.54 280.515
car -1 -1 0.00 0.00 0.00 100.00 100.00 -1000 1.71 4.39 5.76 -1000 19.67 1.61 280.067
car -1 -1 0.00 0.00 0.00 100.00 100.00 -1000 1.70 4.13 -11.15 -1000 20.53 1.63 279.205
car -1 -1 0.00 0.00 0.00 100.00 100.00 -1000 1.60 5.77 -8.66 -1000 34.04 1.42 278.064
car -1 -1 0.00 0.00 0.00 100.00 100.00 -1000 1.60 4.14 2.67 -1000 21.57 1.50 277.849
car -1 -1 0.00 0.00 0.00 100.00 100.00 -1000 2.00 6.08 10.24 -1000 15.24 1.36 277.701
car -1 -1 0.00 0.00 0.00 100.00 100.00 -1000 2.15 7.08 10.13 -1000 17.97 1.37 276.930
car -1 -1 0.00 0.00 0.00 100.00 100.00 -1000 1.55 3.62 4.39 -1000 27.41 1.69 275.466
car -1 -1 0.00 0.00 0.00 100.00 100.00 -1000 2.08 6.59 9.40 -1000 24.40 1.38 273.962
car -1 -1 0.00 0.00 0.00 100.00 100.00 -1000 1.77 4.75 4.60 -1000 41.42 1.51 271.590
