car -1 -1 0.00 0.00 0.00 100.00 100.00 -1000 1.74 4.52 12.75 -1000 22.22 1.56 997.822
car -1 -1 0.00 0.00 0.00 100.00 100.00 -1000 1.79 4.74 15.47 -1000 22.15 1.57 997.406
car -1 -1 0.00 0.00 0.00 100.00 100.00 -1000 1.69 4.50 10.99 -1000 22.61 1.60 996.701
car -1 -1 0.00 0.00 0.00 100.00 100.00 -1000 1.70 4.39 9.55 -1000 23.02 1.55 995.284
car -1 -1 0.00 0.00 0.00 100.00 100.00 -1000 1.64 3.86 1.09 -1000 14.53 1.56 992.326
car -1 -1 0.00 0.00 0.00 100.00 100.00 -1000 1.55 4.36 0.73 -1000 13.70 -0.22 991.627
car -1 -1 0.00 0.00 0.00 100.00 100.00 -1000 1.70 4.53 7.54 -1000 23.88 1.56 990.916
car -1 -1 0.00 0.00 0.00 100.00 100.00 -1000 1.76 4.94 17.31 -1000 22.27 1.56 986.599
car -1 -1 0.00 0.00 0.00 100.00 100.00 -1000 3.09 6.59 13.38 -1000 21.58 -0.09 981.036
car -1 -1 0.00 0.00 0.00 100.00 100.00 -1000 1.57 3.50 -3.17 -1000 13.35 1.55 973.838
car -1 -1 0.00 0.00 0.00 100.00 100.00 -1000 1.68 4.01 -1.24 -1000 14.06 1.53 971.641
car -1 -1 0.00 0.00 0.00 100.00 100.00 -1000 1.66 4.30 4.98 -1000 25.61 1.59 971.099
car -1 -1 0.00 0.00 0.00 100.00 100.00 -1000 1.79 5.04 6.69 -1000 24.65 1.59 965.854
car -1 -1 0.00 0.00 0.00 100.00 100.00 -1000 2.06 4.85 16.19 -1000 21.33 -0.32 964.525
car -1 -1 0.00 0.00 0.00 100.00 100.00 -1000 1.87 5.08 14.08 -1000 22.69 1.60 948.161
car -1 -1 0.00 0.00 0.00 100.00 100.00 -1000 1.74 4.37 -0.61 -1000 14.74 1.57 946.265
car -1 -1 0.00 0.00 0.00 100.00 100.00 -1000 2.86 7.08 9.90 -1000 22.79 0.08 939.681
car -1 -1 0.00 0.00 0.00 100.00 100.00 -1000 1.66 4.64 1.77 -1000 15.18 1.58 939.185
car -1 -1 0.00 0.00 0.00 100.00 100.00 -1000 1.56 4.13 -3.38 -1000 10.35 1.42 932.665
car -1 -1 0.00 0.00 0.00 100.00 100.00 -1000 3.31 16.15 14.78 -1000 25.21 1.48 914.050
car -1 -1 0.00 0.00 0.00 100.00 100.00 -1000 1.60 3.68 -3.40 -1000 5.24 1.42 906.920
car -1 -1 0.00 0.00 0.00 100.00 100.00 -1000 1.67 4.36 -3.84 -1000 9.49 -0.00 905.294
car -1 -1 0.00 0.00 0.00 100.00 100.00 -1000 1.80 4.55 13.48 -1000 21.47 -0.16 903.294
car -1 -1 0.00 0.00 0.00 100.00 100.00 -1000 1.72 4.52 0.13 -1000 12.85 0.02 902.390
car -1 -1 0.00 0.00 0.00 100.00 100.00 -1000 1.62 4.35 4.28 -1000 26.34 1.57 892.305
car -1 -1 0.00 0.00 0.00 100.00 100.00 -1000 2.26 7.58 12.22 -1000 23.09 1.54 882.938
car -1 -1 0.00 0.00 0.00 100.00 100.00 -1000 1.58 4.04 -2.62 -1000 14.31 1.56 882.546
car -1 -1 0.00 0.00 0.00 100.00 100.00 -1000 1.60 4.06 -2.87 -1000 4.22 1.73 871.246
car -1 -1 0.00 0.00 0.00 100.00 100.00 -1000 1.91 6.53 1.80 -1000 17.00 1.64 866.822
car -1 -1 0.00 0.00 0.00 100.00 100.00 -1000 1.51 3.62 -3.69 -1000 11.14 1.54 847.297
car -1 -1 0.00 0.00 0.00 100.00 100.00 -1000 1.75 4.59 -1.23 -1000 15.57 1.58 844.708
car -1 -1 0.00 0.00 0.00 100.00 100.00 -1000 2.30 7.80 9.62 -1000 23.91 1.51 843.157
car -1 -1 0.00 0.00 0.00 100.00 100.00 -1000 1.73 4.50 11.46 -1000 21.82 -0.08 837.715
car -1 -1 0.00 0.00 0.00 100.00 100.00 -1000 3.09 13.76 11.90 -1000 24.40 1.50 833.133
car -1 -1 0.00 0.00 0.00 100.00 100.00 -1000 2.12 5.83 -7.45 -1000 39.78 -0.14 832.564
car -1 -1 0.00 0.00 0.00 100.00 100.00 -1000 3.02 13.30 14.41 -1000 23.61 1.50 823.097
car -1 -1 0.00 0.00 0.00 100.00 100.00 -1000 2.74 10.55 13.15 -1000 25.93 1.45 813.787
car -1 -1 0.00 0.00 0.00 100.00 100.00 -1000 1.67 3.97 3.03 -1000 20.60 1.53 806.709
car -1 -1 0.00 0.00 0.00 100.00 100.00 -1000 1.54 3.68 -5.88 -1000 15.05 0.05 806.315
car -1 -1 0.00 0.00 0.00 100.00 100.00 -1000 1.06 4.08 3.46 -1000 27.02 0.60 804.701
car -1 -1 0.00 0.00 0.00 100.00 100.00 -1000 1.48 4.02 5.65 -1000 23.85 1.37 790.883
car -1 -1 0.00 0.00 0.00 100.00 100.00 -1000 1.60 3.59 -5.55 -1000 42.28 1.55 789.005
car -1 -1 0.00 0.00 0.00 100.00 100.00 -1000 1.46 3.50 -3.13 -1000 23.06 0.01 782.716
car -1 -1 0.00 0.00 0.00 100.00 100.00 -1000 1.51 3.25 -8.33 -1000 41.53 1.60 782.234
car -1 -1 0.00 0.00 0.00 100.00 100.00 -1000 1.57 3.65 -4.23 -1000 42.64 1.55 772.047
car -1 -1 0.00 0.00 0.00 100.00 100.00 -1000 1.65 5.08 1.62 -1000 16.00 1.48 770.327
car -1 -1 0.00 0.00 0.00 100.00 100.00 -1000 1.54 3.83 -7.31 -1000 34.21 0.26 754.751
car -1 -1 0.00 0.00 0.00 100.00 100.00 -1000 1.55 3.34 17.73 -1000 21.64 1.63 754.364
car -1 -1 0.00 0.00 0.00 100.00 100.00 -1000 1.58 4.00 -4.85 -1000 13.57 0.25 753.591
car -1 -1 0.00 0.00 0.00 100.00 100.00 -1000 1.59 3.62 7.88 -1000 23.15 1.56 746.046
car -1 -1 0.00 0.00 0.00 100.00 100.00 -1000 1.92 5.20 -6.38 -1000 40.61 -0.15 733.760
car -1 -1 0.00 0.00 0.00 100.00 100.00 -1000 1.57 3.76 -2.42 -1000 3.19 1.52 732.042
car -1 -1 0.00 0.00 0.00 100.00 100.00 -1000 1.57 3.60 -6.61 -1000 41.83 1.55 731.291
car -1 -1 0.00 0.00 0.00 100.00 100.00 -1000 1.70 4.48 2.59 -1000 19.05 1.63 730.764
car -1 -1 0.00 0.00 0.00 100.00 100.00 -1000 1.56 3.89 2.95 -1000 27.66 1.57 728.525
car -1 -1 0.00 0.00 0.00 100.00 100.00 -1000 2.84 11.70 9.20 -1000 25.17 1.45 724.465
car -1 -1 0.00 0.00 0.00 100.00 100.00 -1000 1.53 3.98 -3.99 -1000 11.94 1.43 706.153
car -1 -1 0.00 0.00 0.00 100.00 100.00 -1000 1.54 4.11 -5.86 -1000 16.66 0.07 699.277
car -1 -1 0.00 0.00 0.00 100.00 100.00 -1000 1.73 4.74 -2.66 -1000 21.90 1.62 695.043
car -1 -1 0.00 0.00 0.00 100.00 100.00 -1000 2.57 9.29 9.87 -1000 26.85 1.46 692.308
car -1 -1 0.00 0.00 0.00 100.00 100.00 -1000 3.01 10.53 10.71 -1000 16.53 1.48 678.298
car -1 -1 0.00 0.00 0.00 100.00 100.00 -1000 1.82 5.15 -1.71 -1000 20.35 1.52 675.786
car -1 -1 0.00 0.00 0.00 100.00 100.00 -1000 1.70 4.14 2.33 -1000 18.07 1.53 673.190
car -1 -1 0.00 0.00 0.00 100.00 100.00 -1000 1.39 3.44 -3.56 -1000 36.58 0.08 669.259
car -1 -1 0.00 0.00 0.00 100.00 100.00 -1000 1.62 3.67 -3.18 -1000 32.98 0.01 666.442
car -1 -1 0.00 0.00 0.00 100.00 100.00 -1000 1.58 4.06 -4.34 -1000 16.05 1.60 662.673
car -1 -1 0.00 0.00 0.00 100.00 100.00 -1000 2.20 6.98 6.52 -1000 25.96 1.50 660.808
car -1 -1 0.00 0.00 0.00 100.00 100.00 -1000 1.40 4.21 -1.72 -1000 18.26 1.37 652.217
car -1 -1 0.00 0.00 0.00 100.00 100.00 -1000 2.90 11.25 16.79 -1000 24.40 1.44 650.034
car -1 -1 0.00 0.00 0.00 100.00 100.00 -1000 1.51 3.65 -3.87 -1000 15.04 -0.12 640.103
car -1 -1 0.00 0.00 0.00 100.00 100.00 -1000 1.49 3.96 -0.14 -1000 23.10 0.03 639.694
car -1 -1 0.00 0.00 0.00 100.00 100.00 -1000 1.58 3.73 -2.93 -1000 42.92 1.59 632.596
car -1 -1 0.00 0.00 0.00 100.00 100.00 -1000 1.48 4.29 -4.64 -1000 33.93 -0.06 629.660
car -1 -1 0.00 0.00 0.00 100.00 100.00 -1000 1.66 4.37 3.56 -1000 22.63 1.53 626.107
car -1 -1 0.00 0.00 0.00 100.00 100.00 -1000 1.47 3.47 -2.23 -1000 37.37 1.59 616.903
car -1 -1 0.00 0.00 0.00 100.00 100.00 -1000 1.45 3.07 -3.33 -1000 5.95 1.57 614.096
car -1 -1 0.00 0.00 0.00 100.00 100.00 -1000 2.35 8.45 16.30 -1000 25.71 1.45 608.893
car -1 -1 0.00 0.00 0.00 100.00 100.00 -1000 1.56 4.37 -5.91 -1000 34.42 0.03 603.851
car -1 -1 0.00 0.00 0.00 100.00 100.00 -1000 1.42 3.58 -1.69 -1000 22.67 -0.09 601.859
car -1 -1 0.00 0.00 0.00 100.00 100.00 -1000 1.57 3.49 -12.43 -1000 40.08 1.63 598.478
car -1 -1 0.00 0.00 0.00 100.00 100.00 -1000 1.55 3.70 -3.88 -1000 22.39 0.09 595.330
car -1 -1 0.00 0.00 0.00 100.00 100.00 -1000 1.76 4.67 -1.78 -1000 12.51 1.65 592.115
car -1 -1 0.00 0.00 0.00 100.00 100.00 -1000 2.32 5.60 -3.94 -1000 40.96 -0.10 590.225
car -1 -1 0.00 0.00 0.00 100.00 100.00 -1000 1.33 4.04 -6.67 -1000 37.50 0.27 588.773
car -1 -1 0.00 0.00 0.00 100.00 100.00 -1000 1.56 3.89 -4.90 -1000 14.46 1.55 587.532
car -1 -1 0.00 0.00 0.00 100.00 100.00 -1000 1.71 4.45 -1.75 -1000 16.42 1.59 587.099
car -1 -1 0.00 0.00 0.00 100.00 100.00 -1000 3.50 7.11 16.45 -1000 21.15 -0.14 585.910
car -1 -1 0.00 0.00 0.00 100.00 100.00 -1000 1.83 4.48 -12.68 -1000 38.91 -0.10 580.282
car -1 -1 0.00 0.00 0.00 100.00 100.00 -1000 1.47 3.42 -2.40 -1000 34.11 1.59 577.753
car -1 -1 0.00 0.00 0.00 100.00 100.00 -1000 1.61 4.38 -4.84 -1000 25.68 0.15 577.199
car -1 -1 0.00 0.00 0.00 100.00 100.00 -1000 1.58 3.36 3.32 -1000 25.80 1.34 564.686
car -1 -1 0.00 0.00 0.00 100.00 100.00 -1000 1.67 4.21 -6.95 -1000 17.79 0.15 560.131
car -1 -1 0.00 0.00 0.00 100.00 100.00 -1000 1.52 3.68 -0.78 -1000 17.44 -0.06 554.125
car -1 -1 0.00 0.00 0.00 100.00 100.00 -1000 1.70 4.62 9.08 -1000 16.01 1.45 542.750
car -1 -1 0.00 0.00 0.00 100.00 100.00 -1000 1.51 3.53 -7.07 -1000 15.71 1.50 539.505
car -1 -1 0.00 0.00 0.00 100.00 100.00 -1000 1.50 3.37 -9.57 -1000 41.20 1.56 537.868
car -1 -1 0.00 0.00 0.00 100.00 100.00 -1000 1.68 4.49 2.71 -1000 14.30 1.64 537.194
car -1 -1 0.00 0.00 0.00 100.00 100.00 -1000 1.64 4.21 -4.82 -1000 17.44 -0.09 530.721
car -1 -1 0.00 0.00 0.00 100.00 100.00 -1000 2.32 7.88 8.17 -1000 27.66 1.44 526.075
car -1 -1 0.00 0.00 0.00 100.00 100.00 -1000 1.47 3.48 -6.32 -1000 14.27 0.14 525.515
car -1 -1 0.00 0.00 0.00 100.00 100.00 -1000 2.22 7.68 -5.38 -1000 44.61 1.47 524.868
car -1 -1 0.00 0.00 0.00 100.00 100.00 -1000 1.84 3.99 2.51 -1000 26.55 1.42 517.435
car -1 -1 0.00 0.00 0.00 100.00 100.00 -1000 1.45 3.85 -3.33 -1000 27.73 0.04 513.812
car -1 -1 0.00 0.00 0.00 100.00 100.00 -1000 2.34 7.99 18.87 -1000 25.24 1.45 510.002
car -1 -1 0.00 0.00 0.00 100.00 100.00 -1000 1.65 3.97 1.96 -1000 23.77 1.54 509.998
car -1 -1 0.00 0.00 0.00 100.00 100.00 -1000 1.54 3.63 -4.95 -1000 10.16 1.48 495.002
car -1 -1 0.00 0.00 0.00 100.00 100.00 -1000 2.08 6.68 -6.96 -1000 43.78 1.46 489.609
car -1 -1 0.00 0.00 0.00 100.00 100.00 -1000 1.62 4.74 -7.99 -1000 37.91 0.41 487.959
car -1 -1 0.00 0.00 0.00 100.00 100.00 -1000 1.43 4.07 0.12 -1000 19.16 0.14 486.990
car -1 -1 0.00 0.00 0.00 100.00 100.00 -1000 1.47 3.28 -5.03 -1000 38.20 1.55 481.733
car -1 -1 0.00 0.00 0.00 100.00 100.00 -1000 1.48 3.45 -5.42 -1000 10.91 1.51 480.595
car -1 -1 0.00 0.00 0.00 100.00 100.00 -1000 1.86 4.41 0.74 -1000 27.99 0.10 479.771
car -1 -1 0.00 0.00 0.00 100.00 100.00 -1000 1.65 3.03 18.38 -1000 20.26 1.44 479.634
car -1 -1 0.00 0.00 0.00 100.00 100.00 -1000 1.55 3.88 -0.18 -1000 16.66 -0.16 479.584
car -1 -1 0.00 0.00 0.00 100.00 100.00 -1000 1.86 4.74 -4.21 -1000 41.88 -0.25 479.559
car -1 -1 0.00 0.00 0.00 100.00 100.00 -1000 1.65 4.10 -2.53 -1000 17.30 1.58 478.288
car -1 -1 0.00 0.00 0.00 100.00 100.00 -1000 1.68 4.02 3.27 -1000 21.75 1.46 477.966
car -1 -1 0.00 0.00 0.00 100.00 100.00 -1000 1.36 3.48 -3.92 -1000 30.04 0.09 473.770
car -1 -1 0.00 0.00 0.00 100.00 100.00 -1000 1.67 4.82 9.87 -1000 22.02 1.43 472.329
car -1 -1 0.00 0.00 0.00 100.00 100.00 -1000 1.58 3.97 -5.17 -1000 37.02 0.26 468.341
car -1 -1 0.00 0.00 0.00 100.00 100.00 -1000 1.50 4.00 0.04 -1000 18.15 1.48 464.241
car -1 -1 0.00 0.00 0.00 100.00 100.00 -1000 1.49 3.34 -11.32 -1000 40.64 1.51 461.620
car -1 -1 0.00 0.00 0.00 100.00 100.00 -1000 1.59 3.92 -5.64 -1000 30.40 0.18 460.464
car -1 -1 0.00 0.00 0.00 100.00 100.00 -1000 1.84 4.76 -8.60 -1000 40.67 -0.11 459.724
car -1 -1 0.00 0.00 0.00 100.00 100.00 -1000 1.54 3.56 -5.54 -1000 22.96 1.49 457.665
car -1 -1 0.00 0.00 0.00 100.00 100.00 -1000 1.62 3.76 -0.73 -1000 3.59 1.50 452.897
car -1 -1 0.00 0.00 0.00 100.00 100.00 -1000 1.48 3.22 -2.60 -1000 42.05 1.73 452.437
car -1 -1 0.00 0.00 0.00 100.00 100.00 -1000 1.59 3.48 -8.72 -1000 34.54 0.15 452.123
car -1 -1 0.00 0.00 0.00 100.00 100.00 -1000 2.54 9.57 17.73 -1000 23.25 1.38 449.801
car -1 -1 0.00 0.00 0.00 100.00 100.00 -1000 1.50 3.65 -3.54 -1000 37.68 1.54 447.278
car -1 -1 0.00 0.00 0.00 100.00 100.00 -1000 1.48 3.49 -12.31 -1000 27.77 1.61 446.332
car -1 -1 0.00 0.00 0.00 100.00 100.00 -1000 1.51 3.74 -1.22 -1000 36.94 1.54 445.042
car -1 -1 0.00 0.00 0.00 100.00 100.00 -1000 1.57 4.08 -7.22 -1000 27.98 0.21 443.087
car -1 -1 0.00 0.00 0.00 100.00 100.00 -1000 1.61 3.39 0.95 -1000 12.26 1.45 440.945
car -1 -1 0.00 0.00 0.00 100.00 100.00 -1000 2.02 5.09 -9.63 -1000 39.71 -0.12 440.425
car -1 -1 0.00 0.00 0.00 100.00 100.00 -1000 1.66 4.66 0.19 -1000 21.81 1.52 439.799
car -1 -1 0.00 0.00 0.00 100.00 100.00 -1000 1.59 3.69 4.79 -1000 24.75 1.55 438.450
car -1 -1 0.00 0.00 0.00 100.00 100.00 -1000 2.24 7.43 6.53 -1000 28.47 1.43 438.265
car -1 -1 0.00 0.00 0.00 100.00 100.00 -1000 1.61 3.51 -2.77 -1000 36.08 -0.03 431.320
car -1 -1 0.00 0.00 0.00 100.00 100.00 -1000 1.45 3.28 -6.07 -1000 38.56 1.58 430.472
car -1 -1 0.00 0.00 0.00 100.00 100.00 -1000 1.81 4.03 -2.47 -1000 41.28 -0.21 428.831
car -1 -1 0.00 0.00 0.00 100.00 100.00 -1000 1.40 3.51 -7.29 -1000 30.70 -0.01 426.321
car -1 -1 0.00 0.00 0.00 100.00 100.00 -1000 1.50 4.06 0.96 -1000 17.44 -0.04 425.005
car -1 -1 0.00 0.00 0.00 100.00 100.00 -1000 1.52 3.63 -1.81 -1000 2.46 1.60 424.989
car -1 -1 0.00 0.00 0.00 100.00 100.00 -1000 1.57 3.81 -4.81 -1000 28.02 0.14 422.322
car -1 -1 0.00 0.00 0.00 100.00 100.00 -1000 1.59 3.52 -4.05 -1000 4.59 1.44 418.306
car -1 -1 0.00 0.00 0.00 100.00 100.00 -1000 1.68 4.76 0.14 -1000 20.21 1.51 416.184
car -1 -1 0.00 0.00 0.00 100.00 100.00 -1000 1.52 3.56 1.72 -1000 13.02 1.55 414.696
car -1 -1 0.00 0.00 0.00 100.00 100.00 -1000 1.71 4.31 -4.14 -1000 8.57 1.49 412.054
car -1 -1 0.00 0.00 0.00 100.00 100.00 -1000 1.74 5.90 3.75 -1000 15.48 1.40 411.078
car -1 -1 0.00 0.00 0.00 100.00 100.00 -1000 2.04 6.29 -5.66 -1000 42.96 1.45 402.117
car -1 -1 0.00 0.00 0.00 100.00 100.00 -1000 2.11 7.42 10.85 -1000 15.66 1.46 399.340
car -1 -1 0.00 0.00 0.00 100.00 100.00 -1000 1.45 3.08 0.51 -1000 29.10 1.64 398.295
car -1 -1 0.00 0.00 0.00 100.00 100.00 -1000 1.64 4.07 -1.92 -1000 23.64 1.57 394.919
car -1 -1 0.00 0.00 0.00 100.00 100.00 -1000 1.62 3.87 -4.10 -1000 19.76 1.48 394.408
car -1 -1 0.00 0.00 0.00 100.00 100.00 -1000 1.51 3.60 -8.49 -1000 29.35 1.52 394.166
car -1 -1 0.00 0.00 0.00 100.00 100.00 -1000 1.54 3.73 -1.83 -1000 30.94 1.58 393.373
car -1 -1 0.00 0.00 0.00 100.00 100.00 -1000 1.68 4.28 -3.14 -1000 18.04 1.54 392.078
car -1 -1 0.00 0.00 0.00 100.00 100.00 -1000 1.56 3.78 0.95 -1000 30.16 1.62 385.278
car -1 -1 0.00 0.00 0.00 100.00 100.00 -1000 1.56 3.46 -2.78 -1000 29.70 -0.12 380.256
car -1 -1 0.00 0.00 0.00 100.00 100.00 -1000 1.78 4.81 -4.00 -1000 16.84 1.60 379.193
car -1 -1 0.00 0.00 0.00 100.00 100.00 -1000 1.55 3.80 -8.69 -1000 30.26 1.50 376.136
car -1 -1 0.00 0.00 0.00 100.00 100.00 -1000 1.59 3.93 -6.02 -1000 9.72 1.56 375.765
car -1 -1 0.00 0.00 0.00 100.00 100.00 -1000 1.42 3.17 -7.67 -1000 35.62 1.61 374.235
car -1 -1 0.00 0.00 0.00 100.00 100.00 -1000 1.72 4.52 3.09 -1000 28.45 1.50 372.866
car -1 -1 0.00 0.00 0.00 100.00 100.00 -1000 2.01 4.18 -12.80 -1000 26.43 -0.09 371.190
car -1 -1 0.00 0.00 0.00 100.00 100.00 -1000 1.96 2.58 7.87 -1000 20.49 1.14 369.879
car -1 -1 0.00 0.00 0.00 100.00 100.00 -1000 1.53 4.54 -2.36 -1000 19.13 1.39 367.035
car -1 -1 0.00 0.00 0.00 100.00 100.00 -1000 1.69 4.23 2.02 -1000 22.12 1.54 366.738
car -1 -1 0.00 0.00 0.00 100.00 100.00 -1000 1.60 4.10 -13.91 -1000 40.25 1.44 363.869
car -1 -1 0.00 0.00 0.00 100.00 100.00 -1000 1.16 5.29 8.61 -1000 13.85 1.29 359.321
car -1 -1 0.00 0.00 0.00 100.00 100.00 -1000 1.69 4.36 -4.75 -1000 18.96 1.57 357.994
car -1 -1 0.00 0.00 0.00 100.00 100.00 -1000 1.52 3.05 -7.15 -1000 39.70 1.55 353.923
car -1 -1 0.00 0.00 0.00 100.00 100.00 -1000 1.58 3.73 -3.89 -1000 23.64 1.55 350.654
car -1 -1 0.00 0.00 0.00 100.00 100.00 -1000 1.92 5.73 -9.52 -1000 43.43 1.44 349.466
car -1 -1 0.00 0.00 0.00 100.00 100.00 -1000 1.82 7.16 12.81 -1000 14.47 1.56 348.927
car -1 -1 0.00 0.00 0.00 100.00 100.00 -1000 1.52 3.89 -5.51 -1000 33.41 0.04 348.686
car -1 -1 0.00 0.00 0.00 100.00 100.00 -1000 1.57 3.94 -2.80 -1000 28.90 1.58 348.662
car -1 -1 0.00 0.00 0.00 100.00 100.00 -1000 1.62 4.07 -3.73 -1000 3.61 1.53 344.887
car -1 -1 0.00 0.00 0.00 100.00 100.00 -1000 1.58 3.20 -10.77 -1000 38.82 1.60 341.101
car -1 -1 0.00 0.00 0.00 100.00 100.00 -1000 1.92 5.99 4.93 -1000 27.21 1.42 335.772
car -1 -1 0.00 0.00 0.00 100.00 100.00 -1000 1.75 3.99 -5.37 -1000 41.42 1.55 332.776
car -1 -1 0.00 0.00 0.00 100.00 100.00 -1000 1.60 3.85 -5.83 -1000 18.18 -0.07 331.484
car -1 -1 0.00 0.00 0.00 100.00 100.00 -1000 1.75 4.72 1.52 -1000 23.03 1.59 324.495
car -1 -1 0.00 0.00 0.00 100.00 100.00 -1000 1.51 3.54 -12.26 -1000 46.27 1.53 323.984
car -1 -1 0.00 0.00 0.00 100.00 100.00 -1000 1.56 3.86 -13.38 -1000 27.38 1.51 322.226
car -1 -1 0.00 0.00 0.00 100.00 100.00 -1000 1.79 5.25 -11.82 -1000 42.95 1.48 319.417
car -1 -1 0.00 0.00 0.00 100.00 100.00 -1000 1.79 4.79 -11.66 -1000 39.47 -0.05 313.785
car -1 -1 0.00 0.00 0.00 100.00 100.00 -1000 1.32 4.04 8.71 -1000 12.91 1.21 309.693
car -1 -1 0.00 0.00 0.00 100.00 100.00 -1000 1.57 5.27 15.76 -1000 20.20 1.17 306.505
car -1 -1 0.00 0.00 0.00 100.00 100.00 -1000 1.47 3.34 -14.68 -1000 31.77 1.61 304.961
car -1 -1 0.00 0.00 0.00 100.00 100.00 -1000 1.54 3.81 -14.94 -1000 21.34 1.46 304.828
car -1 -1 0.00 0.00 0.00 100.00 100.00 -1000 2.15 7.33 4.97 -1000 30.05 1.44 303.328
car -1 -1 0.00 0.00 0.00 100.00 100.00 -1000 1.53 3.57 -6.50 -1000 31.68 1.57 300.604
car -1 -1 0.00 0.00 0.00 100.00 100.00 -1000 1.66 3.86 18.46 -1000 21.00 1.68 294.477
car -1 -1 0.00 0.00 0.00 100.00 100.00 -1000 1.73 4.23 1.52 -1000 24.60 1.52 294.135
car -1 -1 0.00 0.00 0.00 100.00 100.00 -1000 1.55 3.82 -4.97 -1000 31.26 1.56 293.991
car -1 -1 0.00 0.00 0.00 100.00 100.00 -1000 1.62 3.92 4.16 -1000 23.28 1.46 293.631
car -1 -1 0.00 0.00 0.00 100.00 100.00 -1000 1.66 4.03 -1.60 -1000 42.60 1.53 292.802
car -1 -1 0.00 0.00 0.00 100.00 100.00 -1000 1.54 3.51 -1.54 -1000 33.53 1.63 292.563
car -1 -1 0.00 0.00 0.00 100.00 100.00 -1000 1.62 3.35 1.30 -1000 27.11 1.52 292.325
car -1 -1 0.00 0.00 0.00 100.00 100.00 -1000 2.69 6.95 4.66 -1000 24.54 -0.01 289.397
car -1 -1 0.00 0.00 0.00 100.00 100.00 -1000 1.96 5.94 -8.81 -1000 42.59 1.40 285.316
car -1 -1 0.00 0.00 0.00 100.00 100.00 -1000 1.49 3.46 -10.98 -1000 32.50 1.58 283.102
car -1 -1 0.00 0.00 0.00 100.00 100.00 -1000 1.65 4.62 -0.31 -1000 25.65 0.14 280.451
car -1 -1 0.00 0.00 0.00 100.00 100.00 -1000 1.75 4.22 8.24 -1000 19.21 1.11 278.961
car -1 -1 0.00 0.00 0.00 100.00 100.00 -1000 1.40 3.39 18.96 -1000 19.30 1.46 273.697
car -1 -1 0.00 0.00 0.00 100.00 100.00 -1000 2.01 6.17 -8.82 -1000 44.30 1.43 273.011
car -1 -1 0.00 0.00 0.00 100.00 100.00 -1000 1.89 5.45 -12.64 -1000 41.82 1.42 272.742
car -1 -1 0.00 0.00 0.00 100.00 100.00 -1000 2.00 5.81 -14.16 -1000 41.03 1.43 272.012
car -1 -1 0.00 0.00 0.00 100.00 100.00 -1000 1.68 4.07 1.64 -1000 19.75 1.53 271.493
car -1 -1 0.00 0.00 0.00 100.00 100.00 -1000 1.65 4.29 -2.87 -1000 25.57 0.10 271.125
car -1 -1 0.00 0.00 0.00 100.00 100.00 -1000 1.69 4.23 -1.66 -1000 1.59 1.60 271.015
car -1 -1 0.00 0.00 0.00 100.00 100.00 -1000 1.32 3.51 -6.77 -1000 18.61 0.03 269.160
car -1 -1 0.00 0.00 0.00 100.00 100.00 -1000 2.08 6.94 3.39 -1000 31.68 1.44 268.948
car -1 -1 0.00 0.00 0.00 100.00 100.00 -1000 1.67 3.67 2.71 -1000 13.47 1.53 268.645
car -1 -1 0.00 0.00 0.00 100.00 100.00 -1000 1.54 3.57 -3.92 -1000 34.49 1.62 267.668
car -1 -1 0.00 0.00 0.00 100.00 100.00 -1000 1.75 4.64 -13.68 -1000 45.95 1.43 266.943
car -1 -1 0.00 0.00 0.00 100.00 100.00 -1000 1.55 3.50 -12.00 -1000 27.05 1.65 265.924
car -1 -1 0.00 0.00 0.00 100.00 100.00 -1000 1.51 3.44 -6.28 -1000 35.12 1.64 265.664
car -1 -1 0.00 0.00 0.00 100.00 100.00 -1000 1.55 3.79 -1.44 -1000 29.45 1.57 265.099
car -1 -1 0.00 0.00 0.00 100.00 100.00 -1000 2.21 6.24 10.70 -1000 17.34 1.49 261.989
car -1 -1 0.00 0.00 0.00 100.00 100.00 -1000 1.68 4.30 -6.06 -1000 8.88 1.51 260.230
car -1 -1 0.00 0.00 0.00 100.00 100.00 -1000 1.62 3.45 -2.52 -1000 40.25 1.64 254.989
car -1 -1 0.00 0.00 0.00 100.00 100.00 -1000 1.97 6.31 0.29 -1000 43.77 1.42 254.422
car -1 -1 0.00 0.00 0.00 100.00 100.00 -1000 1.52 3.55 -0.19 -1000 31.00 1.61 252.405
car -1 -1 0.00 0.00 0.00 100.00 100.00 -1000 1.63 3.62 2.79 -1000 25.15 1.41 251.726
car -1 -1 0.00 0.00 0.00 100.00 100.00 -1000 1.53 3.73 -9.02 -1000 31.00 1.54 251.449
car -1 -1 0.00 0.00 0.00 100.00 100.00 -1000 1.60 4.18 -17.80 -1000 38.61 1.47 247.584
car -1 -1 0.00 0.00 0.00 100.00 100.00 -1000 1.75 4.41 -7.21 -1000 30.00 -0.04 246.258
car -1 -1 0.00 0.00 0.00 100.00 100.00 -1000 1.54 3.68 1.53 -1000 28.59 1.63 245.476
car -1 -1 0.00 0.00 0.00 100.00 100.00 -1000 1.78 4.49 8.52 -1000 17.09 1.47 244.287
car -1 -1 0.00 0.00 0.00 100.00 100.00 -1000 1.69 4.04 -14.60 -1000 30.37 -0.11 244.091
car -1 -1 0.00 0.00 0.00 100.00 100.00 -1000 1.55 3.89 1.22 -1000 10.09 1.45 242.855
car -1 -1 0.00 0.00 0.00 100.00 100.00 -1000 1.55 3.95 -10.19 -1000 35.70 1.44 241.427
car -1 -1 0.00 0.00 0.00 100.00 100.00 -1000 1.75 4.83 -10.02 -1000 41.79 1.41 241.304
car -1 -1 0.00 0.00 0.00 100.00 100.00 -1000 1.61 4.34 -3.95 -1000 2.74 1.50 240.850
car -1 -1 0.00 0.00 0.00 100.00 100.00 -1000 1.81 4.35 15.41 -1000 18.35 1.00 240.412
car -1 -1 0.00 0.00 0.00 100.00 100.00 -1000 1.57 4.13 -13.59 -1000 39.49 0.11 240.361
car -1 -1 0.00 0.00 0.00 100.00 100.00 -1000 1.97 6.06 1.96 -1000 34.10 1.42 238.438
car -1 -1 0.00 0.00 0.00 100.00 100.00 -1000 1.57 3.94 -6.42 -1000 22.48 1.52 237.155
car -1 -1 0.00 0.00 0.00 100.00 100.00 -1000 1.57 3.68 -13.09 -1000 21.35 1.52 233.482
car -1 -1 0.00 0.00 0.00 100.00 100.00 -1000 1.67 3.90 -13.61 -1000 29.36 1.63 233.238
car -1 -1 0.00 0.00 0.00 100.00 100.00 -1000 1.45 3.78 1.37 -1000 21.05 -0.04 233.056
car -1 -1 0.00 0.00 0.00 100.00 100.00 -1000 1.59 3.61 -10.70 -1000 25.32 1.53 230.639
car -1 -1 0.00 0.00 0.00 100.00 100.00 -1000 3.05 9.12 2.76 -1000 8.96 -0.25 230.567
car -1 -1 0.00 0.00 0.00 100.00 100.00 -1000 1.67 4.47 -5.54 -1000 5.16 1.44 227.947
car -1 -1 0.00 0.00 0.00 100.00 100.00 -1000 1.59 4.05 -6.87 -1000 24.69 0.25 227.888
car -1 -1 0.00 0.00 0.00 100.00 100.00 -1000 1.90 5.84 1.13 -1000 38.21 1.47 227.815
car -1 -1 0.00 0.00 0.00 100.00 100.00 -1000 1.42 3.37 -7.46 -1000 14.83 0.25 227.234
car -1 -1 0.00 0.00 0.00 100.00 100.00 -1000 1.97 5.97 4.52 -1000 30.88 1.43 225.073
car -1 -1 0.00 0.00 0.00 100.00 100.00 -1000 1.93 5.87 1.98 -1000 35.71 1.40 224.480
car -1 -1 0.00 0.00 0.00 100.00 100.00 -1000 1.33 4.76 9.30 -1000 14.89 1.25 224.304
car -1 -1 0.00 0.00 0.00 100.00 100.00 -1000 1.54 3.68 -16.40 -1000 31.77 1.49 223.379
car -1 -1 0.00 0.00 0.00 100.00 100.00 -1000 1.30 2.78 8.98 -1000 11.89 1.41 222.543
car -1 -1 0.00 0.00 0.00 100.00 100.00 -1000 1.53 4.25 -4.62 -1000 12.63 0.34 222.376
car -1 -1 0.00 0.00 0.00 100.00 100.00 -1000 1.63 4.24 -11.31 -1000 43.77 1.57 221.151
car -1 -1 0.00 0.00 0.00 100.00 100.00 -1000 2.06 6.96 -1.46 -1000 44.57 1.43 219.715
car -1 -1 0.00 0.00 0.00 100.00 100.00 -1000 1.50 3.90 -7.83 -1000 10.37 1.56 216.869
car -1 -1 0.00 0.00 0.00 100.00 100.00 -1000 1.71 4.28 -4.36 -1000 21.35 1.50 215.401
car -1 -1 0.00 0.00 0.00 100.00 100.00 -1000 1.59 3.84 -9.55 -1000 22.93 1.57 215.374
car -1 -1 0.00 0.00 0.00 100.00 100.00 -1000 1.68 4.17 -5.75 -1000 23.74 1.57 213.788
car -1 -1 0.00 0.00 0.00 100.00 100.00 -1000 1.65 4.26 2.26 -1000 29.33 1.52 212.502
car -1 -1 0.00 0.00 0.00 100.00 100.00 -1000 1.56 3.65 -11.67 -1000 45.55 1.62 210.791
car -1 -1 0.00 0.00 0.00 100.00 100.00 -1000 2.10 8.01 12.66 -1000 26.90 1.29 210.710
car -1 -1 0.00 0.00 0.00 100.00 100.00 -1000 1.54 3.56 -19.41 -1000 27.83 1.62 209.640
car -1 -1 0.00 0.00 0.00 100.00 100.00 -1000 1.74 4.81 0.66 -1000 40.26 1.43 209.476
car -1 -1 0.00 0.00 0.00 100.00 100.00 -1000 1.67 4.29 -6.96 -1000 28.91 1.58 207.341
car -1 -1 0.00 0.00 0.00 100.00 100.00 -1000 1.72 4.55 -15.40 -1000 39.84 1.42 206.916
car -1 -1 0.00 0.00 0.00 100.00 100.00 -1000 1.90 4.53 -10.81 -1000 38.01 -0.01 205.327
car -1 -1 0.00 0.00 0.00 100.00 100.00 -1000 1.74 4.71 0.58 -1000 41.45 1.44 204.801
car -1 -1 0.00 0.00 0.00 100.00 100.00 -1000 1.69 4.64 -3.20 -1000 20.86 1.53 204.430
car -1 -1 0.00 0.00 0.00 100.00 100.00 -1000 1.81 4.21 -11.26 -1000 31.22 0.00 203.538
car -1 -1 0.00 0.00 0.00 100.00 100.00 -1000 1.68 4.08 -11.64 -1000 44.69 1.62 203.527
car -1 -1 0.00 0.00 0.00 100.00 100.00 -1000 1.56 3.85 -14.92 -1000 22.91 1.48 202.972
car -1 -1 0.00 0.00 0.00 100.00 100.00 -1000 1.87 5.55 0.38 -1000 38.98 1.42 202.614
car -1 -1 0.00 0.00 0.00 100.00 100.00 -1000 1.56 3.64 -0.60 -1000 2.04 1.59 202.492
car -1 -1 0.00 0.00 0.00 100.00 100.00 -1000 1.74 4.36 -3.45 -1000 26.93 1.56 201.967
car -1 -1 0.00 0.00 0.00 100.00 100.00 -1000 1.54 6.14 10.99 -1000 14.10 1.40 200.822
car -1 -1 0.00 0.00 0.00 100.00 100.00 -1000 1.71 4.38 -5.67 -1000 4.01 1.40 200.606
car -1 -1 0.00 0.00 0.00 100.00 100.00 -1000 1.70 4.19 -0.74 -1000 36.22 1.55 199.534
car -1 -1 0.00 0.00 0.00 100.00 100.00 -1000 1.62 4.70 1.23 -1000 37.00 1.43 199.455
car -1 -1 0.00 0.00 0.00 100.00 100.00 -1000 1.84 5.24 2.13 -1000 33.02 1.41 199.418
car -1 -1 0.00 0.00 0.00 100.00 100.00 -1000 1.78 5.14 -13.59 -1000 47.01 1.44 197.935
car -1 -1 0.00 0.00 0.00 100.00 100.00 -1000 1.64 4.06 -15.76 -1000 38.27 1.43 196.954
car -1 -1 0.00 0.00 0.00 100.00 100.00 -1000 1.57 3.82 -9.43 -1000 18.89 1.52 195.672
car -1 -1 0.00 0.00 0.00 100.00 100.00 -1000 1.68 4.27 -1.90 -1000 28.26 1.54 195.551
car -1 -1 0.00 0.00 0.00 100.00 100.00 -1000 1.64 4.00 -4.78 -1000 29.31 1.55 195.261
car -1 -1 0.00 0.00 0.00 100.00 100.00 -1000 1.74 4.72 1.64 -1000 30.90 1.46 194.797
car -1 -1 0.00 0.00 0.00 100.00 100.00 -1000 1.77 4.61 -14.44 -1000 20.43 -0.01 194.341
car -1 -1 0.00 0.00 0.00 100.00 100.00 -1000 1.56 3.27 -3.81 -1000 40.92 1.52 192.911
car -1 -1 0.00 0.00 0.00 100.00 100.00 -1000 1.54 3.93 -3.03 -1000 1.96 1.50 192.849
car -1 -1 0.00 0.00 0.00 100.00 100.00 -1000 1.87 5.55 -4.30 -1000 43.76 1.42 192.028
car -1 -1 0.00 0.00 0.00 100.00 100.00 -1000 1.75 4.34 -6.21 -1000 26.95 1.53 191.592
car -1 -1 0.00 0.00 0.00 100.00 100.00 -1000 1.62 4.64 10.95 -1000 12.53 1.49 190.426
car -1 -1 0.00 0.00 0.00 100.00 100.00 -1000 1.57 4.14 -14.64 -1000 22.10 1.53 190.049
car -1 -1 0.00 0.00 0.00 100.00 100.00 -1000 1.67 4.21 -12.89 -1000 22.14 1.51 188.668
car -1 -1 0.00 0.00 0.00 100.00 100.00 -1000 1.65 4.30 -13.24 -1000 45.18 1.44 188.168
car -1 -1 0.00 0.00 0.00 100.00 100.00 -1000 1.49 3.78 -11.95 -1000 24.93 1.49 188.035
car -1 -1 0.00 0.00 0.00 100.00 100.00 -1000 1.63 4.06 -10.14 -1000 30.59 1.54 187.304
