car -1 -1 0.00 0.00 0.00 100.00 100.00 -1000 1.73 5.04 -2.90 -1000 13.64 -0.12 999.606
car -1 -1 0.00 0.00 0.00 100.00 100.00 -1000 1.76 3.86 -3.97 -1000 14.30 1.55 998.536
car -1 -1 0.00 0.00 0.00 100.00 100.00 -1000 1.93 5.16 -1.45 -1000 14.62 1.64 989.300
car -1 -1 0.00 0.00 0.00 100.00 100.00 -1000 1.66 4.15 -3.17 -1000 12.64 -0.22 986.802
car -1 -1 0.00 0.00 0.00 100.00 100.00 -1000 1.66 4.15 6.28 -1000 19.42 1.60 986.223
car -1 -1 0.00 0.00 0.00 100.00 100.00 -1000 1.72 4.21 2.73 -1000 10.47 -0.15 983.809
car -1 -1 0.00 0.00 0.00 100.00 100.00 -1000 1.50 3.22 -18.77 -1000 39.03 1.59 983.460
car -1 -1 0.00 0.00 0.00 100.00 100.00 -1000 1.56 3.58 -4.80 -1000 14.89 1.49 980.117
car -1 -1 0.00 0.00 0.00 100.00 100.00 -1000 1.66 4.23 2.42 -1000 19.45 1.59 979.822
car -1 -1 0.00 0.00 0.00 100.00 100.00 -1000 1.62 3.97 14.45 -1000 19.07 1.56 979.539
car -1 -1 0.00 0.00 0.00 100.00 100.00 -1000 1.64 4.07 2.52 -1000 11.39 1.56 978.352
car -1 -1 0.00 0.00 0.00 100.00 100.00 -1000 1.68 4.34 3.34 -1000 18.50 -0.16 976.686
car -1 -1 0.00 0.00 0.00 100.00 100.00 -1000 1.64 3.86 -18.34 -1000 45.90 1.52 975.415
car -1 -1 0.00 0.00 0.00 100.00 100.00 -1000 1.65 4.25 1.56 -1000 18.51 -0.19 974.786
car -1 -1 0.00 0.00 0.00 100.00 100.00 -1000 1.65 3.97 -3.04 -1000 14.86 -0.48 973.726
car -1 -1 0.00 0.00 0.00 100.00 100.00 -1000 1.70 4.44 8.58 -1000 19.44 1.62 973.484
car -1 -1 0.00 0.00 0.00 100.00 100.00 -1000 1.60 3.76 12.56 -1000 19.16 1.59 972.618
car -1 -1 0.00 0.00 0.00 100.00 100.00 -1000 1.49 3.72 1.05 -1000 10.73 -0.08 968.362
car -1 -1 0.00 0.00 0.00 100.00 100.00 -1000 1.56 3.56 6.89 -1000 13.73 1.56 960.337
car -1 -1 0.00 0.00 0.00 100.00 100.00 -1000 1.60 3.84 4.29 -1000 11.14 1.57 959.842
car -1 -1 0.00 0.00 0.00 100.00 100.00 -1000 1.76 4.24 5.38 -1000 18.45 -0.23 958.879
car -1 -1 0.00 0.00 0.00 100.00 100.00 -1000 1.68 4.25 10.96 -1000 19.52 1.62 955.835
car -1 -1 0.00 0.00 0.00 100.00 100.00 -1000 1.76 4.61 -0.80 -1000 11.95 1.60 948.468
car -1 -1 0.00 0.00 0.00 100.00 100.00 -1000 1.52 3.49 0.63 -1000 19.54 1.58 948.199
car -1 -1 0.00 0.00 0.00 100.00 100.00 -1000 2.55 5.00 -18.38 -1000 44.70 -0.36 946.709
car -1 -1 0.00 0.00 0.00 100.00 100.00 -1000 1.62 4.12 0.95 -1000 11.51 1.61 943.485
car -1 -1 0.00 0.00 0.00 100.00 100.00 -1000 2.17 6.80 -2.12 -1000 15.40 1.56 942.568
car -1 -1 0.00 0.00 0.00 100.00 100.00 -1000 1.65 3.86 4.10 -1000 19.34 1.59 933.585
car -1 -1 0.00 0.00 0.00 100.00 100.00 -1000 1.52 3.48 -0.37 -1000 11.29 1.55 923.345
car -1 -1 0.00 0.00 0.00 100.00 100.00 -1000 1.81 5.13 -0.54 -1000 13.99 1.56 921.014
car -1 -1 0.00 0.00 0.00 100.00 100.00 -1000 1.66 4.38 -0.20 -1000 18.44 -0.12 916.592
car -1 -1 0.00 0.00 0.00 100.00 100.00 -1000 2.82 5.84 14.62 -1000 18.13 -0.30 896.187
car -1 -1 0.00 0.00 0.00 100.00 100.00 -1000 1.47 3.26 -13.35 -1000 17.78 1.57 888.429
car -1 -1 0.00 0.00 0.00 100.00 100.00 -1000 1.93 4.42 4.32 -1000 10.30 -0.27 881.920
car -1 -1 0.00 0.00 0.00 100.00 100.00 -1000 2.25 4.90 7.36 -1000 18.35 -0.33 870.813
car -1 -1 0.00 0.00 0.00 100.00 100.00 -1000 1.69 4.09 -12.27 -1000 17.16 -0.39 868.024
car -1 -1 0.00 0.00 0.00 100.00 100.00 -1000 1.58 3.63 6.15 -1000 14.38 1.54 863.008
car -1 -1 0.00 0.00 0.00 100.00 100.00 -1000 2.92 12.47 9.49 -1000 21.95 1.50 839.213
car -1 -1 0.00 0.00 0.00 100.00 100.00 -1000 1.60 4.32 -1.61 -1000 12.83 1.48 838.723
car -1 -1 0.00 0.00 0.00 100.00 100.00 -1000 1.89 4.48 12.92 -1000 18.27 -0.19 836.215
car -1 -1 0.00 0.00 0.00 100.00 100.00 -1000 1.67 4.09 -5.18 -1000 13.90 1.44 835.351
car -1 -1 0.00 0.00 0.00 100.00 100.00 -1000 2.44 7.82 6.27 -1000 21.98 1.70 833.554
car -1 -1 0.00 0.00 0.00 100.00 100.00 -1000 2.25 4.94 10.61 -1000 18.06 -0.22 833.346
car -1 -1 0.00 0.00 0.00 100.00 100.00 -1000 1.71 4.75 -17.24 -1000 39.28 1.54 821.312
car -1 -1 0.00 0.00 0.00 100.00 100.00 -1000 1.68 4.77 -3.98 -1000 15.81 1.52 807.980
car -1 -1 0.00 0.00 0.00 100.00 100.00 -1000 1.67 4.12 -4.38 -1000 13.07 1.45 803.757
car -1 -1 0.00 0.00 0.00 100.00 100.00 -1000 2.27 7.57 8.89 -1000 19.85 1.54 799.351
car -1 -1 0.00 0.00 0.00 100.00 100.00 -1000 1.74 4.02 6.98 -1000 12.75 -0.19 797.683
car -1 -1 0.00 0.00 0.00 100.00 100.00 -1000 2.77 11.25 12.00 -1000 21.17 1.52 788.500
car -1 -1 0.00 0.00 0.00 100.00 100.00 -1000 1.60 3.54 5.57 -1000 10.72 1.58 786.919
car -1 -1 0.00 0.00 0.00 100.00 100.00 -1000 1.81 5.34 -0.78 -1000 15.93 1.46 784.863
car -1 -1 0.00 0.00 0.00 100.00 100.00 -1000 1.84 4.67 -18.46 -1000 38.40 -0.22 770.292
car -1 -1 0.00 0.00 0.00 100.00 100.00 -1000 2.79 10.78 7.08 -1000 21.15 1.59 761.325
car -1 -1 0.00 0.00 0.00 100.00 100.00 -1000 2.17 6.65 4.48 -1000 19.88 1.56 755.816
car -1 -1 0.00 0.00 0.00 100.00 100.00 -1000 1.52 3.59 7.08 -1000 11.14 1.54 752.472
car -1 -1 0.00 0.00 0.00 100.00 100.00 -1000 1.77 4.05 6.59 -1000 10.28 -0.16 750.585
car -1 -1 0.00 0.00 0.00 100.00 100.00 -1000 1.63 3.89 15.79 -1000 18.68 1.69 736.229
car -1 -1 0.00 0.00 0.00 100.00 100.00 -1000 1.95 5.73 3.92 -1000 11.76 1.60 734.972
car -1 -1 0.00 0.00 0.00 100.00 100.00 -1000 1.68 3.87 -8.27 -1000 21.70 -0.11 724.054
car -1 -1 0.00 0.00 0.00 100.00 100.00 -1000 1.97 5.65 5.44 -1000 13.33 1.44 722.226
car -1 -1 0.00 0.00 0.00 100.00 100.00 -1000 1.89 4.32 -12.99 -1000 16.52 -0.03 702.776
car -1 -1 0.00 0.00 0.00 100.00 100.00 -1000 2.20 7.03 0.98 -1000 13.23 1.68 702.400
car -1 -1 0.00 0.00 0.00 100.00 100.00 -1000 2.43 8.57 10.32 -1000 22.80 1.50 701.887
car -1 -1 0.00 0.00 0.00 100.00 100.00 -1000 4.25 9.12 -17.35 -1000 37.74 -0.54 691.933
car -1 -1 0.00 0.00 0.00 100.00 100.00 -1000 1.45 3.41 -7.62 -1000 22.54 1.61 691.230
car -1 -1 0.00 0.00 0.00 100.00 100.00 -1000 1.46 3.20 -14.49 -1000 23.08 1.59 685.810
car -1 -1 0.00 0.00 0.00 100.00 100.00 -1000 1.51 3.75 -2.62 -1000 11.59 1.26 681.914
car -1 -1 0.00 0.00 0.00 100.00 100.00 -1000 2.19 4.99 -13.32 -1000 21.67 -0.16 679.099
car -1 -1 0.00 0.00 0.00 100.00 100.00 -1000 1.62 3.74 9.50 -1000 18.70 1.64 678.605
car -1 -1 0.00 0.00 0.00 100.00 100.00 -1000 1.72 3.79 11.45 -1000 18.75 1.57 670.750
car -1 -1 0.00 0.00 0.00 100.00 100.00 -1000 1.73 5.34 -18.26 -1000 47.65 1.50 637.213
car -1 -1 0.00 0.00 0.00 100.00 100.00 -1000 2.02 4.99 -18.31 -1000 46.69 -0.64 632.843
car -1 -1 0.00 0.00 0.00 100.00 100.00 -1000 2.35 8.27 11.90 -1000 19.93 1.47 630.553
car -1 -1 0.00 0.00 0.00 100.00 100.00 -1000 2.50 7.94 1.96 -1000 12.29 1.61 629.267
car -1 -1 0.00 0.00 0.00 100.00 100.00 -1000 2.41 8.64 14.01 -1000 21.96 1.47 604.985
car -1 -1 0.00 0.00 0.00 100.00 100.00 -1000 2.43 7.91 3.87 -1000 21.25 1.63 595.150
car -1 -1 0.00 0.00 0.00 100.00 100.00 -1000 1.63 3.87 -16.35 -1000 37.18 1.59 581.553
car -1 -1 0.00 0.00 0.00 100.00 100.00 -1000 2.00 5.90 15.96 -1000 19.52 1.52 573.212
car -1 -1 0.00 0.00 0.00 100.00 100.00 -1000 2.12 6.57 7.30 -1000 22.76 1.56 571.705
car -1 -1 0.00 0.00 0.00 100.00 100.00 -1000 1.69 4.33 -15.31 -1000 37.88 1.55 552.894
car -1 -1 0.00 0.00 0.00 100.00 100.00 -1000 2.17 6.91 14.19 -1000 22.85 1.49 544.231
car -1 -1 0.00 0.00 0.00 100.00 100.00 -1000 1.58 3.76 -12.11 -1000 18.04 1.60 538.219
car -1 -1 0.00 0.00 0.00 100.00 100.00 -1000 1.52 3.15 -19.34 -1000 45.44 1.55 536.517
car -1 -1 0.00 0.00 0.00 100.00 100.00 -1000 2.38 5.04 -17.54 -1000 37.61 -0.27 521.944
car -1 -1 0.00 0.00 0.00 100.00 100.00 -1000 1.61 3.65 -16.90 -1000 38.46 1.66 519.084
car -1 -1 0.00 0.00 0.00 100.00 100.00 -1000 2.06 6.31 1.09 -1000 14.39 1.58 513.754
car -1 -1 0.00 0.00 0.00 100.00 100.00 -1000 1.58 3.85 -13.96 -1000 17.02 0.08 505.178
car -1 -1 0.00 0.00 0.00 100.00 100.00 -1000 1.50 3.64 -19.23 -1000 42.29 1.51 500.015
car -1 -1 0.00 0.00 0.00 100.00 100.00 -1000 1.60 4.34 5.65 -1000 11.82 1.45 496.428
car -1 -1 0.00 0.00 0.00 100.00 100.00 -1000 1.63 3.73 15.37 -1000 17.88 1.66 495.148
car -1 -1 0.00 0.00 0.00 100.00 100.00 -1000 2.01 6.30 -3.35 -1000 16.74 1.52 491.009
car -1 -1 0.00 0.00 0.00 100.00 100.00 -1000 2.09 6.28 -1.02 -1000 16.83 1.54 477.503
car -1 -1 0.00 0.00 0.00 100.00 100.00 -1000 1.61 4.43 -14.35 -1000 38.57 1.56 454.571
car -1 -1 0.00 0.00 0.00 100.00 100.00 -1000 1.57 3.95 8.64 -1000 11.10 1.63 450.446
car -1 -1 0.00 0.00 0.00 100.00 100.00 -1000 2.11 7.03 9.23 -1000 23.59 1.45 448.427
car -1 -1 0.00 0.00 0.00 100.00 100.00 -1000 1.48 3.53 -1.55 -1000 11.05 0.05 445.804
car -1 -1 0.00 0.00 0.00 100.00 100.00 -1000 1.96 5.95 2.63 -1000 21.99 1.48 442.692
car -1 -1 0.00 0.00 0.00 100.00 100.00 -1000 1.83 4.39 5.38 -1000 22.86 1.51 441.467
car -1 -1 0.00 0.00 0.00 100.00 100.00 -1000 2.16 7.36 2.50 -1000 20.31 1.53 440.880
car -1 -1 0.00 0.00 0.00 100.00 100.00 -1000 1.61 4.07 -15.62 -1000 39.01 1.60 434.649
car -1 -1 0.00 0.00 0.00 100.00 100.00 -1000 1.61 4.03 -16.52 -1000 42.98 1.58 433.291
car -1 -1 0.00 0.00 0.00 100.00 100.00 -1000 1.55 3.99 -1.74 -1000 18.26 -0.02 429.576
car -1 -1 0.00 0.00 0.00 100.00 100.00 -1000 1.59 4.24 -13.28 -1000 35.34 1.54 426.142
car -1 -1 0.00 0.00 0.00 100.00 100.00 -1000 1.54 3.61 -17.49 -1000 34.20 1.61 421.709
car -1 -1 0.00 0.00 0.00 100.00 100.00 -1000 1.60 3.94 -12.80 -1000 30.13 1.59 417.120
car -1 -1 0.00 0.00 0.00 100.00 100.00 -1000 2.43 8.56 14.36 -1000 20.36 1.46 405.006
car -1 -1 0.00 0.00 0.00 100.00 100.00 -1000 1.71 3.87 -14.09 -1000 22.32 -0.26 401.483
car -1 -1 0.00 0.00 0.00 100.00 100.00 -1000 2.03 6.60 -0.64 -1000 22.02 1.50 401.073
car -1 -1 0.00 0.00 0.00 100.00 100.00 -1000 1.44 3.41 -0.55 -1000 19.24 0.01 398.585
car -1 -1 0.00 0.00 0.00 100.00 100.00 -1000 1.37 2.79 -18.97 -1000 43.96 1.41 378.281
car -1 -1 0.00 0.00 0.00 100.00 100.00 -1000 1.67 3.98 -15.74 -1000 34.97 1.54 364.685
car -1 -1 0.00 0.00 0.00 100.00 100.00 -1000 1.72 3.38 15.63 -1000 16.94 1.51 360.796
car -1 -1 0.00 0.00 0.00 100.00 100.00 -1000 1.71 4.34 -14.55 -1000 35.77 1.58 359.653
car -1 -1 0.00 0.00 0.00 100.00 100.00 -1000 1.58 3.79 -15.83 -1000 32.14 1.52 346.713
car -1 -1 0.00 0.00 0.00 100.00 100.00 -1000 1.57 4.00 -16.22 -1000 33.96 1.54 345.211
car -1 -1 0.00 0.00 0.00 100.00 100.00 -1000 1.68 4.33 4.81 -1000 23.94 -0.09 336.263
car -1 -1 0.00 0.00 0.00 100.00 100.00 -1000 1.82 5.33 -3.07 -1000 17.67 1.55 323.665
car -1 -1 0.00 0.00 0.00 100.00 100.00 -1000 1.56 3.93 -18.84 -1000 24.09 1.54 320.742
car -1 -1 0.00 0.00 0.00 100.00 100.00 -1000 1.93 6.11 1.58 -1000 22.80 1.51 314.789
car -1 -1 0.00 0.00 0.00 100.00 100.00 -1000 1.55 3.74 -17.29 -1000 40.07 1.56 311.469
car -1 -1 0.00 0.00 0.00 100.00 100.00 -1000 2.03 5.52 -16.79 -1000 41.54 1.63 308.080
car -1 -1 0.00 0.00 0.00 100.00 100.00 -1000 1.61 4.27 -11.31 -1000 30.38 1.51 305.182
car -1 -1 0.00 0.00 0.00 100.00 100.00 -1000 1.58 3.51 15.95 -1000 25.43 1.66 304.843
car -1 -1 0.00 0.00 0.00 100.00 100.00 -1000 1.82 5.22 -16.14 -1000 46.72 1.57 303.506
car -1 -1 0.00 0.00 0.00 100.00 100.00 -1000 1.81 5.15 -4.89 -1000 17.27 1.52 302.510
car -1 -1 0.00 0.00 0.00 100.00 100.00 -1000 1.78 4.47 8.21 -1000 9.82 -0.01 302.361
car -1 -1 0.00 0.00 0.00 100.00 100.00 -1000 1.98 5.98 16.28 -1000 21.68 1.41 299.495
car -1 -1 0.00 0.00 0.00 100.00 100.00 -1000 1.81 5.23 0.03 -1000 20.41 1.47 286.498
car -1 -1 0.00 0.00 0.00 100.00 100.00 -1000 1.46 3.83 -5.35 -1000 17.94 0.13 286.170
car -1 -1 0.00 0.00 0.00 100.00 100.00 -1000 1.58 4.20 -2.96 -1000 19.16 1.54 285.379
car -1 -1 0.00 0.00 0.00 100.00 100.00 -1000 1.58 3.99 -1.65 -1000 19.61 1.50 283.455
car -1 -1 0.00 0.00 0.00 100.00 100.00 -1000 1.73 4.44 -13.41 -1000 23.66 1.61 282.940
car -1 -1 0.00 0.00 0.00 100.00 100.00 -1000 1.63 3.90 -13.89 -1000 29.51 1.54 278.467
car -1 -1 0.00 0.00 0.00 100.00 100.00 -1000 1.52 3.79 -15.49 -1000 22.51 1.49 272.080
car -1 -1 0.00 0.00 0.00 100.00 100.00 -1000 1.59 3.53 -18.00 -1000 43.16 1.60 269.729
car -1 -1 0.00 0.00 0.00 100.00 100.00 -1000 1.67 4.37 -14.54 -1000 32.94 1.53 266.652
car -1 -1 0.00 0.00 0.00 100.00 100.00 -1000 1.82 5.20 -0.67 -1000 21.21 1.46 260.582
car -1 -1 0.00 0.00 0.00 100.00 100.00 -1000 1.96 6.06 1.52 -1000 21.16 1.47 259.342
car -1 -1 0.00 0.00 0.00 100.00 100.00 -1000 2.15 5.98 -16.43 -1000 40.53 1.56 256.689
car -1 -1 0.00 0.00 0.00 100.00 100.00 -1000 1.67 4.11 -14.38 -1000 27.02 1.54 256.076
car -1 -1 0.00 0.00 0.00 100.00 100.00 -1000 1.71 4.78 14.36 -1000 23.69 1.41 255.956
car -1 -1 0.00 0.00 0.00 100.00 100.00 -1000 1.56 3.80 -16.55 -1000 26.87 1.52 253.034
car -1 -1 0.00 0.00 0.00 100.00 100.00 -1000 1.81 4.93 17.57 -1000 18.43 1.48 252.131
car -1 -1 0.00 0.00 0.00 100.00 100.00 -1000 1.50 3.98 -18.33 -1000 29.61 0.31 249.511
car -1 -1 0.00 0.00 0.00 100.00 100.00 -1000 1.59 3.99 4.18 -1000 25.30 1.49 249.324
car -1 -1 0.00 0.00 0.00 100.00 100.00 -1000 1.63 4.22 -15.42 -1000 16.46 1.49 247.780
car -1 -1 0.00 0.00 0.00 100.00 100.00 -1000 1.64 3.76 -17.55 -1000 31.77 1.57 246.617
car -1 -1 0.00 0.00 0.00 100.00 100.00 -1000 2.13 7.73 2.33 -1000 15.72 1.42 242.929
car -1 -1 0.00 0.00 0.00 100.00 100.00 -1000 1.73 4.59 13.74 -1000 26.56 1.45 239.150
car -1 -1 0.00 0.00 0.00 100.00 100.00 -1000 1.72 4.10 -16.38 -1000 29.39 1.59 235.567
car -1 -1 0.00 0.00 0.00 100.00 100.00 -1000 1.78 4.52 -13.22 -1000 33.31 1.57 232.398
car -1 -1 0.00 0.00 0.00 100.00 100.00 -1000 1.72 4.54 -16.46 -1000 45.08 1.61 229.064
car -1 -1 0.00 0.00 0.00 100.00 100.00 -1000 2.22 7.28 16.87 -1000 20.83 1.41 228.091
car -1 -1 0.00 0.00 0.00 100.00 100.00 -1000 1.84 4.88 8.24 -1000 14.00 1.61 227.912
car -1 -1 0.00 0.00 0.00 100.00 100.00 -1000 1.72 4.61 -15.53 -1000 42.31 1.56 221.458
car -1 -1 0.00 0.00 0.00 100.00 100.00 -1000 1.60 3.70 15.76 -1000 26.24 1.64 221.107
car -1 -1 0.00 0.00 0.00 100.00 100.00 -1000 1.68 4.07 -15.71 -1000 28.69 1.52 220.176
car -1 -1 0.00 0.00 0.00 100.00 100.00 -1000 1.75 4.73 -12.99 -1000 38.97 1.49 218.307
car -1 -1 0.00 0.00 0.00 100.00 100.00 -1000 1.65 4.29 9.54 -1000 10.43 1.51 217.952
car -1 -1 0.00 0.00 0.00 100.00 100.00 -1000 1.76 5.06 -2.44 -1000 20.83 1.45 216.541
car -1 -1 0.00 0.00 0.00 100.00 100.00 -1000 1.77 4.87 -7.15 -1000 23.18 1.54 216.377
car -1 -1 0.00 0.00 0.00 100.00 100.00 -1000 1.67 4.12 -14.04 -1000 26.23 1.53 215.777
car -1 -1 0.00 0.00 0.00 100.00 100.00 -1000 1.49 3.65 16.47 -1000 16.06 1.46 215.365
car -1 -1 0.00 0.00 0.00 100.00 100.00 -1000 1.70 4.14 -11.63 -1000 29.51 1.59 214.903
car -1 -1 0.00 0.00 0.00 100.00 100.00 -1000 1.58 4.25 -5.47 -1000 19.16 1.53 214.636
car -1 -1 0.00 0.00 0.00 100.00 100.00 -1000 1.63 4.62 -5.69 -1000 15.56 1.55 214.168
car -1 -1 0.00 0.00 0.00 100.00 100.00 -1000 1.71 4.36 18.32 -1000 17.28 1.44 212.199
car -1 -1 0.00 0.00 0.00 100.00 100.00 -1000 1.70 4.69 16.04 -1000 22.77 1.50 210.494
car -1 -1 0.00 0.00 0.00 100.00 100.00 -1000 1.98 6.54 -11.25 -1000 18.93 1.60 209.036
car -1 -1 0.00 0.00 0.00 100.00 100.00 -1000 1.78 4.86 -14.46 -1000 43.04 1.49 207.787
car -1 -1 0.00 0.00 0.00 100.00 100.00 -1000 1.79 3.97 -17.52 -1000 42.32 -0.16 206.868
car -1 -1 0.00 0.00 0.00 100.00 100.00 -1000 1.66 4.28 13.59 -1000 25.36 1.44 206.220
car -1 -1 0.00 0.00 0.00 100.00 100.00 -1000 1.54 3.57 -4.03 -1000 18.22 -0.06 206.070
car -1 -1 0.00 0.00 0.00 100.00 100.00 -1000 1.85 4.65 -16.68 -1000 33.21 -0.09 204.809
car -1 -1 0.00 0.00 0.00 100.00 100.00 -1000 1.79 5.27 -17.79 -1000 28.91 0.18 203.572
car -1 -1 0.00 0.00 0.00 100.00 100.00 -1000 1.65 4.14 17.97 -1000 25.30 1.54 201.954
car -1 -1 0.00 0.00 0.00 100.00 100.00 -1000 1.69 4.18 -7.74 -1000 20.96 1.60 201.950
car -1 -1 0.00 0.00 0.00 100.00 100.00 -1000 1.66 3.58 16.33 -1000 24.62 1.60 200.753
car -1 -1 0.00 0.00 0.00 100.00 100.00 -1000 1.76 4.16 0.53 -1000 17.37 1.27 198.404
car -1 -1 0.00 0.00 0.00 100.00 100.00 -1000 1.75 5.01 -12.72 -1000 36.08 1.46 195.955
car -1 -1 0.00 0.00 0.00 100.00 100.00 -1000 1.72 4.24 -12.47 -1000 27.68 1.56 195.893
car -1 -1 0.00 0.00 0.00 100.00 100.00 -1000 1.74 4.70 -14.33 -1000 37.04 1.59 194.629
car -1 -1 0.00 0.00 0.00 100.00 100.00 -1000 1.78 4.81 -16.77 -1000 44.26 1.59 194.062
car -1 -1 0.00 0.00 0.00 100.00 100.00 -1000 1.79 4.94 18.25 -1000 22.03 1.45 193.523
car -1 -1 0.00 0.00 0.00 100.00 100.00 -1000 1.74 3.70 7.31 -1000 15.30 1.38 192.832
car -1 -1 0.00 0.00 0.00 100.00 100.00 -1000 1.61 4.22 -4.02 -1000 11.79 1.38 192.665
car -1 -1 0.00 0.00 0.00 100.00 100.00 -1000 1.85 5.54 -11.01 -1000 38.92 1.45 192.209
car -1 -1 0.00 0.00 0.00 100.00 100.00 -1000 1.63 3.94 -16.15 -1000 27.76 1.53 192.126
car -1 -1 0.00 0.00 0.00 100.00 100.00 -1000 1.72 4.01 -11.77 -1000 15.28 1.49 191.643
car -1 -1 0.00 0.00 0.00 100.00 100.00 -1000 1.99 6.60 4.15 -1000 14.66 1.54 189.982
car -1 -1 0.00 0.00 0.00 100.00 100.00 -1000 1.76 4.36 -14.94 -1000 34.33 1.60 189.869
car -1 -1 0.00 0.00 0.00 100.00 100.00 -1000 1.69 4.45 2.26 -1000 23.69 1.45 189.548
car -1 -1 0.00 0.00 0.00 100.00 100.00 -1000 1.88 5.32 6.61 -1000 23.70 1.51 188.817
car -1 -1 0.00 0.00 0.00 100.00 100.00 -1000 1.69 4.59 10.13 -1000 11.45 1.56 186.155
car -1 -1 0.00 0.00 0.00 100.00 100.00 -1000 1.50 3.31 9.19 -1000 8.91 1.52 185.791
car -1 -1 0.00 0.00 0.00 100.00 100.00 -1000 2.75 7.61 -19.28 -1000 35.42 -0.18 185.745
car -1 -1 0.00 0.00 0.00 100.00 100.00 -1000 2.90 9.01 10.05 -1000 17.72 -0.23 185.684
car -1 -1 0.00 0.00 0.00 100.00 100.00 -1000 1.62 4.30 -6.05 -1000 13.27 1.51 185.485
car -1 -1 0.00 0.00 0.00 100.00 100.00 -1000 1.72 4.72 -10.00 -1000 35.41 1.46 183.990
car -1 -1 0.00 0.00 0.00 100.00 100.00 -1000 1.75 4.72 -11.23 -1000 33.38 1.49 182.780
car -1 -1 0.00 0.00 0.00 100.00 100.00 -1000 1.69 4.32 -17.55 -1000 23.74 1.50 182.583
car -1 -1 0.00 0.00 0.00 100.00 100.00 -1000 1.68 4.35 -6.29 -1000 22.19 1.53 180.349
car -1 -1 0.00 0.00 0.00 100.00 100.00 -1000 1.62 3.49 -18.15 -1000 31.03 1.50 179.518
car -1 -1 0.00 0.00 0.00 100.00 100.00 -1000 1.60 4.15 -14.96 -1000 15.75 1.47 179.198
car -1 -1 0.00 0.00 0.00 100.00 100.00 -1000 1.85 4.96 -15.62 -1000 36.32 1.62 178.790
car -1 -1 0.00 0.00 0.00 100.00 100.00 -1000 1.90 5.33 -14.36 -1000 46.26 1.47 176.381
car -1 -1 0.00 0.00 0.00 100.00 100.00 -1000 1.85 4.61 -13.54 -1000 25.42 1.60 176.055
car -1 -1 0.00 0.00 0.00 100.00 100.00 -1000 1.83 5.51 -4.56 -1000 23.66 1.46 175.343
car -1 -1 0.00 0.00 0.00 100.00 100.00 -1000 1.58 3.20 -13.20 -1000 20.99 1.53 175.102
car -1 -1 0.00 0.00 0.00 100.00 100.00 -1000 1.99 6.22 17.76 -1000 20.05 1.40 172.702
car -1 -1 0.00 0.00 0.00 100.00 100.00 -1000 1.77 4.86 -10.81 -1000 37.85 1.43 172.539
car -1 -1 0.00 0.00 0.00 100.00 100.00 -1000 1.64 4.08 -16.24 -1000 17.28 1.45 172.274
car -1 -1 0.00 0.00 0.00 100.00 100.00 -1000 1.80 5.21 -14.25 -1000 45.04 1.42 171.146
car -1 -1 0.00 0.00 0.00 100.00 100.00 -1000 1.70 4.31 6.23 -1000 24.51 1.55 169.207
car -1 -1 0.00 0.00 0.00 100.00 100.00 -1000 1.45 3.61 3.87 -1000 24.56 0.17 164.873
car -1 -1 0.00 0.00 0.00 100.00 100.00 -1000 1.79 5.00 8.57 -1000 24.92 1.43 164.848
car -1 -1 0.00 0.00 0.00 100.00 100.00 -1000 1.67 4.41 -9.42 -1000 27.69 1.49 164.309
car -1 -1 0.00 0.00 0.00 100.00 100.00 -1000 1.72 4.64 -12.44 -1000 32.22 1.56 163.753
car -1 -1 0.00 0.00 0.00 100.00 100.00 -1000 1.68 4.40 2.37 -1000 25.30 1.45 163.050
car -1 -1 0.00 0.00 0.00 100.00 100.00 -1000 1.82 5.19 -12.43 -1000 41.88 1.44 162.422
car -1 -1 0.00 0.00 0.00 100.00 100.00 -1000 1.83 5.37 -9.35 -1000 32.48 1.44 161.666
car -1 -1 0.00 0.00 0.00 100.00 100.00 -1000 2.02 5.96 -15.56 -1000 39.77 1.49 160.544
car -1 -1 0.00 0.00 0.00 100.00 100.00 -1000 1.75 4.18 -18.68 -1000 35.11 1.62 159.654
car -1 -1 0.00 0.00 0.00 100.00 100.00 -1000 1.69 4.61 -8.40 -1000 30.57 1.46 158.576
car -1 -1 0.00 0.00 0.00 100.00 100.00 -1000 1.74 4.69 14.95 -1000 26.98 1.44 157.678
car -1 -1 0.00 0.00 0.00 100.00 100.00 -1000 1.69 4.52 3.39 -1000 28.50 1.51 157.087
car -1 -1 0.00 0.00 0.00 100.00 100.00 -1000 1.82 5.26 -3.55 -1000 22.52 1.46 156.863
car -1 -1 0.00 0.00 0.00 100.00 100.00 -1000 1.82 5.34 -9.30 -1000 33.85 1.41 156.145
car -1 -1 0.00 0.00 0.00 100.00 100.00 -1000 1.70 4.45 -15.19 -1000 24.50 1.54 155.564
car -1 -1 0.00 0.00 0.00 100.00 100.00 -1000 1.88 5.52 -10.26 -1000 36.52 1.43 155.452
car -1 -1 0.00 0.00 0.00 100.00 100.00 -1000 1.74 4.87 -13.03 -1000 37.83 1.48 155.099
car -1 -1 0.00 0.00 0.00 100.00 100.00 -1000 1.80 5.30 -11.73 -1000 40.29 1.44 154.435
car -1 -1 0.00 0.00 0.00 100.00 100.00 -1000 1.96 6.03 18.19 -1000 19.19 1.44 152.654
car -1 -1 0.00 0.00 0.00 100.00 100.00 -1000 1.69 4.62 -16.97 -1000 18.77 1.44 150.954
car -1 -1 0.00 0.00 0.00 100.00 100.00 -1000 1.72 4.78 18.33 -1000 16.07 1.40 149.854
car -1 -1 0.00 0.00 0.00 100.00 100.00 -1000 1.89 5.77 8.35 -1000 25.98 1.42 149.336
car -1 -1 0.00 0.00 0.00 100.00 100.00 -1000 1.57 4.38 -14.22 -1000 18.38 1.54 149.155
car -1 -1 0.00 0.00 0.00 100.00 100.00 -1000 1.69 4.59 -8.33 -1000 28.95 1.46 146.905
car -1 -1 0.00 0.00 0.00 100.00 100.00 -1000 1.73 4.80 -12.34 -1000 47.03 1.44 146.772
car -1 -1 0.00 0.00 0.00 100.00 100.00 -1000 1.60 4.28 -13.82 -1000 14.37 1.46 144.708
car -1 -1 0.00 0.00 0.00 100.00 100.00 -1000 1.85 5.46 -12.52 -1000 43.53 1.42 144.293
car -1 -1 0.00 0.00 0.00 100.00 100.00 -1000 1.49 4.03 -6.73 -1000 18.25 0.26 143.597
car -1 -1 0.00 0.00 0.00 100.00 100.00 -1000 1.98 5.00 -19.17 -1000 41.22 -0.14 142.353
car -1 -1 0.00 0.00 0.00 100.00 100.00 -1000 1.87 5.37 -14.59 -1000 41.43 1.48 140.908
car -1 -1 0.00 0.00 0.00 100.00 100.00 -1000 1.50 3.59 -17.20 -1000 26.18 0.32 140.294
car -1 -1 0.00 0.00 0.00 100.00 100.00 -1000 1.60 3.65 -17.26 -1000 36.34 1.55 139.882
car -1 -1 0.00 0.00 0.00 100.00 100.00 -1000 1.77 4.88 -9.18 -1000 31.40 1.42 137.827
car -1 -1 0.00 0.00 0.00 100.00 100.00 -1000 1.77 4.99 -4.34 -1000 21.66 1.41 136.483
car -1 -1 0.00 0.00 0.00 100.00 100.00 -1000 1.66 4.44 9.79 -1000 9.58 1.47 136.166
car -1 -1 0.00 0.00 0.00 100.00 100.00 -1000 1.79 4.54 -15.69 -1000 25.35 1.54 135.596
car -1 -1 0.00 0.00 0.00 100.00 100.00 -1000 1.89 4.77 -12.98 -1000 24.51 1.56 135.115
car -1 -1 0.00 0.00 0.00 100.00 100.00 -1000 1.74 4.86 16.59 -1000 27.26 1.46 133.909
car -1 -1 0.00 0.00 0.00 100.00 100.00 -1000 1.59 4.17 14.50 -1000 24.53 1.47 133.874
car -1 -1 0.00 0.00 0.00 100.00 100.00 -1000 1.81 5.11 6.93 -1000 26.55 1.43 133.410
car -1 -1 0.00 0.00 0.00 100.00 100.00 -1000 1.66 4.12 -15.44 -1000 21.38 1.44 132.948
car -1 -1 0.00 0.00 0.00 100.00 100.00 -1000 1.44 3.53 9.19 -1000 8.00 1.43 132.595
car -1 -1 0.00 0.00 0.00 100.00 100.00 -1000 1.59 4.94 -20.11 -1000 35.91 1.52 131.431
car -1 -1 0.00 0.00 0.00 100.00 100.00 -1000 1.69 5.05 0.06 -1000 15.18 -0.85 131.277
car -1 -1 0.00 0.00 0.00 100.00 100.00 -1000 1.60 4.28 1.63 -1000 28.17 1.48 131.067
car -1 -1 0.00 0.00 0.00 100.00 100.00 -1000 1.52 2.96 10.30 -1000 17.42 1.30 130.933
car -1 -1 0.00 0.00 0.00 100.00 100.00 -1000 1.74 4.82 -5.43 -1000 12.47 1.47 130.705
car -1 -1 0.00 0.00 0.00 100.00 100.00 -1000 1.81 5.55 13.65 -1000 27.64 1.39 130.697
car -1 -1 0.00 0.00 0.00 100.00 100.00 -1000 1.81 5.33 -6.04 -1000 24.07 1.42 129.849
car -1 -1 0.00 0.00 0.00 100.00 100.00 -1000 1.69 4.58 -15.46 -1000 19.62 1.45 128.731
car -1 -1 0.00 0.00 0.00 100.00 100.00 -1000 1.77 4.49 16.66 -1000 14.85 1.25 128.524
car -1 -1 0.00 0.00 0.00 100.00 100.00 -1000 1.62 4.36 1.54 -1000 26.53 1.47 128.393
car -1 -1 0.00 0.00 0.00 100.00 100.00 -1000 1.82 5.31 18.11 -1000 27.65 1.43 128.305
car -1 -1 0.00 0.00 0.00 100.00 100.00 -1000 1.77 4.83 18.21 -1000 26.11 1.45 127.890
car -1 -1 0.00 0.00 0.00 100.00 100.00 -1000 1.78 4.82 -10.86 -1000 28.02 1.53 126.687
car -1 -1 0.00 0.00 0.00 100.00 100.00 -1000 1.74 4.94 -3.14 -1000 10.45 1.40 126.260
car -1 -1 0.00 0.00 0.00 100.00 100.00 -1000 1.56 4.15 -19.85 -1000 23.49 0.04 124.237
car -1 -1 0.00 0.00 0.00 100.00 100.00 -1000 1.77 4.93 19.00 -1000 20.90 1.43 124.193
car -1 -1 0.00 0.00 0.00 100.00 100.00 -1000 1.83 5.87 12.27 -1000 23.70 1.19 123.555
car -1 -1 0.00 0.00 0.00 100.00 100.00 -1000 1.74 4.79 -9.24 -1000 29.74 1.42 123.061
car -1 -1 0.00 0.00 0.00 100.00 100.00 -1000 1.77 4.82 -16.64 -1000 31.21 0.06 122.866
car -1 -1 0.00 0.00 0.00 100.00 100.00 -1000 1.69 4.98 5.65 -1000 15.60 1.33 122.140
car -1 -1 0.00 0.00 0.00 100.00 100.00 -1000 1.69 4.76 -13.35 -1000 44.28 1.45 121.344
car -1 -1 0.00 0.00 0.00 100.00 100.00 -1000 1.76 5.19 -11.68 -1000 36.97 1.43 120.860
car -1 -1 0.00 0.00 0.00 100.00 100.00 -1000 1.76 5.10 2.17 -1000 28.93 1.45 120.125
car -1 -1 0.00 0.00 0.00 100.00 100.00 -1000 1.75 4.95 3.87 -1000 26.04 1.47 119.302
car -1 -1 0.00 0.00 0.00 100.00 100.00 -1000 1.71 4.84 5.73 -1000 25.64 1.51 119.225
car -1 -1 0.00 0.00 0.00 100.00 100.00 -1000 1.65 4.58 -13.64 -1000 15.27 1.47 118.570
car -1 -1 0.00 0.00 0.00 100.00 100.00 -1000 1.76 4.54 17.77 -1000 24.16 1.59 118.377
car -1 -1 0.00 0.00 0.00 100.00 100.00 -1000 1.50 3.91 -6.54 -1000 21.35 0.34 116.720
car -1 -1 0.00 0.00 0.00 100.00 100.00 -1000 1.69 4.03 -18.79 -1000 23.02 1.57 116.069
car -1 -1 0.00 0.00 0.00 100.00 100.00 -1000 1.66 4.58 -12.22 -1000 34.60 1.52 115.805
car -1 -1 0.00 0.00 0.00 100.00 100.00 -1000 1.83 4.97 -12.56 -1000 46.02 1.36 115.559
car -1 -1 0.00 0.00 0.00 100.00 100.00 -1000 1.99 5.74 -13.16 -1000 40.99 1.46 115.216
car -1 -1 0.00 0.00 0.00 100.00 100.00 -1000 1.64 4.43 -15.66 -1000 14.89 1.25 114.853
car -1 -1 0.00 0.00 0.00 100.00 100.00 -1000 1.79 3.98 14.77 -1000 14.85 1.11 114.294
car -1 -1 0.00 0.00 0.00 100.00 100.00 -1000 1.44 4.52 -6.21 -1000 14.60 0.30 114.089
car -1 -1 0.00 0.00 0.00 100.00 100.00 -1000 1.69 4.52 3.23 -1000 27.30 1.52 113.755
car -1 -1 0.00 0.00 0.00 100.00 100.00 -1000 1.76 4.75 0.55 -1000 27.41 1.37 113.014
car -1 -1 0.00 0.00 0.00 100.00 100.00 -1000 1.82 4.28 -15.05 -1000 30.19 1.56 112.900
car -1 -1 0.00 0.00 0.00 100.00 100.00 -1000 1.82 5.10 11.71 -1000 10.73 1.41 112.807
car -1 -1 0.00 0.00 0.00 100.00 100.00 -1000 1.56 2.97 -18.30 -1000 33.67 1.58 112.321
car -1 -1 0.00 0.00 0.00 100.00 100.00 -1000 1.83 4.87 -11.17 -1000 27.03 1.59 111.708
car -1 -1 0.00 0.00 0.00 100.00 100.00 -1000 1.93 6.03 -6.28 -1000 25.20 1.39 111.014
car -1 -1 0.00 0.00 0.00 100.00 100.00 -1000 1.75 5.08 -5.13 -1000 20.84 1.43 110.880
car -1 -1 0.00 0.00 0.00 100.00 100.00 -1000 1.77 4.14 8.52 -1000 6.80 1.19 110.599
