car -1 -1 0.00 0.00 0.00 100.00 100.00 -1000 2.09 4.39 -9.69 -1000 34.40 1.54 998.980
car -1 -1 0.00 0.00 0.00 100.00 100.00 -1000 1.36 4.22 6.19 -1000 8.70 0.35 998.300
car -1 -1 0.00 0.00 0.00 100.00 100.00 -1000 1.71 4.15 5.45 -1000 10.18 1.75 996.543
car -1 -1 0.00 0.00 0.00 100.00 100.00 -1000 1.67 4.29 11.46 -1000 43.62 1.58 996.281
car -1 -1 0.00 0.00 0.00 100.00 100.00 -1000 1.08 4.90 -8.13 -1000 39.52 0.76 995.819
car -1 -1 0.00 0.00 0.00 100.00 100.00 -1000 1.62 4.03 -8.92 -1000 40.14 1.51 995.033
car -1 -1 0.00 0.00 0.00 100.00 100.00 -1000 1.66 4.06 -3.53 -1000 26.48 1.59 993.344
car -1 -1 0.00 0.00 0.00 100.00 100.00 -1000 2.94 5.84 -9.41 -1000 39.56 1.36 992.375
car -1 -1 0.00 0.00 0.00 100.00 100.00 -1000 1.60 3.70 5.55 -1000 9.31 1.59 989.342
car -1 -1 0.00 0.00 0.00 100.00 100.00 -1000 1.54 3.57 4.54 -1000 22.85 1.58 989.125
car -1 -1 0.00 0.00 0.00 100.00 100.00 -1000 1.61 4.22 -9.43 -1000 33.27 -0.01 989.027
car -1 -1 0.00 0.00 0.00 100.00 100.00 -1000 1.61 4.11 4.40 -1000 22.06 -0.17 985.719
car -1 -1 0.00 0.00 0.00 100.00 100.00 -1000 1.28 3.74 1.29 -1000 27.83 -0.05 983.909
car -1 -1 0.00 0.00 0.00 100.00 100.00 -1000 1.54 3.77 1.09 -1000 28.82 1.56 983.263
car -1 -1 0.00 0.00 0.00 100.00 100.00 -1000 1.64 3.95 -9.68 -1000 39.14 0.07 980.044
car -1 -1 0.00 0.00 0.00 100.00 100.00 -1000 1.48 3.53 7.32 -1000 23.43 0.17 979.278
car -1 -1 0.00 0.00 0.00 100.00 100.00 -1000 1.36 4.26 -3.49 -1000 25.22 0.13 977.919
car -1 -1 0.00 0.00 0.00 100.00 100.00 -1000 1.66 4.10 7.10 -1000 24.52 1.57 975.827
car -1 -1 0.00 0.00 0.00 100.00 100.00 -1000 1.81 4.20 12.12 -1000 42.76 -0.23 974.712
car -1 -1 0.00 0.00 0.00 100.00 100.00 -1000 1.61 4.23 -2.35 -1000 29.29 1.64 969.505
car -1 -1 0.00 0.00 0.00 100.00 100.00 -1000 1.57 3.86 -1.94 -1000 41.92 -0.01 965.126
car -1 -1 0.00 0.00 0.00 100.00 100.00 -1000 1.64 3.90 -4.42 -1000 25.90 1.57 959.077
car -1 -1 0.00 0.00 0.00 100.00 100.00 -1000 1.62 4.25 -16.86 -1000 34.15 -0.08 957.787
car -1 -1 0.00 0.00 0.00 100.00 100.00 -1000 1.94 4.33 -5.42 -1000 11.42 -0.08 955.133
car -1 -1 0.00 0.00 0.00 100.00 100.00 -1000 1.47 3.48 -0.53 -1000 44.96 1.59 952.004
car -1 -1 0.00 0.00 0.00 100.00 100.00 -1000 1.59 3.74 -13.40 -1000 45.34 1.61 951.197
car -1 -1 0.00 0.00 0.00 100.00 100.00 -1000 1.52 3.46 -16.43 -1000 35.03 1.59 943.932
car -1 -1 0.00 0.00 0.00 100.00 100.00 -1000 1.39 3.04 -2.54 -1000 46.36 1.57 938.958
car -1 -1 0.00 0.00 0.00 100.00 100.00 -1000 1.49 3.91 4.20 -1000 42.65 0.24 937.929
car -1 -1 0.00 0.00 0.00 100.00 100.00 -1000 1.41 3.47 -1.77 -1000 45.46 0.02 930.745
car -1 -1 0.00 0.00 0.00 100.00 100.00 -1000 1.37 3.45 5.76 -1000 11.10 -0.29 925.707
car -1 -1 0.00 0.00 0.00 100.00 100.00 -1000 1.61 3.53 -0.51 -1000 43.94 -0.19 916.012
car -1 -1 0.00 0.00 0.00 100.00 100.00 -1000 1.45 3.28 4.10 -1000 27.32 1.61 915.588
car -1 -1 0.00 0.00 0.00 100.00 100.00 -1000 1.76 4.84 -8.10 -1000 40.84 1.57 909.232
car -1 -1 0.00 0.00 0.00 100.00 100.00 -1000 1.50 3.35 -2.15 -1000 42.98 1.62 905.656
car -1 -1 0.00 0.00 0.00 100.00 100.00 -1000 1.76 4.54 -2.61 -1000 28.35 1.67 905.192
car -1 -1 0.00 0.00 0.00 100.00 100.00 -1000 1.43 3.52 3.78 -1000 37.88 0.30 903.400
car -1 -1 0.00 0.00 0.00 100.00 100.00 -1000 1.68 4.23 -3.28 -1000 27.36 1.63 902.038
car -1 -1 0.00 0.00 0.00 100.00 100.00 -1000 1.63 3.94 -8.88 -1000 44.51 1.60 898.609
car -1 -1 0.00 0.00 0.00 100.00 100.00 -1000 1.64 4.29 -10.68 -1000 33.65 0.16 891.026
car -1 -1 0.00 0.00 0.00 100.00 100.00 -1000 1.42 3.30 -0.80 -1000 42.59 1.54 888.326
car -1 -1 0.00 0.00 0.00 100.00 100.00 -1000 1.52 4.27 -8.44 -1000 38.82 0.14 887.014
car -1 -1 0.00 0.00 0.00 100.00 100.00 -1000 1.82 4.96 -15.31 -1000 44.90 0.04 884.476
car -1 -1 0.00 0.00 0.00 100.00 100.00 -1000 1.49 3.99 5.19 -1000 42.01 0.23 876.724
car -1 -1 0.00 0.00 0.00 100.00 100.00 -1000 1.78 4.72 11.07 -1000 44.72 1.56 876.144
car -1 -1 0.00 0.00 0.00 100.00 100.00 -1000 1.64 3.98 -17.22 -1000 46.24 1.60 871.731
car -1 -1 0.00 0.00 0.00 100.00 100.00 -1000 1.62 3.94 -10.53 -1000 39.93 1.57 871.335
car -1 -1 0.00 0.00 0.00 100.00 100.00 -1000 2.48 6.56 -10.85 -1000 43.84 -0.21 869.419
car -1 -1 0.00 0.00 0.00 100.00 100.00 -1000 2.09 5.99 -11.37 -1000 45.71 1.47 867.610
car -1 -1 0.00 0.00 0.00 100.00 100.00 -1000 2.01 5.81 -15.18 -1000 46.26 1.65 866.598
car -1 -1 0.00 0.00 0.00 100.00 100.00 -1000 1.37 3.20 9.15 -1000 21.49 0.07 864.150
car -1 -1 0.00 0.00 0.00 100.00 100.00 -1000 1.83 4.60 1.26 -1000 27.07 -0.15 854.598
car -1 -1 0.00 0.00 0.00 100.00 100.00 -1000 1.55 3.50 4.46 -1000 26.49 -0.07 843.513
car -1 -1 0.00 0.00 0.00 100.00 100.00 -1000 1.60 3.52 -3.38 -1000 43.22 1.47 842.931
car -1 -1 0.00 0.00 0.00 100.00 100.00 -1000 5.04 11.78 -11.96 -1000 43.97 -0.26 823.070
car -1 -1 0.00 0.00 0.00 100.00 100.00 -1000 2.72 10.73 -14.30 -1000 46.96 1.50 814.885
car -1 -1 0.00 0.00 0.00 100.00 100.00 -1000 1.73 4.63 -4.63 -1000 27.00 1.57 809.543
car -1 -1 0.00 0.00 0.00 100.00 100.00 -1000 1.76 4.88 -0.71 -1000 28.98 1.64 807.465
car -1 -1 0.00 0.00 0.00 100.00 100.00 -1000 1.59 3.71 -14.96 -1000 45.56 1.61 801.432
car -1 -1 0.00 0.00 0.00 100.00 100.00 -1000 1.51 3.45 10.86 -1000 13.92 -0.32 799.327
car -1 -1 0.00 0.00 0.00 100.00 100.00 -1000 1.77 5.04 -2.20 -1000 30.07 1.63 797.225
car -1 -1 0.00 0.00 0.00 100.00 100.00 -1000 1.47 3.23 -18.85 -1000 46.30 1.60 796.456
car -1 -1 0.00 0.00 0.00 100.00 100.00 -1000 1.49 3.56 9.14 -1000 18.44 1.46 787.957
car -1 -1 0.00 0.00 0.00 100.00 100.00 -1000 1.55 4.08 -0.46 -1000 37.07 0.09 781.306
car -1 -1 0.00 0.00 0.00 100.00 100.00 -1000 1.81 4.75 -10.77 -1000 41.39 1.57 779.175
car -1 -1 0.00 0.00 0.00 100.00 100.00 -1000 1.58 3.71 -11.85 -1000 45.19 1.60 777.376
car -1 -1 0.00 0.00 0.00 100.00 100.00 -1000 1.59 3.97 -10.65 -1000 17.65 -0.35 774.410
car -1 -1 0.00 0.00 0.00 100.00 100.00 -1000 1.48 3.44 5.49 -1000 43.08 1.58 772.245
car -1 -1 0.00 0.00 0.00 100.00 100.00 -1000 1.49 3.31 -0.84 -1000 41.40 -0.11 763.310
car -1 -1 0.00 0.00 0.00 100.00 100.00 -1000 1.55 3.47 -10.16 -1000 44.80 1.64 758.768
car -1 -1 0.00 0.00 0.00 100.00 100.00 -1000 1.59 4.14 -3.69 -1000 42.32 0.09 749.785
car -1 -1 0.00 0.00 0.00 100.00 100.00 -1000 1.43 3.21 5.03 -1000 32.98 0.30 746.647
car -1 -1 0.00 0.00 0.00 100.00 100.00 -1000 1.45 3.56 7.45 -1000 25.99 1.56 744.189
car -1 -1 0.00 0.00 0.00 100.00 100.00 -1000 1.52 3.73 -11.06 -1000 34.71 1.58 738.728
car -1 -1 0.00 0.00 0.00 100.00 100.00 -1000 1.39 3.61 6.27 -1000 11.94 1.56 734.610
car -1 -1 0.00 0.00 0.00 100.00 100.00 -1000 1.57 4.02 6.15 -1000 23.10 -0.59 733.909
car -1 -1 0.00 0.00 0.00 100.00 100.00 -1000 1.77 4.71 -1.26 -1000 27.92 1.65 732.579
car -1 -1 0.00 0.00 0.00 100.00 100.00 -1000 1.88 5.99 1.78 -1000 29.77 1.52 729.608
car -1 -1 0.00 0.00 0.00 100.00 100.00 -1000 1.43 3.63 8.56 -1000 22.34 1.58 728.992
car -1 -1 0.00 0.00 0.00 100.00 100.00 -1000 1.42 3.31 4.29 -1000 43.44 1.61 722.606
car -1 -1 0.00 0.00 0.00 100.00 100.00 -1000 1.59 3.95 5.31 -1000 23.72 1.56 717.383
car -1 -1 0.00 0.00 0.00 100.00 100.00 -1000 1.51 3.58 -15.53 -1000 29.27 1.63 713.174
car -1 -1 0.00 0.00 0.00 100.00 100.00 -1000 1.58 3.92 -10.96 -1000 44.19 1.65 711.287
car -1 -1 0.00 0.00 0.00 100.00 100.00 -1000 1.67 3.94 -8.55 -1000 33.79 1.76 710.652
car -1 -1 0.00 0.00 0.00 100.00 100.00 -1000 3.00 6.57 12.40 -1000 42.37 -0.09 702.683
car -1 -1 0.00 0.00 0.00 100.00 100.00 -1000 1.73 4.40 13.79 -1000 43.41 1.52 694.023
car -1 -1 0.00 0.00 0.00 100.00 100.00 -1000 1.42 3.41 5.79 -1000 33.70 1.55 688.908
car -1 -1 0.00 0.00 0.00 100.00 100.00 -1000 1.39 3.17 9.79 -1000 17.75 1.56 687.702
car -1 -1 0.00 0.00 0.00 100.00 100.00 -1000 1.56 3.65 -10.02 -1000 18.93 1.60 686.778
car -1 -1 0.00 0.00 0.00 100.00 100.00 -1000 1.96 5.80 -10.57 -1000 40.54 1.60 674.242
car -1 -1 0.00 0.00 0.00 100.00 100.00 -1000 1.42 2.83 -5.42 -1000 12.55 1.56 669.110
car -1 -1 0.00 0.00 0.00 100.00 100.00 -1000 1.58 4.08 -8.27 -1000 34.89 1.58 668.982
car -1 -1 0.00 0.00 0.00 100.00 100.00 -1000 1.45 3.43 10.77 -1000 31.82 1.55 667.694
car -1 -1 0.00 0.00 0.00 100.00 100.00 -1000 1.51 3.31 4.50 -1000 29.65 -0.04 657.164
car -1 -1 0.00 0.00 0.00 100.00 100.00 -1000 1.91 5.47 12.31 -1000 46.16 1.52 654.192
car -1 -1 0.00 0.00 0.00 100.00 100.00 -1000 1.60 3.87 3.00 -1000 27.88 1.70 652.424
car -1 -1 0.00 0.00 0.00 100.00 100.00 -1000 1.50 3.85 -9.60 -1000 27.49 1.52 651.359
car -1 -1 0.00 0.00 0.00 100.00 100.00 -1000 1.61 3.99 1.93 -1000 37.84 0.13 650.203
car -1 -1 0.00 0.00 0.00 100.00 100.00 -1000 1.64 4.31 -0.43 -1000 47.14 1.63 646.677
car -1 -1 0.00 0.00 0.00 100.00 100.00 -1000 1.78 4.68 -6.98 -1000 40.26 1.51 646.341
car -1 -1 0.00 0.00 0.00 100.00 100.00 -1000 1.52 4.01 -10.08 -1000 35.25 1.55 643.264
car -1 -1 0.00 0.00 0.00 100.00 100.00 -1000 2.67 10.04 -11.63 -1000 46.17 1.44 641.186
car -1 -1 0.00 0.00 0.00 100.00 100.00 -1000 1.77 4.07 -16.42 -1000 33.40 -0.05 638.675
car -1 -1 0.00 0.00 0.00 100.00 100.00 -1000 1.75 3.78 -7.82 -1000 42.26 1.43 636.787
car -1 -1 0.00 0.00 0.00 100.00 100.00 -1000 1.56 3.80 -14.96 -1000 34.56 1.52 621.920
car -1 -1 0.00 0.00 0.00 100.00 100.00 -1000 1.59 3.99 9.30 -1000 16.13 1.62 617.130
car -1 -1 0.00 0.00 0.00 100.00 100.00 -1000 1.36 3.06 3.66 -1000 38.94 1.58 600.271
car -1 -1 0.00 0.00 0.00 100.00 100.00 -1000 1.37 3.27 11.34 -1000 14.53 1.67 598.594
car -1 -1 0.00 0.00 0.00 100.00 100.00 -1000 1.63 3.95 10.46 -1000 43.08 0.13 597.933
car -1 -1 0.00 0.00 0.00 100.00 100.00 -1000 2.13 4.68 -17.98 -1000 44.93 -0.14 593.810
car -1 -1 0.00 0.00 0.00 100.00 100.00 -1000 1.65 3.98 3.05 -1000 43.77 1.45 591.197
car -1 -1 0.00 0.00 0.00 100.00 100.00 -1000 1.44 3.38 -0.03 -1000 38.21 1.61 588.763
car -1 -1 0.00 0.00 0.00 100.00 100.00 -1000 1.56 3.94 -1.32 -1000 40.46 1.70 588.638
car -1 -1 0.00 0.00 0.00 100.00 100.00 -1000 1.50 3.96 8.90 -1000 19.25 1.58 586.941
car -1 -1 0.00 0.00 0.00 100.00 100.00 -1000 1.39 3.21 -11.68 -1000 17.07 -0.03 581.459
car -1 -1 0.00 0.00 0.00 100.00 100.00 -1000 1.53 3.94 2.73 -1000 42.86 0.09 580.309
car -1 -1 0.00 0.00 0.00 100.00 100.00 -1000 1.59 3.45 12.02 -1000 41.07 1.54 572.630
car -1 -1 0.00 0.00 0.00 100.00 100.00 -1000 1.53 3.42 -8.76 -1000 43.74 1.70 568.460
car -1 -1 0.00 0.00 0.00 100.00 100.00 -1000 1.39 3.22 11.22 -1000 33.78 1.59 565.841
car -1 -1 0.00 0.00 0.00 100.00 100.00 -1000 2.78 6.69 -8.20 -1000 42.99 -0.24 562.571
car -1 -1 0.00 0.00 0.00 100.00 100.00 -1000 1.63 3.96 -16.85 -1000 35.72 1.43 562.339
car -1 -1 0.00 0.00 0.00 100.00 100.00 -1000 1.56 3.51 -2.37 -1000 41.17 1.54 556.871
car -1 -1 0.00 0.00 0.00 100.00 100.00 -1000 1.39 2.99 -0.88 -1000 37.74 1.55 555.726
car -1 -1 0.00 0.00 0.00 100.00 100.00 -1000 1.41 3.04 -1.68 -1000 43.67 -0.44 553.373
car -1 -1 0.00 0.00 0.00 100.00 100.00 -1000 2.01 6.12 9.85 -1000 45.38 1.49 551.119
car -1 -1 0.00 0.00 0.00 100.00 100.00 -1000 1.60 4.05 -7.23 -1000 34.13 1.59 549.346
car -1 -1 0.00 0.00 0.00 100.00 100.00 -1000 1.50 3.30 -5.87 -1000 14.19 1.47 540.012
car -1 -1 0.00 0.00 0.00 100.00 100.00 -1000 1.60 3.72 -11.83 -1000 16.00 0.00 533.629
car -1 -1 0.00 0.00 0.00 100.00 100.00 -1000 1.57 3.70 -8.66 -1000 31.28 1.58 532.748
car -1 -1 0.00 0.00 0.00 100.00 100.00 -1000 1.64 3.68 -16.64 -1000 45.36 1.62 529.991
car -1 -1 0.00 0.00 0.00 100.00 100.00 -1000 1.45 3.42 2.13 -1000 38.75 1.54 528.532
car -1 -1 0.00 0.00 0.00 100.00 100.00 -1000 1.73 4.77 -0.16 -1000 31.52 1.65 527.493
car -1 -1 0.00 0.00 0.00 100.00 100.00 -1000 1.15 3.28 3.30 -1000 33.78 0.68 524.858
car -1 -1 0.00 0.00 0.00 100.00 100.00 -1000 1.48 3.60 -4.16 -1000 28.35 0.03 524.270
car -1 -1 0.00 0.00 0.00 100.00 100.00 -1000 1.40 3.36 5.12 -1000 30.49 1.59 524.109
car -1 -1 0.00 0.00 0.00 100.00 100.00 -1000 1.52 3.68 8.06 -1000 23.97 1.57 521.429
car -1 -1 0.00 0.00 0.00 100.00 100.00 -1000 1.49 3.48 9.10 -1000 20.16 1.64 517.897
car -1 -1 0.00 0.00 0.00 100.00 100.00 -1000 1.51 3.31 -1.90 -1000 37.43 1.48 516.617
car -1 -1 0.00 0.00 0.00 100.00 100.00 -1000 1.48 3.01 -6.16 -1000 15.36 1.42 513.780
car -1 -1 0.00 0.00 0.00 100.00 100.00 -1000 1.63 4.03 4.76 -1000 8.50 1.48 508.040
car -1 -1 0.00 0.00 0.00 100.00 100.00 -1000 1.68 6.38 12.45 -1000 18.22 1.23 504.578
car -1 -1 0.00 0.00 0.00 100.00 100.00 -1000 1.46 4.29 -8.93 -1000 32.60 1.65 498.812
car -1 -1 0.00 0.00 0.00 100.00 100.00 -1000 1.54 3.78 9.72 -1000 12.89 1.60 498.309
car -1 -1 0.00 0.00 0.00 100.00 100.00 -1000 1.58 4.04 -9.72 -1000 26.61 1.60 498.295
car -1 -1 0.00 0.00 0.00 100.00 100.00 -1000 1.96 5.50 -4.21 -1000 41.52 1.41 497.355
car -1 -1 0.00 0.00 0.00 100.00 100.00 -1000 1.45 3.11 7.52 -1000 22.68 1.35 494.373
car -1 -1 0.00 0.00 0.00 100.00 100.00 -1000 1.70 4.36 -9.76 -1000 25.45 1.63 493.130
car -1 -1 0.00 0.00 0.00 100.00 100.00 -1000 1.50 3.73 -3.48 -1000 28.91 0.13 492.971
car -1 -1 0.00 0.00 0.00 100.00 100.00 -1000 1.75 4.70 -7.50 -1000 44.20 1.46 490.266
car -1 -1 0.00 0.00 0.00 100.00 100.00 -1000 1.87 6.25 3.11 -1000 30.46 1.47 488.534
car -1 -1 0.00 0.00 0.00 100.00 100.00 -1000 1.53 3.80 4.49 -1000 38.50 1.62 482.223
car -1 -1 0.00 0.00 0.00 100.00 100.00 -1000 1.59 3.71 -11.34 -1000 39.19 0.08 478.439
car -1 -1 0.00 0.00 0.00 100.00 100.00 -1000 1.44 3.28 8.54 -1000 23.13 0.17 478.393
car -1 -1 0.00 0.00 0.00 100.00 100.00 -1000 1.47 3.35 6.84 -1000 41.03 1.52 477.805
car -1 -1 0.00 0.00 0.00 100.00 100.00 -1000 1.71 3.48 -8.54 -1000 37.89 1.54 475.184
car -1 -1 0.00 0.00 0.00 100.00 100.00 -1000 2.05 6.57 10.69 -1000 46.97 1.45 475.182
car -1 -1 0.00 0.00 0.00 100.00 100.00 -1000 1.44 3.08 6.35 -1000 22.31 1.55 474.288
car -1 -1 0.00 0.00 0.00 100.00 100.00 -1000 2.01 6.46 9.36 -1000 44.16 1.45 468.310
car -1 -1 0.00 0.00 0.00 100.00 100.00 -1000 1.46 3.42 -0.25 -1000 34.48 1.52 467.540
car -1 -1 0.00 0.00 0.00 100.00 100.00 -1000 1.62 4.20 0.13 -1000 42.03 1.63 467.520
car -1 -1 0.00 0.00 0.00 100.00 100.00 -1000 1.68 4.17 -3.09 -1000 44.20 1.42 467.287
car -1 -1 0.00 0.00 0.00 100.00 100.00 -1000 1.82 4.89 1.20 -1000 44.66 1.53 464.814
car -1 -1 0.00 0.00 0.00 100.00 100.00 -1000 1.42 3.25 10.68 -1000 29.37 1.55 464.662
car -1 -1 0.00 0.00 0.00 100.00 100.00 -1000 2.38 8.36 -9.58 -1000 47.00 1.40 459.735
car -1 -1 0.00 0.00 0.00 100.00 100.00 -1000 2.20 7.02 -5.69 -1000 43.00 1.40 458.462
car -1 -1 0.00 0.00 0.00 100.00 100.00 -1000 1.78 4.72 -5.12 -1000 25.06 0.06 457.827
car -1 -1 0.00 0.00 0.00 100.00 100.00 -1000 1.50 3.43 9.35 -1000 17.07 -0.08 454.588
car -1 -1 0.00 0.00 0.00 100.00 100.00 -1000 1.51 3.78 10.34 -1000 25.42 1.58 451.757
car -1 -1 0.00 0.00 0.00 100.00 100.00 -1000 1.85 5.36 -1.52 -1000 30.87 1.61 447.768
car -1 -1 0.00 0.00 0.00 100.00 100.00 -1000 1.46 3.29 6.41 -1000 37.42 1.53 445.852
car -1 -1 0.00 0.00 0.00 100.00 100.00 -1000 1.67 4.16 2.72 -1000 26.82 1.60 439.308
car -1 -1 0.00 0.00 0.00 100.00 100.00 -1000 1.48 3.82 9.94 -1000 15.24 1.56 437.486
car -1 -1 0.00 0.00 0.00 100.00 100.00 -1000 1.73 4.70 -11.39 -1000 35.66 1.38 436.671
car -1 -1 0.00 0.00 0.00 100.00 100.00 -1000 1.51 3.89 3.38 -1000 22.48 0.21 436.103
car -1 -1 0.00 0.00 0.00 100.00 100.00 -1000 1.67 4.18 -10.83 -1000 16.60 1.65 431.210
car -1 -1 0.00 0.00 0.00 100.00 100.00 -1000 1.42 3.59 6.11 -1000 25.81 0.22 431.147
car -1 -1 0.00 0.00 0.00 100.00 100.00 -1000 1.56 4.61 -9.00 -1000 41.54 1.47 429.298
car -1 -1 0.00 0.00 0.00 100.00 100.00 -1000 1.50 3.41 -3.52 -1000 29.79 1.43 428.314
car -1 -1 0.00 0.00 0.00 100.00 100.00 -1000 2.33 7.92 14.67 -1000 46.23 1.39 427.395
car -1 -1 0.00 0.00 0.00 100.00 100.00 -1000 1.39 3.39 -1.21 -1000 46.09 -0.48 427.084
car -1 -1 0.00 0.00 0.00 100.00 100.00 -1000 1.85 4.89 5.50 -1000 24.82 1.55 424.813
car -1 -1 0.00 0.00 0.00 100.00 100.00 -1000 1.45 3.52 -1.38 -1000 44.45 1.38 418.550
car -1 -1 0.00 0.00 0.00 100.00 100.00 -1000 2.02 5.65 0.28 -1000 46.24 1.72 415.660
car -1 -1 0.00 0.00 0.00 100.00 100.00 -1000 1.54 3.90 7.44 -1000 12.37 1.54 408.638
car -1 -1 0.00 0.00 0.00 100.00 100.00 -1000 1.51 3.28 4.80 -1000 20.09 1.58 403.373
car -1 -1 0.00 0.00 0.00 100.00 100.00 -1000 2.35 5.93 -12.69 -1000 44.24 -0.24 402.641
car -1 -1 0.00 0.00 0.00 100.00 100.00 -1000 1.57 3.65 6.37 -1000 42.35 1.53 402.184
car -1 -1 0.00 0.00 0.00 100.00 100.00 -1000 1.50 3.35 0.74 -1000 34.89 1.55 402.159
car -1 -1 0.00 0.00 0.00 100.00 100.00 -1000 1.73 4.74 -11.04 -1000 38.30 1.57 402.128
car -1 -1 0.00 0.00 0.00 100.00 100.00 -1000 3.57 8.85 -18.53 -1000 44.69 -0.17 401.259
car -1 -1 0.00 0.00 0.00 100.00 100.00 -1000 1.57 3.85 -12.15 -1000 14.97 1.54 400.750
car -1 -1 0.00 0.00 0.00 100.00 100.00 -1000 1.72 4.81 2.96 -1000 28.93 1.56 398.888
car -1 -1 0.00 0.00 0.00 100.00 100.00 -1000 1.87 5.11 9.81 -1000 42.35 1.40 395.706
car -1 -1 0.00 0.00 0.00 100.00 100.00 -1000 1.60 4.04 10.01 -1000 23.74 1.64 394.732
car -1 -1 0.00 0.00 0.00 100.00 100.00 -1000 1.70 3.89 4.79 -1000 21.02 1.63 394.021
car -1 -1 0.00 0.00 0.00 100.00 100.00 -1000 1.61 3.85 7.28 -1000 9.17 1.73 391.644
car -1 -1 0.00 0.00 0.00 100.00 100.00 -1000 1.63 4.16 4.80 -1000 27.98 1.52 390.806
car -1 -1 0.00 0.00 0.00 100.00 100.00 -1000 1.51 3.48 3.44 -1000 34.85 1.51 389.295
car -1 -1 0.00 0.00 0.00 100.00 100.00 -1000 1.38 3.13 -3.53 -1000 45.45 0.27 388.723
car -1 -1 0.00 0.00 0.00 100.00 100.00 -1000 1.67 3.74 6.74 -1000 47.89 0.07 382.740
car -1 -1 0.00 0.00 0.00 100.00 100.00 -1000 1.53 3.78 10.31 -1000 24.55 1.62 382.273
car -1 -1 0.00 0.00 0.00 100.00 100.00 -1000 1.61 3.61 -12.16 -1000 34.32 1.39 381.003
car -1 -1 0.00 0.00 0.00 100.00 100.00 -1000 1.78 3.81 -3.15 -1000 24.22 1.59 378.935
car -1 -1 0.00 0.00 0.00 100.00 100.00 -1000 1.65 4.03 -16.07 -1000 28.54 0.08 376.433
car -1 -1 0.00 0.00 0.00 100.00 100.00 -1000 2.14 6.91 -5.68 -1000 46.20 1.40 376.105
car -1 -1 0.00 0.00 0.00 100.00 100.00 -1000 1.71 4.17 -15.42 -1000 32.02 1.58 372.479
car -1 -1 0.00 0.00 0.00 100.00 100.00 -1000 1.47 3.64 4.74 -1000 34.14 1.58 372.282
car -1 -1 0.00 0.00 0.00 100.00 100.00 -1000 1.53 3.82 -16.79 -1000 22.58 1.51 371.175
car -1 -1 0.00 0.00 0.00 100.00 100.00 -1000 1.40 3.34 4.23 -1000 9.60 1.59 367.315
car -1 -1 0.00 0.00 0.00 100.00 100.00 -1000 1.71 4.98 8.62 -1000 46.12 1.55 366.729
car -1 -1 0.00 0.00 0.00 100.00 100.00 -1000 2.04 6.18 -9.27 -1000 45.39 1.41 365.449
car -1 -1 0.00 0.00 0.00 100.00 100.00 -1000 1.47 3.61 -10.15 -1000 31.22 1.59 365.177
car -1 -1 0.00 0.00 0.00 100.00 100.00 -1000 1.58 3.66 0.94 -1000 43.55 1.62 363.903
car -1 -1 0.00 0.00 0.00 100.00 100.00 -1000 1.51 3.56 -17.38 -1000 21.83 0.11 361.808
car -1 -1 0.00 0.00 0.00 100.00 100.00 -1000 2.09 6.49 13.06 -1000 45.06 1.46 361.762
car -1 -1 0.00 0.00 0.00 100.00 100.00 -1000 1.76 3.76 1.44 -1000 26.16 1.55 361.381
car -1 -1 0.00 0.00 0.00 100.00 100.00 -1000 1.51 3.62 -12.76 -1000 16.53 1.55 361.080
car -1 -1 0.00 0.00 0.00 100.00 100.00 -1000 2.01 6.42 -17.63 -1000 46.97 1.43 358.956
car -1 -1 0.00 0.00 0.00 100.00 100.00 -1000 1.64 4.44 -8.60 -1000 28.19 1.61 354.632
car -1 -1 0.00 0.00 0.00 100.00 100.00 -1000 1.71 5.01 -10.76 -1000 37.37 1.51 354.250
car -1 -1 0.00 0.00 0.00 100.00 100.00 -1000 1.63 4.20 6.71 -1000 30.91 1.61 354.113
car -1 -1 0.00 0.00 0.00 100.00 100.00 -1000 1.84 5.56 -16.41 -1000 30.12 1.46 353.164
car -1 -1 0.00 0.00 0.00 100.00 100.00 -1000 1.51 3.68 11.43 -1000 35.83 1.62 349.855
car -1 -1 0.00 0.00 0.00 100.00 100.00 -1000 1.51 3.70 8.78 -1000 25.26 -0.02 348.076
car -1 -1 0.00 0.00 0.00 100.00 100.00 -1000 2.13 6.79 -5.83 -1000 41.03 1.35 344.940
car -1 -1 0.00 0.00 0.00 100.00 100.00 -1000 2.03 6.52 13.24 -1000 46.98 1.41 344.768
car -1 -1 0.00 0.00 0.00 100.00 100.00 -1000 1.71 3.88 6.06 -1000 7.28 1.57 342.367
car -1 -1 0.00 0.00 0.00 100.00 100.00 -1000 2.08 5.72 -16.65 -1000 44.19 -0.14 341.289
car -1 -1 0.00 0.00 0.00 100.00 100.00 -1000 1.42 3.38 5.27 -1000 37.84 1.61 341.209
car -1 -1 0.00 0.00 0.00 100.00 100.00 -1000 1.49 3.25 10.99 -1000 32.84 -0.18 338.505
car -1 -1 0.00 0.00 0.00 100.00 100.00 -1000 1.60 3.78 -8.65 -1000 42.85 1.50 338.047
car -1 -1 0.00 0.00 0.00 100.00 100.00 -1000 2.07 6.39 15.64 -1000 45.11 1.39 336.051
car -1 -1 0.00 0.00 0.00 100.00 100.00 -1000 1.52 3.62 -12.33 -1000 33.50 0.13 334.151
car -1 -1 0.00 0.00 0.00 100.00 100.00 -1000 1.55 3.91 -15.11 -1000 19.36 1.45 334.053
car -1 -1 0.00 0.00 0.00 100.00 100.00 -1000 1.55 3.84 10.95 -1000 17.35 1.63 331.443
car -1 -1 0.00 0.00 0.00 100.00 100.00 -1000 1.53 3.49 -2.03 -1000 33.38 1.43 331.401
car -1 -1 0.00 0.00 0.00 100.00 100.00 -1000 1.87 4.45 -19.07 -1000 45.50 -0.10 329.854
car -1 -1 0.00 0.00 0.00 100.00 100.00 -1000 1.51 3.83 12.59 -1000 15.22 1.44 329.079
car -1 -1 0.00 0.00 0.00 100.00 100.00 -1000 1.68 3.94 13.00 -1000 42.00 1.60 327.437
car -1 -1 0.00 0.00 0.00 100.00 100.00 -1000 1.75 4.62 3.32 -1000 42.02 1.47 326.537
car -1 -1 0.00 0.00 0.00 100.00 100.00 -1000 1.50 3.38 10.78 -1000 30.83 -0.18 325.160
car -1 -1 0.00 0.00 0.00 100.00 100.00 -1000 1.44 3.34 -2.28 -1000 36.54 0.12 323.338
car -1 -1 0.00 0.00 0.00 100.00 100.00 -1000 1.42 3.14 9.85 -1000 31.43 1.47 321.774
car -1 -1 0.00 0.00 0.00 100.00 100.00 -1000 1.56 3.98 -17.26 -1000 20.90 1.52 319.171
car -1 -1 0.00 0.00 0.00 100.00 100.00 -1000 1.91 6.11 -5.22 -1000 13.53 -0.29 318.601
car -1 -1 0.00 0.00 0.00 100.00 100.00 -1000 1.63 4.04 10.06 -1000 22.50 1.62 318.403
car -1 -1 0.00 0.00 0.00 100.00 100.00 -1000 1.62 4.07 5.95 -1000 26.60 1.68 317.600
car -1 -1 0.00 0.00 0.00 100.00 100.00 -1000 1.54 3.65 12.18 -1000 33.12 1.58 313.501
car -1 -1 0.00 0.00 0.00 100.00 100.00 -1000 1.52 3.59 10.42 -1000 28.37 0.11 310.725
car -1 -1 0.00 0.00 0.00 100.00 100.00 -1000 1.77 4.76 8.02 -1000 47.06 1.56 310.086
car -1 -1 0.00 0.00 0.00 100.00 100.00 -1000 1.73 4.47 8.18 -1000 40.65 1.41 308.858
car -1 -1 0.00 0.00 0.00 100.00 100.00 -1000 1.83 4.78 -6.49 -1000 39.13 1.48 308.637
car -1 -1 0.00 0.00 0.00 100.00 100.00 -1000 1.59 4.20 -3.43 -1000 47.12 1.49 308.517
car -1 -1 0.00 0.00 0.00 100.00 100.00 -1000 1.47 3.48 12.59 -1000 27.76 1.52 308.385
car -1 -1 0.00 0.00 0.00 100.00 100.00 -1000 1.83 5.27 7.45 -1000 45.42 1.38 305.801
car -1 -1 0.00 0.00 0.00 100.00 100.00 -1000 1.58 4.04 10.16 -1000 38.51 1.57 303.801
car -1 -1 0.00 0.00 0.00 100.00 100.00 -1000 1.98 6.08 -4.71 -1000 43.78 1.40 303.673
car -1 -1 0.00 0.00 0.00 100.00 100.00 -1000 1.65 4.31 7.70 -1000 8.43 1.59 301.466
car -1 -1 0.00 0.00 0.00 100.00 100.00 -1000 1.86 5.50 -4.66 -1000 40.24 1.39 300.471
car -1 -1 0.00 0.00 0.00 100.00 100.00 -1000 1.40 3.12 -10.48 -1000 42.45 1.45 299.778
car -1 -1 0.00 0.00 0.00 100.00 100.00 -1000 1.82 5.49 15.26 -1000 33.34 1.48 299.593
car -1 -1 0.00 0.00 0.00 100.00 100.00 -1000 1.81 4.83 15.03 -1000 42.32 1.40 299.470
car -1 -1 0.00 0.00 0.00 100.00 100.00 -1000 2.11 6.65 14.29 -1000 44.21 1.38 299.273
car -1 -1 0.00 0.00 0.00 100.00 100.00 -1000 1.73 4.79 12.93 -1000 19.63 1.45 298.774
car -1 -1 0.00 0.00 0.00 100.00 100.00 -1000 1.57 4.01 10.37 -1000 12.18 1.61 295.526
car -1 -1 0.00 0.00 0.00 100.00 100.00 -1000 1.91 5.41 15.97 -1000 43.06 1.40 295.136
car -1 -1 0.00 0.00 0.00 100.00 100.00 -1000 1.73 5.02 2.20 -1000 31.62 1.49 291.910
car -1 -1 0.00 0.00 0.00 100.00 100.00 -1000 1.68 4.35 0.96 -1000 42.69 1.59 291.903
car -1 -1 0.00 0.00 0.00 100.00 100.00 -1000 1.68 4.19 11.47 -1000 40.28 1.61 290.826
car -1 -1 0.00 0.00 0.00 100.00 100.00 -1000 1.50 4.87 -7.27 -1000 29.39 1.51 290.652
car -1 -1 0.00 0.00 0.00 100.00 100.00 -1000 2.20 7.49 -7.01 -1000 41.76 1.37 289.380
car -1 -1 0.00 0.00 0.00 100.00 100.00 -1000 1.51 3.62 10.40 -1000 20.95 1.65 288.912
car -1 -1 0.00 0.00 0.00 100.00 100.00 -1000 1.53 3.62 -5.02 -1000 29.39 1.51 285.593
car -1 -1 0.00 0.00 0.00 100.00 100.00 -1000 1.59 3.90 0.48 -1000 37.56 -0.04 284.341
car -1 -1 0.00 0.00 0.00 100.00 100.00 -1000 1.63 4.13 7.26 -1000 41.87 1.42 282.876
car -1 -1 0.00 0.00 0.00 100.00 100.00 -1000 2.13 7.27 -12.25 -1000 36.51 1.41 282.853
car -1 -1 0.00 0.00 0.00 100.00 100.00 -1000 1.55 3.76 12.32 -1000 34.17 1.54 282.791
car -1 -1 0.00 0.00 0.00 100.00 100.00 -1000 1.60 4.06 -13.44 -1000 17.31 1.50 282.054
car -1 -1 0.00 0.00 0.00 100.00 100.00 -1000 1.52 3.56 10.30 -1000 16.59 1.66 278.073
car -1 -1 0.00 0.00 0.00 100.00 100.00 -1000 1.54 3.85 -15.49 -1000 20.17 1.49 277.462
car -1 -1 0.00 0.00 0.00 100.00 100.00 -1000 2.00 6.03 -5.69 -1000 44.58 1.37 276.953
car -1 -1 0.00 0.00 0.00 100.00 100.00 -1000 1.42 3.57 -7.40 -1000 36.89 1.52 275.427
car -1 -1 0.00 0.00 0.00 100.00 100.00 -1000 1.67 4.46 -17.15 -1000 28.98 1.40 271.196
car -1 -1 0.00 0.00 0.00 100.00 100.00 -1000 1.67 4.11 -0.21 -1000 38.96 1.60 269.398
car -1 -1 0.00 0.00 0.00 100.00 100.00 -1000 1.57 4.14 -10.51 -1000 30.37 0.22 269.130
car -1 -1 0.00 0.00 0.00 100.00 100.00 -1000 1.80 4.86 -1.81 -1000 25.87 1.68 268.926
car -1 -1 0.00 0.00 0.00 100.00 100.00 -1000 2.09 6.81 3.60 -1000 46.21 1.41 268.094
car -1 -1 0.00 0.00 0.00 100.00 100.00 -1000 1.55 3.84 7.89 -1000 34.22 1.59 265.030
car -1 -1 0.00 0.00 0.00 100.00 100.00 -1000 1.98 6.15 0.05 -1000 30.18 1.61 264.695
car -1 -1 0.00 0.00 0.00 100.00 100.00 -1000 1.51 3.12 -16.50 -1000 44.13 1.35 264.672
car -1 -1 0.00 0.00 0.00 100.00 100.00 -1000 1.55 3.47 -14.18 -1000 19.81 -0.05 264.498
car -1 -1 0.00 0.00 0.00 100.00 100.00 -1000 1.70 4.17 0.93 -1000 41.12 1.62 264.316
car -1 -1 0.00 0.00 0.00 100.00 100.00 -1000 1.45 3.83 6.45 -1000 40.14 1.53 261.475
car -1 -1 0.00 0.00 0.00 100.00 100.00 -1000 1.69 4.72 -11.93 -1000 32.60 1.44 259.133
car -1 -1 0.00 0.00 0.00 100.00 100.00 -1000 1.79 4.73 -5.06 -1000 38.68 1.36 258.325
car -1 -1 0.00 0.00 0.00 100.00 100.00 -1000 1.66 4.64 4.26 -1000 44.14 1.42 257.868
