car -1 -1 0.00 0.00 0.00 100.00 100.00 -1000 2.08 7.14 -0.79 -1000 39.01 1.49 999.996
car -1 -1 0.00 0.00 0.00 100.00 100.00 -1000 2.51 7.07 -0.44 -1000 40.03 1.64 999.417
car -1 -1 0.00 0.00 0.00 100.00 100.00 -1000 3.48 13.75 1.59 -1000 41.59 1.51 998.716
car -1 -1 0.00 0.00 0.00 100.00 100.00 -1000 3.85 7.26 2.12 -1000 38.32 -0.43 997.629
car -1 -1 0.00 0.00 0.00 100.00 100.00 -1000 2.85 11.58 -1.93 -1000 42.18 1.67 993.497
car -1 -1 0.00 0.00 0.00 100.00 100.00 -1000 2.39 7.81 3.00 -1000 41.33 1.56 988.101
car -1 -1 0.00 0.00 0.00 100.00 100.00 -1000 1.74 4.43 4.80 -1000 41.22 1.57 987.653
car -1 -1 0.00 0.00 0.00 100.00 100.00 -1000 1.54 3.60 -15.01 -1000 29.82 1.62 986.119
car -1 -1 0.00 0.00 0.00 100.00 100.00 -1000 1.20 4.22 3.89 -1000 36.75 0.69 985.109
car -1 -1 0.00 0.00 0.00 100.00 100.00 -1000 2.90 10.86 -0.82 -1000 40.70 1.65 984.672
car -1 -1 0.00 0.00 0.00 100.00 100.00 -1000 1.97 4.64 0.24 -1000 38.36 -0.37 983.389
car -1 -1 0.00 0.00 0.00 100.00 100.00 -1000 2.32 7.80 -2.84 -1000 41.40 1.54 981.379
car -1 -1 0.00 0.00 0.00 100.00 100.00 -1000 1.52 3.55 -14.98 -1000 31.00 1.57 977.517
car -1 -1 0.00 0.00 0.00 100.00 100.00 -1000 2.40 7.72 2.08 -1000 42.68 1.53 973.017
car -1 -1 0.00 0.00 0.00 100.00 100.00 -1000 1.61 3.84 3.82 -1000 30.14 1.52 968.420
car -1 -1 0.00 0.00 0.00 100.00 100.00 -1000 1.55 3.40 3.22 -1000 37.55 1.56 965.521
car -1 -1 0.00 0.00 0.00 100.00 100.00 -1000 1.55 3.59 3.72 -1000 46.37 1.54 962.080
car -1 -1 0.00 0.00 0.00 100.00 100.00 -1000 1.51 3.78 3.84 -1000 29.19 0.06 953.721
car -1 -1 0.00 0.00 0.00 100.00 100.00 -1000 2.00 5.73 -3.51 -1000 40.26 1.56 953.435
car -1 -1 0.00 0.00 0.00 100.00 100.00 -1000 1.94 5.86 -2.78 -1000 39.43 1.59 938.330
car -1 -1 0.00 0.00 0.00 100.00 100.00 -1000 1.53 3.68 4.97 -1000 29.72 1.64 931.142
car -1 -1 0.00 0.00 0.00 100.00 100.00 -1000 1.73 4.46 -3.85 -1000 41.81 1.58 929.331
car -1 -1 0.00 0.00 0.00 100.00 100.00 -1000 1.90 4.01 2.42 -1000 36.77 1.51 927.595
car -1 -1 0.00 0.00 0.00 100.00 100.00 -1000 1.67 4.22 4.78 -1000 40.29 -0.27 921.869
car -1 -1 0.00 0.00 0.00 100.00 100.00 -1000 1.55 3.55 5.11 -1000 16.18 1.58 920.390
car -1 -1 0.00 0.00 0.00 100.00 100.00 -1000 1.73 4.30 5.75 -1000 43.13 1.56 899.303
car -1 -1 0.00 0.00 0.00 100.00 100.00 -1000 1.61 3.66 -4.48 -1000 33.02 1.60 897.018
car -1 -1 0.00 0.00 0.00 100.00 100.00 -1000 1.64 3.90 3.42 -1000 45.45 -0.14 871.477
car -1 -1 0.00 0.00 0.00 100.00 100.00 -1000 1.61 3.92 2.63 -1000 38.20 1.63 840.034
car -1 -1 0.00 0.00 0.00 100.00 100.00 -1000 1.67 4.12 -3.28 -1000 46.27 -0.10 838.417
car -1 -1 0.00 0.00 0.00 100.00 100.00 -1000 1.66 4.25 -15.51 -1000 28.90 -0.10 835.466
car -1 -1 0.00 0.00 0.00 100.00 100.00 -1000 1.58 3.72 7.45 -1000 35.11 1.56 827.565
car -1 -1 0.00 0.00 0.00 100.00 100.00 -1000 1.53 3.59 5.93 -1000 40.73 1.66 818.012
car -1 -1 0.00 0.00 0.00 100.00 100.00 -1000 1.61 3.74 -14.74 -1000 31.87 1.62 801.109
car -1 -1 0.00 0.00 0.00 100.00 100.00 -1000 2.36 7.41 3.04 -1000 40.04 1.57 800.777
car -1 -1 0.00 0.00 0.00 100.00 100.00 -1000 1.72 3.96 5.01 -1000 28.48 -0.20 800.407
car -1 -1 0.00 0.00 0.00 100.00 100.00 -1000 1.57 3.92 -4.36 -1000 34.65 1.51 797.724
car -1 -1 0.00 0.00 0.00 100.00 100.00 -1000 1.65 4.46 5.01 -1000 42.50 -0.13 794.211
car -1 -1 0.00 0.00 0.00 100.00 100.00 -1000 1.57 4.01 5.21 -1000 30.58 1.62 787.571
car -1 -1 0.00 0.00 0.00 100.00 100.00 -1000 2.09 6.46 -3.21 -1000 42.41 1.54 779.280
car -1 -1 0.00 0.00 0.00 100.00 100.00 -1000 1.54 3.71 4.01 -1000 30.94 1.62 776.715
car -1 -1 0.00 0.00 0.00 100.00 100.00 -1000 1.48 3.60 3.45 -1000 32.20 1.57 776.441
car -1 -1 0.00 0.00 0.00 100.00 100.00 -1000 1.48 3.49 -4.04 -1000 47.11 1.58 769.281
car -1 -1 0.00 0.00 0.00 100.00 100.00 -1000 1.54 3.41 -16.20 -1000 29.56 1.52 755.874
car -1 -1 0.00 0.00 0.00 100.00 100.00 -1000 1.72 4.19 -4.67 -1000 22.53 -0.01 750.300
car -1 -1 0.00 0.00 0.00 100.00 100.00 -1000 1.85 5.00 2.79 -1000 43.39 1.49 746.740
car -1 -1 0.00 0.00 0.00 100.00 100.00 -1000 1.54 3.49 3.25 -1000 36.02 1.60 731.804
car -1 -1 0.00 0.00 0.00 100.00 100.00 -1000 2.12 5.23 -1.59 -1000 38.25 -0.05 716.174
car -1 -1 0.00 0.00 0.00 100.00 100.00 -1000 1.53 4.05 -4.53 -1000 41.14 0.11 708.432
car -1 -1 0.00 0.00 0.00 100.00 100.00 -1000 1.72 4.35 7.13 -1000 30.98 1.55 701.375
car -1 -1 0.00 0.00 0.00 100.00 100.00 -1000 1.61 3.91 3.88 -1000 47.30 0.03 700.423
car -1 -1 0.00 0.00 0.00 100.00 100.00 -1000 1.66 4.10 6.51 -1000 29.86 1.61 697.557
car -1 -1 0.00 0.00 0.00 100.00 100.00 -1000 1.57 3.78 5.07 -1000 25.34 1.60 689.609
car -1 -1 0.00 0.00 0.00 100.00 100.00 -1000 1.60 4.54 -4.06 -1000 18.49 0.13 686.578
car -1 -1 0.00 0.00 0.00 100.00 100.00 -1000 2.26 8.02 -0.62 -1000 43.74 1.50 681.639
car -1 -1 0.00 0.00 0.00 100.00 100.00 -1000 1.37 3.11 -1.90 -1000 47.12 1.59 675.185
car -1 -1 0.00 0.00 0.00 100.00 100.00 -1000 1.76 4.42 -3.89 -1000 38.78 1.60 670.291
car -1 -1 0.00 0.00 0.00 100.00 100.00 -1000 1.45 3.74 2.66 -1000 29.65 1.45 669.652
car -1 -1 0.00 0.00 0.00 100.00 100.00 -1000 1.54 3.73 3.89 -1000 34.63 1.61 667.321
car -1 -1 0.00 0.00 0.00 100.00 100.00 -1000 1.42 3.28 4.88 -1000 24.42 -0.20 667.062
car -1 -1 0.00 0.00 0.00 100.00 100.00 -1000 1.70 3.94 1.57 -1000 37.68 1.64 661.775
car -1 -1 0.00 0.00 0.00 100.00 100.00 -1000 1.52 3.18 18.90 -1000 24.24 1.50 660.521
car -1 -1 0.00 0.00 0.00 100.00 100.00 -1000 1.54 3.57 -5.85 -1000 40.29 1.51 654.543
car -1 -1 0.00 0.00 0.00 100.00 100.00 -1000 1.59 3.88 -4.73 -1000 23.79 1.60 647.500
car -1 -1 0.00 0.00 0.00 100.00 100.00 -1000 1.87 5.57 -3.41 -1000 36.06 -0.07 646.308
car -1 -1 0.00 0.00 0.00 100.00 100.00 -1000 1.63 4.36 4.90 -1000 43.80 1.56 643.524
car -1 -1 0.00 0.00 0.00 100.00 100.00 -1000 1.63 3.84 -5.11 -1000 32.09 -0.11 642.771
car -1 -1 0.00 0.00 0.00 100.00 100.00 -1000 1.45 3.81 -14.32 -1000 32.88 1.56 631.216
car -1 -1 0.00 0.00 0.00 100.00 100.00 -1000 1.68 4.09 -3.63 -1000 37.46 1.57 626.357
car -1 -1 0.00 0.00 0.00 100.00 100.00 -1000 1.54 3.88 -2.02 -1000 45.85 0.16 621.643
car -1 -1 0.00 0.00 0.00 100.00 100.00 -1000 1.44 3.91 2.18 -1000 33.87 1.46 614.322
car -1 -1 0.00 0.00 0.00 100.00 100.00 -1000 1.53 3.73 -3.94 -1000 33.87 1.59 613.231
car -1 -1 0.00 0.00 0.00 100.00 100.00 -1000 1.57 3.69 5.83 -1000 29.16 1.72 609.123
car -1 -1 0.00 0.00 0.00 100.00 100.00 -1000 1.58 3.91 7.21 -1000 34.30 -0.00 608.818
car -1 -1 0.00 0.00 0.00 100.00 100.00 -1000 1.59 3.99 4.82 -1000 17.20 1.56 600.505
car -1 -1 0.00 0.00 0.00 100.00 100.00 -1000 1.53 3.67 -16.96 -1000 22.02 1.59 588.411
car -1 -1 0.00 0.00 0.00 100.00 100.00 -1000 1.85 4.94 6.06 -1000 41.94 1.67 576.776
car -1 -1 0.00 0.00 0.00 100.00 100.00 -1000 1.32 3.37 2.56 -1000 32.70 0.13 573.415
car -1 -1 0.00 0.00 0.00 100.00 100.00 -1000 1.59 3.84 -11.96 -1000 43.13 1.59 569.882
car -1 -1 0.00 0.00 0.00 100.00 100.00 -1000 1.52 3.56 -19.03 -1000 29.81 1.65 567.703
car -1 -1 0.00 0.00 0.00 100.00 100.00 -1000 1.46 3.37 -15.92 -1000 32.20 1.55 560.857
car -1 -1 0.00 0.00 0.00 100.00 100.00 -1000 1.57 3.82 -16.41 -1000 31.14 0.03 557.006
car -1 -1 0.00 0.00 0.00 100.00 100.00 -1000 1.61 4.01 -13.71 -1000 29.10 1.70 538.182
car -1 -1 0.00 0.00 0.00 100.00 100.00 -1000 1.52 3.64 5.80 -1000 15.42 1.60 535.695
car -1 -1 0.00 0.00 0.00 100.00 100.00 -1000 1.51 3.62 8.56 -1000 35.44 1.63 534.695
car -1 -1 0.00 0.00 0.00 100.00 100.00 -1000 1.51 3.49 2.13 -1000 23.16 0.19 523.380
car -1 -1 0.00 0.00 0.00 100.00 100.00 -1000 1.76 4.77 -16.72 -1000 30.17 1.54 520.279
car -1 -1 0.00 0.00 0.00 100.00 100.00 -1000 1.53 3.66 -4.79 -1000 46.36 0.15 518.167
car -1 -1 0.00 0.00 0.00 100.00 100.00 -1000 1.68 4.18 -4.93 -1000 39.64 1.56 496.610
car -1 -1 0.00 0.00 0.00 100.00 100.00 -1000 1.73 4.57 7.89 -1000 43.51 1.60 494.979
car -1 -1 0.00 0.00 0.00 100.00 100.00 -1000 1.57 3.91 -12.68 -1000 16.13 1.61 493.302
car -1 -1 0.00 0.00 0.00 100.00 100.00 -1000 1.56 3.85 4.01 -1000 33.05 1.59 489.866
car -1 -1 0.00 0.00 0.00 100.00 100.00 -1000 1.60 4.05 6.15 -1000 45.15 1.62 486.990
car -1 -1 0.00 0.00 0.00 100.00 100.00 -1000 1.55 3.96 5.81 -1000 27.29 1.59 470.426
car -1 -1 0.00 0.00 0.00 100.00 100.00 -1000 1.90 5.37 1.89 -1000 44.72 1.60 470.017
car -1 -1 0.00 0.00 0.00 100.00 100.00 -1000 1.73 4.74 6.05 -1000 44.29 1.56 467.602
car -1 -1 0.00 0.00 0.00 100.00 100.00 -1000 1.60 4.09 -3.82 -1000 30.52 1.58 465.746
car -1 -1 0.00 0.00 0.00 100.00 100.00 -1000 1.62 4.03 4.13 -1000 38.71 1.40 465.546
car -1 -1 0.00 0.00 0.00 100.00 100.00 -1000 1.51 3.78 8.46 -1000 44.22 1.53 463.161
car -1 -1 0.00 0.00 0.00 100.00 100.00 -1000 1.69 4.41 -18.66 -1000 30.65 1.62 462.290
car -1 -1 0.00 0.00 0.00 100.00 100.00 -1000 1.67 4.60 -1.58 -1000 33.77 1.46 458.903
car -1 -1 0.00 0.00 0.00 100.00 100.00 -1000 1.57 3.63 -14.67 -1000 28.35 1.70 457.371
car -1 -1 0.00 0.00 0.00 100.00 100.00 -1000 1.71 4.16 18.60 -1000 23.38 0.05 457.307
car -1 -1 0.00 0.00 0.00 100.00 100.00 -1000 1.63 4.01 5.03 -1000 37.48 1.64 457.030
car -1 -1 0.00 0.00 0.00 100.00 100.00 -1000 1.50 3.65 -6.62 -1000 45.11 1.52 448.215
car -1 -1 0.00 0.00 0.00 100.00 100.00 -1000 1.61 3.89 -10.14 -1000 46.39 1.60 443.523
car -1 -1 0.00 0.00 0.00 100.00 100.00 -1000 1.59 3.92 5.96 -1000 26.38 -0.05 442.704
car -1 -1 0.00 0.00 0.00 100.00 100.00 -1000 1.55 3.88 -6.36 -1000 39.21 0.11 441.023
car -1 -1 0.00 0.00 0.00 100.00 100.00 -1000 1.66 4.31 -13.14 -1000 29.81 1.66 434.491
car -1 -1 0.00 0.00 0.00 100.00 100.00 -1000 1.46 3.73 8.22 -1000 31.38 1.59 425.811
car -1 -1 0.00 0.00 0.00 100.00 100.00 -1000 1.76 4.95 -13.37 -1000 32.26 1.63 425.170
car -1 -1 0.00 0.00 0.00 100.00 100.00 -1000 1.62 3.98 -20.03 -1000 25.45 1.62 422.765
car -1 -1 0.00 0.00 0.00 100.00 100.00 -1000 1.63 3.91 -19.65 -1000 26.89 1.57 421.521
car -1 -1 0.00 0.00 0.00 100.00 100.00 -1000 1.61 3.58 5.40 -1000 39.59 1.63 420.041
car -1 -1 0.00 0.00 0.00 100.00 100.00 -1000 1.70 4.38 3.80 -1000 44.33 1.43 416.628
car -1 -1 0.00 0.00 0.00 100.00 100.00 -1000 1.70 4.56 5.37 -1000 32.26 1.53 414.791
car -1 -1 0.00 0.00 0.00 100.00 100.00 -1000 1.54 3.51 8.13 -1000 30.33 1.64 410.366
car -1 -1 0.00 0.00 0.00 100.00 100.00 -1000 1.54 3.85 2.09 -1000 27.10 0.14 410.225
car -1 -1 0.00 0.00 0.00 100.00 100.00 -1000 1.44 3.53 6.68 -1000 35.85 0.17 410.223
car -1 -1 0.00 0.00 0.00 100.00 100.00 -1000 1.69 4.48 2.67 -1000 39.61 -0.39 408.363
car -1 -1 0.00 0.00 0.00 100.00 100.00 -1000 1.53 3.83 8.45 -1000 37.04 1.55 406.983
car -1 -1 0.00 0.00 0.00 100.00 100.00 -1000 1.63 3.83 -4.25 -1000 36.79 1.55 406.837
car -1 -1 0.00 0.00 0.00 100.00 100.00 -1000 1.61 3.98 -3.77 -1000 29.54 -0.08 406.473
car -1 -1 0.00 0.00 0.00 100.00 100.00 -1000 1.48 3.27 -13.12 -1000 46.79 1.48 406.057
car -1 -1 0.00 0.00 0.00 100.00 100.00 -1000 1.52 3.78 8.11 -1000 11.22 1.58 405.279
car -1 -1 0.00 0.00 0.00 100.00 100.00 -1000 1.59 4.00 2.30 -1000 45.94 0.11 397.145
car -1 -1 0.00 0.00 0.00 100.00 100.00 -1000 1.51 3.61 0.78 -1000 47.03 1.49 395.114
car -1 -1 0.00 0.00 0.00 100.00 100.00 -1000 1.89 5.26 7.94 -1000 41.79 1.56 393.734
car -1 -1 0.00 0.00 0.00 100.00 100.00 -1000 1.52 3.87 6.82 -1000 45.86 1.53 393.569
car -1 -1 0.00 0.00 0.00 100.00 100.00 -1000 1.60 3.70 -16.18 -1000 21.47 1.58 391.971
car -1 -1 0.00 0.00 0.00 100.00 100.00 -1000 1.61 3.99 -4.64 -1000 19.29 1.48 391.521
car -1 -1 0.00 0.00 0.00 100.00 100.00 -1000 1.80 4.99 10.23 -1000 41.90 1.43 386.487
car -1 -1 0.00 0.00 0.00 100.00 100.00 -1000 1.54 3.75 -11.47 -1000 47.13 1.59 386.480
car -1 -1 0.00 0.00 0.00 100.00 100.00 -1000 1.68 4.78 -1.61 -1000 44.54 1.56 386.365
car -1 -1 0.00 0.00 0.00 100.00 100.00 -1000 1.66 4.12 8.36 -1000 42.73 1.56 385.135
car -1 -1 0.00 0.00 0.00 100.00 100.00 -1000 1.74 4.75 -13.52 -1000 30.61 1.69 383.994
car -1 -1 0.00 0.00 0.00 100.00 100.00 -1000 1.67 4.20 6.38 -1000 37.05 1.49 380.636
car -1 -1 0.00 0.00 0.00 100.00 100.00 -1000 1.74 4.97 -3.76 -1000 24.55 1.67 380.131
car -1 -1 0.00 0.00 0.00 100.00 100.00 -1000 1.57 3.99 -17.24 -1000 20.84 0.14 376.093
car -1 -1 0.00 0.00 0.00 100.00 100.00 -1000 1.53 3.66 9.37 -1000 23.34 1.52 375.126
car -1 -1 0.00 0.00 0.00 100.00 100.00 -1000 1.66 4.18 -11.98 -1000 29.39 1.54 373.015
car -1 -1 0.00 0.00 0.00 100.00 100.00 -1000 1.51 3.41 4.76 -1000 23.36 1.59 369.647
car -1 -1 0.00 0.00 0.00 100.00 100.00 -1000 1.56 3.65 7.83 -1000 15.26 1.57 366.596
car -1 -1 0.00 0.00 0.00 100.00 100.00 -1000 1.57 3.47 -14.18 -1000 27.36 1.50 365.403
car -1 -1 0.00 0.00 0.00 100.00 100.00 -1000 1.55 3.92 2.73 -1000 24.12 1.55 365.041
car -1 -1 0.00 0.00 0.00 100.00 100.00 -1000 1.55 3.73 8.15 -1000 14.50 1.59 364.742
car -1 -1 0.00 0.00 0.00 100.00 100.00 -1000 1.68 3.76 19.40 -1000 22.72 -0.19 364.168
car -1 -1 0.00 0.00 0.00 100.00 100.00 -1000 1.51 3.24 7.50 -1000 15.97 1.59 363.035
car -1 -1 0.00 0.00 0.00 100.00 100.00 -1000 1.73 4.60 17.29 -1000 24.15 1.43 362.331
car -1 -1 0.00 0.00 0.00 100.00 100.00 -1000 1.67 4.02 3.20 -1000 28.50 -0.24 362.331
car -1 -1 0.00 0.00 0.00 100.00 100.00 -1000 1.53 3.71 0.95 -1000 30.85 1.56 359.089
car -1 -1 0.00 0.00 0.00 100.00 100.00 -1000 1.82 4.89 6.70 -1000 31.80 1.43 354.133
car -1 -1 0.00 0.00 0.00 100.00 100.00 -1000 1.51 3.56 2.73 -1000 26.38 0.17 351.252
car -1 -1 0.00 0.00 0.00 100.00 100.00 -1000 1.62 4.14 -7.06 -1000 39.91 1.56 349.878
car -1 -1 0.00 0.00 0.00 100.00 100.00 -1000 1.57 3.90 6.45 -1000 23.39 1.57 346.766
car -1 -1 0.00 0.00 0.00 100.00 100.00 -1000 1.56 4.06 4.57 -1000 44.92 0.05 346.124
car -1 -1 0.00 0.00 0.00 100.00 100.00 -1000 1.45 3.59 3.61 -1000 25.86 0.05 341.733
car -1 -1 0.00 0.00 0.00 100.00 100.00 -1000 1.64 4.18 -19.75 -1000 28.81 -0.12 341.312
car -1 -1 0.00 0.00 0.00 100.00 100.00 -1000 1.61 4.10 5.26 -1000 22.61 1.57 341.074
car -1 -1 0.00 0.00 0.00 100.00 100.00 -1000 1.58 3.79 9.37 -1000 34.69 1.51 340.973
car -1 -1 0.00 0.00 0.00 100.00 100.00 -1000 1.66 4.13 -3.91 -1000 28.59 1.63 336.728
car -1 -1 0.00 0.00 0.00 100.00 100.00 -1000 1.61 4.05 4.68 -1000 33.90 1.58 334.171
car -1 -1 0.00 0.00 0.00 100.00 100.00 -1000 1.69 4.49 3.45 -1000 18.57 1.52 332.594
car -1 -1 0.00 0.00 0.00 100.00 100.00 -1000 1.52 3.45 6.82 -1000 40.01 1.60 330.020
car -1 -1 0.00 0.00 0.00 100.00 100.00 -1000 1.57 3.89 -12.12 -1000 26.97 1.50 329.858
car -1 -1 0.00 0.00 0.00 100.00 100.00 -1000 1.51 3.79 8.32 -1000 36.23 1.59 329.409
car -1 -1 0.00 0.00 0.00 100.00 100.00 -1000 1.72 4.54 9.36 -1000 40.26 1.41 329.281
car -1 -1 0.00 0.00 0.00 100.00 100.00 -1000 1.43 3.04 -12.93 -1000 42.29 0.21 327.949
car -1 -1 0.00 0.00 0.00 100.00 100.00 -1000 1.76 4.60 9.89 -1000 43.11 1.47 327.085
car -1 -1 0.00 0.00 0.00 100.00 100.00 -1000 1.40 3.79 -0.44 -1000 45.40 0.26 326.995
car -1 -1 0.00 0.00 0.00 100.00 100.00 -1000 1.63 3.95 -3.75 -1000 23.07 1.65 326.148
car -1 -1 0.00 0.00 0.00 100.00 100.00 -1000 1.71 4.16 5.92 -1000 33.49 1.50 324.012
car -1 -1 0.00 0.00 0.00 100.00 100.00 -1000 1.65 4.11 -11.80 -1000 41.95 1.58 323.291
car -1 -1 0.00 0.00 0.00 100.00 100.00 -1000 1.53 3.69 -5.69 -1000 23.01 0.19 322.809
car -1 -1 0.00 0.00 0.00 100.00 100.00 -1000 1.55 3.59 8.08 -1000 29.44 1.63 322.474
car -1 -1 0.00 0.00 0.00 100.00 100.00 -1000 1.58 4.06 5.05 -1000 46.71 1.58 320.888
car -1 -1 0.00 0.00 0.00 100.00 100.00 -1000 1.57 4.00 2.67 -1000 30.61 1.53 318.214
car -1 -1 0.00 0.00 0.00 100.00 100.00 -1000 1.57 3.80 -18.05 -1000 29.08 1.54 317.625
car -1 -1 0.00 0.00 0.00 100.00 100.00 -1000 1.51 3.61 9.34 -1000 31.04 1.56 316.927
car -1 -1 0.00 0.00 0.00 100.00 100.00 -1000 1.72 4.30 4.64 -1000 35.51 1.61 315.651
car -1 -1 0.00 0.00 0.00 100.00 100.00 -1000 1.68 4.29 -4.00 -1000 31.44 1.63 314.585
car -1 -1 0.00 0.00 0.00 100.00 100.00 -1000 1.62 4.22 -10.85 -1000 27.39 1.58 313.876
car -1 -1 0.00 0.00 0.00 100.00 100.00 -1000 1.58 3.92 6.23 -1000 24.69 1.64 313.770
car -1 -1 0.00 0.00 0.00 100.00 100.00 -1000 1.56 3.86 8.22 -1000 19.29 1.59 312.567
car -1 -1 0.00 0.00 0.00 100.00 100.00 -1000 1.68 3.95 -19.78 -1000 24.62 1.60 308.617
car -1 -1 0.00 0.00 0.00 100.00 100.00 -1000 1.58 3.82 9.37 -1000 11.63 1.52 308.486
car -1 -1 0.00 0.00 0.00 100.00 100.00 -1000 1.60 4.14 -16.87 -1000 24.00 1.51 306.069
car -1 -1 0.00 0.00 0.00 100.00 100.00 -1000 1.86 5.26 7.06 -1000 32.94 1.51 301.917
car -1 -1 0.00 0.00 0.00 100.00 100.00 -1000 1.68 4.00 -7.33 -1000 44.40 1.60 301.729
car -1 -1 0.00 0.00 0.00 100.00 100.00 -1000 1.71 4.38 17.77 -1000 22.64 1.45 300.783
car -1 -1 0.00 0.00 0.00 100.00 100.00 -1000 2.89 6.52 1.34 -1000 37.00 -0.31 300.352
car -1 -1 0.00 0.00 0.00 100.00 100.00 -1000 1.55 3.61 8.35 -1000 23.74 1.59 300.182
car -1 -1 0.00 0.00 0.00 100.00 100.00 -1000 1.62 3.98 4.87 -1000 45.74 1.64 298.531
car -1 -1 0.00 0.00 0.00 100.00 100.00 -1000 1.92 5.72 11.74 -1000 21.25 1.43 297.885
car -1 -1 0.00 0.00 0.00 100.00 100.00 -1000 1.94 5.63 11.75 -1000 16.40 1.42 297.628
car -1 -1 0.00 0.00 0.00 100.00 100.00 -1000 1.85 5.42 11.77 -1000 19.65 1.43 297.227
car -1 -1 0.00 0.00 0.00 100.00 100.00 -1000 1.92 5.57 11.76 -1000 18.02 1.42 296.938
car -1 -1 0.00 0.00 0.00 100.00 100.00 -1000 1.96 5.61 11.78 -1000 14.79 1.42 296.840
car -1 -1 0.00 0.00 0.00 100.00 100.00 -1000 1.61 4.08 5.47 -1000 36.29 1.55 294.767
car -1 -1 0.00 0.00 0.00 100.00 100.00 -1000 1.61 3.76 -3.44 -1000 32.34 0.05 294.478
car -1 -1 0.00 0.00 0.00 100.00 100.00 -1000 1.56 3.31 -19.41 -1000 43.94 1.57 294.154
car -1 -1 0.00 0.00 0.00 100.00 100.00 -1000 1.75 4.36 5.89 -1000 38.63 1.57 292.217
car -1 -1 0.00 0.00 0.00 100.00 100.00 -1000 2.00 6.27 -17.18 -1000 34.93 1.45 291.932
car -1 -1 0.00 0.00 0.00 100.00 100.00 -1000 1.70 4.28 -12.64 -1000 28.64 1.61 291.593
car -1 -1 0.00 0.00 0.00 100.00 100.00 -1000 1.52 3.78 -15.64 -1000 26.39 1.48 291.524
car -1 -1 0.00 0.00 0.00 100.00 100.00 -1000 1.45 3.54 -13.62 -1000 45.93 0.18 288.550
car -1 -1 0.00 0.00 0.00 100.00 100.00 -1000 1.66 4.01 -10.73 -1000 45.63 1.60 287.209
car -1 -1 0.00 0.00 0.00 100.00 100.00 -1000 1.59 4.18 1.09 -1000 28.01 1.52 286.205
car -1 -1 0.00 0.00 0.00 100.00 100.00 -1000 1.62 3.94 -7.32 -1000 43.52 1.58 285.696
car -1 -1 0.00 0.00 0.00 100.00 100.00 -1000 1.61 3.95 -9.61 -1000 40.69 1.52 284.395
car -1 -1 0.00 0.00 0.00 100.00 100.00 -1000 1.91 5.65 11.76 -1000 22.85 1.42 283.271
car -1 -1 0.00 0.00 0.00 100.00 100.00 -1000 1.55 3.64 8.66 -1000 33.91 1.62 281.501
car -1 -1 0.00 0.00 0.00 100.00 100.00 -1000 1.33 3.26 1.12 -1000 29.94 0.16 281.226
car -1 -1 0.00 0.00 0.00 100.00 100.00 -1000 1.57 3.89 -18.91 -1000 32.19 1.59 280.939
car -1 -1 0.00 0.00 0.00 100.00 100.00 -1000 1.59 4.07 8.96 -1000 37.79 1.46 280.413
car -1 -1 0.00 0.00 0.00 100.00 100.00 -1000 1.69 3.60 -19.28 -1000 27.78 1.53 280.054
car -1 -1 0.00 0.00 0.00 100.00 100.00 -1000 1.55 3.56 0.70 -1000 33.45 1.50 277.062
car -1 -1 0.00 0.00 0.00 100.00 100.00 -1000 1.62 4.04 9.65 -1000 35.81 1.48 276.340
car -1 -1 0.00 0.00 0.00 100.00 100.00 -1000 1.58 3.94 -2.20 -1000 30.89 1.63 275.584
car -1 -1 0.00 0.00 0.00 100.00 100.00 -1000 1.59 3.93 9.22 -1000 15.65 1.55 273.010
car -1 -1 0.00 0.00 0.00 100.00 100.00 -1000 2.02 6.41 9.93 -1000 45.39 1.41 272.983
car -1 -1 0.00 0.00 0.00 100.00 100.00 -1000 1.73 4.48 -11.49 -1000 32.57 1.57 272.462
car -1 -1 0.00 0.00 0.00 100.00 100.00 -1000 1.57 3.85 -19.59 -1000 31.18 -0.13 271.899
car -1 -1 0.00 0.00 0.00 100.00 100.00 -1000 1.31 2.53 9.08 -1000 8.51 1.39 271.781
car -1 -1 0.00 0.00 0.00 100.00 100.00 -1000 1.83 5.19 8.50 -1000 41.03 1.42 271.250
car -1 -1 0.00 0.00 0.00 100.00 100.00 -1000 1.77 4.76 -13.88 -1000 43.10 1.44 271.134
car -1 -1 0.00 0.00 0.00 100.00 100.00 -1000 1.64 7.24 0.33 -1000 35.04 -0.02 270.136
car -1 -1 0.00 0.00 0.00 100.00 100.00 -1000 2.06 6.07 11.72 -1000 13.16 1.41 267.340
car -1 -1 0.00 0.00 0.00 100.00 100.00 -1000 5.63 12.24 1.60 -1000 37.63 -0.15 267.123
car -1 -1 0.00 0.00 0.00 100.00 100.00 -1000 1.57 3.47 8.20 -1000 10.12 1.63 265.892
car -1 -1 0.00 0.00 0.00 100.00 100.00 -1000 2.08 6.38 12.21 -1000 34.92 1.43 265.300
car -1 -1 0.00 0.00 0.00 100.00 100.00 -1000 1.62 4.05 -17.01 -1000 32.57 1.44 264.977
car -1 -1 0.00 0.00 0.00 100.00 100.00 -1000 1.68 4.41 4.31 -1000 19.15 1.61 263.366
car -1 -1 0.00 0.00 0.00 100.00 100.00 -1000 1.59 3.79 8.15 -1000 13.64 1.59 263.347
car -1 -1 0.00 0.00 0.00 100.00 100.00 -1000 2.10 6.30 11.74 -1000 32.52 1.42 261.999
car -1 -1 0.00 0.00 0.00 100.00 100.00 -1000 1.55 3.64 -18.97 -1000 26.26 1.60 261.535
car -1 -1 0.00 0.00 0.00 100.00 100.00 -1000 1.60 3.96 8.25 -1000 17.65 1.59 261.518
car -1 -1 0.00 0.00 0.00 100.00 100.00 -1000 1.57 3.76 3.67 -1000 22.98 1.60 261.099
car -1 -1 0.00 0.00 0.00 100.00 100.00 -1000 1.58 4.01 -15.54 -1000 22.46 1.49 259.893
car -1 -1 0.00 0.00 0.00 100.00 100.00 -1000 1.52 3.94 -12.61 -1000 43.81 1.52 259.578
car -1 -1 0.00 0.00 0.00 100.00 100.00 -1000 1.61 3.87 8.25 -1000 12.76 1.58 258.444
car -1 -1 0.00 0.00 0.00 100.00 100.00 -1000 1.91 5.20 12.19 -1000 30.93 1.38 258.355
car -1 -1 0.00 0.00 0.00 100.00 100.00 -1000 1.60 4.12 -5.34 -1000 29.76 1.46 258.233
car -1 -1 0.00 0.00 0.00 100.00 100.00 -1000 1.63 4.56 -16.95 -1000 19.56 1.53 256.324
car -1 -1 0.00 0.00 0.00 100.00 100.00 -1000 1.62 4.23 -12.25 -1000 35.73 1.59 255.646
car -1 -1 0.00 0.00 0.00 100.00 100.00 -1000 1.97 5.26 18.08 -1000 24.89 1.43 255.176
car -1 -1 0.00 0.00 0.00 100.00 100.00 -1000 1.78 5.06 9.92 -1000 44.65 1.44 254.957
car -1 -1 0.00 0.00 0.00 100.00 100.00 -1000 1.80 5.24 -12.87 -1000 33.34 1.61 254.598
car -1 -1 0.00 0.00 0.00 100.00 100.00 -1000 1.64 3.84 -3.49 -1000 17.70 1.52 253.985
car -1 -1 0.00 0.00 0.00 100.00 100.00 -1000 1.81 4.70 -13.31 -1000 15.38 1.41 253.925
car -1 -1 0.00 0.00 0.00 100.00 100.00 -1000 1.64 4.10 -5.86 -1000 45.95 1.41 251.856
car -1 -1 0.00 0.00 0.00 100.00 100.00 -1000 1.71 4.35 -11.47 -1000 41.05 1.55 250.886
car -1 -1 0.00 0.00 0.00 100.00 100.00 -1000 1.57 3.93 -12.64 -1000 20.93 1.49 249.336
car -1 -1 0.00 0.00 0.00 100.00 100.00 -1000 1.73 4.10 -3.87 -1000 21.69 1.56 247.238
car -1 -1 0.00 0.00 0.00 100.00 100.00 -1000 1.52 3.80 -12.61 -1000 37.86 1.51 245.983
car -1 -1 0.00 0.00 0.00 100.00 100.00 -1000 1.60 4.26 8.61 -1000 32.17 1.56 245.144
car -1 -1 0.00 0.00 0.00 100.00 100.00 -1000 1.59 4.00 -18.73 -1000 33.79 1.54 243.888
car -1 -1 0.00 0.00 0.00 100.00 100.00 -1000 1.56 3.64 -19.54 -1000 45.97 1.59 243.604
car -1 -1 0.00 0.00 0.00 100.00 100.00 -1000 1.65 4.32 -10.61 -1000 43.48 1.60 243.007
car -1 -1 0.00 0.00 0.00 100.00 100.00 -1000 1.76 4.47 18.05 -1000 21.69 1.49 241.287
car -1 -1 0.00 0.00 0.00 100.00 100.00 -1000 1.71 4.11 3.40 -1000 20.67 1.60 241.000
car -1 -1 0.00 0.00 0.00 100.00 100.00 -1000 1.60 4.22 3.65 -1000 21.66 1.56 240.550
car -1 -1 0.00 0.00 0.00 100.00 100.00 -1000 1.69 4.76 -12.21 -1000 21.68 1.55 240.545
car -1 -1 0.00 0.00 0.00 100.00 100.00 -1000 1.70 4.28 -9.68 -1000 36.29 1.57 240.534
car -1 -1 0.00 0.00 0.00 100.00 100.00 -1000 1.60 3.99 8.46 -1000 22.58 1.59 240.094
car -1 -1 0.00 0.00 0.00 100.00 100.00 -1000 1.75 4.20 -15.98 -1000 20.11 1.52 239.169
car -1 -1 0.00 0.00 0.00 100.00 100.00 -1000 1.95 5.97 11.64 -1000 24.43 1.39 238.422
car -1 -1 0.00 0.00 0.00 100.00 100.00 -1000 1.64 4.29 -5.99 -1000 32.61 1.50 237.585
car -1 -1 0.00 0.00 0.00 100.00 100.00 -1000 1.55 3.59 1.09 -1000 32.76 0.14 237.307
car -1 -1 0.00 0.00 0.00 100.00 100.00 -1000 1.63 4.01 -7.90 -1000 45.45 1.46 236.282
car -1 -1 0.00 0.00 0.00 100.00 100.00 -1000 1.67 4.35 -17.13 -1000 26.93 1.46 235.677
car -1 -1 0.00 0.00 0.00 100.00 100.00 -1000 1.71 4.59 -11.07 -1000 16.43 1.57 235.155
car -1 -1 0.00 0.00 0.00 100.00 100.00 -1000 1.61 4.11 -9.74 -1000 45.09 1.53 234.804
car -1 -1 0.00 0.00 0.00 100.00 100.00 -1000 1.55 3.80 9.25 -1000 18.51 1.53 234.663
car -1 -1 0.00 0.00 0.00 100.00 100.00 -1000 1.68 3.99 -10.91 -1000 28.64 1.58 234.201
car -1 -1 0.00 0.00 0.00 100.00 100.00 -1000 1.58 3.58 5.88 -1000 35.06 0.18 233.871
car -1 -1 0.00 0.00 0.00 100.00 100.00 -1000 1.78 4.72 -7.29 -1000 38.61 1.52 233.335
car -1 -1 0.00 0.00 0.00 100.00 100.00 -1000 1.73 5.81 11.95 -1000 33.84 1.49 233.103
car -1 -1 0.00 0.00 0.00 100.00 100.00 -1000 1.57 3.67 -12.59 -1000 26.19 1.47 231.249
car -1 -1 0.00 0.00 0.00 100.00 100.00 -1000 1.60 3.91 9.47 -1000 10.49 1.49 230.659
car -1 -1 0.00 0.00 0.00 100.00 100.00 -1000 1.55 3.57 -19.71 -1000 33.01 1.59 229.952
car -1 -1 0.00 0.00 0.00 100.00 100.00 -1000 1.62 4.04 8.29 -1000 20.84 1.60 228.333
car -1 -1 0.00 0.00 0.00 100.00 100.00 -1000 1.52 3.32 20.34 -1000 21.72 1.46 228.274
car -1 -1 0.00 0.00 0.00 100.00 100.00 -1000 1.62 3.77 -16.38 -1000 47.16 1.57 227.610
car -1 -1 0.00 0.00 0.00 100.00 100.00 -1000 1.75 4.70 -11.24 -1000 30.11 1.58 227.375
car -1 -1 0.00 0.00 0.00 100.00 100.00 -1000 1.68 4.70 2.42 -1000 47.03 1.52 226.852
car -1 -1 0.00 0.00 0.00 100.00 100.00 -1000 1.65 4.85 0.62 -1000 31.94 1.52 225.003
car -1 -1 0.00 0.00 0.00 100.00 100.00 -1000 1.55 3.80 9.29 -1000 19.72 1.55 224.417
car -1 -1 0.00 0.00 0.00 100.00 100.00 -1000 1.58 3.91 11.95 -1000 34.42 1.58 223.961
car -1 -1 0.00 0.00 0.00 100.00 100.00 -1000 1.77 4.82 9.41 -1000 38.65 1.41 223.910
car -1 -1 0.00 0.00 0.00 100.00 100.00 -1000 1.73 4.77 -15.38 -1000 38.75 1.43 223.799
car -1 -1 0.00 0.00 0.00 100.00 100.00 -1000 1.65 4.28 9.90 -1000 9.63 1.44 223.762
car -1 -1 0.00 0.00 0.00 100.00 100.00 -1000 1.78 4.99 -16.47 -1000 38.05 1.61 222.318
car -1 -1 0.00 0.00 0.00 100.00 100.00 -1000 1.63 4.06 8.42 -1000 24.58 1.60 222.272
car -1 -1 0.00 0.00 0.00 100.00 100.00 -1000 1.56 3.96 -12.87 -1000 40.26 1.54 222.174
car -1 -1 0.00 0.00 0.00 100.00 100.00 -1000 1.81 5.11 -17.07 -1000 34.12 1.42 221.627
car -1 -1 0.00 0.00 0.00 100.00 100.00 -1000 1.67 3.84 -5.72 -1000 33.43 0.10 221.258
car -1 -1 0.00 0.00 0.00 100.00 100.00 -1000 1.56 4.11 -2.22 -1000 28.11 1.57 220.275
car -1 -1 0.00 0.00 0.00 100.00 100.00 -1000 1.63 4.20 -12.22 -1000 27.80 1.56 220.271
car -1 -1 0.00 0.00 0.00 100.00 100.00 -1000 1.31 3.30 -5.03 -1000 36.30 0.25 218.262
