car -1 -1 0.00 0.00 0.00 100.00 100.00 -1000 1.73 4.42 3.51 -1000 19.43 1.56 996.222
car -1 -1 0.00 0.00 0.00 100.00 100.00 -1000 1.59 3.40 -4.66 -1000 11.90 1.50 993.951
car -1 -1 0.00 0.00 0.00 100.00 100.00 -1000 2.26 3.52 -0.21 -1000 14.94 1.19 990.306
car -1 -1 0.00 0.00 0.00 100.00 100.00 -1000 1.59 3.87 6.50 -1000 13.42 1.55 990.036
car -1 -1 0.00 0.00 0.00 100.00 100.00 -1000 1.58 3.94 -4.09 -1000 11.27 -0.20 988.021
car -1 -1 0.00 0.00 0.00 100.00 100.00 -1000 1.60 4.10 4.45 -1000 18.67 -0.22 985.282
car -1 -1 0.00 0.00 0.00 100.00 100.00 -1000 1.64 3.96 -5.02 -1000 17.03 1.58 979.199
car -1 -1 0.00 0.00 0.00 100.00 100.00 -1000 1.62 3.75 -15.77 -1000 21.78 1.53 978.330
car -1 -1 0.00 0.00 0.00 100.00 100.00 -1000 1.78 4.76 -4.17 -1000 16.07 -0.20 976.176
car -1 -1 0.00 0.00 0.00 100.00 100.00 -1000 1.78 5.31 -3.90 -1000 12.56 1.52 974.247
car -1 -1 0.00 0.00 0.00 100.00 100.00 -1000 1.77 4.65 -1.45 -1000 14.12 1.56 969.742
car -1 -1 0.00 0.00 0.00 100.00 100.00 -1000 1.78 4.39 1.83 -1000 18.56 -0.23 964.485
car -1 -1 0.00 0.00 0.00 100.00 100.00 -1000 1.61 3.79 1.97 -1000 19.68 1.62 963.444
car -1 -1 0.00 0.00 0.00 100.00 100.00 -1000 1.53 3.57 7.93 -1000 13.23 1.57 960.769
car -1 -1 0.00 0.00 0.00 100.00 100.00 -1000 1.63 4.22 7.20 -1000 12.67 -0.19 958.341
car -1 -1 0.00 0.00 0.00 100.00 100.00 -1000 1.70 4.13 0.62 -1000 29.06 0.10 957.417
car -1 -1 0.00 0.00 0.00 100.00 100.00 -1000 1.54 3.61 -18.02 -1000 26.94 1.56 951.256
car -1 -1 0.00 0.00 0.00 100.00 100.00 -1000 1.67 4.13 0.50 -1000 19.87 1.56 944.979
car -1 -1 0.00 0.00 0.00 100.00 100.00 -1000 1.68 4.57 0.99 -1000 15.50 -0.06 943.203
car -1 -1 0.00 0.00 0.00 100.00 100.00 -1000 1.43 3.29 -6.80 -1000 15.63 2.28 937.478
car -1 -1 0.00 0.00 0.00 100.00 100.00 -1000 1.66 4.24 5.10 -1000 13.80 1.54 934.232
car -1 -1 0.00 0.00 0.00 100.00 100.00 -1000 1.61 3.52 5.74 -1000 19.13 1.63 930.886
car -1 -1 0.00 0.00 0.00 100.00 100.00 -1000 1.75 4.74 -6.00 -1000 13.18 1.65 929.216
car -1 -1 0.00 0.00 0.00 100.00 100.00 -1000 1.56 3.61 0.59 -1000 30.14 1.56 926.146
car -1 -1 0.00 0.00 0.00 100.00 100.00 -1000 1.74 5.18 3.10 -1000 15.86 1.51 916.947
car -1 -1 0.00 0.00 0.00 100.00 100.00 -1000 1.58 3.65 -16.27 -1000 23.03 1.52 914.011
car -1 -1 0.00 0.00 0.00 100.00 100.00 -1000 1.53 3.96 2.30 -1000 15.12 -0.22 904.217
car -1 -1 0.00 0.00 0.00 100.00 100.00 -1000 1.10 2.65 -2.49 -1000 15.29 2.25 893.559
car -1 -1 0.00 0.00 0.00 100.00 100.00 -1000 1.56 4.04 5.53 -1000 12.94 -0.03 887.402
car -1 -1 0.00 0.00 0.00 100.00 100.00 -1000 1.80 4.80 7.45 -1000 13.93 1.59 885.323
car -1 -1 0.00 0.00 0.00 100.00 100.00 -1000 1.69 4.32 -3.61 -1000 16.79 1.46 879.717
car -1 -1 0.00 0.00 0.00 100.00 100.00 -1000 1.85 5.22 -6.63 -1000 19.72 1.65 875.372
car -1 -1 0.00 0.00 0.00 100.00 100.00 -1000 1.87 4.91 -0.50 -1000 16.48 1.48 872.188
car -1 -1 0.00 0.00 0.00 100.00 100.00 -1000 1.64 3.90 -1.55 -1000 19.67 1.59 871.001
car -1 -1 0.00 0.00 0.00 100.00 100.00 -1000 2.19 6.94 8.00 -1000 14.78 1.53 848.677
car -1 -1 0.00 0.00 0.00 100.00 100.00 -1000 1.55 3.62 -5.31 -1000 14.97 2.10 847.204
car -1 -1 0.00 0.00 0.00 100.00 100.00 -1000 1.48 3.42 -6.51 -1000 17.23 1.58 842.068
car -1 -1 0.00 0.00 0.00 100.00 100.00 -1000 1.81 5.50 4.99 -1000 19.79 1.56 834.267
car -1 -1 0.00 0.00 0.00 100.00 100.00 -1000 2.40 8.18 0.12 -1000 22.06 1.68 830.754
car -1 -1 0.00 0.00 0.00 100.00 100.00 -1000 1.59 3.89 -11.86 -1000 17.96 1.59 824.793
car -1 -1 0.00 0.00 0.00 100.00 100.00 -1000 1.48 3.14 -18.13 -1000 25.99 1.58 821.969
car -1 -1 0.00 0.00 0.00 100.00 100.00 -1000 2.88 6.66 0.46 -1000 18.41 -0.25 810.295
car -1 -1 0.00 0.00 0.00 100.00 100.00 -1000 1.98 3.94 -15.48 -1000 20.76 -0.26 809.948
car -1 -1 0.00 0.00 0.00 100.00 100.00 -1000 1.85 5.63 4.97 -1000 15.16 1.53 799.629
car -1 -1 0.00 0.00 0.00 100.00 100.00 -1000 1.57 3.56 1.64 -1000 13.81 1.57 799.613
car -1 -1 0.00 0.00 0.00 100.00 100.00 -1000 1.52 3.54 -13.11 -1000 18.34 1.58 790.356
car -1 -1 0.00 0.00 0.00 100.00 100.00 -1000 1.38 2.99 -9.91 -1000 15.85 1.68 786.397
car -1 -1 0.00 0.00 0.00 100.00 100.00 -1000 1.72 4.51 -6.29 -1000 14.08 1.68 781.450
car -1 -1 0.00 0.00 0.00 100.00 100.00 -1000 2.15 6.64 1.89 -1000 20.28 1.59 778.588
car -1 -1 0.00 0.00 0.00 100.00 100.00 -1000 1.55 3.39 5.55 -1000 7.08 -0.11 760.601
car -1 -1 0.00 0.00 0.00 100.00 100.00 -1000 1.87 5.13 -15.99 -1000 23.70 1.63 748.953
car -1 -1 0.00 0.00 0.00 100.00 100.00 -1000 0.70 3.83 -5.65 -1000 16.16 0.95 745.734
car -1 -1 0.00 0.00 0.00 100.00 100.00 -1000 1.71 4.57 9.39 -1000 13.63 1.62 734.840
car -1 -1 0.00 0.00 0.00 100.00 100.00 -1000 1.47 3.25 15.13 -1000 19.50 1.62 717.150
car -1 -1 0.00 0.00 0.00 100.00 100.00 -1000 1.73 4.54 -4.05 -1000 17.60 1.53 712.142
car -1 -1 0.00 0.00 0.00 100.00 100.00 -1000 2.67 10.49 1.52 -1000 21.15 1.54 709.502
car -1 -1 0.00 0.00 0.00 100.00 100.00 -1000 1.54 3.70 -0.55 -1000 29.46 0.11 701.639
car -1 -1 0.00 0.00 0.00 100.00 100.00 -1000 1.62 4.44 1.46 -1000 16.45 1.45 692.336
car -1 -1 0.00 0.00 0.00 100.00 100.00 -1000 1.52 4.02 -2.35 -1000 15.87 -0.11 689.514
car -1 -1 0.00 0.00 0.00 100.00 100.00 -1000 2.50 9.20 2.26 -1000 22.76 1.53 688.693
car -1 -1 0.00 0.00 0.00 100.00 100.00 -1000 1.61 3.67 -7.08 -1000 14.69 1.64 669.152
car -1 -1 0.00 0.00 0.00 100.00 100.00 -1000 1.77 4.38 -1.75 -1000 17.01 1.39 668.982
car -1 -1 0.00 0.00 0.00 100.00 100.00 -1000 3.10 6.60 3.88 -1000 18.37 -0.31 663.144
car -1 -1 0.00 0.00 0.00 100.00 100.00 -1000 1.73 4.61 -8.51 -1000 19.73 1.50 660.374
car -1 -1 0.00 0.00 0.00 100.00 100.00 -1000 2.05 5.37 4.47 -1000 17.31 1.59 656.202
car -1 -1 0.00 0.00 0.00 100.00 100.00 -1000 1.74 4.87 -14.60 -1000 22.39 1.60 650.311
car -1 -1 0.00 0.00 0.00 100.00 100.00 -1000 1.95 5.53 -3.04 -1000 19.20 1.46 647.338
car -1 -1 0.00 0.00 0.00 100.00 100.00 -1000 1.52 3.56 3.96 -1000 13.06 -0.05 646.395
car -1 -1 0.00 0.00 0.00 100.00 100.00 -1000 1.57 3.43 6.28 -1000 18.30 1.65 642.866
car -1 -1 0.00 0.00 0.00 100.00 100.00 -1000 1.76 4.91 -17.28 -1000 22.31 -0.11 641.692
car -1 -1 0.00 0.00 0.00 100.00 100.00 -1000 1.56 3.35 -4.04 -1000 10.26 1.57 632.872
car -1 -1 0.00 0.00 0.00 100.00 100.00 -1000 1.51 3.65 2.03 -1000 13.11 -0.08 630.510
car -1 -1 0.00 0.00 0.00 100.00 100.00 -1000 2.25 6.20 -0.83 -1000 20.77 1.63 628.000
car -1 -1 0.00 0.00 0.00 100.00 100.00 -1000 1.63 3.69 -8.21 -1000 15.50 1.72 627.871
car -1 -1 0.00 0.00 0.00 100.00 100.00 -1000 1.98 5.38 -6.60 -1000 11.90 -0.10 624.986
car -1 -1 0.00 0.00 0.00 100.00 100.00 -1000 1.76 4.57 9.20 -1000 12.57 -0.33 618.775
car -1 -1 0.00 0.00 0.00 100.00 100.00 -1000 1.42 3.22 14.58 -1000 20.08 1.54 610.751
car -1 -1 0.00 0.00 0.00 100.00 100.00 -1000 1.46 3.29 -3.61 -1000 15.11 1.93 608.628
car -1 -1 0.00 0.00 0.00 100.00 100.00 -1000 1.67 3.53 -4.26 -1000 9.48 1.45 604.440
car -1 -1 0.00 0.00 0.00 100.00 100.00 -1000 1.71 4.38 4.07 -1000 14.27 1.62 601.848
car -1 -1 0.00 0.00 0.00 100.00 100.00 -1000 1.76 4.28 -1.15 -1000 12.58 1.57 594.444
car -1 -1 0.00 0.00 0.00 100.00 100.00 -1000 1.85 4.75 -6.44 -1000 16.25 -0.08 588.486
car -1 -1 0.00 0.00 0.00 100.00 100.00 -1000 1.66 3.61 -14.41 -1000 19.44 1.50 585.626
car -1 -1 0.00 0.00 0.00 100.00 100.00 -1000 1.70 4.34 -10.09 -1000 17.54 1.58 580.327
car -1 -1 0.00 0.00 0.00 100.00 100.00 -1000 1.64 3.89 0.29 -1000 18.78 1.65 577.259
car -1 -1 0.00 0.00 0.00 100.00 100.00 -1000 1.90 5.36 -7.52 -1000 18.99 1.62 577.198
car -1 -1 0.00 0.00 0.00 100.00 100.00 -1000 1.62 4.21 7.31 -1000 19.28 1.61 574.797
car -1 -1 0.00 0.00 0.00 100.00 100.00 -1000 1.67 3.20 -2.68 -1000 14.58 1.38 563.578
car -1 -1 0.00 0.00 0.00 100.00 100.00 -1000 1.51 3.63 -14.69 -1000 18.04 1.54 554.922
car -1 -1 0.00 0.00 0.00 100.00 100.00 -1000 1.95 5.08 6.31 -1000 16.81 1.55 549.951
car -1 -1 0.00 0.00 0.00 100.00 100.00 -1000 1.52 3.36 10.49 -1000 12.95 1.68 549.361
car -1 -1 0.00 0.00 0.00 100.00 100.00 -1000 1.22 2.73 -10.94 -1000 17.00 1.53 548.066
car -1 -1 0.00 0.00 0.00 100.00 100.00 -1000 1.85 5.03 4.27 -1000 6.56 1.40 546.185
car -1 -1 0.00 0.00 0.00 100.00 100.00 -1000 1.82 5.33 -0.51 -1000 22.76 1.59 523.798
car -1 -1 0.00 0.00 0.00 100.00 100.00 -1000 2.14 6.79 5.89 -1000 15.92 1.54 521.413
car -1 -1 0.00 0.00 0.00 100.00 100.00 -1000 1.59 3.61 14.58 -1000 18.80 -0.02 520.774
car -1 -1 0.00 0.00 0.00 100.00 100.00 -1000 2.53 9.47 3.95 -1000 21.97 1.49 509.707
car -1 -1 0.00 0.00 0.00 100.00 100.00 -1000 1.41 3.01 -10.97 -1000 16.15 1.58 495.084
car -1 -1 0.00 0.00 0.00 100.00 100.00 -1000 1.74 4.46 -9.90 -1000 14.57 0.02 493.519
car -1 -1 0.00 0.00 0.00 100.00 100.00 -1000 1.95 5.90 9.79 -1000 14.33 1.60 492.571
car -1 -1 0.00 0.00 0.00 100.00 100.00 -1000 2.09 7.12 -2.59 -1000 20.33 1.46 490.867
car -1 -1 0.00 0.00 0.00 100.00 100.00 -1000 2.53 9.19 4.88 -1000 20.30 1.50 484.976
car -1 -1 0.00 0.00 0.00 100.00 100.00 -1000 1.58 3.67 -14.54 -1000 21.49 1.72 484.492
car -1 -1 0.00 0.00 0.00 100.00 100.00 -1000 2.24 7.41 5.31 -1000 22.76 1.47 479.724
car -1 -1 0.00 0.00 0.00 100.00 100.00 -1000 2.06 4.87 -3.68 -1000 8.32 -0.13 463.596
car -1 -1 0.00 0.00 0.00 100.00 100.00 -1000 2.47 4.90 -11.14 -1000 16.65 0.03 461.011
car -1 -1 0.00 0.00 0.00 100.00 100.00 -1000 1.67 4.36 -7.89 -1000 17.52 1.56 456.021
car -1 -1 0.00 0.00 0.00 100.00 100.00 -1000 1.51 3.44 -17.83 -1000 23.26 1.54 454.059
car -1 -1 0.00 0.00 0.00 100.00 100.00 -1000 2.02 6.42 -10.49 -1000 18.33 1.50 444.329
car -1 -1 0.00 0.00 0.00 100.00 100.00 -1000 1.55 3.70 -18.63 -1000 22.67 1.57 435.839
car -1 -1 0.00 0.00 0.00 100.00 100.00 -1000 2.10 5.18 -13.67 -1000 17.36 -0.12 432.127
car -1 -1 0.00 0.00 0.00 100.00 100.00 -1000 2.01 6.06 9.54 -1000 15.54 1.56 425.602
car -1 -1 0.00 0.00 0.00 100.00 100.00 -1000 3.75 8.67 -15.50 -1000 20.59 0.05 411.115
car -1 -1 0.00 0.00 0.00 100.00 100.00 -1000 2.66 6.82 -4.88 -1000 11.02 0.09 410.325
car -1 -1 0.00 0.00 0.00 100.00 100.00 -1000 2.06 5.82 -6.13 -1000 18.02 1.59 409.647
car -1 -1 0.00 0.00 0.00 100.00 100.00 -1000 1.71 3.90 -16.94 -1000 21.13 1.48 408.977
car -1 -1 0.00 0.00 0.00 100.00 100.00 -1000 1.66 4.04 0.44 -1000 13.38 1.57 405.121
car -1 -1 0.00 0.00 0.00 100.00 100.00 -1000 1.67 4.41 -16.57 -1000 26.56 1.55 386.164
car -1 -1 0.00 0.00 0.00 100.00 100.00 -1000 2.04 6.43 -4.74 -1000 19.95 1.47 378.481
car -1 -1 0.00 0.00 0.00 100.00 100.00 -1000 2.07 6.76 1.22 -1000 23.57 1.49 377.166
car -1 -1 0.00 0.00 0.00 100.00 100.00 -1000 2.06 5.48 -1.44 -1000 18.18 1.29 361.694
car -1 -1 0.00 0.00 0.00 100.00 100.00 -1000 1.62 4.16 -7.58 -1000 20.29 1.53 361.263
car -1 -1 0.00 0.00 0.00 100.00 100.00 -1000 1.53 3.35 -11.04 -1000 15.02 1.62 359.320
car -1 -1 0.00 0.00 0.00 100.00 100.00 -1000 1.76 4.78 -8.83 -1000 11.92 0.16 358.171
car -1 -1 0.00 0.00 0.00 100.00 100.00 -1000 1.99 6.02 -4.03 -1000 18.40 1.46 353.642
car -1 -1 0.00 0.00 0.00 100.00 100.00 -1000 3.94 8.38 -11.41 -1000 16.71 0.02 349.679
car -1 -1 0.00 0.00 0.00 100.00 100.00 -1000 1.62 3.45 -17.94 -1000 25.07 1.57 345.712
car -1 -1 0.00 0.00 0.00 100.00 100.00 -1000 1.98 6.18 -3.89 -1000 21.16 1.49 343.815
car -1 -1 0.00 0.00 0.00 100.00 100.00 -1000 1.69 4.36 -2.18 -1000 13.35 -0.24 340.350
car -1 -1 0.00 0.00 0.00 100.00 100.00 -1000 1.58 4.04 -18.59 -1000 27.62 1.50 335.763
car -1 -1 0.00 0.00 0.00 100.00 100.00 -1000 1.87 5.44 -1.89 -1000 21.70 1.46 333.865
car -1 -1 0.00 0.00 0.00 100.00 100.00 -1000 1.60 4.10 3.58 -1000 5.53 0.14 332.833
car -1 -1 0.00 0.00 0.00 100.00 100.00 -1000 1.49 3.42 3.88 -1000 41.56 1.58 326.668
car -1 -1 0.00 0.00 0.00 100.00 100.00 -1000 1.62 3.88 1.66 -1000 29.59 1.65 323.108
car -1 -1 0.00 0.00 0.00 100.00 100.00 -1000 1.70 4.12 -19.28 -1000 22.05 0.02 305.187
car -1 -1 0.00 0.00 0.00 100.00 100.00 -1000 1.69 4.37 -13.25 -1000 20.87 1.53 304.129
car -1 -1 0.00 0.00 0.00 100.00 100.00 -1000 1.65 4.69 5.88 -1000 14.45 -0.15 303.111
car -1 -1 0.00 0.00 0.00 100.00 100.00 -1000 1.66 4.39 -8.19 -1000 16.26 -0.00 301.485
car -1 -1 0.00 0.00 0.00 100.00 100.00 -1000 1.38 3.19 -17.03 -1000 24.21 1.49 300.081
car -1 -1 0.00 0.00 0.00 100.00 100.00 -1000 1.85 5.74 7.79 -1000 19.97 1.48 290.141
car -1 -1 0.00 0.00 0.00 100.00 100.00 -1000 1.76 3.26 -10.83 -1000 13.89 1.42 286.992
car -1 -1 0.00 0.00 0.00 100.00 100.00 -1000 1.95 5.89 -14.89 -1000 24.34 1.59 284.603
car -1 -1 0.00 0.00 0.00 100.00 100.00 -1000 1.69 3.47 10.56 -1000 12.08 1.60 278.610
car -1 -1 0.00 0.00 0.00 100.00 100.00 -1000 1.77 5.08 -9.21 -1000 16.96 1.55 268.182
car -1 -1 0.00 0.00 0.00 100.00 100.00 -1000 2.82 6.29 -7.75 -1000 14.15 -0.22 264.869
car -1 -1 0.00 0.00 0.00 100.00 100.00 -1000 2.13 6.82 -11.28 -1000 19.56 1.46 262.693
car -1 -1 0.00 0.00 0.00 100.00 100.00 -1000 2.16 6.83 -6.70 -1000 15.00 -0.55 262.691
car -1 -1 0.00 0.00 0.00 100.00 100.00 -1000 1.82 5.08 -12.99 -1000 20.00 1.48 251.215
car -1 -1 0.00 0.00 0.00 100.00 100.00 -1000 2.37 8.12 6.46 -1000 21.61 1.41 250.989
car -1 -1 0.00 0.00 0.00 100.00 100.00 -1000 1.59 4.32 -1.06 -1000 30.50 1.49 249.311
car -1 -1 0.00 0.00 0.00 100.00 100.00 -1000 1.86 3.86 -0.24 -1000 17.73 1.21 244.090
car -1 -1 0.00 0.00 0.00 100.00 100.00 -1000 1.55 3.79 -17.55 -1000 20.47 1.58 243.452
car -1 -1 0.00 0.00 0.00 100.00 100.00 -1000 1.72 4.06 0.97 -1000 28.27 1.59 238.559
car -1 -1 0.00 0.00 0.00 100.00 100.00 -1000 1.62 4.22 -1.65 -1000 29.01 1.48 236.673
car -1 -1 0.00 0.00 0.00 100.00 100.00 -1000 1.97 6.05 -12.14 -1000 18.76 1.47 235.472
car -1 -1 0.00 0.00 0.00 100.00 100.00 -1000 1.63 4.25 3.61 -1000 28.98 1.58 235.168
car -1 -1 0.00 0.00 0.00 100.00 100.00 -1000 2.05 4.68 -9.98 -1000 12.70 1.32 233.374
car -1 -1 0.00 0.00 0.00 100.00 100.00 -1000 1.98 6.35 -9.61 -1000 20.37 1.44 231.274
car -1 -1 0.00 0.00 0.00 100.00 100.00 -1000 2.08 7.72 3.92 -1000 23.64 1.43 227.498
car -1 -1 0.00 0.00 0.00 100.00 100.00 -1000 1.58 3.70 -12.18 -1000 17.16 1.56 227.222
car -1 -1 0.00 0.00 0.00 100.00 100.00 -1000 1.61 4.08 -0.63 -1000 33.39 1.48 217.117
car -1 -1 0.00 0.00 0.00 100.00 100.00 -1000 1.71 4.66 -2.28 -1000 30.92 1.46 216.643
car -1 -1 0.00 0.00 0.00 100.00 100.00 -1000 1.68 4.66 1.84 -1000 41.84 1.49 216.190
car -1 -1 0.00 0.00 0.00 100.00 100.00 -1000 1.58 4.21 2.78 -1000 17.30 1.26 213.613
car -1 -1 0.00 0.00 0.00 100.00 100.00 -1000 1.47 2.18 5.51 -1000 8.33 1.19 212.857
car -1 -1 0.00 0.00 0.00 100.00 100.00 -1000 1.59 4.12 13.35 -1000 19.26 1.48 212.650
car -1 -1 0.00 0.00 0.00 100.00 100.00 -1000 1.67 4.21 4.07 -1000 40.43 -0.06 211.977
car -1 -1 0.00 0.00 0.00 100.00 100.00 -1000 2.06 6.87 8.19 -1000 16.28 1.52 208.612
car -1 -1 0.00 0.00 0.00 100.00 100.00 -1000 1.60 3.19 9.67 -1000 11.42 1.45 208.288
car -1 -1 0.00 0.00 0.00 100.00 100.00 -1000 1.75 4.60 1.11 -1000 33.45 1.59 207.918
car -1 -1 0.00 0.00 0.00 100.00 100.00 -1000 1.67 4.38 -2.41 -1000 29.78 1.44 207.667
car -1 -1 0.00 0.00 0.00 100.00 100.00 -1000 1.68 4.54 11.47 -1000 13.64 1.61 207.248
car -1 -1 0.00 0.00 0.00 100.00 100.00 -1000 2.19 7.09 -2.76 -1000 11.66 -0.56 205.953
car -1 -1 0.00 0.00 0.00 100.00 100.00 -1000 1.77 5.24 -4.00 -1000 22.79 1.47 205.447
car -1 -1 0.00 0.00 0.00 100.00 100.00 -1000 2.22 7.26 -13.23 -1000 23.62 1.47 205.123
car -1 -1 0.00 0.00 0.00 100.00 100.00 -1000 1.79 4.82 -7.45 -1000 12.60 -0.13 200.567
car -1 -1 0.00 0.00 0.00 100.00 100.00 -1000 1.62 4.14 16.75 -1000 19.71 1.57 198.954
car -1 -1 0.00 0.00 0.00 100.00 100.00 -1000 1.89 5.74 -12.70 -1000 21.61 1.43 196.583
car -1 -1 0.00 0.00 0.00 100.00 100.00 -1000 1.74 5.23 -15.08 -1000 28.93 1.50 194.857
car -1 -1 0.00 0.00 0.00 100.00 100.00 -1000 1.72 4.51 0.54 -1000 30.87 1.57 189.487
car -1 -1 0.00 0.00 0.00 100.00 100.00 -1000 1.96 4.96 -12.60 -1000 14.75 -0.03 188.276
car -1 -1 0.00 0.00 0.00 100.00 100.00 -1000 1.74 4.12 15.60 -1000 18.14 1.60 187.721
car -1 -1 0.00 0.00 0.00 100.00 100.00 -1000 1.86 5.40 11.67 -1000 14.75 1.54 184.115
car -1 -1 0.00 0.00 0.00 100.00 100.00 -1000 1.87 4.78 12.40 -1000 46.55 0.04 183.580
car -1 -1 0.00 0.00 0.00 100.00 100.00 -1000 1.56 3.64 12.63 -1000 47.24 1.65 181.005
car -1 -1 0.00 0.00 0.00 100.00 100.00 -1000 1.91 6.17 7.53 -1000 22.53 1.44 180.394
car -1 -1 0.00 0.00 0.00 100.00 100.00 -1000 1.84 5.33 -10.86 -1000 23.32 1.46 179.151
car -1 -1 0.00 0.00 0.00 100.00 100.00 -1000 1.46 3.82 1.46 -1000 27.41 1.49 177.262
car -1 -1 0.00 0.00 0.00 100.00 100.00 -1000 1.93 5.96 -16.76 -1000 27.58 1.51 177.206
car -1 -1 0.00 0.00 0.00 100.00 100.00 -1000 1.84 5.42 -10.86 -1000 21.17 1.46 173.814
car -1 -1 0.00 0.00 0.00 100.00 100.00 -1000 1.85 5.69 9.89 -1000 21.17 1.46 172.641
car -1 -1 0.00 0.00 0.00 100.00 100.00 -1000 1.81 5.69 -6.06 -1000 20.76 1.44 172.064
car -1 -1 0.00 0.00 0.00 100.00 100.00 -1000 1.75 4.35 -15.45 -1000 17.33 1.48 169.948
car -1 -1 0.00 0.00 0.00 100.00 100.00 -1000 1.85 4.78 5.80 -1000 6.06 1.60 169.825
car -1 -1 0.00 0.00 0.00 100.00 100.00 -1000 1.65 4.56 -18.41 -1000 21.49 0.08 169.701
car -1 -1 0.00 0.00 0.00 100.00 100.00 -1000 1.56 4.11 -0.90 -1000 27.26 1.47 167.880
car -1 -1 0.00 0.00 0.00 100.00 100.00 -1000 1.66 4.37 2.41 -1000 41.08 1.44 166.289
car -1 -1 0.00 0.00 0.00 100.00 100.00 -1000 1.81 4.21 10.98 -1000 11.20 1.55 164.612
car -1 -1 0.00 0.00 0.00 100.00 100.00 -1000 1.69 4.75 -2.38 -1000 23.27 1.44 162.896
car -1 -1 0.00 0.00 0.00 100.00 100.00 -1000 1.63 4.96 -13.98 -1000 14.01 0.07 162.747
car -1 -1 0.00 0.00 0.00 100.00 100.00 -1000 1.89 5.89 -12.03 -1000 24.41 1.48 161.597
car -1 -1 0.00 0.00 0.00 100.00 100.00 -1000 1.83 4.83 -0.02 -1000 32.67 1.58 159.649
car -1 -1 0.00 0.00 0.00 100.00 100.00 -1000 1.74 4.99 -12.88 -1000 26.04 1.49 159.462
car -1 -1 0.00 0.00 0.00 100.00 100.00 -1000 1.92 5.95 11.75 -1000 16.30 1.53 158.213
car -1 -1 0.00 0.00 0.00 100.00 100.00 -1000 1.97 4.95 -4.26 -1000 13.69 1.35 157.547
car -1 -1 0.00 0.00 0.00 100.00 100.00 -1000 1.91 5.45 8.16 -1000 17.19 1.60 157.182
car -1 -1 0.00 0.00 0.00 100.00 100.00 -1000 1.92 5.99 -13.04 -1000 25.25 1.49 156.570
car -1 -1 0.00 0.00 0.00 100.00 100.00 -1000 1.61 3.25 -11.76 -1000 15.68 1.48 155.313
car -1 -1 0.00 0.00 0.00 100.00 100.00 -1000 1.68 4.48 5.17 -1000 29.34 1.48 154.981
car -1 -1 0.00 0.00 0.00 100.00 100.00 -1000 1.64 4.17 -2.56 -1000 28.19 1.42 154.698
car -1 -1 0.00 0.00 0.00 100.00 100.00 -1000 1.71 4.70 -2.41 -1000 32.14 1.45 154.283
car -1 -1 0.00 0.00 0.00 100.00 100.00 -1000 1.82 5.36 -5.10 -1000 22.02 1.47 153.691
car -1 -1 0.00 0.00 0.00 100.00 100.00 -1000 1.70 4.87 12.94 -1000 20.84 1.47 153.559
car -1 -1 0.00 0.00 0.00 100.00 100.00 -1000 1.89 5.96 -12.04 -1000 22.45 1.44 152.176
car -1 -1 0.00 0.00 0.00 100.00 100.00 -1000 1.72 4.59 13.46 -1000 12.41 1.46 151.178
car -1 -1 0.00 0.00 0.00 100.00 100.00 -1000 2.02 6.54 8.92 -1000 21.96 1.45 150.634
car -1 -1 0.00 0.00 0.00 100.00 100.00 -1000 1.76 5.37 2.64 -1000 30.45 1.48 150.365
car -1 -1 0.00 0.00 0.00 100.00 100.00 -1000 1.64 3.65 10.04 -1000 10.41 1.53 149.382
car -1 -1 0.00 0.00 0.00 100.00 100.00 -1000 1.81 5.26 2.48 -1000 42.67 1.45 147.671
car -1 -1 0.00 0.00 0.00 100.00 100.00 -1000 1.99 6.84 8.12 -1000 20.80 1.42 147.046
car -1 -1 0.00 0.00 0.00 100.00 100.00 -1000 1.64 3.69 5.38 -1000 11.37 1.41 146.613
car -1 -1 0.00 0.00 0.00 100.00 100.00 -1000 1.91 5.52 13.09 -1000 15.59 1.45 145.973
car -1 -1 0.00 0.00 0.00 100.00 100.00 -1000 1.72 4.26 2.07 -1000 28.74 1.57 145.710
car -1 -1 0.00 0.00 0.00 100.00 100.00 -1000 1.72 4.86 12.06 -1000 20.03 1.43 144.129
car -1 -1 0.00 0.00 0.00 100.00 100.00 -1000 1.81 5.24 -14.19 -1000 28.16 1.43 143.507
car -1 -1 0.00 0.00 0.00 100.00 100.00 -1000 1.77 4.38 5.03 -1000 5.25 1.62 143.083
car -1 -1 0.00 0.00 0.00 100.00 100.00 -1000 1.64 4.34 2.32 -1000 39.86 1.45 142.780
car -1 -1 0.00 0.00 0.00 100.00 100.00 -1000 1.71 4.83 4.53 -1000 32.16 1.48 140.543
car -1 -1 0.00 0.00 0.00 100.00 100.00 -1000 1.62 4.54 -13.27 -1000 27.25 1.49 139.669
car -1 -1 0.00 0.00 0.00 100.00 100.00 -1000 1.74 4.67 4.16 -1000 30.12 1.50 138.781
car -1 -1 0.00 0.00 0.00 100.00 100.00 -1000 1.82 5.08 8.59 -1000 18.88 1.48 138.765
car -1 -1 0.00 0.00 0.00 100.00 100.00 -1000 1.47 3.61 -16.58 -1000 25.74 -0.02 137.415
car -1 -1 0.00 0.00 0.00 100.00 100.00 -1000 1.68 4.37 10.41 -1000 46.33 1.42 137.087
car -1 -1 0.00 0.00 0.00 100.00 100.00 -1000 1.76 4.06 13.33 -1000 45.49 1.53 131.848
car -1 -1 0.00 0.00 0.00 100.00 100.00 -1000 4.13 13.55 3.21 -1000 17.80 -0.04 131.554
car -1 -1 0.00 0.00 0.00 100.00 100.00 -1000 1.66 4.30 -17.06 -1000 17.21 1.37 131.255
car -1 -1 0.00 0.00 0.00 100.00 100.00 -1000 1.50 3.00 6.34 -1000 7.63 1.44 130.804
car -1 -1 0.00 0.00 0.00 100.00 100.00 -1000 1.73 4.66 -3.40 -1000 28.99 1.43 129.983
car -1 -1 0.00 0.00 0.00 100.00 100.00 -1000 1.92 6.08 17.96 -1000 21.94 1.44 129.873
car -1 -1 0.00 0.00 0.00 100.00 100.00 -1000 1.67 4.66 13.56 -1000 11.18 1.42 129.381
car -1 -1 0.00 0.00 0.00 100.00 100.00 -1000 1.76 4.72 18.29 -1000 18.86 1.46 128.979
car -1 -1 0.00 0.00 0.00 100.00 100.00 -1000 1.64 4.18 4.93 -1000 41.11 1.57 128.879
car -1 -1 0.00 0.00 0.00 100.00 100.00 -1000 1.53 3.69 16.60 -1000 18.93 0.21 128.841
car -1 -1 0.00 0.00 0.00 100.00 100.00 -1000 1.67 4.28 -16.31 -1000 16.09 1.40 128.737
car -1 -1 0.00 0.00 0.00 100.00 100.00 -1000 1.67 4.53 7.03 -1000 40.62 1.46 126.962
car -1 -1 0.00 0.00 0.00 100.00 100.00 -1000 1.73 4.35 4.92 -1000 39.38 1.53 124.145
car -1 -1 0.00 0.00 0.00 100.00 100.00 -1000 1.69 4.60 5.32 -1000 28.14 1.43 123.081
car -1 -1 0.00 0.00 0.00 100.00 100.00 -1000 1.77 5.27 3.60 -1000 33.32 1.47 122.580
car -1 -1 0.00 0.00 0.00 100.00 100.00 -1000 2.13 6.12 -15.38 -1000 19.85 -0.21 122.348
car -1 -1 0.00 0.00 0.00 100.00 100.00 -1000 1.66 4.47 18.43 -1000 17.62 1.42 121.622
car -1 -1 0.00 0.00 0.00 100.00 100.00 -1000 1.60 4.25 -15.89 -1000 18.46 1.47 119.752
car -1 -1 0.00 0.00 0.00 100.00 100.00 -1000 1.86 5.74 10.07 -1000 20.02 1.42 119.391
car -1 -1 0.00 0.00 0.00 100.00 100.00 -1000 1.74 4.92 2.02 -1000 34.58 1.45 119.382
car -1 -1 0.00 0.00 0.00 100.00 100.00 -1000 1.74 5.11 6.93 -1000 42.17 1.46 119.078
car -1 -1 0.00 0.00 0.00 100.00 100.00 -1000 1.82 5.22 13.13 -1000 14.01 1.48 118.855
car -1 -1 0.00 0.00 0.00 100.00 100.00 -1000 1.74 4.74 4.16 -1000 42.21 1.46 118.052
car -1 -1 0.00 0.00 0.00 100.00 100.00 -1000 1.77 5.23 1.41 -1000 32.16 1.51 117.480
car -1 -1 0.00 0.00 0.00 100.00 100.00 -1000 1.78 5.26 5.19 -1000 30.84 1.44 117.314
car -1 -1 0.00 0.00 0.00 100.00 100.00 -1000 1.75 4.73 13.43 -1000 18.10 1.52 116.731
car -1 -1 0.00 0.00 0.00 100.00 100.00 -1000 1.81 4.88 16.54 -1000 17.21 1.48 116.357
car -1 -1 0.00 0.00 0.00 100.00 100.00 -1000 1.74 5.07 -2.54 -1000 33.29 1.47 115.763
car -1 -1 0.00 0.00 0.00 100.00 100.00 -1000 1.91 6.31 -16.06 -1000 30.01 1.40 115.544
car -1 -1 0.00 0.00 0.00 100.00 100.00 -1000 1.81 5.40 18.16 -1000 20.83 1.43 115.397
car -1 -1 0.00 0.00 0.00 100.00 100.00 -1000 1.81 4.99 3.21 -1000 28.16 1.53 113.412
car -1 -1 0.00 0.00 0.00 100.00 100.00 -1000 1.81 5.65 -9.08 -1000 21.70 1.42 113.329
car -1 -1 0.00 0.00 0.00 100.00 100.00 -1000 1.68 4.70 12.10 -1000 11.96 1.53 113.277
car -1 -1 0.00 0.00 0.00 100.00 100.00 -1000 2.23 6.96 9.25 -1000 11.50 -0.29 113.042
car -1 -1 0.00 0.00 0.00 100.00 100.00 -1000 1.87 5.70 1.81 -1000 24.38 1.35 113.031
car -1 -1 0.00 0.00 0.00 100.00 100.00 -1000 1.62 4.37 11.19 -1000 45.11 1.43 112.032
car -1 -1 0.00 0.00 0.00 100.00 100.00 -1000 1.77 4.76 15.08 -1000 46.30 1.45 111.693
car -1 -1 0.00 0.00 0.00 100.00 100.00 -1000 1.72 4.81 -0.67 -1000 31.77 1.49 111.554
car -1 -1 0.00 0.00 0.00 100.00 100.00 -1000 1.46 3.38 4.44 -1000 3.65 1.42 111.042
car -1 -1 0.00 0.00 0.00 100.00 100.00 -1000 1.94 4.91 5.02 -1000 4.35 1.56 110.841
car -1 -1 0.00 0.00 0.00 100.00 100.00 -1000 1.54 3.46 4.69 -1000 17.84 1.52 110.684
car -1 -1 0.00 0.00 0.00 100.00 100.00 -1000 1.78 4.77 15.04 -1000 15.60 1.38 108.969
car -1 -1 0.00 0.00 0.00 100.00 100.00 -1000 1.89 5.61 11.26 -1000 17.20 1.53 108.283
car -1 -1 0.00 0.00 0.00 100.00 100.00 -1000 1.64 3.86 10.17 -1000 9.56 1.48 107.457
car -1 -1 0.00 0.00 0.00 100.00 100.00 -1000 1.58 3.91 -13.99 -1000 13.24 1.19 107.023
car -1 -1 0.00 0.00 0.00 100.00 100.00 -1000 1.59 4.23 3.13 -1000 38.64 1.44 107.003
car -1 -1 0.00 0.00 0.00 100.00 100.00 -1000 1.65 4.50 7.04 -1000 39.48 1.41 106.584
car -1 -1 0.00 0.00 0.00 100.00 100.00 -1000 1.82 5.35 -7.61 -1000 21.22 1.45 105.974
car -1 -1 0.00 0.00 0.00 100.00 100.00 -1000 1.81 5.29 -15.29 -1000 26.11 1.43 105.583
car -1 -1 0.00 0.00 0.00 100.00 100.00 -1000 1.76 5.17 3.73 -1000 27.23 1.52 105.401
car -1 -1 0.00 0.00 0.00 100.00 100.00 -1000 1.64 4.45 -0.19 -1000 34.14 1.52 105.090
car -1 -1 0.00 0.00 0.00 100.00 100.00 -1000 1.70 4.30 0.51 -1000 26.12 1.26 103.722
car -1 -1 0.00 0.00 0.00 100.00 100.00 -1000 1.71 4.40 2.30 -1000 26.08 1.36 103.373
car -1 -1 0.00 0.00 0.00 100.00 100.00 -1000 1.87 5.81 3.54 -1000 31.34 1.41 102.616
car -1 -1 0.00 0.00 0.00 100.00 100.00 -1000 1.59 3.97 4.05 -1000 2.55 1.38 101.333
car -1 -1 0.00 0.00 0.00 100.00 100.00 -1000 1.73 3.84 -15.52 -1000 15.31 1.31 101.178
car -1 -1 0.00 0.00 0.00 100.00 100.00 -1000 1.72 5.10 15.47 -1000 16.67 1.46 99.953
car -1 -1 0.00 0.00 0.00 100.00 100.00 -1000 3.45 10.78 -3.67 -1000 7.99 -0.16 99.409
car -1 -1 0.00 0.00 0.00 100.00 100.00 -1000 1.81 5.40 13.45 -1000 16.75 1.47 99.265
car -1 -1 0.00 0.00 0.00 100.00 100.00 -1000 1.78 5.42 11.15 -1000 19.17 1.45 99.033
car -1 -1 0.00 0.00 0.00 100.00 100.00 -1000 1.78 4.76 11.99 -1000 9.95 1.39 98.673
car -1 -1 0.00 0.00 0.00 100.00 100.00 -1000 1.67 4.52 16.85 -1000 47.04 1.41 97.624
car -1 -1 0.00 0.00 0.00 100.00 100.00 -1000 1.79 5.48 13.60 -1000 21.72 1.42 97.194
car -1 -1 0.00 0.00 0.00 100.00 100.00 -1000 1.65 3.96 12.00 -1000 44.40 1.33 96.959
car -1 -1 0.00 0.00 0.00 100.00 100.00 -1000 2.47 6.61 5.19 -1000 10.59 -0.37 96.868
car -1 -1 0.00 0.00 0.00 100.00 100.00 -1000 1.79 5.16 14.07 -1000 14.79 1.45 96.051
car -1 -1 0.00 0.00 0.00 100.00 100.00 -1000 1.66 4.60 14.24 -1000 13.18 1.48 95.651
