car -1 -1 0.00 0.00 0.00 100.00 100.00 -1000 1.67 4.38 -8.16 -1000 40.77 1.51 998.975
car -1 -1 0.00 0.00 0.00 100.00 100.00 -1000 1.12 4.08 -8.86 -1000 27.78 0.61 998.593
car -1 -1 0.00 0.00 0.00 100.00 100.00 -1000 1.65 3.68 -7.18 -1000 28.76 1.56 998.397
car -1 -1 0.00 0.00 0.00 100.00 100.00 -1000 2.53 6.68 -6.45 -1000 39.86 -0.16 998.382
car -1 -1 0.00 0.00 0.00 100.00 100.00 -1000 1.73 4.67 -15.78 -1000 40.61 -0.20 997.765
car -1 -1 0.00 0.00 0.00 100.00 100.00 -1000 1.82 5.57 -14.22 -1000 45.32 -0.04 997.212
car -1 -1 0.00 0.00 0.00 100.00 100.00 -1000 1.72 4.32 -15.11 -1000 41.31 1.53 996.911
car -1 -1 0.00 0.00 0.00 100.00 100.00 -1000 1.64 3.85 -14.24 -1000 45.91 1.56 996.559
car -1 -1 0.00 0.00 0.00 100.00 100.00 -1000 7.04 11.12 0.07 -1000 26.60 0.63 995.393
car -1 -1 0.00 0.00 0.00 100.00 100.00 -1000 1.70 4.55 -16.28 -1000 45.59 -0.07 991.614
car -1 -1 0.00 0.00 0.00 100.00 100.00 -1000 1.59 3.51 -16.95 -1000 41.31 1.57 990.193
car -1 -1 0.00 0.00 0.00 100.00 100.00 -1000 1.59 4.11 -16.67 -1000 26.52 -0.02 983.775
car -1 -1 0.00 0.00 0.00 100.00 100.00 -1000 1.64 4.45 -14.95 -1000 40.01 -0.10 978.309
car -1 -1 0.00 0.00 0.00 100.00 100.00 -1000 1.60 4.26 -14.50 -1000 32.56 1.51 972.338
car -1 -1 0.00 0.00 0.00 100.00 100.00 -1000 1.69 4.40 -6.19 -1000 20.76 1.64 970.624
car -1 -1 0.00 0.00 0.00 100.00 100.00 -1000 1.60 3.73 -16.15 -1000 27.44 1.57 969.412
car -1 -1 0.00 0.00 0.00 100.00 100.00 -1000 2.30 7.28 -13.46 -1000 28.97 1.75 967.466
car -1 -1 0.00 0.00 0.00 100.00 100.00 -1000 1.51 3.62 6.11 -1000 33.93 1.59 966.797
car -1 -1 0.00 0.00 0.00 100.00 100.00 -1000 1.54 3.76 -16.40 -1000 46.41 1.55 965.821
car -1 -1 0.00 0.00 0.00 100.00 100.00 -1000 1.58 3.68 -9.00 -1000 28.83 1.59 961.941
car -1 -1 0.00 0.00 0.00 100.00 100.00 -1000 1.45 3.72 -18.27 -1000 26.66 0.11 960.049
car -1 -1 0.00 0.00 0.00 100.00 100.00 -1000 1.87 5.27 -10.62 -1000 28.74 1.46 957.399
car -1 -1 0.00 0.00 0.00 100.00 100.00 -1000 1.63 3.80 -7.16 -1000 27.68 1.86 956.540
car -1 -1 0.00 0.00 0.00 100.00 100.00 -1000 1.66 4.11 -15.04 -1000 27.86 1.63 949.364
car -1 -1 0.00 0.00 0.00 100.00 100.00 -1000 1.76 4.66 -16.65 -1000 41.99 1.59 945.843
car -1 -1 0.00 0.00 0.00 100.00 100.00 -1000 1.53 3.71 -17.59 -1000 27.64 1.64 937.608
car -1 -1 0.00 0.00 0.00 100.00 100.00 -1000 1.27 3.24 -14.11 -1000 31.41 0.14 934.867
car -1 -1 0.00 0.00 0.00 100.00 100.00 -1000 1.67 4.32 -14.22 -1000 30.12 -0.19 927.378
car -1 -1 0.00 0.00 0.00 100.00 100.00 -1000 1.55 3.84 -13.78 -1000 46.69 1.64 920.793
car -1 -1 0.00 0.00 0.00 100.00 100.00 -1000 1.67 4.72 -6.65 -1000 29.53 1.57 902.204
car -1 -1 0.00 0.00 0.00 100.00 100.00 -1000 4.43 8.90 0.66 -1000 23.86 0.90 901.286
car -1 -1 0.00 0.00 0.00 100.00 100.00 -1000 4.64 6.99 -6.34 -1000 10.25 0.58 895.705
car -1 -1 0.00 0.00 0.00 100.00 100.00 -1000 1.50 3.77 18.85 -1000 34.87 0.13 890.277
car -1 -1 0.00 0.00 0.00 100.00 100.00 -1000 1.39 3.77 10.04 -1000 35.41 0.36 888.187
car -1 -1 0.00 0.00 0.00 100.00 100.00 -1000 1.61 3.67 -10.02 -1000 28.11 1.56 882.100
car -1 -1 0.00 0.00 0.00 100.00 100.00 -1000 1.64 4.23 -8.72 -1000 40.02 0.06 876.490
car -1 -1 0.00 0.00 0.00 100.00 100.00 -1000 1.49 3.68 16.48 -1000 27.54 0.10 874.717
car -1 -1 0.00 0.00 0.00 100.00 100.00 -1000 1.98 5.59 -6.78 -1000 41.27 1.55 873.476
car -1 -1 0.00 0.00 0.00 100.00 100.00 -1000 1.52 3.50 6.93 -1000 42.57 1.64 865.284
car -1 -1 0.00 0.00 0.00 100.00 100.00 -1000 1.41 3.79 -12.75 -1000 15.38 0.21 860.699
car -1 -1 0.00 0.00 0.00 100.00 100.00 -1000 1.51 3.75 -17.78 -1000 46.87 1.58 859.357
car -1 -1 0.00 0.00 0.00 100.00 100.00 -1000 1.49 3.58 6.55 -1000 27.63 0.08 858.745
car -1 -1 0.00 0.00 0.00 100.00 100.00 -1000 1.62 4.17 -17.82 -1000 40.79 0.12 857.563
car -1 -1 0.00 0.00 0.00 100.00 100.00 -1000 2.93 12.08 -9.70 -1000 42.89 1.37 857.420
car -1 -1 0.00 0.00 0.00 100.00 100.00 -1000 1.50 3.60 6.81 -1000 41.75 0.01 856.904
car -1 -1 0.00 0.00 0.00 100.00 100.00 -1000 1.63 3.68 6.48 -1000 32.92 -0.15 854.990
car -1 -1 0.00 0.00 0.00 100.00 100.00 -1000 1.63 4.21 -7.06 -1000 19.91 -0.10 838.991
car -1 -1 0.00 0.00 0.00 100.00 100.00 -1000 1.53 3.78 6.31 -1000 17.24 -0.11 836.411
car -1 -1 0.00 0.00 0.00 100.00 100.00 -1000 1.57 3.58 -13.85 -1000 40.95 1.73 834.852
car -1 -1 0.00 0.00 0.00 100.00 100.00 -1000 1.57 3.87 -17.96 -1000 45.43 -0.11 826.766
car -1 -1 0.00 0.00 0.00 100.00 100.00 -1000 2.57 9.80 -7.45 -1000 43.70 1.43 820.718
car -1 -1 0.00 0.00 0.00 100.00 100.00 -1000 1.48 3.42 18.23 -1000 35.62 1.58 820.253
car -1 -1 0.00 0.00 0.00 100.00 100.00 -1000 2.04 5.92 -14.37 -1000 42.04 1.53 819.954
car -1 -1 0.00 0.00 0.00 100.00 100.00 -1000 1.51 3.62 -12.22 -1000 16.16 1.68 819.765
car -1 -1 0.00 0.00 0.00 100.00 100.00 -1000 1.46 3.44 15.26 -1000 23.99 0.10 794.745
car -1 -1 0.00 0.00 0.00 100.00 100.00 -1000 1.39 3.26 17.20 -1000 28.15 1.56 777.374
car -1 -1 0.00 0.00 0.00 100.00 100.00 -1000 1.61 3.76 11.77 -1000 26.11 0.00 776.614
car -1 -1 0.00 0.00 0.00 100.00 100.00 -1000 1.77 4.50 -14.17 -1000 44.48 1.72 776.511
car -1 -1 0.00 0.00 0.00 100.00 100.00 -1000 1.90 4.64 -10.17 -1000 27.38 0.04 775.957
car -1 -1 0.00 0.00 0.00 100.00 100.00 -1000 1.46 3.37 -15.16 -1000 21.48 0.04 774.946
car -1 -1 0.00 0.00 0.00 100.00 100.00 -1000 2.16 6.18 -14.63 -1000 43.80 1.60 769.329
car -1 -1 0.00 0.00 0.00 100.00 100.00 -1000 1.54 3.60 11.33 -1000 27.12 1.61 766.707
car -1 -1 0.00 0.00 0.00 100.00 100.00 -1000 1.61 4.00 -15.86 -1000 28.58 1.52 748.066
car -1 -1 0.00 0.00 0.00 100.00 100.00 -1000 2.57 9.53 -8.17 -1000 31.61 1.37 739.182
car -1 -1 0.00 0.00 0.00 100.00 100.00 -1000 1.51 3.42 5.33 -1000 27.93 0.12 739.015
car -1 -1 0.00 0.00 0.00 100.00 100.00 -1000 1.40 3.20 6.34 -1000 28.54 1.60 735.607
car -1 -1 0.00 0.00 0.00 100.00 100.00 -1000 1.50 3.39 6.54 -1000 18.16 1.56 730.714
car -1 -1 0.00 0.00 0.00 100.00 100.00 -1000 1.51 3.56 5.35 -1000 43.44 0.06 729.281
car -1 -1 0.00 0.00 0.00 100.00 100.00 -1000 1.48 3.58 5.72 -1000 44.63 1.57 722.679
car -1 -1 0.00 0.00 0.00 100.00 100.00 -1000 1.54 3.78 -13.95 -1000 33.50 1.67 710.378
car -1 -1 0.00 0.00 0.00 100.00 100.00 -1000 1.53 3.31 -7.49 -1000 39.57 1.24 709.952
car -1 -1 0.00 0.00 0.00 100.00 100.00 -1000 2.47 8.88 -11.11 -1000 43.73 1.39 705.112
car -1 -1 0.00 0.00 0.00 100.00 100.00 -1000 2.52 8.92 -10.05 -1000 41.81 1.36 702.886
car -1 -1 0.00 0.00 0.00 100.00 100.00 -1000 1.61 4.08 -8.08 -1000 27.15 1.62 702.340
car -1 -1 0.00 0.00 0.00 100.00 100.00 -1000 1.88 4.24 -18.89 -1000 31.59 -0.21 700.389
car -1 -1 0.00 0.00 0.00 100.00 100.00 -1000 1.60 3.67 -15.11 -1000 26.78 1.65 699.339
car -1 -1 0.00 0.00 0.00 100.00 100.00 -1000 1.95 4.82 -18.60 -1000 43.83 1.70 697.477
car -1 -1 0.00 0.00 0.00 100.00 100.00 -1000 2.12 6.01 -18.44 -1000 42.98 1.68 692.699
car -1 -1 0.00 0.00 0.00 100.00 100.00 -1000 1.43 3.34 4.11 -1000 39.82 1.59 688.007
car -1 -1 0.00 0.00 0.00 100.00 100.00 -1000 2.41 8.48 -9.66 -1000 44.59 1.39 685.770
car -1 -1 0.00 0.00 0.00 100.00 100.00 -1000 1.53 3.81 10.45 -1000 36.14 1.53 679.292
car -1 -1 0.00 0.00 0.00 100.00 100.00 -1000 1.74 4.23 -5.68 -1000 28.32 1.71 678.519
car -1 -1 0.00 0.00 0.00 100.00 100.00 -1000 1.44 3.46 14.97 -1000 21.23 0.06 677.854
car -1 -1 0.00 0.00 0.00 100.00 100.00 -1000 9.07 11.20 -5.71 -1000 10.92 0.06 671.790
car -1 -1 0.00 0.00 0.00 100.00 100.00 -1000 1.48 3.29 15.90 -1000 28.27 1.53 668.086
car -1 -1 0.00 0.00 0.00 100.00 100.00 -1000 1.47 3.31 5.45 -1000 37.66 0.20 657.317
car -1 -1 0.00 0.00 0.00 100.00 100.00 -1000 1.94 6.77 -4.05 -1000 21.03 1.50 653.880
car -1 -1 0.00 0.00 0.00 100.00 100.00 -1000 1.42 3.42 12.83 -1000 27.27 1.57 653.336
car -1 -1 0.00 0.00 0.00 100.00 100.00 -1000 2.31 8.28 -13.80 -1000 42.84 1.51 652.298
car -1 -1 0.00 0.00 0.00 100.00 100.00 -1000 1.47 3.50 7.20 -1000 33.50 1.72 649.325
car -1 -1 0.00 0.00 0.00 100.00 100.00 -1000 1.42 3.48 6.01 -1000 38.50 1.54 647.045
car -1 -1 0.00 0.00 0.00 100.00 100.00 -1000 2.43 8.41 -10.38 -1000 30.89 1.40 642.165
car -1 -1 0.00 0.00 0.00 100.00 100.00 -1000 1.85 5.11 -13.47 -1000 28.11 1.72 640.217
car -1 -1 0.00 0.00 0.00 100.00 100.00 -1000 1.36 3.14 10.72 -1000 43.10 1.60 639.033
car -1 -1 0.00 0.00 0.00 100.00 100.00 -1000 1.85 4.99 -13.92 -1000 30.94 1.71 638.821
car -1 -1 0.00 0.00 0.00 100.00 100.00 -1000 1.51 3.42 16.71 -1000 23.24 0.18 635.173
car -1 -1 0.00 0.00 0.00 100.00 100.00 -1000 1.50 3.60 -18.80 -1000 28.06 1.64 624.962
car -1 -1 0.00 0.00 0.00 100.00 100.00 -1000 1.90 4.48 1.68 -1000 22.54 1.10 624.916
car -1 -1 0.00 0.00 0.00 100.00 100.00 -1000 1.49 4.34 -9.32 -1000 26.78 1.33 624.409
car -1 -1 0.00 0.00 0.00 100.00 100.00 -1000 2.21 7.43 -6.72 -1000 44.67 1.54 618.722
car -1 -1 0.00 0.00 0.00 100.00 100.00 -1000 1.80 3.48 7.10 -1000 47.77 -0.23 613.963
car -1 -1 0.00 0.00 0.00 100.00 100.00 -1000 2.37 5.91 -16.69 -1000 39.90 -0.08 608.553
car -1 -1 0.00 0.00 0.00 100.00 100.00 -1000 1.51 3.45 15.01 -1000 37.35 0.17 603.323
car -1 -1 0.00 0.00 0.00 100.00 100.00 -1000 1.54 3.70 18.24 -1000 27.51 1.65 603.185
car -1 -1 0.00 0.00 0.00 100.00 100.00 -1000 1.44 3.33 3.85 -1000 47.60 1.54 600.410
car -1 -1 0.00 0.00 0.00 100.00 100.00 -1000 1.57 3.50 -15.15 -1000 25.88 1.66 600.293
car -1 -1 0.00 0.00 0.00 100.00 100.00 -1000 2.14 4.99 -18.64 -1000 28.80 -0.20 597.727
car -1 -1 0.00 0.00 0.00 100.00 100.00 -1000 1.40 3.51 5.36 -1000 34.55 1.60 593.958
car -1 -1 0.00 0.00 0.00 100.00 100.00 -1000 1.92 4.89 1.84 -1000 21.24 1.11 593.857
car -1 -1 0.00 0.00 0.00 100.00 100.00 -1000 1.70 4.44 8.61 -1000 36.31 1.57 587.184
car -1 -1 0.00 0.00 0.00 100.00 100.00 -1000 1.59 3.91 -15.07 -1000 20.63 1.59 584.235
car -1 -1 0.00 0.00 0.00 100.00 100.00 -1000 1.49 3.65 18.63 -1000 26.31 0.20 578.749
car -1 -1 0.00 0.00 0.00 100.00 100.00 -1000 1.51 4.17 7.65 -1000 28.29 1.51 574.782
car -1 -1 0.00 0.00 0.00 100.00 100.00 -1000 2.19 7.21 -7.78 -1000 30.05 1.38 574.528
car -1 -1 0.00 0.00 0.00 100.00 100.00 -1000 1.48 3.62 14.61 -1000 24.84 1.54 570.435
car -1 -1 0.00 0.00 0.00 100.00 100.00 -1000 1.84 5.53 -17.90 -1000 47.47 1.68 566.743
car -1 -1 0.00 0.00 0.00 100.00 100.00 -1000 1.51 3.34 3.21 -1000 46.91 0.08 565.123
car -1 -1 0.00 0.00 0.00 100.00 100.00 -1000 1.66 3.06 -7.16 -1000 38.83 1.46 563.070
car -1 -1 0.00 0.00 0.00 100.00 100.00 -1000 1.71 4.05 -14.29 -1000 38.61 1.56 557.981
car -1 -1 0.00 0.00 0.00 100.00 100.00 -1000 2.70 9.90 -6.68 -1000 42.16 1.39 556.320
car -1 -1 0.00 0.00 0.00 100.00 100.00 -1000 1.87 4.69 -16.47 -1000 44.33 1.40 555.901
car -1 -1 0.00 0.00 0.00 100.00 100.00 -1000 1.42 3.63 9.53 -1000 44.19 1.61 554.888
car -1 -1 0.00 0.00 0.00 100.00 100.00 -1000 1.44 3.28 18.86 -1000 47.68 1.49 553.786
car -1 -1 0.00 0.00 0.00 100.00 100.00 -1000 1.56 4.10 -14.62 -1000 22.51 1.61 552.517
car -1 -1 0.00 0.00 0.00 100.00 100.00 -1000 1.97 5.68 -14.07 -1000 47.38 1.56 552.440
car -1 -1 0.00 0.00 0.00 100.00 100.00 -1000 1.48 3.64 11.30 -1000 46.73 1.59 548.258
car -1 -1 0.00 0.00 0.00 100.00 100.00 -1000 1.50 3.78 -6.16 -1000 46.11 1.62 545.765
car -1 -1 0.00 0.00 0.00 100.00 100.00 -1000 2.07 6.25 -10.24 -1000 41.02 1.37 545.120
car -1 -1 0.00 0.00 0.00 100.00 100.00 -1000 2.21 7.14 -10.54 -1000 29.66 1.38 542.500
car -1 -1 0.00 0.00 0.00 100.00 100.00 -1000 1.62 4.09 17.59 -1000 26.75 0.09 537.021
car -1 -1 0.00 0.00 0.00 100.00 100.00 -1000 2.44 8.66 -5.04 -1000 42.99 1.39 536.173
car -1 -1 0.00 0.00 0.00 100.00 100.00 -1000 1.48 3.57 18.86 -1000 36.57 1.62 534.620
car -1 -1 0.00 0.00 0.00 100.00 100.00 -1000 2.24 7.28 -11.82 -1000 31.69 1.42 533.987
car -1 -1 0.00 0.00 0.00 100.00 100.00 -1000 1.61 4.49 -14.36 -1000 25.04 1.69 533.483
car -1 -1 0.00 0.00 0.00 100.00 100.00 -1000 1.45 3.61 3.90 -1000 35.72 1.64 532.947
car -1 -1 0.00 0.00 0.00 100.00 100.00 -1000 1.37 3.18 5.16 -1000 39.02 1.60 531.054
car -1 -1 0.00 0.00 0.00 100.00 100.00 -1000 1.56 3.53 -18.91 -1000 32.43 -0.23 530.398
car -1 -1 0.00 0.00 0.00 100.00 100.00 -1000 1.84 5.34 -5.43 -1000 40.66 1.58 528.504
car -1 -1 0.00 0.00 0.00 100.00 100.00 -1000 1.46 3.42 4.48 -1000 38.44 0.25 519.609
car -1 -1 0.00 0.00 0.00 100.00 100.00 -1000 1.86 5.21 -4.65 -1000 39.06 1.61 517.471
car -1 -1 0.00 0.00 0.00 100.00 100.00 -1000 2.22 7.21 -9.56 -1000 32.48 1.38 515.528
car -1 -1 0.00 0.00 0.00 100.00 100.00 -1000 2.10 7.78 -2.83 -1000 30.75 1.52 514.161
car -1 -1 0.00 0.00 0.00 100.00 100.00 -1000 1.47 3.41 13.58 -1000 21.54 0.14 511.097
car -1 -1 0.00 0.00 0.00 100.00 100.00 -1000 1.54 4.02 17.50 -1000 36.21 1.59 509.460
car -1 -1 0.00 0.00 0.00 100.00 100.00 -1000 2.10 7.81 -5.07 -1000 22.23 1.42 498.282
car -1 -1 0.00 0.00 0.00 100.00 100.00 -1000 1.87 5.23 -11.71 -1000 27.80 1.48 493.291
car -1 -1 0.00 0.00 0.00 100.00 100.00 -1000 1.53 3.61 14.82 -1000 38.31 1.55 491.991
car -1 -1 0.00 0.00 0.00 100.00 100.00 -1000 2.28 7.66 -16.32 -1000 42.56 1.36 491.644
car -1 -1 0.00 0.00 0.00 100.00 100.00 -1000 1.52 3.67 15.17 -1000 27.75 0.04 491.355
car -1 -1 0.00 0.00 0.00 100.00 100.00 -1000 1.59 3.85 -0.56 -1000 41.77 1.54 490.270
car -1 -1 0.00 0.00 0.00 100.00 100.00 -1000 1.56 3.69 9.14 -1000 43.30 0.11 489.186
car -1 -1 0.00 0.00 0.00 100.00 100.00 -1000 1.49 3.43 -15.01 -1000 33.88 1.40 487.452
car -1 -1 0.00 0.00 0.00 100.00 100.00 -1000 1.42 3.43 7.08 -1000 43.52 1.58 481.941
car -1 -1 0.00 0.00 0.00 100.00 100.00 -1000 1.55 3.82 10.17 -1000 42.43 1.57 479.979
car -1 -1 0.00 0.00 0.00 100.00 100.00 -1000 1.59 3.80 8.11 -1000 35.53 -0.06 477.214
car -1 -1 0.00 0.00 0.00 100.00 100.00 -1000 1.37 3.29 11.54 -1000 42.67 1.56 474.661
car -1 -1 0.00 0.00 0.00 100.00 100.00 -1000 1.50 4.62 -5.19 -1000 19.55 1.46 472.748
car -1 -1 0.00 0.00 0.00 100.00 100.00 -1000 1.46 3.84 4.58 -1000 44.99 1.57 472.392
car -1 -1 0.00 0.00 0.00 100.00 100.00 -1000 1.71 4.10 -12.93 -1000 40.39 1.55 466.627
car -1 -1 0.00 0.00 0.00 100.00 100.00 -1000 1.48 3.18 -18.34 -1000 46.14 1.58 465.309
car -1 -1 0.00 0.00 0.00 100.00 100.00 -1000 1.53 3.66 18.30 -1000 22.86 1.62 462.739
car -1 -1 0.00 0.00 0.00 100.00 100.00 -1000 1.72 4.32 -15.17 -1000 23.88 1.56 462.267
car -1 -1 0.00 0.00 0.00 100.00 100.00 -1000 1.33 3.23 6.86 -1000 37.87 1.60 461.161
car -1 -1 0.00 0.00 0.00 100.00 100.00 -1000 1.37 2.96 16.32 -1000 24.47 1.57 460.265
car -1 -1 0.00 0.00 0.00 100.00 100.00 -1000 1.50 3.61 3.51 -1000 32.14 1.61 458.094
car -1 -1 0.00 0.00 0.00 100.00 100.00 -1000 1.52 3.72 -14.90 -1000 29.41 1.47 457.734
car -1 -1 0.00 0.00 0.00 100.00 100.00 -1000 1.95 5.50 -4.56 -1000 41.35 1.46 457.135
car -1 -1 0.00 0.00 0.00 100.00 100.00 -1000 2.20 7.43 -4.78 -1000 30.05 1.47 452.496
car -1 -1 0.00 0.00 0.00 100.00 100.00 -1000 1.73 4.57 -13.19 -1000 32.19 1.58 449.097
car -1 -1 0.00 0.00 0.00 100.00 100.00 -1000 1.83 4.85 -12.11 -1000 46.30 1.47 446.758
car -1 -1 0.00 0.00 0.00 100.00 100.00 -1000 1.42 3.40 17.48 -1000 38.97 1.55 438.056
car -1 -1 0.00 0.00 0.00 100.00 100.00 -1000 1.52 4.02 2.58 -1000 41.77 1.59 432.510
car -1 -1 0.00 0.00 0.00 100.00 100.00 -1000 1.73 4.64 -6.91 -1000 45.52 1.48 431.669
car -1 -1 0.00 0.00 0.00 100.00 100.00 -1000 1.53 3.72 8.20 -1000 32.97 1.60 430.685
car -1 -1 0.00 0.00 0.00 100.00 100.00 -1000 1.82 4.74 -2.65 -1000 41.75 1.45 430.594
car -1 -1 0.00 0.00 0.00 100.00 100.00 -1000 1.52 3.65 5.70 -1000 29.25 1.57 430.246
car -1 -1 0.00 0.00 0.00 100.00 100.00 -1000 1.90 6.00 -4.37 -1000 28.84 1.57 428.566
car -1 -1 0.00 0.00 0.00 100.00 100.00 -1000 1.52 3.47 18.44 -1000 46.96 0.19 428.162
car -1 -1 0.00 0.00 0.00 100.00 100.00 -1000 1.97 5.58 -12.36 -1000 44.26 1.48 423.356
car -1 -1 0.00 0.00 0.00 100.00 100.00 -1000 1.77 4.50 -9.54 -1000 39.19 1.38 420.569
car -1 -1 0.00 0.00 0.00 100.00 100.00 -1000 1.18 3.30 8.83 -1000 31.66 0.40 420.421
car -1 -1 0.00 0.00 0.00 100.00 100.00 -1000 1.46 3.37 12.63 -1000 22.30 0.29 418.874
car -1 -1 0.00 0.00 0.00 100.00 100.00 -1000 1.51 3.68 19.16 -1000 27.01 1.61 418.670
car -1 -1 0.00 0.00 0.00 100.00 100.00 -1000 1.83 5.16 10.93 -1000 33.90 1.53 417.528
car -1 -1 0.00 0.00 0.00 100.00 100.00 -1000 1.90 6.09 -2.54 -1000 28.43 1.51 416.735
car -1 -1 0.00 0.00 0.00 100.00 100.00 -1000 1.89 4.42 -18.76 -1000 30.34 -0.22 416.574
car -1 -1 0.00 0.00 0.00 100.00 100.00 -1000 1.38 4.10 -15.62 -1000 19.78 0.36 412.764
car -1 -1 0.00 0.00 0.00 100.00 100.00 -1000 1.56 3.62 -18.88 -1000 44.96 1.51 411.299
car -1 -1 0.00 0.00 0.00 100.00 100.00 -1000 1.79 4.45 -6.54 -1000 26.63 1.65 410.246
car -1 -1 0.00 0.00 0.00 100.00 100.00 -1000 1.59 3.98 -17.74 -1000 25.98 1.50 409.071
car -1 -1 0.00 0.00 0.00 100.00 100.00 -1000 1.82 5.19 -18.62 -1000 41.43 1.43 405.806
car -1 -1 0.00 0.00 0.00 100.00 100.00 -1000 1.48 3.69 17.87 -1000 37.06 1.61 402.608
car -1 -1 0.00 0.00 0.00 100.00 100.00 -1000 1.82 7.24 -1.91 -1000 19.76 1.50 401.923
car -1 -1 0.00 0.00 0.00 100.00 100.00 -1000 1.64 3.77 -15.27 -1000 31.88 1.38 400.101
car -1 -1 0.00 0.00 0.00 100.00 100.00 -1000 2.77 8.05 -0.80 -1000 25.76 1.24 400.089
car -1 -1 0.00 0.00 0.00 100.00 100.00 -1000 1.88 5.05 -10.60 -1000 39.92 1.38 399.819
car -1 -1 0.00 0.00 0.00 100.00 100.00 -1000 1.78 4.57 -18.32 -1000 39.99 1.41 398.208
car -1 -1 0.00 0.00 0.00 100.00 100.00 -1000 1.53 3.39 -15.38 -1000 30.70 1.42 389.763
car -1 -1 0.00 0.00 0.00 100.00 100.00 -1000 1.88 5.45 -9.09 -1000 46.28 1.41 388.690
car -1 -1 0.00 0.00 0.00 100.00 100.00 -1000 1.62 5.30 -12.35 -1000 25.36 1.53 388.688
car -1 -1 0.00 0.00 0.00 100.00 100.00 -1000 4.23 3.29 -4.51 -1000 10.64 0.57 385.635
car -1 -1 0.00 0.00 0.00 100.00 100.00 -1000 1.43 3.27 4.11 -1000 31.51 1.54 382.307
car -1 -1 0.00 0.00 0.00 100.00 100.00 -1000 1.48 3.67 10.08 -1000 27.48 1.55 379.799
car -1 -1 0.00 0.00 0.00 100.00 100.00 -1000 2.04 6.17 -11.10 -1000 33.33 1.39 376.826
car -1 -1 0.00 0.00 0.00 100.00 100.00 -1000 1.66 4.09 -13.50 -1000 14.55 1.40 373.478
car -1 -1 0.00 0.00 0.00 100.00 100.00 -1000 1.57 4.33 9.58 -1000 36.91 1.54 371.281
car -1 -1 0.00 0.00 0.00 100.00 100.00 -1000 1.95 5.62 -10.04 -1000 45.45 1.41 371.093
car -1 -1 0.00 0.00 0.00 100.00 100.00 -1000 1.69 4.34 -16.67 -1000 20.95 1.41 368.961
car -1 -1 0.00 0.00 0.00 100.00 100.00 -1000 1.61 3.09 -14.74 -1000 39.31 1.32 368.945
car -1 -1 0.00 0.00 0.00 100.00 100.00 -1000 1.56 4.70 -8.26 -1000 17.77 1.57 367.380
car -1 -1 0.00 0.00 0.00 100.00 100.00 -1000 1.64 3.55 -15.70 -1000 33.08 1.43 366.426
car -1 -1 0.00 0.00 0.00 100.00 100.00 -1000 1.55 3.75 7.72 -1000 25.57 1.62 364.373
car -1 -1 0.00 0.00 0.00 100.00 100.00 -1000 1.59 4.21 9.54 -1000 28.81 1.59 363.063
car -1 -1 0.00 0.00 0.00 100.00 100.00 -1000 1.49 3.60 12.37 -1000 47.16 1.57 362.339
car -1 -1 0.00 0.00 0.00 100.00 100.00 -1000 1.75 4.86 -3.12 -1000 39.38 1.59 361.804
car -1 -1 0.00 0.00 0.00 100.00 100.00 -1000 2.40 8.96 -5.05 -1000 31.24 1.54 361.525
car -1 -1 0.00 0.00 0.00 100.00 100.00 -1000 1.47 3.22 -19.00 -1000 27.24 1.55 360.551
car -1 -1 0.00 0.00 0.00 100.00 100.00 -1000 1.54 3.75 10.01 -1000 44.96 1.50 359.147
car -1 -1 0.00 0.00 0.00 100.00 100.00 -1000 1.51 3.86 5.76 -1000 35.28 1.57 356.297
car -1 -1 0.00 0.00 0.00 100.00 100.00 -1000 1.56 3.87 16.92 -1000 35.40 1.53 355.784
car -1 -1 0.00 0.00 0.00 100.00 100.00 -1000 1.74 5.03 -7.95 -1000 21.60 1.50 354.793
car -1 -1 0.00 0.00 0.00 100.00 100.00 -1000 1.56 3.04 -6.44 -1000 38.29 1.52 353.091
car -1 -1 0.00 0.00 0.00 100.00 100.00 -1000 1.75 4.57 -5.15 -1000 27.44 1.53 351.860
car -1 -1 0.00 0.00 0.00 100.00 100.00 -1000 1.47 3.75 -14.00 -1000 34.40 1.50 349.934
car -1 -1 0.00 0.00 0.00 100.00 100.00 -1000 1.55 3.71 8.89 -1000 42.00 1.62 349.679
car -1 -1 0.00 0.00 0.00 100.00 100.00 -1000 1.54 3.68 4.92 -1000 44.12 1.43 343.641
car -1 -1 0.00 0.00 0.00 100.00 100.00 -1000 1.73 4.39 -4.92 -1000 45.60 1.58 341.218
car -1 -1 0.00 0.00 0.00 100.00 100.00 -1000 1.54 3.71 -17.77 -1000 34.07 1.53 337.836
car -1 -1 0.00 0.00 0.00 100.00 100.00 -1000 1.54 3.52 11.37 -1000 36.68 1.57 336.672
car -1 -1 0.00 0.00 0.00 100.00 100.00 -1000 1.46 3.45 -15.26 -1000 37.70 1.54 330.857
car -1 -1 0.00 0.00 0.00 100.00 100.00 -1000 1.54 3.36 11.28 -1000 35.16 1.62 330.104
car -1 -1 0.00 0.00 0.00 100.00 100.00 -1000 1.67 4.86 -9.54 -1000 16.81 1.58 329.931
car -1 -1 0.00 0.00 0.00 100.00 100.00 -1000 1.52 3.73 11.44 -1000 38.67 1.57 329.458
car -1 -1 0.00 0.00 0.00 100.00 100.00 -1000 1.37 3.02 14.49 -1000 22.23 1.54 326.049
car -1 -1 0.00 0.00 0.00 100.00 100.00 -1000 1.79 4.69 -11.59 -1000 45.11 1.44 325.767
car -1 -1 0.00 0.00 0.00 100.00 100.00 -1000 1.77 4.61 -13.21 -1000 39.10 1.48 323.016
car -1 -1 0.00 0.00 0.00 100.00 100.00 -1000 1.50 3.34 7.45 -1000 17.73 1.55 321.924
car -1 -1 0.00 0.00 0.00 100.00 100.00 -1000 1.79 5.16 -7.97 -1000 20.62 1.59 321.331
car -1 -1 0.00 0.00 0.00 100.00 100.00 -1000 1.58 3.81 13.03 -1000 18.01 1.54 320.571
car -1 -1 0.00 0.00 0.00 100.00 100.00 -1000 1.69 4.29 14.40 -1000 27.10 1.60 319.625
car -1 -1 0.00 0.00 0.00 100.00 100.00 -1000 4.10 10.82 -7.73 -1000 39.59 -0.17 319.427
car -1 -1 0.00 0.00 0.00 100.00 100.00 -1000 1.58 4.00 4.22 -1000 33.98 1.53 315.504
car -1 -1 0.00 0.00 0.00 100.00 100.00 -1000 1.45 6.54 -10.73 -1000 25.90 1.20 313.013
car -1 -1 0.00 0.00 0.00 100.00 100.00 -1000 2.03 6.87 -10.67 -1000 21.95 1.43 311.322
car -1 -1 0.00 0.00 0.00 100.00 100.00 -1000 1.54 3.62 17.56 -1000 22.21 0.01 309.681
car -1 -1 0.00 0.00 0.00 100.00 100.00 -1000 1.68 4.56 11.30 -1000 44.12 1.57 307.763
car -1 -1 0.00 0.00 0.00 100.00 100.00 -1000 1.75 4.78 14.96 -1000 28.86 1.40 306.844
car -1 -1 0.00 0.00 0.00 100.00 100.00 -1000 1.65 4.48 16.07 -1000 37.85 1.58 306.485
car -1 -1 0.00 0.00 0.00 100.00 100.00 -1000 1.52 3.74 10.82 -1000 47.63 1.42 306.236
car -1 -1 0.00 0.00 0.00 100.00 100.00 -1000 1.70 4.52 -12.45 -1000 13.53 1.60 304.843
car -1 -1 0.00 0.00 0.00 100.00 100.00 -1000 1.58 3.77 5.91 -1000 23.19 0.27 302.361
car -1 -1 0.00 0.00 0.00 100.00 100.00 -1000 1.59 3.75 6.12 -1000 36.92 0.04 302.096
car -1 -1 0.00 0.00 0.00 100.00 100.00 -1000 1.55 3.66 11.35 -1000 39.91 1.56 300.610
car -1 -1 0.00 0.00 0.00 100.00 100.00 -1000 1.76 5.02 8.71 -1000 32.14 1.52 299.396
car -1 -1 0.00 0.00 0.00 100.00 100.00 -1000 1.54 3.57 11.90 -1000 23.11 1.55 298.427
car -1 -1 0.00 0.00 0.00 100.00 100.00 -1000 1.39 3.14 10.63 -1000 45.93 0.18 297.896
car -1 -1 0.00 0.00 0.00 100.00 100.00 -1000 3.41 7.19 7.70 -1000 47.59 -0.04 297.165
car -1 -1 0.00 0.00 0.00 100.00 100.00 -1000 1.56 3.93 6.59 -1000 24.78 0.15 295.546
car -1 -1 0.00 0.00 0.00 100.00 100.00 -1000 1.68 4.80 -0.70 -1000 39.34 1.54 294.799
car -1 -1 0.00 0.00 0.00 100.00 100.00 -1000 1.51 3.63 16.47 -1000 36.82 0.20 292.738
car -1 -1 0.00 0.00 0.00 100.00 100.00 -1000 1.72 4.39 -11.49 -1000 38.69 1.35 290.590
car -1 -1 0.00 0.00 0.00 100.00 100.00 -1000 1.51 3.88 3.30 -1000 41.14 1.64 289.891
car -1 -1 0.00 0.00 0.00 100.00 100.00 -1000 1.68 4.48 6.88 -1000 36.19 1.55 288.356
car -1 -1 0.00 0.00 0.00 100.00 100.00 -1000 1.60 3.91 10.63 -1000 41.58 1.63 288.212
car -1 -1 0.00 0.00 0.00 100.00 100.00 -1000 1.90 5.48 10.13 -1000 30.83 1.48 287.428
car -1 -1 0.00 0.00 0.00 100.00 100.00 -1000 1.70 5.02 -8.41 -1000 11.30 1.56 287.325
car -1 -1 0.00 0.00 0.00 100.00 100.00 -1000 1.53 3.75 2.20 -1000 37.37 1.54 285.847
car -1 -1 0.00 0.00 0.00 100.00 100.00 -1000 1.65 4.46 17.73 -1000 28.83 1.40 284.900
car -1 -1 0.00 0.00 0.00 100.00 100.00 -1000 1.41 2.98 -19.02 -1000 29.59 1.56 283.200
car -1 -1 0.00 0.00 0.00 100.00 100.00 -1000 1.99 6.59 -15.96 -1000 35.35 1.47 282.468
car -1 -1 0.00 0.00 0.00 100.00 100.00 -1000 1.78 5.03 -3.30 -1000 27.73 1.43 280.574
car -1 -1 0.00 0.00 0.00 100.00 100.00 -1000 2.02 6.19 -11.02 -1000 47.02 1.40 278.419
car -1 -1 0.00 0.00 0.00 100.00 100.00 -1000 1.72 4.44 -13.08 -1000 26.97 1.51 275.481
car -1 -1 0.00 0.00 0.00 100.00 100.00 -1000 1.69 4.33 -13.94 -1000 20.18 1.62 272.952
car -1 -1 0.00 0.00 0.00 100.00 100.00 -1000 1.48 3.51 17.28 -1000 24.01 1.58 272.077
car -1 -1 0.00 0.00 0.00 100.00 100.00 -1000 1.55 3.26 -16.04 -1000 39.47 1.26 269.292
car -1 -1 0.00 0.00 0.00 100.00 100.00 -1000 1.51 3.62 3.58 -1000 39.22 1.47 268.361
car -1 -1 0.00 0.00 0.00 100.00 100.00 -1000 1.64 4.33 17.27 -1000 34.26 1.46 267.512
car -1 -1 0.00 0.00 0.00 100.00 100.00 -1000 1.92 5.32 7.61 -1000 34.69 1.59 267.274
car -1 -1 0.00 0.00 0.00 100.00 100.00 -1000 2.47 5.95 2.17 -1000 23.66 1.29 266.970
car -1 -1 0.00 0.00 0.00 100.00 100.00 -1000 1.61 4.58 18.81 -1000 44.99 1.50 265.210
car -1 -1 0.00 0.00 0.00 100.00 100.00 -1000 1.66 4.18 13.47 -1000 36.68 1.44 262.769
car -1 -1 0.00 0.00 0.00 100.00 100.00 -1000 1.53 3.58 12.42 -1000 46.02 1.52 262.695
car -1 -1 0.00 0.00 0.00 100.00 100.00 -1000 1.91 6.20 -3.47 -1000 26.19 1.56 262.531
car -1 -1 0.00 0.00 0.00 100.00 100.00 -1000 1.66 4.90 -10.30 -1000 16.04 1.56 262.080
car -1 -1 0.00 0.00 0.00 100.00 100.00 -1000 1.69 4.92 2.58 -1000 45.00 1.56 262.055
car -1 -1 0.00 0.00 0.00 100.00 100.00 -1000 1.42 3.33 1.89 -1000 40.50 0.14 261.583
car -1 -1 0.00 0.00 0.00 100.00 100.00 -1000 1.50 3.71 7.66 -1000 44.31 1.44 261.213
car -1 -1 0.00 0.00 0.00 100.00 100.00 -1000 1.65 4.12 -14.33 -1000 19.34 1.56 259.997
car -1 -1 0.00 0.00 0.00 100.00 100.00 -1000 1.75 5.85 -9.00 -1000 13.63 1.75 258.210
car -1 -1 0.00 0.00 0.00 100.00 100.00 -1000 1.74 4.51 -7.25 -1000 19.08 1.44 254.462
car -1 -1 0.00 0.00 0.00 100.00 100.00 -1000 1.38 3.34 13.99 -1000 37.74 0.32 252.206
car -1 -1 0.00 0.00 0.00 100.00 100.00 -1000 1.50 6.52 -2.71 -1000 18.58 1.36 251.613
car -1 -1 0.00 0.00 0.00 100.00 100.00 -1000 1.67 4.57 -18.63 -1000 39.07 1.38 251.416
car -1 -1 0.00 0.00 0.00 100.00 100.00 -1000 1.78 4.66 18.39 -1000 45.92 1.55 249.386
car -1 -1 0.00 0.00 0.00 100.00 100.00 -1000 1.67 3.97 7.36 -1000 40.78 1.60 249.206
car -1 -1 0.00 0.00 0.00 100.00 100.00 -1000 1.61 3.98 10.33 -1000 26.38 0.12 248.464
car -1 -1 0.00 0.00 0.00 100.00 100.00 -1000 1.61 4.12 10.25 -1000 38.29 1.53 247.877
car -1 -1 0.00 0.00 0.00 100.00 100.00 -1000 1.51 3.74 13.98 -1000 24.19 0.24 247.757
car -1 -1 0.00 0.00 0.00 100.00 100.00 -1000 1.53 3.93 8.21 -1000 37.44 1.58 246.951
