car -1 -1 0.00 0.00 0.00 100.00 100.00 -1000 1.79 4.54 -8.40 -1000 30.44 1.62 999.786
car -1 -1 0.00 0.00 0.00 100.00 100.00 -1000 1.74 4.38 -8.72 -1000 20.85 1.66 999.290
car -1 -1 0.00 0.00 0.00 100.00 100.00 -1000 1.73 4.30 -8.00 -1000 35.84 1.62 997.666
car -1 -1 0.00 0.00 0.00 100.00 100.00 -1000 1.73 4.17 -9.07 -1000 11.69 1.66 996.439
car -1 -1 0.00 0.00 0.00 100.00 100.00 -1000 1.76 4.31 -9.03 -1000 16.22 1.71 995.893
car -1 -1 0.00 0.00 0.00 100.00 100.00 -1000 1.75 4.32 -8.97 -1000 29.62 -0.26 993.859
car -1 -1 0.00 0.00 0.00 100.00 100.00 -1000 1.68 4.16 -9.50 -1000 10.94 -0.18 976.485
car -1 -1 0.00 0.00 0.00 100.00 100.00 -1000 2.17 6.52 -8.41 -1000 21.69 1.71 974.640
car -1 -1 0.00 0.00 0.00 100.00 100.00 -1000 1.74 4.22 -9.14 -1000 20.03 -0.26 969.418
car -1 -1 0.00 0.00 0.00 100.00 100.00 -1000 2.14 6.86 -8.46 -1000 31.34 1.65 967.087
car -1 -1 0.00 0.00 0.00 100.00 100.00 -1000 1.89 5.40 -9.16 -1000 17.05 1.68 942.074
car -1 -1 0.00 0.00 0.00 100.00 100.00 -1000 1.66 4.02 -9.76 -1000 15.51 -0.16 937.459
car -1 -1 0.00 0.00 0.00 100.00 100.00 -1000 1.66 4.08 -8.54 -1000 35.09 -0.13 936.108
car -1 -1 0.00 0.00 0.00 100.00 100.00 -1000 2.07 6.51 -7.93 -1000 36.54 1.74 929.078
car -1 -1 0.00 0.00 0.00 100.00 100.00 -1000 1.69 4.24 13.21 -1000 41.09 1.62 855.972
car -1 -1 0.00 0.00 0.00 100.00 100.00 -1000 1.67 4.36 -13.93 -1000 19.49 -0.30 802.766
car -1 -1 0.00 0.00 0.00 100.00 100.00 -1000 2.51 9.61 -8.07 -1000 32.34 1.65 794.876
car -1 -1 0.00 0.00 0.00 100.00 100.00 -1000 2.07 6.19 -8.71 -1000 12.40 1.81 788.975
car -1 -1 0.00 0.00 0.00 100.00 100.00 -1000 2.31 7.79 -8.67 -1000 22.60 1.71 652.640
car -1 -1 0.00 0.00 0.00 100.00 100.00 -1000 2.10 6.53 -8.86 -1000 34.41 1.73 612.902
car -1 -1 0.00 0.00 0.00 100.00 100.00 -1000 1.58 3.80 12.55 -1000 40.45 0.06 556.934
car -1 -1 0.00 0.00 0.00 100.00 100.00 -1000 2.50 9.31 -7.71 -1000 37.24 1.72 553.013
car -1 -1 0.00 0.00 0.00 100.00 100.00 -1000 3.27 15.69 -5.31 -1000 24.57 1.86 542.939
car -1 -1 0.00 0.00 0.00 100.00 100.00 -1000 2.51 10.19 -3.07 -1000 23.94 1.86 542.047
car -1 -1 0.00 0.00 0.00 100.00 100.00 -1000 2.93 12.22 -9.70 -1000 33.29 1.79 499.068
car -1 -1 0.00 0.00 0.00 100.00 100.00 -1000 2.72 7.72 -6.92 -1000 11.82 1.93 473.089
car -1 -1 0.00 0.00 0.00 100.00 100.00 -1000 1.79 4.83 -13.63 -1000 20.40 1.74 433.440
car -1 -1 0.00 0.00 0.00 100.00 100.00 -1000 2.14 7.30 -5.53 -1000 36.01 1.88 393.598
car -1 -1 0.00 0.00 0.00 100.00 100.00 -1000 3.07 13.37 -8.03 -1000 22.98 1.89 392.407
car -1 -1 0.00 0.00 0.00 100.00 100.00 -1000 2.07 6.61 -12.83 -1000 38.00 1.53 390.824
car -1 -1 0.00 0.00 0.00 100.00 100.00 -1000 1.60 4.25 -10.82 -1000 11.84 0.25 361.794
car -1 -1 0.00 0.00 0.00 100.00 100.00 -1000 1.80 5.06 -12.85 -1000 18.95 1.73 352.028
car -1 -1 0.00 0.00 0.00 100.00 100.00 -1000 2.13 6.86 -9.18 -1000 17.89 1.63 346.262
car -1 -1 0.00 0.00 0.00 100.00 100.00 -1000 1.74 5.26 3.84 -1000 43.57 1.56 337.780
car -1 -1 0.00 0.00 0.00 100.00 100.00 -1000 2.56 9.62 -6.23 -1000 34.26 1.82 335.291
car -1 -1 0.00 0.00 0.00 100.00 100.00 -1000 1.73 4.80 15.70 -1000 36.82 1.45 332.969
car -1 -1 0.00 0.00 0.00 100.00 100.00 -1000 2.59 12.29 -4.53 -1000 25.54 1.79 332.872
car -1 -1 0.00 0.00 0.00 100.00 100.00 -1000 2.45 10.55 -2.67 -1000 22.44 1.88 329.470
car -1 -1 0.00 0.00 0.00 100.00 100.00 -1000 2.81 12.86 -5.65 -1000 38.99 1.85 308.452
car -1 -1 0.00 0.00 0.00 100.00 100.00 -1000 2.50 8.69 -5.22 -1000 30.51 1.92 308.104
car -1 -1 0.00 0.00 0.00 100.00 100.00 -1000 1.64 3.86 -9.80 -1000 19.30 -0.34 308.036
car -1 -1 0.00 0.00 0.00 100.00 100.00 -1000 1.55 3.73 11.84 -1000 41.58 -0.14 297.149
car -1 -1 0.00 0.00 0.00 100.00 100.00 -1000 2.24 9.10 -5.82 -1000 33.12 1.71 292.923
car -1 -1 0.00 0.00 0.00 100.00 100.00 -1000 1.91 6.72 -3.00 -1000 32.99 1.69 277.069
car -1 -1 0.00 0.00 0.00 100.00 100.00 -1000 2.11 6.68 -11.60 -1000 31.35 1.69 266.733
car -1 -1 0.00 0.00 0.00 100.00 100.00 -1000 1.70 4.32 -9.02 -1000 22.57 -0.35 266.422
car -1 -1 0.00 0.00 0.00 100.00 100.00 -1000 1.62 4.38 -11.46 -1000 30.33 0.33 264.865
car -1 -1 0.00 0.00 0.00 100.00 100.00 -1000 2.22 8.02 -3.99 -1000 35.22 1.82 259.826
car -1 -1 0.00 0.00 0.00 100.00 100.00 -1000 2.56 9.70 -16.64 -1000 37.80 1.61 257.501
car -1 -1 0.00 0.00 0.00 100.00 100.00 -1000 2.46 8.34 -7.03 -1000 16.68 1.94 255.567
car -1 -1 0.00 0.00 0.00 100.00 100.00 -1000 1.63 4.26 -12.66 -1000 19.82 0.15 248.828
car -1 -1 0.00 0.00 0.00 100.00 100.00 -1000 1.96 6.32 9.46 -1000 45.11 1.49 247.523
car -1 -1 0.00 0.00 0.00 100.00 100.00 -1000 1.71 4.91 -9.76 -1000 36.23 0.36 246.327
car -1 -1 0.00 0.00 0.00 100.00 100.00 -1000 2.69 10.28 -9.75 -1000 23.94 1.63 237.854
car -1 -1 0.00 0.00 0.00 100.00 100.00 -1000 2.56 9.20 -6.56 -1000 20.78 1.99 235.567
car -1 -1 0.00 0.00 0.00 100.00 100.00 -1000 2.04 6.20 -11.81 -1000 20.65 1.71 235.284
car -1 -1 0.00 0.00 0.00 100.00 100.00 -1000 2.51 8.65 -8.62 -1000 13.15 1.74 227.775
car -1 -1 0.00 0.00 0.00 100.00 100.00 -1000 1.67 4.75 -10.90 -1000 19.94 0.20 227.066
car -1 -1 0.00 0.00 0.00 100.00 100.00 -1000 2.36 8.40 -10.15 -1000 37.68 1.69 225.245
car -1 -1 0.00 0.00 0.00 100.00 100.00 -1000 1.99 6.64 -12.97 -1000 39.38 1.47 224.271
car -1 -1 0.00 0.00 0.00 100.00 100.00 -1000 1.82 6.62 -2.81 -1000 30.50 1.70 223.803
car -1 -1 0.00 0.00 0.00 100.00 100.00 -1000 1.94 5.84 -13.72 -1000 29.40 1.66 218.879
car -1 -1 0.00 0.00 0.00 100.00 100.00 -1000 1.80 5.10 -7.95 -1000 28.97 1.75 211.289
car -1 -1 0.00 0.00 0.00 100.00 100.00 -1000 2.95 12.91 -6.54 -1000 21.88 1.89 209.115
car -1 -1 0.00 0.00 0.00 100.00 100.00 -1000 2.00 6.24 13.18 -1000 38.69 1.54 206.448
car -1 -1 0.00 0.00 0.00 100.00 100.00 -1000 3.04 12.64 -4.25 -1000 19.87 1.94 199.532
car -1 -1 0.00 0.00 0.00 100.00 100.00 -1000 1.76 5.38 3.47 -1000 34.38 1.61 196.008
car -1 -1 0.00 0.00 0.00 100.00 100.00 -1000 2.39 8.49 -8.00 -1000 38.41 1.51 194.421
car -1 -1 0.00 0.00 0.00 100.00 100.00 -1000 1.59 4.53 -10.87 -1000 16.25 0.48 192.674
car -1 -1 0.00 0.00 0.00 100.00 100.00 -1000 1.83 5.51 -8.56 -1000 10.09 1.85 184.236
car -1 -1 0.00 0.00 0.00 100.00 100.00 -1000 2.12 5.61 -7.49 -1000 10.96 1.86 183.443
car -1 -1 0.00 0.00 0.00 100.00 100.00 -1000 2.05 6.98 -14.88 -1000 34.94 1.52 169.391
car -1 -1 0.00 0.00 0.00 100.00 100.00 -1000 1.93 6.02 13.54 -1000 41.77 1.55 167.541
car -1 -1 0.00 0.00 0.00 100.00 100.00 -1000 2.37 7.54 -10.03 -1000 13.99 1.72 165.581
car -1 -1 0.00 0.00 0.00 100.00 100.00 -1000 2.03 6.32 11.68 -1000 42.13 1.67 165.221
car -1 -1 0.00 0.00 0.00 100.00 100.00 -1000 1.73 5.09 13.89 -1000 40.11 1.58 163.355
car -1 -1 0.00 0.00 0.00 100.00 100.00 -1000 1.90 5.41 -14.40 -1000 38.59 1.43 162.174
car -1 -1 0.00 0.00 0.00 100.00 100.00 -1000 1.71 4.23 -8.46 -1000 37.07 -0.33 153.528
car -1 -1 0.00 0.00 0.00 100.00 100.00 -1000 2.27 7.87 -4.13 -1000 29.46 1.89 151.965
car -1 -1 0.00 0.00 0.00 100.00 100.00 -1000 1.58 4.41 -10.39 -1000 12.93 0.57 149.550
car -1 -1 0.00 0.00 0.00 100.00 100.00 -1000 1.69 4.83 -11.56 -1000 29.31 0.23 147.474
car -1 -1 0.00 0.00 0.00 100.00 100.00 -1000 1.54 4.11 -13.83 -1000 18.43 0.11 142.523
car -1 -1 0.00 0.00 0.00 100.00 100.00 -1000 2.24 7.20 -10.21 -1000 15.14 1.69 142.036
car -1 -1 0.00 0.00 0.00 100.00 100.00 -1000 2.03 7.06 15.91 -1000 44.95 1.46 141.014
car -1 -1 0.00 0.00 0.00 100.00 100.00 -1000 2.25 7.47 -9.86 -1000 19.14 1.70 140.499
car -1 -1 0.00 0.00 0.00 100.00 100.00 -1000 2.26 9.25 -14.10 -1000 27.68 1.61 138.901
car -1 -1 0.00 0.00 0.00 100.00 100.00 -1000 2.32 8.05 -10.63 -1000 35.13 1.73 135.580
car -1 -1 0.00 0.00 0.00 100.00 100.00 -1000 1.78 5.12 16.19 -1000 19.81 1.60 135.197
car -1 -1 0.00 0.00 0.00 100.00 100.00 -1000 2.02 6.75 12.42 -1000 43.31 1.69 134.335
car -1 -1 0.00 0.00 0.00 100.00 100.00 -1000 1.58 3.78 14.51 -1000 37.35 0.20 133.271
car -1 -1 0.00 0.00 0.00 100.00 100.00 -1000 2.11 7.08 -13.28 -1000 36.91 1.64 131.375
car -1 -1 0.00 0.00 0.00 100.00 100.00 -1000 2.23 8.33 -2.53 -1000 34.01 1.70 130.418
car -1 -1 0.00 0.00 0.00 100.00 100.00 -1000 2.15 8.41 -2.90 -1000 31.38 1.80 130.333
car -1 -1 0.00 0.00 0.00 100.00 100.00 -1000 1.80 5.79 0.40 -1000 45.50 1.52 126.396
car -1 -1 0.00 0.00 0.00 100.00 100.00 -1000 2.03 7.02 3.26 -1000 44.89 1.46 126.154
car -1 -1 0.00 0.00 0.00 100.00 100.00 -1000 2.12 7.77 15.70 -1000 43.82 1.46 123.704
car -1 -1 0.00 0.00 0.00 100.00 100.00 -1000 1.66 4.48 -10.83 -1000 21.24 0.33 123.582
car -1 -1 0.00 0.00 0.00 100.00 100.00 -1000 1.97 6.14 -1.94 -1000 44.85 1.59 118.949
car -1 -1 0.00 0.00 0.00 100.00 100.00 -1000 2.62 11.27 -4.44 -1000 37.53 1.78 117.585
car -1 -1 0.00 0.00 0.00 100.00 100.00 -1000 2.04 7.23 15.37 -1000 42.52 1.48 117.286
car -1 -1 0.00 0.00 0.00 100.00 100.00 -1000 1.78 5.00 -12.88 -1000 28.67 -0.06 117.048
car -1 -1 0.00 0.00 0.00 100.00 100.00 -1000 2.09 7.07 -13.22 -1000 30.65 1.62 111.081
car -1 -1 0.00 0.00 0.00 100.00 100.00 -1000 2.20 7.01 -6.46 -1000 35.02 1.89 111.037
car -1 -1 0.00 0.00 0.00 100.00 100.00 -1000 2.82 11.96 -8.25 -1000 18.15 1.77 110.522
car -1 -1 0.00 0.00 0.00 100.00 100.00 -1000 1.88 5.73 -14.50 -1000 33.88 1.57 109.848
car -1 -1 0.00 0.00 0.00 100.00 100.00 -1000 1.94 6.47 6.56 -1000 39.93 1.54 106.482
car -1 -1 0.00 0.00 0.00 100.00 100.00 -1000 2.43 9.87 -16.35 -1000 38.97 1.59 106.379
car -1 -1 0.00 0.00 0.00 100.00 100.00 -1000 1.81 5.39 12.36 -1000 39.60 1.67 104.655
car -1 -1 0.00 0.00 0.00 100.00 100.00 -1000 2.83 9.38 -5.53 -1000 15.80 1.97 104.265
car -1 -1 0.00 0.00 0.00 100.00 100.00 -1000 1.85 5.65 6.62 -1000 45.02 1.68 103.110
car -1 -1 0.00 0.00 0.00 100.00 100.00 -1000 2.40 8.54 -12.54 -1000 32.91 1.68 101.811
car -1 -1 0.00 0.00 0.00 100.00 100.00 -1000 1.57 4.41 -15.35 -1000 19.93 0.30 100.520
car -1 -1 0.00 0.00 0.00 100.00 100.00 -1000 2.72 13.49 -10.52 -1000 43.35 1.48 98.855
car -1 -1 0.00 0.00 0.00 100.00 100.00 -1000 1.85 5.52 14.87 -1000 40.82 1.65 97.629
car -1 -1 0.00 0.00 0.00 100.00 100.00 -1000 1.71 4.71 -17.10 -1000 22.38 -0.04 97.408
car -1 -1 0.00 0.00 0.00 100.00 100.00 -1000 2.09 7.85 -4.29 -1000 40.10 1.69 96.625
car -1 -1 0.00 0.00 0.00 100.00 100.00 -1000 1.65 4.24 -9.42 -1000 31.92 0.31 94.513
car -1 -1 0.00 0.00 0.00 100.00 100.00 -1000 1.74 5.26 2.33 -1000 33.84 1.58 94.315
car -1 -1 0.00 0.00 0.00 100.00 100.00 -1000 2.17 7.45 -11.94 -1000 18.14 1.60 94.055
car -1 -1 0.00 0.00 0.00 100.00 100.00 -1000 2.01 7.07 -14.17 -1000 26.51 1.60 93.533
car -1 -1 0.00 0.00 0.00 100.00 100.00 -1000 1.98 6.39 -14.51 -1000 21.22 1.57 93.006
car -1 -1 0.00 0.00 0.00 100.00 100.00 -1000 1.80 5.72 14.30 -1000 36.34 1.52 92.517
car -1 -1 0.00 0.00 0.00 100.00 100.00 -1000 2.02 7.16 15.78 -1000 37.68 1.44 92.351
car -1 -1 0.00 0.00 0.00 100.00 100.00 -1000 1.90 6.00 -14.21 -1000 40.73 1.53 91.637
car -1 -1 0.00 0.00 0.00 100.00 100.00 -1000 2.36 8.50 -12.05 -1000 14.50 1.60 91.037
car -1 -1 0.00 0.00 0.00 100.00 100.00 -1000 1.78 5.19 -16.85 -1000 34.68 1.53 89.925
car -1 -1 0.00 0.00 0.00 100.00 100.00 -1000 2.15 8.08 -13.20 -1000 25.19 1.65 89.873
car -1 -1 0.00 0.00 0.00 100.00 100.00 -1000 2.08 7.42 16.14 -1000 32.08 1.44 89.604
car -1 -1 0.00 0.00 0.00 100.00 100.00 -1000 2.31 8.18 -11.33 -1000 38.83 1.66 87.815
car -1 -1 0.00 0.00 0.00 100.00 100.00 -1000 2.09 7.90 -3.55 -1000 36.77 1.65 86.860
car -1 -1 0.00 0.00 0.00 100.00 100.00 -1000 2.09 7.11 13.12 -1000 44.97 1.55 83.696
car -1 -1 0.00 0.00 0.00 100.00 100.00 -1000 2.16 8.28 -15.57 -1000 23.67 1.53 83.574
car -1 -1 0.00 0.00 0.00 100.00 100.00 -1000 2.18 8.20 9.65 -1000 44.36 1.50 82.036
car -1 -1 0.00 0.00 0.00 100.00 100.00 -1000 1.61 4.73 -16.44 -1000 33.31 0.05 81.864
car -1 -1 0.00 0.00 0.00 100.00 100.00 -1000 1.68 4.19 -18.13 -1000 22.95 0.17 81.079
car -1 -1 0.00 0.00 0.00 100.00 100.00 -1000 1.86 6.72 -2.38 -1000 36.04 1.57 79.940
car -1 -1 0.00 0.00 0.00 100.00 100.00 -1000 1.93 5.56 -11.56 -1000 11.09 0.12 77.764
car -1 -1 0.00 0.00 0.00 100.00 100.00 -1000 1.71 4.47 -14.07 -1000 30.12 -0.24 75.997
car -1 -1 0.00 0.00 0.00 100.00 100.00 -1000 2.14 7.51 -11.92 -1000 35.87 1.71 74.360
car -1 -1 0.00 0.00 0.00 100.00 100.00 -1000 2.17 8.60 15.97 -1000 46.20 1.47 73.707
car -1 -1 0.00 0.00 0.00 100.00 100.00 -1000 2.05 6.86 16.06 -1000 35.92 1.52 70.194
car -1 -1 0.00 0.00 0.00 100.00 100.00 -1000 2.34 8.38 -11.63 -1000 23.25 1.62 70.014
car -1 -1 0.00 0.00 0.00 100.00 100.00 -1000 2.00 6.73 15.27 -1000 39.51 1.53 69.531
car -1 -1 0.00 0.00 0.00 100.00 100.00 -1000 1.95 7.80 -0.27 -1000 36.93 1.57 69.352
car -1 -1 0.00 0.00 0.00 100.00 100.00 -1000 2.14 8.28 9.33 -1000 45.87 1.52 69.343
car -1 -1 0.00 0.00 0.00 100.00 100.00 -1000 1.55 3.47 12.96 -1000 44.56 -0.08 69.004
car -1 -1 0.00 0.00 0.00 100.00 100.00 -1000 2.55 9.53 -11.19 -1000 21.71 1.61 67.691
car -1 -1 0.00 0.00 0.00 100.00 100.00 -1000 2.25 8.90 15.55 -1000 41.37 1.51 67.573
car -1 -1 0.00 0.00 0.00 100.00 100.00 -1000 2.21 8.12 -15.13 -1000 36.12 1.56 65.656
car -1 -1 0.00 0.00 0.00 100.00 100.00 -1000 2.01 7.41 16.42 -1000 28.02 1.46 65.227
car -1 -1 0.00 0.00 0.00 100.00 100.00 -1000 2.00 7.44 -15.72 -1000 24.75 1.50 64.084
car -1 -1 0.00 0.00 0.00 100.00 100.00 -1000 1.80 5.24 -16.41 -1000 23.11 1.58 63.521
car -1 -1 0.00 0.00 0.00 100.00 100.00 -1000 2.03 7.22 10.49 -1000 16.56 1.51 62.879
car -1 -1 0.00 0.00 0.00 100.00 100.00 -1000 2.11 7.31 -11.88 -1000 13.50 1.61 59.770
car -1 -1 0.00 0.00 0.00 100.00 100.00 -1000 2.39 8.39 -7.94 -1000 14.65 1.76 59.633
car -1 -1 0.00 0.00 0.00 100.00 100.00 -1000 3.27 12.98 -4.25 -1000 18.33 1.95 58.255
car -1 -1 0.00 0.00 0.00 100.00 100.00 -1000 2.16 8.17 12.98 -1000 46.35 1.46 58.224
car -1 -1 0.00 0.00 0.00 100.00 100.00 -1000 2.01 7.23 3.38 -1000 42.04 1.75 56.296
car -1 -1 0.00 0.00 0.00 100.00 100.00 -1000 1.50 3.36 7.24 -1000 45.45 -0.20 56.154
car -1 -1 0.00 0.00 0.00 100.00 100.00 -1000 2.82 12.24 -9.77 -1000 39.71 1.63 55.897
car -1 -1 0.00 0.00 0.00 100.00 100.00 -1000 2.53 11.72 -3.66 -1000 32.20 1.72 55.385
car -1 -1 0.00 0.00 0.00 100.00 100.00 -1000 1.73 4.79 -13.57 -1000 12.52 0.26 55.357
car -1 -1 0.00 0.00 0.00 100.00 100.00 -1000 1.59 3.58 12.60 -1000 43.68 -0.47 55.331
car -1 -1 0.00 0.00 0.00 100.00 100.00 -1000 1.85 6.79 9.04 -1000 38.53 1.45 55.067
car -1 -1 0.00 0.00 0.00 100.00 100.00 -1000 2.87 8.11 -5.53 -1000 10.49 1.94 54.465
car -1 -1 0.00 0.00 0.00 100.00 100.00 -1000 2.16 8.32 15.72 -1000 30.55 1.47 54.269
car -1 -1 0.00 0.00 0.00 100.00 100.00 -1000 1.86 6.41 2.45 -1000 44.10 1.53 53.961
car -1 -1 0.00 0.00 0.00 100.00 100.00 -1000 1.63 4.80 -15.16 -1000 25.90 -0.13 53.764
car -1 -1 0.00 0.00 0.00 100.00 100.00 -1000 2.43 9.91 -8.94 -1000 41.04 1.65 53.695
car -1 -1 0.00 0.00 0.00 100.00 100.00 -1000 1.60 4.06 -15.35 -1000 39.87 0.30 53.537
car -1 -1 0.00 0.00 0.00 100.00 100.00 -1000 1.80 5.88 3.53 -1000 32.90 1.66 53.346
car -1 -1 0.00 0.00 0.00 100.00 100.00 -1000 2.35 8.44 -6.34 -1000 28.54 1.82 51.912
car -1 -1 0.00 0.00 0.00 100.00 100.00 -1000 1.49 3.83 11.33 -1000 40.76 0.14 51.903
car -1 -1 0.00 0.00 0.00 100.00 100.00 -1000 2.16 7.97 -13.46 -1000 41.50 1.56 51.052
car -1 -1 0.00 0.00 0.00 100.00 100.00 -1000 1.76 4.69 -12.80 -1000 11.82 0.27 50.729
