car -1 -1 0.00 0.00 0.00 100.00 100.00 -1000 1.72 3.93 16.50 -1000 23.71 1.62 999.052
car -1 -1 0.00 0.00 0.00 100.00 100.00 -1000 1.74 4.13 1.23 -1000 37.11 1.75 998.825
car -1 -1 0.00 0.00 0.00 100.00 100.00 -1000 1.72 4.33 13.94 -1000 24.26 1.63 996.975
car -1 -1 0.00 0.00 0.00 100.00 100.00 -1000 1.87 5.21 17.82 -1000 24.29 1.79 996.963
car -1 -1 0.00 0.00 0.00 100.00 100.00 -1000 1.76 4.19 17.63 -1000 23.27 -0.24 993.234
car -1 -1 0.00 0.00 0.00 100.00 100.00 -1000 1.67 4.19 0.62 -1000 36.35 0.06 990.718
car -1 -1 0.00 0.00 0.00 100.00 100.00 -1000 1.85 4.96 5.19 -1000 39.44 1.65 989.368
car -1 -1 0.00 0.00 0.00 100.00 100.00 -1000 1.65 4.11 7.26 -1000 33.23 -0.65 981.734
car -1 -1 0.00 0.00 0.00 100.00 100.00 -1000 1.95 5.62 15.30 -1000 24.81 1.68 978.177
car -1 -1 0.00 0.00 0.00 100.00 100.00 -1000 1.71 4.04 16.08 -1000 22.89 -0.11 961.481
car -1 -1 0.00 0.00 0.00 100.00 100.00 -1000 1.69 4.28 8.40 -1000 33.70 -0.47 953.349
car -1 -1 0.00 0.00 0.00 100.00 100.00 -1000 1.96 5.91 2.20 -1000 37.72 1.76 950.018
car -1 -1 0.00 0.00 0.00 100.00 100.00 -1000 1.52 3.56 4.15 -1000 47.00 1.52 937.764
car -1 -1 0.00 0.00 0.00 100.00 100.00 -1000 1.62 3.99 14.23 -1000 23.22 -0.01 934.069
car -1 -1 0.00 0.00 0.00 100.00 100.00 -1000 1.64 4.22 -2.87 -1000 13.74 1.63 904.919
car -1 -1 0.00 0.00 0.00 100.00 100.00 -1000 2.09 6.73 17.62 -1000 25.06 1.65 896.877
car -1 -1 0.00 0.00 0.00 100.00 100.00 -1000 1.58 3.76 8.57 -1000 26.70 1.69 880.339
car -1 -1 0.00 0.00 0.00 100.00 100.00 -1000 2.49 9.16 4.41 -1000 39.45 1.82 857.719
car -1 -1 0.00 0.00 0.00 100.00 100.00 -1000 1.53 3.73 6.20 -1000 32.84 0.12 853.203
car -1 -1 0.00 0.00 0.00 100.00 100.00 -1000 2.05 6.52 5.22 -1000 40.37 1.66 821.409
car -1 -1 0.00 0.00 0.00 100.00 100.00 -1000 1.60 4.00 18.42 -1000 37.62 -0.25 808.157
car -1 -1 0.00 0.00 0.00 100.00 100.00 -1000 1.70 4.31 -3.68 -1000 40.22 1.81 780.819
car -1 -1 0.00 0.00 0.00 100.00 100.00 -1000 1.61 4.14 16.36 -1000 37.34 -0.12 753.136
car -1 -1 0.00 0.00 0.00 100.00 100.00 -1000 2.28 7.45 15.10 -1000 25.55 1.65 743.724
car -1 -1 0.00 0.00 0.00 100.00 100.00 -1000 2.71 10.16 1.54 -1000 38.44 1.74 737.200
car -1 -1 0.00 0.00 0.00 100.00 100.00 -1000 1.52 3.48 -4.81 -1000 46.94 1.63 736.989
car -1 -1 0.00 0.00 0.00 100.00 100.00 -1000 1.57 3.77 -2.65 -1000 47.73 1.60 732.457
car -1 -1 0.00 0.00 0.00 100.00 100.00 -1000 2.40 9.19 -0.41 -1000 39.37 1.72 713.064
car -1 -1 0.00 0.00 0.00 100.00 100.00 -1000 1.54 3.88 5.38 -1000 38.56 -0.19 706.102
car -1 -1 0.00 0.00 0.00 100.00 100.00 -1000 1.64 4.20 18.06 -1000 38.41 1.71 679.358
car -1 -1 0.00 0.00 0.00 100.00 100.00 -1000 1.50 3.42 3.61 -1000 46.27 -0.02 672.069
car -1 -1 0.00 0.00 0.00 100.00 100.00 -1000 1.82 5.09 7.10 -1000 34.09 1.66 661.386
car -1 -1 0.00 0.00 0.00 100.00 100.00 -1000 1.75 5.30 19.30 -1000 23.04 1.94 637.098
car -1 -1 0.00 0.00 0.00 100.00 100.00 -1000 1.62 3.85 -1.80 -1000 36.22 -0.04 606.610
car -1 -1 0.00 0.00 0.00 100.00 100.00 -1000 1.91 5.53 7.49 -1000 40.13 1.72 580.107
car -1 -1 0.00 0.00 0.00 100.00 100.00 -1000 1.43 3.08 2.81 -1000 47.26 0.13 578.254
car -1 -1 0.00 0.00 0.00 100.00 100.00 -1000 1.82 5.09 8.85 -1000 34.59 1.55 563.356
car -1 -1 0.00 0.00 0.00 100.00 100.00 -1000 1.70 4.67 1.12 -1000 28.26 1.70 555.733
car -1 -1 0.00 0.00 0.00 100.00 100.00 -1000 2.35 8.44 14.53 -1000 26.66 1.64 551.675
car -1 -1 0.00 0.00 0.00 100.00 100.00 -1000 1.70 4.45 9.06 -1000 22.72 1.75 493.454
car -1 -1 0.00 0.00 0.00 100.00 100.00 -1000 2.56 9.79 17.67 -1000 25.85 1.67 474.571
car -1 -1 0.00 0.00 0.00 100.00 100.00 -1000 1.70 4.57 11.95 -1000 37.24 -0.09 458.703
car -1 -1 0.00 0.00 0.00 100.00 100.00 -1000 1.65 4.58 -1.03 -1000 11.08 -0.35 453.900
car -1 -1 0.00 0.00 0.00 100.00 100.00 -1000 1.77 5.07 10.34 -1000 26.98 1.68 453.179
car -1 -1 0.00 0.00 0.00 100.00 100.00 -1000 1.85 5.25 16.32 -1000 38.61 1.59 451.878
car -1 -1 0.00 0.00 0.00 100.00 100.00 -1000 1.82 5.32 8.47 -1000 27.62 1.68 441.190
car -1 -1 0.00 0.00 0.00 100.00 100.00 -1000 1.70 4.58 14.56 -1000 37.32 0.10 426.064
car -1 -1 0.00 0.00 0.00 100.00 100.00 -1000 2.09 6.66 -1.44 -1000 40.15 1.76 424.548
car -1 -1 0.00 0.00 0.00 100.00 100.00 -1000 1.72 4.71 10.98 -1000 38.51 1.56 420.635
car -1 -1 0.00 0.00 0.00 100.00 100.00 -1000 1.60 4.18 0.04 -1000 22.48 1.63 417.367
car -1 -1 0.00 0.00 0.00 100.00 100.00 -1000 1.52 3.97 6.74 -1000 32.11 -0.01 413.995
car -1 -1 0.00 0.00 0.00 100.00 100.00 -1000 1.61 3.56 -3.33 -1000 47.11 0.08 398.220
car -1 -1 0.00 0.00 0.00 100.00 100.00 -1000 2.07 6.93 2.58 -1000 40.16 1.75 392.387
car -1 -1 0.00 0.00 0.00 100.00 100.00 -1000 1.53 3.57 1.49 -1000 35.34 1.70 370.921
car -1 -1 0.00 0.00 0.00 100.00 100.00 -1000 2.18 7.35 15.27 -1000 40.90 1.68 358.315
car -1 -1 0.00 0.00 0.00 100.00 100.00 -1000 2.33 8.02 8.19 -1000 40.81 1.61 348.441
car -1 -1 0.00 0.00 0.00 100.00 100.00 -1000 2.05 6.32 4.25 -1000 41.45 1.57 337.847
car -1 -1 0.00 0.00 0.00 100.00 100.00 -1000 1.64 4.17 6.44 -1000 39.00 1.71 323.941
car -1 -1 0.00 0.00 0.00 100.00 100.00 -1000 1.83 5.43 -9.76 -1000 44.80 1.58 315.615
car -1 -1 0.00 0.00 0.00 100.00 100.00 -1000 1.69 4.19 -1.03 -1000 37.04 1.72 311.817
car -1 -1 0.00 0.00 0.00 100.00 100.00 -1000 1.95 6.26 -10.10 -1000 43.90 1.58 306.562
car -1 -1 0.00 0.00 0.00 100.00 100.00 -1000 2.00 6.61 5.34 -1000 37.53 1.63 305.899
car -1 -1 0.00 0.00 0.00 100.00 100.00 -1000 1.61 4.12 8.43 -1000 37.36 0.01 293.894
car -1 -1 0.00 0.00 0.00 100.00 100.00 -1000 3.34 15.67 16.36 -1000 27.02 1.68 289.838
car -1 -1 0.00 0.00 0.00 100.00 100.00 -1000 2.23 7.85 8.56 -1000 35.11 1.62 289.465
car -1 -1 0.00 0.00 0.00 100.00 100.00 -1000 1.84 5.16 -8.88 -1000 45.48 1.59 287.045
car -1 -1 0.00 0.00 0.00 100.00 100.00 -1000 1.62 3.97 -5.62 -1000 46.34 -0.03 281.796
car -1 -1 0.00 0.00 0.00 100.00 100.00 -1000 1.64 4.41 -16.36 -1000 41.86 1.72 277.922
car -1 -1 0.00 0.00 0.00 100.00 100.00 -1000 1.88 5.57 10.10 -1000 39.35 1.75 275.133
car -1 -1 0.00 0.00 0.00 100.00 100.00 -1000 2.88 15.00 17.11 -1000 42.53 1.59 269.280
car -1 -1 0.00 0.00 0.00 100.00 100.00 -1000 1.63 4.35 -2.41 -1000 12.68 1.67 246.968
car -1 -1 0.00 0.00 0.00 100.00 100.00 -1000 1.70 4.93 -16.46 -1000 20.29 1.51 246.498
car -1 -1 0.00 0.00 0.00 100.00 100.00 -1000 1.81 5.20 11.52 -1000 24.71 1.67 240.749
car -1 -1 0.00 0.00 0.00 100.00 100.00 -1000 1.83 5.43 2.83 -1000 36.64 1.84 238.558
car -1 -1 0.00 0.00 0.00 100.00 100.00 -1000 1.58 3.84 0.33 -1000 27.41 -0.02 235.689
car -1 -1 0.00 0.00 0.00 100.00 100.00 -1000 1.79 5.00 0.07 -1000 23.83 1.59 226.466
car -1 -1 0.00 0.00 0.00 100.00 100.00 -1000 1.77 4.70 10.08 -1000 24.00 1.73 224.629
car -1 -1 0.00 0.00 0.00 100.00 100.00 -1000 1.82 5.01 6.65 -1000 38.06 1.64 224.268
car -1 -1 0.00 0.00 0.00 100.00 100.00 -1000 1.76 4.94 9.99 -1000 37.55 1.57 219.845
car -1 -1 0.00 0.00 0.00 100.00 100.00 -1000 1.70 5.13 5.53 -1000 42.21 0.01 219.610
car -1 -1 0.00 0.00 0.00 100.00 100.00 -1000 1.87 5.68 14.32 -1000 38.49 1.65 216.878
car -1 -1 0.00 0.00 0.00 100.00 100.00 -1000 1.98 6.14 3.44 -1000 42.22 1.61 212.040
car -1 -1 0.00 0.00 0.00 100.00 100.00 -1000 2.10 7.22 13.30 -1000 41.33 1.63 208.365
car -1 -1 0.00 0.00 0.00 100.00 100.00 -1000 1.94 6.07 4.02 -1000 35.96 1.78 201.917
car -1 -1 0.00 0.00 0.00 100.00 100.00 -1000 1.62 4.59 6.94 -1000 27.17 1.65 198.675
car -1 -1 0.00 0.00 0.00 100.00 100.00 -1000 1.95 5.69 2.49 -1000 41.11 1.66 193.019
car -1 -1 0.00 0.00 0.00 100.00 100.00 -1000 2.05 8.34 -18.01 -1000 30.36 1.44 187.836
car -1 -1 0.00 0.00 0.00 100.00 100.00 -1000 2.04 6.58 4.61 -1000 34.98 1.66 185.814
car -1 -1 0.00 0.00 0.00 100.00 100.00 -1000 1.56 4.05 9.15 -1000 21.74 1.70 179.353
car -1 -1 0.00 0.00 0.00 100.00 100.00 -1000 1.66 4.66 -2.27 -1000 46.69 1.80 178.589
car -1 -1 0.00 0.00 0.00 100.00 100.00 -1000 1.93 5.94 6.64 -1000 43.06 1.66 178.488
car -1 -1 0.00 0.00 0.00 100.00 100.00 -1000 1.89 5.59 -2.95 -1000 41.03 1.61 178.069
car -1 -1 0.00 0.00 0.00 100.00 100.00 -1000 1.61 4.07 -5.15 -1000 39.90 -0.10 177.348
car -1 -1 0.00 0.00 0.00 100.00 100.00 -1000 1.80 5.41 -0.11 -1000 11.76 1.56 173.307
car -1 -1 0.00 0.00 0.00 100.00 100.00 -1000 1.59 4.18 -17.78 -1000 41.42 0.12 172.089
car -1 -1 0.00 0.00 0.00 100.00 100.00 -1000 2.06 6.78 -3.11 -1000 39.11 1.80 168.784
car -1 -1 0.00 0.00 0.00 100.00 100.00 -1000 1.61 4.41 13.08 -1000 36.79 -0.16 168.731
car -1 -1 0.00 0.00 0.00 100.00 100.00 -1000 2.39 9.56 6.73 -1000 35.77 1.74 167.588
car -1 -1 0.00 0.00 0.00 100.00 100.00 -1000 2.08 7.53 8.71 -1000 36.62 1.64 166.822
car -1 -1 0.00 0.00 0.00 100.00 100.00 -1000 3.03 13.33 17.17 -1000 41.25 1.70 166.651
car -1 -1 0.00 0.00 0.00 100.00 100.00 -1000 1.92 5.81 12.33 -1000 38.06 1.64 165.073
car -1 -1 0.00 0.00 0.00 100.00 100.00 -1000 1.79 5.59 7.59 -1000 31.50 1.51 164.165
car -1 -1 0.00 0.00 0.00 100.00 100.00 -1000 1.71 4.83 -17.06 -1000 21.46 1.51 160.560
car -1 -1 0.00 0.00 0.00 100.00 100.00 -1000 1.90 5.87 -3.23 -1000 14.66 1.49 158.762
car -1 -1 0.00 0.00 0.00 100.00 100.00 -1000 2.03 6.41 -0.66 -1000 41.03 1.61 158.373
car -1 -1 0.00 0.00 0.00 100.00 100.00 -1000 1.98 5.84 13.97 -1000 40.14 1.55 157.508
car -1 -1 0.00 0.00 0.00 100.00 100.00 -1000 2.21 7.32 16.52 -1000 40.18 1.66 156.933
car -1 -1 0.00 0.00 0.00 100.00 100.00 -1000 1.91 5.64 11.27 -1000 23.42 1.79 154.696
car -1 -1 0.00 0.00 0.00 100.00 100.00 -1000 1.72 5.26 -0.26 -1000 28.66 1.59 152.626
car -1 -1 0.00 0.00 0.00 100.00 100.00 -1000 1.71 4.98 -15.50 -1000 41.18 1.53 151.676
car -1 -1 0.00 0.00 0.00 100.00 100.00 -1000 2.14 7.66 -15.26 -1000 43.77 1.77 150.330
car -1 -1 0.00 0.00 0.00 100.00 100.00 -1000 1.68 4.76 -15.31 -1000 19.22 1.54 148.929
car -1 -1 0.00 0.00 0.00 100.00 100.00 -1000 2.03 6.99 6.06 -1000 44.20 1.54 146.958
car -1 -1 0.00 0.00 0.00 100.00 100.00 -1000 2.03 6.22 15.64 -1000 39.40 1.58 145.529
car -1 -1 0.00 0.00 0.00 100.00 100.00 -1000 1.79 5.55 -14.96 -1000 42.29 1.54 143.806
car -1 -1 0.00 0.00 0.00 100.00 100.00 -1000 2.03 6.35 9.82 -1000 40.21 1.68 135.931
car -1 -1 0.00 0.00 0.00 100.00 100.00 -1000 1.69 4.86 4.35 -1000 45.71 1.79 130.938
car -1 -1 0.00 0.00 0.00 100.00 100.00 -1000 1.85 5.92 2.72 -1000 28.73 1.70 130.612
car -1 -1 0.00 0.00 0.00 100.00 100.00 -1000 1.75 5.15 17.19 -1000 22.08 1.72 129.692
car -1 -1 0.00 0.00 0.00 100.00 100.00 -1000 1.88 5.76 -16.44 -1000 43.01 1.52 128.635
car -1 -1 0.00 0.00 0.00 100.00 100.00 -1000 1.62 4.25 7.58 -1000 25.84 -0.07 126.984
car -1 -1 0.00 0.00 0.00 100.00 100.00 -1000 1.56 4.03 1.32 -1000 47.45 0.18 125.191
car -1 -1 0.00 0.00 0.00 100.00 100.00 -1000 2.14 7.22 18.61 -1000 39.29 1.58 124.653
car -1 -1 0.00 0.00 0.00 100.00 100.00 -1000 1.76 5.20 -7.04 -1000 46.02 1.57 123.330
car -1 -1 0.00 0.00 0.00 100.00 100.00 -1000 2.11 7.53 12.86 -1000 25.86 1.71 121.742
car -1 -1 0.00 0.00 0.00 100.00 100.00 -1000 2.27 7.96 8.51 -1000 42.09 1.61 121.621
car -1 -1 0.00 0.00 0.00 100.00 100.00 -1000 1.63 4.89 -0.16 -1000 35.75 1.59 118.613
car -1 -1 0.00 0.00 0.00 100.00 100.00 -1000 1.98 6.60 9.39 -1000 32.30 1.68 117.899
car -1 -1 0.00 0.00 0.00 100.00 100.00 -1000 1.91 5.55 7.92 -1000 38.59 1.73 116.484
car -1 -1 0.00 0.00 0.00 100.00 100.00 -1000 2.09 7.46 -13.86 -1000 40.57 1.77 115.039
car -1 -1 0.00 0.00 0.00 100.00 100.00 -1000 1.81 5.58 1.37 -1000 26.82 1.75 113.560
car -1 -1 0.00 0.00 0.00 100.00 100.00 -1000 2.04 6.65 8.53 -1000 9.63 1.71 110.006
car -1 -1 0.00 0.00 0.00 100.00 100.00 -1000 2.29 9.31 11.88 -1000 27.67 1.71 109.812
car -1 -1 0.00 0.00 0.00 100.00 100.00 -1000 1.95 5.98 4.48 -1000 34.05 1.60 109.718
car -1 -1 0.00 0.00 0.00 100.00 100.00 -1000 1.65 4.88 8.91 -1000 32.97 -0.27 107.225
car -1 -1 0.00 0.00 0.00 100.00 100.00 -1000 1.89 6.25 4.77 -1000 44.86 1.69 107.168
car -1 -1 0.00 0.00 0.00 100.00 100.00 -1000 1.51 3.81 -4.46 -1000 47.66 0.12 105.739
car -1 -1 0.00 0.00 0.00 100.00 100.00 -1000 1.59 3.78 5.20 -1000 32.22 -0.06 103.570
car -1 -1 0.00 0.00 0.00 100.00 100.00 -1000 2.08 7.32 -7.59 -1000 33.34 1.68 103.250
car -1 -1 0.00 0.00 0.00 100.00 100.00 -1000 1.94 5.99 0.15 -1000 10.29 1.77 102.407
car -1 -1 0.00 0.00 0.00 100.00 100.00 -1000 2.07 7.26 -14.10 -1000 44.99 1.75 102.251
car -1 -1 0.00 0.00 0.00 100.00 100.00 -1000 1.82 5.69 -4.93 -1000 45.37 1.77 102.029
car -1 -1 0.00 0.00 0.00 100.00 100.00 -1000 2.00 6.06 10.38 -1000 26.06 1.71 101.257
car -1 -1 0.00 0.00 0.00 100.00 100.00 -1000 1.80 5.26 -7.70 -1000 32.19 1.51 98.823
car -1 -1 0.00 0.00 0.00 100.00 100.00 -1000 2.26 7.89 -2.10 -1000 37.53 1.66 98.770
car -1 -1 0.00 0.00 0.00 100.00 100.00 -1000 1.97 6.22 19.83 -1000 22.05 1.85 94.558
car -1 -1 0.00 0.00 0.00 100.00 100.00 -1000 1.59 3.96 -0.91 -1000 23.15 0.01 88.041
car -1 -1 0.00 0.00 0.00 100.00 100.00 -1000 2.04 6.75 9.54 -1000 25.11 1.62 87.956
car -1 -1 0.00 0.00 0.00 100.00 100.00 -1000 2.14 8.23 -15.52 -1000 38.16 1.71 85.220
car -1 -1 0.00 0.00 0.00 100.00 100.00 -1000 1.79 5.17 -16.31 -1000 40.33 1.48 84.652
car -1 -1 0.00 0.00 0.00 100.00 100.00 -1000 1.96 6.89 -15.98 -1000 36.11 1.54 84.260
car -1 -1 0.00 0.00 0.00 100.00 100.00 -1000 2.08 6.88 -9.32 -1000 46.27 1.59 83.983
car -1 -1 0.00 0.00 0.00 100.00 100.00 -1000 2.36 7.67 12.39 -1000 39.01 1.61 83.164
car -1 -1 0.00 0.00 0.00 100.00 100.00 -1000 2.00 7.79 -18.69 -1000 28.94 1.39 83.002
car -1 -1 0.00 0.00 0.00 100.00 100.00 -1000 1.88 6.26 7.30 -1000 10.23 1.60 82.114
car -1 -1 0.00 0.00 0.00 100.00 100.00 -1000 1.88 5.39 -3.85 -1000 46.33 1.86 81.892
car -1 -1 0.00 0.00 0.00 100.00 100.00 -1000 1.83 5.69 -2.39 -1000 45.87 1.75 81.169
car -1 -1 0.00 0.00 0.00 100.00 100.00 -1000 1.71 5.01 2.30 -1000 27.79 1.72 80.311
car -1 -1 0.00 0.00 0.00 100.00 100.00 -1000 2.31 8.46 4.94 -1000 36.65 1.75 80.216
car -1 -1 0.00 0.00 0.00 100.00 100.00 -1000 1.54 4.00 4.50 -1000 32.98 0.12 78.303
car -1 -1 0.00 0.00 0.00 100.00 100.00 -1000 2.11 7.68 -4.55 -1000 38.38 1.73 78.088
car -1 -1 0.00 0.00 0.00 100.00 100.00 -1000 1.75 4.97 -1.18 -1000 47.46 1.72 75.095
car -1 -1 0.00 0.00 0.00 100.00 100.00 -1000 1.69 4.18 0.30 -1000 39.92 -0.24 74.738
car -1 -1 0.00 0.00 0.00 100.00 100.00 -1000 2.51 9.42 10.95 -1000 41.72 1.61 72.578
car -1 -1 0.00 0.00 0.00 100.00 100.00 -1000 1.96 6.91 -13.23 -1000 41.75 1.61 71.576
car -1 -1 0.00 0.00 0.00 100.00 100.00 -1000 1.90 6.36 -5.63 -1000 39.30 1.60 70.404
car -1 -1 0.00 0.00 0.00 100.00 100.00 -1000 2.08 7.00 5.73 -1000 47.15 1.72 70.300
car -1 -1 0.00 0.00 0.00 100.00 100.00 -1000 2.25 10.95 11.98 -1000 29.60 1.46 69.853
car -1 -1 0.00 0.00 0.00 100.00 100.00 -1000 2.00 6.78 1.20 -1000 35.18 -0.20 68.959
car -1 -1 0.00 0.00 0.00 100.00 100.00 -1000 1.86 5.98 -6.61 -1000 31.48 1.53 68.624
car -1 -1 0.00 0.00 0.00 100.00 100.00 -1000 2.18 9.20 8.27 -1000 45.47 1.55 67.590
car -1 -1 0.00 0.00 0.00 100.00 100.00 -1000 2.15 8.03 -18.21 -1000 35.81 1.51 66.044
car -1 -1 0.00 0.00 0.00 100.00 100.00 -1000 2.05 5.90 2.36 -1000 34.38 -0.20 65.946
car -1 -1 0.00 0.00 0.00 100.00 100.00 -1000 1.87 6.36 -13.77 -1000 32.07 1.49 65.602
car -1 -1 0.00 0.00 0.00 100.00 100.00 -1000 1.66 4.17 -3.23 -1000 36.02 -0.14 65.369
car -1 -1 0.00 0.00 0.00 100.00 100.00 -1000 1.63 4.11 13.02 -1000 40.94 0.01 64.928
car -1 -1 0.00 0.00 0.00 100.00 100.00 -1000 1.79 5.42 -8.68 -1000 43.29 1.56 64.519
car -1 -1 0.00 0.00 0.00 100.00 100.00 -1000 1.87 4.60 -1.63 -1000 35.39 -0.30 63.577
car -1 -1 0.00 0.00 0.00 100.00 100.00 -1000 2.99 16.01 15.74 -1000 28.36 1.61 61.727
car -1 -1 0.00 0.00 0.00 100.00 100.00 -1000 1.97 7.05 -14.62 -1000 39.35 1.68 61.708
car -1 -1 0.00 0.00 0.00 100.00 100.00 -1000 2.22 9.25 5.22 -1000 15.87 1.48 61.495
car -1 -1 0.00 0.00 0.00 100.00 100.00 -1000 2.37 9.19 8.63 -1000 28.45 1.57 60.949
car -1 -1 0.00 0.00 0.00 100.00 100.00 -1000 1.94 6.72 -6.11 -1000 47.10 1.60 60.642
car -1 -1 0.00 0.00 0.00 100.00 100.00 -1000 1.84 6.65 -4.52 -1000 35.28 1.59 60.285
car -1 -1 0.00 0.00 0.00 100.00 100.00 -1000 2.15 8.31 -12.29 -1000 36.60 1.71 59.901
car -1 -1 0.00 0.00 0.00 100.00 100.00 -1000 1.53 3.63 -15.14 -1000 44.59 -0.27 59.684
car -1 -1 0.00 0.00 0.00 100.00 100.00 -1000 1.98 7.04 -16.45 -1000 34.54 1.51 59.233
car -1 -1 0.00 0.00 0.00 100.00 100.00 -1000 1.53 4.09 -17.47 -1000 42.26 0.41 59.091
car -1 -1 0.00 0.00 0.00 100.00 100.00 -1000 2.16 7.55 11.34 -1000 35.18 1.65 58.960
car -1 -1 0.00 0.00 0.00 100.00 100.00 -1000 2.20 7.71 -8.54 -1000 37.00 1.56 58.950
car -1 -1 0.00 0.00 0.00 100.00 100.00 -1000 2.40 7.24 -2.19 -1000 13.17 1.83 57.927
car -1 -1 0.00 0.00 0.00 100.00 100.00 -1000 1.68 5.19 0.36 -1000 21.74 1.66 57.900
car -1 -1 0.00 0.00 0.00 100.00 100.00 -1000 1.50 4.04 -3.46 -1000 28.86 0.10 56.101
car -1 -1 0.00 0.00 0.00 100.00 100.00 -1000 2.15 7.65 -12.32 -1000 43.51 1.64 54.508
car -1 -1 0.00 0.00 0.00 100.00 100.00 -1000 1.96 6.88 -11.00 -1000 32.14 1.67 54.216
car -1 -1 0.00 0.00 0.00 100.00 100.00 -1000 1.81 5.78 -14.95 -1000 18.38 1.59 54.181
car -1 -1 0.00 0.00 0.00 100.00 100.00 -1000 1.72 5.65 5.27 -1000 31.64 1.64 52.517
car -1 -1 0.00 0.00 0.00 100.00 100.00 -1000 2.17 7.99 -2.74 -1000 41.74 1.49 52.454
car -1 -1 0.00 0.00 0.00 100.00 100.00 -1000 1.69 4.13 10.59 -1000 34.29 -0.13 51.294
car -1 -1 0.00 0.00 0.00 100.00 100.00 -1000 1.83 6.08 -14.54 -1000 31.30 1.45 50.553
car -1 -1 0.00 0.00 0.00 100.00 100.00 -1000 1.35 3.22 9.73 -1000 15.08 0.22 50.062
