car -1 -1 0.00 0.00 0.00 100.00 100.00 -1000 1.71 4.13 3.75 -1000 39.70 1.70 997.116
car -1 -1 0.00 0.00 0.00 100.00 100.00 -1000 1.69 3.93 8.59 -1000 38.43 1.67 996.534
car -1 -1 0.00 0.00 0.00 100.00 100.00 -1000 1.76 4.56 7.95 -1000 23.71 1.67 989.021
car -1 -1 0.00 0.00 0.00 100.00 100.00 -1000 1.73 4.41 9.33 -1000 37.70 -0.22 987.705
car -1 -1 0.00 0.00 0.00 100.00 100.00 -1000 1.73 4.37 3.39 -1000 20.62 1.69 986.855
car -1 -1 0.00 0.00 0.00 100.00 100.00 -1000 1.67 4.23 7.20 -1000 22.73 -0.15 982.968
car -1 -1 0.00 0.00 0.00 100.00 100.00 -1000 1.71 4.24 -3.92 -1000 42.82 1.82 981.107
car -1 -1 0.00 0.00 0.00 100.00 100.00 -1000 1.68 4.21 4.37 -1000 39.01 -0.26 973.698
car -1 -1 0.00 0.00 0.00 100.00 100.00 -1000 1.94 6.01 3.46 -1000 40.31 1.67 964.466
car -1 -1 0.00 0.00 0.00 100.00 100.00 -1000 1.69 4.13 3.52 -1000 19.53 -0.12 953.615
car -1 -1 0.00 0.00 0.00 100.00 100.00 -1000 1.63 4.12 5.29 -1000 31.65 -0.31 943.975
car -1 -1 0.00 0.00 0.00 100.00 100.00 -1000 1.66 4.10 6.16 -1000 32.22 1.62 931.257
car -1 -1 0.00 0.00 0.00 100.00 100.00 -1000 1.59 3.82 6.09 -1000 38.87 -0.27 915.254
car -1 -1 0.00 0.00 0.00 100.00 100.00 -1000 1.98 5.67 -3.71 -1000 43.58 1.63 902.192
car -1 -1 0.00 0.00 0.00 100.00 100.00 -1000 1.64 3.98 -4.51 -1000 42.07 -0.19 887.926
car -1 -1 0.00 0.00 0.00 100.00 100.00 -1000 1.64 4.12 7.61 -1000 37.90 0.11 847.325
car -1 -1 0.00 0.00 0.00 100.00 100.00 -1000 1.60 4.38 3.23 -1000 38.58 -0.01 846.984
car -1 -1 0.00 0.00 0.00 100.00 100.00 -1000 2.56 10.25 5.19 -1000 42.24 1.71 836.765
car -1 -1 0.00 0.00 0.00 100.00 100.00 -1000 2.72 10.46 4.13 -1000 41.23 1.74 800.286
car -1 -1 0.00 0.00 0.00 100.00 100.00 -1000 1.78 4.85 5.43 -1000 39.86 1.82 794.156
car -1 -1 0.00 0.00 0.00 100.00 100.00 -1000 1.56 3.86 -3.25 -1000 38.05 -0.50 756.875
car -1 -1 0.00 0.00 0.00 100.00 100.00 -1000 2.34 8.38 8.26 -1000 24.34 1.71 721.427
car -1 -1 0.00 0.00 0.00 100.00 100.00 -1000 1.79 4.85 5.90 -1000 37.47 -0.19 720.895
car -1 -1 0.00 0.00 0.00 100.00 100.00 -1000 2.13 6.62 8.24 -1000 43.01 1.63 714.136
car -1 -1 0.00 0.00 0.00 100.00 100.00 -1000 1.97 5.60 8.97 -1000 39.19 1.63 692.486
car -1 -1 0.00 0.00 0.00 100.00 100.00 -1000 2.54 10.45 10.41 -1000 41.72 1.79 665.666
car -1 -1 0.00 0.00 0.00 100.00 100.00 -1000 1.71 4.30 9.75 -1000 43.56 1.55 661.588
car -1 -1 0.00 0.00 0.00 100.00 100.00 -1000 2.49 8.90 7.77 -1000 41.27 1.70 613.815
car -1 -1 0.00 0.00 0.00 100.00 100.00 -1000 1.60 3.84 -2.56 -1000 12.59 1.39 610.725
car -1 -1 0.00 0.00 0.00 100.00 100.00 -1000 1.75 4.87 10.19 -1000 38.59 1.58 594.738
car -1 -1 0.00 0.00 0.00 100.00 100.00 -1000 1.95 5.71 6.66 -1000 32.87 1.64 574.430
car -1 -1 0.00 0.00 0.00 100.00 100.00 -1000 1.88 5.17 -2.44 -1000 39.02 1.86 565.202
car -1 -1 0.00 0.00 0.00 100.00 100.00 -1000 3.49 18.15 11.47 -1000 42.04 1.77 548.314
car -1 -1 0.00 0.00 0.00 100.00 100.00 -1000 1.98 5.66 10.33 -1000 42.02 1.67 522.269
car -1 -1 0.00 0.00 0.00 100.00 100.00 -1000 1.69 4.35 4.89 -1000 30.89 -0.41 511.513
car -1 -1 0.00 0.00 0.00 100.00 100.00 -1000 2.86 11.58 2.31 -1000 43.02 1.83 495.993
car -1 -1 0.00 0.00 0.00 100.00 100.00 -1000 1.67 4.27 7.17 -1000 39.30 -0.34 494.575
car -1 -1 0.00 0.00 0.00 100.00 100.00 -1000 1.59 4.37 8.41 -1000 37.05 -0.06 487.333
car -1 -1 0.00 0.00 0.00 100.00 100.00 -1000 2.48 9.17 6.01 -1000 40.52 1.68 486.202
car -1 -1 0.00 0.00 0.00 100.00 100.00 -1000 1.61 4.00 2.52 -1000 39.26 0.12 469.765
car -1 -1 0.00 0.00 0.00 100.00 100.00 -1000 2.12 7.16 3.80 -1000 21.29 1.69 447.881
car -1 -1 0.00 0.00 0.00 100.00 100.00 -1000 1.68 4.30 3.88 -1000 37.76 1.62 429.301
car -1 -1 0.00 0.00 0.00 100.00 100.00 -1000 1.74 4.68 -3.15 -1000 11.75 -0.06 428.752
car -1 -1 0.00 0.00 0.00 100.00 100.00 -1000 1.85 5.16 10.38 -1000 34.22 1.64 407.591
car -1 -1 0.00 0.00 0.00 100.00 100.00 -1000 1.73 4.49 -5.69 -1000 41.54 -0.10 406.771
car -1 -1 0.00 0.00 0.00 100.00 100.00 -1000 1.76 4.70 5.25 -1000 38.30 1.70 356.551
car -1 -1 0.00 0.00 0.00 100.00 100.00 -1000 2.45 9.02 9.02 -1000 40.14 1.61 350.485
car -1 -1 0.00 0.00 0.00 100.00 100.00 -1000 1.70 4.50 -4.00 -1000 37.44 -0.25 348.783
car -1 -1 0.00 0.00 0.00 100.00 100.00 -1000 1.95 5.76 9.54 -1000 44.24 1.58 341.320
car -1 -1 0.00 0.00 0.00 100.00 100.00 -1000 2.04 6.40 -2.05 -1000 43.18 1.83 329.050
car -1 -1 0.00 0.00 0.00 100.00 100.00 -1000 2.03 6.40 6.70 -1000 43.75 1.62 320.731
car -1 -1 0.00 0.00 0.00 100.00 100.00 -1000 1.63 4.32 -5.33 -1000 6.90 1.60 306.372
car -1 -1 0.00 0.00 0.00 100.00 100.00 -1000 1.67 4.36 10.03 -1000 33.41 -0.06 303.459
car -1 -1 0.00 0.00 0.00 100.00 100.00 -1000 1.71 4.71 4.53 -1000 20.08 1.70 299.231
car -1 -1 0.00 0.00 0.00 100.00 100.00 -1000 1.66 4.61 2.35 -1000 20.04 0.23 292.240
car -1 -1 0.00 0.00 0.00 100.00 100.00 -1000 2.21 7.92 -0.51 -1000 43.84 1.77 289.958
car -1 -1 0.00 0.00 0.00 100.00 100.00 -1000 1.92 5.32 4.62 -1000 42.18 -0.66 282.463
car -1 -1 0.00 0.00 0.00 100.00 100.00 -1000 1.87 5.36 7.29 -1000 9.94 1.68 256.289
car -1 -1 0.00 0.00 0.00 100.00 100.00 -1000 2.01 6.26 -1.73 -1000 39.76 1.64 252.488
car -1 -1 0.00 0.00 0.00 100.00 100.00 -1000 1.66 4.65 9.11 -1000 23.16 0.09 244.138
car -1 -1 0.00 0.00 0.00 100.00 100.00 -1000 1.87 5.10 4.35 -1000 30.13 -0.04 235.545
car -1 -1 0.00 0.00 0.00 100.00 100.00 -1000 2.30 8.14 1.11 -1000 40.68 1.67 226.501
car -1 -1 0.00 0.00 0.00 100.00 100.00 -1000 2.82 12.34 14.02 -1000 41.15 1.71 219.891
car -1 -1 0.00 0.00 0.00 100.00 100.00 -1000 1.70 4.47 10.69 -1000 42.88 -0.11 218.947
car -1 -1 0.00 0.00 0.00 100.00 100.00 -1000 2.21 8.07 8.16 -1000 34.07 1.55 216.588
car -1 -1 0.00 0.00 0.00 100.00 100.00 -1000 1.89 5.68 -2.29 -1000 34.65 1.60 216.276
car -1 -1 0.00 0.00 0.00 100.00 100.00 -1000 1.76 4.89 6.45 -1000 30.33 1.72 214.358
car -1 -1 0.00 0.00 0.00 100.00 100.00 -1000 1.60 4.05 18.33 -1000 30.10 0.15 204.627
car -1 -1 0.00 0.00 0.00 100.00 100.00 -1000 1.90 5.55 6.65 -1000 36.74 1.74 203.555
car -1 -1 0.00 0.00 0.00 100.00 100.00 -1000 2.22 7.41 10.66 -1000 40.85 1.56 202.403
car -1 -1 0.00 0.00 0.00 100.00 100.00 -1000 1.95 6.23 -4.36 -1000 34.12 1.49 197.341
car -1 -1 0.00 0.00 0.00 100.00 100.00 -1000 2.13 7.54 3.75 -1000 43.68 1.61 196.537
car -1 -1 0.00 0.00 0.00 100.00 100.00 -1000 2.05 6.78 6.32 -1000 23.21 1.79 193.829
car -1 -1 0.00 0.00 0.00 100.00 100.00 -1000 1.87 5.46 8.27 -1000 29.51 1.59 192.428
car -1 -1 0.00 0.00 0.00 100.00 100.00 -1000 2.50 10.53 14.83 -1000 42.46 1.70 187.861
car -1 -1 0.00 0.00 0.00 100.00 100.00 -1000 2.17 7.35 2.50 -1000 31.83 1.52 180.166
car -1 -1 0.00 0.00 0.00 100.00 100.00 -1000 1.95 5.86 -2.55 -1000 41.31 1.64 179.087
car -1 -1 0.00 0.00 0.00 100.00 100.00 -1000 2.34 8.61 -2.70 -1000 44.48 1.80 177.053
car -1 -1 0.00 0.00 0.00 100.00 100.00 -1000 2.04 6.69 -4.28 -1000 31.37 1.52 174.133
car -1 -1 0.00 0.00 0.00 100.00 100.00 -1000 1.89 5.75 -3.31 -1000 13.17 1.47 168.850
car -1 -1 0.00 0.00 0.00 100.00 100.00 -1000 2.07 6.81 4.17 -1000 45.93 1.57 165.885
car -1 -1 0.00 0.00 0.00 100.00 100.00 -1000 1.73 4.74 10.88 -1000 14.33 -0.15 157.626
car -1 -1 0.00 0.00 0.00 100.00 100.00 -1000 1.92 5.83 9.83 -1000 32.64 1.60 156.558
car -1 -1 0.00 0.00 0.00 100.00 100.00 -1000 1.80 5.29 -4.90 -1000 7.74 1.56 155.110
car -1 -1 0.00 0.00 0.00 100.00 100.00 -1000 2.45 10.23 14.84 -1000 37.65 1.69 153.389
car -1 -1 0.00 0.00 0.00 100.00 100.00 -1000 1.94 5.89 -5.47 -1000 35.04 1.50 145.819
car -1 -1 0.00 0.00 0.00 100.00 100.00 -1000 1.94 6.10 7.46 -1000 21.53 1.76 145.642
car -1 -1 0.00 0.00 0.00 100.00 100.00 -1000 1.78 5.24 -4.42 -1000 12.44 1.51 145.266
car -1 -1 0.00 0.00 0.00 100.00 100.00 -1000 1.79 4.92 5.11 -1000 29.45 0.04 131.600
car -1 -1 0.00 0.00 0.00 100.00 100.00 -1000 2.53 9.88 -5.54 -1000 45.91 1.64 129.497
car -1 -1 0.00 0.00 0.00 100.00 100.00 -1000 2.32 8.49 9.36 -1000 44.98 1.57 127.268
car -1 -1 0.00 0.00 0.00 100.00 100.00 -1000 2.65 10.90 8.50 -1000 25.21 1.71 126.764
car -1 -1 0.00 0.00 0.00 100.00 100.00 -1000 1.96 6.18 0.64 -1000 39.51 1.83 123.957
car -1 -1 0.00 0.00 0.00 100.00 100.00 -1000 1.72 4.93 4.79 -1000 36.88 -0.28 122.663
car -1 -1 0.00 0.00 0.00 100.00 100.00 -1000 1.73 4.76 7.74 -1000 28.54 0.03 119.685
car -1 -1 0.00 0.00 0.00 100.00 100.00 -1000 1.89 5.94 -3.91 -1000 27.03 1.51 118.788
car -1 -1 0.00 0.00 0.00 100.00 100.00 -1000 1.58 3.99 4.06 -1000 32.33 0.06 117.714
car -1 -1 0.00 0.00 0.00 100.00 100.00 -1000 1.88 5.71 6.47 -1000 31.20 1.71 117.015
car -1 -1 0.00 0.00 0.00 100.00 100.00 -1000 2.27 8.13 11.53 -1000 39.02 1.72 115.608
car -1 -1 0.00 0.00 0.00 100.00 100.00 -1000 1.87 6.19 5.22 -1000 47.52 1.41 115.380
car -1 -1 0.00 0.00 0.00 100.00 100.00 -1000 2.39 10.11 14.94 -1000 45.75 1.68 114.171
car -1 -1 0.00 0.00 0.00 100.00 100.00 -1000 1.82 5.52 2.69 -1000 30.55 1.54 113.759
car -1 -1 0.00 0.00 0.00 100.00 100.00 -1000 1.88 5.78 -3.08 -1000 27.75 1.47 112.144
car -1 -1 0.00 0.00 0.00 100.00 100.00 -1000 1.80 5.44 3.24 -1000 18.85 1.66 111.191
car -1 -1 0.00 0.00 0.00 100.00 100.00 -1000 2.24 7.91 5.36 -1000 20.65 1.76 110.063
car -1 -1 0.00 0.00 0.00 100.00 100.00 -1000 2.49 9.11 -0.15 -1000 42.26 1.73 109.531
car -1 -1 0.00 0.00 0.00 100.00 100.00 -1000 2.26 7.64 9.97 -1000 23.60 1.79 107.025
car -1 -1 0.00 0.00 0.00 100.00 100.00 -1000 2.24 8.43 -2.65 -1000 35.61 1.48 106.570
car -1 -1 0.00 0.00 0.00 100.00 100.00 -1000 2.55 10.66 14.66 -1000 40.09 1.71 104.760
car -1 -1 0.00 0.00 0.00 100.00 100.00 -1000 2.12 7.10 -0.16 -1000 38.60 1.82 103.925
car -1 -1 0.00 0.00 0.00 100.00 100.00 -1000 2.23 8.06 9.60 -1000 34.86 1.53 103.195
car -1 -1 0.00 0.00 0.00 100.00 100.00 -1000 2.43 10.68 11.42 -1000 26.32 1.63 102.117
car -1 -1 0.00 0.00 0.00 100.00 100.00 -1000 2.31 8.38 5.66 -1000 33.64 1.53 101.239
car -1 -1 0.00 0.00 0.00 100.00 100.00 -1000 2.39 8.82 5.24 -1000 22.31 1.80 99.283
car -1 -1 0.00 0.00 0.00 100.00 100.00 -1000 2.20 7.91 6.28 -1000 45.44 1.65 98.656
car -1 -1 0.00 0.00 0.00 100.00 100.00 -1000 1.63 4.50 4.66 -1000 46.52 -0.13 98.572
car -1 -1 0.00 0.00 0.00 100.00 100.00 -1000 1.99 6.73 -4.26 -1000 40.73 1.78 97.834
car -1 -1 0.00 0.00 0.00 100.00 100.00 -1000 1.72 5.27 -4.18 -1000 30.05 -0.03 97.467
car -1 -1 0.00 0.00 0.00 100.00 100.00 -1000 2.64 10.79 14.36 -1000 36.48 1.68 96.746
car -1 -1 0.00 0.00 0.00 100.00 100.00 -1000 2.22 7.99 4.32 -1000 32.58 1.68 94.431
car -1 -1 0.00 0.00 0.00 100.00 100.00 -1000 1.80 5.28 -5.08 -1000 32.14 1.36 93.479
car -1 -1 0.00 0.00 0.00 100.00 100.00 -1000 1.97 6.49 4.63 -1000 18.24 1.61 92.104
car -1 -1 0.00 0.00 0.00 100.00 100.00 -1000 2.62 10.43 14.60 -1000 44.59 1.68 90.067
car -1 -1 0.00 0.00 0.00 100.00 100.00 -1000 2.05 7.21 10.39 -1000 15.14 1.54 89.364
car -1 -1 0.00 0.00 0.00 100.00 100.00 -1000 2.13 7.65 -4.04 -1000 36.62 1.78 87.056
car -1 -1 0.00 0.00 0.00 100.00 100.00 -1000 2.07 7.02 7.53 -1000 10.70 1.55 84.591
car -1 -1 0.00 0.00 0.00 100.00 100.00 -1000 1.89 6.03 -4.50 -1000 33.02 1.50 84.433
car -1 -1 0.00 0.00 0.00 100.00 100.00 -1000 1.88 5.12 -4.51 -1000 5.95 1.69 84.208
car -1 -1 0.00 0.00 0.00 100.00 100.00 -1000 2.40 8.85 8.08 -1000 35.87 1.60 83.276
car -1 -1 0.00 0.00 0.00 100.00 100.00 -1000 1.75 5.15 18.95 -1000 29.25 1.64 82.522
car -1 -1 0.00 0.00 0.00 100.00 100.00 -1000 1.75 4.36 -2.50 -1000 44.45 -0.68 80.217
car -1 -1 0.00 0.00 0.00 100.00 100.00 -1000 2.36 7.84 3.08 -1000 38.33 1.56 78.197
car -1 -1 0.00 0.00 0.00 100.00 100.00 -1000 2.05 7.47 -2.59 -1000 28.59 1.47 77.675
car -1 -1 0.00 0.00 0.00 100.00 100.00 -1000 1.84 5.71 -5.00 -1000 11.42 1.52 77.086
car -1 -1 0.00 0.00 0.00 100.00 100.00 -1000 1.91 6.15 5.14 -1000 19.16 1.58 76.841
car -1 -1 0.00 0.00 0.00 100.00 100.00 -1000 2.11 7.47 -0.03 -1000 35.09 1.58 76.712
car -1 -1 0.00 0.00 0.00 100.00 100.00 -1000 2.24 8.62 3.89 -1000 44.73 1.55 76.176
car -1 -1 0.00 0.00 0.00 100.00 100.00 -1000 1.89 5.65 10.70 -1000 37.23 1.62 75.632
car -1 -1 0.00 0.00 0.00 100.00 100.00 -1000 1.78 5.29 -4.77 -1000 29.11 1.44 74.880
car -1 -1 0.00 0.00 0.00 100.00 100.00 -1000 2.09 7.69 7.43 -1000 15.97 1.50 74.177
car -1 -1 0.00 0.00 0.00 100.00 100.00 -1000 1.68 5.05 1.50 -1000 29.88 1.52 73.785
car -1 -1 0.00 0.00 0.00 100.00 100.00 -1000 1.84 5.51 -18.99 -1000 23.89 1.54 73.633
car -1 -1 0.00 0.00 0.00 100.00 100.00 -1000 1.98 6.56 11.46 -1000 38.04 1.77 73.152
car -1 -1 0.00 0.00 0.00 100.00 100.00 -1000 2.66 11.85 -2.06 -1000 45.36 1.57 71.905
car -1 -1 0.00 0.00 0.00 100.00 100.00 -1000 2.27 8.88 -5.78 -1000 44.87 1.62 68.333
car -1 -1 0.00 0.00 0.00 100.00 100.00 -1000 2.08 7.62 -2.54 -1000 33.58 1.78 67.639
car -1 -1 0.00 0.00 0.00 100.00 100.00 -1000 2.28 10.12 13.01 -1000 25.49 1.56 66.768
car -1 -1 0.00 0.00 0.00 100.00 100.00 -1000 2.16 8.56 7.67 -1000 17.28 1.44 66.589
car -1 -1 0.00 0.00 0.00 100.00 100.00 -1000 2.01 7.65 7.80 -1000 27.96 1.78 65.850
car -1 -1 0.00 0.00 0.00 100.00 100.00 -1000 2.21 8.98 -4.07 -1000 21.23 1.47 64.534
car -1 -1 0.00 0.00 0.00 100.00 100.00 -1000 2.17 7.76 -3.85 -1000 37.81 1.55 64.290
car -1 -1 0.00 0.00 0.00 100.00 100.00 -1000 2.35 9.18 1.66 -1000 32.91 1.59 63.994
car -1 -1 0.00 0.00 0.00 100.00 100.00 -1000 2.14 7.03 9.52 -1000 22.41 1.75 63.600
car -1 -1 0.00 0.00 0.00 100.00 100.00 -1000 2.22 8.51 -1.97 -1000 32.06 1.51 61.840
car -1 -1 0.00 0.00 0.00 100.00 100.00 -1000 2.53 10.23 16.14 -1000 35.62 1.58 60.884
car -1 -1 0.00 0.00 0.00 100.00 100.00 -1000 1.74 4.97 3.18 -1000 42.58 -0.11 59.249
car -1 -1 0.00 0.00 0.00 100.00 100.00 -1000 1.58 4.29 -5.93 -1000 42.77 0.45 56.842
car -1 -1 0.00 0.00 0.00 100.00 100.00 -1000 1.91 6.38 18.68 -1000 30.62 1.54 56.088
car -1 -1 0.00 0.00 0.00 100.00 100.00 -1000 1.91 5.71 -6.24 -1000 33.84 1.50 55.743
car -1 -1 0.00 0.00 0.00 100.00 100.00 -1000 2.27 9.72 4.40 -1000 35.76 1.48 54.637
car -1 -1 0.00 0.00 0.00 100.00 100.00 -1000 2.20 9.71 10.36 -1000 18.04 1.55 54.360
car -1 -1 0.00 0.00 0.00 100.00 100.00 -1000 2.01 7.11 10.45 -1000 13.44 1.66 54.150
car -1 -1 0.00 0.00 0.00 100.00 100.00 -1000 1.64 4.95 -4.61 -1000 21.76 0.09 53.399
car -1 -1 0.00 0.00 0.00 100.00 100.00 -1000 2.13 7.45 -2.99 -1000 30.63 1.58 53.261
car -1 -1 0.00 0.00 0.00 100.00 100.00 -1000 1.57 4.19 -6.62 -1000 42.10 0.37 53.182
car -1 -1 0.00 0.00 0.00 100.00 100.00 -1000 2.34 8.73 4.35 -1000 24.13 1.60 52.160
car -1 -1 0.00 0.00 0.00 100.00 100.00 -1000 2.29 8.35 -4.74 -1000 39.80 1.70 52.154
car -1 -1 0.00 0.00 0.00 100.00 100.00 -1000 2.08 7.16 6.56 -1000 46.39 1.68 50.516
