car -1 -1 0.00 0.00 0.00 100.00 100.00 -1000 1.73 4.02 16.59 -1000 23.73 1.62 999.159
car -1 -1 0.00 0.00 0.00 100.00 100.00 -1000 1.72 4.16 0.99 -1000 37.09 1.71 998.790
car -1 -1 0.00 0.00 0.00 100.00 100.00 -1000 1.88 5.17 17.86 -1000 24.28 1.79 996.897
car -1 -1 0.00 0.00 0.00 100.00 100.00 -1000 1.73 4.34 13.92 -1000 24.27 1.63 996.739
car -1 -1 0.00 0.00 0.00 100.00 100.00 -1000 1.74 4.03 17.92 -1000 23.40 -0.14 989.478
car -1 -1 0.00 0.00 0.00 100.00 100.00 -1000 1.76 4.45 5.84 -1000 38.61 1.67 987.783
car -1 -1 0.00 0.00 0.00 100.00 100.00 -1000 1.94 5.52 15.43 -1000 24.78 1.66 983.482
car -1 -1 0.00 0.00 0.00 100.00 100.00 -1000 1.63 3.88 6.91 -1000 33.08 -0.27 981.941
car -1 -1 0.00 0.00 0.00 100.00 100.00 -1000 1.63 3.88 6.06 -1000 43.55 1.65 981.853
car -1 -1 0.00 0.00 0.00 100.00 100.00 -1000 2.17 6.86 4.77 -1000 39.28 1.59 972.521
car -1 -1 0.00 0.00 0.00 100.00 100.00 -1000 1.66 4.35 0.51 -1000 36.36 0.16 968.481
car -1 -1 0.00 0.00 0.00 100.00 100.00 -1000 1.77 4.63 5.03 -1000 37.97 1.79 955.906
car -1 -1 0.00 0.00 0.00 100.00 100.00 -1000 1.73 4.36 7.05 -1000 33.93 1.66 933.376
car -1 -1 0.00 0.00 0.00 100.00 100.00 -1000 1.69 4.20 16.06 -1000 22.88 -0.09 932.676
car -1 -1 0.00 0.00 0.00 100.00 100.00 -1000 1.65 3.98 14.20 -1000 23.23 0.02 929.538
car -1 -1 0.00 0.00 0.00 100.00 100.00 -1000 1.55 3.92 -1.66 -1000 12.88 1.52 926.728
car -1 -1 0.00 0.00 0.00 100.00 100.00 -1000 2.13 6.90 17.59 -1000 25.07 1.67 904.335
car -1 -1 0.00 0.00 0.00 100.00 100.00 -1000 1.61 3.86 6.55 -1000 42.82 -0.19 894.206
car -1 -1 0.00 0.00 0.00 100.00 100.00 -1000 2.05 6.41 2.69 -1000 37.71 1.79 886.468
car -1 -1 0.00 0.00 0.00 100.00 100.00 -1000 1.65 4.14 1.89 -1000 17.95 1.69 862.044
car -1 -1 0.00 0.00 0.00 100.00 100.00 -1000 2.83 10.96 3.73 -1000 38.51 1.79 843.157
car -1 -1 0.00 0.00 0.00 100.00 100.00 -1000 1.59 3.83 -2.31 -1000 47.74 1.70 826.514
car -1 -1 0.00 0.00 0.00 100.00 100.00 -1000 1.64 4.11 18.39 -1000 37.57 -0.11 786.694
car -1 -1 0.00 0.00 0.00 100.00 100.00 -1000 1.60 4.00 -4.22 -1000 34.49 -0.38 783.625
car -1 -1 0.00 0.00 0.00 100.00 100.00 -1000 2.28 7.43 15.65 -1000 25.57 1.62 740.730
car -1 -1 0.00 0.00 0.00 100.00 100.00 -1000 1.63 4.24 16.40 -1000 37.35 -0.11 722.987
car -1 -1 0.00 0.00 0.00 100.00 100.00 -1000 1.61 4.37 0.39 -1000 10.03 -0.18 695.663
car -1 -1 0.00 0.00 0.00 100.00 100.00 -1000 1.76 4.59 2.06 -1000 36.61 -0.28 691.789
car -1 -1 0.00 0.00 0.00 100.00 100.00 -1000 1.70 4.45 6.60 -1000 39.43 1.62 683.566
car -1 -1 0.00 0.00 0.00 100.00 100.00 -1000 2.14 6.93 3.73 -1000 40.06 1.65 653.732
car -1 -1 0.00 0.00 0.00 100.00 100.00 -1000 2.15 7.15 -0.47 -1000 39.80 1.81 651.635
car -1 -1 0.00 0.00 0.00 100.00 100.00 -1000 1.67 4.35 18.29 -1000 38.43 1.69 644.656
car -1 -1 0.00 0.00 0.00 100.00 100.00 -1000 1.61 3.79 -3.01 -1000 47.07 -0.10 611.979
car -1 -1 0.00 0.00 0.00 100.00 100.00 -1000 2.71 11.23 0.85 -1000 38.99 1.81 514.658
car -1 -1 0.00 0.00 0.00 100.00 100.00 -1000 2.22 7.16 7.41 -1000 34.45 1.66 507.696
car -1 -1 0.00 0.00 0.00 100.00 100.00 -1000 1.75 5.24 19.29 -1000 23.03 1.92 506.181
car -1 -1 0.00 0.00 0.00 100.00 100.00 -1000 1.76 4.70 8.24 -1000 33.43 -0.20 494.953
car -1 -1 0.00 0.00 0.00 100.00 100.00 -1000 2.41 8.87 14.67 -1000 26.65 1.65 486.698
car -1 -1 0.00 0.00 0.00 100.00 100.00 -1000 1.92 5.44 16.49 -1000 38.34 1.72 484.297
car -1 -1 0.00 0.00 0.00 100.00 100.00 -1000 1.71 4.31 -2.01 -1000 41.26 1.63 472.185
car -1 -1 0.00 0.00 0.00 100.00 100.00 -1000 1.73 4.49 9.01 -1000 22.67 1.71 443.813
car -1 -1 0.00 0.00 0.00 100.00 100.00 -1000 1.86 5.73 2.18 -1000 18.92 1.67 434.776
car -1 -1 0.00 0.00 0.00 100.00 100.00 -1000 2.19 7.47 4.53 -1000 41.36 1.68 428.870
car -1 -1 0.00 0.00 0.00 100.00 100.00 -1000 1.53 3.91 5.83 -1000 33.49 0.19 416.069
car -1 -1 0.00 0.00 0.00 100.00 100.00 -1000 1.63 4.06 -3.19 -1000 35.25 -0.51 405.731
car -1 -1 0.00 0.00 0.00 100.00 100.00 -1000 1.67 4.00 1.00 -1000 17.38 -0.09 401.066
car -1 -1 0.00 0.00 0.00 100.00 100.00 -1000 1.72 4.63 4.17 -1000 37.27 -0.17 398.879
car -1 -1 0.00 0.00 0.00 100.00 100.00 -1000 1.85 5.31 5.66 -1000 44.53 1.74 385.169
car -1 -1 0.00 0.00 0.00 100.00 100.00 -1000 1.72 4.66 14.59 -1000 37.32 0.10 379.678
car -1 -1 0.00 0.00 0.00 100.00 100.00 -1000 1.77 5.00 10.51 -1000 38.39 1.62 376.858
car -1 -1 0.00 0.00 0.00 100.00 100.00 -1000 1.60 3.92 -7.11 -1000 45.48 -0.35 349.709
car -1 -1 0.00 0.00 0.00 100.00 100.00 -1000 1.77 4.59 -0.98 -1000 35.92 -0.04 344.839
car -1 -1 0.00 0.00 0.00 100.00 100.00 -1000 2.22 7.48 15.53 -1000 40.90 1.69 333.322
car -1 -1 0.00 0.00 0.00 100.00 100.00 -1000 1.52 4.13 0.82 -1000 35.45 -0.16 321.842
car -1 -1 0.00 0.00 0.00 100.00 100.00 -1000 1.91 5.52 -2.58 -1000 40.05 1.81 321.722
car -1 -1 0.00 0.00 0.00 100.00 100.00 -1000 1.74 4.88 12.00 -1000 37.18 0.03 320.751
car -1 -1 0.00 0.00 0.00 100.00 100.00 -1000 1.66 4.36 6.94 -1000 31.97 1.64 320.062
car -1 -1 0.00 0.00 0.00 100.00 100.00 -1000 2.15 7.29 6.04 -1000 35.81 1.78 312.603
car -1 -1 0.00 0.00 0.00 100.00 100.00 -1000 1.71 4.94 5.35 -1000 42.32 -0.06 309.926
car -1 -1 0.00 0.00 0.00 100.00 100.00 -1000 1.70 4.66 2.22 -1000 9.65 -0.05 305.908
car -1 -1 0.00 0.00 0.00 100.00 100.00 -1000 2.27 7.29 0.24 -1000 37.53 1.73 300.236
car -1 -1 0.00 0.00 0.00 100.00 100.00 -1000 1.72 4.73 -0.98 -1000 11.94 1.62 298.420
car -1 -1 0.00 0.00 0.00 100.00 100.00 -1000 1.76 4.75 6.59 -1000 37.62 1.70 293.758
car -1 -1 0.00 0.00 0.00 100.00 100.00 -1000 1.92 5.46 10.10 -1000 37.53 1.58 285.644
car -1 -1 0.00 0.00 0.00 100.00 100.00 -1000 1.84 5.33 -0.66 -1000 40.78 1.65 278.266
car -1 -1 0.00 0.00 0.00 100.00 100.00 -1000 1.59 3.70 -2.95 -1000 40.68 0.07 267.357
car -1 -1 0.00 0.00 0.00 100.00 100.00 -1000 3.36 16.16 16.28 -1000 26.99 1.66 261.896
car -1 -1 0.00 0.00 0.00 100.00 100.00 -1000 1.81 5.12 -1.56 -1000 13.56 1.66 256.121
car -1 -1 0.00 0.00 0.00 100.00 100.00 -1000 1.74 4.89 -3.65 -1000 33.66 1.71 249.176
car -1 -1 0.00 0.00 0.00 100.00 100.00 -1000 1.88 5.53 14.79 -1000 38.63 1.57 242.224
car -1 -1 0.00 0.00 0.00 100.00 100.00 -1000 1.93 5.77 12.55 -1000 23.84 1.72 238.709
car -1 -1 0.00 0.00 0.00 100.00 100.00 -1000 1.76 4.64 10.21 -1000 24.03 1.75 230.826
car -1 -1 0.00 0.00 0.00 100.00 100.00 -1000 2.88 14.09 17.64 -1000 41.64 1.61 229.601
car -1 -1 0.00 0.00 0.00 100.00 100.00 -1000 1.90 5.92 9.34 -1000 32.38 1.73 229.102
car -1 -1 0.00 0.00 0.00 100.00 100.00 -1000 1.80 5.13 11.64 -1000 24.71 1.65 227.035
car -1 -1 0.00 0.00 0.00 100.00 100.00 -1000 1.70 4.59 -5.00 -1000 46.67 1.73 219.672
car -1 -1 0.00 0.00 0.00 100.00 100.00 -1000 1.72 5.14 -16.34 -1000 20.28 1.50 216.874
car -1 -1 0.00 0.00 0.00 100.00 100.00 -1000 1.60 3.89 5.34 -1000 32.73 0.11 216.518
car -1 -1 0.00 0.00 0.00 100.00 100.00 -1000 1.80 5.15 -0.15 -1000 10.93 1.57 215.040
car -1 -1 0.00 0.00 0.00 100.00 100.00 -1000 2.10 6.88 3.85 -1000 18.37 1.80 214.843
car -1 -1 0.00 0.00 0.00 100.00 100.00 -1000 1.95 6.08 9.62 -1000 39.05 1.79 208.981
car -1 -1 0.00 0.00 0.00 100.00 100.00 -1000 1.69 4.47 7.84 -1000 42.00 -0.01 208.031
car -1 -1 0.00 0.00 0.00 100.00 100.00 -1000 2.05 6.56 -1.46 -1000 42.05 1.64 203.749
car -1 -1 0.00 0.00 0.00 100.00 100.00 -1000 2.26 7.96 8.37 -1000 41.27 1.54 202.394
car -1 -1 0.00 0.00 0.00 100.00 100.00 -1000 2.10 7.41 6.48 -1000 40.08 1.57 202.342
car -1 -1 0.00 0.00 0.00 100.00 100.00 -1000 2.05 7.33 2.75 -1000 9.02 1.82 200.831
car -1 -1 0.00 0.00 0.00 100.00 100.00 -1000 1.70 4.70 2.13 -1000 16.93 1.84 200.088
car -1 -1 0.00 0.00 0.00 100.00 100.00 -1000 1.59 4.16 4.86 -1000 43.13 0.29 198.752
car -1 -1 0.00 0.00 0.00 100.00 100.00 -1000 1.76 5.18 -6.93 -1000 25.17 1.68 196.760
car -1 -1 0.00 0.00 0.00 100.00 100.00 -1000 2.04 6.80 4.84 -1000 46.14 1.53 194.608
car -1 -1 0.00 0.00 0.00 100.00 100.00 -1000 1.86 5.54 -7.21 -1000 46.26 1.54 191.081
car -1 -1 0.00 0.00 0.00 100.00 100.00 -1000 1.86 5.53 2.80 -1000 35.06 1.66 186.849
car -1 -1 0.00 0.00 0.00 100.00 100.00 -1000 2.14 7.51 13.26 -1000 41.33 1.62 181.269
car -1 -1 0.00 0.00 0.00 100.00 100.00 -1000 1.95 6.05 4.42 -1000 34.38 1.62 173.806
car -1 -1 0.00 0.00 0.00 100.00 100.00 -1000 1.65 4.54 -15.31 -1000 19.24 1.56 169.858
car -1 -1 0.00 0.00 0.00 100.00 100.00 -1000 2.03 7.37 -13.96 -1000 45.44 1.78 166.828
car -1 -1 0.00 0.00 0.00 100.00 100.00 -1000 2.01 6.02 16.69 -1000 39.37 1.57 165.034
car -1 -1 0.00 0.00 0.00 100.00 100.00 -1000 1.74 5.06 -16.43 -1000 41.84 1.71 155.653
car -1 -1 0.00 0.00 0.00 100.00 100.00 -1000 2.34 8.71 8.82 -1000 36.62 1.54 155.254
car -1 -1 0.00 0.00 0.00 100.00 100.00 -1000 1.84 5.11 7.74 -1000 38.51 1.76 147.433
car -1 -1 0.00 0.00 0.00 100.00 100.00 -1000 2.83 13.03 8.99 -1000 45.47 1.67 146.160
car -1 -1 0.00 0.00 0.00 100.00 100.00 -1000 1.77 4.95 -2.73 -1000 36.14 1.85 145.257
car -1 -1 0.00 0.00 0.00 100.00 100.00 -1000 1.65 4.07 8.38 -1000 37.43 -0.03 143.069
car -1 -1 0.00 0.00 0.00 100.00 100.00 -1000 1.51 3.72 -5.48 -1000 34.14 0.05 142.051
car -1 -1 0.00 0.00 0.00 100.00 100.00 -1000 2.02 8.02 -18.08 -1000 30.35 1.43 141.234
car -1 -1 0.00 0.00 0.00 100.00 100.00 -1000 2.06 6.68 12.97 -1000 38.30 1.61 139.857
car -1 -1 0.00 0.00 0.00 100.00 100.00 -1000 1.58 3.62 0.32 -1000 27.12 0.09 133.762
car -1 -1 0.00 0.00 0.00 100.00 100.00 -1000 1.97 6.47 4.53 -1000 36.40 1.81 133.694
car -1 -1 0.00 0.00 0.00 100.00 100.00 -1000 2.00 5.97 14.05 -1000 40.15 1.57 132.863
car -1 -1 0.00 0.00 0.00 100.00 100.00 -1000 1.72 4.96 9.48 -1000 21.73 1.65 130.886
car -1 -1 0.00 0.00 0.00 100.00 100.00 -1000 1.65 4.87 -2.66 -1000 46.29 1.80 130.468
car -1 -1 0.00 0.00 0.00 100.00 100.00 -1000 1.85 5.16 -1.45 -1000 36.94 1.73 125.429
car -1 -1 0.00 0.00 0.00 100.00 100.00 -1000 1.75 5.02 1.05 -1000 27.98 1.64 123.602
car -1 -1 0.00 0.00 0.00 100.00 100.00 -1000 2.81 14.83 4.65 -1000 19.73 1.66 121.054
car -1 -1 0.00 0.00 0.00 100.00 100.00 -1000 1.93 5.30 17.83 -1000 22.65 1.83 121.044
car -1 -1 0.00 0.00 0.00 100.00 100.00 -1000 2.07 6.87 6.13 -1000 45.47 1.51 119.378
car -1 -1 0.00 0.00 0.00 100.00 100.00 -1000 1.78 5.10 -6.69 -1000 26.08 1.52 118.766
car -1 -1 0.00 0.00 0.00 100.00 100.00 -1000 1.65 4.43 13.29 -1000 36.79 -0.08 118.718
car -1 -1 0.00 0.00 0.00 100.00 100.00 -1000 1.68 3.98 2.03 -1000 40.44 0.08 118.405
car -1 -1 0.00 0.00 0.00 100.00 100.00 -1000 1.75 4.86 -5.53 -1000 39.96 1.58 118.264
car -1 -1 0.00 0.00 0.00 100.00 100.00 -1000 2.15 7.30 7.62 -1000 43.84 1.71 118.108
car -1 -1 0.00 0.00 0.00 100.00 100.00 -1000 2.54 10.52 7.49 -1000 35.15 1.58 117.412
car -1 -1 0.00 0.00 0.00 100.00 100.00 -1000 2.49 9.07 17.31 -1000 40.08 1.64 117.123
car -1 -1 0.00 0.00 0.00 100.00 100.00 -1000 2.12 7.01 9.35 -1000 40.21 1.66 114.381
car -1 -1 0.00 0.00 0.00 100.00 100.00 -1000 2.01 6.70 -14.90 -1000 43.38 1.65 113.444
car -1 -1 0.00 0.00 0.00 100.00 100.00 -1000 1.75 5.29 -16.97 -1000 21.49 1.50 111.991
car -1 -1 0.00 0.00 0.00 100.00 100.00 -1000 1.94 6.27 -5.90 -1000 35.04 1.58 108.335
car -1 -1 0.00 0.00 0.00 100.00 100.00 -1000 2.57 12.27 7.51 -1000 46.48 1.68 107.667
car -1 -1 0.00 0.00 0.00 100.00 100.00 -1000 1.98 7.72 7.72 -1000 47.26 1.58 106.606
car -1 -1 0.00 0.00 0.00 100.00 100.00 -1000 2.11 7.51 -12.64 -1000 46.30 1.70 106.251
car -1 -1 0.00 0.00 0.00 100.00 100.00 -1000 1.84 5.99 8.84 -1000 31.52 1.58 103.642
car -1 -1 0.00 0.00 0.00 100.00 100.00 -1000 1.88 5.79 -4.55 -1000 32.81 1.66 103.438
car -1 -1 0.00 0.00 0.00 100.00 100.00 -1000 2.04 6.32 1.22 -1000 41.05 1.65 100.544
car -1 -1 0.00 0.00 0.00 100.00 100.00 -1000 1.85 6.04 -14.96 -1000 42.30 1.54 99.222
car -1 -1 0.00 0.00 0.00 100.00 100.00 -1000 2.18 8.34 11.85 -1000 27.23 1.48 97.516
car -1 -1 0.00 0.00 0.00 100.00 100.00 -1000 2.74 14.87 16.98 -1000 42.88 1.54 96.510
car -1 -1 0.00 0.00 0.00 100.00 100.00 -1000 1.74 5.15 3.65 -1000 33.57 0.22 94.511
car -1 -1 0.00 0.00 0.00 100.00 100.00 -1000 2.18 7.69 2.14 -1000 17.41 1.77 93.295
car -1 -1 0.00 0.00 0.00 100.00 100.00 -1000 1.90 6.06 -16.39 -1000 36.92 1.68 92.669
car -1 -1 0.00 0.00 0.00 100.00 100.00 -1000 2.23 7.72 4.17 -1000 16.42 1.81 91.387
car -1 -1 0.00 0.00 0.00 100.00 100.00 -1000 1.90 6.02 -6.85 -1000 33.55 1.62 90.504
car -1 -1 0.00 0.00 0.00 100.00 100.00 -1000 2.09 8.11 -6.17 -1000 38.29 1.69 89.745
car -1 -1 0.00 0.00 0.00 100.00 100.00 -1000 2.06 7.38 -10.48 -1000 39.36 1.69 89.433
car -1 -1 0.00 0.00 0.00 100.00 100.00 -1000 1.67 4.96 11.07 -1000 36.51 -0.14 89.321
car -1 -1 0.00 0.00 0.00 100.00 100.00 -1000 1.99 6.36 19.90 -1000 22.05 1.84 88.017
car -1 -1 0.00 0.00 0.00 100.00 100.00 -1000 2.03 6.74 -9.39 -1000 45.55 1.51 87.984
car -1 -1 0.00 0.00 0.00 100.00 100.00 -1000 2.13 7.84 -15.48 -1000 38.17 1.69 87.731
car -1 -1 0.00 0.00 0.00 100.00 100.00 -1000 2.54 9.97 4.40 -1000 19.03 1.78 87.348
car -1 -1 0.00 0.00 0.00 100.00 100.00 -1000 2.07 7.02 8.57 -1000 9.63 1.69 86.700
car -1 -1 0.00 0.00 0.00 100.00 100.00 -1000 1.70 4.36 -6.13 -1000 39.04 -0.09 86.406
car -1 -1 0.00 0.00 0.00 100.00 100.00 -1000 2.21 8.40 -13.07 -1000 39.78 1.52 85.904
car -1 -1 0.00 0.00 0.00 100.00 100.00 -1000 1.63 3.93 9.04 -1000 39.79 -0.16 82.781
car -1 -1 0.00 0.00 0.00 100.00 100.00 -1000 1.98 7.06 -14.04 -1000 44.17 1.58 82.268
car -1 -1 0.00 0.00 0.00 100.00 100.00 -1000 1.76 4.96 -0.61 -1000 47.82 1.73 82.245
car -1 -1 0.00 0.00 0.00 100.00 100.00 -1000 1.97 6.61 11.54 -1000 22.90 1.77 81.655
car -1 -1 0.00 0.00 0.00 100.00 100.00 -1000 2.14 8.22 -12.09 -1000 43.04 1.74 81.235
car -1 -1 0.00 0.00 0.00 100.00 100.00 -1000 1.64 4.15 -7.98 -1000 44.96 1.58 80.764
car -1 -1 0.00 0.00 0.00 100.00 100.00 -1000 2.09 6.65 2.09 -1000 10.27 1.67 80.694
car -1 -1 0.00 0.00 0.00 100.00 100.00 -1000 2.10 7.56 -11.27 -1000 38.20 1.75 80.466
car -1 -1 0.00 0.00 0.00 100.00 100.00 -1000 2.25 8.37 12.63 -1000 25.36 1.69 77.079
car -1 -1 0.00 0.00 0.00 100.00 100.00 -1000 1.58 3.85 -13.51 -1000 46.19 -0.20 77.036
car -1 -1 0.00 0.00 0.00 100.00 100.00 -1000 1.87 6.37 -5.94 -1000 44.85 1.69 74.562
car -1 -1 0.00 0.00 0.00 100.00 100.00 -1000 2.02 7.96 -18.74 -1000 28.95 1.38 73.254
car -1 -1 0.00 0.00 0.00 100.00 100.00 -1000 2.01 7.26 -12.79 -1000 41.74 1.69 73.143
car -1 -1 0.00 0.00 0.00 100.00 100.00 -1000 1.77 5.75 2.02 -1000 26.83 1.54 71.176
car -1 -1 0.00 0.00 0.00 100.00 100.00 -1000 2.77 11.40 5.00 -1000 17.91 1.70 70.985
car -1 -1 0.00 0.00 0.00 100.00 100.00 -1000 2.01 7.81 6.69 -1000 15.86 1.57 70.970
car -1 -1 0.00 0.00 0.00 100.00 100.00 -1000 2.69 11.74 10.13 -1000 42.12 1.64 70.368
car -1 -1 0.00 0.00 0.00 100.00 100.00 -1000 1.91 6.27 -9.66 -1000 33.72 1.53 70.351
car -1 -1 0.00 0.00 0.00 100.00 100.00 -1000 2.73 13.53 10.98 -1000 44.15 1.53 69.806
car -1 -1 0.00 0.00 0.00 100.00 100.00 -1000 1.87 5.95 -15.67 -1000 41.14 1.52 69.415
car -1 -1 0.00 0.00 0.00 100.00 100.00 -1000 2.17 7.41 8.22 -1000 42.72 1.70 68.658
car -1 -1 0.00 0.00 0.00 100.00 100.00 -1000 1.94 6.79 -11.49 -1000 44.22 1.67 67.906
car -1 -1 0.00 0.00 0.00 100.00 100.00 -1000 1.62 4.35 -17.83 -1000 41.38 0.19 67.790
car -1 -1 0.00 0.00 0.00 100.00 100.00 -1000 1.50 3.50 -14.32 -1000 45.34 -0.44 64.903
car -1 -1 0.00 0.00 0.00 100.00 100.00 -1000 2.32 8.69 2.83 -1000 42.21 1.60 64.300
car -1 -1 0.00 0.00 0.00 100.00 100.00 -1000 2.43 8.84 4.60 -1000 43.19 1.68 64.043
car -1 -1 0.00 0.00 0.00 100.00 100.00 -1000 2.10 7.69 -8.85 -1000 34.98 1.57 63.147
car -1 -1 0.00 0.00 0.00 100.00 100.00 -1000 1.64 4.29 8.72 -1000 41.19 0.00 58.332
car -1 -1 0.00 0.00 0.00 100.00 100.00 -1000 2.59 9.57 12.64 -1000 39.03 1.61 57.902
car -1 -1 0.00 0.00 0.00 100.00 100.00 -1000 2.42 9.29 11.56 -1000 26.21 1.64 57.731
car -1 -1 0.00 0.00 0.00 100.00 100.00 -1000 1.75 6.17 -1.58 -1000 28.80 1.60 57.453
car -1 -1 0.00 0.00 0.00 100.00 100.00 -1000 2.24 9.90 8.56 -1000 25.37 1.50 55.186
car -1 -1 0.00 0.00 0.00 100.00 100.00 -1000 1.63 3.81 0.36 -1000 39.58 -0.05 54.406
car -1 -1 0.00 0.00 0.00 100.00 100.00 -1000 1.85 5.68 -5.51 -1000 45.90 1.68 53.945
car -1 -1 0.00 0.00 0.00 100.00 100.00 -1000 2.06 7.44 -16.78 -1000 35.26 1.59 53.614
car -1 -1 0.00 0.00 0.00 100.00 100.00 -1000 2.85 9.04 0.37 -1000 13.29 1.92 53.523
car -1 -1 0.00 0.00 0.00 100.00 100.00 -1000 2.09 8.26 11.13 -1000 35.35 1.54 53.498
car -1 -1 0.00 0.00 0.00 100.00 100.00 -1000 2.08 6.92 -4.20 -1000 35.67 1.57 53.126
car -1 -1 0.00 0.00 0.00 100.00 100.00 -1000 2.07 7.93 -11.47 -1000 36.13 1.46 52.927
car -1 -1 0.00 0.00 0.00 100.00 100.00 -1000 2.21 8.17 -6.18 -1000 40.55 1.57 52.740
car -1 -1 0.00 0.00 0.00 100.00 100.00 -1000 1.97 6.51 -17.91 -1000 36.23 1.50 50.800
car -1 -1 0.00 0.00 0.00 100.00 100.00 -1000 1.93 6.68 -13.52 -1000 32.13 1.47 50.721
car -1 -1 0.00 0.00 0.00 100.00 100.00 -1000 1.65 4.22 13.02 -1000 40.92 0.00 50.548
