car -1 -1 0.00 0.00 0.00 100.00 100.00 -1000 1.74 4.32 -3.19 -1000 33.70 1.61 997.993
car -1 -1 0.00 0.00 0.00 100.00 100.00 -1000 1.89 4.84 -2.72 -1000 34.49 1.72 992.982
car -1 -1 0.00 0.00 0.00 100.00 100.00 -1000 1.58 3.69 -11.60 -1000 42.07 1.63 990.017
car -1 -1 0.00 0.00 0.00 100.00 100.00 -1000 2.27 7.45 -2.13 -1000 35.12 1.65 983.155
car -1 -1 0.00 0.00 0.00 100.00 100.00 -1000 1.55 3.61 -11.16 -1000 36.33 1.64 976.973
car -1 -1 0.00 0.00 0.00 100.00 100.00 -1000 1.59 3.79 13.09 -1000 20.58 -0.53 971.384
car -1 -1 0.00 0.00 0.00 100.00 100.00 -1000 3.15 15.20 -3.15 -1000 37.10 1.83 969.797
car -1 -1 0.00 0.00 0.00 100.00 100.00 -1000 2.52 10.00 -2.24 -1000 36.05 1.82 968.259
car -1 -1 0.00 0.00 0.00 100.00 100.00 -1000 1.63 3.81 6.42 -1000 22.03 1.63 966.517
car -1 -1 0.00 0.00 0.00 100.00 100.00 -1000 1.51 3.51 -18.41 -1000 24.09 1.69 953.430
car -1 -1 0.00 0.00 0.00 100.00 100.00 -1000 1.60 4.01 -9.53 -1000 21.64 1.75 896.138
car -1 -1 0.00 0.00 0.00 100.00 100.00 -1000 1.64 4.34 -1.56 -1000 34.02 1.68 880.174
car -1 -1 0.00 0.00 0.00 100.00 100.00 -1000 1.57 3.81 -9.79 -1000 25.29 1.68 875.878
car -1 -1 0.00 0.00 0.00 100.00 100.00 -1000 1.53 3.62 -12.23 -1000 41.27 -0.02 815.543
car -1 -1 0.00 0.00 0.00 100.00 100.00 -1000 2.44 9.20 -2.21 -1000 37.63 1.74 803.856
car -1 -1 0.00 0.00 0.00 100.00 100.00 -1000 1.44 3.28 -19.29 -1000 33.27 1.58 800.189
car -1 -1 0.00 0.00 0.00 100.00 100.00 -1000 1.65 4.11 3.90 -1000 23.73 1.60 784.092
car -1 -1 0.00 0.00 0.00 100.00 100.00 -1000 2.53 10.56 0.56 -1000 37.16 1.63 757.557
car -1 -1 0.00 0.00 0.00 100.00 100.00 -1000 1.56 3.78 7.67 -1000 9.88 -0.51 750.159
car -1 -1 0.00 0.00 0.00 100.00 100.00 -1000 1.52 3.51 -11.54 -1000 35.59 -0.02 740.589
car -1 -1 0.00 0.00 0.00 100.00 100.00 -1000 1.63 3.99 -2.78 -1000 32.92 -0.07 730.721
car -1 -1 0.00 0.00 0.00 100.00 100.00 -1000 1.76 4.81 0.06 -1000 33.83 1.79 701.718
car -1 -1 0.00 0.00 0.00 100.00 100.00 -1000 1.59 3.90 5.24 -1000 22.97 -0.30 700.559
car -1 -1 0.00 0.00 0.00 100.00 100.00 -1000 1.89 5.33 -11.10 -1000 42.67 1.62 672.217
car -1 -1 0.00 0.00 0.00 100.00 100.00 -1000 1.66 4.14 13.84 -1000 21.24 -0.73 664.301
car -1 -1 0.00 0.00 0.00 100.00 100.00 -1000 1.55 3.69 -10.25 -1000 21.07 -0.09 641.596
car -1 -1 0.00 0.00 0.00 100.00 100.00 -1000 1.78 4.96 -9.51 -1000 25.98 1.66 639.387
car -1 -1 0.00 0.00 0.00 100.00 100.00 -1000 1.47 3.43 8.29 -1000 10.52 -0.41 631.119
car -1 -1 0.00 0.00 0.00 100.00 100.00 -1000 2.06 6.40 3.10 -1000 36.09 1.59 605.944
car -1 -1 0.00 0.00 0.00 100.00 100.00 -1000 1.48 3.44 -10.72 -1000 24.84 -0.08 601.030
car -1 -1 0.00 0.00 0.00 100.00 100.00 -1000 1.50 3.54 -18.87 -1000 23.43 -0.10 600.512
car -1 -1 0.00 0.00 0.00 100.00 100.00 -1000 1.58 3.95 6.83 -1000 20.79 -0.27 591.715
car -1 -1 0.00 0.00 0.00 100.00 100.00 -1000 1.66 4.18 13.41 -1000 19.64 -0.21 590.748
car -1 -1 0.00 0.00 0.00 100.00 100.00 -1000 2.57 10.51 -5.01 -1000 38.04 1.75 565.097
car -1 -1 0.00 0.00 0.00 100.00 100.00 -1000 1.68 4.50 -19.69 -1000 41.57 1.42 470.561
car -1 -1 0.00 0.00 0.00 100.00 100.00 -1000 1.81 5.03 -19.14 -1000 34.93 1.49 463.904
car -1 -1 0.00 0.00 0.00 100.00 100.00 -1000 1.82 5.13 6.69 -1000 22.68 1.65 380.890
car -1 -1 0.00 0.00 0.00 100.00 100.00 -1000 1.58 3.76 -1.81 -1000 41.89 0.06 375.210
car -1 -1 0.00 0.00 0.00 100.00 100.00 -1000 1.56 3.77 -19.40 -1000 34.26 1.64 370.480
car -1 -1 0.00 0.00 0.00 100.00 100.00 -1000 1.86 5.37 4.51 -1000 36.62 1.57 358.809
car -1 -1 0.00 0.00 0.00 100.00 100.00 -1000 1.65 4.37 7.67 -1000 21.50 1.67 358.578
car -1 -1 0.00 0.00 0.00 100.00 100.00 -1000 1.86 5.43 12.88 -1000 21.96 1.59 352.835
car -1 -1 0.00 0.00 0.00 100.00 100.00 -1000 1.78 5.08 -3.20 -1000 32.20 -0.13 345.714
car -1 -1 0.00 0.00 0.00 100.00 100.00 -1000 2.08 6.73 3.57 -1000 37.30 1.56 338.332
car -1 -1 0.00 0.00 0.00 100.00 100.00 -1000 1.74 4.76 4.39 -1000 22.14 1.59 333.047
car -1 -1 0.00 0.00 0.00 100.00 100.00 -1000 2.02 6.51 -10.46 -1000 36.84 1.69 328.721
car -1 -1 0.00 0.00 0.00 100.00 100.00 -1000 2.25 7.39 -7.27 -1000 36.12 1.69 327.249
car -1 -1 0.00 0.00 0.00 100.00 100.00 -1000 1.74 4.59 -0.77 -1000 42.79 1.65 313.476
car -1 -1 0.00 0.00 0.00 100.00 100.00 -1000 1.47 3.57 17.53 -1000 28.35 0.19 308.772
car -1 -1 0.00 0.00 0.00 100.00 100.00 -1000 2.06 6.92 8.92 -1000 24.75 1.54 291.771
car -1 -1 0.00 0.00 0.00 100.00 100.00 -1000 2.11 7.08 5.15 -1000 24.28 1.82 286.321
car -1 -1 0.00 0.00 0.00 100.00 100.00 -1000 1.83 5.72 2.91 -1000 45.35 1.53 281.291
car -1 -1 0.00 0.00 0.00 100.00 100.00 -1000 2.73 10.57 -7.86 -1000 36.85 1.70 279.018
car -1 -1 0.00 0.00 0.00 100.00 100.00 -1000 1.65 4.35 5.27 -1000 21.22 1.59 275.200
car -1 -1 0.00 0.00 0.00 100.00 100.00 -1000 1.59 4.21 -10.56 -1000 41.50 -0.02 274.616
car -1 -1 0.00 0.00 0.00 100.00 100.00 -1000 2.02 6.22 -8.55 -1000 22.19 1.81 273.454
car -1 -1 0.00 0.00 0.00 100.00 100.00 -1000 1.72 4.38 -1.16 -1000 33.03 -0.14 272.020
car -1 -1 0.00 0.00 0.00 100.00 100.00 -1000 1.79 5.25 4.51 -1000 34.28 1.72 267.637
car -1 -1 0.00 0.00 0.00 100.00 100.00 -1000 1.71 4.57 4.75 -1000 35.56 1.57 261.168
car -1 -1 0.00 0.00 0.00 100.00 100.00 -1000 1.78 5.31 -17.11 -1000 24.54 1.70 259.663
car -1 -1 0.00 0.00 0.00 100.00 100.00 -1000 1.63 4.19 0.93 -1000 33.18 -0.09 253.622
car -1 -1 0.00 0.00 0.00 100.00 100.00 -1000 2.21 7.96 -9.33 -1000 43.07 1.78 251.982
car -1 -1 0.00 0.00 0.00 100.00 100.00 -1000 1.77 5.11 0.96 -1000 45.02 1.63 245.390
car -1 -1 0.00 0.00 0.00 100.00 100.00 -1000 1.99 6.39 8.55 -1000 22.42 1.63 244.093
car -1 -1 0.00 0.00 0.00 100.00 100.00 -1000 1.52 3.76 -20.01 -1000 32.57 -0.02 242.081
car -1 -1 0.00 0.00 0.00 100.00 100.00 -1000 2.04 6.36 -9.53 -1000 42.10 1.76 229.366
car -1 -1 0.00 0.00 0.00 100.00 100.00 -1000 1.96 6.44 12.80 -1000 24.83 1.52 227.087
car -1 -1 0.00 0.00 0.00 100.00 100.00 -1000 1.89 5.66 -9.41 -1000 22.92 1.64 225.360
car -1 -1 0.00 0.00 0.00 100.00 100.00 -1000 1.56 4.12 3.85 -1000 35.00 -0.31 220.999
car -1 -1 0.00 0.00 0.00 100.00 100.00 -1000 1.68 4.36 1.89 -1000 30.27 1.52 220.791
car -1 -1 0.00 0.00 0.00 100.00 100.00 -1000 1.71 4.60 1.01 -1000 41.99 1.50 215.929
car -1 -1 0.00 0.00 0.00 100.00 100.00 -1000 2.33 10.39 -6.59 -1000 39.05 1.64 212.538
car -1 -1 0.00 0.00 0.00 100.00 100.00 -1000 1.79 4.91 11.13 -1000 20.28 1.64 210.736
car -1 -1 0.00 0.00 0.00 100.00 100.00 -1000 1.86 5.60 16.06 -1000 28.12 1.60 198.311
car -1 -1 0.00 0.00 0.00 100.00 100.00 -1000 2.52 11.46 8.02 -1000 39.39 1.55 197.144
car -1 -1 0.00 0.00 0.00 100.00 100.00 -1000 1.64 4.54 6.25 -1000 8.53 1.66 196.004
car -1 -1 0.00 0.00 0.00 100.00 100.00 -1000 1.53 3.96 -2.87 -1000 42.40 0.38 183.558
car -1 -1 0.00 0.00 0.00 100.00 100.00 -1000 1.98 6.65 12.26 -1000 23.14 1.75 180.918
car -1 -1 0.00 0.00 0.00 100.00 100.00 -1000 1.77 5.02 -18.36 -1000 25.29 1.58 179.109
car -1 -1 0.00 0.00 0.00 100.00 100.00 -1000 1.50 3.88 8.00 -1000 9.16 -0.14 178.311
car -1 -1 0.00 0.00 0.00 100.00 100.00 -1000 1.53 4.17 -4.40 -1000 33.18 0.20 177.920
car -1 -1 0.00 0.00 0.00 100.00 100.00 -1000 1.68 4.77 -0.34 -1000 41.43 0.30 177.822
car -1 -1 0.00 0.00 0.00 100.00 100.00 -1000 1.85 5.53 1.94 -1000 33.97 1.62 176.884
car -1 -1 0.00 0.00 0.00 100.00 100.00 -1000 2.46 11.32 -6.71 -1000 27.84 1.66 174.850
car -1 -1 0.00 0.00 0.00 100.00 100.00 -1000 1.71 4.64 7.99 -1000 20.41 1.71 168.380
car -1 -1 0.00 0.00 0.00 100.00 100.00 -1000 1.95 6.48 1.60 -1000 32.09 1.63 168.102
car -1 -1 0.00 0.00 0.00 100.00 100.00 -1000 2.22 7.84 8.04 -1000 23.64 1.61 166.979
car -1 -1 0.00 0.00 0.00 100.00 100.00 -1000 1.74 4.82 14.54 -1000 20.33 1.75 164.410
car -1 -1 0.00 0.00 0.00 100.00 100.00 -1000 2.27 8.39 0.65 -1000 34.68 1.66 164.060
car -1 -1 0.00 0.00 0.00 100.00 100.00 -1000 1.46 3.59 -18.77 -1000 22.57 -0.09 162.806
car -1 -1 0.00 0.00 0.00 100.00 100.00 -1000 2.08 7.52 12.39 -1000 26.85 1.74 160.172
car -1 -1 0.00 0.00 0.00 100.00 100.00 -1000 2.14 7.57 7.31 -1000 10.71 1.66 159.239
car -1 -1 0.00 0.00 0.00 100.00 100.00 -1000 1.57 3.67 11.57 -1000 35.46 -0.07 158.457
car -1 -1 0.00 0.00 0.00 100.00 100.00 -1000 1.56 4.19 -8.62 -1000 20.09 1.69 152.418
car -1 -1 0.00 0.00 0.00 100.00 100.00 -1000 2.35 8.95 2.47 -1000 38.14 1.56 150.658
car -1 -1 0.00 0.00 0.00 100.00 100.00 -1000 1.64 4.10 5.82 -1000 25.19 -0.33 145.412
car -1 -1 0.00 0.00 0.00 100.00 100.00 -1000 1.76 4.89 -15.58 -1000 45.45 1.59 145.027
car -1 -1 0.00 0.00 0.00 100.00 100.00 -1000 1.68 4.86 -11.26 -1000 34.97 1.90 142.749
car -1 -1 0.00 0.00 0.00 100.00 100.00 -1000 2.02 6.93 -10.91 -1000 34.24 1.64 142.082
car -1 -1 0.00 0.00 0.00 100.00 100.00 -1000 1.95 6.07 9.81 -1000 21.50 1.68 141.708
car -1 -1 0.00 0.00 0.00 100.00 100.00 -1000 1.60 3.71 12.41 -1000 24.31 -0.12 141.017
car -1 -1 0.00 0.00 0.00 100.00 100.00 -1000 1.58 3.85 5.27 -1000 24.26 -0.65 137.547
car -1 -1 0.00 0.00 0.00 100.00 100.00 -1000 1.79 5.23 -10.58 -1000 29.36 1.56 136.820
car -1 -1 0.00 0.00 0.00 100.00 100.00 -1000 1.91 7.44 -6.70 -1000 44.14 1.66 132.881
car -1 -1 0.00 0.00 0.00 100.00 100.00 -1000 1.60 4.32 -17.63 -1000 22.00 1.68 132.485
car -1 -1 0.00 0.00 0.00 100.00 100.00 -1000 1.57 3.67 -12.09 -1000 37.19 -0.13 131.554
car -1 -1 0.00 0.00 0.00 100.00 100.00 -1000 2.12 7.26 -4.95 -1000 34.49 1.77 130.961
car -1 -1 0.00 0.00 0.00 100.00 100.00 -1000 2.10 7.20 11.63 -1000 25.54 1.64 129.497
car -1 -1 0.00 0.00 0.00 100.00 100.00 -1000 1.79 5.65 3.97 -1000 46.29 1.49 129.018
car -1 -1 0.00 0.00 0.00 100.00 100.00 -1000 1.57 3.87 12.73 -1000 16.11 -0.05 127.450
car -1 -1 0.00 0.00 0.00 100.00 100.00 -1000 1.63 4.54 -10.22 -1000 35.86 -0.08 126.962
car -1 -1 0.00 0.00 0.00 100.00 100.00 -1000 1.83 5.72 -19.56 -1000 40.82 1.54 126.432
car -1 -1 0.00 0.00 0.00 100.00 100.00 -1000 1.67 4.65 18.70 -1000 27.96 1.73 126.010
car -1 -1 0.00 0.00 0.00 100.00 100.00 -1000 1.89 5.67 2.01 -1000 31.02 1.57 125.296
car -1 -1 0.00 0.00 0.00 100.00 100.00 -1000 1.91 5.68 -11.93 -1000 40.63 1.67 124.138
car -1 -1 0.00 0.00 0.00 100.00 100.00 -1000 2.12 6.74 -5.99 -1000 21.71 1.81 118.537
car -1 -1 0.00 0.00 0.00 100.00 100.00 -1000 1.81 5.54 3.37 -1000 22.78 1.63 115.641
car -1 -1 0.00 0.00 0.00 100.00 100.00 -1000 2.15 6.99 -7.35 -1000 25.64 1.80 114.574
car -1 -1 0.00 0.00 0.00 100.00 100.00 -1000 1.84 5.76 -18.81 -1000 42.26 1.59 113.735
car -1 -1 0.00 0.00 0.00 100.00 100.00 -1000 1.80 5.14 -13.14 -1000 35.92 1.65 112.929
car -1 -1 0.00 0.00 0.00 100.00 100.00 -1000 1.88 5.95 -9.96 -1000 26.84 1.71 112.824
car -1 -1 0.00 0.00 0.00 100.00 100.00 -1000 2.24 8.12 3.61 -1000 25.24 1.45 112.820
car -1 -1 0.00 0.00 0.00 100.00 100.00 -1000 1.82 5.35 17.55 -1000 28.93 1.61 110.975
car -1 -1 0.00 0.00 0.00 100.00 100.00 -1000 2.30 8.44 -11.56 -1000 43.62 1.64 110.177
car -1 -1 0.00 0.00 0.00 100.00 100.00 -1000 1.71 4.87 -16.70 -1000 23.68 1.77 108.024
car -1 -1 0.00 0.00 0.00 100.00 100.00 -1000 1.84 5.89 -10.12 -1000 23.85 1.85 107.110
car -1 -1 0.00 0.00 0.00 100.00 100.00 -1000 1.95 5.77 -8.07 -1000 20.92 1.85 106.944
car -1 -1 0.00 0.00 0.00 100.00 100.00 -1000 1.87 5.80 13.79 -1000 18.80 1.68 102.483
car -1 -1 0.00 0.00 0.00 100.00 100.00 -1000 1.84 5.27 -13.23 -1000 41.76 1.66 102.479
car -1 -1 0.00 0.00 0.00 100.00 100.00 -1000 2.00 6.72 -18.91 -1000 35.64 1.48 100.343
car -1 -1 0.00 0.00 0.00 100.00 100.00 -1000 2.48 10.11 -5.53 -1000 26.68 1.59 97.945
car -1 -1 0.00 0.00 0.00 100.00 100.00 -1000 1.60 4.55 10.67 -1000 36.02 0.27 97.330
car -1 -1 0.00 0.00 0.00 100.00 100.00 -1000 1.67 4.98 -19.04 -1000 31.49 1.54 96.911
car -1 -1 0.00 0.00 0.00 100.00 100.00 -1000 2.29 8.92 14.72 -1000 23.59 1.66 95.775
car -1 -1 0.00 0.00 0.00 100.00 100.00 -1000 2.14 7.73 2.57 -1000 44.55 1.58 93.146
car -1 -1 0.00 0.00 0.00 100.00 100.00 -1000 2.30 10.66 -9.12 -1000 44.70 1.58 92.782
car -1 -1 0.00 0.00 0.00 100.00 100.00 -1000 1.54 3.46 11.96 -1000 26.70 -0.39 90.881
car -1 -1 0.00 0.00 0.00 100.00 100.00 -1000 2.09 7.57 13.16 -1000 27.92 1.65 88.848
car -1 -1 0.00 0.00 0.00 100.00 100.00 -1000 1.95 4.71 -2.62 -1000 35.98 -0.54 87.695
car -1 -1 0.00 0.00 0.00 100.00 100.00 -1000 1.89 6.40 -10.64 -1000 31.28 1.51 87.535
car -1 -1 0.00 0.00 0.00 100.00 100.00 -1000 1.70 4.77 5.98 -1000 7.11 1.70 84.323
car -1 -1 0.00 0.00 0.00 100.00 100.00 -1000 1.86 5.73 -17.34 -1000 33.67 1.71 81.566
car -1 -1 0.00 0.00 0.00 100.00 100.00 -1000 1.92 6.44 2.37 -1000 41.53 1.62 81.198
car -1 -1 0.00 0.00 0.00 100.00 100.00 -1000 2.25 7.81 6.43 -1000 25.57 1.64 80.841
car -1 -1 0.00 0.00 0.00 100.00 100.00 -1000 1.69 4.54 -1.73 -1000 31.70 1.66 78.612
car -1 -1 0.00 0.00 0.00 100.00 100.00 -1000 2.32 8.37 -4.84 -1000 25.25 1.62 76.507
car -1 -1 0.00 0.00 0.00 100.00 100.00 -1000 2.37 9.80 2.28 -1000 46.87 1.47 73.489
car -1 -1 0.00 0.00 0.00 100.00 100.00 -1000 1.96 5.93 -2.51 -1000 43.22 1.61 73.351
car -1 -1 0.00 0.00 0.00 100.00 100.00 -1000 1.96 6.99 -10.59 -1000 30.21 1.54 72.998
car -1 -1 0.00 0.00 0.00 100.00 100.00 -1000 1.87 6.45 0.90 -1000 40.89 -0.16 72.915
car -1 -1 0.00 0.00 0.00 100.00 100.00 -1000 2.16 7.70 13.65 -1000 28.84 1.64 71.665
car -1 -1 0.00 0.00 0.00 100.00 100.00 -1000 2.16 9.98 -6.97 -1000 40.08 1.64 71.621
car -1 -1 0.00 0.00 0.00 100.00 100.00 -1000 1.84 5.67 -11.78 -1000 39.56 1.59 71.066
car -1 -1 0.00 0.00 0.00 100.00 100.00 -1000 1.55 3.93 -10.19 -1000 22.27 -0.25 70.466
car -1 -1 0.00 0.00 0.00 100.00 100.00 -1000 2.57 12.34 9.19 -1000 37.71 1.49 69.880
car -1 -1 0.00 0.00 0.00 100.00 100.00 -1000 2.32 9.83 11.27 -1000 12.54 1.57 68.959
car -1 -1 0.00 0.00 0.00 100.00 100.00 -1000 1.49 3.16 12.05 -1000 23.51 -0.52 68.843
car -1 -1 0.00 0.00 0.00 100.00 100.00 -1000 1.98 6.19 11.20 -1000 36.79 1.59 67.815
car -1 -1 0.00 0.00 0.00 100.00 100.00 -1000 1.97 6.63 -10.45 -1000 28.62 1.58 66.543
car -1 -1 0.00 0.00 0.00 100.00 100.00 -1000 2.06 6.77 -12.48 -1000 45.05 1.49 66.293
car -1 -1 0.00 0.00 0.00 100.00 100.00 -1000 2.04 6.66 -9.28 -1000 40.97 1.69 65.968
car -1 -1 0.00 0.00 0.00 100.00 100.00 -1000 1.49 3.37 -4.37 -1000 34.25 0.35 65.539
car -1 -1 0.00 0.00 0.00 100.00 100.00 -1000 1.56 4.48 5.38 -1000 20.38 1.75 64.277
car -1 -1 0.00 0.00 0.00 100.00 100.00 -1000 2.27 9.23 -10.60 -1000 32.60 1.49 62.853
car -1 -1 0.00 0.00 0.00 100.00 100.00 -1000 1.87 6.26 -18.34 -1000 45.13 1.53 62.778
car -1 -1 0.00 0.00 0.00 100.00 100.00 -1000 2.00 6.78 -15.29 -1000 46.23 1.55 62.489
car -1 -1 0.00 0.00 0.00 100.00 100.00 -1000 1.69 4.12 11.62 -1000 25.91 -0.35 62.361
car -1 -1 0.00 0.00 0.00 100.00 100.00 -1000 1.87 6.29 12.01 -1000 34.91 1.65 62.183
car -1 -1 0.00 0.00 0.00 100.00 100.00 -1000 2.30 9.27 15.32 -1000 29.99 1.62 61.932
car -1 -1 0.00 0.00 0.00 100.00 100.00 -1000 1.93 5.94 -14.85 -1000 44.67 1.61 61.788
car -1 -1 0.00 0.00 0.00 100.00 100.00 -1000 2.35 9.61 9.47 -1000 26.24 1.57 61.435
car -1 -1 0.00 0.00 0.00 100.00 100.00 -1000 2.49 12.84 6.92 -1000 40.53 1.46 61.332
car -1 -1 0.00 0.00 0.00 100.00 100.00 -1000 2.14 7.88 4.04 -1000 39.04 1.53 61.081
car -1 -1 0.00 0.00 0.00 100.00 100.00 -1000 1.84 5.27 10.02 -1000 19.66 -0.10 60.831
car -1 -1 0.00 0.00 0.00 100.00 100.00 -1000 2.03 7.13 0.40 -1000 45.78 1.51 60.684
car -1 -1 0.00 0.00 0.00 100.00 100.00 -1000 2.37 10.31 -6.24 -1000 23.23 1.69 60.213
car -1 -1 0.00 0.00 0.00 100.00 100.00 -1000 1.87 5.60 1.13 -1000 43.85 1.48 59.916
car -1 -1 0.00 0.00 0.00 100.00 100.00 -1000 1.74 4.26 7.18 -1000 11.15 -0.03 59.364
car -1 -1 0.00 0.00 0.00 100.00 100.00 -1000 1.96 6.16 9.80 -1000 9.78 1.64 58.851
car -1 -1 0.00 0.00 0.00 100.00 100.00 -1000 1.91 6.07 2.05 -1000 29.52 1.62 58.313
car -1 -1 0.00 0.00 0.00 100.00 100.00 -1000 1.85 5.36 -18.35 -1000 32.53 1.65 57.939
car -1 -1 0.00 0.00 0.00 100.00 100.00 -1000 2.05 7.04 6.25 -1000 36.02 1.68 56.911
car -1 -1 0.00 0.00 0.00 100.00 100.00 -1000 1.95 6.92 -19.39 -1000 44.26 1.39 56.544
car -1 -1 0.00 0.00 0.00 100.00 100.00 -1000 2.35 8.61 -6.24 -1000 35.20 1.72 56.031
car -1 -1 0.00 0.00 0.00 100.00 100.00 -1000 2.06 6.55 -8.86 -1000 24.48 1.77 54.166
car -1 -1 0.00 0.00 0.00 100.00 100.00 -1000 2.18 7.94 15.91 -1000 27.48 1.61 53.711
car -1 -1 0.00 0.00 0.00 100.00 100.00 -1000 2.19 7.91 -6.91 -1000 33.85 1.73 52.707
car -1 -1 0.00 0.00 0.00 100.00 100.00 -1000 2.16 8.31 8.61 -1000 11.47 1.58 52.629
car -1 -1 0.00 0.00 0.00 100.00 100.00 -1000 2.21 7.78 14.99 -1000 21.65 1.63 52.044
car -1 -1 0.00 0.00 0.00 100.00 100.00 -1000 1.97 6.82 2.02 -1000 26.36 1.66 51.675
car -1 -1 0.00 0.00 0.00 100.00 100.00 -1000 2.36 9.04 2.86 -1000 42.21 1.67 51.657
car -1 -1 0.00 0.00 0.00 100.00 100.00 -1000 2.09 7.69 10.61 -1000 24.10 1.57 50.616
