car -1 -1 0.00 0.00 0.00 100.00 100.00 -1000 1.74 4.46 -4.28 -1000 12.16 1.57 998.225
car -1 -1 0.00 0.00 0.00 100.00 100.00 -1000 1.62 3.35 -4.49 -1000 11.47 1.49 984.678
car -1 -1 0.00 0.00 0.00 100.00 100.00 -1000 2.14 6.80 -3.06 -1000 12.92 1.64 976.673
car -1 -1 0.00 0.00 0.00 100.00 100.00 -1000 1.47 3.26 -16.02 -1000 21.50 1.61 971.450
car -1 -1 0.00 0.00 0.00 100.00 100.00 -1000 1.55 3.65 15.70 -1000 18.83 -0.07 926.123
car -1 -1 0.00 0.00 0.00 100.00 100.00 -1000 1.59 3.77 0.52 -1000 29.89 1.70 898.142
car -1 -1 0.00 0.00 0.00 100.00 100.00 -1000 1.55 3.53 5.77 -1000 7.68 1.67 878.869
car -1 -1 0.00 0.00 0.00 100.00 100.00 -1000 2.54 10.48 -5.21 -1000 14.09 1.57 856.187
car -1 -1 0.00 0.00 0.00 100.00 100.00 -1000 1.53 3.59 4.93 -1000 7.06 -0.24 854.570
car -1 -1 0.00 0.00 0.00 100.00 100.00 -1000 1.49 3.42 -0.08 -1000 29.24 -0.00 826.157
car -1 -1 0.00 0.00 0.00 100.00 100.00 -1000 1.58 4.09 7.84 -1000 14.05 -0.40 785.854
car -1 -1 0.00 0.00 0.00 100.00 100.00 -1000 1.76 4.49 5.04 -1000 18.60 -0.16 550.968
car -1 -1 0.00 0.00 0.00 100.00 100.00 -1000 1.59 4.04 1.07 -1000 28.88 0.00 531.847
car -1 -1 0.00 0.00 0.00 100.00 100.00 -1000 2.15 6.02 -5.06 -1000 15.05 1.48 525.105
car -1 -1 0.00 0.00 0.00 100.00 100.00 -1000 2.18 7.33 -2.69 -1000 14.91 1.56 509.278
car -1 -1 0.00 0.00 0.00 100.00 100.00 -1000 2.87 12.58 0.77 -1000 23.19 1.65 504.132
car -1 -1 0.00 0.00 0.00 100.00 100.00 -1000 1.61 3.88 8.24 -1000 13.09 -0.29 487.041
car -1 -1 0.00 0.00 0.00 100.00 100.00 -1000 1.63 4.35 4.40 -1000 6.09 -0.32 485.116
car -1 -1 0.00 0.00 0.00 100.00 100.00 -1000 1.51 3.67 -16.83 -1000 22.11 -0.11 475.987
car -1 -1 0.00 0.00 0.00 100.00 100.00 -1000 1.92 5.49 5.83 -1000 8.17 1.58 462.286
car -1 -1 0.00 0.00 0.00 100.00 100.00 -1000 1.56 3.91 14.46 -1000 18.53 -0.12 411.089
car -1 -1 0.00 0.00 0.00 100.00 100.00 -1000 2.31 7.91 8.46 -1000 14.60 1.49 358.180
car -1 -1 0.00 0.00 0.00 100.00 100.00 -1000 1.73 4.90 7.22 -1000 12.57 -0.03 341.558
car -1 -1 0.00 0.00 0.00 100.00 100.00 -1000 1.57 3.91 3.40 -1000 5.61 -0.14 336.939
car -1 -1 0.00 0.00 0.00 100.00 100.00 -1000 1.72 4.50 15.75 -1000 19.64 1.66 330.278
car -1 -1 0.00 0.00 0.00 100.00 100.00 -1000 2.22 7.67 -2.43 -1000 19.77 1.52 314.606
car -1 -1 0.00 0.00 0.00 100.00 100.00 -1000 1.92 6.06 -16.24 -1000 22.80 1.46 309.684
car -1 -1 0.00 0.00 0.00 100.00 100.00 -1000 1.67 4.40 2.88 -1000 28.58 -0.15 282.168
car -1 -1 0.00 0.00 0.00 100.00 100.00 -1000 1.57 4.31 -16.42 -1000 20.84 0.08 266.849
car -1 -1 0.00 0.00 0.00 100.00 100.00 -1000 1.64 4.18 1.93 -1000 29.71 1.74 256.116
car -1 -1 0.00 0.00 0.00 100.00 100.00 -1000 1.48 3.66 -17.50 -1000 21.50 0.15 232.534
car -1 -1 0.00 0.00 0.00 100.00 100.00 -1000 2.11 7.39 -2.52 -1000 16.52 1.65 224.646
car -1 -1 0.00 0.00 0.00 100.00 100.00 -1000 2.32 9.05 -11.86 -1000 25.00 1.63 222.197
car -1 -1 0.00 0.00 0.00 100.00 100.00 -1000 2.01 6.08 -16.48 -1000 23.97 1.49 218.804
car -1 -1 0.00 0.00 0.00 100.00 100.00 -1000 1.78 5.21 9.50 -1000 13.61 1.61 208.223
car -1 -1 0.00 0.00 0.00 100.00 100.00 -1000 1.71 4.64 -18.16 -1000 26.62 1.51 204.931
car -1 -1 0.00 0.00 0.00 100.00 100.00 -1000 2.25 8.11 5.67 -1000 18.89 1.63 188.561
car -1 -1 0.00 0.00 0.00 100.00 100.00 -1000 2.32 8.68 6.54 -1000 16.87 1.72 186.474
car -1 -1 0.00 0.00 0.00 100.00 100.00 -1000 2.08 6.64 0.38 -1000 30.66 1.65 178.831
car -1 -1 0.00 0.00 0.00 100.00 100.00 -1000 2.46 10.73 -13.43 -1000 26.01 1.63 177.850
car -1 -1 0.00 0.00 0.00 100.00 100.00 -1000 2.60 10.54 -2.05 -1000 21.05 1.63 170.431
car -1 -1 0.00 0.00 0.00 100.00 100.00 -1000 1.47 3.68 -18.66 -1000 22.05 0.09 163.230
car -1 -1 0.00 0.00 0.00 100.00 100.00 -1000 2.29 8.23 -5.65 -1000 19.84 1.56 161.418
car -1 -1 0.00 0.00 0.00 100.00 100.00 -1000 2.55 10.17 -15.99 -1000 23.39 1.46 155.454
car -1 -1 0.00 0.00 0.00 100.00 100.00 -1000 1.83 5.47 3.17 -1000 18.50 0.05 149.726
car -1 -1 0.00 0.00 0.00 100.00 100.00 -1000 2.32 10.25 1.79 -1000 24.45 1.57 149.487
car -1 -1 0.00 0.00 0.00 100.00 100.00 -1000 1.99 6.24 -14.91 -1000 22.06 1.74 148.806
car -1 -1 0.00 0.00 0.00 100.00 100.00 -1000 1.85 6.99 -4.39 -1000 11.05 -0.08 147.334
car -1 -1 0.00 0.00 0.00 100.00 100.00 -1000 2.37 9.83 7.52 -1000 15.50 1.64 144.535
car -1 -1 0.00 0.00 0.00 100.00 100.00 -1000 2.46 9.49 -0.85 -1000 15.60 1.50 136.238
car -1 -1 0.00 0.00 0.00 100.00 100.00 -1000 1.88 5.78 16.00 -1000 18.12 1.74 125.081
car -1 -1 0.00 0.00 0.00 100.00 100.00 -1000 1.66 4.63 17.20 -1000 18.98 -0.13 122.743
car -1 -1 0.00 0.00 0.00 100.00 100.00 -1000 2.07 6.60 -7.22 -1000 19.23 1.50 122.650
car -1 -1 0.00 0.00 0.00 100.00 100.00 -1000 1.88 5.47 -18.01 -1000 25.80 1.56 116.561
car -1 -1 0.00 0.00 0.00 100.00 100.00 -1000 1.84 5.26 6.70 -1000 13.43 1.60 115.408
car -1 -1 0.00 0.00 0.00 100.00 100.00 -1000 1.82 5.16 -15.82 -1000 31.82 1.57 111.526
car -1 -1 0.00 0.00 0.00 100.00 100.00 -1000 2.13 7.83 -4.09 -1000 17.21 1.60 107.177
car -1 -1 0.00 0.00 0.00 100.00 100.00 -1000 1.71 4.56 -16.72 -1000 19.95 1.68 96.306
car -1 -1 0.00 0.00 0.00 100.00 100.00 -1000 2.36 8.84 10.29 -1000 21.54 1.57 91.935
car -1 -1 0.00 0.00 0.00 100.00 100.00 -1000 1.83 5.49 6.45 -1000 6.38 1.70 90.610
car -1 -1 0.00 0.00 0.00 100.00 100.00 -1000 1.86 5.65 10.69 -1000 12.70 1.61 88.795
car -1 -1 0.00 0.00 0.00 100.00 100.00 -1000 2.14 7.29 5.98 -1000 14.29 1.64 87.655
car -1 -1 0.00 0.00 0.00 100.00 100.00 -1000 2.06 6.59 7.68 -1000 7.80 1.77 86.998
car -1 -1 0.00 0.00 0.00 100.00 100.00 -1000 1.85 5.62 4.79 -1000 5.18 1.73 86.009
car -1 -1 0.00 0.00 0.00 100.00 100.00 -1000 2.49 9.47 -1.75 -1000 17.85 1.52 85.445
car -1 -1 0.00 0.00 0.00 100.00 100.00 -1000 2.34 9.17 0.58 -1000 16.45 1.57 85.156
car -1 -1 0.00 0.00 0.00 100.00 100.00 -1000 2.19 7.86 -5.55 -1000 18.34 1.60 82.068
car -1 -1 0.00 0.00 0.00 100.00 100.00 -1000 1.99 6.49 -6.43 -1000 17.56 1.49 80.100
car -1 -1 0.00 0.00 0.00 100.00 100.00 -1000 1.92 6.34 2.39 -1000 15.01 -0.16 79.883
car -1 -1 0.00 0.00 0.00 100.00 100.00 -1000 1.85 5.87 -16.20 -1000 30.36 1.72 77.507
car -1 -1 0.00 0.00 0.00 100.00 100.00 -1000 2.16 7.54 6.48 -1000 17.90 1.66 77.470
car -1 -1 0.00 0.00 0.00 100.00 100.00 -1000 2.37 8.50 15.92 -1000 20.24 1.62 77.324
car -1 -1 0.00 0.00 0.00 100.00 100.00 -1000 2.84 13.26 -14.54 -1000 24.49 1.66 76.039
car -1 -1 0.00 0.00 0.00 100.00 100.00 -1000 1.72 5.01 -12.59 -1000 14.51 -0.02 75.348
car -1 -1 0.00 0.00 0.00 100.00 100.00 -1000 1.78 4.80 0.23 -1000 28.32 -0.16 74.567
car -1 -1 0.00 0.00 0.00 100.00 100.00 -1000 2.49 12.23 6.94 -1000 22.36 1.49 73.486
car -1 -1 0.00 0.00 0.00 100.00 100.00 -1000 2.39 8.88 -2.54 -1000 23.22 1.56 73.330
car -1 -1 0.00 0.00 0.00 100.00 100.00 -1000 2.39 9.71 1.36 -1000 19.68 1.63 71.944
car -1 -1 0.00 0.00 0.00 100.00 100.00 -1000 2.34 9.12 5.48 -1000 9.06 1.66 71.256
car -1 -1 0.00 0.00 0.00 100.00 100.00 -1000 2.15 9.19 4.40 -1000 33.45 1.54 70.742
car -1 -1 0.00 0.00 0.00 100.00 100.00 -1000 1.46 3.73 -0.81 -1000 30.17 0.34 67.318
car -1 -1 0.00 0.00 0.00 100.00 100.00 -1000 2.24 7.95 2.61 -1000 30.11 1.68 66.940
car -1 -1 0.00 0.00 0.00 100.00 100.00 -1000 2.41 9.05 0.17 -1000 22.33 1.47 66.671
car -1 -1 0.00 0.00 0.00 100.00 100.00 -1000 1.98 6.20 13.60 -1000 19.22 1.68 66.493
car -1 -1 0.00 0.00 0.00 100.00 100.00 -1000 1.48 3.58 6.59 -1000 14.48 0.15 65.442
car -1 -1 0.00 0.00 0.00 100.00 100.00 -1000 2.22 8.27 4.88 -1000 10.90 1.54 63.623
car -1 -1 0.00 0.00 0.00 100.00 100.00 -1000 2.16 7.43 0.67 -1000 18.35 1.50 62.884
car -1 -1 0.00 0.00 0.00 100.00 100.00 -1000 2.04 6.87 -17.62 -1000 24.89 1.66 61.608
car -1 -1 0.00 0.00 0.00 100.00 100.00 -1000 2.46 10.65 -12.37 -1000 23.75 1.59 60.364
car -1 -1 0.00 0.00 0.00 100.00 100.00 -1000 1.99 6.39 -4.36 -1000 16.01 0.05 59.953
car -1 -1 0.00 0.00 0.00 100.00 100.00 -1000 2.60 10.84 -8.18 -1000 18.77 1.57 59.817
car -1 -1 0.00 0.00 0.00 100.00 100.00 -1000 2.14 8.28 4.10 -1000 15.95 1.40 58.100
car -1 -1 0.00 0.00 0.00 100.00 100.00 -1000 1.79 5.25 9.14 -1000 12.32 1.69 55.810
car -1 -1 0.00 0.00 0.00 100.00 100.00 -1000 2.39 9.51 -0.24 -1000 13.69 1.49 55.338
car -1 -1 0.00 0.00 0.00 100.00 100.00 -1000 1.99 6.58 3.79 -1000 27.97 1.64 55.270
car -1 -1 0.00 0.00 0.00 100.00 100.00 -1000 1.94 6.23 -11.74 -1000 15.19 1.46 54.891
car -1 -1 0.00 0.00 0.00 100.00 100.00 -1000 2.15 7.27 8.88 -1000 7.12 1.70 54.172
car -1 -1 0.00 0.00 0.00 100.00 100.00 -1000 2.09 9.56 -12.23 -1000 27.13 1.56 53.059
car -1 -1 0.00 0.00 0.00 100.00 100.00 -1000 2.97 15.16 9.93 -1000 17.10 1.64 52.303
car -1 -1 0.00 0.00 0.00 100.00 100.00 -1000 1.60 4.08 -17.12 -1000 23.41 0.33 51.534
car -1 -1 0.00 0.00 0.00 100.00 100.00 -1000 1.66 4.51 -16.88 -1000 31.21 0.05 51.510
car -1 -1 0.00 0.00 0.00 100.00 100.00 -1000 1.52 4.11 -1.66 -1000 29.58 0.27 51.202
