car -1 -1 0.00 0.00 0.00 100.00 100.00 -1000 1.85 4.59 10.73 -1000 45.25 1.54 999.207
car -1 -1 0.00 0.00 0.00 100.00 100.00 -1000 2.05 6.18 10.67 -1000 45.99 1.58 995.793
car -1 -1 0.00 0.00 0.00 100.00 100.00 -1000 1.65 4.08 10.20 -1000 44.46 -0.11 981.345
car -1 -1 0.00 0.00 0.00 100.00 100.00 -1000 2.67 9.64 11.53 -1000 47.34 1.60 981.238
car -1 -1 0.00 0.00 0.00 100.00 100.00 -1000 3.40 17.60 11.75 -1000 47.66 1.54 981.050
car -1 -1 0.00 0.00 0.00 100.00 100.00 -1000 1.64 3.98 11.06 -1000 25.58 -0.19 973.387
car -1 -1 0.00 0.00 0.00 100.00 100.00 -1000 1.63 3.97 12.13 -1000 16.37 -0.17 972.176
car -1 -1 0.00 0.00 0.00 100.00 100.00 -1000 1.65 4.10 10.68 -1000 26.38 1.65 958.619
car -1 -1 0.00 0.00 0.00 100.00 100.00 -1000 1.73 4.46 12.64 -1000 17.29 1.76 947.689
car -1 -1 0.00 0.00 0.00 100.00 100.00 -1000 1.57 3.70 -14.66 -1000 23.56 1.66 816.598
car -1 -1 0.00 0.00 0.00 100.00 100.00 -1000 1.78 4.74 -11.35 -1000 45.05 1.66 734.498
car -1 -1 0.00 0.00 0.00 100.00 100.00 -1000 1.65 3.89 -2.86 -1000 10.45 1.39 694.826
car -1 -1 0.00 0.00 0.00 100.00 100.00 -1000 1.61 3.96 10.23 -1000 25.00 -0.23 653.160
car -1 -1 0.00 0.00 0.00 100.00 100.00 -1000 1.52 3.56 -12.37 -1000 44.48 -0.18 545.856
car -1 -1 0.00 0.00 0.00 100.00 100.00 -1000 2.12 6.83 12.44 -1000 17.89 1.67 539.434
car -1 -1 0.00 0.00 0.00 100.00 100.00 -1000 2.25 7.24 17.43 -1000 46.94 1.56 538.272
car -1 -1 0.00 0.00 0.00 100.00 100.00 -1000 2.93 14.68 15.37 -1000 20.06 1.71 519.717
car -1 -1 0.00 0.00 0.00 100.00 100.00 -1000 1.69 4.13 -19.22 -1000 37.18 1.70 513.902
car -1 -1 0.00 0.00 0.00 100.00 100.00 -1000 2.61 11.45 4.35 -1000 34.99 1.75 486.252
car -1 -1 0.00 0.00 0.00 100.00 100.00 -1000 1.67 4.44 -12.79 -1000 45.37 1.54 480.151
car -1 -1 0.00 0.00 0.00 100.00 100.00 -1000 1.63 4.14 13.23 -1000 25.28 -0.05 478.322
car -1 -1 0.00 0.00 0.00 100.00 100.00 -1000 2.30 8.13 3.76 -1000 34.16 1.72 477.622
car -1 -1 0.00 0.00 0.00 100.00 100.00 -1000 1.80 4.62 0.28 -1000 31.65 1.59 475.554
car -1 -1 0.00 0.00 0.00 100.00 100.00 -1000 1.63 4.18 -14.68 -1000 46.61 -0.21 455.079
car -1 -1 0.00 0.00 0.00 100.00 100.00 -1000 1.66 4.43 -14.33 -1000 31.43 1.57 443.917
car -1 -1 0.00 0.00 0.00 100.00 100.00 -1000 2.38 8.65 13.34 -1000 45.76 1.90 443.438
car -1 -1 0.00 0.00 0.00 100.00 100.00 -1000 1.63 4.24 -0.35 -1000 30.83 -0.01 422.324
car -1 -1 0.00 0.00 0.00 100.00 100.00 -1000 1.73 4.49 12.17 -1000 26.01 1.75 389.690
car -1 -1 0.00 0.00 0.00 100.00 100.00 -1000 2.64 10.21 16.21 -1000 19.28 1.72 374.702
car -1 -1 0.00 0.00 0.00 100.00 100.00 -1000 1.72 4.72 -7.18 -1000 46.27 1.55 345.599
car -1 -1 0.00 0.00 0.00 100.00 100.00 -1000 2.80 13.02 10.68 -1000 19.41 1.70 338.300
car -1 -1 0.00 0.00 0.00 100.00 100.00 -1000 1.75 4.49 -7.90 -1000 45.38 -0.09 320.539
car -1 -1 0.00 0.00 0.00 100.00 100.00 -1000 1.67 4.45 12.31 -1000 43.49 1.63 309.617
car -1 -1 0.00 0.00 0.00 100.00 100.00 -1000 1.86 5.67 -14.08 -1000 24.38 1.73 296.350
car -1 -1 0.00 0.00 0.00 100.00 100.00 -1000 2.32 7.92 8.90 -1000 47.64 1.62 286.865
car -1 -1 0.00 0.00 0.00 100.00 100.00 -1000 2.25 7.58 0.93 -1000 33.78 1.55 285.113
car -1 -1 0.00 0.00 0.00 100.00 100.00 -1000 1.76 4.89 18.04 -1000 39.02 1.55 281.317
car -1 -1 0.00 0.00 0.00 100.00 100.00 -1000 1.71 4.49 11.96 -1000 44.42 1.76 276.416
car -1 -1 0.00 0.00 0.00 100.00 100.00 -1000 1.79 5.13 12.00 -1000 15.67 1.75 275.135
car -1 -1 0.00 0.00 0.00 100.00 100.00 -1000 1.92 5.70 -9.51 -1000 45.65 1.71 267.710
car -1 -1 0.00 0.00 0.00 100.00 100.00 -1000 2.17 7.27 10.74 -1000 27.10 1.73 238.145
car -1 -1 0.00 0.00 0.00 100.00 100.00 -1000 1.65 4.15 17.01 -1000 39.76 0.04 234.041
car -1 -1 0.00 0.00 0.00 100.00 100.00 -1000 1.83 5.03 10.67 -1000 31.91 1.68 227.611
car -1 -1 0.00 0.00 0.00 100.00 100.00 -1000 1.91 5.84 -9.23 -1000 39.38 1.60 226.204
car -1 -1 0.00 0.00 0.00 100.00 100.00 -1000 1.56 3.85 -17.77 -1000 20.83 0.02 217.778
car -1 -1 0.00 0.00 0.00 100.00 100.00 -1000 1.70 4.62 18.06 -1000 45.09 1.46 214.420
car -1 -1 0.00 0.00 0.00 100.00 100.00 -1000 1.84 5.36 2.04 -1000 31.23 1.78 214.267
car -1 -1 0.00 0.00 0.00 100.00 100.00 -1000 1.91 5.71 -18.45 -1000 38.02 1.56 210.630
car -1 -1 0.00 0.00 0.00 100.00 100.00 -1000 1.90 5.63 0.11 -1000 32.43 1.59 208.699
car -1 -1 0.00 0.00 0.00 100.00 100.00 -1000 1.99 6.62 6.45 -1000 34.47 1.67 204.638
car -1 -1 0.00 0.00 0.00 100.00 100.00 -1000 1.71 4.53 -15.42 -1000 22.95 -0.06 175.710
car -1 -1 0.00 0.00 0.00 100.00 100.00 -1000 1.97 6.36 -5.77 -1000 46.83 1.48 173.175
car -1 -1 0.00 0.00 0.00 100.00 100.00 -1000 1.71 4.60 -9.32 -1000 44.87 -0.09 172.598
car -1 -1 0.00 0.00 0.00 100.00 100.00 -1000 1.87 5.53 -18.55 -1000 27.79 1.85 171.850
car -1 -1 0.00 0.00 0.00 100.00 100.00 -1000 2.96 14.50 1.38 -1000 35.59 1.71 169.703
car -1 -1 0.00 0.00 0.00 100.00 100.00 -1000 1.90 6.16 -14.53 -1000 36.97 1.48 159.339
car -1 -1 0.00 0.00 0.00 100.00 100.00 -1000 1.99 6.48 13.93 -1000 26.38 1.66 154.757
car -1 -1 0.00 0.00 0.00 100.00 100.00 -1000 1.59 4.07 -15.72 -1000 47.12 0.29 152.604
car -1 -1 0.00 0.00 0.00 100.00 100.00 -1000 1.60 4.14 9.82 -1000 31.26 -0.07 151.751
car -1 -1 0.00 0.00 0.00 100.00 100.00 -1000 1.92 5.96 17.75 -1000 40.62 1.53 151.042
car -1 -1 0.00 0.00 0.00 100.00 100.00 -1000 1.83 5.68 -14.55 -1000 45.68 1.77 149.578
car -1 -1 0.00 0.00 0.00 100.00 100.00 -1000 1.74 5.01 8.46 -1000 45.01 0.01 148.365
car -1 -1 0.00 0.00 0.00 100.00 100.00 -1000 1.91 6.09 -16.91 -1000 28.56 1.62 147.926
car -1 -1 0.00 0.00 0.00 100.00 100.00 -1000 1.94 6.25 13.99 -1000 44.08 1.72 147.798
car -1 -1 0.00 0.00 0.00 100.00 100.00 -1000 1.58 4.09 -16.14 -1000 19.24 0.09 147.534
car -1 -1 0.00 0.00 0.00 100.00 100.00 -1000 1.75 4.85 14.86 -1000 24.82 -0.17 146.615
car -1 -1 0.00 0.00 0.00 100.00 100.00 -1000 1.82 6.49 5.64 -1000 31.31 1.65 138.441
car -1 -1 0.00 0.00 0.00 100.00 100.00 -1000 2.01 6.27 -17.89 -1000 32.06 1.68 138.170
car -1 -1 0.00 0.00 0.00 100.00 100.00 -1000 1.67 4.39 -10.08 -1000 38.63 -0.14 138.133
car -1 -1 0.00 0.00 0.00 100.00 100.00 -1000 1.96 6.03 -13.85 -1000 32.11 1.66 137.996
car -1 -1 0.00 0.00 0.00 100.00 100.00 -1000 1.95 6.14 -15.64 -1000 32.46 1.66 137.203
car -1 -1 0.00 0.00 0.00 100.00 100.00 -1000 1.70 4.90 -3.36 -1000 9.53 -0.13 135.492
car -1 -1 0.00 0.00 0.00 100.00 100.00 -1000 1.78 5.37 -0.42 -1000 41.50 1.57 133.281
car -1 -1 0.00 0.00 0.00 100.00 100.00 -1000 1.80 5.50 -6.03 -1000 45.77 1.70 132.328
car -1 -1 0.00 0.00 0.00 100.00 100.00 -1000 2.99 7.35 -1.88 -1000 10.81 1.60 131.276
car -1 -1 0.00 0.00 0.00 100.00 100.00 -1000 2.12 7.50 -2.62 -1000 34.64 1.61 127.775
car -1 -1 0.00 0.00 0.00 100.00 100.00 -1000 1.64 3.86 -20.20 -1000 36.72 -0.04 125.829
car -1 -1 0.00 0.00 0.00 100.00 100.00 -1000 1.87 5.60 -4.59 -1000 46.20 -0.04 118.810
car -1 -1 0.00 0.00 0.00 100.00 100.00 -1000 2.05 6.75 -7.35 -1000 39.89 1.57 117.440
car -1 -1 0.00 0.00 0.00 100.00 100.00 -1000 1.72 5.11 -18.52 -1000 22.25 1.49 115.300
car -1 -1 0.00 0.00 0.00 100.00 100.00 -1000 2.83 11.36 12.50 -1000 18.53 1.70 114.981
car -1 -1 0.00 0.00 0.00 100.00 100.00 -1000 2.02 6.70 -14.18 -1000 41.01 1.65 114.432
car -1 -1 0.00 0.00 0.00 100.00 100.00 -1000 1.63 4.19 -16.32 -1000 46.28 0.06 111.921
car -1 -1 0.00 0.00 0.00 100.00 100.00 -1000 2.09 7.05 -15.08 -1000 39.73 1.79 111.642
car -1 -1 0.00 0.00 0.00 100.00 100.00 -1000 1.94 6.37 -12.03 -1000 44.08 1.78 111.611
car -1 -1 0.00 0.00 0.00 100.00 100.00 -1000 2.14 7.77 -3.52 -1000 47.14 1.55 110.877
car -1 -1 0.00 0.00 0.00 100.00 100.00 -1000 2.23 8.11 16.73 -1000 43.09 1.60 110.827
car -1 -1 0.00 0.00 0.00 100.00 100.00 -1000 2.23 7.79 -1.38 -1000 35.49 1.62 108.374
car -1 -1 0.00 0.00 0.00 100.00 100.00 -1000 1.73 4.85 17.62 -1000 43.83 0.11 106.929
car -1 -1 0.00 0.00 0.00 100.00 100.00 -1000 1.89 5.70 13.67 -1000 16.73 1.82 106.800
car -1 -1 0.00 0.00 0.00 100.00 100.00 -1000 2.61 10.40 0.52 -1000 34.66 1.69 105.564
car -1 -1 0.00 0.00 0.00 100.00 100.00 -1000 1.58 4.10 -13.38 -1000 46.14 0.29 105.268
car -1 -1 0.00 0.00 0.00 100.00 100.00 -1000 1.86 5.67 -16.78 -1000 31.42 1.60 104.996
car -1 -1 0.00 0.00 0.00 100.00 100.00 -1000 1.77 5.13 19.03 -1000 38.43 1.51 104.546
car -1 -1 0.00 0.00 0.00 100.00 100.00 -1000 1.94 5.92 -19.40 -1000 27.07 1.73 101.428
car -1 -1 0.00 0.00 0.00 100.00 100.00 -1000 2.07 7.22 -18.32 -1000 29.20 1.45 101.404
car -1 -1 0.00 0.00 0.00 100.00 100.00 -1000 1.76 5.03 14.66 -1000 32.10 1.64 94.391
car -1 -1 0.00 0.00 0.00 100.00 100.00 -1000 2.03 6.85 15.31 -1000 25.81 1.58 93.166
car -1 -1 0.00 0.00 0.00 100.00 100.00 -1000 2.22 7.92 3.27 -1000 31.97 1.78 92.669
car -1 -1 0.00 0.00 0.00 100.00 100.00 -1000 1.65 4.44 0.45 -1000 30.13 1.67 92.128
car -1 -1 0.00 0.00 0.00 100.00 100.00 -1000 1.97 6.28 -17.43 -1000 23.74 1.53 90.791
car -1 -1 0.00 0.00 0.00 100.00 100.00 -1000 1.88 5.13 10.10 -1000 46.97 0.56 90.613
car -1 -1 0.00 0.00 0.00 100.00 100.00 -1000 2.03 7.20 8.44 -1000 28.25 1.63 90.288
car -1 -1 0.00 0.00 0.00 100.00 100.00 -1000 2.01 6.92 10.93 -1000 30.26 1.64 89.917
car -1 -1 0.00 0.00 0.00 100.00 100.00 -1000 2.02 6.85 -9.69 -1000 37.60 1.73 85.791
car -1 -1 0.00 0.00 0.00 100.00 100.00 -1000 2.36 8.30 -0.70 -1000 33.06 1.66 85.098
car -1 -1 0.00 0.00 0.00 100.00 100.00 -1000 1.69 4.75 14.22 -1000 15.91 0.18 84.529
car -1 -1 0.00 0.00 0.00 100.00 100.00 -1000 2.07 6.76 10.48 -1000 16.99 1.72 82.881
car -1 -1 0.00 0.00 0.00 100.00 100.00 -1000 2.28 7.88 -16.32 -1000 38.99 1.66 81.942
car -1 -1 0.00 0.00 0.00 100.00 100.00 -1000 1.86 5.69 -14.41 -1000 22.29 1.68 80.118
car -1 -1 0.00 0.00 0.00 100.00 100.00 -1000 1.66 4.82 14.54 -1000 31.17 1.66 79.805
car -1 -1 0.00 0.00 0.00 100.00 100.00 -1000 2.10 6.94 -14.40 -1000 33.18 1.49 78.713
car -1 -1 0.00 0.00 0.00 100.00 100.00 -1000 1.85 5.82 -12.58 -1000 23.24 1.72 78.307
car -1 -1 0.00 0.00 0.00 100.00 100.00 -1000 2.29 8.74 -14.68 -1000 25.07 1.50 78.156
car -1 -1 0.00 0.00 0.00 100.00 100.00 -1000 2.05 6.23 16.07 -1000 45.59 1.54 77.969
car -1 -1 0.00 0.00 0.00 100.00 100.00 -1000 2.16 8.13 -15.25 -1000 34.74 1.59 76.832
car -1 -1 0.00 0.00 0.00 100.00 100.00 -1000 1.55 3.81 -18.95 -1000 28.45 -0.35 76.636
car -1 -1 0.00 0.00 0.00 100.00 100.00 -1000 2.18 8.23 -13.53 -1000 42.92 1.78 75.553
car -1 -1 0.00 0.00 0.00 100.00 100.00 -1000 1.81 5.64 18.06 -1000 45.86 1.44 74.585
car -1 -1 0.00 0.00 0.00 100.00 100.00 -1000 2.22 7.71 -11.26 -1000 38.30 1.65 73.391
car -1 -1 0.00 0.00 0.00 100.00 100.00 -1000 1.95 6.67 -16.68 -1000 24.54 1.50 72.713
car -1 -1 0.00 0.00 0.00 100.00 100.00 -1000 2.16 7.78 17.33 -1000 44.57 1.53 72.537
car -1 -1 0.00 0.00 0.00 100.00 100.00 -1000 1.95 6.28 -17.19 -1000 30.49 1.42 72.517
car -1 -1 0.00 0.00 0.00 100.00 100.00 -1000 2.07 7.61 -16.04 -1000 37.72 1.64 72.330
car -1 -1 0.00 0.00 0.00 100.00 100.00 -1000 1.74 5.14 18.51 -1000 37.62 1.68 70.590
car -1 -1 0.00 0.00 0.00 100.00 100.00 -1000 1.72 4.62 -16.98 -1000 45.55 0.07 70.415
car -1 -1 0.00 0.00 0.00 100.00 100.00 -1000 1.99 7.15 -14.49 -1000 47.45 1.61 68.735
car -1 -1 0.00 0.00 0.00 100.00 100.00 -1000 2.20 7.68 10.47 -1000 32.79 1.70 68.399
car -1 -1 0.00 0.00 0.00 100.00 100.00 -1000 2.12 7.86 -15.60 -1000 44.69 1.60 68.346
car -1 -1 0.00 0.00 0.00 100.00 100.00 -1000 2.21 7.81 -11.26 -1000 46.12 1.59 68.015
car -1 -1 0.00 0.00 0.00 100.00 100.00 -1000 2.06 7.54 -14.71 -1000 35.67 1.45 65.697
car -1 -1 0.00 0.00 0.00 100.00 100.00 -1000 1.99 6.79 -6.38 -1000 44.94 1.72 65.270
car -1 -1 0.00 0.00 0.00 100.00 100.00 -1000 1.99 9.52 5.51 -1000 36.17 1.66 64.662
car -1 -1 0.00 0.00 0.00 100.00 100.00 -1000 2.33 8.49 14.36 -1000 17.35 1.72 64.590
car -1 -1 0.00 0.00 0.00 100.00 100.00 -1000 2.07 6.84 3.92 -1000 30.86 1.74 64.578
car -1 -1 0.00 0.00 0.00 100.00 100.00 -1000 1.87 5.92 -13.43 -1000 30.80 1.67 64.267
car -1 -1 0.00 0.00 0.00 100.00 100.00 -1000 2.06 7.35 -9.33 -1000 44.11 1.76 63.268
car -1 -1 0.00 0.00 0.00 100.00 100.00 -1000 2.26 9.81 17.44 -1000 18.20 1.47 62.887
car -1 -1 0.00 0.00 0.00 100.00 100.00 -1000 2.27 8.53 -14.89 -1000 29.30 1.59 62.360
car -1 -1 0.00 0.00 0.00 100.00 100.00 -1000 1.73 5.13 -17.63 -1000 21.54 1.67 62.267
car -1 -1 0.00 0.00 0.00 100.00 100.00 -1000 2.12 8.33 2.83 -1000 37.67 1.58 58.505
car -1 -1 0.00 0.00 0.00 100.00 100.00 -1000 2.13 9.06 13.81 -1000 30.26 1.63 57.759
car -1 -1 0.00 0.00 0.00 100.00 100.00 -1000 2.07 7.22 -18.92 -1000 25.73 1.51 57.464
car -1 -1 0.00 0.00 0.00 100.00 100.00 -1000 1.84 5.52 -16.76 -1000 19.89 1.75 57.279
car -1 -1 0.00 0.00 0.00 100.00 100.00 -1000 2.01 7.20 -7.49 -1000 38.08 1.70 57.265
car -1 -1 0.00 0.00 0.00 100.00 100.00 -1000 2.10 10.09 5.85 -1000 7.94 1.66 57.117
car -1 -1 0.00 0.00 0.00 100.00 100.00 -1000 1.66 4.20 -15.23 -1000 40.52 -0.19 57.077
car -1 -1 0.00 0.00 0.00 100.00 100.00 -1000 2.04 7.29 14.26 -1000 32.70 1.51 56.744
car -1 -1 0.00 0.00 0.00 100.00 100.00 -1000 2.17 7.54 -2.79 -1000 33.51 1.60 56.453
car -1 -1 0.00 0.00 0.00 100.00 100.00 -1000 2.29 8.62 -0.53 -1000 36.70 1.64 56.035
car -1 -1 0.00 0.00 0.00 100.00 100.00 -1000 2.66 11.66 2.72 -1000 33.16 1.73 55.501
car -1 -1 0.00 0.00 0.00 100.00 100.00 -1000 2.21 8.14 0.11 -1000 43.18 1.56 54.834
car -1 -1 0.00 0.00 0.00 100.00 100.00 -1000 1.84 6.05 -17.96 -1000 47.23 1.60 54.174
car -1 -1 0.00 0.00 0.00 100.00 100.00 -1000 2.08 7.18 7.92 -1000 45.97 1.67 53.285
car -1 -1 0.00 0.00 0.00 100.00 100.00 -1000 1.90 8.73 8.90 -1000 18.54 1.70 53.003
car -1 -1 0.00 0.00 0.00 100.00 100.00 -1000 1.96 6.61 -18.97 -1000 23.02 1.69 52.996
car -1 -1 0.00 0.00 0.00 100.00 100.00 -1000 2.02 6.67 -2.02 -1000 32.22 1.72 52.836
car -1 -1 0.00 0.00 0.00 100.00 100.00 -1000 2.15 8.73 18.73 -1000 39.74 1.62 52.534
car -1 -1 0.00 0.00 0.00 100.00 100.00 -1000 2.61 11.25 16.20 -1000 42.25 1.67 50.896
car -1 -1 0.00 0.00 0.00 100.00 100.00 -1000 1.92 6.48 6.28 -1000 47.44 1.53 50.817
car -1 -1 0.00 0.00 0.00 100.00 100.00 -1000 1.57 3.82 -16.37 -1000 33.25 -0.21 50.809
car -1 -1 0.00 0.00 0.00 100.00 100.00 -1000 1.96 6.71 -19.22 -1000 35.94 1.71 50.718
car -1 -1 0.00 0.00 0.00 100.00 100.00 -1000 1.97 6.36 12.79 -1000 31.64 1.70 50.273
