car -1 -1 0.00 0.00 0.00 100.00 100.00 -1000 1.80 4.86 -5.16 -1000 22.76 1.67 998.931
car -1 -1 0.00 0.00 0.00 100.00 100.00 -1000 1.85 4.77 -1.68 -1000 29.96 1.76 998.922
car -1 -1 0.00 0.00 0.00 100.00 100.00 -1000 1.98 5.96 -1.51 -1000 30.77 1.73 993.123
car -1 -1 0.00 0.00 0.00 100.00 100.00 -1000 1.66 4.01 1.48 -1000 41.91 1.68 987.818
car -1 -1 0.00 0.00 0.00 100.00 100.00 -1000 1.69 4.17 -5.95 -1000 38.68 1.65 984.386
car -1 -1 0.00 0.00 0.00 100.00 100.00 -1000 2.08 6.57 -4.32 -1000 23.51 1.75 968.384
car -1 -1 0.00 0.00 0.00 100.00 100.00 -1000 2.55 9.45 -2.46 -1000 31.61 1.78 958.150
car -1 -1 0.00 0.00 0.00 100.00 100.00 -1000 1.59 3.84 -2.78 -1000 28.99 -0.07 954.776
car -1 -1 0.00 0.00 0.00 100.00 100.00 -1000 1.67 4.10 -0.63 -1000 38.72 1.65 944.064
car -1 -1 0.00 0.00 0.00 100.00 100.00 -1000 1.67 3.76 0.43 -1000 42.51 0.05 942.984
car -1 -1 0.00 0.00 0.00 100.00 100.00 -1000 1.69 4.08 -5.84 -1000 21.81 -0.13 939.052
car -1 -1 0.00 0.00 0.00 100.00 100.00 -1000 2.18 7.33 -3.32 -1000 32.49 1.80 931.778
car -1 -1 0.00 0.00 0.00 100.00 100.00 -1000 2.27 7.85 -5.61 -1000 24.35 1.66 918.105
car -1 -1 0.00 0.00 0.00 100.00 100.00 -1000 1.65 4.22 -5.33 -1000 37.76 -0.05 915.717
car -1 -1 0.00 0.00 0.00 100.00 100.00 -1000 1.86 4.37 -0.21 -1000 30.28 -0.40 859.919
car -1 -1 0.00 0.00 0.00 100.00 100.00 -1000 1.66 4.11 0.52 -1000 37.89 -0.06 859.807
car -1 -1 0.00 0.00 0.00 100.00 100.00 -1000 1.81 4.80 0.06 -1000 43.55 1.67 814.557
car -1 -1 0.00 0.00 0.00 100.00 100.00 -1000 1.75 4.72 2.88 -1000 42.60 1.66 793.982
car -1 -1 0.00 0.00 0.00 100.00 100.00 -1000 1.81 4.85 7.60 -1000 43.97 1.72 793.540
car -1 -1 0.00 0.00 0.00 100.00 100.00 -1000 1.74 4.71 -3.06 -1000 38.73 1.72 784.155
car -1 -1 0.00 0.00 0.00 100.00 100.00 -1000 1.86 5.03 -4.08 -1000 33.92 1.74 780.623
car -1 -1 0.00 0.00 0.00 100.00 100.00 -1000 2.35 8.55 -0.49 -1000 32.42 1.63 770.256
car -1 -1 0.00 0.00 0.00 100.00 100.00 -1000 1.60 4.07 7.06 -1000 43.23 -0.06 758.205
car -1 -1 0.00 0.00 0.00 100.00 100.00 -1000 1.61 4.15 -0.83 -1000 42.81 0.07 747.546
car -1 -1 0.00 0.00 0.00 100.00 100.00 -1000 1.70 4.51 1.30 -1000 40.96 0.02 737.371
car -1 -1 0.00 0.00 0.00 100.00 100.00 -1000 1.73 4.53 3.82 -1000 35.15 1.64 720.349
car -1 -1 0.00 0.00 0.00 100.00 100.00 -1000 1.67 4.27 -5.78 -1000 42.99 -0.02 659.765
car -1 -1 0.00 0.00 0.00 100.00 100.00 -1000 1.82 4.82 -4.97 -1000 43.69 1.65 654.195
car -1 -1 0.00 0.00 0.00 100.00 100.00 -1000 1.72 4.67 0.51 -1000 39.21 1.67 644.405
car -1 -1 0.00 0.00 0.00 100.00 100.00 -1000 1.93 5.91 6.39 -1000 44.50 1.63 636.773
car -1 -1 0.00 0.00 0.00 100.00 100.00 -1000 1.68 4.49 -4.81 -1000 33.16 0.11 613.927
car -1 -1 0.00 0.00 0.00 100.00 100.00 -1000 1.97 5.46 1.62 -1000 43.08 1.78 567.502
car -1 -1 0.00 0.00 0.00 100.00 100.00 -1000 1.58 3.84 -0.21 -1000 41.68 1.62 557.964
car -1 -1 0.00 0.00 0.00 100.00 100.00 -1000 2.18 6.95 -6.05 -1000 25.53 1.64 547.218
car -1 -1 0.00 0.00 0.00 100.00 100.00 -1000 1.81 5.25 1.39 -1000 29.99 1.63 509.471
car -1 -1 0.00 0.00 0.00 100.00 100.00 -1000 1.88 5.55 -7.08 -1000 23.09 1.73 487.563
car -1 -1 0.00 0.00 0.00 100.00 100.00 -1000 1.68 4.38 -0.94 -1000 37.59 -0.04 485.973
car -1 -1 0.00 0.00 0.00 100.00 100.00 -1000 2.80 12.27 -3.09 -1000 23.71 1.92 451.132
car -1 -1 0.00 0.00 0.00 100.00 100.00 -1000 1.74 4.71 -2.13 -1000 43.66 1.64 447.428
car -1 -1 0.00 0.00 0.00 100.00 100.00 -1000 1.78 4.95 -6.59 -1000 39.41 1.71 444.468
car -1 -1 0.00 0.00 0.00 100.00 100.00 -1000 1.96 5.82 -4.51 -1000 34.77 1.65 429.238
car -1 -1 0.00 0.00 0.00 100.00 100.00 -1000 1.92 5.57 -3.40 -1000 44.11 1.69 422.026
car -1 -1 0.00 0.00 0.00 100.00 100.00 -1000 1.78 4.82 -2.94 -1000 37.79 0.02 419.311
car -1 -1 0.00 0.00 0.00 100.00 100.00 -1000 1.81 5.64 -9.60 -1000 19.85 1.72 409.604
car -1 -1 0.00 0.00 0.00 100.00 100.00 -1000 2.05 6.16 0.34 -1000 31.11 1.75 405.706
car -1 -1 0.00 0.00 0.00 100.00 100.00 -1000 2.01 6.25 -2.12 -1000 41.36 1.61 388.703
car -1 -1 0.00 0.00 0.00 100.00 100.00 -1000 1.55 3.87 -7.14 -1000 22.37 0.21 385.568
car -1 -1 0.00 0.00 0.00 100.00 100.00 -1000 1.77 4.86 -3.90 -1000 29.77 1.77 384.848
car -1 -1 0.00 0.00 0.00 100.00 100.00 -1000 1.63 4.63 -6.80 -1000 37.99 0.25 383.105
car -1 -1 0.00 0.00 0.00 100.00 100.00 -1000 1.67 4.57 -2.67 -1000 42.73 0.29 374.812
car -1 -1 0.00 0.00 0.00 100.00 100.00 -1000 1.72 4.64 3.60 -1000 41.77 1.81 364.695
car -1 -1 0.00 0.00 0.00 100.00 100.00 -1000 1.79 5.04 5.43 -1000 43.54 1.65 350.780
car -1 -1 0.00 0.00 0.00 100.00 100.00 -1000 2.14 7.12 1.19 -1000 44.17 1.60 345.489
car -1 -1 0.00 0.00 0.00 100.00 100.00 -1000 2.44 9.13 -2.52 -1000 22.80 1.94 332.010
car -1 -1 0.00 0.00 0.00 100.00 100.00 -1000 2.00 6.11 -4.56 -1000 39.25 1.72 327.425
car -1 -1 0.00 0.00 0.00 100.00 100.00 -1000 1.68 4.66 -3.12 -1000 33.03 0.19 322.815
car -1 -1 0.00 0.00 0.00 100.00 100.00 -1000 1.77 4.68 1.35 -1000 38.60 1.68 321.215
car -1 -1 0.00 0.00 0.00 100.00 100.00 -1000 1.80 4.60 0.21 -1000 33.37 -0.36 320.946
car -1 -1 0.00 0.00 0.00 100.00 100.00 -1000 2.02 6.26 -1.27 -1000 34.24 1.61 309.253
car -1 -1 0.00 0.00 0.00 100.00 100.00 -1000 1.66 4.24 11.42 -1000 21.83 1.60 301.133
car -1 -1 0.00 0.00 0.00 100.00 100.00 -1000 1.79 4.71 1.95 -1000 33.92 -0.13 298.187
car -1 -1 0.00 0.00 0.00 100.00 100.00 -1000 2.77 11.21 -2.74 -1000 46.84 1.67 273.799
car -1 -1 0.00 0.00 0.00 100.00 100.00 -1000 2.00 6.72 1.63 -1000 35.12 1.62 260.377
car -1 -1 0.00 0.00 0.00 100.00 100.00 -1000 1.83 5.16 -7.07 -1000 41.96 1.59 253.962
car -1 -1 0.00 0.00 0.00 100.00 100.00 -1000 1.78 5.24 -5.43 -1000 36.89 1.80 246.135
car -1 -1 0.00 0.00 0.00 100.00 100.00 -1000 1.68 4.66 1.69 -1000 39.99 1.61 244.150
car -1 -1 0.00 0.00 0.00 100.00 100.00 -1000 1.89 5.90 -16.46 -1000 41.45 1.56 235.186
car -1 -1 0.00 0.00 0.00 100.00 100.00 -1000 1.60 4.54 -5.94 -1000 33.76 0.45 231.042
car -1 -1 0.00 0.00 0.00 100.00 100.00 -1000 2.62 10.42 -9.67 -1000 46.19 1.66 230.654
car -1 -1 0.00 0.00 0.00 100.00 100.00 -1000 2.31 7.31 -5.07 -1000 31.37 1.69 228.786
car -1 -1 0.00 0.00 0.00 100.00 100.00 -1000 2.06 6.68 3.03 -1000 43.75 1.63 223.619
car -1 -1 0.00 0.00 0.00 100.00 100.00 -1000 2.20 7.21 -8.64 -1000 41.48 1.67 220.172
car -1 -1 0.00 0.00 0.00 100.00 100.00 -1000 2.02 6.38 -6.65 -1000 40.75 1.62 219.931
car -1 -1 0.00 0.00 0.00 100.00 100.00 -1000 1.76 5.24 11.88 -1000 16.23 1.68 219.157
car -1 -1 0.00 0.00 0.00 100.00 100.00 -1000 1.65 4.39 5.67 -1000 42.72 -0.24 218.801
car -1 -1 0.00 0.00 0.00 100.00 100.00 -1000 1.80 5.73 1.21 -1000 37.19 1.68 218.662
car -1 -1 0.00 0.00 0.00 100.00 100.00 -1000 1.71 4.88 5.37 -1000 34.88 1.67 215.364
car -1 -1 0.00 0.00 0.00 100.00 100.00 -1000 1.95 5.91 -3.99 -1000 42.23 1.69 214.030
car -1 -1 0.00 0.00 0.00 100.00 100.00 -1000 1.61 3.64 -15.82 -1000 37.49 0.03 213.791
car -1 -1 0.00 0.00 0.00 100.00 100.00 -1000 1.70 4.71 -1.62 -1000 39.42 1.69 213.166
car -1 -1 0.00 0.00 0.00 100.00 100.00 -1000 2.14 7.57 4.88 -1000 45.38 1.66 208.974
car -1 -1 0.00 0.00 0.00 100.00 100.00 -1000 2.02 6.34 3.54 -1000 35.80 1.59 205.927
car -1 -1 0.00 0.00 0.00 100.00 100.00 -1000 1.67 4.31 10.83 -1000 12.97 -0.04 202.708
car -1 -1 0.00 0.00 0.00 100.00 100.00 -1000 2.54 9.65 -5.46 -1000 26.43 1.70 201.400
car -1 -1 0.00 0.00 0.00 100.00 100.00 -1000 1.71 4.83 11.23 -1000 14.17 1.73 195.759
car -1 -1 0.00 0.00 0.00 100.00 100.00 -1000 1.81 5.77 -18.38 -1000 38.36 1.46 192.177
car -1 -1 0.00 0.00 0.00 100.00 100.00 -1000 2.00 7.16 -16.31 -1000 36.59 1.58 191.588
car -1 -1 0.00 0.00 0.00 100.00 100.00 -1000 1.64 4.29 10.89 -1000 17.76 -0.08 191.389
car -1 -1 0.00 0.00 0.00 100.00 100.00 -1000 2.49 8.84 -2.30 -1000 45.76 1.64 190.585
car -1 -1 0.00 0.00 0.00 100.00 100.00 -1000 1.99 6.62 -8.33 -1000 47.13 1.50 187.912
car -1 -1 0.00 0.00 0.00 100.00 100.00 -1000 1.55 3.56 3.68 -1000 38.98 -0.25 185.485
car -1 -1 0.00 0.00 0.00 100.00 100.00 -1000 1.79 5.09 9.03 -1000 42.93 1.57 182.191
car -1 -1 0.00 0.00 0.00 100.00 100.00 -1000 2.49 8.97 -1.69 -1000 44.57 1.68 181.400
car -1 -1 0.00 0.00 0.00 100.00 100.00 -1000 1.76 5.66 -18.55 -1000 31.93 1.41 178.091
car -1 -1 0.00 0.00 0.00 100.00 100.00 -1000 1.89 5.62 -1.30 -1000 40.50 1.67 173.351
car -1 -1 0.00 0.00 0.00 100.00 100.00 -1000 2.30 7.90 -9.07 -1000 43.05 1.67 172.083
car -1 -1 0.00 0.00 0.00 100.00 100.00 -1000 2.17 7.39 -7.12 -1000 44.27 1.54 171.733
car -1 -1 0.00 0.00 0.00 100.00 100.00 -1000 1.70 4.31 3.01 -1000 34.53 -0.02 171.259
car -1 -1 0.00 0.00 0.00 100.00 100.00 -1000 2.58 9.48 -9.54 -1000 44.98 1.60 169.759
car -1 -1 0.00 0.00 0.00 100.00 100.00 -1000 2.13 7.08 -5.14 -1000 21.34 1.68 169.234
car -1 -1 0.00 0.00 0.00 100.00 100.00 -1000 1.92 6.35 4.89 -1000 38.14 1.68 166.238
car -1 -1 0.00 0.00 0.00 100.00 100.00 -1000 1.78 5.34 -15.13 -1000 38.22 1.73 166.161
car -1 -1 0.00 0.00 0.00 100.00 100.00 -1000 1.88 5.71 10.76 -1000 18.92 1.53 164.819
car -1 -1 0.00 0.00 0.00 100.00 100.00 -1000 1.94 6.42 -10.76 -1000 20.88 1.57 162.431
car -1 -1 0.00 0.00 0.00 100.00 100.00 -1000 2.46 9.10 -2.24 -1000 39.77 1.60 160.517
car -1 -1 0.00 0.00 0.00 100.00 100.00 -1000 1.60 4.08 -18.82 -1000 24.67 1.59 155.396
car -1 -1 0.00 0.00 0.00 100.00 100.00 -1000 1.92 6.26 -0.71 -1000 36.78 1.74 155.328
car -1 -1 0.00 0.00 0.00 100.00 100.00 -1000 2.23 7.41 -2.69 -1000 21.76 1.96 153.933
car -1 -1 0.00 0.00 0.00 100.00 100.00 -1000 2.69 11.69 -3.57 -1000 25.00 1.76 153.781
car -1 -1 0.00 0.00 0.00 100.00 100.00 -1000 1.97 6.18 -4.85 -1000 44.57 1.64 151.530
car -1 -1 0.00 0.00 0.00 100.00 100.00 -1000 1.72 4.48 8.18 -1000 28.92 -0.00 146.058
car -1 -1 0.00 0.00 0.00 100.00 100.00 -1000 2.04 6.02 -7.90 -1000 38.53 1.70 141.847
car -1 -1 0.00 0.00 0.00 100.00 100.00 -1000 2.35 8.63 1.07 -1000 29.50 1.90 140.038
car -1 -1 0.00 0.00 0.00 100.00 100.00 -1000 1.82 5.46 6.59 -1000 42.08 1.77 139.867
car -1 -1 0.00 0.00 0.00 100.00 100.00 -1000 2.03 6.41 -2.47 -1000 28.57 1.83 130.625
car -1 -1 0.00 0.00 0.00 100.00 100.00 -1000 2.33 8.05 -5.92 -1000 35.92 1.73 129.144
car -1 -1 0.00 0.00 0.00 100.00 100.00 -1000 2.15 6.71 -8.72 -1000 40.31 1.63 128.853
car -1 -1 0.00 0.00 0.00 100.00 100.00 -1000 1.82 5.62 10.05 -1000 33.82 1.65 127.478
car -1 -1 0.00 0.00 0.00 100.00 100.00 -1000 1.93 6.26 8.66 -1000 30.19 1.59 127.410
car -1 -1 0.00 0.00 0.00 100.00 100.00 -1000 2.56 9.27 -5.98 -1000 32.24 1.70 124.966
car -1 -1 0.00 0.00 0.00 100.00 100.00 -1000 1.83 5.69 6.86 -1000 29.43 1.50 124.803
car -1 -1 0.00 0.00 0.00 100.00 100.00 -1000 1.57 4.32 -7.64 -1000 42.77 0.22 124.001
car -1 -1 0.00 0.00 0.00 100.00 100.00 -1000 2.06 7.47 -10.90 -1000 23.80 1.59 122.091
car -1 -1 0.00 0.00 0.00 100.00 100.00 -1000 2.17 7.00 13.69 -1000 40.56 1.57 120.266
car -1 -1 0.00 0.00 0.00 100.00 100.00 -1000 2.38 10.52 13.82 -1000 37.50 1.57 118.943
car -1 -1 0.00 0.00 0.00 100.00 100.00 -1000 1.90 6.38 9.51 -1000 31.82 1.52 117.272
car -1 -1 0.00 0.00 0.00 100.00 100.00 -1000 2.00 6.73 2.90 -1000 33.18 1.67 115.123
car -1 -1 0.00 0.00 0.00 100.00 100.00 -1000 1.75 5.36 -18.67 -1000 37.05 1.50 114.203
car -1 -1 0.00 0.00 0.00 100.00 100.00 -1000 2.47 9.45 -1.88 -1000 34.87 1.61 114.027
car -1 -1 0.00 0.00 0.00 100.00 100.00 -1000 2.16 8.05 3.10 -1000 36.66 1.59 113.414
car -1 -1 0.00 0.00 0.00 100.00 100.00 -1000 1.69 5.02 -1.77 -1000 33.40 -0.05 111.415
car -1 -1 0.00 0.00 0.00 100.00 100.00 -1000 2.01 6.91 -11.36 -1000 34.58 1.56 111.330
car -1 -1 0.00 0.00 0.00 100.00 100.00 -1000 1.89 6.06 3.31 -1000 27.26 1.75 108.061
car -1 -1 0.00 0.00 0.00 100.00 100.00 -1000 1.93 6.37 -13.92 -1000 42.65 1.57 107.657
car -1 -1 0.00 0.00 0.00 100.00 100.00 -1000 2.13 8.48 14.42 -1000 38.46 1.57 102.337
car -1 -1 0.00 0.00 0.00 100.00 100.00 -1000 2.14 7.84 -4.72 -1000 41.50 1.76 102.314
car -1 -1 0.00 0.00 0.00 100.00 100.00 -1000 2.68 10.36 1.80 -1000 44.91 1.59 100.651
car -1 -1 0.00 0.00 0.00 100.00 100.00 -1000 2.02 6.75 -11.19 -1000 24.86 1.60 99.905
car -1 -1 0.00 0.00 0.00 100.00 100.00 -1000 2.16 7.90 6.78 -1000 36.60 1.57 99.331
car -1 -1 0.00 0.00 0.00 100.00 100.00 -1000 1.88 6.38 -14.98 -1000 31.06 1.54 98.786
car -1 -1 0.00 0.00 0.00 100.00 100.00 -1000 1.79 5.18 4.51 -1000 34.09 1.69 98.057
car -1 -1 0.00 0.00 0.00 100.00 100.00 -1000 1.74 5.41 -9.67 -1000 18.44 1.75 97.890
car -1 -1 0.00 0.00 0.00 100.00 100.00 -1000 1.88 5.95 -18.63 -1000 32.89 1.42 95.077
car -1 -1 0.00 0.00 0.00 100.00 100.00 -1000 2.03 7.08 4.68 -1000 41.15 1.69 94.844
car -1 -1 0.00 0.00 0.00 100.00 100.00 -1000 1.79 5.34 -14.88 -1000 33.77 1.55 94.559
car -1 -1 0.00 0.00 0.00 100.00 100.00 -1000 2.06 7.24 -7.29 -1000 45.47 1.57 93.732
car -1 -1 0.00 0.00 0.00 100.00 100.00 -1000 1.97 6.21 14.04 -1000 27.10 1.56 93.329
car -1 -1 0.00 0.00 0.00 100.00 100.00 -1000 1.99 7.25 13.87 -1000 18.02 1.49 91.995
car -1 -1 0.00 0.00 0.00 100.00 100.00 -1000 2.08 7.44 -11.57 -1000 36.53 1.57 90.929
car -1 -1 0.00 0.00 0.00 100.00 100.00 -1000 2.67 10.43 -3.84 -1000 40.57 1.69 90.854
car -1 -1 0.00 0.00 0.00 100.00 100.00 -1000 1.65 3.85 -5.58 -1000 30.19 0.07 90.082
car -1 -1 0.00 0.00 0.00 100.00 100.00 -1000 2.13 8.63 13.85 -1000 41.67 1.57 89.496
car -1 -1 0.00 0.00 0.00 100.00 100.00 -1000 2.50 10.82 13.91 -1000 36.36 1.52 88.793
car -1 -1 0.00 0.00 0.00 100.00 100.00 -1000 2.04 7.20 10.33 -1000 34.97 1.58 87.427
car -1 -1 0.00 0.00 0.00 100.00 100.00 -1000 1.62 4.54 11.25 -1000 15.10 -0.07 87.339
car -1 -1 0.00 0.00 0.00 100.00 100.00 -1000 2.20 7.54 -10.39 -1000 42.26 1.63 87.049
car -1 -1 0.00 0.00 0.00 100.00 100.00 -1000 1.97 6.64 11.27 -1000 20.60 1.71 85.714
car -1 -1 0.00 0.00 0.00 100.00 100.00 -1000 1.92 5.89 9.45 -1000 42.10 1.55 82.865
car -1 -1 0.00 0.00 0.00 100.00 100.00 -1000 1.65 4.70 -8.08 -1000 37.55 0.22 81.994
car -1 -1 0.00 0.00 0.00 100.00 100.00 -1000 1.61 4.60 -6.10 -1000 32.80 0.04 79.824
car -1 -1 0.00 0.00 0.00 100.00 100.00 -1000 1.91 6.35 11.83 -1000 22.48 1.65 78.274
car -1 -1 0.00 0.00 0.00 100.00 100.00 -1000 2.56 11.91 0.57 -1000 24.06 1.82 76.314
car -1 -1 0.00 0.00 0.00 100.00 100.00 -1000 2.69 11.32 0.66 -1000 46.15 1.65 76.146
car -1 -1 0.00 0.00 0.00 100.00 100.00 -1000 2.48 9.10 -10.57 -1000 43.77 1.62 75.986
car -1 -1 0.00 0.00 0.00 100.00 100.00 -1000 1.81 5.76 -17.81 -1000 42.33 1.58 75.451
car -1 -1 0.00 0.00 0.00 100.00 100.00 -1000 1.84 6.17 5.78 -1000 27.20 1.53 75.311
car -1 -1 0.00 0.00 0.00 100.00 100.00 -1000 2.09 7.42 -11.31 -1000 26.08 1.59 74.967
car -1 -1 0.00 0.00 0.00 100.00 100.00 -1000 1.98 7.12 -18.60 -1000 39.30 1.59 74.302
car -1 -1 0.00 0.00 0.00 100.00 100.00 -1000 2.38 9.58 -1.23 -1000 35.95 1.67 73.432
car -1 -1 0.00 0.00 0.00 100.00 100.00 -1000 1.85 6.64 3.88 -1000 26.06 1.67 73.393
car -1 -1 0.00 0.00 0.00 100.00 100.00 -1000 2.10 7.22 -6.78 -1000 30.64 1.66 72.294
car -1 -1 0.00 0.00 0.00 100.00 100.00 -1000 2.34 8.43 -6.51 -1000 28.76 1.68 72.214
car -1 -1 0.00 0.00 0.00 100.00 100.00 -1000 2.05 6.95 -16.42 -1000 43.20 1.53 71.535
car -1 -1 0.00 0.00 0.00 100.00 100.00 -1000 2.07 7.15 3.51 -1000 39.10 1.68 71.406
car -1 -1 0.00 0.00 0.00 100.00 100.00 -1000 1.96 6.63 -18.46 -1000 41.08 1.50 70.999
car -1 -1 0.00 0.00 0.00 100.00 100.00 -1000 2.21 8.43 3.15 -1000 28.94 1.76 69.441
car -1 -1 0.00 0.00 0.00 100.00 100.00 -1000 1.96 6.68 -8.79 -1000 30.30 1.51 67.622
car -1 -1 0.00 0.00 0.00 100.00 100.00 -1000 3.22 19.46 -1.88 -1000 25.69 1.80 66.220
car -1 -1 0.00 0.00 0.00 100.00 100.00 -1000 1.94 6.59 10.37 -1000 46.28 1.58 66.077
car -1 -1 0.00 0.00 0.00 100.00 100.00 -1000 2.16 8.10 -8.48 -1000 31.87 1.60 65.074
car -1 -1 0.00 0.00 0.00 100.00 100.00 -1000 1.57 4.16 -8.81 -1000 41.87 0.41 65.019
car -1 -1 0.00 0.00 0.00 100.00 100.00 -1000 2.56 9.12 0.06 -1000 21.85 1.96 64.688
car -1 -1 0.00 0.00 0.00 100.00 100.00 -1000 2.04 7.21 15.25 -1000 21.72 1.50 64.514
car -1 -1 0.00 0.00 0.00 100.00 100.00 -1000 2.02 7.45 -10.51 -1000 30.97 1.54 63.885
car -1 -1 0.00 0.00 0.00 100.00 100.00 -1000 2.11 7.76 -11.45 -1000 33.48 1.55 61.447
car -1 -1 0.00 0.00 0.00 100.00 100.00 -1000 1.58 4.23 -11.29 -1000 21.55 0.14 61.389
car -1 -1 0.00 0.00 0.00 100.00 100.00 -1000 1.63 4.37 12.02 -1000 17.31 -0.18 61.234
car -1 -1 0.00 0.00 0.00 100.00 100.00 -1000 2.24 11.42 -4.46 -1000 27.41 1.69 60.265
car -1 -1 0.00 0.00 0.00 100.00 100.00 -1000 2.06 7.84 10.28 -1000 38.23 1.46 59.630
car -1 -1 0.00 0.00 0.00 100.00 100.00 -1000 1.57 3.69 10.02 -1000 33.18 0.03 59.375
car -1 -1 0.00 0.00 0.00 100.00 100.00 -1000 2.14 7.28 -15.53 -1000 39.04 1.66 58.854
car -1 -1 0.00 0.00 0.00 100.00 100.00 -1000 1.58 3.59 -10.27 -1000 35.23 -0.05 58.489
car -1 -1 0.00 0.00 0.00 100.00 100.00 -1000 2.11 7.08 -10.51 -1000 40.77 1.62 58.255
car -1 -1 0.00 0.00 0.00 100.00 100.00 -1000 2.12 7.72 -18.92 -1000 34.08 1.51 58.091
car -1 -1 0.00 0.00 0.00 100.00 100.00 -1000 2.51 11.00 -16.23 -1000 35.68 1.64 56.386
car -1 -1 0.00 0.00 0.00 100.00 100.00 -1000 1.92 5.82 3.18 -1000 40.42 1.63 56.000
car -1 -1 0.00 0.00 0.00 100.00 100.00 -1000 2.23 8.42 -5.32 -1000 46.14 1.59 55.788
car -1 -1 0.00 0.00 0.00 100.00 100.00 -1000 1.98 7.17 10.99 -1000 42.66 1.53 55.783
car -1 -1 0.00 0.00 0.00 100.00 100.00 -1000 2.22 9.20 14.06 -1000 39.44 1.62 55.009
car -1 -1 0.00 0.00 0.00 100.00 100.00 -1000 1.99 7.03 -15.14 -1000 32.56 1.66 54.798
car -1 -1 0.00 0.00 0.00 100.00 100.00 -1000 1.86 4.52 0.70 -1000 32.57 -0.67 54.707
car -1 -1 0.00 0.00 0.00 100.00 100.00 -1000 2.13 8.05 -8.41 -1000 29.36 1.61 54.695
car -1 -1 0.00 0.00 0.00 100.00 100.00 -1000 1.51 4.16 -6.41 -1000 43.97 0.04 54.231
car -1 -1 0.00 0.00 0.00 100.00 100.00 -1000 1.92 8.47 15.92 -1000 42.48 1.57 53.872
car -1 -1 0.00 0.00 0.00 100.00 100.00 -1000 2.04 7.34 -13.63 -1000 44.17 1.49 53.323
car -1 -1 0.00 0.00 0.00 100.00 100.00 -1000 2.22 7.95 -10.82 -1000 22.50 1.65 53.288
car -1 -1 0.00 0.00 0.00 100.00 100.00 -1000 1.56 4.10 -9.29 -1000 39.09 0.33 52.657
car -1 -1 0.00 0.00 0.00 100.00 100.00 -1000 1.84 5.99 -14.81 -1000 23.33 1.58 51.335
car -1 -1 0.00 0.00 0.00 100.00 100.00 -1000 2.07 8.13 10.63 -1000 19.61 1.69 51.191
