car -1 -1 0.00 0.00 0.00 100.00 100.00 -1000 1.85 4.84 3.73 -1000 44.10 1.60 999.723
car -1 -1 0.00 0.00 0.00 100.00 100.00 -1000 1.72 4.63 2.98 -1000 43.40 -0.32 998.540
car -1 -1 0.00 0.00 0.00 100.00 100.00 -1000 2.01 6.38 3.85 -1000 44.84 1.63 990.124
car -1 -1 0.00 0.00 0.00 100.00 100.00 -1000 1.61 3.84 -2.96 -1000 25.98 1.66 986.336
car -1 -1 0.00 0.00 0.00 100.00 100.00 -1000 2.93 12.81 4.64 -1000 46.58 1.70 961.597
car -1 -1 0.00 0.00 0.00 100.00 100.00 -1000 3.39 20.35 1.89 -1000 47.52 1.79 935.641
car -1 -1 0.00 0.00 0.00 100.00 100.00 -1000 2.51 10.12 2.69 -1000 45.52 1.72 912.743
car -1 -1 0.00 0.00 0.00 100.00 100.00 -1000 1.72 4.12 -3.39 -1000 24.93 -0.33 847.489
car -1 -1 0.00 0.00 0.00 100.00 100.00 -1000 1.94 5.67 -3.06 -1000 26.67 1.58 748.105
car -1 -1 0.00 0.00 0.00 100.00 100.00 -1000 1.82 5.16 -4.38 -1000 6.26 1.60 688.644
car -1 -1 0.00 0.00 0.00 100.00 100.00 -1000 2.47 10.77 3.71 -1000 43.28 -0.38 493.534
car -1 -1 0.00 0.00 0.00 100.00 100.00 -1000 1.83 5.10 2.53 -1000 38.32 0.18 488.885
car -1 -1 0.00 0.00 0.00 100.00 100.00 -1000 1.79 4.33 3.56 -1000 42.49 -0.46 448.556
car -1 -1 0.00 0.00 0.00 100.00 100.00 -1000 1.71 4.57 2.41 -1000 39.24 1.55 402.755
car -1 -1 0.00 0.00 0.00 100.00 100.00 -1000 1.64 4.37 -4.32 -1000 25.56 0.07 265.718
car -1 -1 0.00 0.00 0.00 100.00 100.00 -1000 1.63 4.52 2.28 -1000 44.40 1.54 252.575
car -1 -1 0.00 0.00 0.00 100.00 100.00 -1000 1.98 6.17 3.60 -1000 9.25 1.59 252.378
car -1 -1 0.00 0.00 0.00 100.00 100.00 -1000 2.05 6.51 -4.73 -1000 7.51 1.56 242.552
car -1 -1 0.00 0.00 0.00 100.00 100.00 -1000 1.98 6.34 -3.29 -1000 42.59 1.50 237.667
car -1 -1 0.00 0.00 0.00 100.00 100.00 -1000 1.91 5.63 5.46 -1000 43.41 1.85 214.916
car -1 -1 0.00 0.00 0.00 100.00 100.00 -1000 2.50 10.38 -2.94 -1000 27.58 1.55 197.500
car -1 -1 0.00 0.00 0.00 100.00 100.00 -1000 2.30 8.60 -0.84 -1000 29.48 1.55 196.396
car -1 -1 0.00 0.00 0.00 100.00 100.00 -1000 1.62 4.02 1.08 -1000 38.80 0.29 193.488
car -1 -1 0.00 0.00 0.00 100.00 100.00 -1000 1.85 5.51 -1.18 -1000 25.68 1.66 190.732
car -1 -1 0.00 0.00 0.00 100.00 100.00 -1000 2.16 7.96 9.21 -1000 31.98 1.67 177.667
car -1 -1 0.00 0.00 0.00 100.00 100.00 -1000 2.16 8.34 -3.73 -1000 47.00 1.44 160.641
car -1 -1 0.00 0.00 0.00 100.00 100.00 -1000 2.01 6.65 4.11 -1000 23.23 1.52 157.649
car -1 -1 0.00 0.00 0.00 100.00 100.00 -1000 2.43 9.80 7.34 -1000 17.38 1.66 148.955
car -1 -1 0.00 0.00 0.00 100.00 100.00 -1000 2.30 9.00 8.60 -1000 42.46 1.67 147.175
car -1 -1 0.00 0.00 0.00 100.00 100.00 -1000 2.23 8.06 4.33 -1000 32.04 1.53 146.576
car -1 -1 0.00 0.00 0.00 100.00 100.00 -1000 2.10 7.01 -1.86 -1000 41.91 1.59 140.301
car -1 -1 0.00 0.00 0.00 100.00 100.00 -1000 2.29 8.42 2.52 -1000 32.87 1.52 137.215
car -1 -1 0.00 0.00 0.00 100.00 100.00 -1000 2.38 8.97 4.06 -1000 38.93 1.50 137.053
car -1 -1 0.00 0.00 0.00 100.00 100.00 -1000 1.93 6.45 -0.51 -1000 43.42 1.61 135.397
car -1 -1 0.00 0.00 0.00 100.00 100.00 -1000 2.59 10.71 2.34 -1000 29.29 1.51 132.657
car -1 -1 0.00 0.00 0.00 100.00 100.00 -1000 2.44 9.58 8.00 -1000 41.16 1.68 125.229
car -1 -1 0.00 0.00 0.00 100.00 100.00 -1000 2.28 8.20 8.73 -1000 30.84 1.65 123.859
car -1 -1 0.00 0.00 0.00 100.00 100.00 -1000 2.57 11.95 6.83 -1000 47.45 1.68 123.756
car -1 -1 0.00 0.00 0.00 100.00 100.00 -1000 2.57 10.49 2.98 -1000 15.87 1.49 117.342
car -1 -1 0.00 0.00 0.00 100.00 100.00 -1000 2.22 8.17 3.54 -1000 37.36 1.47 114.537
car -1 -1 0.00 0.00 0.00 100.00 100.00 -1000 2.42 8.72 6.58 -1000 44.16 1.81 112.260
car -1 -1 0.00 0.00 0.00 100.00 100.00 -1000 2.45 10.13 7.01 -1000 32.73 1.66 111.298
car -1 -1 0.00 0.00 0.00 100.00 100.00 -1000 2.22 8.37 0.12 -1000 42.43 1.71 104.610
car -1 -1 0.00 0.00 0.00 100.00 100.00 -1000 2.12 7.89 -4.11 -1000 36.14 1.44 104.598
car -1 -1 0.00 0.00 0.00 100.00 100.00 -1000 1.61 4.05 -5.41 -1000 6.99 -0.20 103.623
car -1 -1 0.00 0.00 0.00 100.00 100.00 -1000 2.05 7.54 2.94 -1000 39.77 1.51 102.880
car -1 -1 0.00 0.00 0.00 100.00 100.00 -1000 2.07 8.15 9.45 -1000 27.17 1.63 100.704
car -1 -1 0.00 0.00 0.00 100.00 100.00 -1000 2.29 9.00 7.74 -1000 19.06 1.64 100.155
car -1 -1 0.00 0.00 0.00 100.00 100.00 -1000 2.29 9.36 3.99 -1000 9.91 1.51 100.033
car -1 -1 0.00 0.00 0.00 100.00 100.00 -1000 2.47 9.63 0.67 -1000 31.69 1.57 99.445
car -1 -1 0.00 0.00 0.00 100.00 100.00 -1000 2.10 8.18 9.35 -1000 33.64 1.65 99.426
car -1 -1 0.00 0.00 0.00 100.00 100.00 -1000 1.87 5.40 -4.79 -1000 24.54 -0.17 97.772
car -1 -1 0.00 0.00 0.00 100.00 100.00 -1000 2.27 9.23 -0.49 -1000 26.80 1.53 97.465
car -1 -1 0.00 0.00 0.00 100.00 100.00 -1000 2.78 12.35 -1.39 -1000 28.54 1.57 89.364
car -1 -1 0.00 0.00 0.00 100.00 100.00 -1000 2.07 8.18 9.43 -1000 28.80 1.63 89.333
car -1 -1 0.00 0.00 0.00 100.00 100.00 -1000 2.66 11.74 3.66 -1000 17.06 1.52 86.007
car -1 -1 0.00 0.00 0.00 100.00 100.00 -1000 2.25 8.65 8.46 -1000 40.08 1.66 84.189
car -1 -1 0.00 0.00 0.00 100.00 100.00 -1000 2.06 6.84 4.17 -1000 8.05 1.56 84.089
car -1 -1 0.00 0.00 0.00 100.00 100.00 -1000 2.04 8.15 9.50 -1000 25.57 1.62 80.447
car -1 -1 0.00 0.00 0.00 100.00 100.00 -1000 2.19 7.41 0.19 -1000 38.71 1.57 80.410
car -1 -1 0.00 0.00 0.00 100.00 100.00 -1000 2.37 9.24 7.29 -1000 16.17 1.67 78.744
car -1 -1 0.00 0.00 0.00 100.00 100.00 -1000 2.09 7.75 4.06 -1000 41.69 1.60 78.589
car -1 -1 0.00 0.00 0.00 100.00 100.00 -1000 2.07 8.33 10.36 -1000 44.97 1.63 78.174
car -1 -1 0.00 0.00 0.00 100.00 100.00 -1000 2.14 7.51 -2.83 -1000 23.89 1.55 77.828
car -1 -1 0.00 0.00 0.00 100.00 100.00 -1000 2.52 10.32 -4.75 -1000 8.21 1.52 77.146
car -1 -1 0.00 0.00 0.00 100.00 100.00 -1000 2.20 8.14 8.97 -1000 29.78 1.67 76.636
car -1 -1 0.00 0.00 0.00 100.00 100.00 -1000 2.28 9.02 7.75 -1000 20.68 1.62 76.204
car -1 -1 0.00 0.00 0.00 100.00 100.00 -1000 2.52 11.18 1.93 -1000 28.12 1.60 73.636
car -1 -1 0.00 0.00 0.00 100.00 100.00 -1000 2.57 11.46 5.73 -1000 18.27 1.64 73.533
car -1 -1 0.00 0.00 0.00 100.00 100.00 -1000 2.30 9.25 7.61 -1000 12.58 1.61 73.294
car -1 -1 0.00 0.00 0.00 100.00 100.00 -1000 2.07 8.90 9.58 -1000 16.71 1.61 68.669
car -1 -1 0.00 0.00 0.00 100.00 100.00 -1000 2.28 8.65 -5.06 -1000 20.34 1.54 67.721
car -1 -1 0.00 0.00 0.00 100.00 100.00 -1000 2.33 9.09 8.18 -1000 38.76 1.67 67.620
car -1 -1 0.00 0.00 0.00 100.00 100.00 -1000 2.64 10.47 0.08 -1000 46.54 1.64 66.111
car -1 -1 0.00 0.00 0.00 100.00 100.00 -1000 2.04 8.68 10.42 -1000 39.29 1.60 64.628
car -1 -1 0.00 0.00 0.00 100.00 100.00 -1000 2.65 12.35 7.60 -1000 45.78 1.66 62.381
car -1 -1 0.00 0.00 0.00 100.00 100.00 -1000 2.08 9.12 10.37 -1000 41.73 1.61 60.666
car -1 -1 0.00 0.00 0.00 100.00 100.00 -1000 1.73 4.94 0.93 -1000 31.84 -0.37 60.658
car -1 -1 0.00 0.00 0.00 100.00 100.00 -1000 2.11 8.15 9.14 -1000 35.29 1.64 60.637
car -1 -1 0.00 0.00 0.00 100.00 100.00 -1000 2.04 6.71 -5.66 -1000 23.83 1.49 60.476
car -1 -1 0.00 0.00 0.00 100.00 100.00 -1000 2.60 11.66 4.66 -1000 33.96 1.47 60.450
car -1 -1 0.00 0.00 0.00 100.00 100.00 -1000 2.17 8.45 8.90 -1000 36.89 1.65 60.144
car -1 -1 0.00 0.00 0.00 100.00 100.00 -1000 2.32 9.26 3.90 -1000 27.22 1.48 59.463
car -1 -1 0.00 0.00 0.00 100.00 100.00 -1000 2.29 8.88 7.51 -1000 11.27 1.64 57.547
car -1 -1 0.00 0.00 0.00 100.00 100.00 -1000 2.26 8.78 0.06 -1000 37.64 1.61 56.530
car -1 -1 0.00 0.00 0.00 100.00 100.00 -1000 2.36 10.29 3.89 -1000 14.78 1.48 56.392
car -1 -1 0.00 0.00 0.00 100.00 100.00 -1000 2.27 8.60 8.86 -1000 15.39 1.53 55.129
car -1 -1 0.00 0.00 0.00 100.00 100.00 -1000 2.28 9.15 7.75 -1000 14.23 1.61 54.271
car -1 -1 0.00 0.00 0.00 100.00 100.00 -1000 2.37 9.36 -3.72 -1000 39.30 1.45 54.103
car -1 -1 0.00 0.00 0.00 100.00 100.00 -1000 2.28 9.28 7.76 -1000 22.28 1.59 53.973
car -1 -1 0.00 0.00 0.00 100.00 100.00 -1000 2.33 8.99 9.68 -1000 37.97 1.52 52.061
car -1 -1 0.00 0.00 0.00 100.00 100.00 -1000 2.01 8.53 9.58 -1000 10.22 1.57 51.918
car -1 -1 0.00 0.00 0.00 100.00 100.00 -1000 2.11 7.98 -0.73 -1000 24.97 1.66 51.504
car -1 -1 0.00 0.00 0.00 100.00 100.00 -1000 2.00 8.53 9.64 -1000 23.98 1.59 51.025
car -1 -1 0.00 0.00 0.00 100.00 100.00 -1000 2.49 10.44 0.81 -1000 40.46 1.63 50.175
