car -1 -1 0.00 0.00 0.00 100.00 100.00 -1000 1.70 4.21 -6.49 -1000 20.95 1.67 999.536
car -1 -1 0.00 0.00 0.00 100.00 100.00 -1000 1.69 4.25 3.93 -1000 7.31 -0.49 999.241
car -1 -1 0.00 0.00 0.00 100.00 100.00 -1000 1.70 4.08 0.09 -1000 28.29 1.60 999.020
car -1 -1 0.00 0.00 0.00 100.00 100.00 -1000 1.67 4.12 3.87 -1000 25.40 -0.40 998.817
car -1 -1 0.00 0.00 0.00 100.00 100.00 -1000 1.77 4.52 4.09 -1000 26.46 1.75 996.565
car -1 -1 0.00 0.00 0.00 100.00 100.00 -1000 1.63 4.05 4.17 -1000 14.77 -0.56 994.383
car -1 -1 0.00 0.00 0.00 100.00 100.00 -1000 1.78 4.26 4.48 -1000 8.02 2.00 990.899
car -1 -1 0.00 0.00 0.00 100.00 100.00 -1000 1.95 5.45 0.29 -1000 29.01 1.66 986.730
car -1 -1 0.00 0.00 0.00 100.00 100.00 -1000 1.97 5.81 -6.79 -1000 21.75 1.56 981.326
car -1 -1 0.00 0.00 0.00 100.00 100.00 -1000 1.64 4.00 -7.30 -1000 20.18 -0.16 959.578
car -1 -1 0.00 0.00 0.00 100.00 100.00 -1000 1.60 3.75 -0.48 -1000 27.45 -0.03 950.262
car -1 -1 0.00 0.00 0.00 100.00 100.00 -1000 1.63 3.99 4.17 -1000 11.53 -0.29 917.679
car -1 -1 0.00 0.00 0.00 100.00 100.00 -1000 1.69 4.49 2.49 -1000 26.99 1.61 915.154
car -1 -1 0.00 0.00 0.00 100.00 100.00 -1000 1.61 4.13 -1.09 -1000 28.68 1.54 909.257
car -1 -1 0.00 0.00 0.00 100.00 100.00 -1000 1.77 4.60 2.82 -1000 32.95 1.59 853.010
car -1 -1 0.00 0.00 0.00 100.00 100.00 -1000 1.63 4.03 4.94 -1000 25.89 -0.46 849.445
car -1 -1 0.00 0.00 0.00 100.00 100.00 -1000 1.61 4.09 1.26 -1000 27.64 1.70 832.223
car -1 -1 0.00 0.00 0.00 100.00 100.00 -1000 2.23 7.57 18.87 -1000 46.85 1.60 812.304
car -1 -1 0.00 0.00 0.00 100.00 100.00 -1000 1.58 3.80 3.36 -1000 47.17 1.52 798.949
car -1 -1 0.00 0.00 0.00 100.00 100.00 -1000 1.72 4.52 4.11 -1000 15.62 1.64 777.186
car -1 -1 0.00 0.00 0.00 100.00 100.00 -1000 1.59 4.06 4.07 -1000 46.58 -0.60 749.530
car -1 -1 0.00 0.00 0.00 100.00 100.00 -1000 2.21 7.46 4.33 -1000 26.97 1.63 715.080
car -1 -1 0.00 0.00 0.00 100.00 100.00 -1000 2.04 6.02 4.23 -1000 8.93 1.67 697.290
car -1 -1 0.00 0.00 0.00 100.00 100.00 -1000 1.57 3.83 3.08 -1000 4.39 -0.17 696.548
car -1 -1 0.00 0.00 0.00 100.00 100.00 -1000 2.06 6.40 18.25 -1000 45.73 1.55 671.813
car -1 -1 0.00 0.00 0.00 100.00 100.00 -1000 1.59 3.91 -2.94 -1000 42.38 1.57 663.888
car -1 -1 0.00 0.00 0.00 100.00 100.00 -1000 2.36 8.89 0.68 -1000 30.85 1.80 637.337
car -1 -1 0.00 0.00 0.00 100.00 100.00 -1000 1.48 3.62 0.68 -1000 26.86 -0.08 624.796
car -1 -1 0.00 0.00 0.00 100.00 100.00 -1000 1.93 5.54 2.11 -1000 31.76 1.60 602.578
car -1 -1 0.00 0.00 0.00 100.00 100.00 -1000 1.72 4.42 4.14 -1000 12.45 1.66 585.276
car -1 -1 0.00 0.00 0.00 100.00 100.00 -1000 1.65 4.26 3.45 -1000 14.15 -0.24 556.202
car -1 -1 0.00 0.00 0.00 100.00 100.00 -1000 1.55 3.97 2.72 -1000 46.35 0.11 511.323
car -1 -1 0.00 0.00 0.00 100.00 100.00 -1000 1.65 4.22 -3.59 -1000 47.20 1.60 508.140
car -1 -1 0.00 0.00 0.00 100.00 100.00 -1000 2.39 8.62 -6.91 -1000 22.52 1.52 480.285
car -1 -1 0.00 0.00 0.00 100.00 100.00 -1000 1.68 4.43 -3.80 -1000 37.98 1.60 472.159
car -1 -1 0.00 0.00 0.00 100.00 100.00 -1000 1.59 3.87 -2.74 -1000 28.18 1.65 450.279
car -1 -1 0.00 0.00 0.00 100.00 100.00 -1000 2.36 8.26 0.15 -1000 29.78 1.64 446.995
car -1 -1 0.00 0.00 0.00 100.00 100.00 -1000 1.78 4.91 17.64 -1000 44.99 1.55 430.912
car -1 -1 0.00 0.00 0.00 100.00 100.00 -1000 1.61 4.16 -3.95 -1000 41.59 -0.08 420.332
car -1 -1 0.00 0.00 0.00 100.00 100.00 -1000 1.55 3.72 2.44 -1000 26.09 1.54 415.071
car -1 -1 0.00 0.00 0.00 100.00 100.00 -1000 1.73 4.59 -3.00 -1000 32.15 1.70 368.651
car -1 -1 0.00 0.00 0.00 100.00 100.00 -1000 2.68 12.17 7.70 -1000 28.95 1.64 362.495
car -1 -1 0.00 0.00 0.00 100.00 100.00 -1000 1.71 4.68 2.96 -1000 24.77 -0.10 362.276
car -1 -1 0.00 0.00 0.00 100.00 100.00 -1000 1.63 4.15 3.46 -1000 5.40 1.68 341.084
car -1 -1 0.00 0.00 0.00 100.00 100.00 -1000 1.66 4.48 -2.40 -1000 37.69 1.54 326.961
car -1 -1 0.00 0.00 0.00 100.00 100.00 -1000 2.13 6.81 -1.47 -1000 31.68 1.66 286.928
car -1 -1 0.00 0.00 0.00 100.00 100.00 -1000 1.58 3.73 -3.86 -1000 37.21 0.05 285.046
car -1 -1 0.00 0.00 0.00 100.00 100.00 -1000 1.55 4.20 3.38 -1000 6.41 -0.35 284.479
car -1 -1 0.00 0.00 0.00 100.00 100.00 -1000 2.74 11.86 4.61 -1000 27.60 1.70 278.468
car -1 -1 0.00 0.00 0.00 100.00 100.00 -1000 1.94 5.75 4.05 -1000 10.93 1.88 273.681
car -1 -1 0.00 0.00 0.00 100.00 100.00 -1000 2.35 8.28 -4.16 -1000 21.51 1.92 266.380
car -1 -1 0.00 0.00 0.00 100.00 100.00 -1000 2.31 8.71 3.74 -1000 9.84 1.72 257.044
car -1 -1 0.00 0.00 0.00 100.00 100.00 -1000 2.22 7.72 4.54 -1000 16.03 1.54 253.200
car -1 -1 0.00 0.00 0.00 100.00 100.00 -1000 1.64 3.87 17.35 -1000 44.26 1.50 249.021
car -1 -1 0.00 0.00 0.00 100.00 100.00 -1000 1.70 4.58 -18.98 -1000 47.17 1.64 236.796
car -1 -1 0.00 0.00 0.00 100.00 100.00 -1000 1.88 5.48 -16.97 -1000 39.85 1.58 234.407
car -1 -1 0.00 0.00 0.00 100.00 100.00 -1000 2.36 8.96 2.21 -1000 28.54 1.78 223.044
car -1 -1 0.00 0.00 0.00 100.00 100.00 -1000 2.54 10.88 6.11 -1000 10.79 1.72 204.871
car -1 -1 0.00 0.00 0.00 100.00 100.00 -1000 2.00 6.21 4.11 -1000 13.16 1.72 201.656
car -1 -1 0.00 0.00 0.00 100.00 100.00 -1000 1.73 5.24 2.74 -1000 45.60 -0.00 199.924
car -1 -1 0.00 0.00 0.00 100.00 100.00 -1000 1.57 4.17 -4.73 -1000 46.57 0.11 198.028
car -1 -1 0.00 0.00 0.00 100.00 100.00 -1000 2.15 7.34 2.59 -1000 33.50 1.51 193.815
car -1 -1 0.00 0.00 0.00 100.00 100.00 -1000 1.95 6.35 -18.21 -1000 26.89 1.58 182.788
car -1 -1 0.00 0.00 0.00 100.00 100.00 -1000 2.06 6.69 -3.33 -1000 28.55 1.60 182.381
car -1 -1 0.00 0.00 0.00 100.00 100.00 -1000 1.75 5.14 -18.79 -1000 25.87 1.59 178.618
car -1 -1 0.00 0.00 0.00 100.00 100.00 -1000 1.76 4.83 4.60 -1000 24.56 1.77 173.262
car -1 -1 0.00 0.00 0.00 100.00 100.00 -1000 1.88 5.40 -15.96 -1000 40.61 1.62 166.698
car -1 -1 0.00 0.00 0.00 100.00 100.00 -1000 2.46 9.59 -6.64 -1000 23.79 1.75 164.170
car -1 -1 0.00 0.00 0.00 100.00 100.00 -1000 1.80 5.10 18.52 -1000 43.61 -0.22 157.133
car -1 -1 0.00 0.00 0.00 100.00 100.00 -1000 1.69 4.35 3.92 -1000 32.25 -0.21 153.931
car -1 -1 0.00 0.00 0.00 100.00 100.00 -1000 2.20 8.43 6.73 -1000 11.61 1.67 152.405
car -1 -1 0.00 0.00 0.00 100.00 100.00 -1000 1.90 5.87 -18.21 -1000 33.33 1.49 151.534
car -1 -1 0.00 0.00 0.00 100.00 100.00 -1000 1.91 6.41 16.90 -1000 20.96 1.69 150.323
car -1 -1 0.00 0.00 0.00 100.00 100.00 -1000 1.76 4.90 -4.08 -1000 27.70 -0.10 148.387
car -1 -1 0.00 0.00 0.00 100.00 100.00 -1000 1.82 5.36 -4.64 -1000 42.27 1.50 148.054
car -1 -1 0.00 0.00 0.00 100.00 100.00 -1000 2.24 7.85 0.41 -1000 32.48 1.67 144.376
car -1 -1 0.00 0.00 0.00 100.00 100.00 -1000 1.66 4.47 5.62 -1000 15.37 -0.10 143.606
car -1 -1 0.00 0.00 0.00 100.00 100.00 -1000 2.03 6.67 -2.77 -1000 32.82 1.67 143.045
car -1 -1 0.00 0.00 0.00 100.00 100.00 -1000 2.29 9.64 9.35 -1000 27.92 1.61 139.491
car -1 -1 0.00 0.00 0.00 100.00 100.00 -1000 1.82 5.48 -2.21 -1000 41.72 1.62 138.937
car -1 -1 0.00 0.00 0.00 100.00 100.00 -1000 1.80 5.35 5.73 -1000 35.72 1.49 137.671
car -1 -1 0.00 0.00 0.00 100.00 100.00 -1000 1.91 5.87 5.77 -1000 7.07 1.75 136.825
car -1 -1 0.00 0.00 0.00 100.00 100.00 -1000 1.68 4.48 6.15 -1000 8.19 -0.08 126.302
car -1 -1 0.00 0.00 0.00 100.00 100.00 -1000 2.18 7.19 6.08 -1000 26.30 1.77 115.856
car -1 -1 0.00 0.00 0.00 100.00 100.00 -1000 1.94 6.13 -2.00 -1000 42.86 1.55 115.744
car -1 -1 0.00 0.00 0.00 100.00 100.00 -1000 2.32 8.38 3.63 -1000 13.95 1.71 114.264
car -1 -1 0.00 0.00 0.00 100.00 100.00 -1000 1.64 4.70 3.09 -1000 3.48 1.72 110.926
car -1 -1 0.00 0.00 0.00 100.00 100.00 -1000 1.83 5.20 -3.16 -1000 27.00 1.62 110.485
car -1 -1 0.00 0.00 0.00 100.00 100.00 -1000 2.41 10.79 8.02 -1000 17.30 1.58 109.222
car -1 -1 0.00 0.00 0.00 100.00 100.00 -1000 1.59 4.24 1.37 -1000 32.51 0.00 108.742
car -1 -1 0.00 0.00 0.00 100.00 100.00 -1000 1.49 3.75 -5.19 -1000 37.47 0.29 107.234
car -1 -1 0.00 0.00 0.00 100.00 100.00 -1000 1.55 3.91 -19.27 -1000 32.53 -0.25 104.045
car -1 -1 0.00 0.00 0.00 100.00 100.00 -1000 2.01 5.37 -5.30 -1000 19.82 1.79 99.798
car -1 -1 0.00 0.00 0.00 100.00 100.00 -1000 1.91 6.16 -18.88 -1000 37.87 1.59 99.384
car -1 -1 0.00 0.00 0.00 100.00 100.00 -1000 2.14 7.68 -1.99 -1000 30.23 1.58 98.767
car -1 -1 0.00 0.00 0.00 100.00 100.00 -1000 2.21 8.34 -15.25 -1000 41.32 1.48 98.722
car -1 -1 0.00 0.00 0.00 100.00 100.00 -1000 2.14 9.37 -3.42 -1000 24.16 1.68 95.117
car -1 -1 0.00 0.00 0.00 100.00 100.00 -1000 1.95 5.97 -17.80 -1000 39.15 1.67 94.505
car -1 -1 0.00 0.00 0.00 100.00 100.00 -1000 2.70 11.30 18.03 -1000 47.52 1.59 94.118
car -1 -1 0.00 0.00 0.00 100.00 100.00 -1000 1.96 6.13 2.20 -1000 43.21 1.57 93.277
car -1 -1 0.00 0.00 0.00 100.00 100.00 -1000 2.68 15.14 6.61 -1000 29.98 1.51 93.060
car -1 -1 0.00 0.00 0.00 100.00 100.00 -1000 1.64 4.39 -6.83 -1000 22.54 -0.40 92.290
car -1 -1 0.00 0.00 0.00 100.00 100.00 -1000 2.17 7.52 14.84 -1000 46.01 1.64 86.598
car -1 -1 0.00 0.00 0.00 100.00 100.00 -1000 1.58 3.72 16.42 -1000 21.33 -0.04 83.506
car -1 -1 0.00 0.00 0.00 100.00 100.00 -1000 1.94 6.19 5.39 -1000 47.17 1.68 82.803
car -1 -1 0.00 0.00 0.00 100.00 100.00 -1000 2.30 8.28 4.48 -1000 31.86 1.67 82.598
car -1 -1 0.00 0.00 0.00 100.00 100.00 -1000 2.42 9.37 9.26 -1000 26.75 1.56 79.068
car -1 -1 0.00 0.00 0.00 100.00 100.00 -1000 2.51 10.99 2.69 -1000 34.82 1.68 79.066
car -1 -1 0.00 0.00 0.00 100.00 100.00 -1000 1.90 5.95 5.90 -1000 24.02 1.66 78.486
car -1 -1 0.00 0.00 0.00 100.00 100.00 -1000 1.98 6.48 5.58 -1000 36.58 1.56 78.315
car -1 -1 0.00 0.00 0.00 100.00 100.00 -1000 2.64 11.04 6.01 -1000 9.21 1.67 76.168
car -1 -1 0.00 0.00 0.00 100.00 100.00 -1000 2.12 6.83 0.80 -1000 46.52 1.64 74.187
car -1 -1 0.00 0.00 0.00 100.00 100.00 -1000 1.67 5.14 1.45 -1000 30.97 -0.56 72.870
car -1 -1 0.00 0.00 0.00 100.00 100.00 -1000 1.89 5.88 1.36 -1000 42.49 1.64 72.381
car -1 -1 0.00 0.00 0.00 100.00 100.00 -1000 1.68 4.17 -19.84 -1000 46.47 0.02 71.342
car -1 -1 0.00 0.00 0.00 100.00 100.00 -1000 1.54 3.69 4.45 -1000 47.60 -0.53 70.078
car -1 -1 0.00 0.00 0.00 100.00 100.00 -1000 1.75 5.25 -3.28 -1000 46.17 1.67 70.011
car -1 -1 0.00 0.00 0.00 100.00 100.00 -1000 2.03 6.84 5.07 -1000 6.22 1.68 69.206
car -1 -1 0.00 0.00 0.00 100.00 100.00 -1000 1.79 5.46 4.61 -1000 45.84 1.70 69.164
car -1 -1 0.00 0.00 0.00 100.00 100.00 -1000 2.17 7.43 6.63 -1000 25.28 1.73 68.865
car -1 -1 0.00 0.00 0.00 100.00 100.00 -1000 2.16 7.87 3.02 -1000 47.47 1.38 67.909
car -1 -1 0.00 0.00 0.00 100.00 100.00 -1000 2.32 7.85 -2.50 -1000 20.87 1.88 67.478
car -1 -1 0.00 0.00 0.00 100.00 100.00 -1000 2.09 7.14 0.78 -1000 43.88 1.55 64.916
car -1 -1 0.00 0.00 0.00 100.00 100.00 -1000 2.31 10.30 8.13 -1000 14.94 1.54 63.730
car -1 -1 0.00 0.00 0.00 100.00 100.00 -1000 2.08 8.40 -2.16 -1000 22.54 1.73 62.254
car -1 -1 0.00 0.00 0.00 100.00 100.00 -1000 1.91 6.38 -13.46 -1000 30.43 1.35 61.910
car -1 -1 0.00 0.00 0.00 100.00 100.00 -1000 1.88 6.05 -17.77 -1000 32.25 1.67 61.765
car -1 -1 0.00 0.00 0.00 100.00 100.00 -1000 2.07 7.54 -2.90 -1000 38.36 1.47 61.650
car -1 -1 0.00 0.00 0.00 100.00 100.00 -1000 1.68 5.49 -18.90 -1000 45.91 1.67 61.347
car -1 -1 0.00 0.00 0.00 100.00 100.00 -1000 1.76 5.69 -18.93 -1000 24.99 1.48 60.992
car -1 -1 0.00 0.00 0.00 100.00 100.00 -1000 2.39 9.41 -17.20 -1000 34.04 1.57 60.099
car -1 -1 0.00 0.00 0.00 100.00 100.00 -1000 2.29 8.36 6.86 -1000 8.17 1.68 59.869
car -1 -1 0.00 0.00 0.00 100.00 100.00 -1000 1.76 5.15 6.99 -1000 35.25 1.61 59.375
car -1 -1 0.00 0.00 0.00 100.00 100.00 -1000 2.15 8.26 17.52 -1000 22.10 1.49 59.179
car -1 -1 0.00 0.00 0.00 100.00 100.00 -1000 1.75 5.71 18.45 -1000 42.74 0.07 59.085
car -1 -1 0.00 0.00 0.00 100.00 100.00 -1000 2.16 9.01 8.61 -1000 15.93 1.61 58.254
car -1 -1 0.00 0.00 0.00 100.00 100.00 -1000 2.06 7.51 -17.24 -1000 31.41 1.50 58.030
car -1 -1 0.00 0.00 0.00 100.00 100.00 -1000 1.79 5.13 -6.63 -1000 19.26 -0.28 56.884
car -1 -1 0.00 0.00 0.00 100.00 100.00 -1000 1.98 8.05 15.28 -1000 47.20 1.58 56.650
car -1 -1 0.00 0.00 0.00 100.00 100.00 -1000 2.74 14.76 -4.82 -1000 24.77 1.65 56.535
car -1 -1 0.00 0.00 0.00 100.00 100.00 -1000 1.45 4.19 12.92 -1000 19.00 0.34 55.661
car -1 -1 0.00 0.00 0.00 100.00 100.00 -1000 2.43 9.20 4.89 -1000 33.00 1.65 52.463
car -1 -1 0.00 0.00 0.00 100.00 100.00 -1000 1.94 6.86 -2.00 -1000 36.32 1.66 51.370
car -1 -1 0.00 0.00 0.00 100.00 100.00 -1000 2.47 9.32 -0.25 -1000 45.66 1.65 50.178
