car -1 -1 0.00 0.00 0.00 100.00 100.00 -1000 1.78 4.43 -8.16 -1000 34.24 -0.18 999.757
car -1 -1 0.00 0.00 0.00 100.00 100.00 -1000 1.72 4.03 -7.03 -1000 35.04 1.60 999.242
car -1 -1 0.00 0.00 0.00 100.00 100.00 -1000 1.87 5.06 -8.70 -1000 35.18 1.75 998.857
car -1 -1 0.00 0.00 0.00 100.00 100.00 -1000 1.76 4.43 -8.10 -1000 15.46 -0.27 998.272
car -1 -1 0.00 0.00 0.00 100.00 100.00 -1000 1.68 4.01 -6.92 -1000 16.25 1.71 992.391
car -1 -1 0.00 0.00 0.00 100.00 100.00 -1000 1.70 4.19 -6.96 -1000 39.93 1.65 988.313
car -1 -1 0.00 0.00 0.00 100.00 100.00 -1000 1.70 3.99 -8.69 -1000 16.17 1.78 986.547
car -1 -1 0.00 0.00 0.00 100.00 100.00 -1000 1.63 4.04 12.55 -1000 30.99 -0.58 974.984
car -1 -1 0.00 0.00 0.00 100.00 100.00 -1000 1.71 4.30 18.88 -1000 30.97 1.72 974.721
car -1 -1 0.00 0.00 0.00 100.00 100.00 -1000 1.54 3.56 -15.56 -1000 42.75 0.02 967.866
car -1 -1 0.00 0.00 0.00 100.00 100.00 -1000 1.68 4.43 -9.66 -1000 34.52 0.19 962.907
car -1 -1 0.00 0.00 0.00 100.00 100.00 -1000 2.25 7.61 -7.59 -1000 35.98 1.72 944.000
car -1 -1 0.00 0.00 0.00 100.00 100.00 -1000 1.64 4.15 12.15 -1000 30.14 -0.57 906.111
car -1 -1 0.00 0.00 0.00 100.00 100.00 -1000 1.64 4.06 18.30 -1000 30.08 -0.09 875.077
car -1 -1 0.00 0.00 0.00 100.00 100.00 -1000 1.62 3.94 -7.59 -1000 39.16 -0.11 874.134
car -1 -1 0.00 0.00 0.00 100.00 100.00 -1000 1.89 5.63 -6.51 -1000 40.64 1.78 827.367
car -1 -1 0.00 0.00 0.00 100.00 100.00 -1000 1.77 4.67 -15.21 -1000 43.45 1.74 799.128
car -1 -1 0.00 0.00 0.00 100.00 100.00 -1000 1.64 4.15 9.12 -1000 20.24 1.67 775.273
car -1 -1 0.00 0.00 0.00 100.00 100.00 -1000 2.54 9.78 -3.83 -1000 37.90 1.76 753.985
car -1 -1 0.00 0.00 0.00 100.00 100.00 -1000 2.03 6.51 -7.34 -1000 17.03 1.70 733.961
car -1 -1 0.00 0.00 0.00 100.00 100.00 -1000 2.45 8.58 -7.49 -1000 38.18 1.69 717.100
car -1 -1 0.00 0.00 0.00 100.00 100.00 -1000 1.63 3.97 5.51 -1000 39.78 1.63 688.360
car -1 -1 0.00 0.00 0.00 100.00 100.00 -1000 2.80 11.06 -7.90 -1000 36.83 1.71 679.949
car -1 -1 0.00 0.00 0.00 100.00 100.00 -1000 1.67 4.40 -14.87 -1000 18.54 1.72 659.542
car -1 -1 0.00 0.00 0.00 100.00 100.00 -1000 1.64 4.11 13.69 -1000 31.43 -0.73 659.130
car -1 -1 0.00 0.00 0.00 100.00 100.00 -1000 1.59 3.31 9.19 -1000 28.94 -0.24 653.327
car -1 -1 0.00 0.00 0.00 100.00 100.00 -1000 1.60 4.02 10.49 -1000 29.53 -0.30 647.981
car -1 -1 0.00 0.00 0.00 100.00 100.00 -1000 2.78 11.64 8.96 -1000 42.50 1.64 611.133
car -1 -1 0.00 0.00 0.00 100.00 100.00 -1000 1.64 4.28 -9.68 -1000 15.30 -0.07 598.517
car -1 -1 0.00 0.00 0.00 100.00 100.00 -1000 2.00 5.99 18.63 -1000 31.67 1.62 582.983
car -1 -1 0.00 0.00 0.00 100.00 100.00 -1000 1.56 3.69 -17.02 -1000 42.27 -0.04 582.551
car -1 -1 0.00 0.00 0.00 100.00 100.00 -1000 1.69 4.49 7.56 -1000 24.14 1.67 564.518
car -1 -1 0.00 0.00 0.00 100.00 100.00 -1000 2.27 8.84 -4.90 -1000 36.27 1.81 542.002
car -1 -1 0.00 0.00 0.00 100.00 100.00 -1000 1.70 4.41 4.90 -1000 38.90 0.14 521.392
car -1 -1 0.00 0.00 0.00 100.00 100.00 -1000 1.55 3.73 -15.76 -1000 17.66 -0.20 499.576
car -1 -1 0.00 0.00 0.00 100.00 100.00 -1000 3.35 17.68 -5.07 -1000 38.81 1.72 476.919
car -1 -1 0.00 0.00 0.00 100.00 100.00 -1000 1.54 3.79 9.06 -1000 19.29 0.00 464.717
car -1 -1 0.00 0.00 0.00 100.00 100.00 -1000 2.10 6.74 -4.93 -1000 35.31 1.85 436.050
car -1 -1 0.00 0.00 0.00 100.00 100.00 -1000 1.59 4.37 16.87 -1000 30.35 0.29 435.834
car -1 -1 0.00 0.00 0.00 100.00 100.00 -1000 1.59 3.81 11.99 -1000 31.66 -0.08 417.127
car -1 -1 0.00 0.00 0.00 100.00 100.00 -1000 1.92 7.02 -0.98 -1000 38.35 1.62 400.713
car -1 -1 0.00 0.00 0.00 100.00 100.00 -1000 2.47 8.80 -5.54 -1000 39.07 1.75 361.662
car -1 -1 0.00 0.00 0.00 100.00 100.00 -1000 1.83 5.52 -14.27 -1000 44.17 1.52 356.381
car -1 -1 0.00 0.00 0.00 100.00 100.00 -1000 2.66 10.39 -10.66 -1000 37.84 1.73 354.590
car -1 -1 0.00 0.00 0.00 100.00 100.00 -1000 1.78 5.15 -15.89 -1000 41.68 1.51 354.012
car -1 -1 0.00 0.00 0.00 100.00 100.00 -1000 1.72 4.72 10.33 -1000 28.41 1.55 343.955
car -1 -1 0.00 0.00 0.00 100.00 100.00 -1000 2.15 7.02 13.41 -1000 31.89 1.72 338.232
car -1 -1 0.00 0.00 0.00 100.00 100.00 -1000 1.68 4.19 6.79 -1000 39.41 1.65 322.648
car -1 -1 0.00 0.00 0.00 100.00 100.00 -1000 1.64 3.96 -16.47 -1000 30.12 -0.28 318.265
car -1 -1 0.00 0.00 0.00 100.00 100.00 -1000 1.83 5.65 10.61 -1000 18.72 1.52 318.129
car -1 -1 0.00 0.00 0.00 100.00 100.00 -1000 1.58 3.93 3.04 -1000 39.32 -0.09 308.564
car -1 -1 0.00 0.00 0.00 100.00 100.00 -1000 1.88 5.63 11.94 -1000 29.07 1.82 301.007
car -1 -1 0.00 0.00 0.00 100.00 100.00 -1000 1.69 4.38 5.98 -1000 40.81 -0.22 299.895
car -1 -1 0.00 0.00 0.00 100.00 100.00 -1000 2.21 6.14 -5.54 -1000 16.62 1.84 296.415
car -1 -1 0.00 0.00 0.00 100.00 100.00 -1000 2.06 6.56 6.58 -1000 41.45 1.56 289.407
car -1 -1 0.00 0.00 0.00 100.00 100.00 -1000 3.05 13.87 -3.27 -1000 18.50 1.83 282.058
car -1 -1 0.00 0.00 0.00 100.00 100.00 -1000 1.91 5.72 12.53 -1000 39.70 1.59 280.138
car -1 -1 0.00 0.00 0.00 100.00 100.00 -1000 1.76 4.86 3.87 -1000 39.98 1.59 271.017
car -1 -1 0.00 0.00 0.00 100.00 100.00 -1000 1.68 4.95 -10.80 -1000 35.04 0.37 254.828
car -1 -1 0.00 0.00 0.00 100.00 100.00 -1000 1.67 4.49 10.84 -1000 19.56 1.55 247.052
car -1 -1 0.00 0.00 0.00 100.00 100.00 -1000 1.64 4.14 -17.24 -1000 23.17 0.17 246.016
car -1 -1 0.00 0.00 0.00 100.00 100.00 -1000 1.96 5.73 -3.66 -1000 34.64 1.86 243.947
car -1 -1 0.00 0.00 0.00 100.00 100.00 -1000 2.18 7.83 -13.78 -1000 45.41 1.53 226.658
car -1 -1 0.00 0.00 0.00 100.00 100.00 -1000 1.60 4.32 14.82 -1000 30.80 0.20 225.575
car -1 -1 0.00 0.00 0.00 100.00 100.00 -1000 2.33 8.59 18.02 -1000 32.41 1.58 225.096
car -1 -1 0.00 0.00 0.00 100.00 100.00 -1000 1.92 4.93 -5.91 -1000 15.75 1.78 214.021
car -1 -1 0.00 0.00 0.00 100.00 100.00 -1000 2.36 9.25 10.69 -1000 40.96 1.66 207.910
car -1 -1 0.00 0.00 0.00 100.00 100.00 -1000 2.50 9.26 -8.85 -1000 39.00 1.69 198.827
car -1 -1 0.00 0.00 0.00 100.00 100.00 -1000 2.88 11.85 -7.18 -1000 17.88 1.72 197.107
car -1 -1 0.00 0.00 0.00 100.00 100.00 -1000 2.02 6.19 -7.57 -1000 41.72 1.53 196.209
car -1 -1 0.00 0.00 0.00 100.00 100.00 -1000 2.09 6.99 -13.61 -1000 38.21 1.76 192.549
car -1 -1 0.00 0.00 0.00 100.00 100.00 -1000 2.02 6.02 -9.88 -1000 16.66 1.67 189.398
car -1 -1 0.00 0.00 0.00 100.00 100.00 -1000 2.02 6.53 -9.59 -1000 44.57 1.54 186.207
car -1 -1 0.00 0.00 0.00 100.00 100.00 -1000 1.75 5.37 -5.45 -1000 34.35 0.04 185.795
car -1 -1 0.00 0.00 0.00 100.00 100.00 -1000 2.07 7.31 14.43 -1000 40.71 1.62 183.799
car -1 -1 0.00 0.00 0.00 100.00 100.00 -1000 2.45 8.67 -4.36 -1000 40.08 1.81 181.239
car -1 -1 0.00 0.00 0.00 100.00 100.00 -1000 2.04 7.13 13.85 -1000 23.21 1.82 178.124
car -1 -1 0.00 0.00 0.00 100.00 100.00 -1000 1.87 5.70 -14.80 -1000 19.49 1.57 177.033
car -1 -1 0.00 0.00 0.00 100.00 100.00 -1000 1.93 6.09 -14.80 -1000 22.96 1.59 168.156
car -1 -1 0.00 0.00 0.00 100.00 100.00 -1000 2.37 9.35 -4.75 -1000 42.42 1.63 167.837
car -1 -1 0.00 0.00 0.00 100.00 100.00 -1000 1.93 5.82 8.87 -1000 30.11 1.61 167.710
car -1 -1 0.00 0.00 0.00 100.00 100.00 -1000 1.80 5.30 18.77 -1000 29.34 1.82 167.156
car -1 -1 0.00 0.00 0.00 100.00 100.00 -1000 1.68 4.94 -6.68 -1000 33.77 -0.04 163.748
car -1 -1 0.00 0.00 0.00 100.00 100.00 -1000 1.75 4.94 -14.12 -1000 17.89 1.71 160.879
car -1 -1 0.00 0.00 0.00 100.00 100.00 -1000 1.67 4.73 4.22 -1000 38.12 1.60 152.140
car -1 -1 0.00 0.00 0.00 100.00 100.00 -1000 1.84 5.49 8.42 -1000 23.52 1.63 149.667
car -1 -1 0.00 0.00 0.00 100.00 100.00 -1000 1.82 5.51 10.84 -1000 20.52 1.69 148.987
car -1 -1 0.00 0.00 0.00 100.00 100.00 -1000 1.83 5.23 6.95 -1000 23.11 1.68 146.453
car -1 -1 0.00 0.00 0.00 100.00 100.00 -1000 2.09 7.07 6.35 -1000 40.17 1.80 146.446
car -1 -1 0.00 0.00 0.00 100.00 100.00 -1000 1.61 4.70 -8.95 -1000 39.65 0.39 145.826
car -1 -1 0.00 0.00 0.00 100.00 100.00 -1000 1.68 4.40 -7.14 -1000 38.35 -0.36 144.964
car -1 -1 0.00 0.00 0.00 100.00 100.00 -1000 2.38 10.23 -4.62 -1000 41.26 1.73 144.823
car -1 -1 0.00 0.00 0.00 100.00 100.00 -1000 1.81 5.37 -15.30 -1000 39.43 1.63 140.286
car -1 -1 0.00 0.00 0.00 100.00 100.00 -1000 1.88 5.82 -7.14 -1000 44.83 1.62 137.334
car -1 -1 0.00 0.00 0.00 100.00 100.00 -1000 1.62 4.35 -10.82 -1000 15.82 0.36 136.893
car -1 -1 0.00 0.00 0.00 100.00 100.00 -1000 1.67 5.11 -9.44 -1000 33.73 0.10 131.530
car -1 -1 0.00 0.00 0.00 100.00 100.00 -1000 1.90 6.06 11.96 -1000 27.93 1.71 131.006
car -1 -1 0.00 0.00 0.00 100.00 100.00 -1000 1.94 6.39 9.99 -1000 21.21 1.65 130.664
car -1 -1 0.00 0.00 0.00 100.00 100.00 -1000 1.71 4.67 11.54 -1000 38.87 0.14 128.650
car -1 -1 0.00 0.00 0.00 100.00 100.00 -1000 2.68 12.10 -11.16 -1000 20.14 1.56 128.252
car -1 -1 0.00 0.00 0.00 100.00 100.00 -1000 2.93 15.58 15.63 -1000 34.37 1.55 128.168
car -1 -1 0.00 0.00 0.00 100.00 100.00 -1000 1.58 3.90 14.45 -1000 24.41 -0.29 127.858
car -1 -1 0.00 0.00 0.00 100.00 100.00 -1000 1.55 3.83 11.19 -1000 30.70 -0.04 124.792
car -1 -1 0.00 0.00 0.00 100.00 100.00 -1000 1.74 5.27 7.26 -1000 28.75 1.56 123.380
car -1 -1 0.00 0.00 0.00 100.00 100.00 -1000 1.79 5.24 -17.21 -1000 43.23 1.56 121.598
car -1 -1 0.00 0.00 0.00 100.00 100.00 -1000 2.00 6.77 3.91 -1000 40.74 1.63 118.482
car -1 -1 0.00 0.00 0.00 100.00 100.00 -1000 2.15 8.14 -1.58 -1000 36.21 1.78 112.734
car -1 -1 0.00 0.00 0.00 100.00 100.00 -1000 2.06 7.28 12.18 -1000 23.81 1.49 110.146
car -1 -1 0.00 0.00 0.00 100.00 100.00 -1000 2.07 7.11 -16.18 -1000 29.79 1.81 109.952
car -1 -1 0.00 0.00 0.00 100.00 100.00 -1000 2.34 7.80 -10.25 -1000 35.69 1.60 109.744
car -1 -1 0.00 0.00 0.00 100.00 100.00 -1000 2.04 7.29 -15.21 -1000 40.68 1.56 108.996
car -1 -1 0.00 0.00 0.00 100.00 100.00 -1000 3.05 14.02 15.80 -1000 32.88 1.61 108.618
car -1 -1 0.00 0.00 0.00 100.00 100.00 -1000 1.53 3.54 8.36 -1000 29.46 0.02 108.020
car -1 -1 0.00 0.00 0.00 100.00 100.00 -1000 1.82 5.40 -15.27 -1000 23.86 1.58 105.435
car -1 -1 0.00 0.00 0.00 100.00 100.00 -1000 2.12 6.89 -9.77 -1000 43.25 1.51 100.090
car -1 -1 0.00 0.00 0.00 100.00 100.00 -1000 1.70 4.95 15.92 -1000 29.68 0.07 99.390
car -1 -1 0.00 0.00 0.00 100.00 100.00 -1000 1.91 6.92 -17.97 -1000 30.61 1.44 94.712
car -1 -1 0.00 0.00 0.00 100.00 100.00 -1000 1.81 5.60 -9.21 -1000 14.48 1.72 94.561
car -1 -1 0.00 0.00 0.00 100.00 100.00 -1000 1.78 4.67 6.65 -1000 38.39 0.05 93.616
car -1 -1 0.00 0.00 0.00 100.00 100.00 -1000 2.09 7.97 -15.05 -1000 37.48 1.65 92.620
car -1 -1 0.00 0.00 0.00 100.00 100.00 -1000 1.97 6.70 -14.97 -1000 21.75 1.58 92.368
car -1 -1 0.00 0.00 0.00 100.00 100.00 -1000 1.74 4.34 -15.13 -1000 16.95 -0.16 91.814
car -1 -1 0.00 0.00 0.00 100.00 100.00 -1000 2.36 10.90 10.48 -1000 22.06 1.51 91.715
car -1 -1 0.00 0.00 0.00 100.00 100.00 -1000 2.47 11.26 -2.60 -1000 36.99 1.71 88.528
car -1 -1 0.00 0.00 0.00 100.00 100.00 -1000 2.23 9.10 14.06 -1000 42.42 1.54 87.474
car -1 -1 0.00 0.00 0.00 100.00 100.00 -1000 1.65 4.41 -12.75 -1000 34.64 0.08 87.470
car -1 -1 0.00 0.00 0.00 100.00 100.00 -1000 2.45 8.86 -9.93 -1000 17.32 1.67 86.116
car -1 -1 0.00 0.00 0.00 100.00 100.00 -1000 2.08 6.92 -12.87 -1000 39.06 1.66 85.952
car -1 -1 0.00 0.00 0.00 100.00 100.00 -1000 2.29 8.12 15.48 -1000 31.37 1.66 85.862
car -1 -1 0.00 0.00 0.00 100.00 100.00 -1000 1.95 6.21 -18.71 -1000 42.36 1.55 83.287
car -1 -1 0.00 0.00 0.00 100.00 100.00 -1000 1.74 5.23 -6.85 -1000 14.96 1.92 82.278
car -1 -1 0.00 0.00 0.00 100.00 100.00 -1000 2.66 10.87 -11.90 -1000 36.71 1.70 81.725
car -1 -1 0.00 0.00 0.00 100.00 100.00 -1000 2.08 7.74 13.35 -1000 21.57 1.62 81.075
car -1 -1 0.00 0.00 0.00 100.00 100.00 -1000 2.14 7.36 13.63 -1000 29.54 1.70 80.547
car -1 -1 0.00 0.00 0.00 100.00 100.00 -1000 2.36 10.80 -10.89 -1000 21.40 1.54 79.626
car -1 -1 0.00 0.00 0.00 100.00 100.00 -1000 1.75 4.95 12.16 -1000 19.19 -0.03 78.763
car -1 -1 0.00 0.00 0.00 100.00 100.00 -1000 2.33 8.07 -8.84 -1000 40.03 1.69 77.469
car -1 -1 0.00 0.00 0.00 100.00 100.00 -1000 2.18 8.03 3.31 -1000 42.58 1.49 77.013
car -1 -1 0.00 0.00 0.00 100.00 100.00 -1000 2.35 8.30 -11.92 -1000 18.39 1.66 76.670
car -1 -1 0.00 0.00 0.00 100.00 100.00 -1000 2.02 7.47 17.18 -1000 23.11 1.59 75.721
car -1 -1 0.00 0.00 0.00 100.00 100.00 -1000 2.10 8.00 13.46 -1000 17.35 1.63 75.228
car -1 -1 0.00 0.00 0.00 100.00 100.00 -1000 1.56 4.27 16.80 -1000 31.48 0.22 74.650
car -1 -1 0.00 0.00 0.00 100.00 100.00 -1000 2.12 7.10 -13.60 -1000 39.89 1.63 74.276
car -1 -1 0.00 0.00 0.00 100.00 100.00 -1000 1.96 6.88 -2.18 -1000 43.01 1.54 72.577
car -1 -1 0.00 0.00 0.00 100.00 100.00 -1000 1.74 5.11 -9.25 -1000 38.77 0.31 72.423
car -1 -1 0.00 0.00 0.00 100.00 100.00 -1000 2.39 9.13 5.97 -1000 42.18 1.61 71.441
car -1 -1 0.00 0.00 0.00 100.00 100.00 -1000 1.96 6.82 12.46 -1000 19.87 1.51 70.188
car -1 -1 0.00 0.00 0.00 100.00 100.00 -1000 1.80 5.15 -18.24 -1000 24.10 1.52 69.913
car -1 -1 0.00 0.00 0.00 100.00 100.00 -1000 1.92 6.23 13.69 -1000 38.94 1.78 69.898
car -1 -1 0.00 0.00 0.00 100.00 100.00 -1000 1.85 6.04 5.30 -1000 24.21 1.66 69.553
car -1 -1 0.00 0.00 0.00 100.00 100.00 -1000 2.08 7.56 9.36 -1000 24.45 1.52 69.255
car -1 -1 0.00 0.00 0.00 100.00 100.00 -1000 2.05 6.79 -4.64 -1000 33.43 1.78 69.171
car -1 -1 0.00 0.00 0.00 100.00 100.00 -1000 1.62 3.83 12.68 -1000 23.48 -0.21 66.478
car -1 -1 0.00 0.00 0.00 100.00 100.00 -1000 2.26 8.54 -12.97 -1000 46.48 1.40 65.880
car -1 -1 0.00 0.00 0.00 100.00 100.00 -1000 1.98 6.57 -13.97 -1000 42.85 1.70 65.204
car -1 -1 0.00 0.00 0.00 100.00 100.00 -1000 1.65 4.21 -15.86 -1000 38.52 -0.16 65.069
car -1 -1 0.00 0.00 0.00 100.00 100.00 -1000 3.11 11.04 -3.98 -1000 17.26 1.93 63.748
car -1 -1 0.00 0.00 0.00 100.00 100.00 -1000 1.73 5.46 2.73 -1000 38.61 1.62 63.170
car -1 -1 0.00 0.00 0.00 100.00 100.00 -1000 2.12 8.61 -17.99 -1000 31.78 1.42 61.711
car -1 -1 0.00 0.00 0.00 100.00 100.00 -1000 1.75 4.72 12.56 -1000 38.16 -0.02 61.465
car -1 -1 0.00 0.00 0.00 100.00 100.00 -1000 2.14 8.25 14.12 -1000 18.88 1.55 60.511
car -1 -1 0.00 0.00 0.00 100.00 100.00 -1000 2.23 8.24 8.93 -1000 30.82 1.55 60.420
car -1 -1 0.00 0.00 0.00 100.00 100.00 -1000 1.66 4.35 -10.30 -1000 43.84 0.13 58.183
car -1 -1 0.00 0.00 0.00 100.00 100.00 -1000 1.62 4.19 10.17 -1000 38.09 0.33 56.858
car -1 -1 0.00 0.00 0.00 100.00 100.00 -1000 2.11 8.02 -6.93 -1000 43.10 1.64 56.682
car -1 -1 0.00 0.00 0.00 100.00 100.00 -1000 2.34 8.18 10.30 -1000 39.26 1.69 56.273
car -1 -1 0.00 0.00 0.00 100.00 100.00 -1000 1.91 6.42 0.85 -1000 42.73 1.63 56.101
car -1 -1 0.00 0.00 0.00 100.00 100.00 -1000 2.04 7.31 -17.62 -1000 41.29 1.63 55.805
car -1 -1 0.00 0.00 0.00 100.00 100.00 -1000 2.18 7.80 -16.83 -1000 44.15 1.52 55.482
car -1 -1 0.00 0.00 0.00 100.00 100.00 -1000 2.02 6.46 -12.63 -1000 35.40 1.64 55.029
car -1 -1 0.00 0.00 0.00 100.00 100.00 -1000 1.56 4.10 6.02 -1000 23.64 0.23 53.699
car -1 -1 0.00 0.00 0.00 100.00 100.00 -1000 1.85 6.24 -1.01 -1000 37.31 -0.13 53.281
car -1 -1 0.00 0.00 0.00 100.00 100.00 -1000 2.22 8.11 14.82 -1000 24.46 1.72 52.713
car -1 -1 0.00 0.00 0.00 100.00 100.00 -1000 1.94 7.34 -18.41 -1000 32.91 1.37 51.756
car -1 -1 0.00 0.00 0.00 100.00 100.00 -1000 2.17 9.44 -0.82 -1000 35.32 1.58 51.101
car -1 -1 0.00 0.00 0.00 100.00 100.00 -1000 2.26 8.81 -17.20 -1000 28.99 1.57 50.767
car -1 -1 0.00 0.00 0.00 100.00 100.00 -1000 2.00 6.53 -7.70 -1000 44.01 1.81 50.393
