car -1 -1 0.00 0.00 0.00 100.00 100.00 -1000 1.74 4.31 2.31 -1000 27.64 1.56 999.320
car -1 -1 0.00 0.00 0.00 100.00 100.00 -1000 1.67 3.87 -3.45 -1000 9.05 1.66 999.238
car -1 -1 0.00 0.00 0.00 100.00 100.00 -1000 1.57 3.68 2.35 -1000 26.69 -0.13 989.927
car -1 -1 0.00 0.00 0.00 100.00 100.00 -1000 1.55 3.99 -4.52 -1000 8.44 -0.19 988.610
car -1 -1 0.00 0.00 0.00 100.00 100.00 -1000 1.79 4.60 -3.63 -1000 9.83 1.67 987.040
car -1 -1 0.00 0.00 0.00 100.00 100.00 -1000 2.11 7.50 1.89 -1000 26.41 -0.14 962.402
car -1 -1 0.00 0.00 0.00 100.00 100.00 -1000 2.51 8.92 3.38 -1000 29.55 1.66 949.041
car -1 -1 0.00 0.00 0.00 100.00 100.00 -1000 2.17 7.14 2.58 -1000 28.22 1.68 931.188
car -1 -1 0.00 0.00 0.00 100.00 100.00 -1000 2.51 9.13 2.34 -1000 30.52 1.65 925.280
car -1 -1 0.00 0.00 0.00 100.00 100.00 -1000 3.66 21.08 2.12 -1000 30.87 1.77 827.010
car -1 -1 0.00 0.00 0.00 100.00 100.00 -1000 2.54 7.72 -4.26 -1000 10.31 1.47 747.850
car -1 -1 0.00 0.00 0.00 100.00 100.00 -1000 2.77 11.64 1.91 -1000 31.49 1.79 716.302
car -1 -1 0.00 0.00 0.00 100.00 100.00 -1000 1.70 4.31 2.44 -1000 45.43 -0.24 672.709
car -1 -1 0.00 0.00 0.00 100.00 100.00 -1000 1.63 4.14 1.23 -1000 27.09 -0.04 648.715
car -1 -1 0.00 0.00 0.00 100.00 100.00 -1000 1.81 5.31 -5.44 -1000 42.54 1.63 509.541
car -1 -1 0.00 0.00 0.00 100.00 100.00 -1000 1.66 4.30 -2.64 -1000 33.25 -0.06 383.710
car -1 -1 0.00 0.00 0.00 100.00 100.00 -1000 1.79 5.01 0.09 -1000 44.68 1.62 375.848
car -1 -1 0.00 0.00 0.00 100.00 100.00 -1000 1.59 4.20 0.75 -1000 45.53 -0.14 359.371
car -1 -1 0.00 0.00 0.00 100.00 100.00 -1000 2.34 8.27 -5.59 -1000 43.72 1.50 317.061
car -1 -1 0.00 0.00 0.00 100.00 100.00 -1000 1.59 4.43 -4.88 -1000 9.36 0.19 309.113
car -1 -1 0.00 0.00 0.00 100.00 100.00 -1000 1.75 2.50 -3.80 -1000 7.80 -0.46 297.159
car -1 -1 0.00 0.00 0.00 100.00 100.00 -1000 2.67 10.14 -2.89 -1000 11.19 1.60 287.312
car -1 -1 0.00 0.00 0.00 100.00 100.00 -1000 1.85 5.34 -2.22 -1000 44.75 1.57 282.948
car -1 -1 0.00 0.00 0.00 100.00 100.00 -1000 1.91 6.20 -5.26 -1000 41.54 1.56 253.925
car -1 -1 0.00 0.00 0.00 100.00 100.00 -1000 2.29 8.44 3.11 -1000 12.50 1.71 253.533
car -1 -1 0.00 0.00 0.00 100.00 100.00 -1000 1.86 5.95 0.18 -1000 42.27 1.60 223.982
car -1 -1 0.00 0.00 0.00 100.00 100.00 -1000 1.96 6.07 -2.32 -1000 34.06 1.53 222.344
car -1 -1 0.00 0.00 0.00 100.00 100.00 -1000 1.84 5.25 3.68 -1000 8.48 1.68 221.467
car -1 -1 0.00 0.00 0.00 100.00 100.00 -1000 1.64 4.24 -2.75 -1000 37.24 -0.20 220.010
car -1 -1 0.00 0.00 0.00 100.00 100.00 -1000 1.59 4.52 2.68 -1000 25.88 -0.20 214.587
car -1 -1 0.00 0.00 0.00 100.00 100.00 -1000 2.05 6.70 -2.78 -1000 38.05 1.50 204.806
car -1 -1 0.00 0.00 0.00 100.00 100.00 -1000 2.04 6.96 -1.21 -1000 43.06 1.58 194.588
car -1 -1 0.00 0.00 0.00 100.00 100.00 -1000 2.55 9.50 -3.25 -1000 12.38 1.68 193.600
car -1 -1 0.00 0.00 0.00 100.00 100.00 -1000 2.51 10.20 7.02 -1000 31.06 1.69 192.475
car -1 -1 0.00 0.00 0.00 100.00 100.00 -1000 2.24 7.17 -6.43 -1000 12.11 1.66 191.068
car -1 -1 0.00 0.00 0.00 100.00 100.00 -1000 3.11 16.11 1.83 -1000 29.42 1.78 184.973
car -1 -1 0.00 0.00 0.00 100.00 100.00 -1000 2.74 12.39 5.25 -1000 31.88 1.69 180.645
car -1 -1 0.00 0.00 0.00 100.00 100.00 -1000 1.88 5.68 4.48 -1000 46.39 1.74 180.361
car -1 -1 0.00 0.00 0.00 100.00 100.00 -1000 1.60 4.04 -3.01 -1000 43.75 -0.31 179.449
car -1 -1 0.00 0.00 0.00 100.00 100.00 -1000 2.47 9.90 6.74 -1000 29.89 1.69 154.111
car -1 -1 0.00 0.00 0.00 100.00 100.00 -1000 2.06 6.53 -0.52 -1000 28.14 1.51 148.820
car -1 -1 0.00 0.00 0.00 100.00 100.00 -1000 2.26 7.95 -0.80 -1000 30.49 1.50 147.187
car -1 -1 0.00 0.00 0.00 100.00 100.00 -1000 2.01 6.43 -4.36 -1000 33.69 1.44 142.583
car -1 -1 0.00 0.00 0.00 100.00 100.00 -1000 1.77 4.70 -5.66 -1000 7.80 0.07 133.625
car -1 -1 0.00 0.00 0.00 100.00 100.00 -1000 2.21 8.27 -5.24 -1000 35.27 1.37 133.280
car -1 -1 0.00 0.00 0.00 100.00 100.00 -1000 2.12 7.68 0.90 -1000 45.76 1.41 129.840
car -1 -1 0.00 0.00 0.00 100.00 100.00 -1000 1.89 5.94 -1.42 -1000 44.00 1.53 112.741
car -1 -1 0.00 0.00 0.00 100.00 100.00 -1000 2.14 7.56 -0.01 -1000 38.15 1.50 111.573
car -1 -1 0.00 0.00 0.00 100.00 100.00 -1000 2.23 8.86 -5.35 -1000 32.77 1.44 105.838
car -1 -1 0.00 0.00 0.00 100.00 100.00 -1000 2.25 9.26 7.76 -1000 35.93 1.61 105.373
car -1 -1 0.00 0.00 0.00 100.00 100.00 -1000 2.19 7.22 4.73 -1000 27.21 1.83 99.494
car -1 -1 0.00 0.00 0.00 100.00 100.00 -1000 2.26 8.35 -4.51 -1000 44.87 1.47 89.750
car -1 -1 0.00 0.00 0.00 100.00 100.00 -1000 2.34 8.78 7.66 -1000 34.84 1.63 86.427
car -1 -1 0.00 0.00 0.00 100.00 100.00 -1000 2.31 9.16 7.55 -1000 32.77 1.65 84.555
car -1 -1 0.00 0.00 0.00 100.00 100.00 -1000 2.43 10.41 0.89 -1000 46.57 1.30 84.436
car -1 -1 0.00 0.00 0.00 100.00 100.00 -1000 2.21 8.12 0.46 -1000 28.97 1.57 84.240
car -1 -1 0.00 0.00 0.00 100.00 100.00 -1000 2.45 9.84 -4.20 -1000 37.35 1.45 84.055
car -1 -1 0.00 0.00 0.00 100.00 100.00 -1000 2.36 9.23 7.44 -1000 28.79 1.68 83.702
car -1 -1 0.00 0.00 0.00 100.00 100.00 -1000 2.06 7.03 3.55 -1000 11.18 1.53 82.560
car -1 -1 0.00 0.00 0.00 100.00 100.00 -1000 2.29 8.25 -0.47 -1000 33.49 1.57 82.016
car -1 -1 0.00 0.00 0.00 100.00 100.00 -1000 1.76 4.33 3.04 -1000 28.76 -0.19 79.975
car -1 -1 0.00 0.00 0.00 100.00 100.00 -1000 2.12 8.25 -4.90 -1000 40.65 1.43 79.667
car -1 -1 0.00 0.00 0.00 100.00 100.00 -1000 2.15 7.31 3.73 -1000 25.16 1.59 77.651
car -1 -1 0.00 0.00 0.00 100.00 100.00 -1000 1.88 6.68 -0.37 -1000 26.09 1.58 75.266
car -1 -1 0.00 0.00 0.00 100.00 100.00 -1000 2.10 7.96 8.14 -1000 24.78 1.66 74.598
car -1 -1 0.00 0.00 0.00 100.00 100.00 -1000 2.20 7.62 -5.85 -1000 11.08 1.69 74.268
car -1 -1 0.00 0.00 0.00 100.00 100.00 -1000 2.22 8.35 -5.06 -1000 13.26 1.62 72.288
car -1 -1 0.00 0.00 0.00 100.00 100.00 -1000 2.26 9.06 7.63 -1000 11.76 1.60 70.211
car -1 -1 0.00 0.00 0.00 100.00 100.00 -1000 2.25 8.88 7.67 -1000 23.08 1.62 70.059
car -1 -1 0.00 0.00 0.00 100.00 100.00 -1000 2.04 8.55 9.60 -1000 29.63 1.63 67.880
car -1 -1 0.00 0.00 0.00 100.00 100.00 -1000 2.28 9.11 7.56 -1000 21.46 1.62 67.805
car -1 -1 0.00 0.00 0.00 100.00 100.00 -1000 1.78 5.71 0.47 -1000 43.71 -0.13 65.586
car -1 -1 0.00 0.00 0.00 100.00 100.00 -1000 2.31 9.28 7.50 -1000 19.85 1.63 64.827
car -1 -1 0.00 0.00 0.00 100.00 100.00 -1000 2.11 7.32 -6.27 -1000 29.41 1.51 64.554
car -1 -1 0.00 0.00 0.00 100.00 100.00 -1000 2.21 7.77 3.48 -1000 32.45 1.48 63.959
car -1 -1 0.00 0.00 0.00 100.00 100.00 -1000 2.40 9.40 -5.00 -1000 46.19 1.50 63.763
car -1 -1 0.00 0.00 0.00 100.00 100.00 -1000 2.37 10.04 2.73 -1000 21.61 1.48 62.111
car -1 -1 0.00 0.00 0.00 100.00 100.00 -1000 2.30 9.13 -5.53 -1000 36.46 1.47 61.670
car -1 -1 0.00 0.00 0.00 100.00 100.00 -1000 2.30 9.28 7.52 -1000 18.25 1.63 60.147
car -1 -1 0.00 0.00 0.00 100.00 100.00 -1000 2.29 9.21 7.54 -1000 16.63 1.62 59.768
car -1 -1 0.00 0.00 0.00 100.00 100.00 -1000 2.04 8.86 8.46 -1000 36.84 1.58 59.009
car -1 -1 0.00 0.00 0.00 100.00 100.00 -1000 5.13 15.15 -3.52 -1000 10.00 1.89 57.398
car -1 -1 0.00 0.00 0.00 100.00 100.00 -1000 2.73 13.44 3.12 -1000 13.23 1.63 56.775
car -1 -1 0.00 0.00 0.00 100.00 100.00 -1000 2.51 10.53 2.88 -1000 34.09 1.51 56.356
car -1 -1 0.00 0.00 0.00 100.00 100.00 -1000 2.10 8.15 8.13 -1000 26.42 1.65 56.274
car -1 -1 0.00 0.00 0.00 100.00 100.00 -1000 2.10 7.09 4.15 -1000 7.69 1.55 55.319
car -1 -1 0.00 0.00 0.00 100.00 100.00 -1000 2.31 8.64 3.77 -1000 9.26 1.72 53.579
car -1 -1 0.00 0.00 0.00 100.00 100.00 -1000 1.94 5.66 3.76 -1000 44.94 -0.14 53.532
car -1 -1 0.00 0.00 0.00 100.00 100.00 -1000 2.05 8.89 9.59 -1000 32.06 1.62 52.885
car -1 -1 0.00 0.00 0.00 100.00 100.00 -1000 1.80 5.15 -6.86 -1000 8.71 0.17 52.863
car -1 -1 0.00 0.00 0.00 100.00 100.00 -1000 2.01 8.60 9.63 -1000 28.03 1.61 52.079
car -1 -1 0.00 0.00 0.00 100.00 100.00 -1000 2.59 9.13 -3.32 -1000 42.23 1.70 51.767
car -1 -1 0.00 0.00 0.00 100.00 100.00 -1000 2.35 9.09 1.38 -1000 37.37 1.46 51.491
car -1 -1 0.00 0.00 0.00 100.00 100.00 -1000 2.28 9.61 -4.97 -1000 24.79 1.38 51.197
car -1 -1 0.00 0.00 0.00 100.00 100.00 -1000 2.25 8.98 7.67 -1000 15.04 1.61 51.141
car -1 -1 0.00 0.00 0.00 100.00 100.00 -1000 2.27 8.86 0.90 -1000 41.52 1.53 51.035
car -1 -1 0.00 0.00 0.00 100.00 100.00 -1000 2.27 8.76 -1.62 -1000 32.16 1.68 50.833
