car -1 -1 0.00 0.00 0.00 100.00 100.00 -1000 1.78 4.58 2.97 -1000 23.22 1.69 999.538
car -1 -1 0.00 0.00 0.00 100.00 100.00 -1000 1.85 4.83 3.02 -1000 12.82 1.74 999.503
car -1 -1 0.00 0.00 0.00 100.00 100.00 -1000 1.75 4.23 2.58 -1000 27.44 1.73 998.485
car -1 -1 0.00 0.00 0.00 100.00 100.00 -1000 1.67 4.03 2.67 -1000 8.11 1.73 996.831
car -1 -1 0.00 0.00 0.00 100.00 100.00 -1000 1.65 3.99 2.90 -1000 22.32 -0.08 992.192
car -1 -1 0.00 0.00 0.00 100.00 100.00 -1000 1.68 4.08 3.02 -1000 11.99 -0.25 992.042
car -1 -1 0.00 0.00 0.00 100.00 100.00 -1000 1.69 4.17 2.82 -1000 7.26 -0.17 978.382
car -1 -1 0.00 0.00 0.00 100.00 100.00 -1000 2.21 7.39 3.36 -1000 24.31 1.66 962.192
car -1 -1 0.00 0.00 0.00 100.00 100.00 -1000 2.23 7.53 3.69 -1000 13.77 1.76 943.203
car -1 -1 0.00 0.00 0.00 100.00 100.00 -1000 1.73 4.28 -10.92 -1000 43.14 1.62 918.555
car -1 -1 0.00 0.00 0.00 100.00 100.00 -1000 1.60 4.02 -11.69 -1000 42.21 -0.49 912.020
car -1 -1 0.00 0.00 0.00 100.00 100.00 -1000 1.61 4.28 2.01 -1000 26.55 -0.20 903.474
car -1 -1 0.00 0.00 0.00 100.00 100.00 -1000 1.66 4.36 -9.73 -1000 20.07 1.70 893.386
car -1 -1 0.00 0.00 0.00 100.00 100.00 -1000 1.66 4.22 2.21 -1000 41.08 1.56 879.235
car -1 -1 0.00 0.00 0.00 100.00 100.00 -1000 1.63 3.88 -10.02 -1000 40.58 1.62 846.521
car -1 -1 0.00 0.00 0.00 100.00 100.00 -1000 1.88 5.24 4.23 -1000 8.40 1.80 846.375
car -1 -1 0.00 0.00 0.00 100.00 100.00 -1000 1.99 5.86 1.78 -1000 28.26 1.75 845.649
car -1 -1 0.00 0.00 0.00 100.00 100.00 -1000 1.65 4.18 -11.00 -1000 19.24 -0.26 823.742
car -1 -1 0.00 0.00 0.00 100.00 100.00 -1000 1.75 4.64 4.77 -1000 23.32 1.74 806.976
car -1 -1 0.00 0.00 0.00 100.00 100.00 -1000 1.76 4.79 -9.49 -1000 12.98 1.75 784.977
car -1 -1 0.00 0.00 0.00 100.00 100.00 -1000 2.57 9.62 -12.19 -1000 45.24 1.69 747.605
car -1 -1 0.00 0.00 0.00 100.00 100.00 -1000 1.52 3.60 -11.21 -1000 41.39 -0.23 739.143
car -1 -1 0.00 0.00 0.00 100.00 100.00 -1000 1.84 5.18 4.70 -1000 12.36 1.88 661.725
car -1 -1 0.00 0.00 0.00 100.00 100.00 -1000 1.74 4.69 3.21 -1000 46.66 1.61 651.277
car -1 -1 0.00 0.00 0.00 100.00 100.00 -1000 1.70 4.38 -10.81 -1000 32.53 1.62 629.927
car -1 -1 0.00 0.00 0.00 100.00 100.00 -1000 1.58 3.94 -10.09 -1000 22.63 -0.02 614.735
car -1 -1 0.00 0.00 0.00 100.00 100.00 -1000 1.67 4.28 -6.87 -1000 38.24 1.57 609.471
car -1 -1 0.00 0.00 0.00 100.00 100.00 -1000 1.74 4.75 5.07 -1000 31.40 1.60 584.969
car -1 -1 0.00 0.00 0.00 100.00 100.00 -1000 1.64 4.11 -13.42 -1000 41.67 1.59 581.399
car -1 -1 0.00 0.00 0.00 100.00 100.00 -1000 1.67 4.51 2.19 -1000 45.51 -0.08 580.877
car -1 -1 0.00 0.00 0.00 100.00 100.00 -1000 2.37 8.11 -11.56 -1000 46.22 1.72 522.245
car -1 -1 0.00 0.00 0.00 100.00 100.00 -1000 1.88 5.64 -9.80 -1000 13.97 1.66 510.471
car -1 -1 0.00 0.00 0.00 100.00 100.00 -1000 1.59 3.91 -12.74 -1000 32.28 0.01 504.511
car -1 -1 0.00 0.00 0.00 100.00 100.00 -1000 2.12 7.02 2.33 -1000 25.18 1.69 496.074
car -1 -1 0.00 0.00 0.00 100.00 100.00 -1000 1.75 5.02 -12.79 -1000 41.00 -0.15 479.507
car -1 -1 0.00 0.00 0.00 100.00 100.00 -1000 1.56 3.75 -11.04 -1000 28.51 0.15 477.989
car -1 -1 0.00 0.00 0.00 100.00 100.00 -1000 1.67 4.32 -10.06 -1000 29.14 1.64 477.470
car -1 -1 0.00 0.00 0.00 100.00 100.00 -1000 1.63 4.36 3.62 -1000 21.69 -0.08 473.987
car -1 -1 0.00 0.00 0.00 100.00 100.00 -1000 1.80 5.23 -7.21 -1000 33.40 1.49 468.780
car -1 -1 0.00 0.00 0.00 100.00 100.00 -1000 2.18 7.28 -10.77 -1000 43.73 1.62 467.957
car -1 -1 0.00 0.00 0.00 100.00 100.00 -1000 1.58 3.78 3.30 -1000 45.93 -0.16 423.913
car -1 -1 0.00 0.00 0.00 100.00 100.00 -1000 1.66 3.99 -10.68 -1000 39.90 -0.02 420.856
car -1 -1 0.00 0.00 0.00 100.00 100.00 -1000 1.86 5.40 -9.92 -1000 21.23 1.85 405.450
car -1 -1 0.00 0.00 0.00 100.00 100.00 -1000 2.64 11.12 3.53 -1000 14.70 1.68 399.146
car -1 -1 0.00 0.00 0.00 100.00 100.00 -1000 1.65 4.07 -11.08 -1000 21.98 -0.31 399.014
car -1 -1 0.00 0.00 0.00 100.00 100.00 -1000 1.73 4.55 -16.15 -1000 34.72 1.54 386.385
car -1 -1 0.00 0.00 0.00 100.00 100.00 -1000 1.78 5.16 4.65 -1000 22.20 -0.16 384.759
car -1 -1 0.00 0.00 0.00 100.00 100.00 -1000 1.69 4.31 -6.89 -1000 47.66 1.53 380.903
car -1 -1 0.00 0.00 0.00 100.00 100.00 -1000 2.16 7.51 2.04 -1000 29.93 1.55 374.444
car -1 -1 0.00 0.00 0.00 100.00 100.00 -1000 1.75 5.27 -11.10 -1000 20.47 1.66 370.022
car -1 -1 0.00 0.00 0.00 100.00 100.00 -1000 1.79 4.83 -12.11 -1000 32.96 1.65 355.223
car -1 -1 0.00 0.00 0.00 100.00 100.00 -1000 2.01 6.35 4.57 -1000 26.94 1.73 353.102
car -1 -1 0.00 0.00 0.00 100.00 100.00 -1000 2.41 7.77 3.37 -1000 9.00 1.86 344.072
car -1 -1 0.00 0.00 0.00 100.00 100.00 -1000 1.72 4.79 -11.33 -1000 15.31 -0.15 343.834
car -1 -1 0.00 0.00 0.00 100.00 100.00 -1000 1.62 4.35 -14.66 -1000 40.96 -0.18 340.944
car -1 -1 0.00 0.00 0.00 100.00 100.00 -1000 2.55 10.06 3.20 -1000 28.88 1.61 329.895
car -1 -1 0.00 0.00 0.00 100.00 100.00 -1000 2.27 8.27 2.38 -1000 26.33 1.75 320.058
car -1 -1 0.00 0.00 0.00 100.00 100.00 -1000 1.68 4.39 -10.99 -1000 31.65 0.03 319.356
car -1 -1 0.00 0.00 0.00 100.00 100.00 -1000 1.66 4.58 -6.84 -1000 30.95 1.56 318.918
car -1 -1 0.00 0.00 0.00 100.00 100.00 -1000 1.83 5.28 -8.62 -1000 32.68 1.57 313.422
car -1 -1 0.00 0.00 0.00 100.00 100.00 -1000 1.66 4.37 -8.02 -1000 40.48 1.58 300.810
car -1 -1 0.00 0.00 0.00 100.00 100.00 -1000 1.95 6.14 -8.38 -1000 43.78 1.62 290.487
car -1 -1 0.00 0.00 0.00 100.00 100.00 -1000 1.58 3.97 1.47 -1000 40.16 0.05 290.289
car -1 -1 0.00 0.00 0.00 100.00 100.00 -1000 1.90 5.71 4.71 -1000 6.56 1.81 287.330
car -1 -1 0.00 0.00 0.00 100.00 100.00 -1000 1.90 5.36 -9.46 -1000 41.45 1.69 283.566
car -1 -1 0.00 0.00 0.00 100.00 100.00 -1000 1.73 5.10 2.98 -1000 11.07 1.75 283.053
car -1 -1 0.00 0.00 0.00 100.00 100.00 -1000 2.03 6.31 1.51 -1000 42.18 1.47 273.763
car -1 -1 0.00 0.00 0.00 100.00 100.00 -1000 1.71 4.72 -12.08 -1000 19.70 1.65 264.113
car -1 -1 0.00 0.00 0.00 100.00 100.00 -1000 2.97 12.01 -12.10 -1000 44.27 1.74 247.968
car -1 -1 0.00 0.00 0.00 100.00 100.00 -1000 1.88 5.63 -1.97 -1000 42.65 1.59 234.486
car -1 -1 0.00 0.00 0.00 100.00 100.00 -1000 1.75 4.92 -11.49 -1000 14.22 1.59 231.201
car -1 -1 0.00 0.00 0.00 100.00 100.00 -1000 2.00 6.50 -9.21 -1000 23.14 1.38 230.024
car -1 -1 0.00 0.00 0.00 100.00 100.00 -1000 2.19 7.57 4.06 -1000 28.08 1.65 227.066
car -1 -1 0.00 0.00 0.00 100.00 100.00 -1000 1.67 4.54 -17.27 -1000 34.10 -0.06 203.862
car -1 -1 0.00 0.00 0.00 100.00 100.00 -1000 1.81 4.96 4.93 -1000 7.50 1.77 203.625
car -1 -1 0.00 0.00 0.00 100.00 100.00 -1000 1.74 4.83 -16.49 -1000 40.82 -0.08 201.242
car -1 -1 0.00 0.00 0.00 100.00 100.00 -1000 1.99 6.14 -14.10 -1000 42.26 1.66 193.229
car -1 -1 0.00 0.00 0.00 100.00 100.00 -1000 1.98 6.51 -11.35 -1000 47.04 1.56 189.917
car -1 -1 0.00 0.00 0.00 100.00 100.00 -1000 2.45 9.25 -8.79 -1000 45.32 1.57 183.897
car -1 -1 0.00 0.00 0.00 100.00 100.00 -1000 1.77 5.30 -7.92 -1000 28.90 1.65 183.260
car -1 -1 0.00 0.00 0.00 100.00 100.00 -1000 1.69 4.76 -10.19 -1000 12.07 1.66 181.487
car -1 -1 0.00 0.00 0.00 100.00 100.00 -1000 2.81 13.83 8.77 -1000 26.96 1.66 175.068
car -1 -1 0.00 0.00 0.00 100.00 100.00 -1000 1.69 4.51 3.90 -1000 30.76 -0.02 174.400
car -1 -1 0.00 0.00 0.00 100.00 100.00 -1000 2.11 6.66 4.07 -1000 25.78 1.66 172.945
car -1 -1 0.00 0.00 0.00 100.00 100.00 -1000 1.86 5.61 -15.72 -1000 41.68 1.65 171.349
car -1 -1 0.00 0.00 0.00 100.00 100.00 -1000 2.18 6.21 -7.81 -1000 13.43 1.79 167.549
car -1 -1 0.00 0.00 0.00 100.00 100.00 -1000 1.92 6.14 3.57 -1000 31.84 1.56 165.878
car -1 -1 0.00 0.00 0.00 100.00 100.00 -1000 2.02 6.01 4.92 -1000 21.24 1.68 165.408
car -1 -1 0.00 0.00 0.00 100.00 100.00 -1000 1.97 6.17 5.27 -1000 11.28 1.65 163.452
car -1 -1 0.00 0.00 0.00 100.00 100.00 -1000 1.98 6.04 -17.57 -1000 42.17 1.59 159.314
car -1 -1 0.00 0.00 0.00 100.00 100.00 -1000 1.67 4.19 -12.71 -1000 18.93 -0.02 159.097
car -1 -1 0.00 0.00 0.00 100.00 100.00 -1000 2.12 7.69 -9.79 -1000 14.73 1.61 154.162
car -1 -1 0.00 0.00 0.00 100.00 100.00 -1000 1.71 4.63 -7.74 -1000 37.28 0.03 150.259
car -1 -1 0.00 0.00 0.00 100.00 100.00 -1000 1.91 6.01 -7.27 -1000 35.39 1.45 150.135
car -1 -1 0.00 0.00 0.00 100.00 100.00 -1000 1.94 5.97 -9.46 -1000 42.48 1.63 148.002
car -1 -1 0.00 0.00 0.00 100.00 100.00 -1000 1.90 5.77 -7.01 -1000 38.98 1.64 147.626
car -1 -1 0.00 0.00 0.00 100.00 100.00 -1000 1.82 5.23 -14.09 -1000 32.99 1.57 146.340
car -1 -1 0.00 0.00 0.00 100.00 100.00 -1000 2.00 6.31 -9.80 -1000 33.36 1.61 145.950
car -1 -1 0.00 0.00 0.00 100.00 100.00 -1000 1.64 4.36 -12.33 -1000 28.82 0.19 143.634
car -1 -1 0.00 0.00 0.00 100.00 100.00 -1000 2.08 7.53 -2.72 -1000 41.63 1.63 142.218
car -1 -1 0.00 0.00 0.00 100.00 100.00 -1000 2.23 8.46 4.59 -1000 16.31 1.55 136.579
car -1 -1 0.00 0.00 0.00 100.00 100.00 -1000 2.49 9.39 2.99 -1000 10.00 1.69 133.949
car -1 -1 0.00 0.00 0.00 100.00 100.00 -1000 2.00 6.81 1.95 -1000 30.87 1.66 129.308
car -1 -1 0.00 0.00 0.00 100.00 100.00 -1000 2.01 6.65 -16.10 -1000 35.37 1.58 129.022
car -1 -1 0.00 0.00 0.00 100.00 100.00 -1000 2.10 7.16 4.85 -1000 32.46 1.58 128.866
car -1 -1 0.00 0.00 0.00 100.00 100.00 -1000 2.71 12.23 10.21 -1000 25.80 1.59 123.684
car -1 -1 0.00 0.00 0.00 100.00 100.00 -1000 1.65 4.22 -8.70 -1000 39.74 0.06 119.231
car -1 -1 0.00 0.00 0.00 100.00 100.00 -1000 2.07 7.15 -8.35 -1000 47.14 1.50 119.110
car -1 -1 0.00 0.00 0.00 100.00 100.00 -1000 1.82 5.06 5.85 -1000 22.80 1.55 118.198
car -1 -1 0.00 0.00 0.00 100.00 100.00 -1000 1.73 5.18 -12.48 -1000 31.10 1.60 114.247
car -1 -1 0.00 0.00 0.00 100.00 100.00 -1000 2.24 7.76 -11.01 -1000 21.97 1.66 112.356
car -1 -1 0.00 0.00 0.00 100.00 100.00 -1000 1.80 5.66 -8.05 -1000 31.54 1.61 109.706
car -1 -1 0.00 0.00 0.00 100.00 100.00 -1000 2.14 7.39 -2.15 -1000 38.26 1.55 109.461
car -1 -1 0.00 0.00 0.00 100.00 100.00 -1000 2.12 8.20 -8.60 -1000 34.05 1.54 109.236
car -1 -1 0.00 0.00 0.00 100.00 100.00 -1000 2.04 7.13 -12.01 -1000 18.26 1.59 109.105
car -1 -1 0.00 0.00 0.00 100.00 100.00 -1000 1.70 4.52 -10.99 -1000 44.32 -0.00 108.066
car -1 -1 0.00 0.00 0.00 100.00 100.00 -1000 1.85 5.41 -0.86 -1000 42.06 1.54 107.576
car -1 -1 0.00 0.00 0.00 100.00 100.00 -1000 2.34 7.91 -7.37 -1000 20.70 1.87 101.544
car -1 -1 0.00 0.00 0.00 100.00 100.00 -1000 2.39 10.91 9.81 -1000 27.97 1.64 100.190
car -1 -1 0.00 0.00 0.00 100.00 100.00 -1000 1.94 6.12 -8.55 -1000 30.32 1.53 99.838
car -1 -1 0.00 0.00 0.00 100.00 100.00 -1000 1.84 4.97 -11.61 -1000 29.46 1.60 99.258
car -1 -1 0.00 0.00 0.00 100.00 100.00 -1000 2.26 9.01 -6.79 -1000 40.56 1.49 98.564
car -1 -1 0.00 0.00 0.00 100.00 100.00 -1000 1.67 4.33 -12.95 -1000 15.09 0.17 97.960
car -1 -1 0.00 0.00 0.00 100.00 100.00 -1000 1.67 4.42 -17.70 -1000 41.31 0.02 95.912
car -1 -1 0.00 0.00 0.00 100.00 100.00 -1000 2.28 7.69 -12.84 -1000 42.99 1.69 94.214
car -1 -1 0.00 0.00 0.00 100.00 100.00 -1000 1.83 6.07 2.82 -1000 44.77 1.69 93.391
car -1 -1 0.00 0.00 0.00 100.00 100.00 -1000 1.79 4.83 -11.94 -1000 40.32 1.68 87.924
car -1 -1 0.00 0.00 0.00 100.00 100.00 -1000 2.10 7.76 5.62 -1000 17.28 1.53 87.469
car -1 -1 0.00 0.00 0.00 100.00 100.00 -1000 2.40 9.96 4.99 -1000 10.72 1.57 86.427
car -1 -1 0.00 0.00 0.00 100.00 100.00 -1000 1.68 4.87 -9.64 -1000 28.15 1.77 85.219
car -1 -1 0.00 0.00 0.00 100.00 100.00 -1000 2.07 8.25 4.56 -1000 42.26 1.50 84.912
car -1 -1 0.00 0.00 0.00 100.00 100.00 -1000 1.86 5.67 -6.86 -1000 28.30 1.54 83.983
car -1 -1 0.00 0.00 0.00 100.00 100.00 -1000 1.86 5.78 -9.34 -1000 38.92 1.72 83.483
car -1 -1 0.00 0.00 0.00 100.00 100.00 -1000 2.12 9.74 0.25 -1000 25.65 1.75 81.307
car -1 -1 0.00 0.00 0.00 100.00 100.00 -1000 2.07 7.44 -6.91 -1000 43.23 1.56 80.964
car -1 -1 0.00 0.00 0.00 100.00 100.00 -1000 1.78 5.32 3.44 -1000 40.63 1.68 79.640
car -1 -1 0.00 0.00 0.00 100.00 100.00 -1000 2.17 9.26 3.17 -1000 47.35 1.51 79.168
car -1 -1 0.00 0.00 0.00 100.00 100.00 -1000 2.14 7.41 -17.49 -1000 43.10 1.72 78.605
car -1 -1 0.00 0.00 0.00 100.00 100.00 -1000 2.05 7.48 5.25 -1000 20.25 1.53 78.498
car -1 -1 0.00 0.00 0.00 100.00 100.00 -1000 2.32 9.16 3.35 -1000 33.32 1.57 77.469
car -1 -1 0.00 0.00 0.00 100.00 100.00 -1000 1.83 5.56 1.81 -1000 38.82 1.64 76.895
car -1 -1 0.00 0.00 0.00 100.00 100.00 -1000 2.29 9.42 1.14 -1000 42.77 1.45 74.640
car -1 -1 0.00 0.00 0.00 100.00 100.00 -1000 1.90 5.99 4.94 -1000 45.14 1.54 74.422
car -1 -1 0.00 0.00 0.00 100.00 100.00 -1000 2.06 7.54 -17.68 -1000 33.52 1.55 72.769
car -1 -1 0.00 0.00 0.00 100.00 100.00 -1000 2.09 7.97 5.98 -1000 18.33 1.46 71.573
car -1 -1 0.00 0.00 0.00 100.00 100.00 -1000 1.77 5.47 -11.28 -1000 27.80 1.67 68.589
car -1 -1 0.00 0.00 0.00 100.00 100.00 -1000 1.85 6.04 -9.86 -1000 31.10 1.70 67.474
car -1 -1 0.00 0.00 0.00 100.00 100.00 -1000 2.35 10.64 9.62 -1000 33.56 1.57 65.617
car -1 -1 0.00 0.00 0.00 100.00 100.00 -1000 1.52 3.83 -7.89 -1000 46.93 -0.07 64.207
car -1 -1 0.00 0.00 0.00 100.00 100.00 -1000 2.12 7.36 1.63 -1000 40.21 1.63 62.697
car -1 -1 0.00 0.00 0.00 100.00 100.00 -1000 1.81 5.53 -9.23 -1000 18.82 1.81 60.190
car -1 -1 0.00 0.00 0.00 100.00 100.00 -1000 2.10 7.78 4.59 -1000 44.29 1.48 58.750
car -1 -1 0.00 0.00 0.00 100.00 100.00 -1000 2.26 7.83 -12.19 -1000 33.71 1.61 58.714
car -1 -1 0.00 0.00 0.00 100.00 100.00 -1000 2.17 7.72 5.70 -1000 23.79 1.72 57.999
car -1 -1 0.00 0.00 0.00 100.00 100.00 -1000 2.26 10.07 10.12 -1000 11.90 1.64 56.347
car -1 -1 0.00 0.00 0.00 100.00 100.00 -1000 2.14 8.04 -7.26 -1000 36.23 1.60 56.240
car -1 -1 0.00 0.00 0.00 100.00 100.00 -1000 2.40 7.58 2.73 -1000 6.95 1.84 55.581
car -1 -1 0.00 0.00 0.00 100.00 100.00 -1000 2.24 8.87 -12.25 -1000 21.12 1.53 55.401
car -1 -1 0.00 0.00 0.00 100.00 100.00 -1000 2.47 10.12 5.91 -1000 24.80 1.66 55.040
car -1 -1 0.00 0.00 0.00 100.00 100.00 -1000 2.29 10.14 9.86 -1000 14.33 1.64 54.578
car -1 -1 0.00 0.00 0.00 100.00 100.00 -1000 1.58 4.13 0.41 -1000 41.58 0.20 53.788
car -1 -1 0.00 0.00 0.00 100.00 100.00 -1000 1.58 4.29 -3.28 -1000 42.08 0.18 52.691
car -1 -1 0.00 0.00 0.00 100.00 100.00 -1000 2.35 8.61 -13.50 -1000 31.64 1.58 52.387
car -1 -1 0.00 0.00 0.00 100.00 100.00 -1000 1.90 5.73 -15.11 -1000 33.87 1.66 51.862
car -1 -1 0.00 0.00 0.00 100.00 100.00 -1000 2.06 7.09 0.65 -1000 29.17 1.63 51.582
car -1 -1 0.00 0.00 0.00 100.00 100.00 -1000 2.28 10.15 9.80 -1000 15.92 1.63 51.280
car -1 -1 0.00 0.00 0.00 100.00 100.00 -1000 1.93 6.30 3.26 -1000 39.68 1.59 51.210
car -1 -1 0.00 0.00 0.00 100.00 100.00 -1000 2.22 8.37 5.11 -1000 46.23 1.53 50.466
