car -1 -1 0.00 0.00 0.00 100.00 100.00 -1000 1.77 4.50 4.03 -1000 12.55 -0.32 999.498
car -1 -1 0.00 0.00 0.00 100.00 100.00 -1000 1.75 4.34 4.50 -1000 7.67 -0.23 999.454
car -1 -1 0.00 0.00 0.00 100.00 100.00 -1000 1.76 4.50 -8.07 -1000 13.16 -0.27 998.339
car -1 -1 0.00 0.00 0.00 100.00 100.00 -1000 1.71 4.08 5.20 -1000 8.32 1.75 997.034
car -1 -1 0.00 0.00 0.00 100.00 100.00 -1000 1.76 4.35 3.09 -1000 13.10 1.64 996.711
car -1 -1 0.00 0.00 0.00 100.00 100.00 -1000 1.70 3.97 -8.46 -1000 21.03 1.64 996.022
car -1 -1 0.00 0.00 0.00 100.00 100.00 -1000 1.73 4.00 -7.32 -1000 13.90 1.72 995.283
car -1 -1 0.00 0.00 0.00 100.00 100.00 -1000 1.68 4.13 -9.67 -1000 33.11 1.60 994.136
car -1 -1 0.00 0.00 0.00 100.00 100.00 -1000 1.67 4.21 -9.07 -1000 20.33 -0.21 993.242
car -1 -1 0.00 0.00 0.00 100.00 100.00 -1000 1.72 4.12 4.88 -1000 13.16 1.85 992.260
car -1 -1 0.00 0.00 0.00 100.00 100.00 -1000 1.66 4.10 -10.30 -1000 32.14 -0.17 987.850
car -1 -1 0.00 0.00 0.00 100.00 100.00 -1000 1.67 4.19 -2.36 -1000 42.67 1.57 974.201
car -1 -1 0.00 0.00 0.00 100.00 100.00 -1000 1.68 4.23 10.01 -1000 13.62 1.73 970.887
car -1 -1 0.00 0.00 0.00 100.00 100.00 -1000 1.99 6.00 4.71 -1000 8.92 1.80 936.100
car -1 -1 0.00 0.00 0.00 100.00 100.00 -1000 1.62 4.23 9.40 -1000 12.83 -0.07 935.469
car -1 -1 0.00 0.00 0.00 100.00 100.00 -1000 2.08 6.26 4.77 -1000 13.71 1.82 928.280
car -1 -1 0.00 0.00 0.00 100.00 100.00 -1000 1.61 3.84 -2.93 -1000 29.89 1.62 921.673
car -1 -1 0.00 0.00 0.00 100.00 100.00 -1000 1.59 3.79 -11.08 -1000 32.85 1.58 879.056
car -1 -1 0.00 0.00 0.00 100.00 100.00 -1000 1.69 4.37 6.51 -1000 13.49 1.79 878.314
car -1 -1 0.00 0.00 0.00 100.00 100.00 -1000 2.04 6.48 -8.16 -1000 21.78 1.68 846.595
car -1 -1 0.00 0.00 0.00 100.00 100.00 -1000 1.96 5.87 -7.23 -1000 14.54 1.65 841.007
car -1 -1 0.00 0.00 0.00 100.00 100.00 -1000 1.67 4.49 6.02 -1000 12.67 -0.36 826.895
car -1 -1 0.00 0.00 0.00 100.00 100.00 -1000 1.71 4.52 6.36 -1000 7.70 -0.25 772.456
car -1 -1 0.00 0.00 0.00 100.00 100.00 -1000 2.49 9.93 0.40 -1000 39.91 1.68 735.281
car -1 -1 0.00 0.00 0.00 100.00 100.00 -1000 1.71 4.51 7.97 -1000 13.18 -0.13 687.058
car -1 -1 0.00 0.00 0.00 100.00 100.00 -1000 1.81 4.82 9.23 -1000 18.12 -0.16 682.840
car -1 -1 0.00 0.00 0.00 100.00 100.00 -1000 2.27 7.50 8.39 -1000 14.17 1.65 679.953
car -1 -1 0.00 0.00 0.00 100.00 100.00 -1000 3.28 18.51 1.54 -1000 40.06 1.68 659.017
car -1 -1 0.00 0.00 0.00 100.00 100.00 -1000 1.70 4.26 -13.38 -1000 45.05 1.65 647.681
car -1 -1 0.00 0.00 0.00 100.00 100.00 -1000 1.66 4.29 -9.04 -1000 13.84 1.59 645.032
car -1 -1 0.00 0.00 0.00 100.00 100.00 -1000 1.69 4.29 -0.69 -1000 36.88 1.59 635.142
car -1 -1 0.00 0.00 0.00 100.00 100.00 -1000 1.55 3.74 -14.25 -1000 44.50 -0.01 580.804
car -1 -1 0.00 0.00 0.00 100.00 100.00 -1000 1.76 4.62 9.54 -1000 18.97 1.60 516.630
car -1 -1 0.00 0.00 0.00 100.00 100.00 -1000 1.92 5.52 -2.61 -1000 30.84 1.60 461.869
car -1 -1 0.00 0.00 0.00 100.00 100.00 -1000 1.83 5.24 1.88 -1000 20.50 1.50 448.724
car -1 -1 0.00 0.00 0.00 100.00 100.00 -1000 2.00 5.92 11.15 -1000 14.78 1.60 440.787
car -1 -1 0.00 0.00 0.00 100.00 100.00 -1000 2.10 6.63 -0.39 -1000 40.53 1.68 430.715
car -1 -1 0.00 0.00 0.00 100.00 100.00 -1000 2.37 8.31 5.08 -1000 9.77 1.67 409.836
car -1 -1 0.00 0.00 0.00 100.00 100.00 -1000 1.56 3.97 -2.79 -1000 29.03 -0.11 397.003
car -1 -1 0.00 0.00 0.00 100.00 100.00 -1000 2.68 10.74 7.58 -1000 14.96 1.57 387.874
car -1 -1 0.00 0.00 0.00 100.00 100.00 -1000 1.87 5.42 -2.05 -1000 43.44 1.58 377.546
car -1 -1 0.00 0.00 0.00 100.00 100.00 -1000 1.60 3.92 -2.51 -1000 41.75 0.01 369.792
car -1 -1 0.00 0.00 0.00 100.00 100.00 -1000 2.46 9.45 4.83 -1000 14.55 1.68 361.833
car -1 -1 0.00 0.00 0.00 100.00 100.00 -1000 2.08 6.70 -6.58 -1000 21.25 1.87 361.003
car -1 -1 0.00 0.00 0.00 100.00 100.00 -1000 1.68 4.55 5.46 -1000 11.89 -0.39 330.633
car -1 -1 0.00 0.00 0.00 100.00 100.00 -1000 1.93 6.07 1.29 -1000 37.24 1.66 329.488
car -1 -1 0.00 0.00 0.00 100.00 100.00 -1000 1.88 5.46 0.55 -1000 35.79 -0.18 319.445
car -1 -1 0.00 0.00 0.00 100.00 100.00 -1000 2.20 7.26 0.16 -1000 38.22 1.64 306.979
car -1 -1 0.00 0.00 0.00 100.00 100.00 -1000 1.83 5.25 -0.76 -1000 29.87 1.65 295.507
car -1 -1 0.00 0.00 0.00 100.00 100.00 -1000 1.70 4.98 10.75 -1000 20.34 -0.17 294.998
car -1 -1 0.00 0.00 0.00 100.00 100.00 -1000 2.09 6.76 -8.78 -1000 33.96 1.72 289.605
car -1 -1 0.00 0.00 0.00 100.00 100.00 -1000 2.18 7.12 7.95 -1000 11.94 1.74 259.688
car -1 -1 0.00 0.00 0.00 100.00 100.00 -1000 2.58 10.32 7.23 -1000 16.20 1.59 255.078
car -1 -1 0.00 0.00 0.00 100.00 100.00 -1000 1.63 4.57 11.26 -1000 13.25 -0.34 240.089
car -1 -1 0.00 0.00 0.00 100.00 100.00 -1000 2.02 5.87 -1.42 -1000 39.50 1.57 215.614
car -1 -1 0.00 0.00 0.00 100.00 100.00 -1000 2.06 7.08 -13.27 -1000 45.70 1.56 215.127
car -1 -1 0.00 0.00 0.00 100.00 100.00 -1000 1.79 5.58 2.46 -1000 12.01 0.10 211.169
car -1 -1 0.00 0.00 0.00 100.00 100.00 -1000 1.80 4.98 -2.21 -1000 40.27 1.65 203.356
car -1 -1 0.00 0.00 0.00 100.00 100.00 -1000 1.68 4.84 -9.91 -1000 21.32 0.37 203.140
car -1 -1 0.00 0.00 0.00 100.00 100.00 -1000 2.84 12.53 4.33 -1000 39.13 1.73 185.429
car -1 -1 0.00 0.00 0.00 100.00 100.00 -1000 2.80 11.54 -5.89 -1000 22.20 1.85 175.491
car -1 -1 0.00 0.00 0.00 100.00 100.00 -1000 1.71 4.90 -8.17 -1000 19.75 1.87 174.713
car -1 -1 0.00 0.00 0.00 100.00 100.00 -1000 1.84 5.18 -9.43 -1000 12.65 -0.04 172.753
car -1 -1 0.00 0.00 0.00 100.00 100.00 -1000 2.21 8.69 8.50 -1000 17.19 1.76 169.554
car -1 -1 0.00 0.00 0.00 100.00 100.00 -1000 2.22 7.42 7.41 -1000 8.58 1.81 169.316
car -1 -1 0.00 0.00 0.00 100.00 100.00 -1000 1.66 4.94 10.09 -1000 12.13 -0.21 166.800
car -1 -1 0.00 0.00 0.00 100.00 100.00 -1000 1.79 5.28 -12.81 -1000 44.10 1.66 164.355
car -1 -1 0.00 0.00 0.00 100.00 100.00 -1000 1.75 4.76 3.25 -1000 19.66 -0.10 157.776
car -1 -1 0.00 0.00 0.00 100.00 100.00 -1000 1.85 5.59 6.09 -1000 6.85 1.79 156.122
car -1 -1 0.00 0.00 0.00 100.00 100.00 -1000 2.42 9.42 -3.76 -1000 23.61 1.74 155.608
car -1 -1 0.00 0.00 0.00 100.00 100.00 -1000 1.73 4.56 -11.52 -1000 31.57 -0.09 154.695
car -1 -1 0.00 0.00 0.00 100.00 100.00 -1000 1.61 4.47 -11.07 -1000 20.68 0.21 146.192
car -1 -1 0.00 0.00 0.00 100.00 100.00 -1000 2.89 11.95 -6.54 -1000 15.47 1.69 144.246
car -1 -1 0.00 0.00 0.00 100.00 100.00 -1000 1.80 5.29 -11.35 -1000 33.60 0.01 143.052
car -1 -1 0.00 0.00 0.00 100.00 100.00 -1000 1.88 5.59 -10.52 -1000 14.26 1.66 140.267
car -1 -1 0.00 0.00 0.00 100.00 100.00 -1000 2.15 7.49 5.57 -1000 11.33 1.74 136.221
car -1 -1 0.00 0.00 0.00 100.00 100.00 -1000 2.10 6.94 -2.92 -1000 29.46 1.69 136.046
car -1 -1 0.00 0.00 0.00 100.00 100.00 -1000 1.82 5.48 -8.46 -1000 31.32 1.66 135.449
car -1 -1 0.00 0.00 0.00 100.00 100.00 -1000 1.99 6.66 -16.75 -1000 44.73 1.58 133.611
car -1 -1 0.00 0.00 0.00 100.00 100.00 -1000 1.62 4.35 -12.32 -1000 32.33 0.30 130.206
car -1 -1 0.00 0.00 0.00 100.00 100.00 -1000 1.76 5.17 1.69 -1000 36.38 -0.22 130.075
car -1 -1 0.00 0.00 0.00 100.00 100.00 -1000 2.49 10.86 1.96 -1000 44.82 1.65 129.559
car -1 -1 0.00 0.00 0.00 100.00 100.00 -1000 1.69 5.08 8.56 -1000 14.81 -0.45 127.983
car -1 -1 0.00 0.00 0.00 100.00 100.00 -1000 2.81 15.11 -4.93 -1000 24.12 1.61 123.034
car -1 -1 0.00 0.00 0.00 100.00 100.00 -1000 2.10 7.03 -3.93 -1000 44.60 1.60 120.254
car -1 -1 0.00 0.00 0.00 100.00 100.00 -1000 2.04 7.27 -9.82 -1000 43.97 1.42 118.106
car -1 -1 0.00 0.00 0.00 100.00 100.00 -1000 2.09 7.50 -16.74 -1000 45.84 1.48 117.166
car -1 -1 0.00 0.00 0.00 100.00 100.00 -1000 2.25 8.03 -6.91 -1000 33.16 1.76 114.856
car -1 -1 0.00 0.00 0.00 100.00 100.00 -1000 2.33 7.87 -4.37 -1000 20.93 1.89 113.869
car -1 -1 0.00 0.00 0.00 100.00 100.00 -1000 1.65 4.29 8.76 -1000 19.80 -0.08 113.032
car -1 -1 0.00 0.00 0.00 100.00 100.00 -1000 1.97 6.37 7.09 -1000 19.29 1.53 108.517
car -1 -1 0.00 0.00 0.00 100.00 100.00 -1000 2.12 7.92 -10.58 -1000 46.30 1.44 107.206
car -1 -1 0.00 0.00 0.00 100.00 100.00 -1000 2.29 9.71 6.92 -1000 38.50 1.66 107.002
car -1 -1 0.00 0.00 0.00 100.00 100.00 -1000 2.11 6.47 -6.27 -1000 20.20 1.87 103.945
car -1 -1 0.00 0.00 0.00 100.00 100.00 -1000 1.92 5.77 -14.26 -1000 43.63 1.61 100.978
car -1 -1 0.00 0.00 0.00 100.00 100.00 -1000 1.72 4.46 9.78 -1000 15.27 -0.42 100.824
car -1 -1 0.00 0.00 0.00 100.00 100.00 -1000 1.75 5.14 -1.06 -1000 29.01 1.77 96.752
car -1 -1 0.00 0.00 0.00 100.00 100.00 -1000 1.92 5.74 -1.31 -1000 36.13 -0.04 95.644
car -1 -1 0.00 0.00 0.00 100.00 100.00 -1000 1.98 6.26 -10.76 -1000 45.03 1.47 93.469
car -1 -1 0.00 0.00 0.00 100.00 100.00 -1000 1.86 5.78 -10.39 -1000 19.73 0.07 90.635
car -1 -1 0.00 0.00 0.00 100.00 100.00 -1000 2.34 8.90 10.65 -1000 21.13 1.57 88.826
car -1 -1 0.00 0.00 0.00 100.00 100.00 -1000 2.30 8.31 -10.67 -1000 34.71 1.54 88.350
car -1 -1 0.00 0.00 0.00 100.00 100.00 -1000 2.74 12.59 3.82 -1000 15.53 1.70 85.888
car -1 -1 0.00 0.00 0.00 100.00 100.00 -1000 2.66 11.99 5.11 -1000 10.84 1.68 85.386
car -1 -1 0.00 0.00 0.00 100.00 100.00 -1000 2.84 15.32 1.57 -1000 41.42 1.54 84.936
car -1 -1 0.00 0.00 0.00 100.00 100.00 -1000 1.65 4.91 11.76 -1000 13.96 -0.16 83.917
car -1 -1 0.00 0.00 0.00 100.00 100.00 -1000 2.39 6.75 -5.22 -1000 14.00 1.84 82.769
car -1 -1 0.00 0.00 0.00 100.00 100.00 -1000 2.46 10.50 11.35 -1000 15.46 1.54 82.642
car -1 -1 0.00 0.00 0.00 100.00 100.00 -1000 2.47 12.67 5.41 -1000 40.82 1.62 82.369
car -1 -1 0.00 0.00 0.00 100.00 100.00 -1000 1.76 4.69 -10.61 -1000 13.41 0.21 82.039
car -1 -1 0.00 0.00 0.00 100.00 100.00 -1000 2.07 7.67 -8.82 -1000 36.96 1.51 79.539
car -1 -1 0.00 0.00 0.00 100.00 100.00 -1000 1.67 5.47 2.98 -1000 17.04 0.04 76.469
car -1 -1 0.00 0.00 0.00 100.00 100.00 -1000 2.51 10.45 -2.66 -1000 31.20 1.55 75.866
car -1 -1 0.00 0.00 0.00 100.00 100.00 -1000 2.19 7.42 12.88 -1000 12.85 1.75 75.003
car -1 -1 0.00 0.00 0.00 100.00 100.00 -1000 1.94 6.89 -3.31 -1000 40.96 1.51 74.664
car -1 -1 0.00 0.00 0.00 100.00 100.00 -1000 2.24 8.18 2.06 -1000 21.06 1.53 73.333
car -1 -1 0.00 0.00 0.00 100.00 100.00 -1000 1.75 5.01 4.45 -1000 20.19 -0.01 72.644
car -1 -1 0.00 0.00 0.00 100.00 100.00 -1000 2.02 5.56 -5.75 -1000 12.85 1.74 71.315
car -1 -1 0.00 0.00 0.00 100.00 100.00 -1000 2.19 10.81 -3.04 -1000 24.84 1.71 69.677
car -1 -1 0.00 0.00 0.00 100.00 100.00 -1000 2.20 8.01 2.67 -1000 18.71 1.54 69.630
car -1 -1 0.00 0.00 0.00 100.00 100.00 -1000 2.25 9.29 3.64 -1000 16.39 1.57 67.981
car -1 -1 0.00 0.00 0.00 100.00 100.00 -1000 2.16 7.30 -0.60 -1000 42.15 1.76 66.601
car -1 -1 0.00 0.00 0.00 100.00 100.00 -1000 2.69 11.23 7.55 -1000 9.24 1.72 65.351
car -1 -1 0.00 0.00 0.00 100.00 100.00 -1000 2.21 7.92 8.52 -1000 20.45 1.66 64.979
car -1 -1 0.00 0.00 0.00 100.00 100.00 -1000 1.92 5.73 13.03 -1000 20.70 -0.20 63.926
car -1 -1 0.00 0.00 0.00 100.00 100.00 -1000 2.26 7.82 -1.08 -1000 37.32 1.66 63.777
car -1 -1 0.00 0.00 0.00 100.00 100.00 -1000 2.12 7.76 -2.96 -1000 46.69 1.46 62.682
car -1 -1 0.00 0.00 0.00 100.00 100.00 -1000 2.68 12.13 0.46 -1000 46.11 1.58 61.112
car -1 -1 0.00 0.00 0.00 100.00 100.00 -1000 1.53 4.25 2.74 -1000 13.91 0.16 59.951
car -1 -1 0.00 0.00 0.00 100.00 100.00 -1000 1.52 4.08 5.77 -1000 19.73 0.15 58.046
car -1 -1 0.00 0.00 0.00 100.00 100.00 -1000 2.03 6.88 -14.19 -1000 32.59 1.55 57.924
car -1 -1 0.00 0.00 0.00 100.00 100.00 -1000 2.07 7.47 16.06 -1000 22.13 1.54 56.204
car -1 -1 0.00 0.00 0.00 100.00 100.00 -1000 1.95 6.20 -3.68 -1000 42.22 1.70 56.172
car -1 -1 0.00 0.00 0.00 100.00 100.00 -1000 2.25 8.03 8.24 -1000 18.56 1.62 55.631
car -1 -1 0.00 0.00 0.00 100.00 100.00 -1000 1.80 6.16 -5.13 -1000 7.10 1.52 55.003
car -1 -1 0.00 0.00 0.00 100.00 100.00 -1000 1.83 5.84 -12.50 -1000 21.50 1.55 54.648
car -1 -1 0.00 0.00 0.00 100.00 100.00 -1000 1.67 4.34 -12.75 -1000 14.48 0.02 54.196
car -1 -1 0.00 0.00 0.00 100.00 100.00 -1000 1.63 4.28 -5.85 -1000 6.48 -0.10 52.975
car -1 -1 0.00 0.00 0.00 100.00 100.00 -1000 1.67 4.25 7.35 -1000 20.25 0.12 52.970
car -1 -1 0.00 0.00 0.00 100.00 100.00 -1000 2.32 8.23 8.85 -1000 7.56 1.75 52.693
car -1 -1 0.00 0.00 0.00 100.00 100.00 -1000 2.30 8.95 12.33 -1000 21.95 1.52 52.580
car -1 -1 0.00 0.00 0.00 100.00 100.00 -1000 2.52 9.88 6.42 -1000 37.30 1.59 52.326
car -1 -1 0.00 0.00 0.00 100.00 100.00 -1000 2.42 8.92 3.96 -1000 36.80 1.73 51.938
car -1 -1 0.00 0.00 0.00 100.00 100.00 -1000 2.78 12.51 -6.88 -1000 34.18 1.70 51.222
car -1 -1 0.00 0.00 0.00 100.00 100.00 -1000 2.36 8.77 -11.18 -1000 15.50 1.61 51.184
car -1 -1 0.00 0.00 0.00 100.00 100.00 -1000 2.11 8.10 -12.94 -1000 36.03 1.52 50.660
car -1 -1 0.00 0.00 0.00 100.00 100.00 -1000 1.98 6.42 -12.56 -1000 20.26 1.59 50.288
