car -1 -1 0.00 0.00 0.00 100.00 100.00 -1000 1.75 4.22 -4.16 -1000 30.52 1.65 999.629
car -1 -1 0.00 0.00 0.00 100.00 100.00 -1000 1.68 4.09 0.46 -1000 28.25 1.54 999.077
car -1 -1 0.00 0.00 0.00 100.00 100.00 -1000 1.62 3.69 -3.04 -1000 12.96 1.65 984.602
car -1 -1 0.00 0.00 0.00 100.00 100.00 -1000 1.55 3.63 -3.37 -1000 43.30 1.63 983.509
car -1 -1 0.00 0.00 0.00 100.00 100.00 -1000 2.16 6.75 -4.39 -1000 31.36 1.68 982.712
car -1 -1 0.00 0.00 0.00 100.00 100.00 -1000 1.62 3.82 2.96 -1000 12.94 1.64 982.269
car -1 -1 0.00 0.00 0.00 100.00 100.00 -1000 1.90 5.34 0.85 -1000 28.97 1.70 981.626
car -1 -1 0.00 0.00 0.00 100.00 100.00 -1000 1.71 4.15 5.17 -1000 32.23 1.59 974.180
car -1 -1 0.00 0.00 0.00 100.00 100.00 -1000 1.72 4.34 3.20 -1000 22.03 1.68 972.289
car -1 -1 0.00 0.00 0.00 100.00 100.00 -1000 1.66 4.06 -4.50 -1000 29.72 -0.20 967.201
car -1 -1 0.00 0.00 0.00 100.00 100.00 -1000 1.64 3.84 -0.30 -1000 27.43 -0.02 958.828
car -1 -1 0.00 0.00 0.00 100.00 100.00 -1000 1.63 4.06 -4.39 -1000 12.64 0.14 950.370
car -1 -1 0.00 0.00 0.00 100.00 100.00 -1000 2.69 10.79 -3.97 -1000 32.32 1.73 925.573
car -1 -1 0.00 0.00 0.00 100.00 100.00 -1000 2.19 6.92 3.52 -1000 31.96 1.65 900.349
car -1 -1 0.00 0.00 0.00 100.00 100.00 -1000 1.75 4.47 -3.38 -1000 5.98 1.47 853.822
car -1 -1 0.00 0.00 0.00 100.00 100.00 -1000 1.66 4.19 -0.86 -1000 29.13 1.64 814.545
car -1 -1 0.00 0.00 0.00 100.00 100.00 -1000 1.78 4.99 -2.53 -1000 30.23 1.87 811.837
car -1 -1 0.00 0.00 0.00 100.00 100.00 -1000 1.92 5.41 3.44 -1000 13.77 1.65 751.888
car -1 -1 0.00 0.00 0.00 100.00 100.00 -1000 2.47 9.20 -0.09 -1000 30.19 1.77 740.688
car -1 -1 0.00 0.00 0.00 100.00 100.00 -1000 1.98 5.95 -3.12 -1000 13.82 1.63 717.736
car -1 -1 0.00 0.00 0.00 100.00 100.00 -1000 1.57 3.83 -4.06 -1000 42.73 0.14 702.824
car -1 -1 0.00 0.00 0.00 100.00 100.00 -1000 1.76 4.63 5.98 -1000 32.87 1.66 634.253
car -1 -1 0.00 0.00 0.00 100.00 100.00 -1000 1.64 4.32 -5.84 -1000 12.85 -0.07 633.581
car -1 -1 0.00 0.00 0.00 100.00 100.00 -1000 1.72 4.35 3.51 -1000 21.22 -0.25 615.384
car -1 -1 0.00 0.00 0.00 100.00 100.00 -1000 2.60 11.09 0.80 -1000 31.29 1.74 542.398
car -1 -1 0.00 0.00 0.00 100.00 100.00 -1000 1.62 4.21 3.52 -1000 44.87 1.57 481.767
car -1 -1 0.00 0.00 0.00 100.00 100.00 -1000 1.46 3.42 -3.21 -1000 5.10 1.71 440.631
car -1 -1 0.00 0.00 0.00 100.00 100.00 -1000 1.66 4.35 -3.30 -1000 37.82 1.61 423.541
car -1 -1 0.00 0.00 0.00 100.00 100.00 -1000 3.25 14.35 1.02 -1000 16.30 1.91 417.069
car -1 -1 0.00 0.00 0.00 100.00 100.00 -1000 1.60 4.03 7.56 -1000 9.83 -0.45 404.848
car -1 -1 0.00 0.00 0.00 100.00 100.00 -1000 1.94 5.49 -5.92 -1000 30.88 1.69 403.379
car -1 -1 0.00 0.00 0.00 100.00 100.00 -1000 2.94 14.02 -3.63 -1000 33.26 1.71 359.316
car -1 -1 0.00 0.00 0.00 100.00 100.00 -1000 1.64 4.04 -3.22 -1000 28.90 1.68 355.619
car -1 -1 0.00 0.00 0.00 100.00 100.00 -1000 1.68 4.21 -5.28 -1000 29.00 -0.24 345.632
car -1 -1 0.00 0.00 0.00 100.00 100.00 -1000 2.37 9.03 1.78 -1000 14.29 1.58 337.505
car -1 -1 0.00 0.00 0.00 100.00 100.00 -1000 1.94 5.80 -3.40 -1000 43.83 1.59 329.699
car -1 -1 0.00 0.00 0.00 100.00 100.00 -1000 1.62 4.02 2.09 -1000 44.56 1.66 316.199
car -1 -1 0.00 0.00 0.00 100.00 100.00 -1000 1.87 5.27 2.74 -1000 11.96 1.72 304.105
car -1 -1 0.00 0.00 0.00 100.00 100.00 -1000 1.69 4.34 1.86 -1000 36.96 1.58 296.994
car -1 -1 0.00 0.00 0.00 100.00 100.00 -1000 2.26 8.36 6.20 -1000 13.92 1.49 284.616
car -1 -1 0.00 0.00 0.00 100.00 100.00 -1000 2.54 9.25 -3.30 -1000 34.04 1.62 278.416
car -1 -1 0.00 0.00 0.00 100.00 100.00 -1000 1.48 3.52 -4.06 -1000 37.26 -0.09 268.444
car -1 -1 0.00 0.00 0.00 100.00 100.00 -1000 1.71 4.96 5.95 -1000 31.39 -0.16 258.126
car -1 -1 0.00 0.00 0.00 100.00 100.00 -1000 1.68 4.71 6.82 -1000 8.96 1.84 224.068
car -1 -1 0.00 0.00 0.00 100.00 100.00 -1000 1.71 4.71 -1.84 -1000 28.53 1.66 223.846
car -1 -1 0.00 0.00 0.00 100.00 100.00 -1000 3.16 7.27 -3.40 -1000 6.13 1.59 223.367
car -1 -1 0.00 0.00 0.00 100.00 100.00 -1000 2.06 6.54 2.77 -1000 28.21 1.84 215.575
car -1 -1 0.00 0.00 0.00 100.00 100.00 -1000 2.21 7.22 6.57 -1000 33.63 1.62 211.331
car -1 -1 0.00 0.00 0.00 100.00 100.00 -1000 1.73 5.02 7.30 -1000 32.10 -0.30 208.185
car -1 -1 0.00 0.00 0.00 100.00 100.00 -1000 1.64 4.42 -2.62 -1000 12.06 1.72 206.817
car -1 -1 0.00 0.00 0.00 100.00 100.00 -1000 1.61 4.35 0.12 -1000 26.52 1.79 205.039
car -1 -1 0.00 0.00 0.00 100.00 100.00 -1000 2.22 7.89 6.83 -1000 15.93 1.69 192.820
car -1 -1 0.00 0.00 0.00 100.00 100.00 -1000 1.66 4.26 1.37 -1000 43.92 -0.09 192.336
car -1 -1 0.00 0.00 0.00 100.00 100.00 -1000 2.49 10.83 10.62 -1000 19.74 1.64 192.097
car -1 -1 0.00 0.00 0.00 100.00 100.00 -1000 1.95 6.46 2.75 -1000 20.29 1.64 183.306
car -1 -1 0.00 0.00 0.00 100.00 100.00 -1000 1.78 5.06 -9.01 -1000 12.86 1.62 178.566
car -1 -1 0.00 0.00 0.00 100.00 100.00 -1000 2.06 6.47 -5.20 -1000 13.57 1.58 177.743
car -1 -1 0.00 0.00 0.00 100.00 100.00 -1000 2.02 6.23 3.43 -1000 22.64 1.63 176.173
car -1 -1 0.00 0.00 0.00 100.00 100.00 -1000 2.09 7.65 6.26 -1000 11.93 1.57 172.245
car -1 -1 0.00 0.00 0.00 100.00 100.00 -1000 1.62 4.29 -10.78 -1000 17.59 0.01 170.065
car -1 -1 0.00 0.00 0.00 100.00 100.00 -1000 1.88 5.57 -1.65 -1000 43.26 1.67 143.840
car -1 -1 0.00 0.00 0.00 100.00 100.00 -1000 2.01 6.48 3.26 -1000 45.39 1.63 143.398
car -1 -1 0.00 0.00 0.00 100.00 100.00 -1000 2.10 7.21 8.92 -1000 10.76 1.82 141.739
car -1 -1 0.00 0.00 0.00 100.00 100.00 -1000 1.90 5.78 -3.53 -1000 36.76 1.73 141.655
car -1 -1 0.00 0.00 0.00 100.00 100.00 -1000 2.20 7.69 -2.21 -1000 38.95 1.47 140.850
car -1 -1 0.00 0.00 0.00 100.00 100.00 -1000 1.75 5.57 -8.21 -1000 47.43 1.40 140.843
car -1 -1 0.00 0.00 0.00 100.00 100.00 -1000 2.54 10.16 1.30 -1000 29.24 1.79 139.471
car -1 -1 0.00 0.00 0.00 100.00 100.00 -1000 1.69 4.57 4.39 -1000 44.27 1.57 136.924
car -1 -1 0.00 0.00 0.00 100.00 100.00 -1000 1.63 3.98 6.80 -1000 16.17 -0.39 136.648
car -1 -1 0.00 0.00 0.00 100.00 100.00 -1000 2.04 6.71 -7.40 -1000 13.27 1.67 127.670
car -1 -1 0.00 0.00 0.00 100.00 100.00 -1000 1.81 5.25 -7.68 -1000 30.37 1.64 126.602
car -1 -1 0.00 0.00 0.00 100.00 100.00 -1000 1.92 6.32 3.36 -1000 37.38 1.55 125.744
car -1 -1 0.00 0.00 0.00 100.00 100.00 -1000 2.51 11.09 9.87 -1000 20.90 1.57 124.988
car -1 -1 0.00 0.00 0.00 100.00 100.00 -1000 2.44 9.53 10.56 -1000 18.70 1.66 120.385
car -1 -1 0.00 0.00 0.00 100.00 100.00 -1000 3.01 13.35 -2.48 -1000 14.66 1.71 115.981
car -1 -1 0.00 0.00 0.00 100.00 100.00 -1000 2.28 8.32 -4.35 -1000 34.94 1.68 114.405
car -1 -1 0.00 0.00 0.00 100.00 100.00 -1000 2.12 7.49 5.16 -1000 21.58 1.63 104.471
car -1 -1 0.00 0.00 0.00 100.00 100.00 -1000 2.43 9.73 7.08 -1000 17.07 1.67 101.116
car -1 -1 0.00 0.00 0.00 100.00 100.00 -1000 1.98 6.18 1.14 -1000 36.32 1.51 101.047
car -1 -1 0.00 0.00 0.00 100.00 100.00 -1000 1.64 4.55 8.94 -1000 11.35 -0.23 100.366
car -1 -1 0.00 0.00 0.00 100.00 100.00 -1000 2.48 9.40 6.16 -1000 34.48 1.62 99.480
car -1 -1 0.00 0.00 0.00 100.00 100.00 -1000 1.93 5.92 -8.34 -1000 29.54 1.66 97.545
car -1 -1 0.00 0.00 0.00 100.00 100.00 -1000 2.66 11.06 0.76 -1000 32.73 1.52 96.859
car -1 -1 0.00 0.00 0.00 100.00 100.00 -1000 1.60 4.22 5.22 -1000 13.73 -0.29 95.927
car -1 -1 0.00 0.00 0.00 100.00 100.00 -1000 1.79 4.65 -4.36 -1000 32.02 -0.65 92.282
car -1 -1 0.00 0.00 0.00 100.00 100.00 -1000 1.76 5.19 -8.15 -1000 38.50 1.69 89.445
car -1 -1 0.00 0.00 0.00 100.00 100.00 -1000 1.73 4.63 -5.66 -1000 36.58 0.07 88.578
car -1 -1 0.00 0.00 0.00 100.00 100.00 -1000 2.43 10.05 9.37 -1000 23.44 1.55 88.065
car -1 -1 0.00 0.00 0.00 100.00 100.00 -1000 1.91 6.05 -7.09 -1000 37.60 1.55 86.757
car -1 -1 0.00 0.00 0.00 100.00 100.00 -1000 1.92 7.04 3.30 -1000 11.09 1.62 86.316
car -1 -1 0.00 0.00 0.00 100.00 100.00 -1000 2.20 8.64 3.68 -1000 17.18 1.52 82.827
car -1 -1 0.00 0.00 0.00 100.00 100.00 -1000 1.68 5.04 5.48 -1000 15.44 -0.27 81.539
car -1 -1 0.00 0.00 0.00 100.00 100.00 -1000 2.06 6.77 -4.26 -1000 41.66 1.52 79.938
car -1 -1 0.00 0.00 0.00 100.00 100.00 -1000 1.66 4.80 -8.47 -1000 39.40 1.60 79.813
car -1 -1 0.00 0.00 0.00 100.00 100.00 -1000 2.32 9.24 3.31 -1000 35.00 1.69 79.644
car -1 -1 0.00 0.00 0.00 100.00 100.00 -1000 1.66 4.75 -4.51 -1000 32.98 -0.32 79.325
car -1 -1 0.00 0.00 0.00 100.00 100.00 -1000 1.58 4.16 -2.41 -1000 4.37 1.67 79.090
car -1 -1 0.00 0.00 0.00 100.00 100.00 -1000 2.04 6.78 3.12 -1000 26.94 1.75 78.719
car -1 -1 0.00 0.00 0.00 100.00 100.00 -1000 2.10 6.69 -0.34 -1000 27.03 1.59 75.496
car -1 -1 0.00 0.00 0.00 100.00 100.00 -1000 2.03 6.29 -5.00 -1000 43.33 1.62 73.236
car -1 -1 0.00 0.00 0.00 100.00 100.00 -1000 2.36 9.90 10.58 -1000 17.42 1.62 73.006
car -1 -1 0.00 0.00 0.00 100.00 100.00 -1000 2.33 8.46 -2.80 -1000 44.58 1.59 72.772
car -1 -1 0.00 0.00 0.00 100.00 100.00 -1000 2.33 8.29 1.29 -1000 44.97 1.57 72.275
car -1 -1 0.00 0.00 0.00 100.00 100.00 -1000 2.53 11.21 -1.58 -1000 39.64 1.43 70.535
car -1 -1 0.00 0.00 0.00 100.00 100.00 -1000 1.63 3.84 6.87 -1000 17.77 -0.30 69.332
car -1 -1 0.00 0.00 0.00 100.00 100.00 -1000 2.27 10.23 11.03 -1000 35.12 1.53 63.559
car -1 -1 0.00 0.00 0.00 100.00 100.00 -1000 2.13 7.50 1.77 -1000 39.35 1.47 63.536
car -1 -1 0.00 0.00 0.00 100.00 100.00 -1000 2.25 7.33 -4.82 -1000 28.53 1.71 63.147
car -1 -1 0.00 0.00 0.00 100.00 100.00 -1000 2.41 10.96 8.80 -1000 22.18 1.57 62.073
car -1 -1 0.00 0.00 0.00 100.00 100.00 -1000 2.28 9.11 6.26 -1000 18.01 1.50 61.129
car -1 -1 0.00 0.00 0.00 100.00 100.00 -1000 2.58 11.22 -0.96 -1000 35.00 1.68 61.031
car -1 -1 0.00 0.00 0.00 100.00 100.00 -1000 1.63 3.89 5.31 -1000 21.82 -0.34 60.918
car -1 -1 0.00 0.00 0.00 100.00 100.00 -1000 1.88 5.70 -2.69 -1000 42.34 1.79 60.477
car -1 -1 0.00 0.00 0.00 100.00 100.00 -1000 1.66 4.43 0.14 -1000 29.72 -0.46 58.278
car -1 -1 0.00 0.00 0.00 100.00 100.00 -1000 2.06 7.51 -5.06 -1000 35.93 1.65 55.305
car -1 -1 0.00 0.00 0.00 100.00 100.00 -1000 1.83 5.30 1.31 -1000 27.61 -0.22 55.141
car -1 -1 0.00 0.00 0.00 100.00 100.00 -1000 2.26 8.58 5.81 -1000 15.01 1.69 54.195
car -1 -1 0.00 0.00 0.00 100.00 100.00 -1000 1.84 5.71 -7.15 -1000 46.34 1.50 53.971
car -1 -1 0.00 0.00 0.00 100.00 100.00 -1000 1.74 5.44 -10.09 -1000 13.61 1.55 53.429
car -1 -1 0.00 0.00 0.00 100.00 100.00 -1000 1.93 6.24 0.92 -1000 43.27 1.71 53.410
car -1 -1 0.00 0.00 0.00 100.00 100.00 -1000 2.08 7.63 5.56 -1000 19.95 1.60 52.530
car -1 -1 0.00 0.00 0.00 100.00 100.00 -1000 2.21 8.38 7.21 -1000 10.21 1.51 52.520
car -1 -1 0.00 0.00 0.00 100.00 100.00 -1000 2.13 7.99 2.21 -1000 38.21 1.61 52.163
car -1 -1 0.00 0.00 0.00 100.00 100.00 -1000 2.28 10.35 9.89 -1000 36.05 1.59 51.973
car -1 -1 0.00 0.00 0.00 100.00 100.00 -1000 2.29 8.03 -4.02 -1000 38.13 1.62 51.891
car -1 -1 0.00 0.00 0.00 100.00 100.00 -1000 2.09 7.08 8.46 -1000 32.80 1.73 51.826
car -1 -1 0.00 0.00 0.00 100.00 100.00 -1000 2.38 11.35 7.98 -1000 24.43 1.51 51.113
car -1 -1 0.00 0.00 0.00 100.00 100.00 -1000 1.91 5.78 3.09 -1000 43.44 1.68 50.907
car -1 -1 0.00 0.00 0.00 100.00 100.00 -1000 2.75 12.84 1.49 -1000 34.19 1.72 50.734
car -1 -1 0.00 0.00 0.00 100.00 100.00 -1000 2.01 6.76 5.75 -1000 44.84 1.62 50.714
car -1 -1 0.00 0.00 0.00 100.00 100.00 -1000 1.65 4.86 4.73 -1000 33.32 0.23 50.075
