car -1 -1 0.00 0.00 0.00 100.00 100.00 -1000 1.79 4.51 -0.41 -1000 25.65 1.73 998.961
car -1 -1 0.00 0.00 0.00 100.00 100.00 -1000 1.77 4.53 -4.37 -1000 46.56 1.70 998.892
car -1 -1 0.00 0.00 0.00 100.00 100.00 -1000 1.69 4.17 -6.98 -1000 35.38 1.60 998.874
car -1 -1 0.00 0.00 0.00 100.00 100.00 -1000 1.74 4.41 -15.92 -1000 44.98 1.63 998.299
car -1 -1 0.00 0.00 0.00 100.00 100.00 -1000 1.68 4.00 -0.63 -1000 24.82 -0.21 997.350
car -1 -1 0.00 0.00 0.00 100.00 100.00 -1000 1.66 4.04 -4.95 -1000 45.72 -0.03 980.092
car -1 -1 0.00 0.00 0.00 100.00 100.00 -1000 1.69 4.60 -8.20 -1000 35.85 1.61 961.170
car -1 -1 0.00 0.00 0.00 100.00 100.00 -1000 1.67 4.11 -7.66 -1000 34.56 -0.09 937.544
car -1 -1 0.00 0.00 0.00 100.00 100.00 -1000 1.73 4.37 1.47 -1000 43.50 1.66 927.132
car -1 -1 0.00 0.00 0.00 100.00 100.00 -1000 2.05 6.53 0.07 -1000 26.28 1.75 915.903
car -1 -1 0.00 0.00 0.00 100.00 100.00 -1000 1.56 3.88 -16.29 -1000 44.19 0.08 885.396
car -1 -1 0.00 0.00 0.00 100.00 100.00 -1000 1.92 5.49 -15.61 -1000 46.00 1.56 866.069
car -1 -1 0.00 0.00 0.00 100.00 100.00 -1000 1.70 4.35 -12.79 -1000 27.32 1.62 858.007
car -1 -1 0.00 0.00 0.00 100.00 100.00 -1000 2.05 6.77 -4.05 -1000 47.22 1.72 815.092
car -1 -1 0.00 0.00 0.00 100.00 100.00 -1000 1.66 3.98 4.57 -1000 32.40 1.49 806.051
car -1 -1 0.00 0.00 0.00 100.00 100.00 -1000 1.98 6.21 -6.18 -1000 36.10 1.79 763.606
car -1 -1 0.00 0.00 0.00 100.00 100.00 -1000 1.53 3.59 -13.50 -1000 26.74 -0.03 744.980
car -1 -1 0.00 0.00 0.00 100.00 100.00 -1000 1.97 6.55 1.73 -1000 25.83 1.79 721.217
car -1 -1 0.00 0.00 0.00 100.00 100.00 -1000 1.70 4.28 1.31 -1000 38.87 1.68 653.838
car -1 -1 0.00 0.00 0.00 100.00 100.00 -1000 1.60 4.12 0.73 -1000 42.89 0.01 648.049
car -1 -1 0.00 0.00 0.00 100.00 100.00 -1000 1.70 4.47 4.01 -1000 40.98 1.56 618.073
car -1 -1 0.00 0.00 0.00 100.00 100.00 -1000 2.57 11.35 1.21 -1000 26.82 1.75 583.392
car -1 -1 0.00 0.00 0.00 100.00 100.00 -1000 1.82 5.06 4.50 -1000 33.53 1.51 570.312
car -1 -1 0.00 0.00 0.00 100.00 100.00 -1000 2.82 11.11 -1.63 -1000 28.29 1.83 569.598
car -1 -1 0.00 0.00 0.00 100.00 100.00 -1000 1.60 4.11 0.32 -1000 38.31 0.16 515.118
car -1 -1 0.00 0.00 0.00 100.00 100.00 -1000 1.73 4.59 -16.35 -1000 43.21 1.61 490.154
car -1 -1 0.00 0.00 0.00 100.00 100.00 -1000 1.69 4.28 -16.08 -1000 20.69 1.52 461.248
car -1 -1 0.00 0.00 0.00 100.00 100.00 -1000 2.24 7.29 -7.51 -1000 37.61 1.60 455.018
car -1 -1 0.00 0.00 0.00 100.00 100.00 -1000 1.67 4.46 3.59 -1000 31.82 -0.03 449.582
car -1 -1 0.00 0.00 0.00 100.00 100.00 -1000 1.67 4.29 -8.74 -1000 35.04 0.07 445.580
car -1 -1 0.00 0.00 0.00 100.00 100.00 -1000 2.29 9.04 -12.71 -1000 43.71 1.73 431.126
car -1 -1 0.00 0.00 0.00 100.00 100.00 -1000 2.72 11.96 7.21 -1000 43.30 1.65 424.321
car -1 -1 0.00 0.00 0.00 100.00 100.00 -1000 1.55 3.95 -7.11 -1000 33.85 -0.15 418.319
car -1 -1 0.00 0.00 0.00 100.00 100.00 -1000 2.05 6.73 2.48 -1000 44.06 1.72 355.512
car -1 -1 0.00 0.00 0.00 100.00 100.00 -1000 2.28 8.21 -15.68 -1000 46.80 1.55 351.785
car -1 -1 0.00 0.00 0.00 100.00 100.00 -1000 1.93 5.63 -5.02 -1000 34.99 1.86 340.891
car -1 -1 0.00 0.00 0.00 100.00 100.00 -1000 2.04 6.30 -12.58 -1000 28.02 1.70 339.568
car -1 -1 0.00 0.00 0.00 100.00 100.00 -1000 1.87 5.39 4.24 -1000 25.55 1.67 338.422
car -1 -1 0.00 0.00 0.00 100.00 100.00 -1000 1.79 4.93 13.44 -1000 38.25 1.52 331.717
car -1 -1 0.00 0.00 0.00 100.00 100.00 -1000 1.80 5.14 0.90 -1000 25.07 1.88 325.104
car -1 -1 0.00 0.00 0.00 100.00 100.00 -1000 1.93 5.90 -2.83 -1000 46.24 1.80 324.909
car -1 -1 0.00 0.00 0.00 100.00 100.00 -1000 2.37 8.21 -4.41 -1000 35.62 1.90 314.567
car -1 -1 0.00 0.00 0.00 100.00 100.00 -1000 1.74 5.03 13.01 -1000 42.73 1.52 311.349
car -1 -1 0.00 0.00 0.00 100.00 100.00 -1000 2.73 11.96 -5.68 -1000 38.15 1.67 278.370
car -1 -1 0.00 0.00 0.00 100.00 100.00 -1000 1.68 4.36 0.09 -1000 24.12 1.79 277.032
car -1 -1 0.00 0.00 0.00 100.00 100.00 -1000 2.11 7.01 -13.94 -1000 45.49 1.77 253.674
car -1 -1 0.00 0.00 0.00 100.00 100.00 -1000 1.91 5.76 2.52 -1000 42.34 1.68 250.130
car -1 -1 0.00 0.00 0.00 100.00 100.00 -1000 2.05 7.36 -15.02 -1000 39.80 1.41 249.878
car -1 -1 0.00 0.00 0.00 100.00 100.00 -1000 1.60 4.15 4.93 -1000 31.27 -0.14 246.301
car -1 -1 0.00 0.00 0.00 100.00 100.00 -1000 2.15 6.72 -8.38 -1000 38.48 1.71 245.674
car -1 -1 0.00 0.00 0.00 100.00 100.00 -1000 1.57 4.71 -4.11 -1000 45.10 -0.09 227.195
car -1 -1 0.00 0.00 0.00 100.00 100.00 -1000 1.72 4.76 -9.78 -1000 34.54 -0.14 225.872
car -1 -1 0.00 0.00 0.00 100.00 100.00 -1000 2.89 14.94 4.84 -1000 44.16 1.57 216.555
car -1 -1 0.00 0.00 0.00 100.00 100.00 -1000 1.68 4.48 13.33 -1000 18.18 1.71 216.486
car -1 -1 0.00 0.00 0.00 100.00 100.00 -1000 1.78 5.03 4.96 -1000 6.94 1.66 200.868
car -1 -1 0.00 0.00 0.00 100.00 100.00 -1000 2.85 13.17 -11.68 -1000 42.97 1.73 200.277
car -1 -1 0.00 0.00 0.00 100.00 100.00 -1000 1.61 4.29 -7.23 -1000 46.56 0.30 193.072
car -1 -1 0.00 0.00 0.00 100.00 100.00 -1000 1.95 6.29 4.65 -1000 19.12 1.62 192.002
car -1 -1 0.00 0.00 0.00 100.00 100.00 -1000 1.60 4.30 -17.67 -1000 43.81 0.24 190.358
car -1 -1 0.00 0.00 0.00 100.00 100.00 -1000 1.85 5.43 -10.85 -1000 40.19 1.53 186.833
car -1 -1 0.00 0.00 0.00 100.00 100.00 -1000 1.85 5.35 -3.32 -1000 34.63 1.77 182.213
car -1 -1 0.00 0.00 0.00 100.00 100.00 -1000 1.54 3.84 12.54 -1000 42.04 0.20 176.737
car -1 -1 0.00 0.00 0.00 100.00 100.00 -1000 1.81 5.23 -15.68 -1000 26.27 1.59 174.394
car -1 -1 0.00 0.00 0.00 100.00 100.00 -1000 1.93 5.87 2.16 -1000 39.76 1.64 173.965
car -1 -1 0.00 0.00 0.00 100.00 100.00 -1000 2.21 7.87 4.00 -1000 43.34 1.67 172.986
car -1 -1 0.00 0.00 0.00 100.00 100.00 -1000 2.66 11.39 -5.14 -1000 36.97 1.73 168.371
car -1 -1 0.00 0.00 0.00 100.00 100.00 -1000 1.57 4.06 3.06 -1000 40.41 0.28 164.977
car -1 -1 0.00 0.00 0.00 100.00 100.00 -1000 1.85 5.81 6.89 -1000 40.90 1.72 164.518
car -1 -1 0.00 0.00 0.00 100.00 100.00 -1000 1.57 4.10 -17.11 -1000 45.52 0.37 162.936
car -1 -1 0.00 0.00 0.00 100.00 100.00 -1000 1.99 6.56 3.96 -1000 36.05 1.41 157.444
car -1 -1 0.00 0.00 0.00 100.00 100.00 -1000 1.97 6.20 -9.17 -1000 39.85 1.65 153.397
car -1 -1 0.00 0.00 0.00 100.00 100.00 -1000 1.87 5.62 5.23 -1000 40.48 1.81 152.294
car -1 -1 0.00 0.00 0.00 100.00 100.00 -1000 1.67 4.54 -12.58 -1000 26.18 1.76 148.721
car -1 -1 0.00 0.00 0.00 100.00 100.00 -1000 1.89 5.55 13.86 -1000 32.18 1.44 145.673
car -1 -1 0.00 0.00 0.00 100.00 100.00 -1000 1.71 4.54 -0.17 -1000 33.79 0.01 144.877
car -1 -1 0.00 0.00 0.00 100.00 100.00 -1000 1.61 4.53 -16.63 -1000 19.96 0.21 141.694
car -1 -1 0.00 0.00 0.00 100.00 100.00 -1000 1.83 5.59 2.12 -1000 38.10 1.61 141.667
car -1 -1 0.00 0.00 0.00 100.00 100.00 -1000 1.72 4.78 4.38 -1000 30.52 -0.24 140.086
car -1 -1 0.00 0.00 0.00 100.00 100.00 -1000 1.91 6.04 1.57 -1000 41.57 1.76 136.691
car -1 -1 0.00 0.00 0.00 100.00 100.00 -1000 1.94 7.51 -10.77 -1000 20.66 1.51 136.001
car -1 -1 0.00 0.00 0.00 100.00 100.00 -1000 1.94 6.25 -10.96 -1000 35.49 1.53 135.399
car -1 -1 0.00 0.00 0.00 100.00 100.00 -1000 1.55 4.11 3.32 -1000 32.85 0.10 133.903
car -1 -1 0.00 0.00 0.00 100.00 100.00 -1000 2.02 6.85 -15.10 -1000 42.67 1.58 132.935
car -1 -1 0.00 0.00 0.00 100.00 100.00 -1000 3.21 16.01 2.13 -1000 27.73 1.72 131.265
car -1 -1 0.00 0.00 0.00 100.00 100.00 -1000 2.10 6.72 -10.92 -1000 27.33 1.84 127.551
car -1 -1 0.00 0.00 0.00 100.00 100.00 -1000 1.96 6.68 12.76 -1000 41.11 1.74 127.423
car -1 -1 0.00 0.00 0.00 100.00 100.00 -1000 2.34 7.97 -2.36 -1000 26.51 1.83 119.143
car -1 -1 0.00 0.00 0.00 100.00 100.00 -1000 1.79 5.08 -5.31 -1000 33.88 1.73 118.966
car -1 -1 0.00 0.00 0.00 100.00 100.00 -1000 1.91 6.65 13.74 -1000 36.09 1.56 118.881
car -1 -1 0.00 0.00 0.00 100.00 100.00 -1000 1.90 5.86 -15.17 -1000 28.11 1.62 118.605
car -1 -1 0.00 0.00 0.00 100.00 100.00 -1000 1.52 4.06 -0.23 -1000 43.62 0.52 118.478
car -1 -1 0.00 0.00 0.00 100.00 100.00 -1000 2.07 7.18 -12.88 -1000 44.76 1.72 116.883
car -1 -1 0.00 0.00 0.00 100.00 100.00 -1000 1.96 6.00 5.16 -1000 24.71 1.61 115.289
car -1 -1 0.00 0.00 0.00 100.00 100.00 -1000 1.70 4.75 -1.22 -1000 38.07 0.21 114.135
car -1 -1 0.00 0.00 0.00 100.00 100.00 -1000 1.93 6.31 13.79 -1000 19.17 1.62 114.004
car -1 -1 0.00 0.00 0.00 100.00 100.00 -1000 2.17 8.24 -15.43 -1000 41.76 1.45 112.002
car -1 -1 0.00 0.00 0.00 100.00 100.00 -1000 2.14 7.68 -17.27 -1000 23.73 1.54 111.586
car -1 -1 0.00 0.00 0.00 100.00 100.00 -1000 1.61 4.12 12.94 -1000 37.40 -0.06 110.226
car -1 -1 0.00 0.00 0.00 100.00 100.00 -1000 1.65 4.63 -0.40 -1000 42.39 -0.06 108.813
car -1 -1 0.00 0.00 0.00 100.00 100.00 -1000 2.18 7.34 4.39 -1000 41.42 1.71 106.422
car -1 -1 0.00 0.00 0.00 100.00 100.00 -1000 2.46 11.57 7.96 -1000 44.70 1.55 104.442
car -1 -1 0.00 0.00 0.00 100.00 100.00 -1000 2.06 7.00 7.06 -1000 40.04 1.70 103.740
car -1 -1 0.00 0.00 0.00 100.00 100.00 -1000 2.53 10.52 -3.11 -1000 39.05 1.75 103.381
car -1 -1 0.00 0.00 0.00 100.00 100.00 -1000 1.98 6.69 14.09 -1000 25.63 1.48 102.743
car -1 -1 0.00 0.00 0.00 100.00 100.00 -1000 1.99 6.75 3.28 -1000 24.22 1.77 102.230
car -1 -1 0.00 0.00 0.00 100.00 100.00 -1000 1.92 5.99 0.56 -1000 37.55 1.81 101.810
car -1 -1 0.00 0.00 0.00 100.00 100.00 -1000 1.93 6.38 6.03 -1000 32.75 1.70 100.544
car -1 -1 0.00 0.00 0.00 100.00 100.00 -1000 2.13 7.87 -17.15 -1000 27.79 1.49 100.425
car -1 -1 0.00 0.00 0.00 100.00 100.00 -1000 2.83 11.70 -5.05 -1000 47.57 1.63 98.254
car -1 -1 0.00 0.00 0.00 100.00 100.00 -1000 2.49 8.61 -10.49 -1000 37.78 1.60 98.239
car -1 -1 0.00 0.00 0.00 100.00 100.00 -1000 2.04 7.12 -3.13 -1000 37.52 1.65 97.028
car -1 -1 0.00 0.00 0.00 100.00 100.00 -1000 2.04 7.31 -11.49 -1000 29.36 1.63 94.020
car -1 -1 0.00 0.00 0.00 100.00 100.00 -1000 2.18 7.77 -1.96 -1000 39.94 1.79 93.423
car -1 -1 0.00 0.00 0.00 100.00 100.00 -1000 2.17 8.37 14.16 -1000 26.82 1.56 93.331
car -1 -1 0.00 0.00 0.00 100.00 100.00 -1000 1.52 3.47 -17.41 -1000 28.39 0.27 92.461
car -1 -1 0.00 0.00 0.00 100.00 100.00 -1000 2.07 6.33 -10.74 -1000 38.96 1.55 90.422
car -1 -1 0.00 0.00 0.00 100.00 100.00 -1000 2.42 10.35 3.01 -1000 29.48 1.52 89.362
car -1 -1 0.00 0.00 0.00 100.00 100.00 -1000 1.92 6.36 -15.00 -1000 38.67 1.47 88.709
car -1 -1 0.00 0.00 0.00 100.00 100.00 -1000 2.05 7.16 -15.71 -1000 40.72 1.46 88.132
car -1 -1 0.00 0.00 0.00 100.00 100.00 -1000 1.96 7.04 13.69 -1000 30.50 1.73 87.737
car -1 -1 0.00 0.00 0.00 100.00 100.00 -1000 1.55 4.12 -0.43 -1000 39.10 0.44 87.309
car -1 -1 0.00 0.00 0.00 100.00 100.00 -1000 2.04 6.80 4.93 -1000 20.48 1.51 87.249
car -1 -1 0.00 0.00 0.00 100.00 100.00 -1000 2.20 8.71 -10.76 -1000 30.85 1.54 86.198
car -1 -1 0.00 0.00 0.00 100.00 100.00 -1000 1.95 6.52 -2.94 -1000 42.45 1.61 86.156
car -1 -1 0.00 0.00 0.00 100.00 100.00 -1000 1.78 5.89 -3.96 -1000 44.24 1.67 85.815
car -1 -1 0.00 0.00 0.00 100.00 100.00 -1000 1.98 7.01 -14.29 -1000 31.21 1.55 84.901
car -1 -1 0.00 0.00 0.00 100.00 100.00 -1000 2.01 7.22 13.45 -1000 44.99 1.47 79.634
car -1 -1 0.00 0.00 0.00 100.00 100.00 -1000 2.25 8.53 -11.77 -1000 34.71 1.71 79.522
car -1 -1 0.00 0.00 0.00 100.00 100.00 -1000 2.39 10.97 17.31 -1000 40.76 1.54 79.263
car -1 -1 0.00 0.00 0.00 100.00 100.00 -1000 1.92 6.44 9.00 -1000 39.48 1.55 78.517
car -1 -1 0.00 0.00 0.00 100.00 100.00 -1000 2.09 7.80 1.48 -1000 36.70 1.70 77.995
car -1 -1 0.00 0.00 0.00 100.00 100.00 -1000 2.20 7.98 -2.04 -1000 41.64 1.60 77.193
car -1 -1 0.00 0.00 0.00 100.00 100.00 -1000 1.47 3.81 0.60 -1000 39.52 0.13 77.038
car -1 -1 0.00 0.00 0.00 100.00 100.00 -1000 2.28 7.77 -0.07 -1000 43.94 1.63 76.835
car -1 -1 0.00 0.00 0.00 100.00 100.00 -1000 1.74 4.46 4.07 -1000 39.67 0.01 76.757
car -1 -1 0.00 0.00 0.00 100.00 100.00 -1000 1.74 5.12 6.34 -1000 9.47 1.50 76.204
car -1 -1 0.00 0.00 0.00 100.00 100.00 -1000 2.04 6.91 2.28 -1000 35.09 1.53 74.944
car -1 -1 0.00 0.00 0.00 100.00 100.00 -1000 1.57 3.72 -17.55 -1000 24.32 0.04 73.884
car -1 -1 0.00 0.00 0.00 100.00 100.00 -1000 2.16 7.67 3.73 -1000 45.50 1.55 73.535
car -1 -1 0.00 0.00 0.00 100.00 100.00 -1000 2.08 6.78 -16.89 -1000 21.33 1.53 72.892
car -1 -1 0.00 0.00 0.00 100.00 100.00 -1000 2.16 8.33 3.26 -1000 34.08 1.56 72.774
car -1 -1 0.00 0.00 0.00 100.00 100.00 -1000 1.92 6.73 13.53 -1000 39.05 1.58 72.707
car -1 -1 0.00 0.00 0.00 100.00 100.00 -1000 1.96 6.47 -9.95 -1000 26.13 1.73 70.766
car -1 -1 0.00 0.00 0.00 100.00 100.00 -1000 1.56 3.80 -16.16 -1000 19.06 0.03 67.381
car -1 -1 0.00 0.00 0.00 100.00 100.00 -1000 1.87 5.68 0.41 -1000 34.63 1.58 66.671
car -1 -1 0.00 0.00 0.00 100.00 100.00 -1000 2.47 11.61 -4.48 -1000 28.89 1.77 66.604
car -1 -1 0.00 0.00 0.00 100.00 100.00 -1000 2.36 8.74 -11.03 -1000 36.56 1.65 66.595
car -1 -1 0.00 0.00 0.00 100.00 100.00 -1000 2.39 11.80 5.04 -1000 11.04 1.46 66.190
car -1 -1 0.00 0.00 0.00 100.00 100.00 -1000 2.04 6.99 -1.95 -1000 35.41 1.79 66.152
car -1 -1 0.00 0.00 0.00 100.00 100.00 -1000 1.53 4.02 0.69 -1000 44.21 0.19 65.165
car -1 -1 0.00 0.00 0.00 100.00 100.00 -1000 2.27 9.23 -15.50 -1000 32.46 1.51 65.028
car -1 -1 0.00 0.00 0.00 100.00 100.00 -1000 2.47 9.79 17.25 -1000 39.66 1.55 64.908
car -1 -1 0.00 0.00 0.00 100.00 100.00 -1000 2.10 6.84 -7.16 -1000 33.42 1.79 63.176
car -1 -1 0.00 0.00 0.00 100.00 100.00 -1000 2.48 9.52 -13.14 -1000 46.29 1.71 63.167
car -1 -1 0.00 0.00 0.00 100.00 100.00 -1000 2.33 8.76 2.27 -1000 40.79 1.68 63.040
car -1 -1 0.00 0.00 0.00 100.00 100.00 -1000 2.10 7.60 5.23 -1000 10.36 1.58 62.326
car -1 -1 0.00 0.00 0.00 100.00 100.00 -1000 2.20 8.98 13.28 -1000 46.20 1.55 62.013
car -1 -1 0.00 0.00 0.00 100.00 100.00 -1000 2.21 7.45 -2.12 -1000 45.45 1.72 59.821
car -1 -1 0.00 0.00 0.00 100.00 100.00 -1000 1.73 5.73 1.30 -1000 32.95 1.67 59.755
car -1 -1 0.00 0.00 0.00 100.00 100.00 -1000 1.91 6.61 -4.12 -1000 41.06 1.68 58.591
car -1 -1 0.00 0.00 0.00 100.00 100.00 -1000 2.14 7.56 6.59 -1000 41.87 1.66 58.505
car -1 -1 0.00 0.00 0.00 100.00 100.00 -1000 2.20 8.50 -8.78 -1000 40.58 1.63 58.447
car -1 -1 0.00 0.00 0.00 100.00 100.00 -1000 1.68 4.82 -14.17 -1000 25.91 -0.31 58.437
car -1 -1 0.00 0.00 0.00 100.00 100.00 -1000 2.13 7.40 7.74 -1000 32.10 1.73 58.301
car -1 -1 0.00 0.00 0.00 100.00 100.00 -1000 1.59 3.92 -16.26 -1000 46.70 0.15 58.221
car -1 -1 0.00 0.00 0.00 100.00 100.00 -1000 1.64 4.44 -14.88 -1000 44.42 -0.17 56.644
car -1 -1 0.00 0.00 0.00 100.00 100.00 -1000 2.22 8.10 -14.87 -1000 28.80 1.65 56.183
car -1 -1 0.00 0.00 0.00 100.00 100.00 -1000 1.89 6.01 4.47 -1000 5.97 1.69 56.169
car -1 -1 0.00 0.00 0.00 100.00 100.00 -1000 2.42 11.26 17.07 -1000 35.92 1.54 56.108
car -1 -1 0.00 0.00 0.00 100.00 100.00 -1000 2.19 8.31 -15.93 -1000 30.26 1.49 55.121
car -1 -1 0.00 0.00 0.00 100.00 100.00 -1000 2.26 10.11 17.55 -1000 44.82 1.49 54.902
car -1 -1 0.00 0.00 0.00 100.00 100.00 -1000 2.26 9.24 14.25 -1000 22.04 1.45 54.899
car -1 -1 0.00 0.00 0.00 100.00 100.00 -1000 1.56 3.88 12.98 -1000 17.42 -0.06 54.501
car -1 -1 0.00 0.00 0.00 100.00 100.00 -1000 1.64 4.50 -17.10 -1000 39.51 0.28 54.227
car -1 -1 0.00 0.00 0.00 100.00 100.00 -1000 2.73 11.10 -11.46 -1000 41.77 1.61 54.218
car -1 -1 0.00 0.00 0.00 100.00 100.00 -1000 2.18 7.28 9.28 -1000 42.59 1.61 52.992
car -1 -1 0.00 0.00 0.00 100.00 100.00 -1000 1.75 5.25 -9.19 -1000 33.83 -0.32 52.196
car -1 -1 0.00 0.00 0.00 100.00 100.00 -1000 2.74 11.72 -6.85 -1000 39.37 1.63 51.353
car -1 -1 0.00 0.00 0.00 100.00 100.00 -1000 2.15 7.14 -18.10 -1000 44.88 1.60 51.231
car -1 -1 0.00 0.00 0.00 100.00 100.00 -1000 1.78 5.74 3.83 -1000 29.62 1.54 50.801
car -1 -1 0.00 0.00 0.00 100.00 100.00 -1000 2.21 8.73 13.94 -1000 33.30 1.55 50.672
