car -1 -1 0.00 0.00 0.00 100.00 100.00 -1000 1.80 4.20 -0.03 -1000 23.75 1.69 999.785
car -1 -1 0.00 0.00 0.00 100.00 100.00 -1000 1.75 4.64 -5.94 -1000 29.55 1.64 999.587
car -1 -1 0.00 0.00 0.00 100.00 100.00 -1000 1.65 3.94 -0.63 -1000 23.00 -0.14 996.691
car -1 -1 0.00 0.00 0.00 100.00 100.00 -1000 1.98 5.81 -6.12 -1000 30.33 1.59 985.722
car -1 -1 0.00 0.00 0.00 100.00 100.00 -1000 1.98 5.78 0.31 -1000 24.59 1.74 979.040
car -1 -1 0.00 0.00 0.00 100.00 100.00 -1000 1.68 4.24 -5.88 -1000 28.68 -0.31 959.758
car -1 -1 0.00 0.00 0.00 100.00 100.00 -1000 1.65 4.12 -15.39 -1000 19.39 1.70 913.392
car -1 -1 0.00 0.00 0.00 100.00 100.00 -1000 1.87 5.12 -7.82 -1000 29.81 1.63 903.222
car -1 -1 0.00 0.00 0.00 100.00 100.00 -1000 2.48 9.56 0.06 -1000 25.14 1.70 898.384
car -1 -1 0.00 0.00 0.00 100.00 100.00 -1000 1.75 4.77 5.34 -1000 32.04 1.62 835.528
car -1 -1 0.00 0.00 0.00 100.00 100.00 -1000 1.65 4.18 19.39 -1000 35.88 1.62 828.652
car -1 -1 0.00 0.00 0.00 100.00 100.00 -1000 3.05 13.80 0.54 -1000 26.01 1.79 775.289
car -1 -1 0.00 0.00 0.00 100.00 100.00 -1000 2.49 9.93 -5.72 -1000 30.92 1.83 714.082
car -1 -1 0.00 0.00 0.00 100.00 100.00 -1000 2.51 12.75 1.69 -1000 27.09 1.62 691.923
car -1 -1 0.00 0.00 0.00 100.00 100.00 -1000 1.67 4.24 6.22 -1000 35.58 1.64 630.991
car -1 -1 0.00 0.00 0.00 100.00 100.00 -1000 2.20 7.50 -7.55 -1000 31.52 1.67 599.282
car -1 -1 0.00 0.00 0.00 100.00 100.00 -1000 1.67 4.26 13.46 -1000 30.99 1.70 583.544
car -1 -1 0.00 0.00 0.00 100.00 100.00 -1000 1.61 4.09 -15.99 -1000 18.51 -0.10 555.279
car -1 -1 0.00 0.00 0.00 100.00 100.00 -1000 1.58 3.74 -7.11 -1000 28.23 -0.20 540.976
car -1 -1 0.00 0.00 0.00 100.00 100.00 -1000 2.21 7.33 -3.94 -1000 29.57 1.87 493.553
car -1 -1 0.00 0.00 0.00 100.00 100.00 -1000 2.52 10.35 -5.69 -1000 44.38 1.71 465.262
car -1 -1 0.00 0.00 0.00 100.00 100.00 -1000 2.16 8.12 3.57 -1000 27.85 1.74 452.189
car -1 -1 0.00 0.00 0.00 100.00 100.00 -1000 1.90 6.08 5.22 -1000 22.26 1.64 449.578
car -1 -1 0.00 0.00 0.00 100.00 100.00 -1000 1.67 4.61 4.94 -1000 41.80 1.54 446.793
car -1 -1 0.00 0.00 0.00 100.00 100.00 -1000 1.77 4.80 -5.14 -1000 28.01 1.77 427.247
car -1 -1 0.00 0.00 0.00 100.00 100.00 -1000 1.77 5.22 -19.04 -1000 46.37 1.37 416.973
car -1 -1 0.00 0.00 0.00 100.00 100.00 -1000 1.59 3.96 5.41 -1000 31.14 -0.13 389.597
car -1 -1 0.00 0.00 0.00 100.00 100.00 -1000 3.33 15.94 -4.39 -1000 31.76 1.82 387.811
car -1 -1 0.00 0.00 0.00 100.00 100.00 -1000 2.28 8.12 -2.47 -1000 27.01 1.78 378.309
car -1 -1 0.00 0.00 0.00 100.00 100.00 -1000 2.55 9.51 -0.91 -1000 27.73 1.80 363.290
car -1 -1 0.00 0.00 0.00 100.00 100.00 -1000 1.53 3.79 18.93 -1000 35.05 0.01 355.714
car -1 -1 0.00 0.00 0.00 100.00 100.00 -1000 2.62 10.03 -9.20 -1000 44.97 1.62 329.448
car -1 -1 0.00 0.00 0.00 100.00 100.00 -1000 1.65 4.35 13.84 -1000 18.14 1.66 328.814
car -1 -1 0.00 0.00 0.00 100.00 100.00 -1000 1.74 4.94 13.78 -1000 31.80 1.60 325.106
car -1 -1 0.00 0.00 0.00 100.00 100.00 -1000 1.78 4.63 -8.36 -1000 30.66 1.55 322.613
car -1 -1 0.00 0.00 0.00 100.00 100.00 -1000 1.95 6.53 5.36 -1000 32.79 1.74 315.499
car -1 -1 0.00 0.00 0.00 100.00 100.00 -1000 1.85 5.77 -8.67 -1000 42.22 1.68 308.240
car -1 -1 0.00 0.00 0.00 100.00 100.00 -1000 1.73 4.83 -15.87 -1000 46.66 1.48 295.723
car -1 -1 0.00 0.00 0.00 100.00 100.00 -1000 2.25 8.64 2.53 -1000 23.95 1.88 281.644
car -1 -1 0.00 0.00 0.00 100.00 100.00 -1000 1.62 3.98 -9.73 -1000 41.59 0.24 280.691
car -1 -1 0.00 0.00 0.00 100.00 100.00 -1000 1.96 5.97 18.89 -1000 36.81 1.54 274.904
car -1 -1 0.00 0.00 0.00 100.00 100.00 -1000 2.05 6.20 3.28 -1000 34.65 1.66 272.450
car -1 -1 0.00 0.00 0.00 100.00 100.00 -1000 1.82 5.76 -17.98 -1000 47.18 1.39 267.934
car -1 -1 0.00 0.00 0.00 100.00 100.00 -1000 2.17 7.34 -13.07 -1000 19.85 1.83 265.879
car -1 -1 0.00 0.00 0.00 100.00 100.00 -1000 2.33 8.48 -5.96 -1000 32.47 1.59 251.584
car -1 -1 0.00 0.00 0.00 100.00 100.00 -1000 1.75 4.64 5.83 -1000 21.06 1.61 244.655
car -1 -1 0.00 0.00 0.00 100.00 100.00 -1000 2.16 7.30 -9.23 -1000 32.07 1.61 240.785
car -1 -1 0.00 0.00 0.00 100.00 100.00 -1000 1.88 6.56 -19.47 -1000 40.97 1.31 238.579
car -1 -1 0.00 0.00 0.00 100.00 100.00 -1000 2.04 7.69 -19.37 -1000 39.79 1.31 234.900
car -1 -1 0.00 0.00 0.00 100.00 100.00 -1000 1.86 5.70 14.00 -1000 18.87 1.55 231.758
car -1 -1 0.00 0.00 0.00 100.00 100.00 -1000 1.81 5.76 -19.66 -1000 31.04 1.40 227.922
car -1 -1 0.00 0.00 0.00 100.00 100.00 -1000 1.96 7.07 -19.30 -1000 38.20 1.32 225.683
car -1 -1 0.00 0.00 0.00 100.00 100.00 -1000 1.64 4.10 5.31 -1000 35.00 -0.05 221.165
car -1 -1 0.00 0.00 0.00 100.00 100.00 -1000 1.77 4.95 11.16 -1000 32.01 1.62 218.086
car -1 -1 0.00 0.00 0.00 100.00 100.00 -1000 2.81 12.48 -10.97 -1000 24.26 1.72 205.774
car -1 -1 0.00 0.00 0.00 100.00 100.00 -1000 2.29 7.80 -2.57 -1000 28.83 1.88 204.237
car -1 -1 0.00 0.00 0.00 100.00 100.00 -1000 2.16 7.34 -1.44 -1000 34.37 1.67 201.342
car -1 -1 0.00 0.00 0.00 100.00 100.00 -1000 1.67 4.52 13.93 -1000 17.14 1.69 198.783
car -1 -1 0.00 0.00 0.00 100.00 100.00 -1000 1.99 6.77 -15.62 -1000 22.96 1.54 195.141
car -1 -1 0.00 0.00 0.00 100.00 100.00 -1000 2.26 10.76 -6.11 -1000 45.63 1.63 190.902
car -1 -1 0.00 0.00 0.00 100.00 100.00 -1000 1.80 5.16 3.64 -1000 32.40 1.64 186.083
car -1 -1 0.00 0.00 0.00 100.00 100.00 -1000 1.67 4.61 0.63 -1000 38.55 0.10 183.177
car -1 -1 0.00 0.00 0.00 100.00 100.00 -1000 1.80 5.19 7.45 -1000 32.08 1.71 182.366
car -1 -1 0.00 0.00 0.00 100.00 100.00 -1000 2.35 8.14 -9.16 -1000 43.40 1.63 180.897
car -1 -1 0.00 0.00 0.00 100.00 100.00 -1000 1.66 4.34 -10.57 -1000 31.05 0.20 180.745
car -1 -1 0.00 0.00 0.00 100.00 100.00 -1000 2.00 7.59 -19.50 -1000 33.37 1.31 180.588
car -1 -1 0.00 0.00 0.00 100.00 100.00 -1000 1.84 6.42 -19.40 -1000 36.14 1.30 178.684
car -1 -1 0.00 0.00 0.00 100.00 100.00 -1000 1.63 4.21 7.60 -1000 31.29 -0.00 178.574
car -1 -1 0.00 0.00 0.00 100.00 100.00 -1000 1.61 4.13 -6.11 -1000 31.26 -0.04 177.296
car -1 -1 0.00 0.00 0.00 100.00 100.00 -1000 1.83 4.76 -8.90 -1000 40.88 -0.00 170.693
car -1 -1 0.00 0.00 0.00 100.00 100.00 -1000 2.83 12.83 -4.01 -1000 33.54 1.70 168.667
car -1 -1 0.00 0.00 0.00 100.00 100.00 -1000 2.07 6.45 17.81 -1000 35.55 1.65 167.570
car -1 -1 0.00 0.00 0.00 100.00 100.00 -1000 1.87 5.43 -16.11 -1000 20.13 1.60 165.542
car -1 -1 0.00 0.00 0.00 100.00 100.00 -1000 2.02 6.63 2.04 -1000 23.03 1.84 163.745
car -1 -1 0.00 0.00 0.00 100.00 100.00 -1000 1.58 3.93 13.13 -1000 30.17 -0.03 160.759
car -1 -1 0.00 0.00 0.00 100.00 100.00 -1000 2.20 7.14 -1.68 -1000 24.18 1.83 160.124
car -1 -1 0.00 0.00 0.00 100.00 100.00 -1000 1.74 4.98 -0.11 -1000 33.64 -0.02 156.325
car -1 -1 0.00 0.00 0.00 100.00 100.00 -1000 2.33 8.92 -4.55 -1000 42.80 1.61 155.697
car -1 -1 0.00 0.00 0.00 100.00 100.00 -1000 2.13 7.24 13.76 -1000 32.39 1.53 155.124
car -1 -1 0.00 0.00 0.00 100.00 100.00 -1000 2.01 6.57 5.62 -1000 36.41 1.59 152.177
car -1 -1 0.00 0.00 0.00 100.00 100.00 -1000 2.29 9.03 -3.00 -1000 32.07 1.67 151.059
car -1 -1 0.00 0.00 0.00 100.00 100.00 -1000 1.99 7.45 -19.44 -1000 34.99 1.32 150.013
car -1 -1 0.00 0.00 0.00 100.00 100.00 -1000 1.67 4.92 4.06 -1000 31.61 0.15 149.996
car -1 -1 0.00 0.00 0.00 100.00 100.00 -1000 1.81 5.69 -0.03 -1000 22.13 1.78 148.370
car -1 -1 0.00 0.00 0.00 100.00 100.00 -1000 1.79 5.11 -17.83 -1000 45.70 1.61 144.336
car -1 -1 0.00 0.00 0.00 100.00 100.00 -1000 1.82 5.77 5.95 -1000 27.30 1.64 139.942
car -1 -1 0.00 0.00 0.00 100.00 100.00 -1000 1.87 6.18 7.04 -1000 42.27 1.69 139.066
car -1 -1 0.00 0.00 0.00 100.00 100.00 -1000 1.74 4.74 1.82 -1000 39.28 1.56 138.270
car -1 -1 0.00 0.00 0.00 100.00 100.00 -1000 2.19 8.92 -19.16 -1000 42.97 1.38 138.136
car -1 -1 0.00 0.00 0.00 100.00 100.00 -1000 2.18 7.89 4.83 -1000 34.05 1.71 130.506
car -1 -1 0.00 0.00 0.00 100.00 100.00 -1000 2.26 8.35 -1.74 -1000 30.45 1.71 130.359
car -1 -1 0.00 0.00 0.00 100.00 100.00 -1000 1.80 5.39 3.34 -1000 39.87 1.52 127.076
car -1 -1 0.00 0.00 0.00 100.00 100.00 -1000 1.96 6.17 5.69 -1000 28.89 1.54 122.805
car -1 -1 0.00 0.00 0.00 100.00 100.00 -1000 2.17 7.59 -9.61 -1000 22.22 1.69 120.243
car -1 -1 0.00 0.00 0.00 100.00 100.00 -1000 2.49 10.34 -10.93 -1000 45.84 1.57 119.594
car -1 -1 0.00 0.00 0.00 100.00 100.00 -1000 1.68 4.52 4.68 -1000 30.43 -0.12 119.520
car -1 -1 0.00 0.00 0.00 100.00 100.00 -1000 1.56 3.78 -9.69 -1000 31.70 0.13 117.057
car -1 -1 0.00 0.00 0.00 100.00 100.00 -1000 2.03 6.75 12.31 -1000 45.47 1.52 115.661
car -1 -1 0.00 0.00 0.00 100.00 100.00 -1000 1.55 4.11 3.77 -1000 41.25 0.32 113.945
car -1 -1 0.00 0.00 0.00 100.00 100.00 -1000 1.57 3.96 -16.08 -1000 45.73 1.53 111.805
car -1 -1 0.00 0.00 0.00 100.00 100.00 -1000 2.42 11.02 -10.99 -1000 25.49 1.67 110.104
car -1 -1 0.00 0.00 0.00 100.00 100.00 -1000 2.17 7.70 14.49 -1000 37.34 1.51 108.561
car -1 -1 0.00 0.00 0.00 100.00 100.00 -1000 1.95 6.30 -13.89 -1000 31.09 1.62 107.991
car -1 -1 0.00 0.00 0.00 100.00 100.00 -1000 2.48 11.24 -2.08 -1000 34.94 1.62 107.981
car -1 -1 0.00 0.00 0.00 100.00 100.00 -1000 1.81 5.61 2.37 -1000 32.94 1.70 107.659
car -1 -1 0.00 0.00 0.00 100.00 100.00 -1000 2.00 6.85 14.12 -1000 36.12 1.63 105.932
car -1 -1 0.00 0.00 0.00 100.00 100.00 -1000 2.04 7.63 14.23 -1000 19.88 1.60 105.621
car -1 -1 0.00 0.00 0.00 100.00 100.00 -1000 1.86 6.25 11.34 -1000 30.78 1.65 104.326
car -1 -1 0.00 0.00 0.00 100.00 100.00 -1000 1.69 4.49 5.15 -1000 40.88 1.60 102.291
car -1 -1 0.00 0.00 0.00 100.00 100.00 -1000 2.24 9.17 -12.11 -1000 26.39 1.69 96.930
car -1 -1 0.00 0.00 0.00 100.00 100.00 -1000 1.89 5.99 6.78 -1000 20.37 1.59 95.445
car -1 -1 0.00 0.00 0.00 100.00 100.00 -1000 1.76 4.98 -14.21 -1000 18.95 1.81 95.163
car -1 -1 0.00 0.00 0.00 100.00 100.00 -1000 1.63 4.18 9.38 -1000 31.70 0.23 93.330
car -1 -1 0.00 0.00 0.00 100.00 100.00 -1000 2.06 7.51 14.17 -1000 34.49 1.47 93.035
car -1 -1 0.00 0.00 0.00 100.00 100.00 -1000 1.77 5.19 1.67 -1000 33.81 1.68 93.025
car -1 -1 0.00 0.00 0.00 100.00 100.00 -1000 2.00 6.85 7.99 -1000 35.79 1.58 92.109
car -1 -1 0.00 0.00 0.00 100.00 100.00 -1000 2.47 9.73 4.83 -1000 23.25 1.81 91.799
car -1 -1 0.00 0.00 0.00 100.00 100.00 -1000 2.29 8.53 18.31 -1000 37.67 1.46 91.391
car -1 -1 0.00 0.00 0.00 100.00 100.00 -1000 1.85 6.07 -19.40 -1000 32.06 1.37 91.279
car -1 -1 0.00 0.00 0.00 100.00 100.00 -1000 1.67 4.74 -19.18 -1000 45.18 1.50 90.374
car -1 -1 0.00 0.00 0.00 100.00 100.00 -1000 2.03 6.93 4.84 -1000 44.97 1.49 88.158
car -1 -1 0.00 0.00 0.00 100.00 100.00 -1000 1.99 6.27 -16.74 -1000 21.39 1.50 88.046
car -1 -1 0.00 0.00 0.00 100.00 100.00 -1000 1.69 4.79 -7.59 -1000 41.60 -0.06 82.571
car -1 -1 0.00 0.00 0.00 100.00 100.00 -1000 2.12 7.96 13.72 -1000 33.35 1.54 79.481
car -1 -1 0.00 0.00 0.00 100.00 100.00 -1000 2.22 8.36 5.18 -1000 43.46 1.59 77.601
car -1 -1 0.00 0.00 0.00 100.00 100.00 -1000 2.06 7.27 12.70 -1000 41.42 1.60 76.795
car -1 -1 0.00 0.00 0.00 100.00 100.00 -1000 2.02 7.08 9.59 -1000 32.54 1.59 76.716
car -1 -1 0.00 0.00 0.00 100.00 100.00 -1000 2.07 7.68 14.63 -1000 21.63 1.41 75.992
car -1 -1 0.00 0.00 0.00 100.00 100.00 -1000 2.09 7.47 11.68 -1000 40.59 1.55 74.559
car -1 -1 0.00 0.00 0.00 100.00 100.00 -1000 2.02 6.38 -12.41 -1000 18.53 1.82 74.541
car -1 -1 0.00 0.00 0.00 100.00 100.00 -1000 2.18 7.56 -5.60 -1000 41.81 1.77 74.220
car -1 -1 0.00 0.00 0.00 100.00 100.00 -1000 2.27 9.50 9.09 -1000 33.32 1.59 73.896
car -1 -1 0.00 0.00 0.00 100.00 100.00 -1000 1.98 6.40 7.59 -1000 34.69 1.65 72.170
car -1 -1 0.00 0.00 0.00 100.00 100.00 -1000 1.74 5.52 19.42 -1000 34.46 1.73 72.161
car -1 -1 0.00 0.00 0.00 100.00 100.00 -1000 2.41 8.60 -10.62 -1000 44.17 1.58 71.778
car -1 -1 0.00 0.00 0.00 100.00 100.00 -1000 1.98 6.65 -16.09 -1000 35.00 1.52 71.494
car -1 -1 0.00 0.00 0.00 100.00 100.00 -1000 2.02 6.98 -16.47 -1000 23.83 1.61 70.165
car -1 -1 0.00 0.00 0.00 100.00 100.00 -1000 1.91 6.27 16.27 -1000 30.56 1.56 70.093
car -1 -1 0.00 0.00 0.00 100.00 100.00 -1000 1.73 4.72 -6.52 -1000 32.01 0.16 67.857
car -1 -1 0.00 0.00 0.00 100.00 100.00 -1000 1.98 6.19 -17.20 -1000 22.30 1.51 67.672
car -1 -1 0.00 0.00 0.00 100.00 100.00 -1000 1.91 5.85 5.77 -1000 29.86 1.61 66.999
car -1 -1 0.00 0.00 0.00 100.00 100.00 -1000 2.05 8.29 -0.69 -1000 31.28 1.57 66.615
car -1 -1 0.00 0.00 0.00 100.00 100.00 -1000 1.80 6.04 2.78 -1000 37.73 1.67 66.604
car -1 -1 0.00 0.00 0.00 100.00 100.00 -1000 2.19 8.24 15.05 -1000 38.47 1.59 66.510
car -1 -1 0.00 0.00 0.00 100.00 100.00 -1000 1.81 6.05 -15.08 -1000 43.98 1.51 66.069
car -1 -1 0.00 0.00 0.00 100.00 100.00 -1000 2.37 11.37 -11.30 -1000 35.30 1.52 65.212
car -1 -1 0.00 0.00 0.00 100.00 100.00 -1000 1.70 4.78 -17.82 -1000 19.13 0.17 64.728
car -1 -1 0.00 0.00 0.00 100.00 100.00 -1000 2.28 8.72 -10.08 -1000 33.48 1.59 61.728
car -1 -1 0.00 0.00 0.00 100.00 100.00 -1000 2.12 7.50 -13.14 -1000 46.53 1.75 61.621
car -1 -1 0.00 0.00 0.00 100.00 100.00 -1000 2.21 9.03 14.40 -1000 26.83 1.51 60.679
car -1 -1 0.00 0.00 0.00 100.00 100.00 -1000 2.57 11.55 -9.35 -1000 34.44 1.65 60.292
car -1 -1 0.00 0.00 0.00 100.00 100.00 -1000 1.57 4.07 17.21 -1000 36.26 0.30 59.338
car -1 -1 0.00 0.00 0.00 100.00 100.00 -1000 1.98 6.27 1.06 -1000 40.01 1.56 59.266
car -1 -1 0.00 0.00 0.00 100.00 100.00 -1000 1.79 5.40 -9.43 -1000 21.43 0.04 59.140
car -1 -1 0.00 0.00 0.00 100.00 100.00 -1000 1.62 5.07 -14.66 -1000 17.70 1.60 57.084
car -1 -1 0.00 0.00 0.00 100.00 100.00 -1000 1.55 4.09 4.30 -1000 35.57 0.21 56.971
car -1 -1 0.00 0.00 0.00 100.00 100.00 -1000 2.23 8.91 11.65 -1000 36.63 1.59 56.690
car -1 -1 0.00 0.00 0.00 100.00 100.00 -1000 2.50 11.29 3.81 -1000 24.80 1.75 56.675
car -1 -1 0.00 0.00 0.00 100.00 100.00 -1000 2.00 7.32 13.81 -1000 28.94 1.63 56.313
car -1 -1 0.00 0.00 0.00 100.00 100.00 -1000 2.12 7.56 4.50 -1000 42.30 1.62 56.272
car -1 -1 0.00 0.00 0.00 100.00 100.00 -1000 1.80 5.92 12.70 -1000 17.60 1.57 55.648
car -1 -1 0.00 0.00 0.00 100.00 100.00 -1000 1.92 6.67 12.35 -1000 43.42 1.41 54.973
car -1 -1 0.00 0.00 0.00 100.00 100.00 -1000 2.22 8.93 14.26 -1000 22.77 1.54 54.707
car -1 -1 0.00 0.00 0.00 100.00 100.00 -1000 1.56 4.43 6.94 -1000 41.62 -0.14 54.203
car -1 -1 0.00 0.00 0.00 100.00 100.00 -1000 2.28 9.65 11.44 -1000 34.97 1.57 53.084
car -1 -1 0.00 0.00 0.00 100.00 100.00 -1000 1.96 7.00 8.89 -1000 30.77 1.59 52.736
car -1 -1 0.00 0.00 0.00 100.00 100.00 -1000 2.29 8.11 16.40 -1000 36.55 1.60 52.491
car -1 -1 0.00 0.00 0.00 100.00 100.00 -1000 2.16 8.71 14.24 -1000 46.24 1.71 51.933
car -1 -1 0.00 0.00 0.00 100.00 100.00 -1000 1.61 4.38 13.30 -1000 36.74 -0.27 51.855
car -1 -1 0.00 0.00 0.00 100.00 100.00 -1000 2.41 9.91 18.30 -1000 39.80 1.44 51.291
