car -1 -1 0.00 0.00 0.00 100.00 100.00 -1000 1.69 4.37 -4.65 -1000 11.52 0.12 999.349
car -1 -1 0.00 0.00 0.00 100.00 100.00 -1000 1.79 4.40 0.10 -1000 24.42 1.65 999.213
car -1 -1 0.00 0.00 0.00 100.00 100.00 -1000 1.70 4.47 -3.92 -1000 12.26 1.66 997.481
car -1 -1 0.00 0.00 0.00 100.00 100.00 -1000 1.74 4.33 9.66 -1000 13.51 1.67 996.119
car -1 -1 0.00 0.00 0.00 100.00 100.00 -1000 1.68 3.99 2.93 -1000 38.75 1.61 995.076
car -1 -1 0.00 0.00 0.00 100.00 100.00 -1000 2.12 6.50 -4.35 -1000 12.93 2.06 986.645
car -1 -1 0.00 0.00 0.00 100.00 100.00 -1000 1.66 4.13 -0.52 -1000 23.58 -0.13 984.128
car -1 -1 0.00 0.00 0.00 100.00 100.00 -1000 1.67 4.09 -3.80 -1000 22.52 1.65 974.873
car -1 -1 0.00 0.00 0.00 100.00 100.00 -1000 1.62 4.06 -3.73 -1000 36.22 1.65 966.079
car -1 -1 0.00 0.00 0.00 100.00 100.00 -1000 1.63 3.98 9.40 -1000 12.70 -0.03 955.133
car -1 -1 0.00 0.00 0.00 100.00 100.00 -1000 2.07 6.42 0.81 -1000 25.09 1.64 932.671
car -1 -1 0.00 0.00 0.00 100.00 100.00 -1000 1.61 3.40 -8.68 -1000 15.62 -0.26 928.252
car -1 -1 0.00 0.00 0.00 100.00 100.00 -1000 1.54 3.78 -4.34 -1000 21.66 -0.15 910.772
car -1 -1 0.00 0.00 0.00 100.00 100.00 -1000 1.69 4.48 -8.63 -1000 16.33 1.65 889.880
car -1 -1 0.00 0.00 0.00 100.00 100.00 -1000 2.12 6.44 3.27 -1000 39.98 1.57 881.093
car -1 -1 0.00 0.00 0.00 100.00 100.00 -1000 1.73 4.52 -4.31 -1000 14.51 -0.04 875.324
car -1 -1 0.00 0.00 0.00 100.00 100.00 -1000 2.15 6.25 -3.78 -1000 13.83 1.58 851.252
car -1 -1 0.00 0.00 0.00 100.00 100.00 -1000 2.78 13.29 10.10 -1000 40.85 1.76 850.462
car -1 -1 0.00 0.00 0.00 100.00 100.00 -1000 1.61 3.88 -3.27 -1000 42.98 1.79 840.426
car -1 -1 0.00 0.00 0.00 100.00 100.00 -1000 1.66 4.25 -1.93 -1000 24.11 1.65 829.573
car -1 -1 0.00 0.00 0.00 100.00 100.00 -1000 2.56 9.58 5.15 -1000 40.78 1.69 811.833
car -1 -1 0.00 0.00 0.00 100.00 100.00 -1000 1.68 4.24 -3.64 -1000 23.77 1.71 806.688
car -1 -1 0.00 0.00 0.00 100.00 100.00 -1000 2.88 11.75 13.31 -1000 40.06 1.69 775.033
car -1 -1 0.00 0.00 0.00 100.00 100.00 -1000 1.67 4.24 -0.31 -1000 36.49 -0.38 764.100
car -1 -1 0.00 0.00 0.00 100.00 100.00 -1000 2.72 10.84 3.81 -1000 41.68 1.67 757.559
car -1 -1 0.00 0.00 0.00 100.00 100.00 -1000 1.60 3.79 -5.61 -1000 8.98 1.61 748.237
car -1 -1 0.00 0.00 0.00 100.00 100.00 -1000 1.68 4.30 3.39 -1000 37.93 -0.02 745.368
car -1 -1 0.00 0.00 0.00 100.00 100.00 -1000 1.82 4.95 -2.30 -1000 43.75 1.59 731.066
car -1 -1 0.00 0.00 0.00 100.00 100.00 -1000 2.60 9.81 9.12 -1000 41.79 1.72 682.831
car -1 -1 0.00 0.00 0.00 100.00 100.00 -1000 1.51 3.77 -4.27 -1000 35.56 0.11 678.650
car -1 -1 0.00 0.00 0.00 100.00 100.00 -1000 1.76 4.95 -3.43 -1000 36.95 1.68 670.913
car -1 -1 0.00 0.00 0.00 100.00 100.00 -1000 2.01 6.12 4.49 -1000 39.23 1.70 643.006
car -1 -1 0.00 0.00 0.00 100.00 100.00 -1000 1.53 3.83 -5.57 -1000 12.04 0.29 587.066
car -1 -1 0.00 0.00 0.00 100.00 100.00 -1000 1.67 4.12 -3.93 -1000 42.34 -0.15 583.948
car -1 -1 0.00 0.00 0.00 100.00 100.00 -1000 1.70 4.57 -2.11 -1000 36.46 1.71 580.095
car -1 -1 0.00 0.00 0.00 100.00 100.00 -1000 1.55 3.73 -3.38 -1000 7.76 1.60 573.945
car -1 -1 0.00 0.00 0.00 100.00 100.00 -1000 1.64 4.23 -1.72 -1000 23.21 -0.33 562.053
car -1 -1 0.00 0.00 0.00 100.00 100.00 -1000 1.91 5.57 -1.33 -1000 24.92 1.58 560.682
car -1 -1 0.00 0.00 0.00 100.00 100.00 -1000 1.76 4.64 -5.27 -1000 10.82 -0.42 533.895
car -1 -1 0.00 0.00 0.00 100.00 100.00 -1000 2.47 9.21 1.16 -1000 25.81 1.70 511.414
car -1 -1 0.00 0.00 0.00 100.00 100.00 -1000 1.60 4.01 -5.87 -1000 15.30 0.04 508.433
car -1 -1 0.00 0.00 0.00 100.00 100.00 -1000 2.22 7.32 -1.04 -1000 26.37 1.56 499.613
car -1 -1 0.00 0.00 0.00 100.00 100.00 -1000 1.80 4.91 6.63 -1000 38.49 1.64 491.967
car -1 -1 0.00 0.00 0.00 100.00 100.00 -1000 2.22 7.44 -4.01 -1000 14.97 1.52 481.080
car -1 -1 0.00 0.00 0.00 100.00 100.00 -1000 2.18 7.59 -3.36 -1000 24.58 1.82 455.983
car -1 -1 0.00 0.00 0.00 100.00 100.00 -1000 1.55 3.95 -6.26 -1000 9.80 -0.10 447.605
car -1 -1 0.00 0.00 0.00 100.00 100.00 -1000 1.96 5.86 9.84 -1000 14.18 1.66 437.276
car -1 -1 0.00 0.00 0.00 100.00 100.00 -1000 1.66 4.54 4.59 -1000 38.33 1.64 419.733
car -1 -1 0.00 0.00 0.00 100.00 100.00 -1000 1.59 4.17 -7.56 -1000 15.06 -0.13 401.706
car -1 -1 0.00 0.00 0.00 100.00 100.00 -1000 2.35 7.96 6.78 -1000 40.03 1.61 389.340
car -1 -1 0.00 0.00 0.00 100.00 100.00 -1000 2.26 7.93 2.85 -1000 24.73 1.85 387.791
car -1 -1 0.00 0.00 0.00 100.00 100.00 -1000 1.77 4.85 -7.06 -1000 16.01 1.71 381.411
car -1 -1 0.00 0.00 0.00 100.00 100.00 -1000 1.76 4.54 7.58 -1000 37.85 1.58 379.710
car -1 -1 0.00 0.00 0.00 100.00 100.00 -1000 1.58 4.45 1.67 -1000 38.35 0.02 369.023
car -1 -1 0.00 0.00 0.00 100.00 100.00 -1000 1.73 4.70 16.90 -1000 36.08 1.77 342.276
car -1 -1 0.00 0.00 0.00 100.00 100.00 -1000 1.88 5.60 -8.62 -1000 17.07 1.58 341.708
car -1 -1 0.00 0.00 0.00 100.00 100.00 -1000 2.26 8.28 4.48 -1000 42.80 1.59 314.504
car -1 -1 0.00 0.00 0.00 100.00 100.00 -1000 1.57 4.07 -5.45 -1000 8.08 -0.02 298.737
car -1 -1 0.00 0.00 0.00 100.00 100.00 -1000 1.73 4.69 10.97 -1000 12.97 1.83 283.877
car -1 -1 0.00 0.00 0.00 100.00 100.00 -1000 1.76 5.23 -4.32 -1000 20.75 1.89 264.242
car -1 -1 0.00 0.00 0.00 100.00 100.00 -1000 2.03 6.10 -5.03 -1000 15.84 1.61 258.766
car -1 -1 0.00 0.00 0.00 100.00 100.00 -1000 1.85 5.23 9.51 -1000 36.81 0.11 254.565
car -1 -1 0.00 0.00 0.00 100.00 100.00 -1000 1.90 5.81 -0.58 -1000 35.54 1.84 253.413
car -1 -1 0.00 0.00 0.00 100.00 100.00 -1000 1.79 5.06 13.73 -1000 35.69 0.10 251.020
car -1 -1 0.00 0.00 0.00 100.00 100.00 -1000 1.93 5.86 0.42 -1000 37.72 1.71 246.700
car -1 -1 0.00 0.00 0.00 100.00 100.00 -1000 1.88 5.55 1.15 -1000 23.88 1.85 232.545
car -1 -1 0.00 0.00 0.00 100.00 100.00 -1000 1.95 5.98 -1.18 -1000 42.29 1.70 229.619
car -1 -1 0.00 0.00 0.00 100.00 100.00 -1000 2.01 6.36 18.44 -1000 36.62 1.66 220.825
car -1 -1 0.00 0.00 0.00 100.00 100.00 -1000 2.40 11.21 13.94 -1000 41.38 1.55 215.106
car -1 -1 0.00 0.00 0.00 100.00 100.00 -1000 1.86 5.10 1.82 -1000 45.06 1.58 211.101
car -1 -1 0.00 0.00 0.00 100.00 100.00 -1000 2.26 8.13 -3.18 -1000 37.62 1.56 209.185
car -1 -1 0.00 0.00 0.00 100.00 100.00 -1000 2.17 7.51 7.28 -1000 39.03 1.63 207.758
car -1 -1 0.00 0.00 0.00 100.00 100.00 -1000 2.62 10.89 14.06 -1000 15.36 1.64 194.718
car -1 -1 0.00 0.00 0.00 100.00 100.00 -1000 2.11 6.78 1.81 -1000 42.46 1.56 194.418
car -1 -1 0.00 0.00 0.00 100.00 100.00 -1000 2.03 6.83 -2.68 -1000 44.48 1.48 185.839
car -1 -1 0.00 0.00 0.00 100.00 100.00 -1000 1.81 5.05 3.96 -1000 37.05 -0.23 184.909
car -1 -1 0.00 0.00 0.00 100.00 100.00 -1000 1.64 4.25 10.26 -1000 12.10 1.80 182.607
car -1 -1 0.00 0.00 0.00 100.00 100.00 -1000 1.81 5.18 15.73 -1000 35.59 0.09 182.557
car -1 -1 0.00 0.00 0.00 100.00 100.00 -1000 1.70 4.37 -3.10 -1000 3.94 -0.08 181.543
car -1 -1 0.00 0.00 0.00 100.00 100.00 -1000 1.79 5.13 0.63 -1000 22.96 1.76 169.602
car -1 -1 0.00 0.00 0.00 100.00 100.00 -1000 2.78 12.80 0.50 -1000 26.89 1.68 165.963
car -1 -1 0.00 0.00 0.00 100.00 100.00 -1000 2.19 7.99 9.99 -1000 14.91 1.59 165.343
car -1 -1 0.00 0.00 0.00 100.00 100.00 -1000 1.88 5.69 5.93 -1000 37.43 0.08 162.456
car -1 -1 0.00 0.00 0.00 100.00 100.00 -1000 1.85 5.67 -4.56 -1000 9.94 1.82 159.852
car -1 -1 0.00 0.00 0.00 100.00 100.00 -1000 2.46 11.65 2.70 -1000 28.05 1.72 158.094
car -1 -1 0.00 0.00 0.00 100.00 100.00 -1000 2.11 7.54 10.92 -1000 42.78 1.61 156.809
car -1 -1 0.00 0.00 0.00 100.00 100.00 -1000 2.21 7.58 -0.87 -1000 39.02 1.69 153.518
car -1 -1 0.00 0.00 0.00 100.00 100.00 -1000 1.92 5.67 11.17 -1000 36.44 0.07 152.649
car -1 -1 0.00 0.00 0.00 100.00 100.00 -1000 2.19 7.37 11.79 -1000 13.72 1.74 147.290
car -1 -1 0.00 0.00 0.00 100.00 100.00 -1000 2.11 6.94 -3.49 -1000 23.33 1.57 143.022
car -1 -1 0.00 0.00 0.00 100.00 100.00 -1000 2.77 14.39 12.47 -1000 16.30 1.60 142.238
car -1 -1 0.00 0.00 0.00 100.00 100.00 -1000 1.98 6.36 14.58 -1000 36.83 1.65 140.601
car -1 -1 0.00 0.00 0.00 100.00 100.00 -1000 1.58 4.32 1.98 -1000 39.34 0.39 138.509
car -1 -1 0.00 0.00 0.00 100.00 100.00 -1000 1.92 5.84 10.34 -1000 37.74 1.66 136.403
car -1 -1 0.00 0.00 0.00 100.00 100.00 -1000 2.03 7.11 3.08 -1000 5.44 1.67 136.088
car -1 -1 0.00 0.00 0.00 100.00 100.00 -1000 2.35 9.84 4.60 -1000 26.65 1.75 135.918
car -1 -1 0.00 0.00 0.00 100.00 100.00 -1000 1.50 3.84 -5.09 -1000 22.24 0.31 133.874
car -1 -1 0.00 0.00 0.00 100.00 100.00 -1000 1.67 4.59 -3.95 -1000 8.41 1.55 133.207
car -1 -1 0.00 0.00 0.00 100.00 100.00 -1000 2.06 7.08 -6.82 -1000 14.21 1.70 122.778
car -1 -1 0.00 0.00 0.00 100.00 100.00 -1000 2.95 12.04 2.34 -1000 40.32 1.66 119.405
car -1 -1 0.00 0.00 0.00 100.00 100.00 -1000 1.93 6.12 -4.64 -1000 41.62 1.68 117.157
car -1 -1 0.00 0.00 0.00 100.00 100.00 -1000 2.11 7.42 9.16 -1000 38.38 1.59 117.057
car -1 -1 0.00 0.00 0.00 100.00 100.00 -1000 1.97 6.19 -2.05 -1000 41.54 1.72 116.408
car -1 -1 0.00 0.00 0.00 100.00 100.00 -1000 2.49 11.81 17.34 -1000 39.21 1.47 115.940
car -1 -1 0.00 0.00 0.00 100.00 100.00 -1000 1.86 5.57 -4.42 -1000 34.43 1.60 115.881
car -1 -1 0.00 0.00 0.00 100.00 100.00 -1000 1.65 4.46 -4.64 -1000 7.15 1.64 114.566
car -1 -1 0.00 0.00 0.00 100.00 100.00 -1000 3.85 12.22 -3.06 -1000 13.20 1.79 105.117
car -1 -1 0.00 0.00 0.00 100.00 100.00 -1000 1.84 5.32 -4.08 -1000 33.55 1.56 103.932
car -1 -1 0.00 0.00 0.00 100.00 100.00 -1000 2.18 7.50 3.62 -1000 23.82 1.86 100.844
car -1 -1 0.00 0.00 0.00 100.00 100.00 -1000 1.67 4.80 -6.46 -1000 11.44 0.09 100.623
car -1 -1 0.00 0.00 0.00 100.00 100.00 -1000 2.39 9.33 -1.75 -1000 27.57 1.60 99.126
car -1 -1 0.00 0.00 0.00 100.00 100.00 -1000 2.11 7.99 6.90 -1000 44.72 1.45 98.917
car -1 -1 0.00 0.00 0.00 100.00 100.00 -1000 2.02 7.44 12.43 -1000 37.39 1.60 98.858
car -1 -1 0.00 0.00 0.00 100.00 100.00 -1000 1.68 4.79 -9.06 -1000 14.75 1.60 96.626
car -1 -1 0.00 0.00 0.00 100.00 100.00 -1000 1.54 4.03 -7.69 -1000 9.42 0.19 95.140
car -1 -1 0.00 0.00 0.00 100.00 100.00 -1000 2.00 5.66 -2.76 -1000 21.91 1.82 94.919
car -1 -1 0.00 0.00 0.00 100.00 100.00 -1000 2.13 8.64 5.43 -1000 25.74 1.74 94.152
car -1 -1 0.00 0.00 0.00 100.00 100.00 -1000 2.02 8.90 3.84 -1000 28.82 1.64 93.236
car -1 -1 0.00 0.00 0.00 100.00 100.00 -1000 2.19 7.34 -5.75 -1000 16.71 1.60 87.858
car -1 -1 0.00 0.00 0.00 100.00 100.00 -1000 2.39 9.77 -6.02 -1000 18.42 1.47 84.299
car -1 -1 0.00 0.00 0.00 100.00 100.00 -1000 1.92 5.87 18.57 -1000 35.63 1.73 83.227
car -1 -1 0.00 0.00 0.00 100.00 100.00 -1000 2.47 9.35 17.96 -1000 37.32 1.74 82.762
car -1 -1 0.00 0.00 0.00 100.00 100.00 -1000 2.36 8.55 -6.24 -1000 11.59 1.59 82.105
car -1 -1 0.00 0.00 0.00 100.00 100.00 -1000 1.72 4.69 2.27 -1000 4.85 -0.11 79.666
car -1 -1 0.00 0.00 0.00 100.00 100.00 -1000 2.20 7.20 13.23 -1000 12.74 1.74 68.698
car -1 -1 0.00 0.00 0.00 100.00 100.00 -1000 1.62 4.38 -6.99 -1000 10.59 0.22 67.895
car -1 -1 0.00 0.00 0.00 100.00 100.00 -1000 1.96 6.96 -15.78 -1000 22.98 1.63 66.183
car -1 -1 0.00 0.00 0.00 100.00 100.00 -1000 2.20 7.32 -0.40 -1000 43.18 1.70 66.033
car -1 -1 0.00 0.00 0.00 100.00 100.00 -1000 2.08 7.24 0.57 -1000 44.36 1.53 65.568
car -1 -1 0.00 0.00 0.00 100.00 100.00 -1000 1.53 4.32 -5.33 -1000 35.96 0.34 65.461
car -1 -1 0.00 0.00 0.00 100.00 100.00 -1000 1.63 4.21 -3.77 -1000 25.15 -0.03 65.361
car -1 -1 0.00 0.00 0.00 100.00 100.00 -1000 1.70 4.44 2.32 -1000 41.01 0.02 64.051
car -1 -1 0.00 0.00 0.00 100.00 100.00 -1000 1.58 4.02 -10.24 -1000 15.93 0.14 61.628
car -1 -1 0.00 0.00 0.00 100.00 100.00 -1000 1.53 4.00 -7.21 -1000 8.67 0.06 60.372
car -1 -1 0.00 0.00 0.00 100.00 100.00 -1000 1.78 5.43 -2.49 -1000 4.64 1.54 59.613
car -1 -1 0.00 0.00 0.00 100.00 100.00 -1000 2.19 9.03 14.78 -1000 14.34 1.64 59.351
car -1 -1 0.00 0.00 0.00 100.00 100.00 -1000 2.64 12.30 10.87 -1000 44.29 1.52 59.237
car -1 -1 0.00 0.00 0.00 100.00 100.00 -1000 1.63 4.38 1.77 -1000 41.73 0.43 57.866
car -1 -1 0.00 0.00 0.00 100.00 100.00 -1000 1.85 5.68 -4.65 -1000 32.49 -0.09 56.369
car -1 -1 0.00 0.00 0.00 100.00 100.00 -1000 2.69 12.10 10.10 -1000 15.53 1.57 56.118
car -1 -1 0.00 0.00 0.00 100.00 100.00 -1000 1.79 5.90 -12.29 -1000 19.13 1.53 55.398
car -1 -1 0.00 0.00 0.00 100.00 100.00 -1000 1.66 4.51 7.97 -1000 13.25 0.08 55.141
car -1 -1 0.00 0.00 0.00 100.00 100.00 -1000 1.67 4.08 -3.46 -1000 15.39 -0.44 53.083
car -1 -1 0.00 0.00 0.00 100.00 100.00 -1000 2.25 7.79 1.61 -1000 45.64 1.51 51.967
car -1 -1 0.00 0.00 0.00 100.00 100.00 -1000 2.17 8.44 -8.47 -1000 17.83 1.53 51.750
car -1 -1 0.00 0.00 0.00 100.00 100.00 -1000 1.78 5.84 -13.30 -1000 20.89 1.56 51.555
car -1 -1 0.00 0.00 0.00 100.00 100.00 -1000 1.81 6.05 1.80 -1000 30.54 1.70 51.340
car -1 -1 0.00 0.00 0.00 100.00 100.00 -1000 2.27 8.39 3.98 -1000 44.39 1.61 51.091
car -1 -1 0.00 0.00 0.00 100.00 100.00 -1000 1.93 6.58 -17.83 -1000 27.27 1.38 50.224
