car -1 -1 0.00 0.00 0.00 100.00 100.00 -1000 1.74 4.43 -5.69 -1000 43.53 1.62 998.204
car -1 -1 0.00 0.00 0.00 100.00 100.00 -1000 1.71 4.45 -12.59 -1000 16.90 1.63 996.280
car -1 -1 0.00 0.00 0.00 100.00 100.00 -1000 1.70 4.33 -5.27 -1000 15.62 1.67 995.867
car -1 -1 0.00 0.00 0.00 100.00 100.00 -1000 1.61 3.86 -5.94 -1000 34.05 1.62 988.303
car -1 -1 0.00 0.00 0.00 100.00 100.00 -1000 1.63 3.79 12.20 -1000 34.79 1.69 982.305
car -1 -1 0.00 0.00 0.00 100.00 100.00 -1000 1.67 4.02 13.23 -1000 19.47 -0.25 977.763
car -1 -1 0.00 0.00 0.00 100.00 100.00 -1000 1.76 4.67 -6.48 -1000 44.15 1.70 965.491
car -1 -1 0.00 0.00 0.00 100.00 100.00 -1000 1.66 4.02 11.47 -1000 39.49 1.69 951.567
car -1 -1 0.00 0.00 0.00 100.00 100.00 -1000 2.02 6.09 -12.88 -1000 17.74 1.74 947.880
car -1 -1 0.00 0.00 0.00 100.00 100.00 -1000 1.59 3.72 11.74 -1000 30.31 1.67 945.766
car -1 -1 0.00 0.00 0.00 100.00 100.00 -1000 1.70 4.40 -6.01 -1000 14.71 -0.14 935.398
car -1 -1 0.00 0.00 0.00 100.00 100.00 -1000 1.65 4.07 -13.15 -1000 16.12 -0.10 932.971
car -1 -1 0.00 0.00 0.00 100.00 100.00 -1000 1.80 4.84 -5.73 -1000 34.78 1.61 926.680
car -1 -1 0.00 0.00 0.00 100.00 100.00 -1000 1.93 5.89 -5.16 -1000 16.33 1.66 926.411
car -1 -1 0.00 0.00 0.00 100.00 100.00 -1000 1.57 3.50 -6.85 -1000 43.09 1.56 921.299
car -1 -1 0.00 0.00 0.00 100.00 100.00 -1000 1.86 5.27 12.17 -1000 35.59 1.66 876.803
car -1 -1 0.00 0.00 0.00 100.00 100.00 -1000 1.72 4.28 12.87 -1000 20.33 1.67 864.408
car -1 -1 0.00 0.00 0.00 100.00 100.00 -1000 1.64 4.08 -6.12 -1000 42.49 0.02 849.257
car -1 -1 0.00 0.00 0.00 100.00 100.00 -1000 1.70 4.58 -4.77 -1000 21.53 1.58 842.152
car -1 -1 0.00 0.00 0.00 100.00 100.00 -1000 1.89 5.84 -4.18 -1000 43.86 1.89 829.540
car -1 -1 0.00 0.00 0.00 100.00 100.00 -1000 1.70 4.36 3.30 -1000 35.16 1.68 788.729
car -1 -1 0.00 0.00 0.00 100.00 100.00 -1000 1.54 3.58 10.77 -1000 38.84 0.05 783.477
car -1 -1 0.00 0.00 0.00 100.00 100.00 -1000 2.24 8.44 -4.80 -1000 44.52 1.74 735.786
car -1 -1 0.00 0.00 0.00 100.00 100.00 -1000 2.80 12.23 -10.04 -1000 18.84 1.77 721.075
car -1 -1 0.00 0.00 0.00 100.00 100.00 -1000 1.69 4.42 3.12 -1000 16.83 1.63 649.744
car -1 -1 0.00 0.00 0.00 100.00 100.00 -1000 1.55 3.88 -6.61 -1000 33.24 0.01 590.500
car -1 -1 0.00 0.00 0.00 100.00 100.00 -1000 1.63 3.99 14.55 -1000 26.92 -0.04 580.151
car -1 -1 0.00 0.00 0.00 100.00 100.00 -1000 1.80 4.85 12.07 -1000 47.59 1.65 578.739
car -1 -1 0.00 0.00 0.00 100.00 100.00 -1000 3.17 16.55 -3.08 -1000 24.89 1.75 576.537
car -1 -1 0.00 0.00 0.00 100.00 100.00 -1000 1.56 3.92 11.24 -1000 34.31 0.02 518.535
car -1 -1 0.00 0.00 0.00 100.00 100.00 -1000 2.21 7.22 -6.19 -1000 46.19 1.68 496.962
car -1 -1 0.00 0.00 0.00 100.00 100.00 -1000 1.78 4.88 12.07 -1000 38.38 1.71 467.011
car -1 -1 0.00 0.00 0.00 100.00 100.00 -1000 1.68 4.43 14.44 -1000 20.09 -0.30 463.860
car -1 -1 0.00 0.00 0.00 100.00 100.00 -1000 1.88 5.53 11.40 -1000 40.15 1.65 454.585
car -1 -1 0.00 0.00 0.00 100.00 100.00 -1000 1.94 5.60 10.94 -1000 32.50 1.59 453.898
car -1 -1 0.00 0.00 0.00 100.00 100.00 -1000 2.49 9.33 0.31 -1000 23.56 1.80 450.776
car -1 -1 0.00 0.00 0.00 100.00 100.00 -1000 1.86 5.28 11.99 -1000 31.78 1.61 448.144
car -1 -1 0.00 0.00 0.00 100.00 100.00 -1000 1.65 4.23 10.81 -1000 47.20 1.51 438.296
car -1 -1 0.00 0.00 0.00 100.00 100.00 -1000 1.84 5.45 11.25 -1000 30.92 1.61 438.067
car -1 -1 0.00 0.00 0.00 100.00 100.00 -1000 1.91 4.80 -3.98 -1000 14.67 1.81 425.067
car -1 -1 0.00 0.00 0.00 100.00 100.00 -1000 2.48 9.00 -7.01 -1000 19.28 1.70 398.605
car -1 -1 0.00 0.00 0.00 100.00 100.00 -1000 2.42 8.56 -4.27 -1000 17.13 1.67 388.970
car -1 -1 0.00 0.00 0.00 100.00 100.00 -1000 1.72 4.42 11.46 -1000 29.49 -0.30 369.271
car -1 -1 0.00 0.00 0.00 100.00 100.00 -1000 2.43 9.47 -4.11 -1000 45.47 1.79 353.650
car -1 -1 0.00 0.00 0.00 100.00 100.00 -1000 1.63 4.44 11.45 -1000 33.50 -0.43 336.179
car -1 -1 0.00 0.00 0.00 100.00 100.00 -1000 2.26 8.04 -9.55 -1000 17.05 1.92 289.759
car -1 -1 0.00 0.00 0.00 100.00 100.00 -1000 1.74 4.78 13.28 -1000 18.16 1.75 287.678
car -1 -1 0.00 0.00 0.00 100.00 100.00 -1000 1.97 5.87 -4.76 -1000 22.38 1.68 285.509
car -1 -1 0.00 0.00 0.00 100.00 100.00 -1000 1.77 5.12 12.90 -1000 28.74 1.56 264.565
car -1 -1 0.00 0.00 0.00 100.00 100.00 -1000 1.74 4.70 15.06 -1000 19.07 -0.47 259.857
car -1 -1 0.00 0.00 0.00 100.00 100.00 -1000 1.69 4.63 -4.94 -1000 20.66 -0.08 256.619
car -1 -1 0.00 0.00 0.00 100.00 100.00 -1000 1.80 5.12 3.17 -1000 40.67 1.53 250.393
car -1 -1 0.00 0.00 0.00 100.00 100.00 -1000 2.72 12.05 16.11 -1000 32.25 1.66 245.191
car -1 -1 0.00 0.00 0.00 100.00 100.00 -1000 2.22 7.54 -4.62 -1000 23.87 1.54 242.609
car -1 -1 0.00 0.00 0.00 100.00 100.00 -1000 1.92 5.89 10.99 -1000 37.50 1.59 239.630
car -1 -1 0.00 0.00 0.00 100.00 100.00 -1000 1.61 4.11 2.69 -1000 34.35 -0.02 238.458
car -1 -1 0.00 0.00 0.00 100.00 100.00 -1000 1.63 4.45 -4.69 -1000 42.87 0.04 236.525
car -1 -1 0.00 0.00 0.00 100.00 100.00 -1000 1.72 4.62 2.31 -1000 15.97 -0.05 228.047
car -1 -1 0.00 0.00 0.00 100.00 100.00 -1000 1.73 4.60 -4.96 -1000 41.75 1.68 221.123
car -1 -1 0.00 0.00 0.00 100.00 100.00 -1000 1.56 4.61 12.55 -1000 26.59 -0.27 217.098
car -1 -1 0.00 0.00 0.00 100.00 100.00 -1000 2.76 11.44 -6.84 -1000 18.02 1.77 215.501
car -1 -1 0.00 0.00 0.00 100.00 100.00 -1000 2.71 8.02 -2.73 -1000 15.85 1.97 211.315
car -1 -1 0.00 0.00 0.00 100.00 100.00 -1000 2.47 9.88 12.59 -1000 36.46 1.71 210.922
car -1 -1 0.00 0.00 0.00 100.00 100.00 -1000 1.95 6.25 14.18 -1000 28.19 1.51 210.371
car -1 -1 0.00 0.00 0.00 100.00 100.00 -1000 1.69 4.70 -5.01 -1000 14.11 1.88 209.193
car -1 -1 0.00 0.00 0.00 100.00 100.00 -1000 2.82 14.01 -0.36 -1000 19.33 1.79 207.150
car -1 -1 0.00 0.00 0.00 100.00 100.00 -1000 2.03 6.53 13.38 -1000 20.92 1.58 202.550
car -1 -1 0.00 0.00 0.00 100.00 100.00 -1000 1.68 4.51 3.87 -1000 39.63 1.54 201.300
car -1 -1 0.00 0.00 0.00 100.00 100.00 -1000 1.99 6.14 -8.53 -1000 20.53 1.68 196.632
car -1 -1 0.00 0.00 0.00 100.00 100.00 -1000 2.31 8.50 -13.22 -1000 18.69 1.59 195.793
car -1 -1 0.00 0.00 0.00 100.00 100.00 -1000 1.90 5.88 8.41 -1000 32.60 1.63 189.448
car -1 -1 0.00 0.00 0.00 100.00 100.00 -1000 1.55 3.91 -7.10 -1000 44.94 0.38 187.539
car -1 -1 0.00 0.00 0.00 100.00 100.00 -1000 2.14 7.40 4.00 -1000 17.44 1.74 185.244
car -1 -1 0.00 0.00 0.00 100.00 100.00 -1000 2.53 9.27 -4.74 -1000 24.79 1.60 185.148
car -1 -1 0.00 0.00 0.00 100.00 100.00 -1000 2.02 6.98 -1.98 -1000 44.47 1.69 184.965
car -1 -1 0.00 0.00 0.00 100.00 100.00 -1000 2.05 6.50 -5.63 -1000 35.56 1.57 184.570
car -1 -1 0.00 0.00 0.00 100.00 100.00 -1000 2.16 7.12 -2.94 -1000 21.93 1.85 182.880
car -1 -1 0.00 0.00 0.00 100.00 100.00 -1000 1.66 4.70 13.70 -1000 16.82 1.59 177.048
car -1 -1 0.00 0.00 0.00 100.00 100.00 -1000 2.56 10.76 -4.65 -1000 47.02 1.58 176.725
car -1 -1 0.00 0.00 0.00 100.00 100.00 -1000 1.98 6.55 3.22 -1000 35.73 1.65 174.327
car -1 -1 0.00 0.00 0.00 100.00 100.00 -1000 1.95 5.48 -11.27 -1000 16.25 1.89 165.997
car -1 -1 0.00 0.00 0.00 100.00 100.00 -1000 2.16 7.35 -10.12 -1000 19.97 1.62 160.026
car -1 -1 0.00 0.00 0.00 100.00 100.00 -1000 1.60 3.85 11.85 -1000 19.76 -0.02 158.243
car -1 -1 0.00 0.00 0.00 100.00 100.00 -1000 2.01 6.80 13.33 -1000 37.76 1.67 152.452
car -1 -1 0.00 0.00 0.00 100.00 100.00 -1000 2.00 6.27 -14.01 -1000 19.83 1.64 150.213
car -1 -1 0.00 0.00 0.00 100.00 100.00 -1000 1.91 6.32 10.02 -1000 28.79 1.57 147.838
car -1 -1 0.00 0.00 0.00 100.00 100.00 -1000 1.86 5.45 -7.04 -1000 20.96 -0.01 147.303
car -1 -1 0.00 0.00 0.00 100.00 100.00 -1000 1.84 5.54 -3.41 -1000 39.16 1.60 147.140
car -1 -1 0.00 0.00 0.00 100.00 100.00 -1000 2.00 7.04 16.80 -1000 23.17 1.52 141.827
car -1 -1 0.00 0.00 0.00 100.00 100.00 -1000 1.68 4.56 12.92 -1000 34.13 0.21 141.322
car -1 -1 0.00 0.00 0.00 100.00 100.00 -1000 2.34 10.80 0.47 -1000 24.74 1.72 139.756
car -1 -1 0.00 0.00 0.00 100.00 100.00 -1000 1.89 5.93 16.23 -1000 20.47 1.69 139.450
car -1 -1 0.00 0.00 0.00 100.00 100.00 -1000 1.81 5.18 9.49 -1000 30.26 1.64 136.956
car -1 -1 0.00 0.00 0.00 100.00 100.00 -1000 1.83 5.24 10.10 -1000 46.43 1.58 136.584
car -1 -1 0.00 0.00 0.00 100.00 100.00 -1000 2.69 10.38 -2.55 -1000 22.94 1.85 132.796
car -1 -1 0.00 0.00 0.00 100.00 100.00 -1000 1.98 6.40 14.93 -1000 27.40 1.60 132.691
car -1 -1 0.00 0.00 0.00 100.00 100.00 -1000 1.69 4.85 -14.39 -1000 16.69 0.13 130.532
car -1 -1 0.00 0.00 0.00 100.00 100.00 -1000 2.09 7.50 3.18 -1000 41.36 1.57 128.495
car -1 -1 0.00 0.00 0.00 100.00 100.00 -1000 1.94 5.74 9.16 -1000 31.81 1.58 125.661
car -1 -1 0.00 0.00 0.00 100.00 100.00 -1000 1.97 6.66 13.08 -1000 45.94 1.54 124.381
car -1 -1 0.00 0.00 0.00 100.00 100.00 -1000 3.64 13.51 -1.84 -1000 16.55 2.04 121.659
car -1 -1 0.00 0.00 0.00 100.00 100.00 -1000 1.60 4.24 -7.87 -1000 43.77 0.19 117.325
car -1 -1 0.00 0.00 0.00 100.00 100.00 -1000 4.02 19.56 -1.56 -1000 18.26 1.96 115.837
car -1 -1 0.00 0.00 0.00 100.00 100.00 -1000 2.24 8.82 12.37 -1000 25.97 1.56 115.499
car -1 -1 0.00 0.00 0.00 100.00 100.00 -1000 2.79 14.96 16.97 -1000 31.26 1.53 114.427
car -1 -1 0.00 0.00 0.00 100.00 100.00 -1000 1.77 4.68 -11.62 -1000 15.38 1.80 113.946
car -1 -1 0.00 0.00 0.00 100.00 100.00 -1000 2.28 8.81 16.04 -1000 22.33 1.55 113.704
car -1 -1 0.00 0.00 0.00 100.00 100.00 -1000 2.29 7.82 13.90 -1000 35.12 1.77 105.785
car -1 -1 0.00 0.00 0.00 100.00 100.00 -1000 1.87 5.45 -5.20 -1000 32.49 1.68 105.489
car -1 -1 0.00 0.00 0.00 100.00 100.00 -1000 2.23 8.09 13.34 -1000 39.02 1.64 104.286
car -1 -1 0.00 0.00 0.00 100.00 100.00 -1000 1.88 5.78 -5.20 -1000 40.89 1.65 103.801
car -1 -1 0.00 0.00 0.00 100.00 100.00 -1000 2.77 15.19 -2.11 -1000 26.23 1.65 103.598
car -1 -1 0.00 0.00 0.00 100.00 100.00 -1000 2.05 7.00 -9.76 -1000 21.38 1.63 103.248
car -1 -1 0.00 0.00 0.00 100.00 100.00 -1000 1.99 6.40 -3.87 -1000 34.16 1.84 102.519
car -1 -1 0.00 0.00 0.00 100.00 100.00 -1000 2.33 9.95 17.23 -1000 33.63 1.65 102.114
car -1 -1 0.00 0.00 0.00 100.00 100.00 -1000 1.63 3.85 12.86 -1000 37.33 -0.33 101.563
car -1 -1 0.00 0.00 0.00 100.00 100.00 -1000 2.11 7.08 0.16 -1000 44.81 1.64 101.557
car -1 -1 0.00 0.00 0.00 100.00 100.00 -1000 2.15 7.65 10.40 -1000 23.68 1.52 100.904
car -1 -1 0.00 0.00 0.00 100.00 100.00 -1000 1.60 3.79 12.84 -1000 17.38 0.03 93.614
car -1 -1 0.00 0.00 0.00 100.00 100.00 -1000 2.12 7.44 2.58 -1000 33.38 1.61 93.507
car -1 -1 0.00 0.00 0.00 100.00 100.00 -1000 1.98 6.27 9.26 -1000 45.07 1.57 92.666
car -1 -1 0.00 0.00 0.00 100.00 100.00 -1000 1.84 5.50 11.24 -1000 19.10 1.60 92.192
car -1 -1 0.00 0.00 0.00 100.00 100.00 -1000 1.52 3.80 9.48 -1000 39.13 0.27 91.077
car -1 -1 0.00 0.00 0.00 100.00 100.00 -1000 2.03 7.64 13.77 -1000 22.79 1.53 89.022
car -1 -1 0.00 0.00 0.00 100.00 100.00 -1000 2.35 8.19 -2.84 -1000 43.10 1.84 89.019
car -1 -1 0.00 0.00 0.00 100.00 100.00 -1000 2.35 8.93 10.94 -1000 33.51 1.63 88.829
car -1 -1 0.00 0.00 0.00 100.00 100.00 -1000 2.34 10.14 -5.98 -1000 36.54 1.47 88.182
car -1 -1 0.00 0.00 0.00 100.00 100.00 -1000 1.61 3.88 10.25 -1000 23.62 0.10 87.777
car -1 -1 0.00 0.00 0.00 100.00 100.00 -1000 2.28 9.65 0.73 -1000 22.46 1.73 86.647
car -1 -1 0.00 0.00 0.00 100.00 100.00 -1000 2.15 7.20 11.46 -1000 34.87 1.68 84.785
car -1 -1 0.00 0.00 0.00 100.00 100.00 -1000 2.06 6.42 -3.15 -1000 42.22 1.73 84.659
car -1 -1 0.00 0.00 0.00 100.00 100.00 -1000 1.95 6.30 10.85 -1000 20.64 1.56 83.478
car -1 -1 0.00 0.00 0.00 100.00 100.00 -1000 2.18 8.12 -3.92 -1000 39.84 1.57 80.873
car -1 -1 0.00 0.00 0.00 100.00 100.00 -1000 1.99 6.43 9.03 -1000 22.16 1.57 79.738
car -1 -1 0.00 0.00 0.00 100.00 100.00 -1000 2.46 9.20 -1.36 -1000 21.19 1.84 77.384
car -1 -1 0.00 0.00 0.00 100.00 100.00 -1000 1.73 5.04 14.27 -1000 16.10 1.68 76.153
car -1 -1 0.00 0.00 0.00 100.00 100.00 -1000 2.07 7.32 -3.86 -1000 35.05 1.69 74.507
car -1 -1 0.00 0.00 0.00 100.00 100.00 -1000 2.01 6.94 15.73 -1000 23.92 1.37 73.485
car -1 -1 0.00 0.00 0.00 100.00 100.00 -1000 2.12 7.63 -0.72 -1000 43.71 1.68 72.889
car -1 -1 0.00 0.00 0.00 100.00 100.00 -1000 2.18 7.54 6.18 -1000 16.41 1.81 72.568
car -1 -1 0.00 0.00 0.00 100.00 100.00 -1000 2.11 6.97 7.24 -1000 41.75 1.53 72.236
car -1 -1 0.00 0.00 0.00 100.00 100.00 -1000 1.74 5.75 -6.51 -1000 19.87 0.22 71.625
car -1 -1 0.00 0.00 0.00 100.00 100.00 -1000 1.66 4.51 12.99 -1000 30.00 0.09 69.867
car -1 -1 0.00 0.00 0.00 100.00 100.00 -1000 2.06 6.38 -7.64 -1000 34.46 1.65 67.939
car -1 -1 0.00 0.00 0.00 100.00 100.00 -1000 2.05 6.65 16.19 -1000 25.64 1.40 67.012
car -1 -1 0.00 0.00 0.00 100.00 100.00 -1000 1.93 6.41 5.89 -1000 40.01 1.67 66.425
car -1 -1 0.00 0.00 0.00 100.00 100.00 -1000 2.18 7.14 9.35 -1000 39.26 1.67 66.092
car -1 -1 0.00 0.00 0.00 100.00 100.00 -1000 2.26 10.00 17.36 -1000 35.29 1.64 64.448
car -1 -1 0.00 0.00 0.00 100.00 100.00 -1000 1.89 6.58 5.16 -1000 44.12 1.48 64.378
car -1 -1 0.00 0.00 0.00 100.00 100.00 -1000 1.77 4.98 2.48 -1000 30.49 1.50 63.428
car -1 -1 0.00 0.00 0.00 100.00 100.00 -1000 2.04 6.76 4.22 -1000 38.87 1.51 63.261
car -1 -1 0.00 0.00 0.00 100.00 100.00 -1000 2.28 7.80 -8.28 -1000 45.01 1.70 61.232
car -1 -1 0.00 0.00 0.00 100.00 100.00 -1000 1.97 6.22 8.72 -1000 28.20 1.49 60.215
car -1 -1 0.00 0.00 0.00 100.00 100.00 -1000 2.33 8.01 -15.30 -1000 17.66 1.73 58.614
car -1 -1 0.00 0.00 0.00 100.00 100.00 -1000 2.69 12.42 15.17 -1000 34.33 1.64 58.410
car -1 -1 0.00 0.00 0.00 100.00 100.00 -1000 1.96 6.41 1.96 -1000 40.13 1.62 58.371
car -1 -1 0.00 0.00 0.00 100.00 100.00 -1000 2.11 6.98 1.26 -1000 35.11 1.64 58.173
car -1 -1 0.00 0.00 0.00 100.00 100.00 -1000 1.85 5.63 12.24 -1000 45.22 1.42 58.163
car -1 -1 0.00 0.00 0.00 100.00 100.00 -1000 1.91 6.00 7.34 -1000 31.49 1.53 57.873
car -1 -1 0.00 0.00 0.00 100.00 100.00 -1000 2.30 9.59 5.89 -1000 46.19 1.63 56.407
car -1 -1 0.00 0.00 0.00 100.00 100.00 -1000 2.13 8.01 0.82 -1000 42.71 1.63 56.034
car -1 -1 0.00 0.00 0.00 100.00 100.00 -1000 2.17 7.77 12.90 -1000 32.95 1.65 55.644
car -1 -1 0.00 0.00 0.00 100.00 100.00 -1000 2.21 7.58 -7.95 -1000 16.14 1.83 54.412
car -1 -1 0.00 0.00 0.00 100.00 100.00 -1000 1.60 4.26 9.90 -1000 38.16 0.06 53.985
car -1 -1 0.00 0.00 0.00 100.00 100.00 -1000 2.85 13.01 14.91 -1000 37.50 1.67 52.739
car -1 -1 0.00 0.00 0.00 100.00 100.00 -1000 2.22 7.84 2.77 -1000 32.20 1.52 51.986
car -1 -1 0.00 0.00 0.00 100.00 100.00 -1000 2.38 8.61 14.03 -1000 30.59 1.70 51.672
car -1 -1 0.00 0.00 0.00 100.00 100.00 -1000 2.29 8.29 9.50 -1000 47.05 1.55 51.516
car -1 -1 0.00 0.00 0.00 100.00 100.00 -1000 2.32 9.41 -14.25 -1000 20.42 1.61 50.334
car -1 -1 0.00 0.00 0.00 100.00 100.00 -1000 1.92 5.86 3.81 -1000 15.62 1.71 50.322
