car -1 -1 0.00 0.00 0.00 100.00 100.00 -1000 1.77 4.49 -3.72 -1000 15.22 1.60 999.769
car -1 -1 0.00 0.00 0.00 100.00 100.00 -1000 1.73 4.27 0.01 -1000 27.71 1.63 998.637
car -1 -1 0.00 0.00 0.00 100.00 100.00 -1000 2.08 5.97 -3.18 -1000 16.11 1.72 997.378
car -1 -1 0.00 0.00 0.00 100.00 100.00 -1000 1.64 4.08 -4.42 -1000 14.52 -0.06 994.333
car -1 -1 0.00 0.00 0.00 100.00 100.00 -1000 1.65 3.95 -0.06 -1000 26.69 -0.07 991.581
car -1 -1 0.00 0.00 0.00 100.00 100.00 -1000 1.59 3.78 19.54 -1000 34.72 1.64 979.528
car -1 -1 0.00 0.00 0.00 100.00 100.00 -1000 1.68 4.17 -6.64 -1000 42.54 1.66 972.885
car -1 -1 0.00 0.00 0.00 100.00 100.00 -1000 2.34 8.86 -4.49 -1000 16.99 1.53 925.310
car -1 -1 0.00 0.00 0.00 100.00 100.00 -1000 1.68 4.27 17.88 -1000 42.27 -0.05 922.522
car -1 -1 0.00 0.00 0.00 100.00 100.00 -1000 2.09 6.88 0.16 -1000 28.26 1.72 882.124
car -1 -1 0.00 0.00 0.00 100.00 100.00 -1000 1.85 5.66 2.22 -1000 27.82 1.76 837.033
car -1 -1 0.00 0.00 0.00 100.00 100.00 -1000 1.73 4.47 -7.16 -1000 41.74 0.09 781.164
car -1 -1 0.00 0.00 0.00 100.00 100.00 -1000 1.75 4.65 2.70 -1000 23.06 1.68 759.917
car -1 -1 0.00 0.00 0.00 100.00 100.00 -1000 1.70 4.49 -16.28 -1000 44.21 1.66 646.969
car -1 -1 0.00 0.00 0.00 100.00 100.00 -1000 2.49 9.36 -2.90 -1000 17.87 1.66 631.892
car -1 -1 0.00 0.00 0.00 100.00 100.00 -1000 1.62 4.07 -16.09 -1000 32.19 1.65 612.732
car -1 -1 0.00 0.00 0.00 100.00 100.00 -1000 2.71 11.13 -0.17 -1000 31.36 1.77 588.922
car -1 -1 0.00 0.00 0.00 100.00 100.00 -1000 1.53 3.78 18.90 -1000 34.12 -0.03 581.608
car -1 -1 0.00 0.00 0.00 100.00 100.00 -1000 1.81 5.01 2.32 -1000 37.93 1.73 566.950
car -1 -1 0.00 0.00 0.00 100.00 100.00 -1000 2.42 8.98 -5.43 -1000 18.97 1.84 546.618
car -1 -1 0.00 0.00 0.00 100.00 100.00 -1000 1.75 4.25 1.23 -1000 27.21 -0.37 543.706
car -1 -1 0.00 0.00 0.00 100.00 100.00 -1000 1.75 4.81 11.83 -1000 16.96 1.67 520.725
car -1 -1 0.00 0.00 0.00 100.00 100.00 -1000 1.79 4.98 4.43 -1000 27.88 1.70 506.978
car -1 -1 0.00 0.00 0.00 100.00 100.00 -1000 1.77 4.81 -3.48 -1000 17.01 -0.33 491.431
car -1 -1 0.00 0.00 0.00 100.00 100.00 -1000 2.57 9.55 0.49 -1000 29.73 1.69 483.124
car -1 -1 0.00 0.00 0.00 100.00 100.00 -1000 1.97 5.97 18.68 -1000 35.56 1.62 479.856
car -1 -1 0.00 0.00 0.00 100.00 100.00 -1000 3.65 19.85 -2.05 -1000 18.94 1.93 429.821
car -1 -1 0.00 0.00 0.00 100.00 100.00 -1000 2.81 11.13 -8.27 -1000 44.95 1.64 387.404
car -1 -1 0.00 0.00 0.00 100.00 100.00 -1000 3.29 10.41 -2.57 -1000 16.15 1.95 382.065
car -1 -1 0.00 0.00 0.00 100.00 100.00 -1000 1.51 3.58 10.66 -1000 16.10 -0.01 370.623
car -1 -1 0.00 0.00 0.00 100.00 100.00 -1000 1.57 3.92 -8.26 -1000 42.32 0.31 351.217
car -1 -1 0.00 0.00 0.00 100.00 100.00 -1000 1.58 4.11 1.10 -1000 37.21 0.29 347.750
car -1 -1 0.00 0.00 0.00 100.00 100.00 -1000 1.77 5.11 -6.69 -1000 35.29 1.60 343.791
car -1 -1 0.00 0.00 0.00 100.00 100.00 -1000 1.79 5.12 -19.41 -1000 29.27 1.48 333.576
car -1 -1 0.00 0.00 0.00 100.00 100.00 -1000 1.67 4.53 1.89 -1000 22.34 0.08 299.412
car -1 -1 0.00 0.00 0.00 100.00 100.00 -1000 1.95 6.54 15.05 -1000 32.50 1.43 295.228
car -1 -1 0.00 0.00 0.00 100.00 100.00 -1000 1.68 4.38 -16.40 -1000 43.28 1.67 288.596
car -1 -1 0.00 0.00 0.00 100.00 100.00 -1000 2.85 11.89 1.05 -1000 18.30 1.93 286.168
car -1 -1 0.00 0.00 0.00 100.00 100.00 -1000 1.69 4.75 -16.28 -1000 27.02 1.51 283.447
car -1 -1 0.00 0.00 0.00 100.00 100.00 -1000 1.82 5.37 17.40 -1000 34.79 1.75 264.699
car -1 -1 0.00 0.00 0.00 100.00 100.00 -1000 1.90 5.70 15.62 -1000 35.31 1.47 251.252
car -1 -1 0.00 0.00 0.00 100.00 100.00 -1000 1.87 5.56 14.57 -1000 31.39 1.61 250.989
car -1 -1 0.00 0.00 0.00 100.00 100.00 -1000 2.82 12.17 -9.22 -1000 46.07 1.67 243.953
car -1 -1 0.00 0.00 0.00 100.00 100.00 -1000 2.27 7.54 -7.44 -1000 43.07 1.66 243.427
car -1 -1 0.00 0.00 0.00 100.00 100.00 -1000 1.95 6.40 15.72 -1000 46.28 1.49 241.347
car -1 -1 0.00 0.00 0.00 100.00 100.00 -1000 1.85 5.53 18.41 -1000 33.56 1.57 236.050
car -1 -1 0.00 0.00 0.00 100.00 100.00 -1000 2.64 12.17 -5.32 -1000 45.46 1.71 232.644
car -1 -1 0.00 0.00 0.00 100.00 100.00 -1000 2.41 9.52 3.11 -1000 28.58 1.84 220.702
car -1 -1 0.00 0.00 0.00 100.00 100.00 -1000 1.81 5.23 18.87 -1000 43.20 1.53 218.000
car -1 -1 0.00 0.00 0.00 100.00 100.00 -1000 1.62 4.20 -8.56 -1000 41.43 0.07 210.608
car -1 -1 0.00 0.00 0.00 100.00 100.00 -1000 2.17 7.28 17.40 -1000 36.34 1.67 206.440
car -1 -1 0.00 0.00 0.00 100.00 100.00 -1000 1.90 5.65 -4.69 -1000 42.11 1.76 198.040
car -1 -1 0.00 0.00 0.00 100.00 100.00 -1000 1.65 4.87 -7.41 -1000 40.82 -0.02 191.720
car -1 -1 0.00 0.00 0.00 100.00 100.00 -1000 2.12 7.22 3.43 -1000 23.68 1.66 190.322
car -1 -1 0.00 0.00 0.00 100.00 100.00 -1000 1.88 5.55 16.82 -1000 44.21 1.50 186.265
car -1 -1 0.00 0.00 0.00 100.00 100.00 -1000 2.50 9.29 12.05 -1000 35.37 1.61 180.710
car -1 -1 0.00 0.00 0.00 100.00 100.00 -1000 1.89 5.93 -15.60 -1000 45.00 1.53 179.485
car -1 -1 0.00 0.00 0.00 100.00 100.00 -1000 1.89 5.54 -16.03 -1000 32.86 1.54 175.465
car -1 -1 0.00 0.00 0.00 100.00 100.00 -1000 1.76 5.07 -15.83 -1000 27.81 1.52 172.919
car -1 -1 0.00 0.00 0.00 100.00 100.00 -1000 1.65 4.38 -12.29 -1000 15.99 1.58 171.875
car -1 -1 0.00 0.00 0.00 100.00 100.00 -1000 1.76 4.73 -19.08 -1000 47.18 1.52 171.500
car -1 -1 0.00 0.00 0.00 100.00 100.00 -1000 1.77 5.19 0.28 -1000 25.67 1.76 169.687
car -1 -1 0.00 0.00 0.00 100.00 100.00 -1000 1.55 3.96 -16.67 -1000 31.23 -0.23 169.289
car -1 -1 0.00 0.00 0.00 100.00 100.00 -1000 1.76 4.92 15.20 -1000 45.03 1.50 168.416
car -1 -1 0.00 0.00 0.00 100.00 100.00 -1000 1.91 5.84 -16.00 -1000 36.59 1.56 164.887
car -1 -1 0.00 0.00 0.00 100.00 100.00 -1000 4.25 18.00 -2.28 -1000 17.02 2.02 162.825
car -1 -1 0.00 0.00 0.00 100.00 100.00 -1000 2.20 8.64 -3.08 -1000 46.34 1.62 162.504
car -1 -1 0.00 0.00 0.00 100.00 100.00 -1000 1.55 3.64 -14.18 -1000 16.41 0.13 154.065
car -1 -1 0.00 0.00 0.00 100.00 100.00 -1000 2.96 16.28 -1.27 -1000 20.61 1.72 149.646
car -1 -1 0.00 0.00 0.00 100.00 100.00 -1000 1.60 4.39 -1.52 -1000 27.47 0.25 149.440
car -1 -1 0.00 0.00 0.00 100.00 100.00 -1000 1.93 6.00 15.39 -1000 30.54 1.44 140.106
car -1 -1 0.00 0.00 0.00 100.00 100.00 -1000 2.43 8.68 -6.23 -1000 44.11 1.58 134.062
car -1 -1 0.00 0.00 0.00 100.00 100.00 -1000 2.82 7.32 -2.60 -1000 14.95 1.85 132.211
car -1 -1 0.00 0.00 0.00 100.00 100.00 -1000 2.30 9.14 17.06 -1000 38.00 1.72 131.287
car -1 -1 0.00 0.00 0.00 100.00 100.00 -1000 2.15 8.08 -4.87 -1000 20.62 1.77 130.711
car -1 -1 0.00 0.00 0.00 100.00 100.00 -1000 1.98 6.86 3.80 -1000 27.10 1.83 128.524
car -1 -1 0.00 0.00 0.00 100.00 100.00 -1000 1.69 4.78 -13.73 -1000 17.52 1.58 127.761
car -1 -1 0.00 0.00 0.00 100.00 100.00 -1000 1.90 5.72 -16.10 -1000 35.48 1.61 125.836
car -1 -1 0.00 0.00 0.00 100.00 100.00 -1000 1.55 3.76 -7.92 -1000 34.76 0.29 125.762
car -1 -1 0.00 0.00 0.00 100.00 100.00 -1000 1.80 5.54 -16.00 -1000 24.56 1.55 125.346
car -1 -1 0.00 0.00 0.00 100.00 100.00 -1000 2.26 8.38 -5.94 -1000 46.13 1.50 125.116
car -1 -1 0.00 0.00 0.00 100.00 100.00 -1000 1.83 5.25 2.98 -1000 21.70 1.74 122.133
car -1 -1 0.00 0.00 0.00 100.00 100.00 -1000 2.11 6.95 16.76 -1000 43.15 1.52 120.425
car -1 -1 0.00 0.00 0.00 100.00 100.00 -1000 2.29 8.44 -7.53 -1000 18.26 1.78 119.662
car -1 -1 0.00 0.00 0.00 100.00 100.00 -1000 1.88 5.82 -11.10 -1000 35.89 1.53 119.070
car -1 -1 0.00 0.00 0.00 100.00 100.00 -1000 2.28 8.58 14.84 -1000 33.27 1.50 118.948
car -1 -1 0.00 0.00 0.00 100.00 100.00 -1000 1.99 6.26 14.55 -1000 34.65 1.47 117.048
car -1 -1 0.00 0.00 0.00 100.00 100.00 -1000 1.95 6.73 -14.24 -1000 42.52 1.55 112.429
car -1 -1 0.00 0.00 0.00 100.00 100.00 -1000 1.73 5.17 1.91 -1000 36.58 1.80 111.923
car -1 -1 0.00 0.00 0.00 100.00 100.00 -1000 1.84 5.85 -16.03 -1000 41.50 1.41 111.395
car -1 -1 0.00 0.00 0.00 100.00 100.00 -1000 2.05 7.64 -14.95 -1000 46.23 1.38 110.207
car -1 -1 0.00 0.00 0.00 100.00 100.00 -1000 2.11 7.48 5.88 -1000 22.48 1.76 108.365
car -1 -1 0.00 0.00 0.00 100.00 100.00 -1000 1.79 5.34 -14.67 -1000 43.47 1.71 107.635
car -1 -1 0.00 0.00 0.00 100.00 100.00 -1000 1.79 5.18 12.40 -1000 16.08 1.72 102.409
car -1 -1 0.00 0.00 0.00 100.00 100.00 -1000 2.31 8.83 -6.12 -1000 37.33 1.63 101.539
car -1 -1 0.00 0.00 0.00 100.00 100.00 -1000 1.59 4.33 -0.07 -1000 37.58 0.45 99.300
car -1 -1 0.00 0.00 0.00 100.00 100.00 -1000 1.97 6.68 -14.40 -1000 40.24 1.45 96.996
car -1 -1 0.00 0.00 0.00 100.00 100.00 -1000 2.09 6.70 10.69 -1000 17.57 1.74 96.919
car -1 -1 0.00 0.00 0.00 100.00 100.00 -1000 2.07 6.94 18.21 -1000 32.70 1.60 91.433
car -1 -1 0.00 0.00 0.00 100.00 100.00 -1000 1.77 5.19 -16.18 -1000 23.42 1.62 90.682
car -1 -1 0.00 0.00 0.00 100.00 100.00 -1000 1.94 6.06 12.71 -1000 31.07 1.59 90.292
car -1 -1 0.00 0.00 0.00 100.00 100.00 -1000 1.97 6.42 -18.16 -1000 39.03 1.53 89.225
car -1 -1 0.00 0.00 0.00 100.00 100.00 -1000 2.13 6.99 2.22 -1000 26.24 1.83 86.908
car -1 -1 0.00 0.00 0.00 100.00 100.00 -1000 2.27 8.73 -13.46 -1000 45.43 1.50 86.611
car -1 -1 0.00 0.00 0.00 100.00 100.00 -1000 1.50 3.42 17.44 -1000 37.97 -0.43 86.479
car -1 -1 0.00 0.00 0.00 100.00 100.00 -1000 1.90 5.79 17.87 -1000 41.40 1.64 85.844
car -1 -1 0.00 0.00 0.00 100.00 100.00 -1000 2.06 7.35 8.17 -1000 34.20 1.50 84.528
car -1 -1 0.00 0.00 0.00 100.00 100.00 -1000 1.54 3.67 -13.27 -1000 15.17 -0.05 84.131
car -1 -1 0.00 0.00 0.00 100.00 100.00 -1000 2.05 7.46 14.84 -1000 47.03 1.41 83.581
car -1 -1 0.00 0.00 0.00 100.00 100.00 -1000 1.54 3.46 -16.86 -1000 20.41 0.33 83.215
car -1 -1 0.00 0.00 0.00 100.00 100.00 -1000 1.97 6.16 -16.22 -1000 26.29 1.56 82.368
car -1 -1 0.00 0.00 0.00 100.00 100.00 -1000 2.37 8.40 -4.66 -1000 42.82 1.73 80.786
car -1 -1 0.00 0.00 0.00 100.00 100.00 -1000 2.33 9.21 -8.50 -1000 47.00 1.62 80.197
car -1 -1 0.00 0.00 0.00 100.00 100.00 -1000 1.75 4.78 -6.57 -1000 34.41 1.53 79.569
car -1 -1 0.00 0.00 0.00 100.00 100.00 -1000 2.08 7.29 -16.59 -1000 28.60 1.55 79.045
car -1 -1 0.00 0.00 0.00 100.00 100.00 -1000 1.95 6.80 -6.96 -1000 39.97 1.58 77.970
car -1 -1 0.00 0.00 0.00 100.00 100.00 -1000 2.16 7.51 -16.83 -1000 33.62 1.41 77.947
car -1 -1 0.00 0.00 0.00 100.00 100.00 -1000 1.73 5.33 -16.54 -1000 42.38 1.65 77.204
car -1 -1 0.00 0.00 0.00 100.00 100.00 -1000 2.11 7.23 -6.84 -1000 36.13 1.58 76.673
car -1 -1 0.00 0.00 0.00 100.00 100.00 -1000 1.92 6.64 -16.93 -1000 30.23 1.59 76.258
car -1 -1 0.00 0.00 0.00 100.00 100.00 -1000 1.85 5.71 13.39 -1000 30.23 1.52 73.703
car -1 -1 0.00 0.00 0.00 100.00 100.00 -1000 1.97 7.08 8.33 -1000 31.87 1.59 73.598
car -1 -1 0.00 0.00 0.00 100.00 100.00 -1000 2.32 9.35 15.19 -1000 37.31 1.50 73.346
car -1 -1 0.00 0.00 0.00 100.00 100.00 -1000 2.14 7.74 6.10 -1000 28.64 1.61 73.176
car -1 -1 0.00 0.00 0.00 100.00 100.00 -1000 2.00 6.93 -15.85 -1000 37.47 1.45 72.942
car -1 -1 0.00 0.00 0.00 100.00 100.00 -1000 2.66 11.76 -4.38 -1000 38.30 1.62 69.220
car -1 -1 0.00 0.00 0.00 100.00 100.00 -1000 2.00 7.49 2.82 -1000 38.52 1.60 68.634
car -1 -1 0.00 0.00 0.00 100.00 100.00 -1000 2.07 8.07 16.76 -1000 38.97 1.42 68.543
car -1 -1 0.00 0.00 0.00 100.00 100.00 -1000 1.88 5.96 13.21 -1000 44.87 1.50 68.021
car -1 -1 0.00 0.00 0.00 100.00 100.00 -1000 2.15 7.70 -9.50 -1000 36.62 1.65 67.880
car -1 -1 0.00 0.00 0.00 100.00 100.00 -1000 1.97 6.71 -18.47 -1000 45.48 1.65 67.846
car -1 -1 0.00 0.00 0.00 100.00 100.00 -1000 1.82 5.51 3.63 -1000 37.27 1.68 67.541
car -1 -1 0.00 0.00 0.00 100.00 100.00 -1000 2.71 12.27 -4.54 -1000 19.91 1.62 67.528
car -1 -1 0.00 0.00 0.00 100.00 100.00 -1000 1.57 3.74 11.36 -1000 15.37 -0.08 67.171
car -1 -1 0.00 0.00 0.00 100.00 100.00 -1000 2.10 7.53 -13.68 -1000 44.20 1.59 66.886
car -1 -1 0.00 0.00 0.00 100.00 100.00 -1000 2.02 7.02 -16.56 -1000 38.35 1.47 66.729
car -1 -1 0.00 0.00 0.00 100.00 100.00 -1000 2.58 10.16 -9.41 -1000 43.84 1.64 66.658
car -1 -1 0.00 0.00 0.00 100.00 100.00 -1000 2.11 7.15 14.87 -1000 36.16 1.46 66.487
car -1 -1 0.00 0.00 0.00 100.00 100.00 -1000 1.89 6.27 -12.94 -1000 36.19 1.44 66.343
car -1 -1 0.00 0.00 0.00 100.00 100.00 -1000 2.18 8.23 15.29 -1000 42.32 1.54 66.149
car -1 -1 0.00 0.00 0.00 100.00 100.00 -1000 2.04 7.53 16.16 -1000 29.66 1.44 65.556
car -1 -1 0.00 0.00 0.00 100.00 100.00 -1000 1.95 6.63 -18.33 -1000 32.23 1.60 64.785
car -1 -1 0.00 0.00 0.00 100.00 100.00 -1000 1.77 5.18 -5.58 -1000 41.33 0.04 63.483
car -1 -1 0.00 0.00 0.00 100.00 100.00 -1000 2.06 7.20 -19.44 -1000 30.04 1.58 63.471
car -1 -1 0.00 0.00 0.00 100.00 100.00 -1000 1.53 3.63 -14.64 -1000 44.57 -0.22 63.454
car -1 -1 0.00 0.00 0.00 100.00 100.00 -1000 2.16 7.28 14.12 -1000 16.68 1.78 63.382
car -1 -1 0.00 0.00 0.00 100.00 100.00 -1000 1.77 5.59 -18.99 -1000 28.37 1.54 62.839
car -1 -1 0.00 0.00 0.00 100.00 100.00 -1000 1.97 7.33 -16.36 -1000 25.33 1.65 61.066
car -1 -1 0.00 0.00 0.00 100.00 100.00 -1000 1.87 5.97 15.77 -1000 40.95 1.52 60.179
car -1 -1 0.00 0.00 0.00 100.00 100.00 -1000 2.29 7.87 -9.32 -1000 42.48 1.67 60.109
car -1 -1 0.00 0.00 0.00 100.00 100.00 -1000 1.81 4.99 -4.11 -1000 17.72 -0.05 59.982
car -1 -1 0.00 0.00 0.00 100.00 100.00 -1000 2.28 8.41 -16.76 -1000 31.13 1.62 58.117
car -1 -1 0.00 0.00 0.00 100.00 100.00 -1000 1.91 6.18 -12.00 -1000 34.70 1.74 56.590
car -1 -1 0.00 0.00 0.00 100.00 100.00 -1000 2.35 11.54 2.37 -1000 30.47 1.57 56.360
car -1 -1 0.00 0.00 0.00 100.00 100.00 -1000 1.67 4.95 -0.24 -1000 45.68 0.30 55.989
car -1 -1 0.00 0.00 0.00 100.00 100.00 -1000 1.59 4.07 -19.91 -1000 46.40 0.07 55.979
car -1 -1 0.00 0.00 0.00 100.00 100.00 -1000 1.78 5.34 12.15 -1000 45.64 1.56 55.941
car -1 -1 0.00 0.00 0.00 100.00 100.00 -1000 1.68 4.75 -7.21 -1000 43.54 0.23 55.554
car -1 -1 0.00 0.00 0.00 100.00 100.00 -1000 1.71 4.75 -6.89 -1000 45.10 0.33 55.187
car -1 -1 0.00 0.00 0.00 100.00 100.00 -1000 1.56 4.06 -17.72 -1000 43.94 0.49 54.529
car -1 -1 0.00 0.00 0.00 100.00 100.00 -1000 2.09 9.11 -2.19 -1000 41.71 1.60 53.100
car -1 -1 0.00 0.00 0.00 100.00 100.00 -1000 2.33 9.02 1.52 -1000 24.78 1.71 51.823
car -1 -1 0.00 0.00 0.00 100.00 100.00 -1000 2.16 7.63 -16.19 -1000 47.14 1.49 51.097
car -1 -1 0.00 0.00 0.00 100.00 100.00 -1000 1.85 6.55 -15.29 -1000 39.36 1.50 50.824
car -1 -1 0.00 0.00 0.00 100.00 100.00 -1000 1.87 5.80 -14.30 -1000 32.06 1.71 50.455
car -1 -1 0.00 0.00 0.00 100.00 100.00 -1000 2.01 6.96 13.75 -1000 29.41 1.51 50.441
car -1 -1 0.00 0.00 0.00 100.00 100.00 -1000 2.18 8.02 -9.58 -1000 15.98 1.82 50.072
