car -1 -1 0.00 0.00 0.00 100.00 100.00 -1000 1.80 4.61 -3.86 -1000 27.33 1.62 999.646
car -1 -1 0.00 0.00 0.00 100.00 100.00 -1000 1.69 4.11 -4.38 -1000 47.64 1.58 999.145
car -1 -1 0.00 0.00 0.00 100.00 100.00 -1000 1.73 4.21 0.08 -1000 33.92 1.72 996.617
car -1 -1 0.00 0.00 0.00 100.00 100.00 -1000 1.67 4.13 -0.29 -1000 33.14 -0.06 987.436
car -1 -1 0.00 0.00 0.00 100.00 100.00 -1000 2.15 6.58 -4.10 -1000 28.14 1.59 985.256
car -1 -1 0.00 0.00 0.00 100.00 100.00 -1000 1.63 3.98 1.95 -1000 45.69 1.60 948.227
car -1 -1 0.00 0.00 0.00 100.00 100.00 -1000 1.53 3.72 1.55 -1000 44.95 -0.01 923.757
car -1 -1 0.00 0.00 0.00 100.00 100.00 -1000 1.71 4.19 -4.24 -1000 26.52 -0.25 923.221
car -1 -1 0.00 0.00 0.00 100.00 100.00 -1000 2.22 7.23 -3.58 -1000 29.59 1.59 920.523
car -1 -1 0.00 0.00 0.00 100.00 100.00 -1000 1.56 3.62 -4.80 -1000 46.86 -0.05 908.576
car -1 -1 0.00 0.00 0.00 100.00 100.00 -1000 2.13 6.77 0.14 -1000 34.48 1.66 902.696
car -1 -1 0.00 0.00 0.00 100.00 100.00 -1000 1.70 4.23 10.63 -1000 31.60 1.70 889.841
car -1 -1 0.00 0.00 0.00 100.00 100.00 -1000 1.76 4.56 4.91 -1000 37.96 1.67 812.547
car -1 -1 0.00 0.00 0.00 100.00 100.00 -1000 3.03 12.81 -0.54 -1000 36.87 1.69 778.113
car -1 -1 0.00 0.00 0.00 100.00 100.00 -1000 2.04 6.43 2.46 -1000 37.43 1.65 773.107
car -1 -1 0.00 0.00 0.00 100.00 100.00 -1000 2.48 9.59 0.12 -1000 35.55 1.73 750.672
car -1 -1 0.00 0.00 0.00 100.00 100.00 -1000 1.69 4.47 -16.11 -1000 44.19 1.60 718.752
car -1 -1 0.00 0.00 0.00 100.00 100.00 -1000 2.19 7.15 -5.13 -1000 30.91 1.77 648.076
car -1 -1 0.00 0.00 0.00 100.00 100.00 -1000 1.92 5.44 -1.98 -1000 33.66 1.73 593.531
car -1 -1 0.00 0.00 0.00 100.00 100.00 -1000 2.59 11.00 -1.39 -1000 37.96 1.70 579.119
car -1 -1 0.00 0.00 0.00 100.00 100.00 -1000 1.72 4.50 -7.21 -1000 35.56 1.61 578.393
car -1 -1 0.00 0.00 0.00 100.00 100.00 -1000 1.70 4.11 9.77 -1000 30.99 0.03 468.144
car -1 -1 0.00 0.00 0.00 100.00 100.00 -1000 1.90 5.64 2.71 -1000 46.56 1.47 445.477
car -1 -1 0.00 0.00 0.00 100.00 100.00 -1000 2.11 7.15 -1.37 -1000 27.88 1.81 442.385
car -1 -1 0.00 0.00 0.00 100.00 100.00 -1000 1.57 4.05 0.25 -1000 45.26 0.27 429.875
car -1 -1 0.00 0.00 0.00 100.00 100.00 -1000 1.72 4.43 -16.27 -1000 37.11 1.66 402.513
car -1 -1 0.00 0.00 0.00 100.00 100.00 -1000 2.45 9.25 2.94 -1000 47.13 1.48 401.254
car -1 -1 0.00 0.00 0.00 100.00 100.00 -1000 3.30 16.80 -2.85 -1000 29.60 1.82 384.808
car -1 -1 0.00 0.00 0.00 100.00 100.00 -1000 1.70 4.53 -15.09 -1000 43.61 1.54 378.125
car -1 -1 0.00 0.00 0.00 100.00 100.00 -1000 2.14 7.36 3.27 -1000 36.62 1.80 365.012
car -1 -1 0.00 0.00 0.00 100.00 100.00 -1000 1.66 4.37 0.49 -1000 44.31 -0.16 358.232
car -1 -1 0.00 0.00 0.00 100.00 100.00 -1000 1.57 3.94 -16.44 -1000 43.30 -0.16 354.039
car -1 -1 0.00 0.00 0.00 100.00 100.00 -1000 2.38 8.68 -0.07 -1000 47.37 1.63 351.635
car -1 -1 0.00 0.00 0.00 100.00 100.00 -1000 1.91 6.04 -19.18 -1000 45.37 1.39 348.298
car -1 -1 0.00 0.00 0.00 100.00 100.00 -1000 1.95 5.65 -6.38 -1000 31.73 1.62 345.879
car -1 -1 0.00 0.00 0.00 100.00 100.00 -1000 1.69 4.43 1.77 -1000 33.04 1.77 315.785
car -1 -1 0.00 0.00 0.00 100.00 100.00 -1000 2.12 6.70 -2.34 -1000 32.82 1.66 304.763
car -1 -1 0.00 0.00 0.00 100.00 100.00 -1000 1.84 5.11 8.59 -1000 27.98 1.63 293.843
car -1 -1 0.00 0.00 0.00 100.00 100.00 -1000 1.81 5.20 6.47 -1000 38.34 1.68 288.114
car -1 -1 0.00 0.00 0.00 100.00 100.00 -1000 1.67 4.42 -8.12 -1000 34.98 -0.01 285.870
car -1 -1 0.00 0.00 0.00 100.00 100.00 -1000 1.87 5.76 -15.60 -1000 38.19 1.56 285.049
car -1 -1 0.00 0.00 0.00 100.00 100.00 -1000 2.03 6.22 3.29 -1000 38.47 1.55 284.672
car -1 -1 0.00 0.00 0.00 100.00 100.00 -1000 1.81 5.40 4.51 -1000 44.76 1.63 280.416
car -1 -1 0.00 0.00 0.00 100.00 100.00 -1000 1.79 5.30 -2.47 -1000 47.34 1.72 279.059
car -1 -1 0.00 0.00 0.00 100.00 100.00 -1000 1.77 4.86 -5.89 -1000 26.67 1.73 259.802
car -1 -1 0.00 0.00 0.00 100.00 100.00 -1000 2.18 7.16 2.79 -1000 34.47 1.83 252.715
car -1 -1 0.00 0.00 0.00 100.00 100.00 -1000 1.95 5.81 -1.61 -1000 26.53 1.87 246.174
car -1 -1 0.00 0.00 0.00 100.00 100.00 -1000 1.82 5.72 -1.07 -1000 32.10 1.67 245.932
car -1 -1 0.00 0.00 0.00 100.00 100.00 -1000 1.95 5.96 -16.36 -1000 44.90 1.63 238.780
car -1 -1 0.00 0.00 0.00 100.00 100.00 -1000 1.99 6.47 10.46 -1000 32.25 1.58 236.379
car -1 -1 0.00 0.00 0.00 100.00 100.00 -1000 2.06 6.55 -5.86 -1000 28.92 1.57 233.825
car -1 -1 0.00 0.00 0.00 100.00 100.00 -1000 2.05 6.68 2.34 -1000 41.57 1.51 225.896
car -1 -1 0.00 0.00 0.00 100.00 100.00 -1000 1.57 4.09 -3.76 -1000 25.81 1.81 214.800
car -1 -1 0.00 0.00 0.00 100.00 100.00 -1000 2.18 7.42 -5.45 -1000 35.97 1.64 203.194
car -1 -1 0.00 0.00 0.00 100.00 100.00 -1000 1.86 5.91 5.88 -1000 22.12 1.54 200.655
car -1 -1 0.00 0.00 0.00 100.00 100.00 -1000 2.88 11.18 -2.50 -1000 32.00 1.75 189.844
car -1 -1 0.00 0.00 0.00 100.00 100.00 -1000 2.37 8.41 -5.71 -1000 32.33 1.61 186.091
car -1 -1 0.00 0.00 0.00 100.00 100.00 -1000 1.60 4.40 -6.14 -1000 47.36 0.22 185.176
car -1 -1 0.00 0.00 0.00 100.00 100.00 -1000 1.66 4.41 5.12 -1000 36.77 -0.14 183.928
car -1 -1 0.00 0.00 0.00 100.00 100.00 -1000 1.82 5.33 17.22 -1000 43.24 1.59 183.151
car -1 -1 0.00 0.00 0.00 100.00 100.00 -1000 1.59 3.75 0.97 -1000 46.27 0.33 179.507
car -1 -1 0.00 0.00 0.00 100.00 100.00 -1000 2.07 6.71 5.16 -1000 38.88 1.63 178.335
car -1 -1 0.00 0.00 0.00 100.00 100.00 -1000 1.72 4.62 7.88 -1000 27.31 0.02 169.806
car -1 -1 0.00 0.00 0.00 100.00 100.00 -1000 2.16 7.81 -19.35 -1000 46.13 1.41 169.383
car -1 -1 0.00 0.00 0.00 100.00 100.00 -1000 1.80 5.38 5.95 -1000 36.05 1.60 162.619
car -1 -1 0.00 0.00 0.00 100.00 100.00 -1000 2.32 7.89 -2.56 -1000 34.32 1.71 158.672
car -1 -1 0.00 0.00 0.00 100.00 100.00 -1000 1.90 5.69 -8.94 -1000 35.80 1.51 154.783
car -1 -1 0.00 0.00 0.00 100.00 100.00 -1000 1.67 4.28 -4.05 -1000 28.79 -0.34 154.710
car -1 -1 0.00 0.00 0.00 100.00 100.00 -1000 1.79 5.11 -15.28 -1000 20.69 1.59 150.041
car -1 -1 0.00 0.00 0.00 100.00 100.00 -1000 2.07 6.95 -7.70 -1000 36.43 1.61 142.687
car -1 -1 0.00 0.00 0.00 100.00 100.00 -1000 2.08 7.18 6.09 -1000 44.25 1.62 142.616
car -1 -1 0.00 0.00 0.00 100.00 100.00 -1000 2.70 13.08 -3.16 -1000 38.82 1.63 138.014
car -1 -1 0.00 0.00 0.00 100.00 100.00 -1000 1.92 5.80 3.32 -1000 44.00 1.50 134.605
car -1 -1 0.00 0.00 0.00 100.00 100.00 -1000 1.85 5.14 -15.93 -1000 25.73 1.53 133.388
car -1 -1 0.00 0.00 0.00 100.00 100.00 -1000 1.62 3.76 -5.86 -1000 27.83 0.10 129.960
car -1 -1 0.00 0.00 0.00 100.00 100.00 -1000 2.00 6.48 2.17 -1000 40.32 1.49 128.162
car -1 -1 0.00 0.00 0.00 100.00 100.00 -1000 1.72 4.82 -0.91 -1000 45.70 0.27 123.207
car -1 -1 0.00 0.00 0.00 100.00 100.00 -1000 2.94 13.28 -0.56 -1000 28.66 1.81 123.047
car -1 -1 0.00 0.00 0.00 100.00 100.00 -1000 1.65 4.05 -6.79 -1000 30.96 -0.06 120.306
car -1 -1 0.00 0.00 0.00 100.00 100.00 -1000 2.00 6.48 -15.95 -1000 33.45 1.63 119.437
car -1 -1 0.00 0.00 0.00 100.00 100.00 -1000 1.77 4.94 -3.77 -1000 46.36 1.75 117.194
car -1 -1 0.00 0.00 0.00 100.00 100.00 -1000 2.43 9.46 -16.31 -1000 46.92 1.47 116.937
car -1 -1 0.00 0.00 0.00 100.00 100.00 -1000 2.02 9.73 -1.45 -1000 30.71 1.61 113.602
car -1 -1 0.00 0.00 0.00 100.00 100.00 -1000 1.99 6.46 8.35 -1000 31.87 1.60 112.681
car -1 -1 0.00 0.00 0.00 100.00 100.00 -1000 1.78 5.14 -17.79 -1000 44.39 1.66 106.693
car -1 -1 0.00 0.00 0.00 100.00 100.00 -1000 2.30 7.98 -6.38 -1000 29.81 1.72 106.492
car -1 -1 0.00 0.00 0.00 100.00 100.00 -1000 2.05 6.62 -13.58 -1000 43.24 1.61 104.890
car -1 -1 0.00 0.00 0.00 100.00 100.00 -1000 1.92 6.18 -16.04 -1000 29.39 1.65 101.094
car -1 -1 0.00 0.00 0.00 100.00 100.00 -1000 2.00 6.32 12.34 -1000 31.37 1.79 100.012
car -1 -1 0.00 0.00 0.00 100.00 100.00 -1000 2.07 7.61 -15.70 -1000 34.94 1.46 97.889
car -1 -1 0.00 0.00 0.00 100.00 100.00 -1000 1.98 6.31 9.36 -1000 30.27 1.70 96.159
car -1 -1 0.00 0.00 0.00 100.00 100.00 -1000 1.84 5.69 -6.54 -1000 23.96 1.58 96.074
car -1 -1 0.00 0.00 0.00 100.00 100.00 -1000 2.22 8.33 -15.99 -1000 38.85 1.64 93.022
car -1 -1 0.00 0.00 0.00 100.00 100.00 -1000 2.07 7.58 8.87 -1000 45.50 1.55 92.521
car -1 -1 0.00 0.00 0.00 100.00 100.00 -1000 1.69 4.40 -7.32 -1000 26.99 0.10 91.722
car -1 -1 0.00 0.00 0.00 100.00 100.00 -1000 2.45 9.22 -4.39 -1000 33.36 1.68 90.526
car -1 -1 0.00 0.00 0.00 100.00 100.00 -1000 2.11 7.24 3.98 -1000 33.73 1.79 90.295
car -1 -1 0.00 0.00 0.00 100.00 100.00 -1000 2.09 6.91 -4.99 -1000 34.66 1.66 89.491
car -1 -1 0.00 0.00 0.00 100.00 100.00 -1000 1.84 5.74 -15.66 -1000 41.80 1.44 87.902
car -1 -1 0.00 0.00 0.00 100.00 100.00 -1000 2.08 7.14 -6.68 -1000 25.93 1.62 87.670
car -1 -1 0.00 0.00 0.00 100.00 100.00 -1000 1.56 3.95 -0.85 -1000 46.44 0.41 86.104
car -1 -1 0.00 0.00 0.00 100.00 100.00 -1000 2.96 19.31 -3.70 -1000 31.10 1.75 85.886
car -1 -1 0.00 0.00 0.00 100.00 100.00 -1000 2.04 7.50 2.13 -1000 27.98 1.63 84.157
car -1 -1 0.00 0.00 0.00 100.00 100.00 -1000 2.13 7.41 -10.80 -1000 43.85 1.71 82.746
car -1 -1 0.00 0.00 0.00 100.00 100.00 -1000 1.63 4.14 -6.54 -1000 29.88 0.38 82.481
car -1 -1 0.00 0.00 0.00 100.00 100.00 -1000 1.75 4.43 5.53 -1000 43.48 0.03 81.222
car -1 -1 0.00 0.00 0.00 100.00 100.00 -1000 2.15 7.57 8.32 -1000 41.37 1.58 81.075
car -1 -1 0.00 0.00 0.00 100.00 100.00 -1000 1.70 4.81 0.05 -1000 37.83 0.23 80.862
car -1 -1 0.00 0.00 0.00 100.00 100.00 -1000 2.32 8.33 3.96 -1000 39.77 1.64 80.233
car -1 -1 0.00 0.00 0.00 100.00 100.00 -1000 1.73 4.77 -15.24 -1000 19.82 1.49 80.007
car -1 -1 0.00 0.00 0.00 100.00 100.00 -1000 2.23 8.32 -11.40 -1000 45.34 1.49 79.870
car -1 -1 0.00 0.00 0.00 100.00 100.00 -1000 2.03 6.70 -15.84 -1000 23.19 1.46 79.645
car -1 -1 0.00 0.00 0.00 100.00 100.00 -1000 2.00 6.88 3.91 -1000 40.76 1.58 77.698
car -1 -1 0.00 0.00 0.00 100.00 100.00 -1000 1.68 4.68 -17.24 -1000 20.00 0.25 77.608
car -1 -1 0.00 0.00 0.00 100.00 100.00 -1000 2.00 6.79 3.66 -1000 27.33 1.43 77.087
car -1 -1 0.00 0.00 0.00 100.00 100.00 -1000 2.18 8.11 -16.59 -1000 45.75 1.62 76.587
car -1 -1 0.00 0.00 0.00 100.00 100.00 -1000 2.13 7.47 -7.52 -1000 39.34 1.48 76.054
car -1 -1 0.00 0.00 0.00 100.00 100.00 -1000 1.90 6.04 1.67 -1000 32.34 1.66 76.031
car -1 -1 0.00 0.00 0.00 100.00 100.00 -1000 2.17 7.48 3.86 -1000 45.57 1.67 72.762
car -1 -1 0.00 0.00 0.00 100.00 100.00 -1000 2.11 7.60 -7.44 -1000 34.19 1.73 70.326
car -1 -1 0.00 0.00 0.00 100.00 100.00 -1000 2.58 11.07 2.33 -1000 38.91 1.66 70.038
car -1 -1 0.00 0.00 0.00 100.00 100.00 -1000 1.94 6.19 0.26 -1000 43.64 1.70 67.864
car -1 -1 0.00 0.00 0.00 100.00 100.00 -1000 2.05 6.79 7.81 -1000 37.77 1.72 67.217
car -1 -1 0.00 0.00 0.00 100.00 100.00 -1000 1.57 4.00 -16.17 -1000 42.41 -0.10 66.983
car -1 -1 0.00 0.00 0.00 100.00 100.00 -1000 1.87 5.92 6.03 -1000 37.40 1.65 66.517
car -1 -1 0.00 0.00 0.00 100.00 100.00 -1000 2.18 8.26 -15.21 -1000 40.96 1.40 65.345
car -1 -1 0.00 0.00 0.00 100.00 100.00 -1000 2.05 6.78 -17.76 -1000 36.70 1.65 64.520
car -1 -1 0.00 0.00 0.00 100.00 100.00 -1000 1.95 7.61 14.69 -1000 32.76 1.54 64.093
car -1 -1 0.00 0.00 0.00 100.00 100.00 -1000 2.12 7.46 -15.47 -1000 30.23 1.48 64.075
car -1 -1 0.00 0.00 0.00 100.00 100.00 -1000 1.65 4.40 2.82 -1000 39.17 -0.22 62.777
car -1 -1 0.00 0.00 0.00 100.00 100.00 -1000 2.39 11.85 -3.05 -1000 39.98 1.57 62.385
car -1 -1 0.00 0.00 0.00 100.00 100.00 -1000 2.12 8.14 15.18 -1000 44.69 1.56 62.128
car -1 -1 0.00 0.00 0.00 100.00 100.00 -1000 2.04 7.16 -15.57 -1000 36.39 1.58 62.028
car -1 -1 0.00 0.00 0.00 100.00 100.00 -1000 3.26 16.75 3.60 -1000 47.50 1.55 60.220
car -1 -1 0.00 0.00 0.00 100.00 100.00 -1000 1.97 6.69 -16.02 -1000 31.31 1.39 59.429
car -1 -1 0.00 0.00 0.00 100.00 100.00 -1000 2.21 7.94 -15.62 -1000 21.27 1.68 59.316
car -1 -1 0.00 0.00 0.00 100.00 100.00 -1000 1.60 4.32 -19.54 -1000 44.19 1.53 58.882
car -1 -1 0.00 0.00 0.00 100.00 100.00 -1000 1.89 5.65 6.08 -1000 21.16 1.56 58.861
car -1 -1 0.00 0.00 0.00 100.00 100.00 -1000 2.08 7.55 -14.44 -1000 42.45 1.47 58.422
car -1 -1 0.00 0.00 0.00 100.00 100.00 -1000 2.09 7.32 -13.83 -1000 44.24 1.61 57.848
car -1 -1 0.00 0.00 0.00 100.00 100.00 -1000 2.19 8.23 12.86 -1000 45.45 1.62 57.609
car -1 -1 0.00 0.00 0.00 100.00 100.00 -1000 1.81 5.48 0.80 -1000 40.88 0.14 57.080
car -1 -1 0.00 0.00 0.00 100.00 100.00 -1000 2.22 8.61 9.46 -1000 29.47 1.65 56.623
car -1 -1 0.00 0.00 0.00 100.00 100.00 -1000 2.08 7.73 -15.62 -1000 26.93 1.47 56.211
car -1 -1 0.00 0.00 0.00 100.00 100.00 -1000 2.13 7.88 7.92 -1000 28.59 1.57 56.066
car -1 -1 0.00 0.00 0.00 100.00 100.00 -1000 1.91 7.29 15.33 -1000 23.90 1.50 55.544
car -1 -1 0.00 0.00 0.00 100.00 100.00 -1000 1.77 8.45 1.54 -1000 30.54 1.56 55.411
car -1 -1 0.00 0.00 0.00 100.00 100.00 -1000 2.20 7.60 -6.41 -1000 27.64 1.67 54.766
car -1 -1 0.00 0.00 0.00 100.00 100.00 -1000 1.68 5.39 8.40 -1000 26.56 1.66 54.638
car -1 -1 0.00 0.00 0.00 100.00 100.00 -1000 1.86 5.79 9.86 -1000 27.34 1.69 54.142
car -1 -1 0.00 0.00 0.00 100.00 100.00 -1000 2.22 8.83 7.16 -1000 42.13 1.46 54.097
car -1 -1 0.00 0.00 0.00 100.00 100.00 -1000 2.26 8.72 -17.36 -1000 39.72 1.63 54.077
car -1 -1 0.00 0.00 0.00 100.00 100.00 -1000 1.60 4.41 0.09 -1000 41.60 0.37 54.015
car -1 -1 0.00 0.00 0.00 100.00 100.00 -1000 1.81 5.15 -0.05 -1000 36.92 0.19 53.979
car -1 -1 0.00 0.00 0.00 100.00 100.00 -1000 2.08 7.39 -16.35 -1000 24.60 1.74 53.742
car -1 -1 0.00 0.00 0.00 100.00 100.00 -1000 1.70 4.68 -5.07 -1000 33.94 0.25 53.292
car -1 -1 0.00 0.00 0.00 100.00 100.00 -1000 1.65 4.37 17.42 -1000 42.38 0.19 51.785
car -1 -1 0.00 0.00 0.00 100.00 100.00 -1000 1.66 4.46 -5.57 -1000 35.41 0.16 51.233
car -1 -1 0.00 0.00 0.00 100.00 100.00 -1000 1.84 6.32 -6.72 -1000 24.87 1.57 51.084
car -1 -1 0.00 0.00 0.00 100.00 100.00 -1000 2.16 8.03 10.14 -1000 40.72 1.60 50.278
car -1 -1 0.00 0.00 0.00 100.00 100.00 -1000 2.25 8.80 13.89 -1000 46.28 1.54 50.198
