car -1 -1 0.00 0.00 0.00 100.00 100.00 -1000 1.68 4.25 1.74 -1000 37.11 1.61 987.946
car -1 -1 0.00 0.00 0.00 100.00 100.00 -1000 1.64 3.77 -0.57 -1000 45.34 1.76 985.017
car -1 -1 0.00 0.00 0.00 100.00 100.00 -1000 1.76 4.54 0.30 -1000 45.93 1.75 983.754
car -1 -1 0.00 0.00 0.00 100.00 100.00 -1000 1.73 4.40 -4.44 -1000 8.72 1.61 980.616
car -1 -1 0.00 0.00 0.00 100.00 100.00 -1000 1.74 4.43 1.05 -1000 40.72 1.62 977.626
car -1 -1 0.00 0.00 0.00 100.00 100.00 -1000 1.59 3.98 -2.33 -1000 6.18 1.56 963.080
car -1 -1 0.00 0.00 0.00 100.00 100.00 -1000 1.65 4.17 0.66 -1000 36.08 -0.24 961.407
car -1 -1 0.00 0.00 0.00 100.00 100.00 -1000 1.71 4.56 -1.51 -1000 44.70 -0.23 957.494
car -1 -1 0.00 0.00 0.00 100.00 100.00 -1000 1.66 3.98 -0.42 -1000 39.62 1.78 949.336
car -1 -1 0.00 0.00 0.00 100.00 100.00 -1000 1.67 4.21 0.27 -1000 36.83 1.67 906.008
car -1 -1 0.00 0.00 0.00 100.00 100.00 -1000 1.73 4.35 -6.33 -1000 9.21 1.59 902.493
car -1 -1 0.00 0.00 0.00 100.00 100.00 -1000 1.61 3.94 -2.40 -1000 14.50 1.57 889.118
car -1 -1 0.00 0.00 0.00 100.00 100.00 -1000 1.89 5.24 -1.82 -1000 39.24 1.54 861.299
car -1 -1 0.00 0.00 0.00 100.00 100.00 -1000 1.64 4.30 -1.51 -1000 45.84 1.57 848.947
car -1 -1 0.00 0.00 0.00 100.00 100.00 -1000 1.58 3.97 -1.38 -1000 36.49 1.72 841.882
car -1 -1 0.00 0.00 0.00 100.00 100.00 -1000 1.86 4.99 -8.51 -1000 11.64 -0.21 823.465
car -1 -1 0.00 0.00 0.00 100.00 100.00 -1000 1.63 4.06 2.14 -1000 45.78 1.63 811.782
car -1 -1 0.00 0.00 0.00 100.00 100.00 -1000 1.63 4.13 -1.56 -1000 31.60 1.70 799.172
car -1 -1 0.00 0.00 0.00 100.00 100.00 -1000 1.69 4.39 -0.58 -1000 35.33 -0.14 796.993
car -1 -1 0.00 0.00 0.00 100.00 100.00 -1000 1.78 4.88 -3.37 -1000 9.68 -0.59 779.975
car -1 -1 0.00 0.00 0.00 100.00 100.00 -1000 1.75 4.68 -2.66 -1000 7.57 1.29 773.937
car -1 -1 0.00 0.00 0.00 100.00 100.00 -1000 1.70 4.60 -3.64 -1000 36.52 1.68 745.983
car -1 -1 0.00 0.00 0.00 100.00 100.00 -1000 2.10 6.73 0.79 -1000 46.66 1.53 734.636
car -1 -1 0.00 0.00 0.00 100.00 100.00 -1000 1.70 4.67 -6.28 -1000 8.03 -0.01 733.925
car -1 -1 0.00 0.00 0.00 100.00 100.00 -1000 1.85 5.11 0.82 -1000 37.67 1.56 663.701
car -1 -1 0.00 0.00 0.00 100.00 100.00 -1000 2.55 9.17 -1.79 -1000 38.58 1.64 641.858
car -1 -1 0.00 0.00 0.00 100.00 100.00 -1000 1.71 4.95 -2.72 -1000 8.49 1.48 634.124
car -1 -1 0.00 0.00 0.00 100.00 100.00 -1000 1.78 4.97 -2.82 -1000 5.22 -0.04 633.411
car -1 -1 0.00 0.00 0.00 100.00 100.00 -1000 1.63 4.02 -2.51 -1000 30.93 -0.21 549.500
car -1 -1 0.00 0.00 0.00 100.00 100.00 -1000 2.79 10.94 -3.50 -1000 39.50 1.73 535.796
car -1 -1 0.00 0.00 0.00 100.00 100.00 -1000 1.62 4.15 -7.09 -1000 12.19 -0.37 503.998
car -1 -1 0.00 0.00 0.00 100.00 100.00 -1000 2.17 7.41 1.04 -1000 12.26 1.65 493.252
car -1 -1 0.00 0.00 0.00 100.00 100.00 -1000 2.03 6.45 2.02 -1000 13.15 1.61 445.106
car -1 -1 0.00 0.00 0.00 100.00 100.00 -1000 1.94 5.93 -2.48 -1000 15.10 1.53 436.799
car -1 -1 0.00 0.00 0.00 100.00 100.00 -1000 1.69 4.94 0.90 -1000 45.04 -0.17 434.354
car -1 -1 0.00 0.00 0.00 100.00 100.00 -1000 1.98 6.01 -7.65 -1000 10.89 1.70 421.946
car -1 -1 0.00 0.00 0.00 100.00 100.00 -1000 1.57 3.86 -2.48 -1000 45.23 0.11 403.144
car -1 -1 0.00 0.00 0.00 100.00 100.00 -1000 2.35 6.84 -1.24 -1000 36.97 1.90 377.370
car -1 -1 0.00 0.00 0.00 100.00 100.00 -1000 2.59 9.19 -3.51 -1000 9.65 1.73 363.118
car -1 -1 0.00 0.00 0.00 100.00 100.00 -1000 1.75 4.70 -0.90 -1000 29.41 1.56 362.680
car -1 -1 0.00 0.00 0.00 100.00 100.00 -1000 1.79 5.07 -5.25 -1000 9.91 -0.11 331.819
car -1 -1 0.00 0.00 0.00 100.00 100.00 -1000 2.27 7.78 -2.76 -1000 16.18 1.49 318.694
car -1 -1 0.00 0.00 0.00 100.00 100.00 -1000 1.79 4.80 3.14 -1000 7.82 1.66 309.638
car -1 -1 0.00 0.00 0.00 100.00 100.00 -1000 1.76 4.97 -0.62 -1000 32.16 1.57 303.232
car -1 -1 0.00 0.00 0.00 100.00 100.00 -1000 1.61 4.25 -2.67 -1000 24.26 1.53 297.480
car -1 -1 0.00 0.00 0.00 100.00 100.00 -1000 2.09 7.01 1.95 -1000 41.31 1.54 289.582
car -1 -1 0.00 0.00 0.00 100.00 100.00 -1000 2.26 7.49 -1.86 -1000 40.53 1.79 269.082
car -1 -1 0.00 0.00 0.00 100.00 100.00 -1000 1.84 5.36 -3.04 -1000 25.16 1.47 250.185
car -1 -1 0.00 0.00 0.00 100.00 100.00 -1000 2.81 13.21 5.19 -1000 25.25 1.69 248.020
car -1 -1 0.00 0.00 0.00 100.00 100.00 -1000 1.75 4.59 -3.05 -1000 13.80 1.66 247.816
car -1 -1 0.00 0.00 0.00 100.00 100.00 -1000 1.75 4.82 -2.63 -1000 28.49 1.47 240.435
car -1 -1 0.00 0.00 0.00 100.00 100.00 -1000 2.65 10.99 -0.16 -1000 11.17 1.64 238.829
car -1 -1 0.00 0.00 0.00 100.00 100.00 -1000 2.04 6.28 -2.37 -1000 42.47 1.56 229.808
car -1 -1 0.00 0.00 0.00 100.00 100.00 -1000 2.16 7.11 -2.92 -1000 37.66 1.53 227.623
car -1 -1 0.00 0.00 0.00 100.00 100.00 -1000 1.63 4.14 -1.26 -1000 30.19 -0.02 215.194
car -1 -1 0.00 0.00 0.00 100.00 100.00 -1000 2.52 8.99 2.90 -1000 38.12 1.64 213.762
car -1 -1 0.00 0.00 0.00 100.00 100.00 -1000 1.76 4.81 -0.68 -1000 38.34 -0.46 212.647
car -1 -1 0.00 0.00 0.00 100.00 100.00 -1000 1.80 4.65 -4.77 -1000 35.96 0.18 196.176
car -1 -1 0.00 0.00 0.00 100.00 100.00 -1000 1.88 6.03 -2.46 -1000 35.56 0.03 189.911
car -1 -1 0.00 0.00 0.00 100.00 100.00 -1000 2.07 6.71 0.89 -1000 25.25 1.51 189.399
car -1 -1 0.00 0.00 0.00 100.00 100.00 -1000 1.84 5.88 -2.16 -1000 27.73 1.65 188.262
car -1 -1 0.00 0.00 0.00 100.00 100.00 -1000 2.17 7.16 2.33 -1000 9.08 1.72 187.725
car -1 -1 0.00 0.00 0.00 100.00 100.00 -1000 2.33 8.43 1.83 -1000 21.16 1.58 187.679
car -1 -1 0.00 0.00 0.00 100.00 100.00 -1000 2.16 7.75 -2.41 -1000 46.21 1.58 177.636
car -1 -1 0.00 0.00 0.00 100.00 100.00 -1000 2.68 5.64 -3.48 -1000 6.70 1.13 176.810
car -1 -1 0.00 0.00 0.00 100.00 100.00 -1000 2.25 7.69 -5.69 -1000 11.87 1.81 176.124
car -1 -1 0.00 0.00 0.00 100.00 100.00 -1000 2.39 8.69 -4.04 -1000 10.77 1.72 174.324
car -1 -1 0.00 0.00 0.00 100.00 100.00 -1000 2.19 7.30 2.01 -1000 14.09 1.71 169.620
car -1 -1 0.00 0.00 0.00 100.00 100.00 -1000 2.36 8.08 -4.55 -1000 40.36 1.69 168.177
car -1 -1 0.00 0.00 0.00 100.00 100.00 -1000 1.79 5.18 1.38 -1000 39.82 1.82 166.474
car -1 -1 0.00 0.00 0.00 100.00 100.00 -1000 2.17 7.28 -3.57 -1000 13.27 1.60 165.814
car -1 -1 0.00 0.00 0.00 100.00 100.00 -1000 2.03 6.51 0.42 -1000 33.27 1.51 161.432
car -1 -1 0.00 0.00 0.00 100.00 100.00 -1000 1.82 4.78 -3.00 -1000 44.39 1.36 156.742
car -1 -1 0.00 0.00 0.00 100.00 100.00 -1000 2.61 11.43 6.10 -1000 10.94 1.69 150.286
car -1 -1 0.00 0.00 0.00 100.00 100.00 -1000 4.50 17.40 -1.79 -1000 39.56 1.67 148.656
car -1 -1 0.00 0.00 0.00 100.00 100.00 -1000 2.51 10.63 6.72 -1000 23.85 1.68 145.739
car -1 -1 0.00 0.00 0.00 100.00 100.00 -1000 2.30 8.94 1.15 -1000 15.08 1.59 142.182
car -1 -1 0.00 0.00 0.00 100.00 100.00 -1000 2.54 10.48 7.63 -1000 9.73 1.64 136.431
car -1 -1 0.00 0.00 0.00 100.00 100.00 -1000 2.54 10.51 1.28 -1000 9.91 1.74 135.825
car -1 -1 0.00 0.00 0.00 100.00 100.00 -1000 1.72 5.17 -2.70 -1000 23.11 1.63 133.214
car -1 -1 0.00 0.00 0.00 100.00 100.00 -1000 1.78 5.38 1.60 -1000 35.47 1.78 127.218
car -1 -1 0.00 0.00 0.00 100.00 100.00 -1000 3.48 14.49 0.49 -1000 12.31 1.88 118.169
car -1 -1 0.00 0.00 0.00 100.00 100.00 -1000 2.11 6.84 -7.34 -1000 12.64 1.67 117.322
car -1 -1 0.00 0.00 0.00 100.00 100.00 -1000 2.35 9.36 0.42 -1000 20.36 1.48 114.098
car -1 -1 0.00 0.00 0.00 100.00 100.00 -1000 1.65 4.61 -7.25 -1000 9.85 0.17 113.527
car -1 -1 0.00 0.00 0.00 100.00 100.00 -1000 2.59 12.11 4.76 -1000 26.97 1.63 112.939
car -1 -1 0.00 0.00 0.00 100.00 100.00 -1000 2.03 6.59 0.51 -1000 30.13 1.53 110.906
car -1 -1 0.00 0.00 0.00 100.00 100.00 -1000 2.43 10.13 6.73 -1000 18.29 1.69 108.402
car -1 -1 0.00 0.00 0.00 100.00 100.00 -1000 1.57 4.31 -9.05 -1000 12.40 0.07 104.984
car -1 -1 0.00 0.00 0.00 100.00 100.00 -1000 2.00 5.98 3.16 -1000 36.66 1.82 100.057
car -1 -1 0.00 0.00 0.00 100.00 100.00 -1000 2.29 7.76 -6.67 -1000 37.97 1.70 99.211
car -1 -1 0.00 0.00 0.00 100.00 100.00 -1000 2.35 9.68 7.05 -1000 19.92 1.69 98.686
car -1 -1 0.00 0.00 0.00 100.00 100.00 -1000 2.66 12.19 0.69 -1000 16.26 1.58 98.174
car -1 -1 0.00 0.00 0.00 100.00 100.00 -1000 1.82 5.48 -3.28 -1000 30.19 -0.03 97.316
car -1 -1 0.00 0.00 0.00 100.00 100.00 -1000 1.69 4.88 -3.68 -1000 23.76 -0.01 97.058
car -1 -1 0.00 0.00 0.00 100.00 100.00 -1000 1.95 6.12 3.17 -1000 45.23 1.57 95.552
car -1 -1 0.00 0.00 0.00 100.00 100.00 -1000 2.64 12.08 -2.13 -1000 16.95 1.40 95.480
car -1 -1 0.00 0.00 0.00 100.00 100.00 -1000 1.98 6.07 3.59 -1000 6.96 -0.07 94.822
car -1 -1 0.00 0.00 0.00 100.00 100.00 -1000 2.15 6.97 0.81 -1000 38.79 1.79 93.866
car -1 -1 0.00 0.00 0.00 100.00 100.00 -1000 2.33 10.22 9.44 -1000 43.19 1.59 91.784
car -1 -1 0.00 0.00 0.00 100.00 100.00 -1000 2.47 9.85 6.78 -1000 22.56 1.70 88.883
car -1 -1 0.00 0.00 0.00 100.00 100.00 -1000 2.59 10.91 6.18 -1000 16.96 1.70 88.184
car -1 -1 0.00 0.00 0.00 100.00 100.00 -1000 1.84 5.57 -0.45 -1000 30.87 1.76 86.715
car -1 -1 0.00 0.00 0.00 100.00 100.00 -1000 1.87 5.96 -12.71 -1000 17.63 1.54 86.465
car -1 -1 0.00 0.00 0.00 100.00 100.00 -1000 2.34 9.47 1.69 -1000 23.15 1.43 84.786
car -1 -1 0.00 0.00 0.00 100.00 100.00 -1000 1.75 4.53 -6.29 -1000 10.46 -0.13 83.231
car -1 -1 0.00 0.00 0.00 100.00 100.00 -1000 2.34 9.41 -1.76 -1000 26.97 1.57 81.966
car -1 -1 0.00 0.00 0.00 100.00 100.00 -1000 2.30 9.56 7.18 -1000 12.68 1.68 78.448
car -1 -1 0.00 0.00 0.00 100.00 100.00 -1000 2.12 7.25 -0.31 -1000 43.81 1.73 74.390
car -1 -1 0.00 0.00 0.00 100.00 100.00 -1000 2.29 9.05 3.10 -1000 19.97 1.61 71.829
car -1 -1 0.00 0.00 0.00 100.00 100.00 -1000 2.69 11.63 -2.61 -1000 46.81 1.44 71.309
car -1 -1 0.00 0.00 0.00 100.00 100.00 -1000 1.68 4.07 2.40 -1000 21.88 -0.29 70.152
car -1 -1 0.00 0.00 0.00 100.00 100.00 -1000 2.45 10.79 7.94 -1000 44.05 1.64 68.869
car -1 -1 0.00 0.00 0.00 100.00 100.00 -1000 1.67 4.31 -2.94 -1000 29.30 0.12 68.568
car -1 -1 0.00 0.00 0.00 100.00 100.00 -1000 2.20 6.84 3.00 -1000 40.46 1.57 67.562
car -1 -1 0.00 0.00 0.00 100.00 100.00 -1000 2.29 8.18 0.70 -1000 34.36 1.74 65.899
car -1 -1 0.00 0.00 0.00 100.00 100.00 -1000 2.09 6.11 -2.96 -1000 41.59 1.46 65.318
car -1 -1 0.00 0.00 0.00 100.00 100.00 -1000 2.68 12.20 -0.05 -1000 19.43 1.54 65.002
car -1 -1 0.00 0.00 0.00 100.00 100.00 -1000 2.52 10.82 6.56 -1000 15.85 1.67 64.547
car -1 -1 0.00 0.00 0.00 100.00 100.00 -1000 2.51 9.78 6.73 -1000 21.19 1.65 62.732
car -1 -1 0.00 0.00 0.00 100.00 100.00 -1000 2.38 9.76 4.53 -1000 7.53 1.61 61.842
car -1 -1 0.00 0.00 0.00 100.00 100.00 -1000 2.93 12.85 1.36 -1000 41.65 1.60 61.502
car -1 -1 0.00 0.00 0.00 100.00 100.00 -1000 2.47 10.95 3.22 -1000 22.03 1.65 60.300
car -1 -1 0.00 0.00 0.00 100.00 100.00 -1000 2.38 9.62 -2.43 -1000 17.96 1.51 58.857
car -1 -1 0.00 0.00 0.00 100.00 100.00 -1000 2.32 8.28 -4.49 -1000 37.00 1.73 58.285
car -1 -1 0.00 0.00 0.00 100.00 100.00 -1000 1.43 4.18 -3.87 -1000 8.06 1.42 58.113
car -1 -1 0.00 0.00 0.00 100.00 100.00 -1000 2.45 8.88 -3.78 -1000 14.43 1.63 57.790
car -1 -1 0.00 0.00 0.00 100.00 100.00 -1000 2.55 10.64 -0.66 -1000 43.17 1.70 57.648
car -1 -1 0.00 0.00 0.00 100.00 100.00 -1000 1.63 4.28 -3.01 -1000 16.23 0.09 57.378
car -1 -1 0.00 0.00 0.00 100.00 100.00 -1000 2.38 9.40 1.37 -1000 24.53 1.59 57.006
car -1 -1 0.00 0.00 0.00 100.00 100.00 -1000 2.42 9.36 9.43 -1000 42.10 1.60 56.996
car -1 -1 0.00 0.00 0.00 100.00 100.00 -1000 2.16 9.70 5.97 -1000 27.97 1.61 53.987
car -1 -1 0.00 0.00 0.00 100.00 100.00 -1000 2.09 7.24 0.11 -1000 28.75 1.71 53.915
car -1 -1 0.00 0.00 0.00 100.00 100.00 -1000 2.28 9.52 7.15 -1000 14.32 1.67 52.196
car -1 -1 0.00 0.00 0.00 100.00 100.00 -1000 2.97 13.16 -3.96 -1000 12.31 1.58 50.643
