car -1 -1 0.00 0.00 0.00 100.00 100.00 -1000 1.75 4.65 -2.87 -1000 10.02 1.76 996.191
car -1 -1 0.00 0.00 0.00 100.00 100.00 -1000 1.72 4.19 -3.21 -1000 13.56 1.67 986.184
car -1 -1 0.00 0.00 0.00 100.00 100.00 -1000 1.73 4.32 0.23 -1000 14.42 1.73 975.279
car -1 -1 0.00 0.00 0.00 100.00 100.00 -1000 3.43 16.23 14.39 -1000 25.59 1.82 965.336
car -1 -1 0.00 0.00 0.00 100.00 100.00 -1000 1.68 4.18 -3.93 -1000 9.43 1.70 928.045
car -1 -1 0.00 0.00 0.00 100.00 100.00 -1000 1.80 4.98 1.55 -1000 14.91 1.86 904.186
car -1 -1 0.00 0.00 0.00 100.00 100.00 -1000 1.68 4.36 1.50 -1000 23.23 1.63 903.804
car -1 -1 0.00 0.00 0.00 100.00 100.00 -1000 3.40 16.97 10.69 -1000 26.33 1.78 902.118
car -1 -1 0.00 0.00 0.00 100.00 100.00 -1000 1.63 4.05 -2.61 -1000 3.83 1.68 889.930
car -1 -1 0.00 0.00 0.00 100.00 100.00 -1000 1.83 4.82 -1.71 -1000 14.31 1.76 886.047
car -1 -1 0.00 0.00 0.00 100.00 100.00 -1000 1.62 4.19 17.31 -1000 22.61 1.70 883.661
car -1 -1 0.00 0.00 0.00 100.00 100.00 -1000 1.65 4.01 -4.06 -1000 22.91 1.55 881.459
car -1 -1 0.00 0.00 0.00 100.00 100.00 -1000 1.75 4.36 -3.39 -1000 12.59 1.57 862.709
car -1 -1 0.00 0.00 0.00 100.00 100.00 -1000 2.06 6.13 -0.21 -1000 15.30 1.66 861.397
car -1 -1 0.00 0.00 0.00 100.00 100.00 -1000 1.59 3.85 -3.07 -1000 5.39 1.60 842.461
car -1 -1 0.00 0.00 0.00 100.00 100.00 -1000 1.97 5.79 -3.36 -1000 11.44 1.52 833.955
car -1 -1 0.00 0.00 0.00 100.00 100.00 -1000 1.77 4.68 -4.69 -1000 14.36 1.78 814.733
car -1 -1 0.00 0.00 0.00 100.00 100.00 -1000 1.70 4.44 -5.66 -1000 15.17 1.63 749.271
car -1 -1 0.00 0.00 0.00 100.00 100.00 -1000 1.64 4.11 -7.54 -1000 30.89 0.02 739.435
car -1 -1 0.00 0.00 0.00 100.00 100.00 -1000 1.58 3.92 -2.21 -1000 3.11 1.69 735.035
car -1 -1 0.00 0.00 0.00 100.00 100.00 -1000 1.57 3.94 -6.05 -1000 28.04 -0.11 725.924
car -1 -1 0.00 0.00 0.00 100.00 100.00 -1000 1.65 4.50 -5.75 -1000 25.65 -0.25 695.953
car -1 -1 0.00 0.00 0.00 100.00 100.00 -1000 1.57 3.77 -13.80 -1000 22.74 1.66 674.057
car -1 -1 0.00 0.00 0.00 100.00 100.00 -1000 3.51 18.58 8.10 -1000 27.43 1.78 642.843
car -1 -1 0.00 0.00 0.00 100.00 100.00 -1000 1.80 4.78 16.79 -1000 21.74 -0.00 624.596
car -1 -1 0.00 0.00 0.00 100.00 100.00 -1000 2.01 5.84 -3.67 -1000 14.94 1.56 614.826
car -1 -1 0.00 0.00 0.00 100.00 100.00 -1000 1.57 3.83 -5.77 -1000 26.68 1.64 602.200
car -1 -1 0.00 0.00 0.00 100.00 100.00 -1000 1.83 5.29 -3.05 -1000 6.12 1.61 560.004
car -1 -1 0.00 0.00 0.00 100.00 100.00 -1000 1.57 3.88 -3.53 -1000 4.62 -0.11 510.018
car -1 -1 0.00 0.00 0.00 100.00 100.00 -1000 1.58 3.94 -6.13 -1000 30.42 0.01 490.660
car -1 -1 0.00 0.00 0.00 100.00 100.00 -1000 2.07 6.85 -3.95 -1000 16.17 1.57 487.791
car -1 -1 0.00 0.00 0.00 100.00 100.00 -1000 1.75 4.76 15.17 -1000 22.49 1.73 477.278
car -1 -1 0.00 0.00 0.00 100.00 100.00 -1000 1.79 5.33 2.54 -1000 14.17 1.93 472.498
car -1 -1 0.00 0.00 0.00 100.00 100.00 -1000 1.74 4.57 1.17 -1000 22.09 -0.13 467.499
car -1 -1 0.00 0.00 0.00 100.00 100.00 -1000 1.93 6.18 3.07 -1000 15.34 1.85 465.264
car -1 -1 0.00 0.00 0.00 100.00 100.00 -1000 2.94 12.32 17.32 -1000 24.84 1.75 462.290
car -1 -1 0.00 0.00 0.00 100.00 100.00 -1000 2.45 9.00 -1.32 -1000 16.09 1.64 460.715
car -1 -1 0.00 0.00 0.00 100.00 100.00 -1000 1.84 4.94 15.02 -1000 21.60 0.11 452.417
car -1 -1 0.00 0.00 0.00 100.00 100.00 -1000 3.06 16.58 6.97 -1000 28.85 1.65 418.369
car -1 -1 0.00 0.00 0.00 100.00 100.00 -1000 1.76 4.86 -4.35 -1000 26.94 1.67 409.216
car -1 -1 0.00 0.00 0.00 100.00 100.00 -1000 1.91 5.69 -5.07 -1000 21.27 1.53 407.398
car -1 -1 0.00 0.00 0.00 100.00 100.00 -1000 1.80 5.16 -5.71 -1000 29.37 1.60 402.979
car -1 -1 0.00 0.00 0.00 100.00 100.00 -1000 1.58 3.73 -4.61 -1000 22.13 -0.02 399.947
car -1 -1 0.00 0.00 0.00 100.00 100.00 -1000 2.03 6.29 1.07 -1000 24.32 1.56 376.985
car -1 -1 0.00 0.00 0.00 100.00 100.00 -1000 1.84 5.30 -1.99 -1000 22.92 1.77 367.011
car -1 -1 0.00 0.00 0.00 100.00 100.00 -1000 1.79 5.21 -14.04 -1000 23.37 1.61 343.412
car -1 -1 0.00 0.00 0.00 100.00 100.00 -1000 1.71 4.61 -6.62 -1000 14.39 1.64 341.954
car -1 -1 0.00 0.00 0.00 100.00 100.00 -1000 1.78 4.54 -4.64 -1000 8.55 -0.21 336.407
car -1 -1 0.00 0.00 0.00 100.00 100.00 -1000 1.69 4.48 -3.14 -1000 22.36 1.61 336.342
car -1 -1 0.00 0.00 0.00 100.00 100.00 -1000 2.75 10.65 13.23 -1000 24.81 1.72 330.555
car -1 -1 0.00 0.00 0.00 100.00 100.00 -1000 1.89 5.92 10.99 -1000 23.12 1.60 320.108
car -1 -1 0.00 0.00 0.00 100.00 100.00 -1000 1.73 4.51 10.50 -1000 22.17 0.21 318.669
car -1 -1 0.00 0.00 0.00 100.00 100.00 -1000 1.75 4.43 -4.41 -1000 25.99 -0.08 315.402
car -1 -1 0.00 0.00 0.00 100.00 100.00 -1000 1.89 5.38 12.94 -1000 21.49 0.05 314.770
car -1 -1 0.00 0.00 0.00 100.00 100.00 -1000 1.80 5.22 -7.21 -1000 31.84 1.66 314.003
car -1 -1 0.00 0.00 0.00 100.00 100.00 -1000 2.87 15.02 15.95 -1000 26.78 1.65 313.717
car -1 -1 0.00 0.00 0.00 100.00 100.00 -1000 1.88 5.48 -4.36 -1000 7.71 1.67 312.372
car -1 -1 0.00 0.00 0.00 100.00 100.00 -1000 1.72 4.60 0.18 -1000 22.78 1.59 306.686
car -1 -1 0.00 0.00 0.00 100.00 100.00 -1000 2.11 7.14 1.62 -1000 18.83 1.62 302.783
car -1 -1 0.00 0.00 0.00 100.00 100.00 -1000 1.80 5.46 12.94 -1000 22.72 1.58 301.579
car -1 -1 0.00 0.00 0.00 100.00 100.00 -1000 1.45 3.28 -4.69 -1000 23.55 0.03 300.685
car -1 -1 0.00 0.00 0.00 100.00 100.00 -1000 2.04 6.62 0.21 -1000 17.95 1.55 300.055
car -1 -1 0.00 0.00 0.00 100.00 100.00 -1000 1.86 5.68 -5.20 -1000 13.36 1.72 295.449
car -1 -1 0.00 0.00 0.00 100.00 100.00 -1000 1.89 5.43 -4.00 -1000 6.82 1.57 295.080
car -1 -1 0.00 0.00 0.00 100.00 100.00 -1000 1.94 6.24 8.64 -1000 23.94 1.61 288.716
car -1 -1 0.00 0.00 0.00 100.00 100.00 -1000 1.97 6.31 -6.17 -1000 24.91 1.52 279.508
car -1 -1 0.00 0.00 0.00 100.00 100.00 -1000 1.99 6.39 7.58 -1000 24.69 1.62 279.259
car -1 -1 0.00 0.00 0.00 100.00 100.00 -1000 1.74 4.66 8.64 -1000 22.94 0.17 272.342
car -1 -1 0.00 0.00 0.00 100.00 100.00 -1000 1.82 5.06 -7.86 -1000 30.15 1.52 251.485
car -1 -1 0.00 0.00 0.00 100.00 100.00 -1000 1.64 4.23 -1.86 -1000 2.31 1.81 246.687
car -1 -1 0.00 0.00 0.00 100.00 100.00 -1000 1.95 6.01 -4.43 -1000 17.51 1.49 243.762
car -1 -1 0.00 0.00 0.00 100.00 100.00 -1000 1.77 4.97 0.04 -1000 23.65 1.55 241.389
car -1 -1 0.00 0.00 0.00 100.00 100.00 -1000 1.57 3.82 -4.39 -1000 27.67 -0.19 239.601
car -1 -1 0.00 0.00 0.00 100.00 100.00 -1000 1.94 6.21 6.03 -1000 25.55 1.59 238.520
car -1 -1 0.00 0.00 0.00 100.00 100.00 -1000 1.65 4.35 -12.10 -1000 22.99 1.68 238.199
car -1 -1 0.00 0.00 0.00 100.00 100.00 -1000 2.97 8.36 -0.67 -1000 9.93 1.86 236.775
car -1 -1 0.00 0.00 0.00 100.00 100.00 -1000 2.22 8.16 -0.72 -1000 17.14 1.55 224.004
car -1 -1 0.00 0.00 0.00 100.00 100.00 -1000 1.87 5.73 -6.34 -1000 18.44 1.54 217.174
car -1 -1 0.00 0.00 0.00 100.00 100.00 -1000 1.99 6.30 -0.85 -1000 13.54 1.88 203.721
car -1 -1 0.00 0.00 0.00 100.00 100.00 -1000 2.52 9.23 18.19 -1000 23.22 1.79 202.177
car -1 -1 0.00 0.00 0.00 100.00 100.00 -1000 2.16 7.82 0.19 -1000 21.26 1.51 200.657
car -1 -1 0.00 0.00 0.00 100.00 100.00 -1000 2.02 6.25 -6.53 -1000 27.33 1.54 194.489
car -1 -1 0.00 0.00 0.00 100.00 100.00 -1000 1.57 3.74 0.38 -1000 18.68 -0.01 192.216
car -1 -1 0.00 0.00 0.00 100.00 100.00 -1000 1.88 6.14 -2.99 -1000 21.44 1.50 185.472
car -1 -1 0.00 0.00 0.00 100.00 100.00 -1000 1.73 4.37 13.85 -1000 22.12 1.56 181.241
car -1 -1 0.00 0.00 0.00 100.00 100.00 -1000 1.93 6.19 -2.05 -1000 26.86 1.46 180.152
car -1 -1 0.00 0.00 0.00 100.00 100.00 -1000 2.06 7.02 5.03 -1000 26.34 1.61 179.940
car -1 -1 0.00 0.00 0.00 100.00 100.00 -1000 2.72 10.35 15.45 -1000 24.00 1.71 179.578
car -1 -1 0.00 0.00 0.00 100.00 100.00 -1000 3.05 16.52 4.92 -1000 29.96 1.65 172.469
car -1 -1 0.00 0.00 0.00 100.00 100.00 -1000 2.01 6.47 -5.07 -1000 23.74 1.54 162.921
car -1 -1 0.00 0.00 0.00 100.00 100.00 -1000 1.86 5.66 -1.11 -1000 22.24 1.59 158.661
car -1 -1 0.00 0.00 0.00 100.00 100.00 -1000 1.82 5.15 -4.71 -1000 28.41 1.62 150.352
car -1 -1 0.00 0.00 0.00 100.00 100.00 -1000 1.94 6.08 -5.92 -1000 22.62 1.57 142.866
car -1 -1 0.00 0.00 0.00 100.00 100.00 -1000 1.71 4.63 7.22 -1000 23.47 0.14 138.785
car -1 -1 0.00 0.00 0.00 100.00 100.00 -1000 2.20 7.70 0.73 -1000 28.95 1.47 138.279
car -1 -1 0.00 0.00 0.00 100.00 100.00 -1000 2.18 7.25 -4.09 -1000 10.57 1.64 133.243
car -1 -1 0.00 0.00 0.00 100.00 100.00 -1000 2.28 7.62 -4.20 -1000 9.41 1.70 132.873
car -1 -1 0.00 0.00 0.00 100.00 100.00 -1000 1.81 4.99 -7.30 -1000 29.06 1.56 129.735
car -1 -1 0.00 0.00 0.00 100.00 100.00 -1000 2.11 7.27 3.02 -1000 23.82 1.67 128.256
car -1 -1 0.00 0.00 0.00 100.00 100.00 -1000 1.53 4.02 -8.52 -1000 31.38 0.20 127.451
car -1 -1 0.00 0.00 0.00 100.00 100.00 -1000 2.23 7.78 3.15 -1000 25.30 1.55 119.951
car -1 -1 0.00 0.00 0.00 100.00 100.00 -1000 1.75 4.86 -19.13 -1000 23.91 1.67 119.375
car -1 -1 0.00 0.00 0.00 100.00 100.00 -1000 2.35 9.91 2.40 -1000 16.88 1.66 118.998
car -1 -1 0.00 0.00 0.00 100.00 100.00 -1000 2.95 9.65 -3.11 -1000 11.60 1.71 116.429
car -1 -1 0.00 0.00 0.00 100.00 100.00 -1000 1.69 4.52 -1.39 -1000 16.32 -0.46 115.023
car -1 -1 0.00 0.00 0.00 100.00 100.00 -1000 2.81 14.41 3.74 -1000 31.37 1.58 114.716
car -1 -1 0.00 0.00 0.00 100.00 100.00 -1000 2.14 7.93 0.63 -1000 19.92 1.40 113.437
car -1 -1 0.00 0.00 0.00 100.00 100.00 -1000 2.13 6.96 -6.68 -1000 15.85 1.62 110.308
car -1 -1 0.00 0.00 0.00 100.00 100.00 -1000 2.16 7.18 4.64 -1000 13.75 1.94 105.562
car -1 -1 0.00 0.00 0.00 100.00 100.00 -1000 1.77 5.21 -10.68 -1000 17.44 1.67 103.860
car -1 -1 0.00 0.00 0.00 100.00 100.00 -1000 2.34 8.30 -6.66 -1000 26.11 1.64 103.238
car -1 -1 0.00 0.00 0.00 100.00 100.00 -1000 2.01 6.19 5.88 -1000 24.26 1.54 100.754
car -1 -1 0.00 0.00 0.00 100.00 100.00 -1000 1.54 3.38 -1.78 -1000 18.65 -0.24 97.773
car -1 -1 0.00 0.00 0.00 100.00 100.00 -1000 2.20 7.98 2.15 -1000 26.93 1.50 96.518
car -1 -1 0.00 0.00 0.00 100.00 100.00 -1000 2.73 10.49 10.43 -1000 25.61 1.70 96.428
car -1 -1 0.00 0.00 0.00 100.00 100.00 -1000 2.15 8.33 -4.64 -1000 19.97 1.41 96.317
car -1 -1 0.00 0.00 0.00 100.00 100.00 -1000 1.65 4.97 -6.76 -1000 11.83 1.60 95.860
car -1 -1 0.00 0.00 0.00 100.00 100.00 -1000 1.97 6.97 7.99 -1000 16.79 1.67 95.732
car -1 -1 0.00 0.00 0.00 100.00 100.00 -1000 2.07 7.37 -2.74 -1000 28.78 1.47 92.485
car -1 -1 0.00 0.00 0.00 100.00 100.00 -1000 2.22 8.70 -3.94 -1000 18.81 1.38 90.905
car -1 -1 0.00 0.00 0.00 100.00 100.00 -1000 2.26 8.92 -0.42 -1000 25.11 1.63 90.029
car -1 -1 0.00 0.00 0.00 100.00 100.00 -1000 1.54 3.36 -4.04 -1000 36.49 0.20 89.767
car -1 -1 0.00 0.00 0.00 100.00 100.00 -1000 1.96 6.06 -6.02 -1000 12.57 1.58 88.189
car -1 -1 0.00 0.00 0.00 100.00 100.00 -1000 2.51 12.15 1.20 -1000 38.29 1.57 85.620
car -1 -1 0.00 0.00 0.00 100.00 100.00 -1000 2.69 12.00 2.75 -1000 33.88 1.58 85.481
car -1 -1 0.00 0.00 0.00 100.00 100.00 -1000 1.88 5.60 -13.47 -1000 27.33 1.47 84.807
car -1 -1 0.00 0.00 0.00 100.00 100.00 -1000 2.20 8.42 -8.13 -1000 18.87 1.51 83.752
car -1 -1 0.00 0.00 0.00 100.00 100.00 -1000 2.02 6.64 -2.36 -1000 23.71 1.66 83.538
car -1 -1 0.00 0.00 0.00 100.00 100.00 -1000 1.53 3.43 -1.74 -1000 17.74 -0.26 83.399
car -1 -1 0.00 0.00 0.00 100.00 100.00 -1000 1.95 5.83 -0.46 -1000 3.02 1.74 83.141
car -1 -1 0.00 0.00 0.00 100.00 100.00 -1000 1.88 5.94 -12.13 -1000 23.68 1.64 82.170
car -1 -1 0.00 0.00 0.00 100.00 100.00 -1000 2.29 9.12 -3.83 -1000 35.72 1.41 80.788
car -1 -1 0.00 0.00 0.00 100.00 100.00 -1000 1.85 6.57 -6.51 -1000 11.10 1.69 79.953
car -1 -1 0.00 0.00 0.00 100.00 100.00 -1000 1.59 4.23 -13.54 -1000 21.72 1.71 79.391
car -1 -1 0.00 0.00 0.00 100.00 100.00 -1000 1.69 5.48 2.06 -1000 17.11 -0.03 78.905
car -1 -1 0.00 0.00 0.00 100.00 100.00 -1000 1.60 4.69 -4.09 -1000 29.78 -0.12 78.495
car -1 -1 0.00 0.00 0.00 100.00 100.00 -1000 2.01 7.14 3.80 -1000 27.65 1.60 78.086
car -1 -1 0.00 0.00 0.00 100.00 100.00 -1000 2.31 8.06 -6.95 -1000 32.53 1.62 77.458
car -1 -1 0.00 0.00 0.00 100.00 100.00 -1000 1.84 5.38 -11.39 -1000 18.32 1.60 77.400
car -1 -1 0.00 0.00 0.00 100.00 100.00 -1000 1.98 6.36 -7.57 -1000 20.83 1.52 76.937
car -1 -1 0.00 0.00 0.00 100.00 100.00 -1000 2.17 8.52 8.10 -1000 18.10 1.65 76.671
car -1 -1 0.00 0.00 0.00 100.00 100.00 -1000 1.91 6.25 -7.62 -1000 16.87 1.47 76.384
car -1 -1 0.00 0.00 0.00 100.00 100.00 -1000 1.57 3.96 -8.25 -1000 28.37 0.38 75.635
car -1 -1 0.00 0.00 0.00 100.00 100.00 -1000 1.70 4.44 18.38 -1000 22.10 -0.43 74.081
car -1 -1 0.00 0.00 0.00 100.00 100.00 -1000 1.75 5.31 -11.93 -1000 46.54 1.53 72.656
car -1 -1 0.00 0.00 0.00 100.00 100.00 -1000 2.09 6.80 6.91 -1000 7.15 1.86 72.200
car -1 -1 0.00 0.00 0.00 100.00 100.00 -1000 1.69 4.62 -15.43 -1000 22.39 0.17 71.703
car -1 -1 0.00 0.00 0.00 100.00 100.00 -1000 2.02 6.70 2.90 -1000 22.64 1.70 70.201
car -1 -1 0.00 0.00 0.00 100.00 100.00 -1000 2.45 11.38 1.97 -1000 35.89 1.59 69.064
car -1 -1 0.00 0.00 0.00 100.00 100.00 -1000 2.18 7.60 -15.46 -1000 29.67 1.48 68.486
car -1 -1 0.00 0.00 0.00 100.00 100.00 -1000 2.35 6.96 -3.19 -1000 5.26 1.62 68.119
car -1 -1 0.00 0.00 0.00 100.00 100.00 -1000 2.08 6.69 -1.88 -1000 4.43 1.73 67.712
car -1 -1 0.00 0.00 0.00 100.00 100.00 -1000 2.05 7.52 2.79 -1000 28.52 1.58 66.708
car -1 -1 0.00 0.00 0.00 100.00 100.00 -1000 1.83 5.35 -7.46 -1000 13.54 1.62 66.478
car -1 -1 0.00 0.00 0.00 100.00 100.00 -1000 1.99 7.23 -8.59 -1000 27.77 1.66 66.453
car -1 -1 0.00 0.00 0.00 100.00 100.00 -1000 2.06 7.33 -1.01 -1000 19.13 1.42 65.582
car -1 -1 0.00 0.00 0.00 100.00 100.00 -1000 1.55 4.00 -6.79 -1000 26.12 0.11 64.621
car -1 -1 0.00 0.00 0.00 100.00 100.00 -1000 1.57 4.30 -4.39 -1000 16.85 -0.02 63.825
car -1 -1 0.00 0.00 0.00 100.00 100.00 -1000 1.96 6.24 -9.81 -1000 30.95 1.56 62.264
car -1 -1 0.00 0.00 0.00 100.00 100.00 -1000 1.49 3.99 -7.04 -1000 15.51 0.25 61.417
car -1 -1 0.00 0.00 0.00 100.00 100.00 -1000 1.76 5.11 -10.65 -1000 22.58 1.51 61.184
car -1 -1 0.00 0.00 0.00 100.00 100.00 -1000 2.41 10.63 -2.89 -1000 17.85 1.56 61.118
car -1 -1 0.00 0.00 0.00 100.00 100.00 -1000 2.49 8.01 -2.50 -1000 12.60 1.77 60.823
car -1 -1 0.00 0.00 0.00 100.00 100.00 -1000 2.30 9.53 -1.38 -1000 26.07 1.57 60.563
car -1 -1 0.00 0.00 0.00 100.00 100.00 -1000 1.93 6.14 -7.01 -1000 21.84 1.61 60.253
car -1 -1 0.00 0.00 0.00 100.00 100.00 -1000 2.24 10.34 2.88 -1000 36.84 1.61 57.274
car -1 -1 0.00 0.00 0.00 100.00 100.00 -1000 2.22 8.20 -4.89 -1000 30.07 1.60 55.350
car -1 -1 0.00 0.00 0.00 100.00 100.00 -1000 2.32 9.57 -3.36 -1000 24.40 1.52 54.967
car -1 -1 0.00 0.00 0.00 100.00 100.00 -1000 2.08 7.71 6.50 -1000 17.39 1.62 54.867
car -1 -1 0.00 0.00 0.00 100.00 100.00 -1000 1.95 6.23 -12.57 -1000 40.11 1.48 54.641
car -1 -1 0.00 0.00 0.00 100.00 100.00 -1000 1.78 5.36 -1.47 -1000 1.53 1.69 54.098
car -1 -1 0.00 0.00 0.00 100.00 100.00 -1000 1.61 3.86 -15.01 -1000 23.91 -0.14 53.798
car -1 -1 0.00 0.00 0.00 100.00 100.00 -1000 2.07 7.66 -2.06 -1000 34.47 1.59 52.991
car -1 -1 0.00 0.00 0.00 100.00 100.00 -1000 1.88 6.13 -6.90 -1000 33.70 1.37 52.201
car -1 -1 0.00 0.00 0.00 100.00 100.00 -1000 2.20 8.12 -3.13 -1000 27.75 1.63 51.620
car -1 -1 0.00 0.00 0.00 100.00 100.00 -1000 1.55 3.17 -1.05 -1000 27.57 0.02 51.201
car -1 -1 0.00 0.00 0.00 100.00 100.00 -1000 2.62 10.17 10.99 -1000 23.98 1.67 51.197
