car -1 -1 0.00 0.00 0.00 100.00 100.00 -1000 1.74 4.36 -4.22 -1000 12.27 1.62 998.735
car -1 -1 0.00 0.00 0.00 100.00 100.00 -1000 1.66 3.67 -4.34 -1000 11.49 1.44 994.366
car -1 -1 0.00 0.00 0.00 100.00 100.00 -1000 1.47 3.27 -16.01 -1000 21.48 1.61 975.489
car -1 -1 0.00 0.00 0.00 100.00 100.00 -1000 2.13 6.72 -3.10 -1000 12.91 1.63 948.784
car -1 -1 0.00 0.00 0.00 100.00 100.00 -1000 2.53 10.58 -5.55 -1000 14.16 1.57 865.266
car -1 -1 0.00 0.00 0.00 100.00 100.00 -1000 1.56 3.74 4.54 -1000 6.65 1.88 863.379
car -1 -1 0.00 0.00 0.00 100.00 100.00 -1000 1.59 3.78 14.57 -1000 18.93 -0.15 790.150
car -1 -1 0.00 0.00 0.00 100.00 100.00 -1000 1.50 3.62 5.93 -1000 7.35 -0.39 720.173
car -1 -1 0.00 0.00 0.00 100.00 100.00 -1000 1.62 3.89 15.13 -1000 19.76 1.68 642.583
car -1 -1 0.00 0.00 0.00 100.00 100.00 -1000 2.40 8.86 -3.51 -1000 14.77 1.64 628.791
car -1 -1 0.00 0.00 0.00 100.00 100.00 -1000 1.60 4.26 7.90 -1000 14.04 -0.41 599.361
car -1 -1 0.00 0.00 0.00 100.00 100.00 -1000 2.90 12.96 0.44 -1000 23.22 1.65 535.232
car -1 -1 0.00 0.00 0.00 100.00 100.00 -1000 1.49 3.44 -16.64 -1000 22.06 -0.14 451.180
car -1 -1 0.00 0.00 0.00 100.00 100.00 -1000 1.48 3.76 -16.36 -1000 20.75 0.00 439.530
car -1 -1 0.00 0.00 0.00 100.00 100.00 -1000 1.53 3.66 3.85 -1000 5.96 1.69 400.571
car -1 -1 0.00 0.00 0.00 100.00 100.00 -1000 1.58 3.86 8.70 -1000 13.08 -0.38 362.408
car -1 -1 0.00 0.00 0.00 100.00 100.00 -1000 2.19 7.37 -2.33 -1000 19.79 1.52 313.362
car -1 -1 0.00 0.00 0.00 100.00 100.00 -1000 1.60 4.11 2.86 -1000 28.58 -0.14 303.243
car -1 -1 0.00 0.00 0.00 100.00 100.00 -1000 1.67 4.51 -18.05 -1000 26.28 1.50 294.739
car -1 -1 0.00 0.00 0.00 100.00 100.00 -1000 1.76 5.05 6.85 -1000 12.55 -0.16 291.678
car -1 -1 0.00 0.00 0.00 100.00 100.00 -1000 1.77 4.97 7.16 -1000 13.39 1.61 290.569
car -1 -1 0.00 0.00 0.00 100.00 100.00 -1000 2.36 8.36 8.52 -1000 14.60 1.48 284.378
car -1 -1 0.00 0.00 0.00 100.00 100.00 -1000 1.80 4.88 -14.31 -1000 26.96 1.59 275.750
car -1 -1 0.00 0.00 0.00 100.00 100.00 -1000 1.69 5.04 -5.26 -1000 10.55 -0.25 265.071
car -1 -1 0.00 0.00 0.00 100.00 100.00 -1000 1.88 5.70 6.07 -1000 8.26 1.60 260.053
car -1 -1 0.00 0.00 0.00 100.00 100.00 -1000 2.09 7.19 -2.53 -1000 16.47 1.65 254.739
car -1 -1 0.00 0.00 0.00 100.00 100.00 -1000 2.45 10.89 2.73 -1000 23.95 1.56 225.486
car -1 -1 0.00 0.00 0.00 100.00 100.00 -1000 1.94 6.04 -16.17 -1000 22.80 1.49 224.150
car -1 -1 0.00 0.00 0.00 100.00 100.00 -1000 2.64 9.93 -1.23 -1000 15.58 1.54 219.772
car -1 -1 0.00 0.00 0.00 100.00 100.00 -1000 2.29 8.39 6.33 -1000 16.89 1.75 212.714
car -1 -1 0.00 0.00 0.00 100.00 100.00 -1000 2.48 9.06 -1.78 -1000 20.67 1.58 212.536
car -1 -1 0.00 0.00 0.00 100.00 100.00 -1000 1.49 3.94 -17.21 -1000 21.22 0.14 207.767
car -1 -1 0.00 0.00 0.00 100.00 100.00 -1000 2.05 6.40 15.07 -1000 20.21 1.61 179.314
car -1 -1 0.00 0.00 0.00 100.00 100.00 -1000 1.87 5.73 2.17 -1000 18.46 0.18 175.291
car -1 -1 0.00 0.00 0.00 100.00 100.00 -1000 1.77 4.92 3.10 -1000 5.34 -0.14 167.594
car -1 -1 0.00 0.00 0.00 100.00 100.00 -1000 2.26 8.30 8.99 -1000 17.43 1.53 159.979
car -1 -1 0.00 0.00 0.00 100.00 100.00 -1000 1.97 5.90 4.38 -1000 10.99 1.58 156.058
car -1 -1 0.00 0.00 0.00 100.00 100.00 -1000 1.87 5.60 -16.76 -1000 23.65 1.52 151.990
car -1 -1 0.00 0.00 0.00 100.00 100.00 -1000 2.18 7.83 6.57 -1000 15.09 1.45 150.803
car -1 -1 0.00 0.00 0.00 100.00 100.00 -1000 1.86 5.57 13.23 -1000 18.42 1.68 149.391
car -1 -1 0.00 0.00 0.00 100.00 100.00 -1000 2.00 6.77 4.96 -1000 18.09 -0.31 149.251
car -1 -1 0.00 0.00 0.00 100.00 100.00 -1000 1.71 4.94 -16.88 -1000 20.03 0.07 142.813
car -1 -1 0.00 0.00 0.00 100.00 100.00 -1000 2.01 6.34 -15.01 -1000 22.04 1.74 136.587
car -1 -1 0.00 0.00 0.00 100.00 100.00 -1000 1.42 3.48 -18.61 -1000 22.03 0.09 132.330
car -1 -1 0.00 0.00 0.00 100.00 100.00 -1000 1.87 5.83 9.63 -1000 13.61 1.57 130.567
car -1 -1 0.00 0.00 0.00 100.00 100.00 -1000 1.81 5.24 5.85 -1000 6.28 1.75 128.521
car -1 -1 0.00 0.00 0.00 100.00 100.00 -1000 2.41 10.22 -3.40 -1000 17.16 1.54 121.367
car -1 -1 0.00 0.00 0.00 100.00 100.00 -1000 1.82 5.43 0.40 -1000 32.64 1.71 119.712
car -1 -1 0.00 0.00 0.00 100.00 100.00 -1000 2.40 8.78 0.31 -1000 16.37 1.57 117.425
car -1 -1 0.00 0.00 0.00 100.00 100.00 -1000 1.70 4.11 5.07 -1000 18.61 -0.14 113.010
car -1 -1 0.00 0.00 0.00 100.00 100.00 -1000 1.78 5.25 15.04 -1000 18.02 1.78 112.547
car -1 -1 0.00 0.00 0.00 100.00 100.00 -1000 2.01 6.33 -14.91 -1000 26.18 1.70 108.218
car -1 -1 0.00 0.00 0.00 100.00 100.00 -1000 2.65 11.06 -16.10 -1000 23.46 1.48 104.244
car -1 -1 0.00 0.00 0.00 100.00 100.00 -1000 1.85 5.50 3.22 -1000 29.35 1.54 103.933
car -1 -1 0.00 0.00 0.00 100.00 100.00 -1000 2.57 10.40 6.10 -1000 18.66 1.47 103.026
car -1 -1 0.00 0.00 0.00 100.00 100.00 -1000 1.75 5.04 -11.54 -1000 14.98 1.52 100.138
car -1 -1 0.00 0.00 0.00 100.00 100.00 -1000 2.42 9.59 -15.78 -1000 25.19 1.62 93.647
car -1 -1 0.00 0.00 0.00 100.00 100.00 -1000 2.13 8.24 4.10 -1000 15.97 1.38 86.660
car -1 -1 0.00 0.00 0.00 100.00 100.00 -1000 2.19 7.75 -14.95 -1000 27.47 1.54 84.474
car -1 -1 0.00 0.00 0.00 100.00 100.00 -1000 2.06 6.61 14.13 -1000 19.34 1.58 83.493
car -1 -1 0.00 0.00 0.00 100.00 100.00 -1000 2.82 12.13 -0.33 -1000 14.00 1.55 83.482
car -1 -1 0.00 0.00 0.00 100.00 100.00 -1000 2.00 6.70 -6.31 -1000 17.52 1.47 82.083
car -1 -1 0.00 0.00 0.00 100.00 100.00 -1000 1.90 6.36 2.40 -1000 14.99 -0.20 81.554
car -1 -1 0.00 0.00 0.00 100.00 100.00 -1000 2.14 7.23 11.07 -1000 18.24 1.69 80.611
car -1 -1 0.00 0.00 0.00 100.00 100.00 -1000 1.92 5.67 -12.42 -1000 15.65 1.49 80.314
car -1 -1 0.00 0.00 0.00 100.00 100.00 -1000 2.40 12.16 5.59 -1000 23.14 1.47 79.570
car -1 -1 0.00 0.00 0.00 100.00 100.00 -1000 1.46 3.59 -19.02 -1000 26.78 0.21 79.504
car -1 -1 0.00 0.00 0.00 100.00 100.00 -1000 2.43 8.92 -0.46 -1000 21.60 1.56 75.799
car -1 -1 0.00 0.00 0.00 100.00 100.00 -1000 2.06 7.00 -16.53 -1000 26.91 1.62 74.683
car -1 -1 0.00 0.00 0.00 100.00 100.00 -1000 1.63 4.58 16.46 -1000 19.07 0.05 73.701
car -1 -1 0.00 0.00 0.00 100.00 100.00 -1000 1.70 5.46 5.05 -1000 5.56 -0.11 73.332
car -1 -1 0.00 0.00 0.00 100.00 100.00 -1000 2.25 8.23 -17.38 -1000 24.26 1.57 71.552
car -1 -1 0.00 0.00 0.00 100.00 100.00 -1000 2.15 7.09 7.74 -1000 7.77 1.75 69.637
car -1 -1 0.00 0.00 0.00 100.00 100.00 -1000 2.37 8.14 -2.23 -1000 18.25 1.50 68.012
car -1 -1 0.00 0.00 0.00 100.00 100.00 -1000 2.44 9.56 -5.77 -1000 19.80 1.51 67.961
car -1 -1 0.00 0.00 0.00 100.00 100.00 -1000 1.90 6.06 10.77 -1000 12.66 1.59 67.705
car -1 -1 0.00 0.00 0.00 100.00 100.00 -1000 2.45 10.22 1.44 -1000 19.69 1.62 67.338
car -1 -1 0.00 0.00 0.00 100.00 100.00 -1000 1.59 4.08 -19.01 -1000 22.73 0.17 66.214
car -1 -1 0.00 0.00 0.00 100.00 100.00 -1000 1.73 5.14 -18.77 -1000 21.51 1.77 65.824
car -1 -1 0.00 0.00 0.00 100.00 100.00 -1000 2.37 10.11 -12.41 -1000 24.60 1.60 64.537
car -1 -1 0.00 0.00 0.00 100.00 100.00 -1000 1.77 5.13 -12.31 -1000 14.26 1.67 62.121
car -1 -1 0.00 0.00 0.00 100.00 100.00 -1000 2.19 7.57 17.34 -1000 19.81 1.70 62.088
car -1 -1 0.00 0.00 0.00 100.00 100.00 -1000 2.01 6.69 -5.84 -1000 12.82 1.63 61.156
car -1 -1 0.00 0.00 0.00 100.00 100.00 -1000 2.19 7.21 -6.86 -1000 15.18 1.46 60.981
car -1 -1 0.00 0.00 0.00 100.00 100.00 -1000 2.75 11.14 -3.69 -1000 19.10 1.63 60.938
car -1 -1 0.00 0.00 0.00 100.00 100.00 -1000 1.50 3.67 6.41 -1000 14.52 0.10 60.766
car -1 -1 0.00 0.00 0.00 100.00 100.00 -1000 3.05 15.12 9.19 -1000 16.28 1.62 60.444
car -1 -1 0.00 0.00 0.00 100.00 100.00 -1000 2.14 7.41 0.46 -1000 33.39 1.52 59.641
car -1 -1 0.00 0.00 0.00 100.00 100.00 -1000 2.45 8.57 -2.93 -1000 22.46 1.55 59.183
car -1 -1 0.00 0.00 0.00 100.00 100.00 -1000 2.02 6.74 5.72 -1000 14.29 1.58 56.761
car -1 -1 0.00 0.00 0.00 100.00 100.00 -1000 1.89 5.89 3.70 -1000 27.96 1.65 55.438
car -1 -1 0.00 0.00 0.00 100.00 100.00 -1000 1.68 4.23 10.04 -1000 17.85 -0.22 54.244
car -1 -1 0.00 0.00 0.00 100.00 100.00 -1000 2.00 6.56 -4.43 -1000 15.97 0.03 52.167
car -1 -1 0.00 0.00 0.00 100.00 100.00 -1000 2.27 9.85 -4.57 -1000 11.16 -0.21 51.055
