car -1 -1 0.00 0.00 0.00 100.00 100.00 -1000 1.70 4.20 -5.30 -1000 15.16 -0.19 998.700
car -1 -1 0.00 0.00 0.00 100.00 100.00 -1000 1.68 4.04 3.71 -1000 11.06 -0.23 998.665
car -1 -1 0.00 0.00 0.00 100.00 100.00 -1000 1.68 4.15 -4.33 -1000 16.07 1.61 997.250
car -1 -1 0.00 0.00 0.00 100.00 100.00 -1000 1.67 3.94 -4.40 -1000 31.87 1.58 996.833
car -1 -1 0.00 0.00 0.00 100.00 100.00 -1000 1.66 4.05 5.33 -1000 32.36 -0.56 996.811
car -1 -1 0.00 0.00 0.00 100.00 100.00 -1000 1.68 3.83 -4.83 -1000 26.38 1.65 995.869
car -1 -1 0.00 0.00 0.00 100.00 100.00 -1000 1.74 4.43 3.82 -1000 11.99 1.80 995.802
car -1 -1 0.00 0.00 0.00 100.00 100.00 -1000 1.67 4.10 -5.40 -1000 25.71 -0.09 994.737
car -1 -1 0.00 0.00 0.00 100.00 100.00 -1000 1.64 4.19 -5.43 -1000 30.81 -0.49 994.301
car -1 -1 0.00 0.00 0.00 100.00 100.00 -1000 1.72 4.31 3.16 -1000 41.46 0.04 984.189
car -1 -1 0.00 0.00 0.00 100.00 100.00 -1000 1.67 4.14 3.64 -1000 14.43 -0.43 976.550
car -1 -1 0.00 0.00 0.00 100.00 100.00 -1000 1.82 4.72 5.28 -1000 33.19 1.70 954.074
car -1 -1 0.00 0.00 0.00 100.00 100.00 -1000 1.77 4.41 4.87 -1000 11.50 -0.87 944.424
car -1 -1 0.00 0.00 0.00 100.00 100.00 -1000 1.52 3.60 11.24 -1000 28.84 -0.22 934.941
car -1 -1 0.00 0.00 0.00 100.00 100.00 -1000 1.68 4.06 4.04 -1000 31.96 1.77 925.076
car -1 -1 0.00 0.00 0.00 100.00 100.00 -1000 1.64 3.97 4.34 -1000 42.10 1.56 916.509
car -1 -1 0.00 0.00 0.00 100.00 100.00 -1000 2.02 6.19 4.05 -1000 12.90 1.73 904.880
car -1 -1 0.00 0.00 0.00 100.00 100.00 -1000 1.63 3.83 -5.90 -1000 14.40 1.63 870.537
car -1 -1 0.00 0.00 0.00 100.00 100.00 -1000 1.54 3.91 -6.43 -1000 25.08 0.09 849.568
car -1 -1 0.00 0.00 0.00 100.00 100.00 -1000 1.63 4.08 -2.09 -1000 37.97 1.65 829.823
car -1 -1 0.00 0.00 0.00 100.00 100.00 -1000 1.63 4.00 1.35 -1000 42.23 1.58 816.407
car -1 -1 0.00 0.00 0.00 100.00 100.00 -1000 1.94 5.84 -4.25 -1000 32.48 1.76 798.357
car -1 -1 0.00 0.00 0.00 100.00 100.00 -1000 1.41 3.12 -13.04 -1000 47.80 1.57 795.683
car -1 -1 0.00 0.00 0.00 100.00 100.00 -1000 1.68 4.37 2.72 -1000 42.52 1.64 748.631
car -1 -1 0.00 0.00 0.00 100.00 100.00 -1000 1.61 3.98 11.89 -1000 29.50 1.77 685.800
car -1 -1 0.00 0.00 0.00 100.00 100.00 -1000 2.39 9.42 5.02 -1000 13.62 1.78 640.194
car -1 -1 0.00 0.00 0.00 100.00 100.00 -1000 1.75 4.69 -3.36 -1000 44.98 1.56 631.035
car -1 -1 0.00 0.00 0.00 100.00 100.00 -1000 1.53 3.96 -6.76 -1000 14.91 0.25 625.573
car -1 -1 0.00 0.00 0.00 100.00 100.00 -1000 1.90 5.69 -4.37 -1000 27.13 1.64 625.332
car -1 -1 0.00 0.00 0.00 100.00 100.00 -1000 2.09 6.43 -4.50 -1000 16.71 1.62 611.563
car -1 -1 0.00 0.00 0.00 100.00 100.00 -1000 1.72 4.46 5.49 -1000 10.74 -0.01 610.039
car -1 -1 0.00 0.00 0.00 100.00 100.00 -1000 1.85 5.27 3.64 -1000 15.21 1.64 593.233
car -1 -1 0.00 0.00 0.00 100.00 100.00 -1000 1.65 4.51 6.67 -1000 32.71 -0.40 536.548
car -1 -1 0.00 0.00 0.00 100.00 100.00 -1000 2.87 14.76 -1.11 -1000 18.43 1.79 503.377
car -1 -1 0.00 0.00 0.00 100.00 100.00 -1000 1.55 3.66 -2.48 -1000 37.19 -0.00 470.728
car -1 -1 0.00 0.00 0.00 100.00 100.00 -1000 1.85 4.89 4.94 -1000 13.97 -0.85 459.699
car -1 -1 0.00 0.00 0.00 100.00 100.00 -1000 2.85 12.95 -0.45 -1000 34.95 1.77 449.791
car -1 -1 0.00 0.00 0.00 100.00 100.00 -1000 2.11 7.17 5.57 -1000 12.38 1.80 429.939
car -1 -1 0.00 0.00 0.00 100.00 100.00 -1000 1.54 3.98 -7.46 -1000 25.55 0.12 412.279
car -1 -1 0.00 0.00 0.00 100.00 100.00 -1000 1.67 4.42 -4.72 -1000 30.17 1.85 408.636
car -1 -1 0.00 0.00 0.00 100.00 100.00 -1000 1.75 4.78 -4.43 -1000 45.57 1.53 398.603
car -1 -1 0.00 0.00 0.00 100.00 100.00 -1000 1.82 5.17 -1.54 -1000 44.68 1.64 382.587
car -1 -1 0.00 0.00 0.00 100.00 100.00 -1000 1.67 4.41 -4.76 -1000 24.92 1.90 373.682
car -1 -1 0.00 0.00 0.00 100.00 100.00 -1000 1.62 4.23 5.25 -1000 41.55 -0.20 371.281
car -1 -1 0.00 0.00 0.00 100.00 100.00 -1000 1.86 5.22 1.47 -1000 42.94 1.62 360.274
car -1 -1 0.00 0.00 0.00 100.00 100.00 -1000 3.03 13.55 3.58 -1000 45.75 1.70 348.927
car -1 -1 0.00 0.00 0.00 100.00 100.00 -1000 1.91 5.67 -3.11 -1000 26.51 1.88 347.190
car -1 -1 0.00 0.00 0.00 100.00 100.00 -1000 1.61 4.07 3.06 -1000 31.35 -0.09 341.815
car -1 -1 0.00 0.00 0.00 100.00 100.00 -1000 2.31 8.80 4.92 -1000 14.71 1.71 333.052
car -1 -1 0.00 0.00 0.00 100.00 100.00 -1000 1.60 4.02 -0.30 -1000 42.78 1.57 314.636
car -1 -1 0.00 0.00 0.00 100.00 100.00 -1000 1.87 5.22 -6.29 -1000 15.88 1.63 302.013
car -1 -1 0.00 0.00 0.00 100.00 100.00 -1000 1.92 6.06 3.57 -1000 32.62 1.63 292.870
car -1 -1 0.00 0.00 0.00 100.00 100.00 -1000 1.99 5.94 11.67 -1000 30.15 1.73 284.775
car -1 -1 0.00 0.00 0.00 100.00 100.00 -1000 2.41 8.92 4.72 -1000 44.91 1.60 284.462
car -1 -1 0.00 0.00 0.00 100.00 100.00 -1000 1.68 4.56 11.47 -1000 28.13 1.91 277.482
car -1 -1 0.00 0.00 0.00 100.00 100.00 -1000 2.31 6.42 -2.53 -1000 16.26 1.83 266.982
car -1 -1 0.00 0.00 0.00 100.00 100.00 -1000 2.13 7.03 5.54 -1000 33.81 1.61 266.951
car -1 -1 0.00 0.00 0.00 100.00 100.00 -1000 1.67 4.64 4.22 -1000 5.53 1.64 263.857
car -1 -1 0.00 0.00 0.00 100.00 100.00 -1000 1.50 3.67 -4.14 -1000 44.27 1.50 260.476
car -1 -1 0.00 0.00 0.00 100.00 100.00 -1000 2.91 11.19 -2.19 -1000 17.17 1.87 259.651
car -1 -1 0.00 0.00 0.00 100.00 100.00 -1000 2.21 7.33 -4.56 -1000 34.05 1.67 254.774
car -1 -1 0.00 0.00 0.00 100.00 100.00 -1000 1.78 4.89 -0.22 -1000 44.17 1.58 253.770
car -1 -1 0.00 0.00 0.00 100.00 100.00 -1000 1.94 6.05 -3.03 -1000 35.80 1.64 253.546
car -1 -1 0.00 0.00 0.00 100.00 100.00 -1000 1.96 6.04 4.37 -1000 42.86 1.63 246.449
car -1 -1 0.00 0.00 0.00 100.00 100.00 -1000 1.61 3.97 11.88 -1000 18.42 -0.17 240.818
car -1 -1 0.00 0.00 0.00 100.00 100.00 -1000 2.23 8.14 6.16 -1000 17.15 1.57 240.740
car -1 -1 0.00 0.00 0.00 100.00 100.00 -1000 1.54 3.98 -14.15 -1000 47.36 0.19 239.896
car -1 -1 0.00 0.00 0.00 100.00 100.00 -1000 1.93 5.91 -2.55 -1000 31.76 1.84 230.731
car -1 -1 0.00 0.00 0.00 100.00 100.00 -1000 2.21 7.68 2.05 -1000 45.65 1.71 224.637
car -1 -1 0.00 0.00 0.00 100.00 100.00 -1000 1.63 4.07 3.64 -1000 4.80 -0.17 224.211
car -1 -1 0.00 0.00 0.00 100.00 100.00 -1000 1.60 4.16 -6.42 -1000 13.54 -0.06 220.986
car -1 -1 0.00 0.00 0.00 100.00 100.00 -1000 1.86 5.46 3.35 -1000 30.32 1.63 218.634
car -1 -1 0.00 0.00 0.00 100.00 100.00 -1000 1.67 4.37 5.59 -1000 29.19 -0.21 214.181
car -1 -1 0.00 0.00 0.00 100.00 100.00 -1000 1.75 5.63 1.20 -1000 41.62 -0.02 211.297
car -1 -1 0.00 0.00 0.00 100.00 100.00 -1000 1.64 4.36 -3.24 -1000 43.41 0.05 203.846
car -1 -1 0.00 0.00 0.00 100.00 100.00 -1000 1.88 4.73 -3.35 -1000 15.46 1.79 203.333
car -1 -1 0.00 0.00 0.00 100.00 100.00 -1000 1.78 5.04 6.26 -1000 42.41 1.74 201.245
car -1 -1 0.00 0.00 0.00 100.00 100.00 -1000 1.97 6.02 -1.72 -1000 38.55 1.57 199.686
car -1 -1 0.00 0.00 0.00 100.00 100.00 -1000 1.73 4.67 -16.69 -1000 21.42 1.53 197.376
car -1 -1 0.00 0.00 0.00 100.00 100.00 -1000 2.60 9.59 -4.43 -1000 33.02 1.64 194.940
car -1 -1 0.00 0.00 0.00 100.00 100.00 -1000 2.64 10.21 -3.13 -1000 27.66 1.77 194.692
car -1 -1 0.00 0.00 0.00 100.00 100.00 -1000 1.90 5.80 6.27 -1000 31.67 1.91 188.740
car -1 -1 0.00 0.00 0.00 100.00 100.00 -1000 1.64 4.45 4.34 -1000 40.79 -0.11 187.317
car -1 -1 0.00 0.00 0.00 100.00 100.00 -1000 1.72 4.84 5.39 -1000 14.87 -0.62 183.645
car -1 -1 0.00 0.00 0.00 100.00 100.00 -1000 2.16 7.96 6.38 -1000 15.58 1.67 179.447
car -1 -1 0.00 0.00 0.00 100.00 100.00 -1000 1.84 5.51 -4.08 -1000 36.80 1.59 178.597
car -1 -1 0.00 0.00 0.00 100.00 100.00 -1000 1.56 4.05 -6.35 -1000 30.27 0.24 177.107
car -1 -1 0.00 0.00 0.00 100.00 100.00 -1000 1.60 4.27 -2.09 -1000 43.94 -0.08 176.315
car -1 -1 0.00 0.00 0.00 100.00 100.00 -1000 2.02 6.48 -4.16 -1000 46.28 1.52 174.965
car -1 -1 0.00 0.00 0.00 100.00 100.00 -1000 1.93 5.77 -6.66 -1000 26.24 1.57 173.691
car -1 -1 0.00 0.00 0.00 100.00 100.00 -1000 2.04 6.53 7.69 -1000 33.45 1.75 172.468
car -1 -1 0.00 0.00 0.00 100.00 100.00 -1000 2.91 17.22 -2.23 -1000 19.58 1.66 168.625
car -1 -1 0.00 0.00 0.00 100.00 100.00 -1000 2.06 7.75 4.86 -1000 6.91 1.58 151.309
car -1 -1 0.00 0.00 0.00 100.00 100.00 -1000 1.88 5.61 4.71 -1000 9.90 1.72 143.610
car -1 -1 0.00 0.00 0.00 100.00 100.00 -1000 2.26 7.76 -0.66 -1000 26.56 1.82 143.249
car -1 -1 0.00 0.00 0.00 100.00 100.00 -1000 1.68 4.45 -18.72 -1000 35.92 1.65 142.382
car -1 -1 0.00 0.00 0.00 100.00 100.00 -1000 2.03 6.59 -4.85 -1000 29.48 1.67 141.495
car -1 -1 0.00 0.00 0.00 100.00 100.00 -1000 2.31 8.30 3.83 -1000 15.85 1.60 136.743
car -1 -1 0.00 0.00 0.00 100.00 100.00 -1000 2.33 8.27 -7.26 -1000 33.83 1.61 135.669
car -1 -1 0.00 0.00 0.00 100.00 100.00 -1000 2.20 8.27 -5.74 -1000 35.07 1.64 133.675
car -1 -1 0.00 0.00 0.00 100.00 100.00 -1000 2.11 6.81 -2.05 -1000 25.77 1.88 131.593
car -1 -1 0.00 0.00 0.00 100.00 100.00 -1000 2.05 7.28 7.26 -1000 16.38 1.65 131.479
car -1 -1 0.00 0.00 0.00 100.00 100.00 -1000 2.03 6.51 1.21 -1000 44.67 1.63 127.083
car -1 -1 0.00 0.00 0.00 100.00 100.00 -1000 1.94 6.61 5.50 -1000 7.98 1.67 125.733
car -1 -1 0.00 0.00 0.00 100.00 100.00 -1000 2.23 7.93 -4.98 -1000 17.76 1.60 125.163
car -1 -1 0.00 0.00 0.00 100.00 100.00 -1000 1.52 4.20 -6.32 -1000 31.50 0.49 123.314
car -1 -1 0.00 0.00 0.00 100.00 100.00 -1000 2.01 6.28 11.25 -1000 33.51 1.60 123.183
car -1 -1 0.00 0.00 0.00 100.00 100.00 -1000 1.84 5.70 4.65 -1000 30.88 1.83 121.675
car -1 -1 0.00 0.00 0.00 100.00 100.00 -1000 1.53 4.20 9.86 -1000 29.18 0.32 118.601
car -1 -1 0.00 0.00 0.00 100.00 100.00 -1000 1.71 4.69 -12.20 -1000 16.50 1.68 115.633
car -1 -1 0.00 0.00 0.00 100.00 100.00 -1000 1.63 4.03 7.36 -1000 17.14 -0.23 114.474
car -1 -1 0.00 0.00 0.00 100.00 100.00 -1000 1.74 4.68 -5.42 -1000 24.21 1.76 113.788
car -1 -1 0.00 0.00 0.00 100.00 100.00 -1000 1.97 6.52 7.03 -1000 17.98 1.54 112.135
car -1 -1 0.00 0.00 0.00 100.00 100.00 -1000 1.83 6.11 -14.35 -1000 26.57 1.54 112.000
car -1 -1 0.00 0.00 0.00 100.00 100.00 -1000 1.94 5.83 6.72 -1000 11.35 1.71 111.980
car -1 -1 0.00 0.00 0.00 100.00 100.00 -1000 1.98 6.51 11.91 -1000 17.95 1.69 110.789
car -1 -1 0.00 0.00 0.00 100.00 100.00 -1000 3.30 15.94 -1.12 -1000 33.82 1.75 110.661
car -1 -1 0.00 0.00 0.00 100.00 100.00 -1000 2.29 8.24 -0.27 -1000 46.08 1.58 110.649
car -1 -1 0.00 0.00 0.00 100.00 100.00 -1000 1.53 4.00 12.94 -1000 28.73 0.20 109.120
car -1 -1 0.00 0.00 0.00 100.00 100.00 -1000 1.75 5.20 6.36 -1000 28.41 1.75 108.506
car -1 -1 0.00 0.00 0.00 100.00 100.00 -1000 2.50 9.41 3.03 -1000 33.40 1.70 107.654
car -1 -1 0.00 0.00 0.00 100.00 100.00 -1000 1.51 4.12 -13.45 -1000 46.75 -0.11 107.345
car -1 -1 0.00 0.00 0.00 100.00 100.00 -1000 2.05 6.87 6.74 -1000 10.25 1.63 107.102
car -1 -1 0.00 0.00 0.00 100.00 100.00 -1000 1.71 4.78 -3.82 -1000 31.15 -0.14 101.556
car -1 -1 0.00 0.00 0.00 100.00 100.00 -1000 2.43 9.69 7.40 -1000 34.42 1.56 100.857
car -1 -1 0.00 0.00 0.00 100.00 100.00 -1000 2.50 9.37 -1.77 -1000 32.32 1.80 100.437
car -1 -1 0.00 0.00 0.00 100.00 100.00 -1000 1.76 4.82 -1.99 -1000 36.52 1.74 98.524
car -1 -1 0.00 0.00 0.00 100.00 100.00 -1000 1.99 6.96 -5.56 -1000 35.94 1.68 98.341
car -1 -1 0.00 0.00 0.00 100.00 100.00 -1000 2.01 6.57 5.29 -1000 29.95 1.64 97.833
car -1 -1 0.00 0.00 0.00 100.00 100.00 -1000 2.22 7.56 -0.56 -1000 31.39 1.82 96.184
car -1 -1 0.00 0.00 0.00 100.00 100.00 -1000 2.24 7.80 9.62 -1000 32.77 1.69 94.302
car -1 -1 0.00 0.00 0.00 100.00 100.00 -1000 1.67 4.21 -5.30 -1000 44.94 1.51 93.291
car -1 -1 0.00 0.00 0.00 100.00 100.00 -1000 1.89 6.66 2.53 -1000 11.49 -0.13 91.604
car -1 -1 0.00 0.00 0.00 100.00 100.00 -1000 2.80 13.46 -2.63 -1000 28.79 1.71 89.543
car -1 -1 0.00 0.00 0.00 100.00 100.00 -1000 2.35 8.19 -2.86 -1000 40.32 1.63 87.331
car -1 -1 0.00 0.00 0.00 100.00 100.00 -1000 1.60 4.78 1.39 -1000 40.81 -0.10 85.593
car -1 -1 0.00 0.00 0.00 100.00 100.00 -1000 2.29 8.07 1.74 -1000 31.73 1.73 84.179
car -1 -1 0.00 0.00 0.00 100.00 100.00 -1000 1.90 4.94 -4.69 -1000 13.70 1.61 80.962
car -1 -1 0.00 0.00 0.00 100.00 100.00 -1000 1.85 5.44 12.76 -1000 19.05 1.64 77.533
car -1 -1 0.00 0.00 0.00 100.00 100.00 -1000 1.63 4.47 7.50 -1000 29.19 0.22 75.448
car -1 -1 0.00 0.00 0.00 100.00 100.00 -1000 2.29 7.87 -5.98 -1000 31.94 1.65 74.341
car -1 -1 0.00 0.00 0.00 100.00 100.00 -1000 2.21 7.39 0.01 -1000 37.66 1.76 71.595
car -1 -1 0.00 0.00 0.00 100.00 100.00 -1000 2.17 7.47 -5.36 -1000 18.81 1.57 71.337
car -1 -1 0.00 0.00 0.00 100.00 100.00 -1000 1.84 5.90 14.00 -1000 33.56 1.65 69.945
car -1 -1 0.00 0.00 0.00 100.00 100.00 -1000 1.90 6.30 -7.21 -1000 24.45 1.67 66.936
car -1 -1 0.00 0.00 0.00 100.00 100.00 -1000 2.36 8.75 -2.16 -1000 30.41 1.74 66.240
car -1 -1 0.00 0.00 0.00 100.00 100.00 -1000 1.92 5.97 -17.37 -1000 22.20 1.59 65.869
car -1 -1 0.00 0.00 0.00 100.00 100.00 -1000 3.00 14.77 4.57 -1000 46.92 1.65 65.510
car -1 -1 0.00 0.00 0.00 100.00 100.00 -1000 1.80 5.24 -12.00 -1000 15.61 1.80 65.349
car -1 -1 0.00 0.00 0.00 100.00 100.00 -1000 1.74 5.10 -1.82 -1000 42.43 1.51 65.282
car -1 -1 0.00 0.00 0.00 100.00 100.00 -1000 2.86 12.88 2.34 -1000 17.23 1.79 64.088
car -1 -1 0.00 0.00 0.00 100.00 100.00 -1000 2.14 7.13 9.34 -1000 29.61 1.69 59.524
car -1 -1 0.00 0.00 0.00 100.00 100.00 -1000 2.51 10.05 2.95 -1000 34.55 1.65 59.423
car -1 -1 0.00 0.00 0.00 100.00 100.00 -1000 2.44 9.09 1.04 -1000 43.74 1.69 59.074
car -1 -1 0.00 0.00 0.00 100.00 100.00 -1000 2.09 7.55 12.49 -1000 34.22 1.57 57.927
car -1 -1 0.00 0.00 0.00 100.00 100.00 -1000 1.92 6.70 -12.34 -1000 20.53 1.65 56.771
car -1 -1 0.00 0.00 0.00 100.00 100.00 -1000 2.36 8.38 1.41 -1000 36.25 1.66 56.201
car -1 -1 0.00 0.00 0.00 100.00 100.00 -1000 1.90 6.34 -18.17 -1000 36.71 1.52 55.844
car -1 -1 0.00 0.00 0.00 100.00 100.00 -1000 1.68 4.53 4.37 -1000 28.60 0.03 55.197
car -1 -1 0.00 0.00 0.00 100.00 100.00 -1000 1.96 6.51 12.90 -1000 27.73 1.68 55.126
car -1 -1 0.00 0.00 0.00 100.00 100.00 -1000 1.71 5.40 -5.74 -1000 12.87 1.63 54.320
car -1 -1 0.00 0.00 0.00 100.00 100.00 -1000 2.22 5.69 -3.82 -1000 14.55 1.86 54.240
car -1 -1 0.00 0.00 0.00 100.00 100.00 -1000 2.14 7.38 5.64 -1000 43.85 1.59 54.115
car -1 -1 0.00 0.00 0.00 100.00 100.00 -1000 2.15 7.43 -2.66 -1000 24.60 1.77 53.824
car -1 -1 0.00 0.00 0.00 100.00 100.00 -1000 2.13 7.74 -0.77 -1000 25.10 1.76 53.515
car -1 -1 0.00 0.00 0.00 100.00 100.00 -1000 2.61 11.77 9.31 -1000 31.76 1.62 53.373
car -1 -1 0.00 0.00 0.00 100.00 100.00 -1000 2.21 7.62 14.11 -1000 29.55 1.70 53.207
car -1 -1 0.00 0.00 0.00 100.00 100.00 -1000 2.82 12.90 6.28 -1000 12.83 1.70 52.380
