car -1 -1 0.00 0.00 0.00 100.00 100.00 -1000 1.70 4.13 3.13 -1000 30.61 1.57 999.463
car -1 -1 0.00 0.00 0.00 100.00 100.00 -1000 1.72 4.07 7.72 -1000 15.27 1.62 999.296
car -1 -1 0.00 0.00 0.00 100.00 100.00 -1000 1.71 4.14 3.23 -1000 8.04 1.65 999.261
car -1 -1 0.00 0.00 0.00 100.00 100.00 -1000 1.68 4.01 7.23 -1000 28.31 1.56 999.203
car -1 -1 0.00 0.00 0.00 100.00 100.00 -1000 1.65 3.94 7.29 -1000 14.52 -0.09 988.342
car -1 -1 0.00 0.00 0.00 100.00 100.00 -1000 1.62 3.80 2.78 -1000 29.76 -0.02 985.769
car -1 -1 0.00 0.00 0.00 100.00 100.00 -1000 1.64 3.87 2.89 -1000 7.21 -0.00 981.512
car -1 -1 0.00 0.00 0.00 100.00 100.00 -1000 1.64 4.00 7.41 -1000 27.46 -0.07 975.375
car -1 -1 0.00 0.00 0.00 100.00 100.00 -1000 1.90 5.37 4.07 -1000 8.90 1.73 972.226
car -1 -1 0.00 0.00 0.00 100.00 100.00 -1000 1.93 5.46 8.24 -1000 16.06 1.69 968.826
car -1 -1 0.00 0.00 0.00 100.00 100.00 -1000 1.90 5.40 6.88 -1000 29.01 1.60 934.058
car -1 -1 0.00 0.00 0.00 100.00 100.00 -1000 2.05 6.15 3.27 -1000 31.40 1.59 915.155
car -1 -1 0.00 0.00 0.00 100.00 100.00 -1000 1.70 4.53 4.64 -1000 30.40 1.77 887.258
car -1 -1 0.00 0.00 0.00 100.00 100.00 -1000 1.64 4.28 5.67 -1000 29.47 1.62 881.295
car -1 -1 0.00 0.00 0.00 100.00 100.00 -1000 2.47 9.01 9.61 -1000 17.21 1.68 835.752
car -1 -1 0.00 0.00 0.00 100.00 100.00 -1000 1.55 3.77 11.29 -1000 25.61 -0.07 828.948
car -1 -1 0.00 0.00 0.00 100.00 100.00 -1000 1.60 3.98 11.73 -1000 16.40 -0.28 754.439
car -1 -1 0.00 0.00 0.00 100.00 100.00 -1000 2.59 9.98 8.34 -1000 31.67 1.71 752.855
car -1 -1 0.00 0.00 0.00 100.00 100.00 -1000 1.63 3.98 10.60 -1000 26.86 1.67 745.179
car -1 -1 0.00 0.00 0.00 100.00 100.00 -1000 1.57 3.91 8.92 -1000 27.33 1.73 643.455
car -1 -1 0.00 0.00 0.00 100.00 100.00 -1000 1.52 3.97 1.44 -1000 30.15 0.14 636.179
car -1 -1 0.00 0.00 0.00 100.00 100.00 -1000 2.43 9.69 7.07 -1000 30.76 1.70 615.356
car -1 -1 0.00 0.00 0.00 100.00 100.00 -1000 2.99 14.11 4.39 -1000 33.64 1.73 592.216
car -1 -1 0.00 0.00 0.00 100.00 100.00 -1000 2.44 8.53 4.42 -1000 9.41 1.77 585.482
car -1 -1 0.00 0.00 0.00 100.00 100.00 -1000 2.63 9.84 8.15 -1000 29.14 1.82 539.098
car -1 -1 0.00 0.00 0.00 100.00 100.00 -1000 2.08 6.59 9.80 -1000 15.62 1.91 520.328
car -1 -1 0.00 0.00 0.00 100.00 100.00 -1000 1.49 3.36 4.64 -1000 28.84 1.63 491.836
car -1 -1 0.00 0.00 0.00 100.00 100.00 -1000 1.72 4.67 10.32 -1000 26.08 0.08 491.013
car -1 -1 0.00 0.00 0.00 100.00 100.00 -1000 2.56 9.82 7.00 -1000 18.58 1.72 489.634
car -1 -1 0.00 0.00 0.00 100.00 100.00 -1000 2.15 7.43 9.01 -1000 32.44 1.64 484.283
car -1 -1 0.00 0.00 0.00 100.00 100.00 -1000 1.96 5.70 11.92 -1000 17.25 1.71 481.713
car -1 -1 0.00 0.00 0.00 100.00 100.00 -1000 3.33 15.80 4.36 -1000 9.92 1.79 472.520
car -1 -1 0.00 0.00 0.00 100.00 100.00 -1000 2.15 7.05 2.64 -1000 32.38 1.59 412.295
car -1 -1 0.00 0.00 0.00 100.00 100.00 -1000 3.02 17.26 6.82 -1000 17.88 1.69 409.877
car -1 -1 0.00 0.00 0.00 100.00 100.00 -1000 2.78 14.02 5.82 -1000 34.70 1.72 406.246
car -1 -1 0.00 0.00 0.00 100.00 100.00 -1000 1.58 4.15 8.50 -1000 26.57 -0.05 383.770
car -1 -1 0.00 0.00 0.00 100.00 100.00 -1000 1.51 3.55 -19.68 -1000 37.28 -0.25 357.168
car -1 -1 0.00 0.00 0.00 100.00 100.00 -1000 1.90 5.73 4.66 -1000 7.53 -0.37 353.334
car -1 -1 0.00 0.00 0.00 100.00 100.00 -1000 1.89 5.48 8.75 -1000 28.04 1.82 346.684
car -1 -1 0.00 0.00 0.00 100.00 100.00 -1000 1.67 4.16 1.57 -1000 31.17 1.50 336.961
car -1 -1 0.00 0.00 0.00 100.00 100.00 -1000 1.72 4.44 18.35 -1000 38.71 1.52 300.935
car -1 -1 0.00 0.00 0.00 100.00 100.00 -1000 2.45 9.36 5.72 -1000 8.51 1.82 292.842
car -1 -1 0.00 0.00 0.00 100.00 100.00 -1000 1.61 4.14 13.33 -1000 25.28 -0.01 290.425
car -1 -1 0.00 0.00 0.00 100.00 100.00 -1000 1.61 4.44 8.47 -1000 13.72 1.68 278.291
car -1 -1 0.00 0.00 0.00 100.00 100.00 -1000 1.72 4.55 -18.73 -1000 37.83 1.76 277.447
car -1 -1 0.00 0.00 0.00 100.00 100.00 -1000 1.64 4.40 -10.19 -1000 44.89 -0.11 271.383
car -1 -1 0.00 0.00 0.00 100.00 100.00 -1000 2.71 10.25 4.14 -1000 10.96 1.74 258.700
car -1 -1 0.00 0.00 0.00 100.00 100.00 -1000 3.11 14.64 4.79 -1000 32.04 1.78 255.396
car -1 -1 0.00 0.00 0.00 100.00 100.00 -1000 1.99 6.20 11.76 -1000 31.93 1.77 217.333
car -1 -1 0.00 0.00 0.00 100.00 100.00 -1000 1.83 5.24 12.14 -1000 26.43 1.77 213.526
car -1 -1 0.00 0.00 0.00 100.00 100.00 -1000 1.74 4.96 -14.29 -1000 31.46 1.53 209.314
car -1 -1 0.00 0.00 0.00 100.00 100.00 -1000 1.68 4.93 5.61 -1000 15.10 0.12 205.910
car -1 -1 0.00 0.00 0.00 100.00 100.00 -1000 1.88 5.54 -10.19 -1000 45.61 1.65 205.844
car -1 -1 0.00 0.00 0.00 100.00 100.00 -1000 2.20 7.56 18.09 -1000 46.90 1.46 205.462
car -1 -1 0.00 0.00 0.00 100.00 100.00 -1000 2.35 8.52 7.87 -1000 9.45 1.76 200.358
car -1 -1 0.00 0.00 0.00 100.00 100.00 -1000 1.72 4.90 -14.48 -1000 23.47 1.65 199.186
car -1 -1 0.00 0.00 0.00 100.00 100.00 -1000 3.35 17.05 10.10 -1000 18.67 1.71 186.792
car -1 -1 0.00 0.00 0.00 100.00 100.00 -1000 2.22 7.27 1.85 -1000 33.30 1.55 172.223
car -1 -1 0.00 0.00 0.00 100.00 100.00 -1000 1.61 3.95 -12.06 -1000 44.54 -0.17 168.462
car -1 -1 0.00 0.00 0.00 100.00 100.00 -1000 1.94 5.72 9.82 -1000 14.68 1.83 159.799
car -1 -1 0.00 0.00 0.00 100.00 100.00 -1000 2.16 6.90 6.99 -1000 7.15 1.83 159.364
car -1 -1 0.00 0.00 0.00 100.00 100.00 -1000 2.09 6.98 10.53 -1000 27.22 1.69 157.348
car -1 -1 0.00 0.00 0.00 100.00 100.00 -1000 2.38 10.47 7.45 -1000 11.28 1.74 157.088
car -1 -1 0.00 0.00 0.00 100.00 100.00 -1000 1.75 5.07 0.02 -1000 41.52 1.49 153.115
car -1 -1 0.00 0.00 0.00 100.00 100.00 -1000 1.60 4.55 0.07 -1000 30.83 0.17 152.324
car -1 -1 0.00 0.00 0.00 100.00 100.00 -1000 1.75 5.03 4.72 -1000 6.40 1.69 149.487
car -1 -1 0.00 0.00 0.00 100.00 100.00 -1000 2.03 6.72 -7.50 -1000 46.30 1.53 149.323
car -1 -1 0.00 0.00 0.00 100.00 100.00 -1000 1.57 4.46 10.24 -1000 25.09 -0.10 143.820
car -1 -1 0.00 0.00 0.00 100.00 100.00 -1000 2.41 9.26 4.70 -1000 17.94 1.71 135.550
car -1 -1 0.00 0.00 0.00 100.00 100.00 -1000 2.08 6.61 -17.91 -1000 38.52 1.62 126.808
car -1 -1 0.00 0.00 0.00 100.00 100.00 -1000 2.26 8.02 6.43 -1000 16.80 1.76 125.482
car -1 -1 0.00 0.00 0.00 100.00 100.00 -1000 1.52 3.95 -16.64 -1000 46.48 0.43 124.806
car -1 -1 0.00 0.00 0.00 100.00 100.00 -1000 2.67 13.19 15.76 -1000 19.71 1.66 123.651
car -1 -1 0.00 0.00 0.00 100.00 100.00 -1000 1.77 5.28 12.50 -1000 15.76 -0.18 123.608
car -1 -1 0.00 0.00 0.00 100.00 100.00 -1000 1.94 6.15 -15.58 -1000 39.83 1.63 121.607
car -1 -1 0.00 0.00 0.00 100.00 100.00 -1000 2.37 9.24 13.23 -1000 17.82 1.58 121.195
car -1 -1 0.00 0.00 0.00 100.00 100.00 -1000 1.65 4.81 6.67 -1000 26.82 -0.24 117.976
car -1 -1 0.00 0.00 0.00 100.00 100.00 -1000 1.85 6.13 0.40 -1000 32.08 1.54 115.679
car -1 -1 0.00 0.00 0.00 100.00 100.00 -1000 2.16 7.82 13.99 -1000 32.69 1.54 114.352
car -1 -1 0.00 0.00 0.00 100.00 100.00 -1000 1.75 4.73 -8.64 -1000 45.26 -0.06 112.246
car -1 -1 0.00 0.00 0.00 100.00 100.00 -1000 2.23 8.04 8.06 -1000 8.10 1.72 105.257
car -1 -1 0.00 0.00 0.00 100.00 100.00 -1000 1.85 5.63 14.05 -1000 31.98 -0.01 105.185
car -1 -1 0.00 0.00 0.00 100.00 100.00 -1000 2.50 9.81 2.67 -1000 35.29 1.62 102.977
car -1 -1 0.00 0.00 0.00 100.00 100.00 -1000 2.40 9.38 10.83 -1000 31.10 1.72 102.545
car -1 -1 0.00 0.00 0.00 100.00 100.00 -1000 1.95 6.18 -12.13 -1000 45.14 1.50 100.099
car -1 -1 0.00 0.00 0.00 100.00 100.00 -1000 1.61 4.22 18.09 -1000 37.72 -0.01 94.431
car -1 -1 0.00 0.00 0.00 100.00 100.00 -1000 1.60 4.73 3.02 -1000 29.06 1.82 94.295
car -1 -1 0.00 0.00 0.00 100.00 100.00 -1000 1.91 5.78 13.65 -1000 25.92 1.61 92.404
car -1 -1 0.00 0.00 0.00 100.00 100.00 -1000 2.46 10.10 16.63 -1000 18.58 1.56 86.640
car -1 -1 0.00 0.00 0.00 100.00 100.00 -1000 2.18 8.44 -14.79 -1000 34.87 1.67 82.890
car -1 -1 0.00 0.00 0.00 100.00 100.00 -1000 1.62 4.11 -17.61 -1000 20.84 -0.04 79.803
car -1 -1 0.00 0.00 0.00 100.00 100.00 -1000 1.77 5.11 15.29 -1000 25.57 1.58 79.569
car -1 -1 0.00 0.00 0.00 100.00 100.00 -1000 1.99 6.14 18.46 -1000 44.54 1.46 79.431
car -1 -1 0.00 0.00 0.00 100.00 100.00 -1000 2.03 7.50 -15.10 -1000 37.45 1.53 79.194
car -1 -1 0.00 0.00 0.00 100.00 100.00 -1000 1.59 3.95 17.19 -1000 39.34 0.05 78.714
car -1 -1 0.00 0.00 0.00 100.00 100.00 -1000 2.33 9.03 1.33 -1000 34.24 1.58 77.891
car -1 -1 0.00 0.00 0.00 100.00 100.00 -1000 1.85 5.86 -19.20 -1000 36.50 1.82 77.847
car -1 -1 0.00 0.00 0.00 100.00 100.00 -1000 2.74 11.78 10.63 -1000 19.57 1.57 77.405
car -1 -1 0.00 0.00 0.00 100.00 100.00 -1000 2.23 7.79 11.62 -1000 14.08 1.81 76.761
car -1 -1 0.00 0.00 0.00 100.00 100.00 -1000 2.71 12.35 4.35 -1000 11.98 1.67 74.838
car -1 -1 0.00 0.00 0.00 100.00 100.00 -1000 1.97 6.19 -15.64 -1000 47.02 1.54 72.525
car -1 -1 0.00 0.00 0.00 100.00 100.00 -1000 1.93 6.18 -14.31 -1000 32.45 1.51 71.765
car -1 -1 0.00 0.00 0.00 100.00 100.00 -1000 2.02 6.66 -14.12 -1000 24.40 1.61 69.601
car -1 -1 0.00 0.00 0.00 100.00 100.00 -1000 2.11 7.59 5.06 -1000 16.10 1.69 68.746
car -1 -1 0.00 0.00 0.00 100.00 100.00 -1000 1.69 4.50 11.60 -1000 41.84 0.06 68.744
car -1 -1 0.00 0.00 0.00 100.00 100.00 -1000 1.68 4.46 17.71 -1000 43.37 0.04 67.300
car -1 -1 0.00 0.00 0.00 100.00 100.00 -1000 1.74 4.81 14.76 -1000 24.80 -0.13 65.030
car -1 -1 0.00 0.00 0.00 100.00 100.00 -1000 1.71 4.72 -15.28 -1000 22.83 -0.08 64.433
car -1 -1 0.00 0.00 0.00 100.00 100.00 -1000 1.63 4.00 7.14 -1000 47.38 0.07 64.191
car -1 -1 0.00 0.00 0.00 100.00 100.00 -1000 1.62 4.45 -17.38 -1000 45.76 0.25 63.055
car -1 -1 0.00 0.00 0.00 100.00 100.00 -1000 1.98 6.27 13.91 -1000 16.73 1.79 62.503
car -1 -1 0.00 0.00 0.00 100.00 100.00 -1000 1.99 6.65 -15.81 -1000 45.24 1.74 60.413
car -1 -1 0.00 0.00 0.00 100.00 100.00 -1000 2.11 7.44 -17.84 -1000 32.05 1.63 58.589
car -1 -1 0.00 0.00 0.00 100.00 100.00 -1000 2.56 9.95 9.60 -1000 28.18 1.74 57.952
car -1 -1 0.00 0.00 0.00 100.00 100.00 -1000 1.85 5.63 -2.64 -1000 10.18 1.39 57.909
car -1 -1 0.00 0.00 0.00 100.00 100.00 -1000 2.10 7.59 -14.46 -1000 40.53 1.74 57.807
car -1 -1 0.00 0.00 0.00 100.00 100.00 -1000 1.97 6.73 9.25 -1000 13.20 1.70 57.210
car -1 -1 0.00 0.00 0.00 100.00 100.00 -1000 2.10 7.33 -1.82 -1000 33.57 1.60 55.665
car -1 -1 0.00 0.00 0.00 100.00 100.00 -1000 1.78 5.71 18.38 -1000 45.45 1.42 55.264
car -1 -1 0.00 0.00 0.00 100.00 100.00 -1000 2.66 12.19 10.22 -1000 30.15 1.66 54.989
car -1 -1 0.00 0.00 0.00 100.00 100.00 -1000 1.87 6.00 -9.92 -1000 44.15 1.73 54.865
car -1 -1 0.00 0.00 0.00 100.00 100.00 -1000 2.25 8.69 -10.81 -1000 46.12 1.52 53.712
